0,1,2,3,4,5,6,7,8,9,10,11,12,13,14,15,16,17,18,19,20,21,22,23,24,25,26,27,28,29,30,31,32,33,34,35,36,37,38,39,40,41,42,43,44,45,46,47,48,49,50,51,52,53,54,55,56,57,58,59,60,61,62,63,64,65,66,67,68,69,70,71,72,73,74,75,76,77,78,79,80,81,82,83,84,85,86,87,88,89,90,91,92,93,94,95,96,97,98,99,100,101,102,103,104,105,106,107,108,109,110,111,112,113,114,115,116,117,118,119,120,121,122,123,124,125,126,127,128,129,130,131,132,133,134,135,136,137,138,139,140,141,142,143,144,145,146,147,148,149,150,151,152,153,154,155,156,157,158,159,160,161,162,163,164,165,166,167,168,169,170,171,172,173,174,175,176,177,178,179,180,181,182,183,184,185,186,187,188,189,190,191,192,193,194,195,196,197,198,199,200,201,202,203,204,205,206,207,208,209,210,211,212,213,214,215,216,217,218,219,220,221,222,223,224,225,226,227,228,229,230,231,232,233,234,235,236,237,238,239,240,241,242,243,244,245,246,247,248,249,250,251,252,253,254,255,256,257,258,259,260,261,262,263,264,265,266,267,268,269,270,271,272,273,274,275,276,277,278,279,280,281,282,283,284,285,286,287,288,289,290,291,292,293,294,295,296,297,298,299,300,301,302,303,304,305,306,307,308,309,310,311,312,313,314,315,316,317,318,319,320,321,322,323,324,325,326,327,328,329,330,331,332,333,334,335,336,337,338,339,340,341,342,343,344,345,346,347,348,349,350,351,352,353,354,355,356,357,358,359,360,361,362,363,364,365,366,367,368,369,370,371,372,373,374,375,376,377,378,379,380,381,382,383,384,385,386,387,388,389,390,391,392,393,394,395,396,397,398,399,400,401,402,403,404,405,406,407,408,409,410,411,412,413,414,415,416,417,418,419,420,421,422,423,424,425,426,427,428,429,430,431,432,433,434,435,436,437,438,439,440,441,442,443,444,445,446,447,448,449,450,451,452,453,454,455,456,457,458,459,460,461,462,463,464,465,466,467,468,469,470,471,472,473,474,475,476,477,478,479,480,481,482,483,484,485,486,487,488,489,490,491,492,493,494,495,496,497,498,499,500,501,502,503,504,505,506,507,508,509,510,511,512,513,514,515,516,517,518,519,520,521,522,523,524,525,526,527,528,529,530,531,532,533,534,535,536,537,538,539,540,541,542,543,544,545,546,547,548,549,550,551,552,553,554,555,556,557,558,559,560,561,562,563,564,565,566,567,568,569,570,571,572,573,574,575,576,577,578,579,580,581,582,583,584,585,586,587,588,589,590,591,592,593,594,595,596,597,598,599,600,601,602,603,604,605,606,607,608,609,610,611,612,613,614,615,616,617,618,619,620,621,622,623,624,625,626,627,628,629,630,631,632,633,634,635,636,637,638,639,640,641,642,643,644,645,646,647,648,649,650,651,652,653,654,655,656,657,658,659,660,661,662,663,664,665,666,667,668,669,670,671,672,673,674,675,676,677,678,679,680,681,682,683,684,685,686,687,688,689,690,691,692,693,694,695,696,697,698,699,700,701,702,703,704,705,706,707,708,709,710,711,712,713,714,715,716,717,718,719,720,721,722,723,724,725,726,727,728,729,730,731,732,733,734,735,736,737,738,739,740,741,742,743,744,745,746,747,748,749,750,751,752,753,754,755,756,757,758,759,760,761,762,763,764,765,766,767,768,769,770,771,772,773,774,775,776,777,778,779,780,781,782,783,784,785,786,787,788,789,790,791,792,793,794,795,796,797,798,799,800,801,802,803,804,805,806,807,808,809,810,811,812,813,814,815,816,817,818,819,820,821,822,823,824,825,826,827,828,829,830,831,832,833,834,835,836,837,838,839,840,841,842,843,844,845,846,847,848,849,850,851,852,853,854,855,856,857,858,859,860,861,862,863,864,865,866,867,868,869,870,871,872,873,874,875,876,877,878,879,880,881,882,883,884,885,886,887,888,889,890,891,892,893,894,895,896,897,898,899,900,901,902,903,904,905,906,907,908,909,910,911,912,913,914,915,916,917,918,919,920,921,922,923,924,925,926,927,928,929,930,931,932,933,934,935,936,937,938,939,940,941,942,943,944,945,946,947,948,949,950,951,952,953,954,955,956,957,958,959,960,961,962,963,964,965,966,967,968,969,970,971,972,973,974,975,976,977,978,979,980,981,982,983,984,985,seed,complex_param,EPH,corr
2,2,2,2,2,2,2,2,3,3,2,2,2,2,1,2,2,2,2,1,2,2,3,2,2,2,2,0,2,2,2,2,2,2,2,2,2,3,2,2,2,2,2,3.0,2,2,2,2,2,3,3,2,2,2,2,2,2,2,1,2,2,2,1,2,2,2,3,3,2,3,2,2,3,3,1,2,3,2,2,2,2,2,1,1,2,2,2,2,2,2,2,3,3,2,2,2,2,3,3,2,2,3,3,2,2,2,2,2,2,1,3,3,3,2,2,1,2,2,3,3,2,1,3,2,3,2,2,2,2,1,2,1,2,1,2,2,2,2,2,3,3,2,2,2,3,2,3,2,3,2,2,2,2,2,2,2,2,1,2,2,1,2,1,2,3,1,2,2,2,2,2,2,1,2,2,3,2,3,2,2,2,2,2,2,2,3,2,2,2,2,2,2,3,3,2,2,2,2,2,2,2,2,3,2,2,2,2,2,2,2,2,2,2,3,2,2,3,2,2,2,3,2,2,2,2,2,1,2,2,2,2,0,2,2,2,3,2,2,3,3,3,3,2,2,3,2,3,3,3,1,2,2,2,2,2,2,1,3,2,2,3,2,2,2,3,3,3,3,2,2,2,1,3,3,3,2,3,2,1,2,2,2,2,0,2,2,2,2,2,2,1,2,2,3,2,2,2,3,3,3,2,2,2,2,2,2,2,2,2,2,2,2,2,3,2,3,2,2,2,3,1,2,3,2,3,3,2,2,3,2,3,2,3,2,3,3,2,2,2,2,2,3,2,2,2,2,2,2,3,3,2,2,3,2,3,2,2,2,3,3,3,2,2,2,3,2,0,2,2,3,2,2,2,2,3,2,2,2,3,2,2,2,3,3,3,2,3,2,2,2,2,3,3,2,2,2,3,2,3.0,3,2,2,3,2,2,2,3,3,3,2,2,2,2,2,4.0,,4.0,2,2,2,2,2,2,2,2,2,2,2,3,3,2,2,3,2,2,3,0.0,1,1,3,2,2,3,2,3,2,3,3,2,,2,3,3,2,2,2,,2,2,2,2,3,2,,2,2,2,3,2,3,2,3,3,2,2,,3,3,2,4.0,2,2,0,2,2,3,2,3,3,2,2,3,2,2,1,2,3,3,2,3,3,3,3,3,2,3,2,3,3,2,3,3,2,2,3,2,3,3,2,3,2,2,3.0,3,,3,2,3,3,3,3,2,3,2,3,3,3,1,3,3,3,2,2,2,2,1,2,2,2,2,2,3,2,3,3,3,3,2,3,3,2,,2,2,3,3,3,3.0,2,2,3,3,2,3,3,3,2,2,,3,3,3,,2,3,2,3,2,2,2,2,3,1,2,,3,3,3,3,3,2,3,,3,,,2,3,3,3,2,2,3,4.0,2,3,4,3,3,,2,,3,3,3,,3,3,3,,,4.0,,3,,3,3,3,3,3,2,3,3,3.0,3,2,3,,3,3,2,2,3,,,2,2,3,3,3,2,3,,3,3,3,,3,4.0,,3,3,,2,4.0,3,2,3,3,3.0,,2,,2,3,3,2,3.0,0,3,3,3.0,,,2,2,3,3,0.0,3,3,4,2,3,,2,3,3,3,3,3,3,,3,2,0,3,3,2,3,2,4,3,,2,0,3,3,4.0,4.0,3,2,2,3,,3,2,3,3,,3,4.0,1,,4.0,4.0,,,3,3,3.0,3,3,4.0,,3,,,,2,3,3,4.0,,3.0,3,3,,3,3,4.0,,3,,3,2.0,3,,,3,3,3,3,,2,3,3,4.0,3,3,2,3,3,2,3,3.0,3,2,3,3,4.0,1,,2,2,,4.0,3,,3,2,,,2,3,,3,4.0,,,,3,3,,,4.0,3,,2,3,3,,3,4.0,,3,3,2,3,4.0,2,2,,,,,3,3,3,,3,3.0,,3,,3.0,3.0,,3,3,3.0,2,,2.0,2,,3,3,4.0,,3,,,2,,,3,3,,,,2,,,3.0,,3,3,2,2,3,,3,3,3,3,,,1,2,3,,3,3,4.0,3,3,3,3,,3,3,3,2,3,3,3,2,3,,3.0,,,,,3.0,4.0,,3,,2,2,3,3,3,3,3,3,3,,,,,,2,3,,,3,,,3,3,,,2,,3,,3.0,3,3,3,3.0,3,4,,3.0,3,,,3,3,,,,,,4.0,,,2,3,,,,0,3,1.1169632606199773,-0.6888725384108824
2,2,2,2,2,2,3,2,2,3,2,2,2,2,3,2,2,2,2,2,2,2,3,2,3,3,3,2,2,2,2,3,3,2,3,2,3,3,3,3,2,2,2,3.0,2,2,2,3,2,3,3,3,3,3,2,2,3,2,2,3,3,2,1,2,1,2,1,2,2,2,2,3,3,3,2,3,3,2,3,2,2,2,2,1,2,2,1,2,2,2,2,2,2,2,2,3,2,3,2,3,2,3,3,2,3,2,2,2,2,3,3,3,3,2,2,2,2,2,3,3,3,2,3,3,2,2,3,2,2,2,3,2,2,2,3,3,3,2,2,2,2,2,1,2,3,2,2,2,3,3,3,2,2,2,2,2,3,3,2,2,1,3,2,2,2,2,1,3,2,2,2,2,2,2,2,3,3,2,3,3,2,2,3,2,2,3,2,2,2,1,2,2,3,3,2,2,3,2,2,3,3,2,3,2,3,3,2,3,3,2,2,1,2,2,2,2,2,3,2,3,3,2,2,2,2,3,2,3,3,2,2,3,2,2,2,3,0,2,2,3,2,3,2,2,3,3,3,3,3,2,3,2,2,2,2,2,2,3,2,2,3,3,2,2,2,3,3,3,3,2,3,2,2,3,3,2,1,3,3,3,2,2,2,2,3,2,3,3,3,3,2,3,2,3,3,2,2,3,3,3,2,2,2,2,3,3,2,3,2,3,2,3,2,3,2,3,3,3,2,2,2,2,3,2,3,3,2,3,2,2,3,3,3,2,3,3,3,3,2,2,2,3,2,3,3,3,3,3,3,3,2,2,3,2,3,0,2,2,3,3,3,2,2,2,3,2,2,2,2,3,3,2,2,2,3,2,2,2,3,3,3,3,3,3,3,3,3,3,3,2,3,3,3,2,3,2,3,3,4.0,3,2,2,3,3,2,2,3,3,3,3,3,2,3,3,,,4.0,2,2,2,2,2,3,3,2,3,2,2,3,2,2,2,3,3,2,3,4.0,3,3,3,2,2,3,3,3,2,2,3,1,,2,3,3,2,2,3,,2,2,2,2,3,3,,3,3,2,2,3,3,3,3,3,2,2,,3,3,2,4.0,2,2,3,3,0,3,3,3,3,3,3,3,2,2,2,2,2,3,2,2,3,3,3,3,2,3,2,3,2,2,3,3,3,2,3,2,3,3,2,3,2,3,4.0,3,,2,3,3,3,0,3,2,3,1,3,3,2,3,3,3,3,2,3,3,3,3,2,3,3,2,3,2,3,3,3,3,3,3,3,2,0,,3,3,3,3,3,3.0,3,3,3,2,2,2,3,3,2,3,,3,3,2,,3,3,2,3,3,2,3,2,3,3,3,,3,3,3,3,3,2,3,,3,,0.0,3,3,3,3,2,3,3,4.0,2,3,3,3,3,2.0,3,4.0,3,3,3,,2,3,4,,,4.0,,3,,3,3,3,3,3,3,3,3,4.0,3,3,3,,3,3,2,3,3,3.0,,3,2,2,3,3,2,2,,3,3,3,,3,4.0,4.0,3,3,,3,4.0,3,3,3,3,,,2,,3,3,3,3,4.0,3,3,3,,,,3,3,3,3,4.0,3,3,3,3,3,,3,3,3,3,3,4,3,,3,2,4,3,3,2,3,3,3,2,0.0,3,3,4,4,,4.0,3,2,3,4,,3,3,3,3,,2,4.0,3,4.0,4.0,,,,3,3,4.0,3,3,3.0,,3,,,,3,3,3,3.0,,4.0,4,3,,4,2,,,3,,3,,4,,3.0,3,4,2,3,,3,3,3,4.0,3,3,3,3,3,2,3,4.0,3,3,4,0,4.0,2,,2,3,,4.0,3,,2,3,,,3,3,,3,4.0,4.0,,,3,3,,,4.0,3,,3,3,3,,3,3.0,,3,3,2,3,,2,3,,,,,3,3,3,,4,4.0,,3,,4.0,,,3,3,,3,,,3,,3,3,4.0,,3,,,3,,,3,2,,,4.0,3,4.0,,4.0,,3,3,3,3,3,,3,3,1,3,,,3,3,3,,3,2,4.0,3,3,3,3,,3,3,3,2,3,3,3,3,3,,3.0,,2.0,,,,4.0,,3,,3,2,3,3,3,3,3,3,3,,,,3.0,,2,3,,,3,,,3,3,0.0,0.0,3,,3,,4.0,3,3,3,,3,3,,4.0,3,,,3,3,,,,,,4.0,,,3,3,,,,1,3,1.0963916868545205,-0.6620955979910341
3,3,2,3,3,2,3,3,3,4,2,3,3,2,3,3,3,3,3,3,3,3,3,2,2,3,2,2,2,2,2,2,1,2,2,1,2,0,2,2,2,3,3,4.0,3,3,3,3,2,3,3,3,4,3,3,3,3,3,2,3,3,3,2,3,3,3,3,3,3,2,3,3,4,3,3,2,3,3,3,3,3,3,2,2,1,3,1,2,3,3,3,3,3,2,3,3,2,3,2,3,3,3,3,3,3,2,3,2,3,4,4,4,4,2,2,2,3,3,3,3,4,2,4,3,3,3,3,3,3,2,3,2,2,3,3,3,3,1,3,3,3,3,3,3,3,3,3,3,4,4,3,2,2,3,3,3,3,3,0,1,2,3,3,3,3,2,2,3,3,3,3,3,3,3,2,3,3,2,4,3,3,3,4,2,3,3,3,3,3,3,3,3,3,3,3,3,4,3,3,3,3,3,4,3,3,3,3,3,3,2,2,3,3,4,3,3,3,3,3,4,3,3,3,3,4,3,3,3,3,2,3,3,3,2,1,2,2,2,2,3,2,2,2,2,2,3,4,4,3,2,3,3,2,3,2,2,2,4,3,3,3,2,3,3,3,4,3,4,3,2,3,3,3,3,4,3,4,4,3,3,3,3,2,2,3,3,3,3,3,4,3,3,3,4,3,3,3,3,3,3,3,2,3,3,3,3,3,3,3,3,3,3,3,4,3,4,3,4,3,3,3,3,3,3,3,3,3,3,4,3,4,3,4,3,4,4,3,3,2,3,3,4,3,3,4,3,3,3,4,3,3,3,3,3,4,3,3,3,2,4,3,3,3,3,4,3,2,3,3,3,3,3,2,3,3,3,3,3,4,3,3,3,4,4,4,4,4,3,3,3,3,4,4,3,4,3,4,4,4.0,3,3,3,4,4,2,3,3,3,3,3,3,3,3,3,,,4.0,3,3,3,3,3,3,3,3,2,3,3,3,3,3,3,4,3,2,3,4.0,3,2,3,3,3,3,3,3,3,3,4,3,,3,4,4,3,3,3,,3,3,3,3,3,3,,3,4,3,2,3,4,3,3,4,3,3,,4,3,3,4.0,3,3,3,3,3,3,3,4,4,3,3,4,1,3,2,3,3,4,3,3,4,4,4,4,3,3,3,3,3,3,0,4,4,3,4,3,4,4,3,4,3,3,,4,,3,3,3,4,3,3,3,3,2,4,4,3,4,4,4,3,3,3,3,3,3,2,3,3,3,3,3,3,0,3,4,4,3,4,3,3,,3,3,3,4,4,4.0,3,3,4,3,3,3,4,4,3,3,,3,3,3,,4,4,3,3,3,3,2,3,3,3,3,,3,3,2,3,4,3,3,,3,,,3,4,3,3,3,3,4,,3,4,4,4,3,,3,,3,3,4,,4,4,4,,,,,4,,3,3,3,3,3,3,3,3,4.0,4,3,4,,3,4,2,3,4,,,3,3,3,0,3,3,3,,4,3,4,,4,4.0,,3,3,,3,,4,3,3,3,,,3,,3,3,3,4,4.0,3,4,4,,,,3,4,4,3,0.0,4,4,4,3,4,,4,4,4,4,3,3,4,3.0,3,3,4,3,4,3,4,4,4,3,,3,4,4,4,,,4,3,3,3,,4,3,3,3,,3,4.0,3,,4.0,4.0,,,4,3,4.0,3,3,4.0,,4,,,,4,3,4,4.0,,,4,4,,4,4,,,3,,4,,0,,,4,4,4,4,,4,3,4,4.0,4,4,3,3,3,3,3,4.0,3,3,4,3,4.0,3,,3,4,,,3,,3,4,,,3,3,,4,0.0,,,,3,4,,,4.0,3,,3,4,4,,4,,,3,4,3,3,,3,3,0.0,,,,4,4,4,,4,4.0,,4,,4.0,,,3,3,,3,,,3,,4,3,,,4,,,3,,,4,3,,,,3,,3.0,,,4,3,4,4,3,,4,4,4,3,,,4,4,3,,4,4,,3,3,2,2,4.0,4,3,2,3,4,4,4,3,4,,4.0,,,,,,4.0,,4,,3,3,4,4,3,3,4,4,4,,,,,,2,3,,,4,,,4,3,,,4,4.0,3,,4.0,4,3,3,,4,4,,4.0,3,,0.0,4,4,,,,,,4.0,,,4,4,,,,2,3,1.1120576671035391,-0.5906017124743934
2,2,1,1,1,1,1,2,2,3,2,1,2,1,2,2,2,2,2,2,2,2,3,2,3,2,3,2,2,2,2,2,3,2,3,2,2,3,2,2,2,2,2,3.0,2,2,2,2,3,3,3,1,2,2,2,2,2,2,0,1,3,2,1,1,2,1,2,2,2,2,2,3,3,3,2,3,3,2,2,2,2,2,1,1,2,2,1,2,2,2,2,2,2,2,2,2,2,2,2,2,2,2,2,2,3,2,2,1,2,3,3,3,3,2,2,2,2,2,2,3,3,1,3,2,2,2,2,2,1,2,2,2,2,2,2,2,3,2,1,2,2,2,1,2,3,2,2,2,3,2,2,2,2,2,2,2,3,2,2,2,1,2,2,2,2,2,2,2,2,2,2,2,2,2,2,2,3,2,3,2,2,3,3,2,2,3,2,2,2,2,2,2,2,0,1,2,2,0,2,1,2,2,3,2,2,2,0,1,2,2,2,1,2,2,2,2,2,2,2,3,3,2,2,2,3,2,2,3,2,3,2,2,2,2,2,3,2,2,2,2,2,3,2,2,2,2,3,3,3,2,3,2,1,2,2,2,2,3,2,3,3,2,2,2,2,2,0,3,3,0,2,2,2,2,3,2,3,3,2,2,2,2,2,2,2,2,2,3,2,3,2,2,2,3,2,2,2,3,2,3,2,2,2,2,2,1,2,3,2,3,2,3,2,3,2,3,2,3,2,3,2,2,2,2,2,2,1,2,3,2,3,3,2,2,3,2,2,2,2,2,2,3,2,2,3,2,2,3,3,2,2,2,2,2,3,2,2,2,2,2,2,2,2,2,3,2,2,2,2,3,3,1,2,2,3,2,2,2,3,2,3,3,3,3,3,3,3,3,3,2,2,3,3,2,3,2,3,2,3.0,3,2,2,3,3,2,2,2,3,1,0,2,2,2,2,,2.0,3.0,2,2,2,2,2,1,2,2,2,2,2,2,2,2,2,3,3,2,2,,3,2,3,2,2,3,2,3,2,2,2,2,,2,3,2,2,2,2,,2,2,2,3,2,2,,2,3,2,2,2,3,3,3,3,2,2,,3,3,2,,2,2,2,2,2,3,2,3,3,2,2,3,2,2,2,2,2,3,1,2,3,3,3,3,2,3,2,3,2,2,3,3,3,2,3,2,2,2,2,3,1,3,,3,,2,2,3,2,2,3,2,2,1,3,3,2,3,3,3,2,2,3,2,2,3,1,3,2,2,2,2,2,3,3,2,3,2,3,3,3,,2,2,2,3,3,3.0,2,3,3,2,2,2,3,3,2,3,,2,2,2,,2,3,2,2,3,2,2,2,3,1,2,,3,2,3,2,3,2,2,,2,,,3,2,3,2,2,2,3,,2,3,3,3,3,,3,,3,3,2,,3,3,3,,,,,2,,3,3,3,3,2,2,2,2,,2,2,3,,2,3,2,3,3,,,2,2,3,3,2,2,2,,3,3,3,,3,3.0,,3,3,,2,,3,1,3,3,,,2,,0,3,3,3,3.0,2,3,3,,,,3,3,3,2,,2,3,3,2,3,3.0,3,2,3,2,3,3,3,,3,2,3,3,3,2,3,3,2,2,,2,3,2,3,,3.0,3,2,2,3,,2,2,3,2,,2,0.0,3,,3.0,,,,3,3,,2,3,,3.0,3,,,,2,3,3,3.0,,,3,3,,1,3,3.0,,3,,3,,3,,,3,3,3,3,,3,1,2,3.0,3,3,2,3,3,1,3,3.0,2,3,3,2,3.0,1,,2,3,,,1,,2,3,,,2,3,,3,,,,,2,3,,,3.0,2,,3,3,2,,3,3.0,3.0,2,3,2,3,,1,3,,,,,2,3,3,,3,3.0,,3,,3.0,,,2,3,,2,,,3,,3,2,,,3,,,3,,,3,2,,,,2,,,,,3,2,3,2,3,,3,3,3,3,,,2,2,3,,2,3,,3,3,3,3,,3,3,3,2,3,3,3,2,3,,3.0,,,,,,3.0,,3,,2,2,3,3,3,3,2,3,3,,,,,,2,3,3.0,,3,,,2,2,,,2,,3,,3.0,3,2,3,,3,3,,,3,,,0,2,,,,,,,,,3,1,,,,3,3,1.0941680042803639,-0.6390076099902532
3,3,2,2,2,2,2,2,2,3,2,3,2,2,3,2,2,2,2,2,2,2,3,2,2,2,3,2,2,2,2,2,3,2,3,2,2,3,2,3,3,2,2,3.0,2,2,2,2,3,3,3,2,3,3,2,2,2,2,1,2,3,2,1,1,1,2,2,2,2,2,2,3,3,3,2,3,3,2,2,2,2,2,2,2,2,3,1,2,2,2,2,2,3,2,2,3,2,3,2,2,2,3,2,2,3,2,2,1,2,3,3,3,3,2,2,0,2,2,2,3,3,1,3,2,2,2,2,2,2,2,2,2,2,2,3,2,2,2,2,2,2,2,2,2,3,2,3,2,3,3,2,2,2,2,0,2,2,2,2,2,1,2,1,2,2,2,2,3,2,1,2,2,2,2,2,3,3,2,3,2,2,2,3,2,2,3,2,2,2,2,2,2,3,2,2,2,2,2,3,2,3,2,3,2,3,3,2,3,2,2,2,2,2,3,2,2,2,2,2,3,3,2,2,2,3,2,2,3,2,2,2,3,2,2,2,3,2,2,2,3,3,3,2,2,2,2,3,3,3,2,3,2,2,2,2,2,2,3,2,3,3,2,0,2,2,3,3,3,2,2,3,2,2,2,3,3,3,3,2,2,2,2,1,2,2,2,2,3,2,3,2,3,2,3,3,2,2,3,2,3,2,1,2,2,2,2,2,3,2,3,2,3,2,3,2,3,3,3,2,3,2,0,3,2,3,3,2,2,3,2,3,3,3,1,3,3,2,2,2,2,2,3,2,2,3,1,3,3,3,2,3,2,2,2,3,2,2,2,3,2,2,2,2,2,3,2,2,2,2,3,3,2,2,2,3,2,2,2,3,2,3,3,3,3,3,3,3,3,3,2,3,3,3,2,3,2,3,2,3.0,3,2,2,3,3,2,2,3,3,2,3,2,1,2,2,4.0,,3.0,2,2,2,2,2,2,2,2,3,2,2,2,2,2,3,3,3,2,3,4.0,3,2,3,2,2,3,3,2,2,2,2,2,,2,3,3,2,2,2,,2,2,2,2,3,2,,2,3,2,2,2,3,3,3,3,2,2,,3,3,2,4.0,2,2,2,2,2,3,2,3,3,2,2,3,2,2,2,2,3,3,2,3,3,3,3,3,2,3,2,3,2,2,3,2,3,2,3,3,3,3,2,3,2,3,4.0,3,,3,2,3,3,3,3,2,2,1,3,3,3,3,3,3,3,2,3,3,2,3,1,3,2,2,2,2,2,3,3,3,3,3,3,3,3,,3,3,3,3,3,4.0,3,3,0,3,2,3,3,3,2,3,,1,3,2,,3,3,2,3,3,2,3,2,2,3,3,,2,0,3,3,3,2,3,,3,,,3,3,3,3,2,2,3,4.0,2,3,3,3,3,,3,3.0,3,3,3,,2,3,4,,,4.0,,3,,3,3,3,3,2,2,3,3,4.0,3,3,3,,2,3,2,3,3,,,3,2,3,3,2,2,3,,3,2,3,,3,3.0,3.0,3,3,,2,3.0,3,2,3,2,,,2,,3,3,3,3,3.0,3,3,2,,,,3,3,2,2,4.0,3,3,3,2,3,,0,3,3,3,3,3,3,,3,2,3,3,3,2,3,3,3,0,,2,3,3,3,,4.0,3,2,2,3,3.0,3,3,2,3,,2,4.0,3,,3.0,,,,3,3,4.0,3,3,4.0,,3,,,,3,3,3,4.0,,4.0,3,3,,4,3,,,3,,3,0.0,4,,,3,4,3,3,3.0,3,2,3,4.0,3,3,2,2,3,1,3,4.0,3,2,4,2,3.0,2,,3,3,,4.0,2,,2,3,,,2,3,,3,4.0,,,,3,3,,,3.0,2,,3,3,3,,3,4.0,,3,3,2,3,,2,3,,4.0,,,3,3,3,,3,3.0,,3,,4.0,4.0,,2,3,,2,,,3,,3,3,4.0,,3,,,3,,,3,2,,3.0,,2,,,4.0,,3,2,3,3,3,4.0,3,3,3,2,,,3,3,3,,3,3,4.0,3,3,3,3,,3,3,3,1,3,3,3,3,3,,3.0,,,,,,4.0,,3,,3,2,3,3,3,2,3,3,3,,,,,,2,3,,,3,,0.0,3,2,,,3,,2,,3.0,4,3,3,,3,3,,4.0,2,,,3,3,,,,,,4.0,,,3,3,4.0,,,4,3,1.1040871934604908,-0.7020745751973785
3,3,3,3,3,2,3,3,3,3,2,2,2,3,2,3,2,2,2,2,2,2,3,3,3,3,3,3,2,2,2,3,3,3,3,2,2,3,3,3,3,2,2,4.0,1,2,2,3,3,3,3,3,3,3,3,3,3,3,3,3,3,3,2,2,2,2,3,3,1,3,3,3,3,3,2,3,3,3,2,2,2,2,2,2,2,3,2,2,3,3,3,3,3,2,3,3,3,3,3,3,3,3,3,3,3,2,2,1,3,3,3,4,3,2,2,2,2,3,3,3,3,2,3,2,2,3,3,3,2,2,3,2,3,0,3,3,3,3,3,3,3,3,2,3,3,3,3,3,3,3,3,3,3,3,2,2,3,3,3,3,2,2,2,3,3,2,2,3,2,1,2,3,2,2,3,4,0,3,2,2,2,2,3,2,2,3,3,2,3,3,3,3,4,3,3,3,3,3,3,3,3,2,3,3,3,3,2,2,3,2,2,2,2,3,2,2,3,3,2,3,3,2,2,2,3,3,1,3,3,3,3,1,2,3,3,3,3,3,3,4,3,3,3,3,3,3,4,3,3,2,3,3,2,3,2,2,2,3,3,3,3,3,3,2,3,3,3,3,1,3,3,3,3,3,3,3,3,3,3,3,2,3,2,2,2,2,3,3,3,3,2,3,2,3,3,3,3,3,3,3,0,2,3,2,3,3,2,2,3,2,3,3,3,2,2,3,3,3,2,3,3,3,3,3,3,3,3,3,3,2,3,3,4,2,4,3,2,2,3,3,2,3,2,2,3,3,3,3,4,3,3,2,3,3,4,2,3,3,3,3,3,3,2,2,3,2,2,2,3,3,3,2,3,3,3,3,3,3,3,3,3,3,4,4,3,3,4,3,3,3,3,4,3,3,3,3,4,3,4.0,3,2,2,3,3,3,2,3,3,3,3,3,3,3,3,,,4.0,2,3,1,2,3,3,3,2,3,2,2,3,3,3,3,3,3,2,3,4.0,3,2,4,2,3,3,3,3,2,3,3,3,,2,4,3,3,3,3,,3,3,2,2,3,3,,3,3,3,3,3,3,3,3,3,2,2,,4,4,3,4.0,3,3,2,3,3,3,2,4,4,2,2,3,3,2,2,2,3,3,3,3,4,3,3,4,3,4,3,3,3,2,3,3,3,2,4,3,4,4,1,2,3,3,4.0,3,,3,2,3,3,3,3,1,3,2,3,3,3,3,4,3,3,3,2,3,3,3,2,3,3,2,2,3,3,3,3,3,3,3,4,3,3,,3,3,3,3,4,4.0,3,3,3,3,3,2,3,3,2,2,,4,2,3,,4,3,3,3,0,3,3,3,3,3,3,,3,3,3,3,3,3,3,,3,,,3,3,3,3,3,3,4,,3,4,4,4,4,,3,,3,3,3,,3,4,4,0.0,,4.0,,3,,4,2,3,3,3,2,3,3,4.0,4,3,3,,3,3,3,3,3,,,3,3,3,3,3,3,3,,4,3,3,,4,4.0,,3,3,,1,4.0,0,3,3,3,,,3,,3,3,3,3,4.0,3,4,3,,2.0,3.0,3,3,3,3,4.0,3,4,4,3,3,,3,4,3,4,4,4,3,3.0,3,3,4,3,4,3,3,3,4,3,,3,3,4,4,,,3,3,3,3,,3,3,3,3,0.0,3,4.0,3,,4.0,,,,3,3,4.0,3,3,4.0,0.0,3,,,,3,3,4,4.0,,4.0,4,3,,4,3,3.0,,3,,3,,4,,,3,3,3,4,,3,3,4,4.0,4,3,3,3,3,2,3,4.0,3,3,4,3,4.0,2,,3,4,,4.0,3,,2,4,,,3,3,,3,4.0,,,,3,2,,,4.0,3,,3,0,3,,3,4.0,,3,3,3,3,,3,3,,,,,4,4,4,,3,4.0,,3,,4.0,,,3,4,,3,,,3,,3,4,4.0,,3,,,2,,,3,2,,,,3,,,4.0,,3,3,3,3,3,,4,4,4,3,,,3,3,3,,4,3,4.0,3,3,3,4,,4,4,3,2,4,3,4,3,4,,4.0,,,,,,4.0,,4,,3,3,4,3,3,0,4,3,4,,,,,4.0,3,4,,,4,,,3,3,,,3,,3,,4.0,4,3,3,,3,4,,4.0,3,,,3,4,,,,,,4.0,,,3,4,,,4.0,5,3,1.1095018104632293,-0.644602189035301
2,2,2,2,2,2,2,3,3,3,2,3,2,2,2,3,3,0,1,2,3,2,3,2,3,3,3,3,2,2,2,3,3,3,3,2,3,3,3,3,3,2,2,3.0,2,3,2,3,3,3,3,2,3,3,2,0,2,2,2,2,3,3,2,1,3,2,2,3,2,3,3,3,3,3,2,3,3,3,2,2,2,2,2,2,2,2,2,2,2,2,3,3,3,3,3,3,2,3,3,3,3,3,3,2,3,2,2,2,3,3,3,3,3,2,2,2,2,2,3,3,2,1,3,3,3,3,3,3,2,2,3,2,2,2,3,3,3,2,2,3,3,2,2,2,3,2,2,2,3,3,3,3,3,2,2,3,3,3,2,3,1,2,2,2,3,2,2,3,3,2,2,3,3,2,2,3,3,2,3,3,2,3,3,2,2,3,3,2,3,2,2,3,3,2,2,2,3,3,3,2,3,2,3,3,3,3,3,3,2,2,2,2,2,2,3,2,2,2,2,2,3,2,2,2,3,2,1,3,2,3,3,3,0,2,2,3,2,3,3,3,3,3,3,3,3,3,3,3,3,2,3,3,1,3,2,2,2,3,3,3,3,3,3,2,2,3,3,3,3,2,3,2,2,3,3,2,3,3,2,3,2,2,2,2,3,2,2,2,2,3,3,3,3,3,3,3,2,3,3,3,2,2,3,2,3,2,3,2,2,2,1,3,2,2,2,3,2,2,3,3,3,3,3,3,3,3,2,3,3,2,4,3,3,2,3,4,3,3,2,3,2,3,3,3,4,3,3,3,4,3,3,3,3,3,4,2,3,3,1,3,3,3,2,2,3,2,2,2,2,3,3,2,3,3,3,3,3,3,3,3,3,3,4,4,3,3,4,3,3,3,3,3,3,2,3,2,3,3,4.0,3,3,2,3,3,2,2,3,3,2,3,3,2,2,3,4.0,,4.0,3,3,2,2,3,3,3,2,2,2,2,3,3,3,3,0,3,2,3,4.0,3,3,3,2,2,3,3,3,3,3,3,3,,3,3,3,3,3,3,,3,3,2,3,3,3,,3,3,3,3,3,3,3,3,4,1,2,,3,3,3,4.0,2,2,2,2,3,3,2,3,3,3,2,3,3,2,2,2,3,3,2,3,3,2,3,3,3,3,2,4,3,3,3,3,3,3,3,3,3,3,2,3,2,3,4.0,3,,3,2,3,3,3,3,3,3,2,4,3,2,3,3,3,3,3,3,3,3,3,2,3,3,3,2,3,2,3,3,3,3,3,3,3,3,,3,3,3,3,3,4.0,3,3,3,3,3,3,0,4,3,3,,3,3,3,,4,3,3,3,3,3,3,3,3,3,3,,3,3,3,3,3,2,3,,3,,,3,3,3,3,2,3,3,4.0,2,3,4,4,3,,3,,3,3,3,,3,4,3,,,4.0,,3,,0,3,3,3,3,2,3,3,4.0,3,3,3,,3,3,2,3,4,,,3,3,3,3,2,3,3,,3,3,3,,3,4.0,4.0,3,3,,3,4.0,3,2,3,3,,,3,,3,3,3,0,3.0,3,3,3,,,,3,3,3,3,4.0,3,3,4,3,4,,3,3,3,3,4,4,3,,3,2,3,3,3,3,3,3,4,3,3.0,2,3,3,4,,4.0,3,2,3,4,,3,3,3,3,,3,4.0,3,,4.0,,,,3,3,4.0,1,3,4.0,4.0,3,,,,3,3,3,4.0,,4.0,4,3,,4,2,,,3,,3,,4,,,4,4,3,3,,3,0,3,0.0,3,3,2,3,3,2,3,4.0,3,3,4,3,4.0,2,,3,3,,4.0,2,,3,4,,,2,3,,3,4.0,,,4.0,3,4,,,3.0,3,,3,4,3,,4,,,3,4,2,3,,2,3,,,,,3,3,3,,4,3.0,,3,,3.0,,,3,4,,2,,,3,,4,3,,,4,,,3,,,4,3,,,,3,,,,,3,3,4,3,3,,3,4,3,3,,,3,3,3,,3,3,4.0,3,3,3,3,,4,3,3,2,3,4,4,3,4,3.0,4.0,,,,,,4.0,,4,,3,3,3,4,3,3,4,0,3,,,,,,2,4,,,4,,,3,2,,,3,,3,,3.0,3,3,3,,3,3,,4.0,3,,,3,3,,,,,4.0,4.0,,,3,3,,,,6,3,1.1186966640806832,-0.6677199407203985
3,3,2,2,2,1,1,2,2,3,2,2,2,1,2,2,2,2,2,2,2,2,3,1,0,0,1,2,1,1,2,2,2,2,2,2,1,2,1,2,1,2,2,3.0,2,2,2,1,2,3,3,2,3,2,2,2,2,2,2,2,3,2,1,2,2,2,3,2,2,2,2,3,3,3,2,2,2,2,2,2,2,2,2,2,1,3,1,2,2,2,2,2,2,2,1,2,1,3,2,2,2,3,3,3,3,2,2,1,2,3,3,3,2,0,2,2,2,2,2,2,3,2,3,2,3,2,2,2,2,1,2,2,2,2,2,2,2,2,2,2,2,2,2,2,3,2,2,2,3,2,2,2,2,2,2,2,3,2,2,2,1,2,2,2,1,2,2,2,2,2,2,2,2,2,2,3,2,2,3,2,2,2,3,1,2,3,2,2,2,2,2,2,3,3,2,2,2,2,2,2,2,2,3,2,0,2,2,2,3,2,2,2,2,2,2,2,2,3,2,3,2,2,2,2,3,2,2,3,2,2,2,2,2,2,2,2,2,0,2,2,3,3,2,2,2,2,3,3,3,2,2,2,2,2,2,2,2,3,2,3,3,2,2,2,2,2,2,3,2,2,0,2,2,2,3,2,3,3,2,2,1,2,2,2,2,0,2,3,3,3,2,2,2,3,2,2,2,3,2,3,2,1,2,2,2,2,2,3,2,3,2,3,2,3,2,3,3,3,2,2,2,2,2,2,1,2,2,2,3,2,2,3,3,2,2,3,2,2,2,1,2,3,2,2,3,3,2,2,3,2,2,2,3,2,3,2,2,2,3,3,3,2,2,2,3,2,2,2,2,3,2,2,2,2,3,2,3,2,3,2,3,3,3,3,3,3,3,3,2,2,3,3,3,2,3,2,3,3,3.0,2,2,2,3,2,2,2,2,3,2,2,2,2,2,2,,,3.0,2,2,2,2,2,2,2,2,2,1,2,2,2,2,3,3,2,2,2,3.0,2,2,3,1,0,2,2,2,2,2,2,2,,2,3,3,2,2,1,,2,2,2,2,3,3,,2,3,2,2,3,3,2,2,3,1,2,,3,3,2,4.0,2,2,2,2,2,2,1,3,3,2,2,3,2,2,1,2,3,3,2,2,3,3,3,3,2,3,2,3,2,2,2,3,3,3,3,2,3,3,2,3,2,3,4.0,3,,3,2,2,3,2,3,2,3,1,3,3,3,3,3,3,3,2,2,2,2,2,2,2,2,2,2,2,2,3,3,3,3,2,3,3,2,,2,2,3,3,2,3.0,2,3,3,2,2,2,3,3,2,3,,2,2,2,,3,3,2,3,2,3,2,2,2,2,3,,3,2,3,3,3,2,2,,3,,,3,1,3,3,2,3,3,4.0,3,3,3,3,3,,2,,2,2,3,,2,3,4,3.0,,4.0,,3,,3,3,3,3,3,3,3,3,4.0,3,3,3,,3,3,2,2,3,,,2,2,3,3,3,2,2,,4,3,3,,3,3.0,,3,3,,2,3.0,3,2,3,3,,,2,,3,3,2,3,4.0,3,3,3,,,,3,2,3,2,4.0,3,3,3,2,3,2.0,3,3,3,2,3,3,3,,1,2,3,3,3,2,3,3,2,2,,2,3,3,3,,4.0,3,2,2,3,,3,3,3,2,,2,4.0,3,,3.0,,,2.0,3,3,4.0,3,3,4.0,,3,,1.0,,2,3,3,3.0,,4.0,3,3,,3,3,,,3,,3,,3,,3.0,3,3,3,3,4.0,3,3,3,4.0,3,3,2,3,2,2,2,3.0,3,2,3,2,3.0,2,,2,3,,4.0,3,,2,3,,,3,3,,3,4.0,2.0,3.0,,2,3,4.0,,3.0,3,,2,3,3,,3,4.0,,3,3,2,3,,2,3,,,,,3,3,3,,3,3.0,,3,3.0,3.0,,,0,3,,3,,,3,,3,3,4.0,,3,,,3,,,3,2,,,,2,,,4.0,,3,3,3,3,2,,3,3,3,2,3.0,,2,2,2,,3,3,4.0,3,2,3,3,,3,3,3,2,3,3,3,2,3,,3.0,,0.0,,,4.0,3.0,,3,,2,2,3,3,2,3,3,3,3,,,,,,2,2,,,3,,,3,2,,,3,,2,4.0,3.0,4,3,2,,3,4,,3.0,3,,,3,3,,,,,,3.0,,,3,3,,,,7,3,1.1071226681741098,-0.6931964022527747
3,3,2,2,2,2,2,3,3,4,3,3,3,2,3,2,3,2,3,3,3,2,3,3,3,3,3,3,2,3,2,3,3,3,3,3,3,3,3,3,3,3,3,4.0,2,2,2,3,3,3,3,3,3,3,2,2,2,2,2,1,2,2,2,2,2,3,2,3,3,3,3,3,3,3,3,3,3,3,0,3,2,2,2,2,2,3,3,2,2,2,2,3,3,3,3,3,2,3,3,3,3,3,3,2,2,2,2,2,3,3,3,3,3,3,2,2,3,2,3,3,3,2,3,3,3,3,2,3,2,2,3,2,2,3,3,2,3,2,2,3,3,3,1,3,3,2,3,3,3,3,2,3,2,2,2,3,3,3,3,2,1,3,3,2,3,3,2,3,3,2,3,3,3,3,2,3,3,3,3,3,3,2,3,2,3,3,3,3,3,3,3,2,3,2,2,2,3,2,3,3,3,3,4,3,3,3,3,3,3,2,2,1,2,3,2,3,3,3,3,3,3,3,3,3,3,3,3,3,3,3,3,3,3,2,3,3,2,3,3,3,3,3,3,3,3,3,4,4,3,2,2,3,1,3,2,2,2,3,2,3,4,3,3,2,3,4,3,4,3,2,3,2,3,2,3,3,4,3,3,3,2,2,2,2,3,2,0,3,3,4,3,3,3,3,3,2,2,4,3,3,2,2,2,1,2,2,3,3,2,3,3,3,3,4,3,4,3,3,3,3,2,2,3,3,3,3,3,3,3,2,4,3,4,2,3,3,3,3,2,3,2,3,3,3,4,3,2,3,4,3,3,3,3,3,4,2,2,3,3,3,3,3,3,3,3,3,2,2,0,2,3,2,3,3,3,2,2,2,3,1,3,3,3,3,3,3,3,3,3,2,3,3,3,2,2,2,3,2,3.0,3,3,3,3,4,2,2,3,3,2,3,3,2,2,3,,,4.0,3,3,2,3,3,3,3,2,3,3,2,3,3,3,3,4,3,2,3,4.0,3,3,3,3,3,3,3,3,3,3,3,3,,2,4,3,3,3,3,,3,3,3,2,3,3,,3,3,3,3,3,3,3,3,3,3,3,,3,3,3,4.0,2,2,3,3,3,3,2,4,4,3,3,3,3,3,2,3,2,3,3,3,4,4,4,4,3,4,3,4,3,3,4,3,4,2,3,3,3,3,3,3,2,3,,4,,4,3,3,3,3,4,3,3,2,4,4,3,3,4,3,4,3,3,3,3,3,3,3,3,3,3,3,2,4,3,3,4,3,4,3,3,,3,3,3,4,4,4.0,3,3,4,0,3,3,4,4,3,3,,3,3,3,,4,3,3,3,3,3,3,3,3,3,3,,3,3,4,3,4,3,3,,3,,,3,4,0,2,2,3,4,,3,4,4,4,3,,3,,3,3,3,,3,3,4,0.0,,4.0,,1,,4,3,4,3,3,3,3,3,4.0,3,3,3,,3,3,3,3,3,,4.0,3,3,3,3,3,3,3,,4,3,2,,4,4.0,,4,3,,3,4.0,3,2,3,3,,,3,4.0,3,3,3,4,4.0,3,3,4,,,,3,4,4,3,4.0,4,4,4,3,4,,3,3,3,4,0,4,4,,3,3,4,3,4,3,4,3,4,3,,2,4,4,3,,4.0,4,3,3,4,,4,3,4,3,,3,4.0,3,,3.0,,,,3,4,4.0,3,3,4.0,,3,,,,4,3,4,4.0,4.0,4.0,4,3,,4,3,,,3,,4,,4,,,4,4,4,4,,3,3,4,4.0,3,3,2,3,3,2,3,4.0,3,3,4,3,4.0,3,0.0,3,4,4.0,,2,,3,4,,,2,3,,4,,,3.0,,3,3,,,4.0,2,,3,4,3,,3,4.0,,3,4,3,3,,2,3,,,,,3,3,3,,3,4.0,,3,,4.0,,,3,4,,2,,,4,,4,3,,,3,,,3,,,4,2,,,,3,,,,0.0,4,3,4,3,3,,4,4,3,3,,,4,3,3,,3,3,,2,3,3,3,0.0,4,3,3,2,3,4,4,4,4,,4.0,,,,,,4.0,,3,,2,3,4,4,3,3,4,4,4,,,,,,2,4,,,4,,,4,3,,,4,,3,,4.0,4,3,3,,4,3,3.0,4.0,3,,,3,3,,,,,4.0,4.0,,,4,3,,,,8,3,1.1028261418117593,-0.6187598617179741
3,3,0,2,2,2,2,3,3,3,2,3,3,2,3,2,2,2,2,2,3,2,3,3,3,3,3,3,2,3,3,3,3,3,3,3,3,3,3,3,3,3,2,3.0,2,3,2,3,2,3,3,3,3,3,2,2,2,1,2,2,3,2,2,2,1,3,2,3,2,2,3,3,3,3,3,3,3,3,3,3,2,2,2,2,2,3,2,2,2,2,3,2,2,3,3,3,1,3,3,3,3,3,2,2,2,2,2,2,2,3,3,3,3,2,2,2,2,3,3,3,3,2,3,3,3,3,2,3,2,2,3,2,2,2,3,3,3,2,2,3,2,2,2,3,3,2,2,3,3,2,3,3,3,3,3,3,1,1,2,3,1,2,2,2,2,2,2,3,2,2,2,3,3,2,1,3,3,2,3,2,2,2,3,2,2,3,3,2,2,2,2,2,3,2,2,2,3,2,3,3,3,3,4,3,3,3,3,3,2,2,2,2,2,3,3,2,3,3,3,3,3,2,3,3,3,3,3,3,3,3,3,3,2,2,2,3,2,2,2,3,3,3,2,2,3,2,3,3,3,2,2,3,1,3,3,3,3,3,3,3,3,3,3,2,3,3,3,3,2,2,2,2,3,3,2,3,4,3,2,3,2,2,2,2,2,2,2,3,2,4,2,3,2,3,3,3,2,3,3,3,2,3,2,2,2,2,2,3,2,3,3,3,3,3,3,4,3,3,2,3,2,2,3,2,3,2,2,3,3,2,4,3,3,2,3,3,3,3,2,3,2,3,2,3,0,2,3,3,3,2,3,3,3,2,3,3,2,3,3,3,3,3,2,3,3,2,3,2,3,2,3,2,3,3,3,2,2,2,3,2,3,2,3,3,3,3,3,3,3,2,3,3,3,3,3,2,3,2,3.0,3,2,3,3,3,2,1,2,3,2,3,3,2,2,3,4.0,,4.0,2,3,2,3,3,2,3,2,3,3,2,3,3,3,3,3,3,2,3,4.0,3,2,3,3,3,3,3,3,3,3,3,3,,3,0,3,2,3,3,,3,3,3,2,3,3,,3,3,2,3,3,3,3,2,3,3,2,,3,3,3,4.0,2,2,3,3,3,3,3,3,3,2,3,3,2,2,2,2,2,3,2,3,3,3,3,3,3,3,2,4,3,2,3,3,4,3,3,3,3,3,3,3,2,3,4.0,1,,3,3,3,3,3,3,3,3,2,4,3,3,3,3,4,3,3,3,3,3,3,3,3,3,0,3,2,2,3,3,3,3,3,4,3,3,,3,3,1,4,4,4.0,3,3,4,3,3,3,4,3,3,3,,3,3,3,,4,3,3,3,3,3,3,3,3,3,3,,4,3,3,3,3,0,3,,3,,,3,3,4,2,2,3,3,4.0,3,4,4,3,3,,3,,3,3,3,,3,3,4,,,4.0,,3,,3,2,3,3,3,3,3,3,4.0,3,3,3,,3,3,3,3,3,,,3,3,1,3,2,3,3,,4,3,3,,3,4.0,,1,3,,3,4.0,3,2,2,3,,,3,,3,3,3,4,3.0,3,3,3,,,,3,3,3,3,4.0,3,4,3,3,3,,3,3,3,3,4,4,3,,3,3,4,3,3,3,3,3,3,3,,2,3,4,3,,4.0,3,2,2,4,4.0,4,3,3,3,,3,4.0,3,4.0,4.0,,,4.0,3,3,4.0,3,3,4.0,,3,0.0,,,3,3,4,4.0,,4.0,4,3,,4,3,,,3,4.0,4,,4,0.0,3.0,2,4,3,2,,4,3,3,4.0,3,3,2,3,3,2,3,4.0,2,3,4,3,4.0,3,,3,4,,4.0,2,,2,0,,,2,3,,4,0.0,,,,3,4,,,4.0,2,,2,4,3,,3,4.0,,3,4,3,3,,2,3,,,,,1,3,3,,3,4.0,,3,,4.0,,,3,4,,2,,,3,,4,3,,,3,,4.0,3,,,3,2,,,,3,,,4.0,,4,3,3,3,3,,4,4,3,3,,,3,2,3,,3,3,4.0,0,3,3,3,,3,3,3,3,3,3,4,3,3,,4.0,,,,4.0,,4.0,,3,,2,3,4,3,3,3,4,3,4,,,3.0,,4.0,3,4,,,4,,,4,3,,,3,,3,,4.0,4,3,3,4.0,3,4,,4.0,3,,,3,3,,,,,,4.0,,,3,3,,,,9,3,1.1165243596182828,-0.6288033307458613
2,3,2,3,2,2,3,2,2,3,2,1,2,2,3,3,3,2,2,2,2,2,3,2,3,3,3,3,2,2,2,3,3,3,3,2,3,3,3,3,2,3,2,3.0,2,3,3,3,3,3,3,3,3,3,3,2,3,3,2,3,3,3,2,2,2,2,3,2,2,2,3,3,3,2,2,3,3,3,3,3,3,2,2,2,2,2,1,2,3,3,2,3,2,3,3,3,3,3,3,3,3,3,3,3,3,2,2,2,3,3,3,4,3,3,2,2,3,2,3,3,3,2,4,3,3,3,3,3,2,2,3,2,2,2,3,3,3,3,3,3,3,2,2,3,3,2,3,2,3,3,3,3,2,2,2,2,3,3,1,2,1,2,3,1,3,2,2,3,3,2,2,3,3,2,3,3,3,2,3,3,2,3,3,2,2,4,3,2,2,2,2,3,3,3,3,3,3,3,3,3,3,2,4,3,3,3,3,3,3,2,2,2,2,2,3,2,3,3,2,3,3,2,2,0,2,2,2,3,2,2,2,3,2,2,2,3,2,2,2,2,0,1,2,2,2,3,3,2,3,2,3,3,2,3,3,3,2,3,3,3,3,3,3,3,2,2,2,3,2,3,3,3,3,3,3,3,4,3,3,3,2,2,2,2,3,2,3,3,3,4,2,3,3,2,3,3,3,3,3,3,2,3,3,3,2,3,2,3,3,1,2,2,2,2,2,3,2,2,3,3,3,2,3,3,3,3,2,3,3,2,3,3,2,2,4,4,3,3,3,3,3,3,3,3,3,3,2,3,4,3,3,3,3,3,4,3,3,3,2,2,3,2,2,3,3,2,1,3,2,3,3,3,3,2,3,3,3,2,3,2,3,3,3,4,3,3,3,3,3,3,3,3,3,2,3,3,3,3,4.0,3,2,3,3,3,2,3,2,2,3,2,3,3,3,3,,,4.0,3,3,3,3,2,3,3,2,3,3,3,3,3,2,3,4,3,2,2,4.0,3,3,4,2,2,3,3,3,2,3,3,3,,3,3,2,3,3,3,,3,2,2,3,3,3,0.0,3,3,2,3,3,3,3,3,4,2,2,,3,3,3,4.0,2,3,3,3,3,3,3,3,3,3,3,3,3,3,2,2,2,3,2,2,2,3,2,3,0,3,1,3,1,2,2,3,3,3,3,3,3,3,2,3,3,3,4.0,3,,0,3,3,3,2,3,3,3,1,4,3,3,3,3,4,3,3,3,3,3,3,2,3,2,2,1,2,3,4,4,3,4,3,3,3,1,,3,3,3,3,3,4.0,3,3,3,3,3,2,4,3,3,3,,3,3,2,,4,4,3,3,3,3,3,3,3,2,3,,3,3,4,3,3,2,2,,3,,,3,3,3,3,2,2,3,4.0,3,2,4,4,4,,3,,3,3,3,,3,4,3,,,0.0,4.0,3,,3,3,3,3,3,3,3,3,4.0,4,3,3,,3,0,3,3,4,,,3,3,2,3,3,2,0,,4,3,3,,3,4.0,,3,3,,3,4.0,3,3,3,3,,,2,,3,3,3,3,4.0,3,2,3,,4.0,,3,3,3,3,,3,4,3,3,3,,3,3,2,2,3,4,3,,3,3,4,3,3,3,3,3,4,3,,3,3,4,4,,4.0,3,2,3,4,,4,3,3,3,,2,4.0,3,,4.0,,,,3,2,4.0,3,4,4.0,,3,,,,3,3,3,4.0,,4.0,4,3,,3,3,,,3,,4,,4,,,4,4,3,3,,3,3,3,4.0,4,3,3,3,3,2,3,4.0,3,3,4,2,4.0,2,,2,3,,4.0,3,,3,4,3.0,,3,3,,4,4.0,,,,3,3,,,4.0,3,,3,4,3,,4,,,3,0,2,4,,3,3,,,,,3,4,4,,4,4.0,,3,,4.0,4.0,4.0,3,4,,3,,,4,,3,3,4.0,,4,0.0,,3,,,4,2,,,,3,,,4.0,,3,2,3,3,3,,3,3,2,3,,,3,3,3,,3,3,4.0,3,4,3,3,,4,3,3,2,4,3,4,3,4,,4.0,,,,,,4.0,,3,,3,2,3,3,3,3,3,3,3,3.0,,4.0,,,2,3,,,3,,,3,3,,,3,,3,,4.0,3,3,3,,4,4,,4.0,3,,,3,4,,,,,,4.0,4.0,,4,4,,,,10,3,1.1103944430662371,-0.600433911508293
2,2,2,2,2,2,2,2,2,3,2,2,2,1,2,2,1,2,2,2,1,2,3,2,3,0,3,2,2,2,2,2,2,3,2,2,2,3,2,3,2,2,2,3.0,2,2,2,2,3,3,3,2,1,2,3,3,3,3,2,3,0,1,2,2,2,2,2,3,2,2,3,3,3,3,2,3,3,3,2,2,1,2,1,2,2,2,1,2,3,2,2,3,2,2,3,2,2,3,2,2,2,3,3,1,0,2,2,2,2,3,2,3,3,2,2,2,2,2,2,3,3,0,2,2,1,2,3,2,2,2,2,2,2,2,3,2,3,2,2,2,3,2,2,2,2,2,2,2,2,2,2,2,2,2,2,2,2,1,2,2,1,2,2,2,2,2,2,2,2,2,2,2,2,2,2,3,3,2,2,1,1,2,2,2,2,3,2,2,2,2,2,2,3,3,3,3,2,2,3,2,3,2,3,2,2,3,2,3,3,2,2,2,2,3,2,2,3,3,2,2,3,2,2,2,3,2,2,3,2,3,2,1,1,2,2,3,2,3,3,3,3,3,2,2,2,2,3,3,3,2,1,2,2,2,2,2,2,2,2,2,3,2,2,2,2,3,2,3,2,2,3,2,3,3,3,2,3,2,2,3,1,2,2,1,2,2,2,2,2,2,2,2,2,0,2,2,1,3,2,3,2,1,3,2,2,2,2,3,2,3,2,2,2,3,2,3,2,3,2,3,2,2,3,3,3,2,2,2,3,2,3,3,3,2,3,3,2,2,2,2,2,3,2,2,2,2,2,2,3,2,2,2,2,2,2,2,2,2,3,3,3,1,2,2,3,2,2,2,1,3,3,2,2,2,3,2,2,2,2,2,2,2,3,3,2,2,3,2,2,1,2,2,2,1,1,1,2,2,3.0,3,2,2,3,2,2,2,3,3,2,2,3,2,3,2,4.0,,3.0,2,2,2,1,2,2,2,2,0,2,2,3,2,2,2,3,2,1,3,4.0,3,2,3,2,2,3,3,2,2,2,3,3,,2,3,3,1,3,3,,2,2,2,2,3,2,,2,3,2,2,2,3,3,2,3,1,2,,3,3,2,3.0,2,3,3,2,2,3,2,3,3,2,2,3,2,2,2,2,3,3,2,2,3,3,3,3,2,3,2,3,2,2,3,3,3,2,3,2,3,3,2,2,2,3,4.0,3,4.0,2,1,3,3,3,3,2,3,2,3,3,2,0,3,3,2,2,3,2,1,3,2,3,2,2,2,2,2,3,3,3,3,2,4,3,2,,2,2,3,3,3,3.0,2,3,3,3,2,3,3,2,2,3,,3,2,2,,3,2,3,3,3,2,3,3,3,3,2,,3,3,3,3,3,2,3,,3,,,2,3,3,2,2,2,3,4.0,2,3,4,3,3,,2,,3,2,3,,2,3,3,,,3.0,,3,,3,3,3,3,2,2,3,3,3.0,3,2,3,,2,3,2,2,3,,3.0,2,3,3,3,3,2,2,,3,3,3,,3,4.0,,3,3,,2,4.0,3,3,3,3,,,2,,2,3,3,3,3.0,2,3,3,,,,3,0,2,2,4.0,3,3,3,2,3,,3,3,2,3,3,3,3,3.0,3,2,3,3,3,0,3,3,4,3,,3,3,3,2,,4.0,3,2,2,3,,3,2,3,3,,3,4.0,3,,4.0,,,,3,3,4.0,2,3,4.0,4.0,3,,,4.0,3,3,3,3.0,,3.0,3,2,,3,3,,4.0,3,4.0,3,,3,,,3,3,3,3,,3,3,3,4.0,3,3,2,2,3,2,2,3.0,3,3,3,2,4.0,2,,3,3,,4.0,3,,2,3,,,3,3,,2,4.0,,,,2,3,,,3.0,3,,3,3,3,,3,4.0,,3,3,2,3,,2,3,4.0,,,,3,3,3,,3,3.0,,3,,3.0,,,3,3,,2,,,3,,3,3,4.0,,3,,,3,0.0,,3,2,,,,3,,,4.0,,3,3,3,3,3,,3,3,3,3,,,3,3,3,,3,3,4.0,3,3,3,3,,3,3,3,2,3,3,3,2,3,,3.0,,,,,,3.0,,2,,3,2,3,3,3,3,3,3,3,,,,,,2,3,,,3,,,3,2,,,3,,3,3.0,4.0,3,3,3,,3,3,,4.0,3,,4.0,3,3,,,,,3.0,4.0,,,3,3,,,,11,3,1.119586476669461,-0.6961249422761325
3,3,2,0,2,2,2,1,2,3,2,1,2,2,2,2,2,2,2,1,2,2,3,2,3,3,3,3,2,3,2,3,3,3,3,2,2,3,3,3,3,2,2,3.0,2,3,2,2,3,3,3,2,3,2,2,2,3,2,2,3,3,2,2,2,2,1,3,3,2,2,3,3,3,3,3,3,3,3,3,2,2,2,2,1,2,2,1,2,3,2,2,3,2,2,2,2,2,3,3,3,2,0,2,3,3,2,2,2,3,3,3,3,3,2,2,2,2,3,3,3,3,2,3,2,3,3,3,2,1,1,2,2,2,2,3,3,3,2,2,3,3,2,2,2,3,2,3,2,2,3,2,3,2,2,1,2,3,3,2,2,1,2,2,2,3,2,2,2,2,2,2,3,2,2,2,3,2,2,3,2,2,3,3,2,2,3,2,2,2,2,2,2,3,2,2,2,2,2,2,2,2,2,3,2,2,2,2,2,2,2,2,2,2,2,2,2,3,3,2,3,3,2,2,2,3,3,2,3,3,3,3,0,2,2,2,3,2,3,3,3,3,3,3,2,3,3,3,0,3,1,3,3,2,2,2,2,1,3,2,3,3,2,3,2,2,2,2,3,3,2,2,2,3,3,3,2,3,3,2,3,2,2,2,2,3,2,2,3,2,3,2,2,2,2,2,2,2,3,3,3,2,2,3,2,2,3,2,3,2,3,2,3,2,3,2,3,3,3,2,3,2,3,3,2,2,3,2,2,3,2,3,3,3,2,3,3,3,3,2,3,2,3,2,2,3,3,2,3,3,3,3,2,3,2,3,2,2,2,2,3,2,3,0,2,3,2,2,2,2,3,3,2,3,2,3,2,3,2,3,3,2,3,3,4,3,3,3,3,2,3,3,3,3,2,3,2,3,3,4.0,3,2,2,3,3,2,2,2,2,2,3,3,1,2,2,,,4.0,2,2,2,2,2,0,3,2,2,2,2,3,3,2,2,3,3,1,3,4.0,3,2,3,2,2,3,3,3,2,3,3,2,,2,1,2,2,3,3,,2,2,2,2,3,2,,2,3,2,2,3,3,3,2,3,1,2,,3,3,2,4.0,2,2,2,2,2,3,2,3,3,2,2,3,2,2,2,2,2,3,2,2,3,3,3,3,2,3,2,3,3,2,2,3,3,2,3,2,3,3,1,3,3,3,4.0,3,,2,2,3,3,2,3,2,3,2,3,3,2,2,3,3,3,3,3,2,2,3,2,3,2,2,2,2,2,3,3,2,3,0,3,3,2,,2,2,3,3,0,3.0,2,2,2,3,2,2,3,3,2,3,,3,2,3,,2,3,3,3,3,2,3,3,3,2,3,,3,3,3,3,3,2,2,,3,,,2,2,3,3,2,3,3,4.0,2,3,4,3,3,,2,,3,2,3,,3,4,4,,,4.0,,3,,3,3,3,3,3,2,3,3,4.0,3,2,3,,3,3,2,3,3,,3.0,2,3,3,3,3,2,2,,3,3,2,,3,4.0,,3,3,,3,4.0,3,3,3,3,,4.0,3,4.0,3,3,3,3,4.0,3,3,2,,,,3,3,2,3,4.0,3,3,3,2,3,,3,3,3,2,4,4,3,,3,3,3,3,3,3,3,3,4,3,,3,3,3,3,,4.0,3,2,2,3,,3,3,3,2,,3,4.0,3,,3.0,,,,3,2,4.0,3,3,4.0,,3,,,,2,3,3,0.0,,4.0,3,3,3.0,4,3,,,3,,3,,4,,,3,3,3,3,,3,3,3,4.0,3,3,3,3,3,2,3,4.0,3,3,3,2,4.0,1,,3,2,,4.0,3,,3,3,,,3,3,,3,4.0,,,4.0,2,0,,,4.0,3,,3,3,3,,3,4.0,,3,3,2,2,3.0,2,3,,,3.0,2.0,3,3,3,,2,3.0,,3,,3.0,,,3,3,,3,,,3,,3,3,4.0,,3,,,3,,,3,3,,,,3,,,4.0,,3,3,3,3,3,,3,3,3,3,,,2,3,3,,3,3,4.0,3,3,3,3,,3,3,3,2,3,3,3,2,3,,4.0,,,,,,3.0,,3,4.0,3,2,3,3,3,2,3,2,3,,,,,,2,4,4.0,,3,,,3,3,,,3,,3,,4.0,4,3,3,,3,4,,4.0,3,,,3,3,,,,,,4.0,,,3,3,,4.0,3.0,12,3,1.1136696392918943,-0.6995651687720844
3,3,2,3,2,2,2,3,2,3,3,3,3,2,3,2,3,2,2,2,2,2,3,2,3,2,3,3,2,2,2,3,3,3,3,2,2,3,3,3,3,2,2,3.0,1,2,2,3,3,3,3,2,3,3,2,2,3,2,2,2,3,2,2,2,3,2,3,3,3,3,3,3,3,3,3,3,3,3,3,3,2,2,2,2,2,3,2,2,2,2,3,3,3,2,3,2,2,3,3,3,3,3,3,2,2,2,2,2,2,3,3,3,3,2,2,2,2,3,2,3,3,2,3,3,3,3,3,2,2,1,2,2,2,2,3,3,3,2,2,2,2,2,2,3,3,2,3,2,3,3,2,3,3,2,2,1,3,2,3,2,1,2,2,2,2,2,2,3,2,2,2,2,2,2,2,3,3,2,3,2,2,2,3,2,2,3,3,2,2,2,3,3,3,3,2,2,3,3,3,3,1,2,3,3,3,3,2,3,2,2,2,2,2,2,2,3,2,3,3,3,3,2,3,3,3,3,2,3,3,3,3,3,2,2,2,3,2,3,3,3,3,3,3,3,3,2,3,3,3,2,2,3,1,3,2,3,2,3,3,3,3,3,2,3,3,3,3,3,3,2,3,2,2,2,3,2,3,3,2,0,2,2,2,2,2,0,2,3,3,3,2,3,3,3,2,2,2,3,3,3,2,1,2,2,3,2,3,3,2,3,3,3,3,3,2,4,3,3,3,3,2,0,3,3,3,3,2,3,3,3,4,3,3,2,3,3,2,2,3,3,2,3,2,3,3,3,3,3,4,3,3,2,3,2,4,3,3,3,3,3,3,3,2,3,3,3,2,2,2,3,3,2,3,3,3,3,1,2,3,2,2,3,3,3,3,2,3,3,2,2,3,3,3,2,2,2,3,2,3.0,3,3,2,3,3,2,2,2,3,2,3,3,2,2,2,,,4.0,3,3,2,2,3,2,2,3,2,2,2,2,2,2,3,3,3,2,3,4.0,3,2,4,2,2,3,3,2,3,2,3,3,,2,4,3,2,3,3,,2,2,3,3,2,3,,3,3,3,3,3,3,3,3,3,2,2,,3,4,3,4.0,3,2,2,3,3,3,2,3,3,3,2,3,3,2,2,2,3,3,2,3,3,3,3,2,2,3,2,4,3,3,3,3,3,3,3,2,3,3,2,3,2,3,4.0,3,,3,2,3,3,2,3,3,3,1,3,3,3,3,3,3,3,2,3,3,3,3,1,3,3,3,3,3,2,3,3,3,3,3,3,3,3,,0,3,3,4,3,3.0,3,3,3,3,3,3,3,3,2,3,,3,2,3,,3,0,3,3,3,3,3,3,1,3,3,,3,2,3,3,3,3,3,,0,,,3,3,3,3,2,3,4,,2,4,3,3,3,,3,,3,3,3,,3,3,3,,,4.0,,3,,3,3,3,3,3,3,3,3,4.0,3,3,3,,0,3,2,3,3,,,3,3,3,3,3,3,3,,3,3,3,,3,4.0,,4,3,,3,4.0,1,2,3,3,,,3,,3,3,3,3,4.0,3,3,3,,,,3,3,3,3,4.0,3,4,4,1,3,,3,3,3,3,4,4,3,2.0,3,3,4,3,3,3,3,3,3,3,,3,3,3,3,,4.0,3,3,3,3,,3,3,3,3,,3,4.0,3,,3.0,,,,3,3,4.0,3,3,4.0,,3,,,,3,3,4,4.0,,4.0,3,3,,4,2,,,3,,3,,4,,,3,4,3,4,,3,3,4,4.0,3,3,2,3,3,2,2,4.0,3,3,3,2,0.0,2,,3,3,,4.0,3,,2,4,,,3,3,,3,4.0,,,,2,3,3.0,,4.0,3,,3,4,3,,3,4.0,,3,3,2,3,,2,3,,,,,3,3,3,,3,3.0,,3,,3.0,,,2,4,,3,,,3,,3,3,4.0,,3,,,0,,,4,3,,,4.0,3,,,4.0,,4,2,3,3,3,,4,4,3,3,,,3,3,3,,3,3,4.0,3,3,3,3,,3,3,3,2,3,3,4,3,4,,3.0,,,4.0,,,4.0,,3,,3,3,3,4,3,3,4,3,3,,,,,,2,4,,,3,3.0,,3,3,,,3,,3,,0.0,4,3,3,,3,3,,4.0,3,,,3,3,,4.0,,,,4.0,,,3,3,,,,13,3,1.1088544891640872,-0.6556558376225982
2,2,2,2,2,2,1,2,2,3,2,2,2,2,2,2,2,2,2,2,2,2,3,2,2,2,3,2,1,2,2,2,2,0,2,2,2,2,2,2,2,2,2,4.0,2,2,2,2,2,3,3,2,3,2,0,2,2,2,1,2,2,2,1,2,1,2,2,3,2,2,2,3,3,3,2,3,3,2,2,2,2,2,2,2,2,3,1,2,2,2,2,2,2,2,2,2,2,3,2,2,2,3,2,2,3,2,1,1,2,3,3,3,3,2,2,1,2,2,3,3,3,2,3,2,2,2,2,2,2,0,2,2,2,1,2,2,2,2,2,2,2,2,2,2,2,2,2,2,0,2,2,2,2,2,2,2,2,2,2,2,1,2,2,2,2,2,1,2,2,1,2,2,2,2,2,3,3,2,3,2,2,2,3,1,2,3,2,2,2,2,2,2,3,2,2,2,2,2,2,2,3,2,3,2,3,2,2,2,2,2,2,1,2,3,2,2,2,2,2,3,3,2,2,2,2,2,2,2,2,2,2,2,2,2,2,3,2,2,2,3,3,3,2,2,2,2,3,3,3,1,2,2,2,2,1,2,2,3,2,3,3,2,2,2,3,3,3,3,2,2,2,2,2,3,3,2,3,3,2,2,2,1,1,2,2,2,2,3,2,2,2,2,2,3,2,2,2,3,3,2,2,2,2,2,2,2,2,3,2,2,2,3,2,3,2,3,2,3,2,3,2,3,3,2,3,3,2,2,3,2,3,2,3,2,3,3,2,2,2,2,2,3,2,2,3,3,2,2,3,2,3,2,3,2,3,2,2,2,3,3,3,2,2,2,3,2,2,2,2,3,3,2,0,2,3,2,2,1,3,2,2,3,3,3,3,3,3,3,2,2,2,3,3,2,3,2,3,2,3.0,2,2,2,2,2,2,2,3,3,2,2,2,1,2,2,4.0,,4.0,2,2,1,2,2,2,2,2,2,2,2,2,0,2,2,3,2,1,3,2.0,2,1,3,2,2,3,2,3,2,2,3,2,,2,3,3,2,2,2,,2,2,2,0,3,2,,2,3,2,2,2,3,3,3,3,2,2,,3,3,2,4.0,2,2,1,2,2,3,2,3,3,2,2,3,2,1,2,2,3,3,2,3,3,3,3,3,2,4,2,3,2,2,3,3,3,2,3,2,3,3,2,3,2,2,4.0,3,,3,2,3,3,3,3,2,2,2,3,3,3,2,3,3,3,2,2,2,2,2,2,3,2,2,2,2,2,3,2,3,3,1,4,2,2,,2,2,3,3,3,3.0,2,3,3,2,2,2,3,3,2,2,,3,3,2,,3,3,2,3,2,2,2,2,3,2,2,,3,0,3,3,2,2,3,,3,,,2,3,3,3,0,2,3,4.0,1,3,3,3,3,,3,,2,3,3,,3,3,3,,,4.0,,3,,3,3,3,3,2,2,3,2,3.0,2,3,3,,2,3,2,2,3,,,3,2,2,3,2,2,2,0.0,3,2,3,,3,4.0,,3,1,,2,4.0,2,2,3,2,,,2,,3,3,2,3,4.0,2,3,3,4.0,3.0,,3,3,3,2,4.0,3,3,3,2,3,3.0,2,3,3,3,3,3,3,,3,2,3,3,3,2,3,2,3,2,,2,3,3,3,,4.0,3,2,2,3,,3,3,2,3,,2,4.0,3,,4.0,,,,3,3,3.0,3,3,3.0,,3,,,,3,2,3,3.0,,3.0,3,3,,3,2,,,3,,3,,3,,,3,3,3,3,,3,3,3,4.0,3,3,2,3,3,2,3,3.0,3,2,3,2,3.0,2,,3,3,3.0,4.0,2,,2,3,,,2,3,,3,4.0,,,,2,3,,,4.0,2,,3,3,3,,3,4.0,,3,3,2,3,,2,2,4.0,,,,3,3,3,,3,3.0,,3,,3.0,,,3,3,,2,,,3,,3,3,4.0,,3,,,2,,,3,2,,,,2,,4.0,4.0,,3,3,3,3,2,,3,3,3,2,,,3,3,3,,3,3,4.0,3,3,3,3,,3,3,3,1,3,3,3,3,3,,4.0,,,,,,4.0,,3,,2,2,3,3,3,2,3,3,3,,,,,,2,3,,,3,,,3,3,,,3,,3,,3.0,3,3,3,,3,3,3.0,3.0,2,,,3,3,,,,,,4.0,,,3,3,,,,14,3,1.1090220289041675,-0.7145156598488358
3,3,2,2,2,2,3,2,2,3,2,2,2,2,2,2,2,2,2,2,2,2,3,2,3,2,3,2,2,3,2,2,3,3,3,2,2,3,3,3,3,2,2,3.0,2,1,2,2,3,3,3,2,3,2,2,2,2,2,1,2,3,1,2,2,1,1,3,2,1,2,2,3,3,3,2,3,3,2,2,2,2,2,1,2,2,2,1,2,2,2,2,2,2,2,0,2,2,3,2,2,2,3,3,2,2,2,2,1,2,3,3,3,3,2,2,2,2,3,3,3,3,2,3,2,2,2,3,2,2,2,2,2,2,2,3,3,3,2,2,2,2,2,0,2,3,2,2,2,3,3,2,2,2,2,2,3,3,3,0,2,1,2,2,2,2,2,2,3,2,2,2,2,2,2,2,3,3,2,3,2,2,2,3,2,2,3,3,2,2,2,2,2,3,3,2,2,2,2,2,2,2,2,3,2,2,2,2,2,3,2,2,2,2,2,2,2,2,3,2,3,3,2,2,2,3,2,2,3,3,2,2,3,2,2,2,3,2,2,2,3,2,3,2,2,2,2,3,3,3,2,3,3,2,2,2,2,2,3,2,3,3,2,3,2,2,2,2,0,2,2,3,2,3,3,2,2,3,3,2,2,2,2,2,2,3,2,2,2,3,3,2,3,2,3,2,2,2,3,3,3,2,2,2,1,0,2,2,3,2,3,2,0,2,3,2,3,3,3,2,2,2,2,3,2,3,2,2,2,3,2,3,3,2,2,3,3,3,2,2,3,2,2,2,3,3,2,3,3,3,3,3,2,3,2,3,2,2,2,3,1,3,2,2,3,3,2,2,2,2,2,3,2,2,2,3,2,2,2,3,2,2,3,3,3,3,3,3,3,3,2,3,2,3,2,3,2,3,3,3.0,3,2,2,3,3,2,1,2,3,3,3,2,2,2,3,,,4.0,2,2,2,2,2,2,3,1,3,2,2,2,2,2,3,3,3,2,2,4.0,3,2,3,2,2,3,3,3,2,3,3,2,,2,3,2,2,2,2,,2,2,2,3,3,2,,2,3,2,2,2,3,3,3,3,3,2,,3,3,2,4.0,2,2,3,2,2,3,2,3,3,2,2,3,2,2,1,2,2,3,2,2,3,3,3,3,2,3,2,3,2,2,3,3,3,3,3,2,3,3,2,2,2,3,4.0,3,,2,2,2,3,2,3,2,3,1,3,3,3,3,3,3,3,2,3,2,2,3,2,3,2,2,2,2,2,3,3,3,3,3,3,3,3,,2,2,2,3,3,4.0,2,3,3,3,2,3,3,3,2,3,,3,3,3,,3,3,3,3,3,2,2,2,3,2,3,,3,1,3,3,3,2,3,,3,,,3,1,3,2,2,2,3,4.0,2,2,3,3,3,,3,,3,3,3,,3,3,4,,,4.0,,3,,3,3,3,2,2,2,3,3,4.0,3,3,3,,3,3,3,3,3,0.0,,3,2,2,3,2,2,2,,3,3,3,3.0,3,4.0,,3,3,,2,4.0,3,2,3,3,,,2,,3,3,2,3,4.0,3,3,2,,,2.0,3,3,2,2,4.0,3,3,3,2,3,4.0,3,3,3,3,3,3,3,3.0,3,3,3,3,3,2,3,3,3,2,,2,3,3,3,3.0,4.0,3,2,2,3,,3,3,3,3,,2,4.0,2,,4.0,,,,3,3,3.0,3,3,4.0,,3,,,,1,3,3,3.0,,4.0,3,2,,4,3,,,3,,3,,3,,4.0,3,3,3,3,,3,3,3,4.0,3,3,2,3,3,2,3,4.0,3,3,3,2,3.0,2,,2,3,,4.0,3,,2,3,,,3,3,0.0,3,0.0,,,,2,3,,,4.0,3,,3,3,3,,3,4.0,4.0,3,4,2,3,,2,3,,,,,3,3,3,,3,4.0,,3,4.0,4.0,,,3,3,,2,,,3,,3,3,3.0,,3,,,2,,,3,2,,3.0,,3,,,4.0,,3,3,3,3,3,,3,3,3,3,,,3,2,3,,3,3,4.0,3,3,3,3,,3,3,3,2,3,3,3,3,0,,4.0,,,,,,4.0,,3,,3,2,3,3,3,3,3,3,3,,,,4.0,,2,4,,,3,,,3,3,,,3,,3,,4.0,4,3,3,,3,4,3.0,4.0,3,,,3,3,,,4.0,,,4.0,,4.0,3,3,,,,15,3,1.1063545150501677,-0.6903772392457446
3,3,1,2,2,2,2,3,3,3,2,3,2,2,2,2,2,2,2,2,2,2,3,2,2,1,2,2,2,2,0,2,3,2,3,2,2,2,2,2,2,2,2,4.0,2,2,2,2,2,3,2,2,3,2,2,0,2,2,2,2,3,3,2,2,2,2,2,3,2,2,3,2,3,3,2,3,3,2,2,2,2,2,1,2,2,3,1,2,2,2,2,3,3,2,3,2,2,3,3,3,3,3,3,2,3,2,2,2,2,3,3,3,3,2,2,2,2,2,3,3,3,1,3,2,3,3,2,2,2,1,2,2,2,2,3,2,3,2,2,2,0,3,2,2,3,2,3,2,3,3,3,2,2,2,2,3,3,3,2,3,1,2,1,2,2,2,2,1,2,2,2,2,1,2,2,3,3,2,3,2,2,2,3,2,2,3,2,2,2,2,0,2,3,2,2,2,2,2,2,2,3,2,3,2,3,2,2,2,2,2,2,2,2,3,2,2,3,0,2,2,3,2,2,2,3,2,2,3,2,2,2,2,2,2,2,3,2,2,2,3,2,3,3,3,3,2,3,3,3,2,3,2,1,2,2,2,2,2,2,3,3,2,3,2,3,3,3,3,2,2,2,2,2,2,3,2,3,3,2,3,2,2,1,2,2,2,2,2,2,3,2,3,2,3,3,2,2,3,3,3,2,2,2,2,2,2,2,3,2,3,2,2,3,3,3,3,2,3,2,3,3,3,3,2,3,2,2,3,3,2,3,3,3,2,3,3,2,2,2,2,2,3,2,3,3,2,2,3,3,3,3,2,3,2,3,2,2,2,3,3,3,3,2,3,3,2,1,2,2,3,3,2,2,2,3,2,2,2,3,3,3,3,3,3,3,3,3,3,3,2,3,3,3,2,3,2,3,3,4.0,3,3,2,3,2,2,2,3,3,3,1,3,2,2,2,4.0,,4.0,2,2,1,2,3,3,3,2,2,2,2,2,3,2,3,2,2,2,3,4.0,3,2,3,2,2,3,3,3,2,3,2,2,,2,4,3,2,3,3,,2,2,2,2,3,2,,2,3,3,3,0,3,3,3,3,2,2,,3,3,2,4.0,2,2,2,3,2,3,2,4,4,2,2,3,2,2,2,2,3,3,3,3,3,3,3,4,2,3,2,4,3,2,3,3,2,3,3,2,2,3,2,3,2,2,4.0,3,,3,2,3,3,3,3,2,3,2,3,3,3,3,3,3,2,2,0,2,1,3,2,3,2,2,2,3,2,3,3,3,3,3,4,3,3,,2,2,3,3,4,3.0,2,3,3,3,2,3,3,3,2,3,4.0,3,3,3,,3,2,2,3,2,3,2,3,2,3,3,,3,3,3,3,3,2,3,,3,,,3,3,3,3,2,2,3,4.0,2,4,3,3,3,,3,,3,3,3,,3,3,3,,4.0,4.0,,3,,3,3,3,3,2,2,1,3,3.0,3,3,3,3.0,3,3,1,2,3,,,3,2,3,3,2,3,3,,3,3,3,,3,3.0,,3,3,,2,4.0,3,2,3,3,,,2,,2,3,3,3,4.0,3,3,3,,,,3,3,3,3,4.0,3,3,3,2,3,,3,3,3,3,3,3,3,,3,2,3,3,3,2,3,3,3,3,,2,3,3,3,,4.0,3,2,2,3,,3,3,3,3,,3,4.0,3,,3.0,3.0,,,3,3,4.0,2,3,4.0,,3,,,4.0,2,3,3,4.0,,4.0,3,3,,3,3,3.0,,2,,3,,3,,,3,3,3,3,,3,0,4,4.0,3,3,2,3,3,1,2,4.0,3,3,3,3,3.0,2,,2,3,,4.0,2,,2,3,,3.0,2,3,,3,4.0,,,,3,3,,,3.0,2,,3,0,3,4.0,3,4.0,4.0,3,3,2,3,,2,3,,,,,3,3,3,,3,3.0,,3,,3.0,,,3,3,,2,4.0,2.0,3,,3,2,4.0,,3,,,3,,,3,3,4.0,,3.0,3,,,4.0,,3,3,3,3,3,,3,4,3,3,,,2,3,3,4.0,3,3,3.0,0,3,3,3,,3,3,3,2,3,3,4,2,3,,4.0,,,,3.0,,4.0,,3,,3,2,4,3,3,3,3,3,4,,4.0,,,,2,3,,,4,,,3,2,,,3,,3,,4.0,3,3,3,,3,3,,4.0,3,,,2,3,,,,,,4.0,,,3,3,,4.0,1.0,16,3,1.1027368421052635,-0.6876209047000391
3,3,2,2,2,2,2,3,3,4,3,3,3,2,2,3,2,3,3,3,3,2,3,3,3,3,3,2,2,3,2,3,3,3,3,3,3,3,3,3,3,2,3,4.0,3,3,3,2,3,1,3,2,3,2,3,3,3,3,2,2,2,3,2,2,2,3,3,3,3,3,3,0,4,4,3,3,3,3,3,3,3,3,2,2,2,3,2,2,3,3,3,3,3,2,2,3,2,3,3,3,3,3,3,3,3,2,3,2,3,4,4,4,4,3,2,2,2,3,3,3,3,2,3,3,3,3,3,3,1,2,3,3,2,2,3,2,2,3,3,3,3,3,3,3,3,3,3,3,3,3,3,3,2,3,3,3,3,1,3,3,2,3,3,3,3,2,3,2,3,1,2,3,1,3,3,3,3,3,3,3,2,3,3,2,3,4,3,3,3,3,3,3,0,1,2,2,2,3,2,3,3,3,3,3,3,3,3,3,3,3,3,2,2,4,2,3,3,3,3,3,3,3,3,3,3,3,3,3,3,3,3,2,3,3,3,3,3,3,3,3,4,4,3,3,3,3,4,4,4,2,3,2,2,3,3,3,2,3,3,3,3,3,3,3,3,4,4,4,3,3,3,3,3,3,4,3,4,3,3,3,2,3,3,2,3,3,3,3,3,3,2,3,3,4,3,2,3,3,3,4,3,2,3,3,3,3,3,3,2,3,3,3,3,4,3,4,3,3,3,4,3,3,3,3,3,3,3,3,4,3,3,4,4,2,4,4,0,2,2,2,3,4,2,3,3,3,2,3,4,3,3,2,3,3,4,3,3,3,4,4,3,3,3,3,3,2,3,3,3,3,3,3,3,3,4,3,3,2,3,3,3,3,3,3,3,3,3,3,3,3,3,3,3,3,3,3,3,3,2.0,3,3,3,3,3,3,3,3,4,2,2,3,3,2,3,4.0,,4.0,3,3,2,3,3,3,3,3,3,3,3,3,3,3,3,3,3,2,4,3.0,1,2,3,3,3,3,2,3,3,3,3,3,,2,4,4,3,3,3,,3,3,3,3,3,3,,2,3,3,3,3,3,3,3,4,3,3,4.0,4,4,3,4.0,3,3,3,2,3,3,2,4,4,3,3,3,3,3,3,3,3,3,3,3,4,4,4,4,3,3,3,4,3,3,4,3,4,3,4,3,3,3,3,4,3,3,4.0,3,,3,3,3,3,3,3,2,3,2,4,4,3,3,4,4,3,3,3,3,3,3,3,3,2,3,3,3,3,4,3,3,3,3,4,4,3,,3,3,3,4,4,4.0,3,3,4,3,3,4,4,3,3,3,,4,3,3,,4,3,3,3,3,3,3,3,4,3,3,,4,3,4,3,3,3,3,,4,0.0,,3,4,3,3,3,2,4,,3,4,4,4,3,,3,,3,3,3,,3,4,4,,,4.0,,3,,4,4,4,4,3,3,3,3,4.0,4,3,4,,3,4,3,3,4,,,3,3,4,3,3,3,3,,4,3,3,,4,4.0,,4,3,,3,4.0,4,3,0,3,4.0,,3,,3,4,3,4,4.0,3,0,4,,,,3,3,4,3,,4,4,4,2,4,,4,4,3,4,3,4,4,,3,3,3,3,4,3,4,0,4,3,,3,4,3,4,,4.0,4,3,3,3,,0,3,3,3,,3,4.0,4,,,,,,3,3,4.0,3,4,,,3,,,,3,3,4,4.0,,4.0,4,4,,4,4,,,3,,3,,4,,,4,1,4,4,,3,3,3,,4,3,3,3,3,2,3,4.0,3,2,4,3,4.0,2,,3,4,,,2,,3,4,,,1,3,3.0,4,4.0,,,,3,3,,,3.0,3,0.0,3,4,4,,1,4.0,,3,4,3,4,,3,2,,,,,3,4,4,,4,4.0,,4,,4.0,,,3,4,,3,,,3,,4,3,,,4,0.0,,3,,,4,3,,,,2,,,4.0,,4,4,3,3,3,,4,4,3,3,,,3,3,3,,3,3,,3,3,4,4,,4,4,4,3,4,4,4,3,4,,4.0,,,,,,4.0,,3,,3,3,4,4,3,3,3,4,4,,,,,,3,4,,,4,,,3,2,,,3,,3,,3.0,4,3,3,4.0,4,4,,4.0,3,,,3,4,,,,,,4.0,,,4,3,,4.0,,17,3,1.0897372943776091,-0.5954166434800926
2,2,2,2,2,1,2,2,2,3,2,2,2,1,2,2,2,2,2,2,2,2,3,2,2,2,2,2,2,2,2,2,2,2,2,2,2,3,0,2,2,2,2,3.0,2,2,2,2,2,3,3,2,3,2,2,2,2,2,2,2,2,2,2,2,1,2,2,3,2,2,3,3,3,2,2,3,2,2,2,2,2,2,2,2,2,3,2,2,2,2,2,2,3,2,2,1,2,3,3,2,2,3,3,2,3,2,2,2,2,3,3,3,3,1,2,2,2,2,2,3,2,2,3,2,3,3,3,2,1,1,2,2,1,1,2,2,2,2,2,3,2,2,2,2,2,2,2,2,2,2,2,2,2,2,2,2,3,2,2,2,1,2,2,2,2,1,2,1,2,2,2,2,2,2,3,3,0,2,3,2,2,2,3,1,2,3,2,2,2,2,2,2,3,3,2,2,2,2,0,2,2,2,3,2,2,2,2,2,2,2,2,1,2,2,2,2,3,3,2,3,2,2,2,2,2,2,2,3,2,2,2,2,2,2,2,3,2,2,2,3,0,3,2,2,2,2,3,1,2,2,3,2,2,2,2,2,1,2,2,3,3,2,3,2,2,3,2,3,2,2,2,2,2,3,3,2,3,3,2,2,2,2,2,2,2,2,2,3,3,3,2,2,2,3,3,2,2,1,3,3,2,2,2,2,2,0,2,3,2,0,3,1,2,3,2,3,2,3,2,3,2,2,3,2,3,2,2,2,3,1,3,3,2,0,3,3,2,2,2,2,2,2,2,2,3,3,2,3,3,2,3,2,2,2,3,2,2,2,1,3,3,2,2,2,3,2,2,2,3,3,2,2,3,2,2,2,3,2,3,2,3,3,0,3,3,3,3,2,3,2,2,3,3,2,3,3,3,2,3.0,2,2,2,2,3,2,2,3,3,2,1,2,2,2,1,4.0,3.0,3.0,1,2,1,2,1,2,2,2,3,2,2,3,3,2,3,3,3,1,3,3.0,2,1,3,2,1,2,2,2,2,3,3,2,,0,3,2,2,3,2,,2,2,2,2,3,2,,2,3,2,3,2,2,3,2,3,2,2,,3,3,2,4.0,2,2,2,2,2,2,2,3,3,2,2,3,2,2,2,2,2,2,2,3,3,2,3,3,2,3,2,3,3,2,3,2,3,2,3,2,2,2,2,3,2,3,4.0,3,,2,2,2,2,2,2,2,3,2,3,3,3,3,3,3,3,3,2,2,2,2,1,1,2,2,2,3,2,3,3,3,3,2,3,3,2,,2,3,3,3,0,4.0,2,2,1,3,2,2,3,3,2,3,,3,2,3,,3,3,3,3,3,2,2,3,3,2,3,,3,3,3,3,2,2,2,,2,,,2,2,3,3,2,2,3,4.0,2,3,3,3,3,,3,,3,2,3,,3,3,3,3.0,,4.0,,3,,3,2,3,3,1,3,3,3,4.0,3,3,3,4.0,3,2,3,2,3,,,2,3,3,3,3,2,2,,3,3,3,3.0,3,4.0,2.0,3,3,,2,3.0,3,2,3,3,,,3,,3,3,2,3,4.0,2,3,2,,,,2,3,2,3,4.0,3,3,3,2,3,,3,3,3,3,3,3,3,,2,3,3,3,3,2,3,3,3,3,4.0,2,3,3,3,,4.0,3,3,2,3,,3,3,3,3,,3,4.0,3,,4.0,,,,3,3,4.0,3,3,4.0,,3,,,,2,3,3,3.0,,4.0,3,3,,3,3,,,2,,3,,3,,,3,3,3,3,,2,3,3,3.0,3,2,2,3,3,2,2,4.0,2,2,3,3,4.0,2,,3,2,,4.0,3,,2,3,,,3,3,,3,4.0,,,,2,3,,3.0,3.0,2,,2,3,3,,3,4.0,,3,3,2,3,3.0,2,3,4.0,,,,3,3,3,,3,4.0,,3,,4.0,,,3,3,,2,,,3,,3,3,4.0,,3,,,2,4.0,,2,3,,,,2,,,4.0,,2,3,3,2,2,,3,3,3,2,,,2,2,3,,3,3,4.0,3,2,3,3,3.0,3,3,3,2,3,3,3,2,3,,4.0,,4.0,,,,3.0,,3,,1,2,3,3,3,3,3,3,3,,,,,,2,3,,,3,,,3,2,,,3,,2,,3.0,3,2,2,,3,2,,4.0,3,,,2,3,2.0,3.0,,,,4.0,,4.0,3,3,,,,18,3,1.1212296983758703,-0.7203157273046492
3,3,2,2,2,2,1,3,2,3,2,3,2,1,3,2,2,2,2,2,2,2,3,0,2,2,2,2,2,2,2,2,2,2,1,2,2,2,2,2,2,2,2,3.0,2,2,1,2,2,2,2,3,3,3,2,2,2,2,2,2,3,3,1,2,2,2,2,2,2,2,2,3,3,3,2,2,3,2,2,2,2,2,2,2,1,3,1,1,2,2,2,2,2,2,2,2,2,3,2,3,2,2,3,2,3,2,2,1,2,3,3,3,3,2,2,1,2,2,2,3,3,2,3,2,3,3,2,2,2,2,3,2,2,2,2,2,3,2,2,2,2,2,2,2,3,2,2,2,3,3,3,2,2,0,1,2,2,3,2,2,1,2,2,2,2,2,2,3,2,2,2,2,2,2,2,3,2,2,3,2,2,3,3,1,2,3,2,2,2,2,2,2,3,2,2,2,3,2,3,3,3,2,3,2,3,2,2,2,2,2,2,1,2,3,2,2,2,2,2,3,3,3,2,2,2,3,2,3,3,2,2,3,2,2,2,2,2,2,0,3,3,3,2,2,2,2,3,3,3,2,3,2,1,2,1,2,2,3,2,3,3,2,2,2,2,3,3,3,2,2,2,2,2,2,2,2,3,3,2,2,2,2,2,2,2,2,2,3,2,3,2,3,2,3,3,2,2,3,3,2,2,2,0,2,2,2,2,3,2,3,2,3,2,3,2,3,3,3,2,3,2,3,2,2,3,3,2,2,3,2,3,3,3,1,3,3,2,2,2,2,2,3,2,2,3,3,2,2,3,2,2,2,3,2,3,2,2,2,3,3,3,2,2,2,3,2,1,1,2,3,3,2,2,2,3,2,3,2,3,3,2,3,3,4,3,3,3,3,3,2,3,3,3,2,3,2,3,3,4.0,3,2,2,3,3,2,2,3,3,2,2,2,2,2,2,4.0,,3.0,2,2,2,2,2,2,2,2,3,2,2,2,2,2,3,3,3,2,3,4.0,3,2,3,2,2,2,2,2,2,2,2,0,,2,3,3,2,2,2,4.0,2,2,2,2,2,3,,2,3,2,2,3,3,2,2,3,2,2,,3,3,2,4.0,2,2,3,3,2,2,2,3,3,2,2,3,2,2,1,2,3,3,2,2,3,3,3,3,2,3,2,3,2,2,2,3,3,2,3,2,3,3,2,3,2,2,4.0,3,,2,2,3,3,2,3,2,3,1,3,3,3,3,3,3,3,2,3,2,2,2,2,2,2,2,2,2,2,3,3,3,3,3,3,2,3,,2,2,3,3,3,4.0,3,3,3,2,3,3,3,3,2,3,,2,3,0,,3,3,2,3,2,3,2,2,2,3,3,,3,2,3,3,3,2,2,,3,,,3,3,3,3,2,2,3,4.0,2,3,3,3,3,,3,,3,3,3,,2,3,4,,,4.0,,3,,3,3,3,3,3,2,3,3,0.0,3,3,3,,3,3,2,2,3,,,2,2,3,3,2,2,2,,3,3,3,,3,3.0,,3,3,,3,4.0,3,2,3,3,4.0,,2,,3,3,2,3,3.0,2,3,3,,,,3,3,3,2,4.0,3,3,3,2,3,,3,3,3,2,3,3,3,,3,2,3,3,3,2,3,3,3,2,,2,3,3,3,3.0,4.0,3,2,2,3,,3,3,3,2,,2,4.0,3,,3.0,,,4.0,3,3,3.0,3,3,3.0,,3,,,,3,3,3,3.0,,4.0,3,3,,3,3,0.0,,3,,3,,4,,,3,4,3,3,4.0,3,3,3,4.0,3,3,1,3,3,2,3,3.0,3,3,3,2,3.0,2,,2,3,,4.0,2,,2,3,,,3,3,,2,4.0,,4.0,,3,4,,,3.0,2,,1,3,3,4.0,3,4.0,,3,3,2,3,,2,3,,,,,3,3,3,,4,4.0,,3,,4.0,3.0,,3,3,,2,,,3,,3,3,4.0,,3,,,3,3.0,,3,3,,4.0,4.0,2,,,4.0,,3,3,3,3,0,,3,3,3,3,,,3,3,3,,0,3,4.0,3,3,3,3,,3,3,3,2,3,3,4,3,3,,4.0,,,,,,4.0,,3,,2,2,3,3,3,2,3,3,3,,,,,,2,3,,,3,,,3,2,,,3,,3,,2.0,3,3,3,,3,3,,3.0,3,,4.0,2,3,,,3.0,4.0,,4.0,,,3,3,,,3.0,19,3,1.097906912696227,-0.7024830835307052
3,3,2,3,2,2,2,3,3,3,2,3,2,2,0,3,2,2,2,2,2,2,3,2,3,3,3,2,2,2,2,2,3,3,3,2,2,3,3,2,3,2,2,4.0,2,3,2,2,3,3,3,1,3,2,3,3,2,1,2,2,3,3,2,2,2,2,3,3,2,2,3,3,3,3,2,3,3,3,2,2,2,2,2,1,2,1,1,2,3,2,2,3,3,1,3,2,1,3,3,3,2,3,3,2,2,2,2,2,2,0,3,3,3,2,2,2,2,3,2,3,3,2,3,3,2,3,3,3,2,2,3,2,3,2,3,2,3,2,2,3,3,2,2,0,3,2,3,3,3,3,3,2,2,3,2,3,3,3,3,3,2,3,3,2,3,2,2,2,1,2,3,3,2,2,2,3,3,3,3,2,2,3,3,2,2,3,3,3,2,2,2,2,3,3,3,3,2,2,2,3,3,2,3,2,3,2,2,3,3,2,2,2,2,3,3,3,3,3,2,3,3,2,2,3,3,3,2,3,3,3,3,2,2,3,3,2,2,3,3,3,3,3,3,3,3,3,3,3,3,2,3,2,2,3,2,3,2,3,3,2,3,2,3,2,3,3,3,3,3,3,3,3,2,3,3,3,3,3,2,3,2,3,2,2,2,2,3,3,3,3,1,2,2,2,3,2,2,3,3,3,3,2,3,2,2,2,2,3,3,3,2,3,2,3,2,3,3,3,2,3,3,3,3,3,3,2,2,3,3,2,3,3,3,2,3,4,2,2,2,2,1,3,3,3,3,3,2,3,4,3,3,3,3,3,3,3,3,2,3,3,3,2,2,3,3,3,2,2,2,3,3,2,3,2,3,2,2,2,3,3,3,3,3,4,3,3,3,3,3,3,2,3,3,2,1,3,3,3,4.0,2,2,3,3,1,2,2,3,3,2,1,3,2,2,2,,,4.0,2,3,2,1,3,3,2,2,3,2,3,3,3,2,3,4,3,2,3,3.0,2,2,3,3,3,3,2,2,2,3,3,3,,2,4,3,2,3,3,,2,2,2,3,3,3,,2,3,3,2,3,3,2,3,3,2,2,,3,3,3,4.0,2,2,1,3,2,3,2,4,3,3,3,3,3,2,2,3,3,2,2,3,3,3,3,3,2,3,2,3,3,3,3,3,4,2,3,2,3,3,3,3,2,2,4.0,3,,3,2,2,3,3,3,2,3,2,3,3,3,2,3,3,2,3,3,3,3,3,2,3,3,3,3,3,3,2,2,3,3,3,4,3,3,,3,0,3,3,4,4.0,2,3,3,3,2,3,4,3,3,3,,3,2,3,,2,3,3,3,3,3,3,3,3,2,3,,3,3,2,3,3,2,3,,2,4.0,,3,3,3,0,3,3,3,4.0,3,4,4,3,3,,3,4.0,3,3,3,,2,4,4,4.0,,4.0,,3,,4,3,4,3,3,3,3,3,4.0,3,3,3,,3,3,2,3,4,,,3,3,3,3,3,3,3,,3,3,3,,3,4.0,,3,0,,2,4.0,0,3,3,3,,,2,,2,3,3,3,4.0,3,3,3,0.0,,,3,2,3,3,4.0,3,4,4,2,3,4.0,3,3,3,4,3,3,3,,3,3,3,3,3,3,3,3,4,3,4.0,3,3,3,3,,4.0,3,2,3,3,,3,3,3,3,,2,4.0,2,,4.0,,,,3,3,4.0,3,3,4.0,,3,,,,3,2,3,3.0,,4.0,3,2,,3,3,,,3,,4,,4,,,4,3,3,4,3.0,3,3,3,4.0,3,3,3,3,3,2,2,4.0,3,3,3,3,4.0,2,,2,3,,4.0,3,,3,3,,,3,3,,3,4.0,,,,3,3,3.0,,3.0,3,,3,3,3,,3,4.0,,3,4,3,3,,3,3,,,,,3,3,3,,4,4.0,,3,,4.0,,,3,3,,3,,,3,,3,3,4.0,,4,,,3,3.0,,3,3,,,,3,,,4.0,,3,3,3,3,3,,3,4,3,3,,,3,3,3,,3,3,4.0,3,3,3,4,,4,3,3,2,4,2,4,2,3,,4.0,,,,,,0.0,,3,,3,3,4,3,3,3,3,3,3,,,,,,2,3,,,3,0.0,,3,1,,,3,,3,,4.0,4,3,3,,3,4,,3.0,3,,,3,3,,,,,,4.0,,4.0,3,3,,,,20,3,1.0963563733204218,-0.6241337205306694
2,3,2,2,2,2,2,1,2,3,2,2,2,2,2,1,2,2,2,1,2,2,3,2,3,2,3,2,2,2,2,2,3,3,3,2,2,3,3,3,3,2,2,3.0,2,2,2,2,3,3,3,2,3,1,2,2,3,2,2,2,3,2,1,2,2,0,3,2,2,2,2,3,3,3,2,3,3,2,2,2,1,2,1,2,2,2,1,2,2,2,2,2,2,2,2,3,2,3,2,2,1,2,3,2,2,2,2,1,2,3,3,3,3,2,2,2,2,2,3,3,3,2,3,2,2,2,3,2,2,1,2,2,2,2,2,2,2,2,2,1,0,2,2,2,3,2,2,2,3,2,2,2,2,2,2,2,2,2,2,2,1,2,2,2,2,2,1,3,2,2,2,2,2,2,2,3,2,2,1,2,0,2,2,2,2,3,2,2,2,2,2,2,3,3,2,2,3,2,3,2,2,2,3,2,3,3,2,3,2,2,2,2,2,2,2,2,2,2,2,3,3,2,2,2,3,2,2,3,2,3,2,2,2,2,2,3,2,2,2,3,3,3,2,2,2,2,3,3,2,1,2,2,2,2,2,2,2,3,2,3,3,2,2,2,2,2,3,3,2,1,2,2,1,1,2,2,3,3,2,2,2,2,2,2,2,1,2,2,3,3,2,2,2,3,2,2,2,3,2,3,2,1,2,2,2,3,2,2,2,3,2,3,2,3,2,3,3,3,2,3,2,2,2,2,2,3,2,2,3,2,3,2,3,2,1,2,3,2,2,3,2,3,2,2,2,2,2,1,3,2,2,2,2,2,3,2,2,2,3,3,2,2,2,2,3,2,1,2,2,3,3,2,2,2,3,2,2,2,3,2,2,0,3,3,3,2,3,2,2,2,2,3,3,1,2,2,3,2,3.0,2,2,2,3,2,2,2,2,3,2,2,2,2,2,1,4.0,,4.0,2,2,2,2,2,0,2,2,2,2,2,1,0,2,2,3,3,2,2,4.0,3,2,3,2,2,3,3,3,2,2,2,2,,2,3,2,2,2,3,,2,2,2,2,2,2,,2,2,2,2,2,3,3,3,3,1,2,,3,3,2,3.0,2,2,2,2,2,3,2,3,3,2,2,3,2,1,2,2,3,3,2,2,3,3,3,3,2,3,2,3,2,2,2,2,3,2,3,2,3,3,2,3,2,0,4.0,3,,2,2,3,3,2,3,2,3,1,3,3,2,2,3,3,2,0,3,2,2,3,2,3,2,2,2,2,2,3,3,2,3,3,3,3,3,,2,2,3,3,3,3.0,2,2,3,3,2,2,3,3,2,2,,2,2,2,,3,2,2,3,3,2,3,2,2,3,3,,3,2,3,3,2,1,3,,3,,,2,3,3,3,2,2,3,3.0,1,3,2,3,3,,2,,3,3,3,,2,3,3,,,4.0,,3,,3,3,3,3,2,2,3,2,3.0,3,3,3,,2,3,3,3,3,,,2,2,2,3,2,2,2,,3,2,2,,3,3.0,,3,3,,2,3.0,3,3,2,2,,,2,,3,3,3,3,3.0,3,3,3,,,,3,3,2,2,4.0,3,3,3,2,3,,3,3,3,3,3,3,3,3.0,3,2,3,3,3,2,3,3,1,2,3.0,3,3,3,3,2.0,4.0,3,2,2,3,,3,2,3,2,,2,4.0,3,,3.0,,,,3,2,3.0,3,3,4.0,,3,,,,3,3,3,3.0,,4.0,3,3,,3,3,,,3,,3,,3,,,3,3,3,3,,3,3,3,4.0,3,3,2,2,3,2,3,3.0,3,3,3,2,2.0,2,,2,2,,4.0,3,,2,3,,,3,2,,3,4.0,,,,2,3,,,4.0,3,,3,3,3,,3,4.0,,3,3,2,2,,2,3,,,,,3,0,3,,3,3.0,,3,,3.0,,,3,3,,2,,,3,,3,0,4.0,,3,,,3,,,3,3,,,,3,,,4.0,,3,3,3,3,3,3.0,3,3,3,3,,,3,3,3,,3,2,4.0,3,3,3,3,,1,3,3,2,2,3,3,2,3,,3.0,,,,,,4.0,,3,,3,2,3,3,3,2,3,3,3,,,,,,2,3,,,3,,,3,3,,,3,,3,,4.0,4,3,3,,3,4,,4.0,3,,,3,3,,,,,,4.0,,,3,3,,,,21,3,1.0971036798656781,-0.6639022276218332
3,2,2,2,2,1,2,2,2,3,2,2,2,2,2,1,2,2,2,2,2,1,3,1,2,2,2,1,0,2,1,1,2,2,2,2,1,1,2,2,2,2,2,3.0,1,2,2,2,2,3,3,2,3,2,2,2,2,2,2,2,2,3,1,2,2,2,2,3,2,2,2,3,3,3,2,2,3,2,2,2,2,2,0,2,2,3,1,2,2,2,2,2,2,1,3,2,1,3,2,2,2,2,3,2,3,2,1,2,2,3,3,3,3,2,2,1,1,0,2,3,3,1,3,2,1,2,3,2,2,2,2,2,2,1,2,0,2,2,2,2,2,2,2,2,3,2,2,2,3,3,3,2,2,2,2,2,3,3,2,2,1,2,2,2,2,1,2,2,2,1,1,2,1,2,2,3,3,2,3,2,2,2,3,1,1,3,1,2,2,2,2,2,3,3,2,2,3,2,2,2,3,2,3,2,3,2,2,2,2,2,2,1,2,3,2,2,2,3,2,2,3,2,2,2,2,2,2,3,2,2,2,3,2,2,2,2,2,2,2,3,3,3,2,2,2,2,3,3,3,2,3,2,1,2,2,2,1,3,2,2,3,2,2,2,2,3,3,3,2,2,2,2,2,3,2,2,3,3,2,2,2,2,2,2,2,2,2,2,3,3,2,2,2,0,3,2,2,3,2,3,2,2,2,1,2,2,2,3,2,2,2,2,2,3,2,3,2,3,2,3,3,2,3,2,3,2,2,2,3,2,3,3,3,2,3,3,2,2,1,2,2,3,2,3,3,2,2,3,3,2,3,2,3,2,3,2,2,2,3,3,2,2,1,2,2,1,2,2,2,2,2,2,2,2,2,2,3,2,3,3,3,3,3,3,3,3,3,3,3,2,2,3,3,2,3,2,3,3,4.0,2,2,2,0,3,2,2,3,2,2,1,2,2,2,2,4.0,3.0,3.0,2,2,2,1,2,2,2,2,2,2,2,2,2,2,3,3,3,2,3,3.0,2,1,2,2,2,2,2,2,2,3,2,2,,2,3,2,2,2,2,,2,2,2,2,3,2,,2,3,2,2,2,2,2,2,3,2,2,,3,3,2,4.0,2,2,2,2,2,2,2,3,3,2,2,2,2,2,1,2,2,3,2,3,3,3,3,3,2,3,2,3,2,2,2,3,3,2,3,2,3,3,2,2,2,3,3.0,2,,2,2,3,3,2,3,2,3,2,3,3,3,2,3,3,2,2,2,2,2,2,2,3,2,2,2,2,2,3,3,2,3,2,3,3,2,,2,2,2,3,3,3.0,2,2,3,2,2,2,3,3,2,3,,3,2,2,,3,3,2,3,2,2,2,2,2,3,3,,3,3,3,3,3,2,2,,3,,,2,3,3,2,2,2,3,2.0,2,3,3,3,2,,3,,3,0,3,,2,3,3,,,4.0,,3,2.0,3,2,3,3,2,2,3,3,4.0,3,2,3,,2,3,2,2,3,,,1,2,3,3,3,2,2,,3,3,2,,3,3.0,,3,3,,2,4.0,3,3,3,3,,,2,,3,3,2,3,4.0,3,3,3,,,,0,2,3,2,4.0,3,3,3,2,3,,3,3,3,3,0,3,3,,2,2,3,2,3,2,3,2,3,2,,2,3,3,3,3.0,4.0,3,2,2,3,,3,3,2,2,,2,4.0,3,4.0,3.0,,,,3,2,4.0,3,3,4.0,,3,,,,3,3,3,3.0,,4.0,3,3,,3,2,,,2,,3,,3,,,3,3,3,3,,2,3,3,3.0,3,2,2,3,3,2,3,4.0,3,2,3,2,3.0,2,4.0,2,3,,4.0,3,,2,3,,,3,2,,3,4.0,,,,3,4,,,3.0,2,,2,3,3,,3,4.0,,2,3,2,3,,2,2,,,,,3,3,2,,4,3.0,,3,,3.0,,3.0,2,3,,3,,,2,,3,3,4.0,,3,,,2,,4.0,3,2,,,,2,,,4.0,,3,3,3,3,3,,3,3,3,2,3.0,,3,3,3,,3,3,4.0,0,3,3,3,,3,3,3,2,3,3,3,3,3,,4.0,,3.0,4.0,,,3.0,,3,,3,3,3,3,2,3,3,2,3,,,,,4.0,2,3,,,3,,,3,2,,,3,,3,,3.0,3,3,3,,3,3,,3.0,2,,,3,3,,,,,,3.0,,,3,3,,4.0,,22,3,1.1043233082706767,-0.6857257840173604
2,2,2,1,2,2,2,2,2,3,2,2,2,2,2,2,2,2,1,1,2,2,3,2,3,2,3,2,2,2,2,2,3,3,3,2,2,3,3,2,3,1,1,3.0,2,2,2,2,2,2,2,2,2,2,2,2,2,2,2,2,2,2,1,2,1,2,1,2,2,2,2,2,3,3,2,3,3,2,2,2,1,1,1,1,2,2,1,1,2,2,2,2,2,1,1,2,2,3,2,2,2,3,3,2,2,2,2,0,2,3,3,3,3,2,2,2,2,2,2,3,2,1,3,2,2,2,3,2,1,1,2,2,1,1,2,2,2,2,2,1,1,2,1,2,2,2,2,2,3,2,2,2,2,1,2,2,3,2,1,2,1,2,2,2,2,2,0,2,2,2,2,2,2,2,2,3,2,2,3,2,2,2,2,1,2,3,2,1,2,2,2,2,3,2,2,2,2,2,2,2,2,0,2,2,2,2,2,2,2,1,1,2,2,3,2,2,2,2,2,2,3,2,2,2,3,2,2,3,2,2,2,2,2,1,2,2,0,2,2,2,2,2,2,2,2,2,3,3,3,1,3,2,1,2,2,2,2,3,2,3,3,2,3,2,2,3,3,3,2,1,2,2,2,2,2,2,3,3,2,2,2,2,2,1,2,2,2,2,2,3,1,2,2,3,2,2,2,3,3,2,2,2,2,1,2,2,2,2,2,2,2,3,2,3,1,3,2,3,2,2,2,3,2,2,2,2,2,2,3,2,3,3,3,1,2,2,2,2,2,3,2,3,2,2,3,2,2,3,3,2,3,2,2,2,3,2,2,2,3,3,3,2,2,2,3,2,2,2,2,2,3,2,2,2,3,2,2,2,3,2,2,3,3,3,3,3,3,2,2,2,3,3,3,2,3,2,3,3,3.0,2,2,2,3,2,2,2,3,3,2,2,1,2,2,2,4.0,,3.0,2,2,2,1,2,2,2,2,2,2,2,2,2,2,2,3,2,1,3,4.0,3,2,3,2,1,3,2,3,2,2,2,2,,2,3,2,2,2,3,,2,2,2,2,2,2,,2,3,2,2,2,3,3,2,3,2,2,,3,3,2,3.0,2,2,2,2,2,2,2,3,3,2,2,3,2,1,2,2,2,3,2,2,3,3,3,3,2,3,2,3,2,2,3,3,3,1,3,2,3,3,2,3,1,3,4.0,3,,2,2,3,3,2,3,2,2,2,3,3,2,3,3,3,2,2,3,2,2,2,2,2,2,2,2,2,2,3,2,3,3,2,3,2,2,,2,2,2,3,3,3.0,0,2,3,2,2,2,3,3,2,2,,3,2,3,,3,3,2,2,3,2,3,2,2,2,2,,3,2,3,2,2,2,2,,3,,,2,3,3,2,2,2,3,4.0,2,3,3,3,3,2.0,3,,3,3,3,,2,3,3,,,4.0,,3,,3,2,3,3,2,2,2,2,4.0,3,2,3,,2,3,2,3,3,,,2,2,2,3,2,2,2,,2,2,3,,3,3.0,,3,2,,2,4.0,3,2,3,3,,,2,,2,2,2,3,3.0,3,2,0,0.0,,,3,3,2,2,4.0,3,3,2,2,3,,3,3,3,2,3,3,3,,3,2,3,3,3,2,3,3,3,2,,2,3,3,3,,4.0,3,2,1,3,,2,2,3,2,,2,4.0,3,,3.0,,,,3,3,4.0,3,3,3.0,,3,,,,2,3,3,3.0,,4.0,3,2,,3,2,,,3,,3,,3,,,3,2,3,3,,3,3,3,3.0,3,3,2,2,3,2,2,4.0,2,3,3,2,3.0,1,,2,3,,4.0,3,,2,3,,,2,3,,3,4.0,,,,2,3,,,3.0,2,,3,3,3,,3,4.0,,2,3,2,3,3.0,2,3,0.0,,,,3,3,3,,3,3.0,,3,,3.0,,,3,3,,2,,,3,,3,3,4.0,,3,,3.0,2,3.0,,3,2,,,,3,,,4.0,,3,3,3,2,2,,3,3,3,3,,,2,2,3,,3,3,4.0,2,3,2,3,,3,3,3,2,3,3,3,2,3,,4.0,0.0,,,,,3.0,,3,,3,2,3,3,3,2,2,3,3,,,,,,2,3,,,3,,,3,2,,,2,,3,2.0,4.0,3,3,3,,3,0,,4.0,3,,,3,3,,,,,,4.0,,,1,3,,,,23,3,1.108969416602416,-0.6674935958912077
2,2,2,2,2,2,2,3,2,2,2,2,2,2,2,2,1,1,2,2,2,2,3,2,3,3,3,2,2,2,2,2,3,3,3,2,2,3,3,3,3,2,1,3.0,2,2,2,3,3,3,3,2,2,2,2,2,3,3,2,3,2,2,1,2,2,2,3,3,2,2,3,3,3,2,1,3,3,2,2,2,2,2,1,1,2,2,2,2,3,2,2,2,3,2,2,2,2,3,3,2,2,3,3,2,2,2,2,2,2,3,3,3,3,2,2,2,2,2,2,3,2,1,3,3,2,2,3,2,1,2,2,2,2,2,3,3,3,2,3,2,2,2,1,0,2,2,2,2,2,3,2,2,2,2,2,2,2,2,2,2,1,2,2,2,2,2,1,2,2,2,2,3,2,2,2,3,3,2,3,2,2,2,2,2,2,3,2,2,2,2,2,2,3,3,2,3,2,2,2,2,2,1,3,2,2,2,2,2,1,2,2,2,2,3,2,2,2,2,1,2,2,2,2,2,2,2,0,2,2,3,2,2,2,2,2,3,2,2,3,3,3,3,2,2,3,2,3,3,2,2,2,3,2,2,2,2,1,3,2,3,3,2,2,2,3,3,3,3,2,2,3,2,3,3,3,2,3,3,2,2,2,2,2,1,3,2,3,3,2,3,2,3,2,3,3,2,2,2,3,3,2,2,3,2,2,3,2,2,0,2,2,2,2,2,1,2,2,2,2,3,2,2,3,3,3,3,2,2,3,2,3,3,3,2,3,3,3,2,2,3,2,2,2,2,3,2,3,2,3,3,3,2,2,2,3,2,2,2,3,3,3,2,2,2,3,2,2,2,2,3,3,2,2,2,3,2,2,1,2,2,2,3,3,3,3,2,3,2,2,2,2,3,3,2,2,2,3,3,3.0,3,3,2,3,2,2,1,3,3,3,3,2,2,3,3,4.0,3.0,4.0,2,2,1,2,3,2,2,1,2,2,2,3,2,1,2,3,2,1,3,4.0,3,2,3,2,2,3,3,3,2,3,3,2,,2,3,3,2,2,3,,3,2,2,2,3,2,,2,3,3,2,2,3,3,2,3,2,2,,3,3,2,4.0,2,2,2,2,2,3,2,3,3,2,2,3,2,2,2,0,3,3,2,3,3,3,3,3,3,0,2,3,2,2,3,3,3,2,3,3,3,3,2,3,2,3,4.0,3,,3,2,3,3,3,3,2,3,2,3,3,3,3,3,3,3,2,3,2,2,3,2,3,2,2,2,2,2,3,3,3,3,2,3,2,2,,3,3,3,3,3,3.0,2,3,3,3,2,3,3,3,2,2,,3,3,3,4.0,4,3,3,3,3,2,3,2,3,2,2,,3,3,3,3,3,2,3,,3,,,2,3,3,3,2,2,3,4.0,2,3,3,3,3,,3,,3,3,3,,3,3,3,,,4.0,,3,,3,3,3,3,2,2,3,3,3.0,3,2,2,,3,3,2,3,3,,,3,3,3,3,3,2,2,,3,2,3,,3,4.0,,3,3,,3,4.0,3,3,3,3,,,3,,2,3,3,2,3.0,3,3,3,,,,3,3,2,3,4.0,3,3,3,2,3,,3,3,3,3,3,3,3,,3,2,3,3,3,2,3,3,3,3,,3,3,3,3,,4.0,3,2,2,3,,3,2,3,3,,2,4.0,2,,4.0,,,,2,3,3.0,3,3,3.0,,3,,,,2,3,3,3.0,,4.0,3,0,,4,3,,,3,,3,,3,,,3,3,3,3,,3,3,3,4.0,3,3,3,3,3,2,3,3.0,3,3,3,2,3.0,2,,3,3,,4.0,3,,2,3,,,3,3,,3,4.0,,,,3,3,,,4.0,3,,3,3,3,,3,4.0,,3,3,2,3,,2,3,,,,,3,3,3,,3,3.0,,2,,3.0,,,3,3,,2,,,3,,3,3,4.0,,3,,,2,,,3,2,,,,3,,,4.0,3.0,3,3,3,3,3,,3,4,3,3,,,2,2,3,,3,3,4.0,3,3,3,3,,3,3,3,2,3,3,3,3,3,,4.0,,,,,,4.0,3.0,0,,3,2,3,3,3,3,3,3,0,,,,0.0,,2,3,,,4,,,3,3,,,3,,3,,4.0,3,3,3,,3,4,,4.0,3,,,3,3,,,,,,0.0,,,3,3,,,,24,3,1.0874539715938982,-0.6726694428202624
3,3,2,2,2,2,3,3,3,4,3,3,3,2,3,2,2,2,3,3,2,2,3,2,2,2,2,2,2,2,2,2,2,2,2,0,2,1,2,2,2,2,2,4.0,3,2,2,3,2,3,3,2,3,3,3,3,3,3,3,3,2,3,2,2,2,3,3,3,3,3,3,3,3,3,3,3,3,3,3,2,2,2,2,2,3,3,2,2,3,2,3,3,3,2,3,2,2,3,3,3,3,3,3,3,3,2,2,2,3,3,4,4,3,2,2,2,2,3,2,3,3,2,3,2,3,3,3,2,1,2,3,3,3,2,3,2,2,2,3,3,2,3,2,3,3,3,3,3,3,3,2,2,2,3,3,2,3,3,2,2,1,3,3,3,2,1,2,3,2,1,2,3,3,3,3,3,3,3,4,3,3,3,3,2,2,4,3,3,3,3,3,3,3,2,3,3,3,3,3,3,3,2,3,3,3,3,3,3,3,2,2,2,2,4,2,2,3,2,2,3,2,3,2,0,3,3,2,3,2,2,3,3,3,2,2,3,2,2,3,3,2,0,1,2,3,3,4,4,3,2,3,2,2,3,2,3,2,3,3,3,3,2,3,3,3,4,4,4,3,3,3,3,3,0,3,3,3,3,2,0,2,3,2,2,3,3,2,3,3,4,2,3,3,3,3,3,3,3,3,3,2,2,3,2,3,3,2,3,3,3,3,3,3,3,2,3,2,3,3,3,3,3,3,3,4,3,3,3,3,2,2,3,4,2,3,3,2,2,2,2,2,3,3,3,4,3,3,3,4,3,3,3,3,3,4,2,3,3,4,4,3,3,2,2,3,2,2,2,3,3,3,2,3,3,3,3,3,2,3,3,3,3,4,4,3,3,4,3,3,3,3,4,3,3,3,3,3,3,4.0,3,3,3,3,3,3,2,3,3,3,2,3,3,3,3,,,4.0,3,3,2,3,3,3,3,2,3,3,2,2,3,3,3,4,3,2,3,4.0,3,2,3,3,3,3,3,3,3,3,3,2,,2,4,4,3,3,2,,3,3,3,2,3,3,,2,3,3,3,2,3,3,3,4,3,3,,4,4,3,4.0,2,3,3,3,3,3,2,4,4,3,2,3,2,3,2,1,3,3,3,3,4,4,4,4,3,4,3,3,3,3,3,3,3,3,4,3,3,3,3,3,2,3,4.0,3,,4,2,3,4,3,3,3,3,2,4,3,3,3,4,3,3,3,3,3,3,3,3,3,3,2,3,3,3,4,3,4,3,3,4,3,3,,3,3,3,4,4,4.0,3,3,4,3,3,3,4,4,3,3,,3,3,3,,4,4,3,3,2,3,2,3,2,3,3,,3,3,4,3,3,3,3,,4,,,3,4,3,3,3,3,4,,3,4,3,4,3,,3,,3,3,3,,3,4,4,,,,,3,,3,3,3,3,2,3,3,3,4.0,4,3,4,,3,3,3,2,4,,,3,3,3,3,3,3,2,,4,3,3,,4,4.0,,0,3,,3,4.0,4,3,3,3,,,3,,3,3,3,3,4.0,3,4,4,,,,3,3,4,3,,3,4,4,3,4,,3,4,4,4,3,3,4,,3,3,4,3,4,3,4,3,3,3,,3,3,3,4,,4.0,4,3,3,4,,3,3,3,4,,3,4.0,3,,4.0,,,,3,3,0.0,3,4,4.0,,3,,,,3,3,4,4.0,,4.0,3,3,,3,3,,,3,,4,,4,,,4,4,3,3,,3,3,4,,4,3,3,3,3,1,3,4.0,3,3,4,3,4.0,2,4.0,3,4,4.0,,3,,3,4,,,3,3,,4,4.0,4.0,,,3,4,,,4.0,3,,3,4,3,,4,,,3,3,3,3,,2,3,,,,,4,4,4,,4,4.0,,3,,4.0,,,0,3,,2,,,3,,3,3,4.0,,4,,,3,,,4,3,,,0.0,2,,,,,3,4,4,3,3,,4,4,4,3,,,3,3,3,,3,3,,3,3,3,3,,3,3,3,2,3,4,4,3,4,,4.0,,,3.0,,,4.0,,4,,3,3,4,4,3,3,4,4,4,,,,,,2,3,,,4,,,3,3,,,3,,3,,3.0,3,3,3,,3,4,,4.0,3,,,3,0,,,,,,4.0,,,4,3,,,4.0,25,3,1.1058495821727024,-0.6216985611338948
3,2,2,2,2,2,3,3,2,3,2,2,2,2,3,2,2,2,2,2,2,2,3,2,3,3,3,2,2,2,2,2,3,2,3,2,2,3,2,3,2,2,2,4.0,2,2,2,2,2,3,3,2,3,3,2,2,3,2,2,2,3,2,1,2,2,2,2,3,2,2,2,3,2,2,2,3,3,2,2,2,2,2,1,2,2,2,1,2,3,2,2,2,1,2,3,3,2,3,2,2,2,3,3,2,2,2,1,1,3,3,3,3,3,2,2,1,2,2,3,2,3,1,3,2,2,2,3,2,2,2,2,2,2,2,3,2,2,2,3,2,2,2,1,2,2,1,3,2,3,3,2,2,2,2,2,2,2,1,2,2,1,2,2,2,2,1,1,3,2,1,2,2,2,2,2,3,3,3,3,2,2,2,3,2,2,3,2,2,2,2,2,2,3,3,3,3,3,3,3,3,2,2,3,2,3,3,2,3,2,2,2,2,2,3,2,2,2,2,2,3,3,2,2,2,3,2,2,3,2,2,2,3,2,2,2,3,2,2,2,3,3,3,2,3,3,2,3,3,2,2,2,2,2,2,1,2,2,3,2,2,2,2,3,2,2,3,3,3,2,2,3,2,3,3,3,3,3,3,2,2,2,2,2,2,2,2,3,2,2,3,2,3,2,3,3,2,2,3,2,3,2,2,2,2,3,3,2,3,2,3,2,1,2,3,2,3,2,3,2,3,2,3,3,3,3,3,2,2,3,2,3,3,3,1,3,3,1,2,2,2,2,3,2,2,3,2,3,2,3,3,3,2,2,2,3,2,2,2,3,3,3,2,2,2,3,2,0,2,2,3,2,2,2,2,3,2,2,2,3,3,2,3,3,3,3,2,3,2,2,3,3,3,3,2,3,2,3,3,3.0,3,2,2,3,3,2,2,3,3,3,2,2,2,3,2,,,3.0,2,2,2,2,2,2,2,2,3,2,2,2,2,2,3,3,3,2,3,3.0,2,2,3,2,1,3,2,3,2,3,3,2,,2,3,3,0,2,2,,2,2,2,2,3,2,,2,3,2,2,2,3,3,3,3,2,2,3.0,3,3,2,4.0,2,3,2,2,3,2,2,3,3,2,2,3,2,2,2,2,3,3,2,3,3,3,3,3,2,3,2,3,2,2,3,3,3,2,3,3,3,3,2,3,2,2,4.0,3,,3,2,3,3,2,3,0,3,2,3,3,3,2,3,3,2,2,3,3,2,3,2,3,2,2,2,2,2,3,3,3,3,3,3,2,2,,3,3,3,3,3,4.0,2,3,3,2,3,2,3,3,2,2,,3,3,2,,4,3,3,3,3,2,3,2,3,3,3,,3,2,3,3,3,2,3,,3,,,3,3,3,3,2,2,3,4.0,2,3,3,3,3,,3,,3,3,3,,2,3,4,,,4.0,,3,,3,3,3,3,2,2,3,3,4.0,3,3,3,,3,3,2,3,3,,,3,2,3,3,2,2,3,,3,2,3,,3,4.0,,0,3,,2,4.0,3,2,3,3,,4.0,2,,2,3,3,3,4.0,3,3,3,,,3.0,3,3,3,2,4.0,3,3,3,2,3,,3,3,3,3,3,3,3,,3,2,3,3,3,2,3,3,3,2,,3,3,0,0,,4.0,3,2,2,3,,3,3,2,3,,2,3.0,1,,4.0,,,,3,3,4.0,3,3,3.0,,3,3.0,,,3,3,3,4.0,,4.0,3,3,,3,3,4.0,,3,,3,,3,,,3,4,3,3,,3,3,3,4.0,4,3,3,3,3,1,3,4.0,3,0,4,0,3.0,2,,2,3,,4.0,3,3.0,2,3,,,3,3,,3,4.0,,,,3,3,,,3.0,3,,3,3,3,,0,3.0,,3,3,2,3,,2,2,,,,,3,3,3,,3,4.0,,3,,4.0,,,3,3,,2,,,2,,3,3,4.0,,3,3.0,,3,,4.0,3,2,,,,2,,,4.0,,3,3,3,3,3,,3,3,3,2,,,3,3,3,,3,3,4.0,3,3,3,3,,3,3,3,2,3,3,3,3,3,3.0,4.0,,3.0,,,,4.0,,3,,3,2,3,3,3,2,4,3,3,,,4.0,,,2,3,,,3,,,3,2,,,3,4.0,3,,3.0,3,3,3,,3,0,,4.0,1,,,2,3,,,,,,4.0,,,3,3,,,,26,3,1.0936599423631126,-0.6752116016530568
2,2,2,2,1,2,2,3,2,3,0,2,2,2,2,2,2,2,2,2,1,2,3,0,2,2,2,2,1,2,1,2,2,2,2,2,2,2,2,2,2,2,2,3.0,2,2,2,2,2,3,3,2,3,3,3,2,3,2,2,2,3,2,2,2,1,2,2,3,2,2,3,3,3,3,2,3,3,2,2,2,2,2,2,2,2,2,1,2,3,2,2,3,2,2,3,3,2,3,3,2,2,3,2,2,3,2,2,2,2,2,3,3,3,2,2,2,2,2,2,2,3,1,3,3,2,2,3,2,2,2,2,2,2,2,2,2,2,2,2,3,3,2,1,2,3,2,3,2,3,3,3,2,2,2,2,3,3,3,2,3,1,2,2,2,3,1,2,3,2,2,2,2,2,2,2,3,3,2,3,2,2,3,3,2,2,3,3,2,2,2,2,2,3,3,2,3,2,2,2,2,3,2,3,2,3,3,2,3,2,2,2,2,2,3,3,2,2,2,2,3,2,2,2,0,3,3,2,3,2,0,2,3,2,2,2,3,2,3,2,3,3,3,3,3,3,2,3,3,2,2,3,2,2,2,2,2,2,3,2,3,3,2,3,2,3,3,3,3,1,2,3,2,3,3,2,2,3,3,2,3,2,2,2,2,3,2,3,3,2,3,2,3,3,3,3,2,2,3,3,3,2,2,2,2,2,2,2,3,2,2,2,2,3,3,2,3,2,3,2,3,2,3,3,2,2,2,2,2,3,2,3,3,3,1,3,3,2,2,2,2,2,3,3,2,3,3,3,3,4,3,3,3,3,2,3,2,2,2,3,3,3,2,2,2,3,2,1,2,2,3,3,2,2,3,3,2,3,2,3,3,3,3,3,4,3,3,3,2,3,3,3,3,3,2,3,2,3,2,4.0,3,2,2,3,3,2,1,3,3,2,2,3,2,2,3,4.0,,3.0,2,3,2,2,2,3,2,2,2,2,2,3,3,2,2,3,2,1,1,4.0,3,2,3,2,2,3,2,2,2,3,3,3,,2,3,3,2,3,2,,3,2,2,2,3,3,,2,3,2,2,2,3,3,2,3,2,2,,3,3,2,4.0,2,3,2,2,2,2,2,3,3,2,2,3,2,2,2,2,2,3,2,3,3,3,3,3,2,3,2,3,2,2,3,3,3,2,3,3,3,3,2,2,2,3,4.0,3,,3,2,3,2,3,3,2,2,2,3,3,2,2,3,3,2,2,3,3,3,2,2,3,2,2,2,2,2,3,3,3,3,3,3,3,2,,3,3,3,3,3,3.0,3,3,3,3,2,3,0,3,3,2,,3,3,3,,2,3,3,0,2,2,2,3,3,2,2,,3,3,3,3,3,2,3,,3,,,3,3,3,3,2,2,3,4.0,2,3,4,3,3,,3,,3,3,3,3.0,2,4,3,,,4.0,,3,,3,3,3,3,3,3,3,3,0.0,3,2,3,,3,3,3,2,4,,,2,3,3,3,2,3,3,,3,3,3,,3,4.0,,3,3,,3,4.0,3,2,3,3,,,2,,3,3,2,3,4.0,3,3,3,,,4.0,3,3,3,3,4.0,3,3,3,3,3,,3,3,3,3,2,3,3,,3,3,3,3,3,3,3,3,3,2,3.0,3,3,3,3,,4.0,3,2,2,4,,3,3,3,3,,2,4.0,2,,4.0,,,,0,3,4.0,3,3,4.0,,3,,,,3,2,3,4.0,0.0,4.0,3,3,,3,3,,,3,,3,,0,,,3,4,3,3,,3,3,3,4.0,3,3,2,3,3,2,3,4.0,3,3,4,3,4.0,2,,3,3,,4.0,3,,2,3,,,2,3,,3,4.0,,3.0,,3,4,,,3.0,3,,3,3,3,,3,4.0,,3,3,2,3,,2,3,,,,,3,3,3,,4,3.0,,3,,3.0,,,3,3,,3,,,3,,3,3,4.0,,3,,3.0,2,,,3,2,,,3.0,3,,,4.0,,3,3,3,3,3,,3,3,3,2,,,3,3,2,,3,3,4.0,3,3,3,3,,3,3,3,2,3,3,3,3,3,,4.0,,,,,,3.0,,3,,3,2,4,3,3,3,3,3,3,,,,,,2,3,,,3,,,3,1,,,3,,3,,4.0,3,3,3,,3,3,,4.0,3,,,3,3,,,3.0,,,4.0,,,3,3,,,,27,3,1.1050907602019928,-0.6905473657427522
2,2,2,2,1,1,1,2,2,2,2,2,2,1,2,2,1,1,1,2,2,0,1,2,2,2,2,2,1,2,2,2,2,2,2,2,2,3,2,2,2,1,2,3.0,1,2,1,1,2,2,2,2,2,2,2,2,2,2,1,2,2,2,1,0,1,2,2,2,1,2,2,2,3,2,1,3,2,2,2,2,1,1,1,1,2,2,1,1,2,2,2,2,2,2,2,2,2,2,2,2,2,2,2,2,2,1,1,1,2,2,3,3,3,2,1,1,2,2,2,3,2,1,3,2,2,2,2,2,1,1,2,2,2,1,2,2,1,1,0,2,2,2,2,2,2,1,2,2,2,2,2,2,2,1,1,0,2,2,2,2,1,2,2,2,2,2,1,2,1,1,2,2,1,2,1,2,2,2,3,2,2,2,1,1,1,2,2,2,1,2,2,2,2,2,2,2,2,2,2,2,2,2,3,2,2,2,2,2,1,1,1,1,1,2,2,2,2,2,2,2,2,1,2,2,2,2,2,2,2,2,2,2,2,2,2,2,2,2,2,2,2,2,2,2,2,2,3,3,2,1,2,2,1,2,1,1,1,3,2,2,3,2,2,2,2,3,2,3,2,1,2,2,2,2,2,2,2,3,2,2,1,2,1,1,2,1,2,2,2,3,2,2,2,2,2,2,2,2,2,0,2,1,2,1,2,2,2,2,2,2,2,2,2,2,2,2,2,2,2,2,1,2,2,2,2,2,1,2,3,1,3,2,3,1,3,3,2,1,2,2,2,3,2,2,3,2,2,2,3,2,2,2,2,2,3,1,2,2,2,3,2,2,2,1,2,1,1,1,2,2,2,1,2,2,2,2,2,2,2,2,2,2,3,3,2,2,3,2,2,2,2,0,2,1,2,2,2,2,3.0,2,2,2,2,2,1,1,2,3,1,2,2,2,1,2,3.0,,3.0,2,2,0,1,2,1,2,0,2,1,2,2,2,2,2,3,2,1,3,3.0,2,2,3,2,2,2,2,2,1,2,2,2,,2,3,3,2,2,2,,2,2,2,2,2,1,,2,2,2,2,2,2,2,2,3,1,2,3.0,3,3,2,3.0,2,2,2,2,2,2,1,3,3,2,2,3,2,1,2,1,2,2,2,2,3,3,3,3,2,3,2,3,2,2,3,2,2,1,2,2,2,2,1,2,1,2,3.0,2,,2,2,2,2,2,2,2,2,1,3,3,2,1,3,3,2,2,2,2,2,2,1,2,2,2,2,2,2,3,3,3,3,2,3,2,2,,2,2,2,3,3,3.0,2,2,3,2,2,2,3,3,2,2,,2,2,2,,3,2,2,2,2,2,2,2,2,2,2,,2,2,3,2,2,2,2,,3,,,2,3,3,2,2,2,3,,1,3,3,2,3,,2,,3,2,2,,2,3,3,,,3.0,,2,,3,2,3,2,2,2,2,2,3.0,3,2,3,,2,2,2,2,3,,,2,2,2,2,2,2,2,,2,2,2,,3,3.0,,2,2,,2,3.0,2,2,2,2,,,2,,2,2,2,2,0.0,2,3,3,,,,2,3,3,2,3.0,2,3,3,2,3,,3,3,2,3,3,3,3,,3,2,3,3,3,2,2,2,3,2,,2,2,3,3,,3.0,2,1,2,3,,2,2,2,2,,2,3.0,2,,3.0,,,,2,2,3.0,2,2,2.0,,2,,,,2,2,3,3.0,,3.0,3,2,,3,2,1.0,,2,,3,,3,,,3,3,2,2,,2,2,3,3.0,3,2,2,2,3,2,2,3.0,2,3,3,2,3.0,0,,2,3,,,2,,2,3,,,2,2,,3,,,,,2,3,,,3.0,2,,2,3,2,,3,,,2,2,2,2,,2,2,,,,,2,3,3,,3,3.0,,2,,3.0,,,2,3,,1,,,2,,3,3,,,3,,,2,,,3,2,,,,2,,,,,3,2,3,2,2,,3,3,3,2,,,2,2,3,,2,3,,2,2,2,3,,3,3,2,1,3,3,3,2,3,,3.0,,,,,,3.0,,3,,2,2,3,3,2,2,1,2,3,,,,,,2,3,,,3,,,2,2,,,2,,2,,2.0,3,2,2,,3,3,,3.0,3,,,2,3,,,,,,3.0,,2.0,3,3,,,,28,3,1.0857107262987418,-0.6770357647539919
2,2,2,2,2,3,3,3,3,3,2,3,2,3,2,2,3,1,1,2,2,2,3,2,3,3,3,3,2,3,3,2,3,3,3,2,2,3,3,3,2,2,2,4.0,2,2,2,2,3,3,3,3,3,3,2,2,3,2,2,3,2,2,2,2,2,2,3,3,2,2,2,3,3,3,2,3,3,2,2,3,2,2,1,2,2,2,2,2,3,2,3,3,1,3,3,3,2,3,3,3,2,3,3,2,2,2,2,1,3,3,3,3,3,2,2,2,2,3,3,0,2,2,3,3,2,3,3,2,2,2,2,1,2,2,3,3,3,2,3,3,3,2,1,2,3,2,2,2,3,2,2,2,2,2,2,2,2,2,2,3,1,2,2,2,3,2,2,2,2,2,2,3,2,2,2,3,3,2,3,2,2,0,2,2,2,3,3,2,3,2,3,2,3,3,2,3,3,3,3,2,3,2,3,3,3,2,3,2,3,2,2,2,2,3,2,2,2,2,2,2,3,2,2,2,3,2,2,3,2,3,2,2,2,2,3,3,2,3,3,3,3,3,3,3,3,3,3,4,3,2,2,2,2,2,2,2,2,0,2,3,3,2,2,2,3,3,3,3,3,2,3,2,3,3,3,3,3,3,1,2,2,2,2,2,2,2,3,2,3,3,2,2,2,3,3,0,2,3,3,3,2,2,3,1,3,3,3,3,2,3,2,3,2,3,2,2,2,2,2,3,2,2,3,3,3,3,2,2,3,2,3,3,3,2,3,3,3,3,2,3,2,3,2,2,3,2,3,2,3,3,3,2,3,2,3,2,2,2,3,3,3,3,2,2,3,2,2,2,1,3,3,2,3,2,3,2,2,1,2,2,2,2,3,2,2,2,2,2,2,2,2,2,2,2,2,2,3,2,3.0,3,2,2,3,3,2,2,3,3,3,3,2,2,3,3,4.0,,4.0,3,2,2,2,3,2,3,2,3,2,1,3,3,3,2,3,3,2,3,4.0,3,2,3,3,2,3,2,3,3,3,3,3,,2,3,3,2,2,2,,3,2,2,3,3,3,,2,3,3,2,2,3,3,3,3,3,2,,3,3,3,3.0,0,2,3,3,3,3,2,4,4,3,2,3,3,2,2,2,3,3,3,3,4,3,3,4,3,4,3,4,2,2,3,3,3,3,3,3,3,3,2,3,2,1,4.0,1,,3,2,3,3,3,2,2,2,2,3,3,3,3,3,3,3,2,3,2,2,3,2,3,2,2,2,2,2,3,3,3,3,3,4,3,3,,3,3,3,3,4,4.0,2,3,3,2,2,3,3,3,2,3,,3,3,3,,4,3,3,3,3,2,3,2,3,3,3,,3,3,3,3,3,2,3,,3,,,3,3,4,2,3,2,3,4.0,2,3,4,0,3,,2,,3,3,3,,3,3,4,,,4.0,,3,,4,3,3,3,3,3,3,3,3.0,0,3,3,,3,3,3,3,3,,,3,3,3,3,2,3,2,,4,2,3,,3,4.0,,3,3,,2,4.0,3,3,3,3,,,3,,3,3,3,3,4.0,3,3,3,,,,3,3,3,3,4.0,3,3,3,3,3,,2,3,3,3,4,3,3,,3,2,3,3,3,2,3,3,3,3,,2,2,4,3,,4.0,3,2,2,3,,3,3,3,3,,3,4.0,3,,4.0,,,,3,3,4.0,3,3,4.0,3.0,3,,,,3,3,3,3.0,,4.0,3,3,,4,3,,,3,,3,,4,,,3,3,3,3,,3,3,4,4.0,3,3,2,3,3,2,3,3.0,3,3,3,3,4.0,2,,3,3,,4.0,3,,2,3,,3.0,3,3,,3,4.0,0.0,,,3,3,,,4.0,3,,2,4,3,,3,4.0,,3,3,2,3,,2,3,,,,,3,3,3,4.0,3,4.0,,3,,4.0,,,3,4,,3,,,3,,3,3,4.0,,3,,,3,,,4,0,4.0,,,3,,,4.0,,3,3,3,3,3,,3,4,3,3,,,3,3,0,,3,3,4.0,3,3,3,3,,4,3,3,2,3,3,4,3,3,,4.0,,,,,4.0,4.0,,2,,3,2,4,3,3,3,3,3,3,,,,,,2,3,,,4,,3.0,3,3,,,3,,3,,4.0,3,3,3,,3,3,,4.0,3,,,3,3,,,,,,4.0,,,3,3,,,,29,3,1.1102960789543883,-0.6421836194285898
3,3,2,2,2,2,2,3,3,3,2,3,2,1,2,1,2,2,2,2,2,2,3,2,3,2,3,2,2,2,2,2,3,2,3,2,2,3,2,2,2,2,2,4.0,2,2,2,2,3,3,3,2,3,3,2,2,0,2,2,2,3,3,2,2,2,2,2,3,2,2,3,3,3,3,3,3,3,3,3,2,3,2,2,2,2,2,1,2,3,2,2,2,2,2,2,2,1,3,3,3,2,3,3,3,3,2,2,2,2,3,3,3,3,2,2,2,2,3,3,3,3,2,3,2,3,3,3,3,2,2,2,2,2,2,3,2,2,2,2,2,2,3,2,1,3,2,2,2,2,3,3,2,2,2,2,3,3,3,2,2,1,3,2,3,2,1,2,2,2,2,2,2,2,2,2,3,3,3,3,2,2,3,3,2,2,3,3,3,3,3,2,2,0,2,2,2,2,2,2,2,2,2,3,2,3,2,2,2,3,2,2,2,2,3,3,3,2,3,2,3,2,2,2,2,3,3,0,3,3,2,3,3,2,3,2,3,2,3,2,3,3,3,2,2,3,2,3,3,3,2,3,2,2,3,2,3,2,3,2,3,3,2,3,2,3,3,3,4,3,1,3,2,2,2,0,2,3,3,3,3,2,2,2,2,3,2,2,3,3,3,2,3,3,3,3,3,3,3,3,3,2,2,2,2,2,2,2,3,3,2,3,3,3,3,2,3,3,3,2,3,3,3,2,3,3,2,2,2,2,2,3,3,3,2,2,2,2,2,2,2,2,3,2,2,3,3,2,3,3,2,3,3,3,2,3,3,3,2,3,3,3,2,2,3,3,2,2,2,3,3,3,2,3,3,3,2,3,2,3,3,3,3,4,4,3,3,3,3,3,3,3,3,3,2,3,3,4,3,4.0,3,2,3,3,3,2,2,3,3,2,2,2,2,1,2,4.0,3.0,3.0,2,3,3,2,2,3,2,2,3,3,2,2,2,3,3,3,3,2,3,4.0,3,2,3,2,3,3,2,2,2,2,3,2,,2,4,3,3,3,3,,3,2,3,3,2,3,,2,3,3,3,3,3,3,3,4,3,2,4.0,3,3,2,4.0,2,2,2,2,2,3,2,3,3,2,3,3,3,3,2,3,3,3,3,3,4,3,3,4,3,3,2,3,3,2,3,3,3,3,0,3,3,3,3,3,2,3,4.0,3,,3,2,3,3,3,3,3,3,2,3,3,3,3,3,3,3,3,3,3,3,3,2,3,3,3,2,3,2,3,3,3,3,3,0,3,3,,3,3,3,4,4,4.0,3,3,3,3,3,3,4,3,3,3,,2,3,3,4.0,3,3,3,3,3,3,2,3,2,2,3,,3,3,3,3,3,2,3,,3,,,3,3,3,2,2,3,4,4.0,2,4,3,3,3,,3,,2,3,3,,3,4,4,,,4.0,,3,,4,3,3,3,3,3,3,3,4.0,3,3,3,,3,3,3,3,4,,,3,3,3,3,3,3,3,,3,3,3,,3,3.0,,3,3,,3,4.0,3,2,3,3,,,3,,3,3,3,3,4.0,2,3,3,,,,3,3,3,3,4.0,3,4,3,3,3,,3,3,3,4,3,3,3,,3,3,3,3,3,2,3,3,3,3,,3,3,3,4,3.0,4.0,3,3,3,3,,1,3,3,3,3.0,3,4.0,3,,3.0,,,,3,3,4.0,3,3,4.0,,3,,,,1,3,3,4.0,,4.0,3,3,,3,3,,,3,,4,,4,,,3,3,3,3,,3,3,4,4.0,3,3,2,3,3,2,3,4.0,3,3,4,3,3.0,0,,3,3,,4.0,2,3.0,3,3,,,2,3,,3,4.0,,,,3,4,,,0.0,3,,3,4,3,3.0,3,4.0,,3,4,2,3,4.0,2,3,,,,,3,4,3,,4,4.0,,3,4.0,4.0,,,2,3,4.0,3,,,3,,3,3,4.0,,3,,,3,,,3,3,,,,3,,,4.0,,4,3,3,3,3,,4,4,3,3,,,3,3,3,,3,3,4.0,3,3,3,0,,0,2,1,2,2,4,4,3,3,,4.0,,,,,,3.0,,4,,2,3,4,3,3,3,3,3,4,,4.0,,,,2,3,,,4,,,3,2,,,3,,3,,4.0,4,3,3,,3,3,,4.0,3,,,3,3,,,,,,4.0,,,3,3,,,,30,3,1.1188105842284521,-0.6685645308319342
3,2,2,2,2,2,2,3,2,3,2,2,2,2,2,2,2,2,2,2,2,1,3,2,3,2,3,2,2,2,2,2,2,3,3,2,2,2,3,3,3,2,2,3.0,2,2,2,2,3,3,3,2,3,3,2,2,3,2,2,3,2,2,2,2,2,2,2,2,2,1,2,3,3,2,2,3,3,2,2,2,0,2,1,2,1,3,2,2,2,3,2,2,2,2,2,2,2,3,3,2,2,3,3,2,2,2,1,1,3,3,3,3,3,2,2,2,2,0,2,3,3,1,2,2,2,2,3,2,2,1,0,2,2,1,2,3,3,2,3,2,2,2,2,2,2,2,2,2,2,2,2,2,2,2,2,2,2,2,2,3,0,2,2,2,2,2,2,2,2,2,2,2,2,2,2,2,3,2,3,2,1,2,3,2,1,2,2,2,2,1,2,2,3,2,2,3,3,3,3,2,3,2,3,2,3,3,2,2,2,2,2,2,1,3,2,2,2,2,2,2,3,2,2,1,3,2,2,2,2,3,2,2,2,2,2,3,2,2,3,3,3,3,2,2,3,2,3,3,3,2,2,3,2,2,2,2,2,2,2,2,2,2,2,2,3,3,3,3,2,2,2,3,2,3,2,3,3,2,2,2,2,2,2,2,2,2,2,2,2,3,2,3,2,3,2,2,2,3,1,2,2,2,3,2,3,3,2,3,1,3,2,2,2,3,2,3,2,3,2,3,2,2,2,2,3,2,2,2,3,2,3,3,3,2,3,2,2,2,2,3,1,3,1,2,3,2,2,2,3,2,2,2,2,1,3,2,2,2,3,3,3,2,2,2,3,2,2,2,2,3,3,2,2,2,3,2,2,1,3,2,3,2,3,3,3,2,3,2,2,3,3,3,3,2,3,2,3,3,3.0,2,2,2,3,2,2,2,3,3,2,2,2,2,3,3,4.0,4.0,3.0,2,2,2,2,3,2,3,1,2,2,2,2,0,2,2,3,2,2,2,4.0,3,2,3,2,2,3,3,3,2,2,3,2,,2,3,2,2,2,3,3.0,3,2,2,2,1,2,,2,2,3,2,0,3,3,3,3,2,2,,3,3,2,4.0,2,2,2,2,3,2,2,3,3,2,2,2,2,2,2,2,3,3,2,3,3,3,3,3,3,3,3,3,2,2,3,3,3,2,3,3,3,3,2,1,2,3,4.0,3,,3,2,3,3,3,2,2,3,1,3,3,2,2,3,3,2,2,3,2,2,3,2,3,2,2,2,1,2,3,3,3,3,2,4,3,2,,2,3,3,3,3,3.0,2,3,3,3,2,3,3,3,2,3,,3,2,2,,3,3,3,3,3,2,3,3,2,2,2,,3,3,3,3,3,2,2,,3,,,2,3,3,3,3,2,3,3.0,2,3,3,3,3,4.0,2,,3,2,3,,2,3,3,,,4.0,,3,,3,3,3,3,2,2,3,3,3.0,3,2,3,,3,3,2,2,3,,,2,2,2,2,2,3,1,,3,2,3,3.0,3,3.0,,3,2,4.0,2,4.0,3,1,3,3,,,2,,3,3,2,3,3.0,3,3,3,,,3.0,3,3,3,2,0.0,2,3,3,3,2,,3,3,3,3,3,3,3,0.0,3,2,3,3,3,2,3,3,3,3,,3,3,3,3,4.0,4.0,2,2,2,3,,3,2,3,2,,2,4.0,3,0.0,3.0,,,,3,3,4.0,3,3,4.0,,3,,,,2,0,3,3.0,,3.0,3,3,,3,2,,,3,,3,,3,,,3,3,3,3,,3,3,3,4.0,3,3,2,3,3,2,3,3.0,3,3,3,2,3.0,2,,3,3,,4.0,3,,2,3,,,3,3,,3,4.0,,,,3,3,,,3.0,2,,3,3,3,,2,3.0,,3,3,2,3,,2,3,,,,,3,2,3,,3,3.0,,3,,3.0,,,2,3,,2,,,3,,3,3,4.0,,3,,,3,,,3,2,,,,3,4.0,,3.0,,3,3,2,3,2,,3,4,3,3,,,3,2,3,,3,3,4.0,3,3,3,3,,3,3,3,2,3,3,3,3,3,,3.0,,,,,,3.0,,3,,3,1,4,3,3,3,3,3,3,2.0,,,,,2,3,,2.0,4,,,3,2,,,3,,3,,4.0,3,3,3,,3,3,,4.0,3,,,3,3,,,,,,4.0,,,3,3,,,,31,3,1.1300460958234393,-0.640171146881184
3,3,2,3,2,2,3,3,3,3,2,3,2,1,2,2,2,2,2,2,2,2,3,2,3,3,3,2,2,3,2,2,3,3,3,2,2,3,2,3,3,2,2,3.0,2,2,2,2,3,3,3,2,3,2,2,2,3,2,2,3,3,3,2,2,2,2,3,2,2,1,3,3,3,3,2,3,3,3,2,2,2,2,1,2,2,2,1,2,3,2,2,3,0,2,3,3,2,3,3,3,2,3,3,3,3,2,2,2,2,0,3,3,3,2,2,2,2,2,3,3,3,2,3,2,3,3,3,2,2,2,2,2,2,2,3,2,3,2,2,3,3,2,1,2,3,2,3,2,3,3,3,2,2,2,2,3,3,3,2,3,1,2,2,2,2,2,2,3,2,2,2,3,2,2,3,3,3,3,3,2,2,3,3,2,2,3,3,2,2,2,0,2,3,3,3,3,3,2,3,2,3,2,3,2,3,3,3,3,2,2,2,2,2,3,2,2,2,2,2,3,3,2,2,2,3,2,2,3,3,3,3,2,3,2,2,3,2,3,2,3,2,3,3,3,3,2,3,3,3,2,3,3,2,3,3,2,2,3,2,2,3,2,3,2,3,3,3,3,3,2,3,2,3,3,3,2,3,3,2,3,2,2,2,2,3,1,2,2,3,3,2,3,3,3,3,2,2,3,3,3,2,3,2,2,2,2,2,3,3,3,2,2,3,3,2,3,3,3,2,3,3,3,3,3,3,2,2,2,3,2,3,3,3,2,3,3,2,2,2,3,2,3,3,3,3,3,3,3,4,3,3,3,3,2,3,2,2,2,3,3,3,2,2,3,3,3,2,2,2,3,2,2,3,2,3,2,2,2,3,3,3,2,3,3,3,3,3,3,3,3,3,3,3,2,3,2,3,3,4.0,3,2,2,3,3,2,2,2,3,2,2,3,3,2,3,3.0,0.0,4.0,2,2,2,2,2,3,3,2,3,2,2,3,3,3,3,3,3,1,0,4.0,3,3,3,2,2,3,3,3,2,3,3,3,,2,4,3,2,3,3,,2,2,2,3,3,3,,3,3,3,2,3,3,3,3,3,2,2,0.0,3,3,2,4.0,2,2,3,3,2,3,2,3,3,2,2,3,3,2,2,2,3,3,2,3,3,3,3,3,3,3,2,4,2,2,3,3,3,3,3,3,3,3,2,3,2,3,4.0,3,,3,2,3,3,3,3,2,3,2,3,3,3,3,3,3,3,3,3,3,3,3,2,3,2,2,2,2,2,3,3,3,3,2,4,3,3,,3,3,3,3,3,4.0,3,3,3,3,2,3,3,3,2,3,,3,3,3,,4,3,3,3,3,2,3,3,3,2,3,,3,3,3,3,3,2,3,,3,4.0,,3,3,3,3,3,1,3,4.0,3,3,4,3,3,,3,,3,3,3,,3,4,4,,,4.0,,3,,3,3,3,3,3,3,3,3,3.0,4,2,3,,3,3,3,3,4,,,3,3,3,3,3,3,2,,4,3,3,,3,4.0,,3,3,,2,4.0,3,2,3,3,,,3,,3,3,3,3,2.0,3,3,3,,,,3,3,3,3,4.0,3,3,3,3,3,,3,3,3,3,3,3,3,3.0,3,3,4,3,3,2,3,3,4,3,,3,3,3,3,,4.0,3,2,2,4,,3,3,3,3,,3,4.0,3,,4.0,,0.0,,3,2,4.0,3,3,4.0,,3,,0.0,,3,3,3,4.0,,4.0,3,3,,3,3,,,3,,3,,4,,3.0,3,3,3,3,,3,3,4,4.0,3,3,2,3,3,2,3,4.0,1,3,4,2,4.0,2,,3,3,,4.0,3,,0,3,,,3,3,,3,4.0,,,,2,0,,,4.0,3,,3,3,3,,3,4.0,2.0,3,3,2,3,,2,3,,,,,3,3,4,3.0,3,4.0,,3,,4.0,,,3,3,,3,,,3,,3,3,4.0,,3,,,3,,,3,2,,,,3,,,4.0,,3,3,3,3,3,,3,4,3,3,,,3,3,3,3.0,3,3,4.0,3,3,3,3,,3,3,3,2,3,3,4,3,3,,4.0,,,,,,3.0,,3,,3,3,4,3,3,3,3,3,3,4.0,,,,,2,4,,,4,,,3,3,,,3,,3,,4.0,3,3,3,,3,4,,4.0,3,,,3,3,,,,,,4.0,,,4,4,,,,32,3,1.0937053861129142,-0.664328066292823
2,2,2,1,2,2,2,2,2,3,2,2,2,1,1,2,2,2,2,2,2,1,3,2,2,2,3,2,2,2,2,2,2,2,3,2,2,3,2,2,2,2,2,3.0,1,2,2,2,2,2,2,2,2,2,2,2,2,2,2,2,2,1,2,2,2,1,2,2,2,1,2,2,3,2,2,2,3,2,2,2,2,1,1,1,1,2,1,2,2,1,2,1,2,1,2,2,2,3,2,2,2,2,3,2,2,1,2,1,2,3,0,2,2,2,2,2,2,2,2,3,3,0,2,2,2,2,3,2,1,1,2,2,2,2,3,2,2,2,2,2,3,2,1,2,2,2,2,2,2,2,2,2,1,2,1,2,2,2,2,2,1,2,2,2,2,1,2,1,1,1,2,2,1,2,2,3,2,2,2,2,2,2,2,1,1,3,2,2,2,1,2,2,3,3,2,2,2,2,2,1,2,2,3,2,2,2,2,2,2,2,2,1,1,2,2,2,2,2,2,2,2,1,2,2,2,2,2,2,2,2,2,1,1,2,2,3,2,2,2,3,2,3,2,2,2,2,3,3,3,2,1,2,2,2,2,2,1,2,2,2,2,2,3,2,2,2,2,3,2,2,2,2,2,3,2,1,2,2,2,2,1,2,2,2,2,2,2,0,2,2,1,2,2,3,2,2,1,2,2,2,2,2,2,2,2,2,2,3,2,2,2,2,2,3,2,3,1,3,2,3,2,2,3,2,2,2,2,2,2,1,3,3,3,2,3,3,2,2,2,2,1,3,2,2,3,2,2,2,3,3,3,2,2,2,3,2,2,2,2,3,2,2,2,1,0,2,2,2,2,3,3,2,2,2,3,2,2,2,2,2,2,2,3,3,2,2,3,2,2,2,2,3,2,2,2,2,3,2,3.0,2,2,1,3,2,2,2,3,2,2,2,2,2,2,2,,,3.0,2,2,1,1,2,2,2,1,2,1,2,3,2,2,2,2,1,0,2,3.0,2,2,3,1,2,3,2,2,2,3,3,2,,0,3,3,2,2,2,,2,1,2,2,3,2,3.0,2,2,2,2,2,2,3,2,3,1,1,,2,2,1,3.0,2,2,2,2,2,2,2,3,3,2,2,2,2,1,1,1,3,2,2,2,3,2,3,3,2,3,2,3,2,1,2,3,3,2,2,1,3,3,2,2,2,3,3.0,2,,2,0,3,3,2,3,2,3,2,2,3,2,1,3,3,2,2,2,1,1,2,2,3,2,2,2,2,2,2,3,2,2,2,3,3,2,,2,2,2,3,3,3.0,1,2,3,2,2,2,2,2,2,2,,3,2,2,,3,2,2,3,2,2,2,2,3,2,2,,3,3,2,3,2,2,3,,3,,,2,2,3,2,2,2,3,,2,3,3,3,2,,2,,2,2,3,,2,3,3,,,,,3,2.0,3,2,3,3,2,2,3,3,3.0,3,2,2,,2,2,2,2,3,,,2,2,2,2,2,2,2,,3,2,2,,3,,,2,2,,2,,3,2,3,3,,,2,,2,2,2,3,3.0,3,3,3,,,,2,2,2,2,,2,3,0,1,2,,3,3,3,3,3,3,3,3.0,3,2,3,3,3,2,3,2,3,2,,3,3,3,3,,,3,2,2,3,,3,2,2,2,3.0,2,,2,1.0,,,,,3,3,,2,3,,,3,,,,2,2,3,3.0,,3.0,3,2,,3,3,,,2,,2,,0,,,3,3,3,3,,2,3,3,3.0,3,3,2,2,3,2,1,3.0,3,3,2,2,,2,,2,3,,,3,,2,3,,,2,3,,2,3.0,,,,1,3,,,3.0,2,,3,3,3,3.0,3,,,2,0,2,3,,2,3,,,3.0,,3,3,3,,3,3.0,,3,,3.0,,,2,3,,2,,,3,3.0,3,3,,,3,,,2,,,3,2,,3.0,,2,,,,,3,2,3,2,2,,3,3,3,2,,,2,2,3,,3,2,,3,3,3,3,,3,3,3,2,3,3,3,2,3,,,,,,,,3.0,,3,,3,3,2,2,3,3,3,2,3,,,,,,2,3,,,3,3.0,,3,2,,,3,,3,,3.0,3,3,3,,3,3,,,3,,,2,3,,,,,,,,,3,3,,,,33,3,1.0955631399317407,-0.6310222876180651
3,2,2,3,3,3,2,3,3,3,3,3,2,3,2,2,3,3,2,2,3,3,3,3,3,3,3,3,3,3,3,3,4,4,4,3,3,4,3,3,3,2,3,3.0,2,3,3,3,3,4,4,3,2,2,3,3,3,3,3,3,2,1,2,3,2,2,3,3,3,3,3,3,3,3,3,4,4,3,3,3,3,3,2,3,2,3,1,3,3,3,3,3,2,3,2,2,3,3,3,3,3,3,3,2,2,3,2,3,3,4,3,0,4,3,3,2,2,3,3,4,3,2,3,3,3,3,3,3,2,2,3,3,3,2,3,3,3,3,3,3,3,2,3,3,3,3,3,3,3,3,2,3,3,3,3,2,2,2,3,2,2,3,3,2,3,3,2,2,2,3,2,3,2,2,3,4,2,2,2,2,2,1,2,3,3,3,3,3,3,2,3,3,4,3,3,3,3,3,3,3,3,2,3,3,2,3,2,3,3,3,3,3,3,2,2,2,3,3,3,2,3,3,3,3,3,2,2,3,3,3,3,2,1,3,3,3,3,3,3,4,3,2,3,3,3,3,3,3,4,2,2,3,2,3,3,3,3,3,3,3,4,3,3,3,2,0,2,3,3,3,3,3,3,3,3,2,3,3,3,3,2,3,3,2,2,3,3,3,3,3,2,3,3,3,3,2,2,3,3,3,3,3,3,3,3,3,2,3,3,3,3,3,3,3,3,4,3,3,3,4,0,2,3,3,3,3,2,3,4,3,4,3,3,3,4,3,3,3,3,3,2,3,2,3,3,3,3,2,4,3,1,2,3,2,4,3,3,3,3,3,3,3,3,3,4,3,3,3,2,4,3,3,3,3,3,3,2,1,2,2,2,2,3,3,3,3,3,2,2,2,2,2,0,2,2,2,2,2,2.0,3,3,3,4,3,3,3,3,3,3,3,3,3,3,3,4.0,,4.0,3,3,3,3,3,3,3,3,3,2,3,3,3,2,3,4,3,2,3,4.0,3,3,4,1,3,3,3,4,3,3,3,3,,2,4,3,3,3,3,,2,2,3,3,2,3,,3,3,3,3,3,4,3,3,4,3,3,,4,4,3,3.0,3,3,3,2,2,3,3,3,3,3,3,3,3,2,2,3,3,3,2,2,3,3,3,3,3,3,3,4,3,3,3,3,4,3,4,2,4,4,3,3,3,3,4.0,3,,2,2,4,3,3,3,3,4,1,4,3,3,3,3,3,3,3,3,3,3,4,2,4,3,3,3,2,3,3,3,3,3,3,4,3,3,,2,3,3,0,3,4.0,3,3,3,3,2,3,4,3,3,3,,4,3,3,,4,3,3,4,3,3,3,4,3,0,3,,4,4,3,4,3,3,3,,4,,,3,2,4,3,3,3,4,,3,3,4,4,4,,3,,3,3,4,,3,3,3,,,4.0,,4,,4,3,4,4,3,3,3,3,4.0,4,3,3,,3,4,3,3,3,,,3,3,3,3,3,3,3,,4,3,3,,3,4.0,,4,3,3.0,3,4.0,4,3,4,3,,,3,,3,3,3,4,4.0,4,3,3,,,,4,3,2,3,4.0,4,4,4,3,4,,3,4,3,3,4,4,0,,4,3,4,3,3,3,1,3,4,3,4.0,3,3,4,3,,,3,3,3,3,,3,3,3,3,,3,,4,,4.0,,,,3,3,4.0,4,4,4.0,,4,,4.0,,2,2,4,4.0,,4.0,3,4,,4,3,,,3,,4,,4,,,4,3,3,4,,4,3,2,4.0,4,4,3,3,3,3,3,4.0,4,3,4,0,4.0,2,,2,3,,3.0,3,,3,4,,,3,3,,3,4.0,,,,2,3,,,4.0,3,,4,4,3,,3,4.0,,4,4,3,4,4.0,3,3,,,,,4,4,4,,3,4.0,4.0,2,4.0,4.0,3.0,,3,4,,3,,,4,,4,4,,4.0,4,,,3,,,4,3,,4.0,,3,,,4.0,,4,3,2,3,3,,4,4,3,3,,,3,2,4,,4,3,3.0,4,4,4,4,,4,4,4,3,4,4,4,0,4,,3.0,,,,,,4.0,,2,,4,3,3,4,4,4,3,3,3,,,,4.0,,3,4,4.0,,3,,,3,3,,,3,,4,,4.0,0,4,4,,4,4,,4.0,3,,,3,4,,,,,,,,,3,4,,,,34,3,1.1251029936830543,-0.580763845276709
3,3,3,3,3,2,3,3,4,4,1,3,3,2,3,3,3,3,3,3,3,3,4,3,3,3,4,3,3,3,3,3,4,4,4,3,3,4,4,3,3,3,3,4.0,3,3,3,3,4,4,4,3,3,3,3,3,3,3,3,3,2,2,3,3,2,3,3,4,3,3,4,4,4,4,3,4,3,3,0,3,3,3,2,3,3,4,2,3,3,2,3,3,3,2,3,1,2,3,3,3,3,4,3,3,3,3,3,3,3,4,4,4,4,3,3,3,3,3,3,4,4,2,3,3,3,3,4,3,2,3,3,3,3,3,3,3,3,3,4,4,3,3,3,3,4,3,4,3,3,3,3,3,3,3,3,3,3,1,3,3,2,3,3,3,3,3,3,3,3,3,3,3,3,3,3,4,4,3,3,2,3,3,3,3,3,4,3,3,4,3,3,3,4,4,3,4,3,3,3,3,3,3,4,3,3,0,3,3,4,3,3,3,3,4,3,3,4,3,3,3,4,3,3,3,4,3,3,3,3,3,3,3,3,3,3,3,3,3,3,4,4,4,3,4,3,3,4,4,4,3,3,3,3,3,3,3,3,4,4,3,3,3,3,3,3,4,3,4,3,3,4,3,4,4,3,3,4,4,3,3,3,3,3,2,3,3,3,4,3,4,3,4,3,4,4,3,3,4,4,4,3,3,3,1,3,3,3,4,3,3,3,4,3,4,3,0,3,4,3,4,3,3,4,3,4,3,3,3,4,3,4,4,4,3,4,4,3,3,3,3,2,4,3,3,3,3,3,3,4,3,3,2,2,3,4,3,3,3,4,4,4,3,3,3,4,3,3,3,3,3,4,3,3,3,4,3,3,2,3,3,3,2,4,3,3,3,4,3,3,3,3,3,0,3,3,3,3,3,4.0,4,3,3,4,4,3,2,4,4,3,3,4,3,3,3,5.0,5.0,4.0,3,3,3,3,3,3,3,3,4,3,3,4,4,3,4,4,4,3,4,4.0,3,3,4,3,3,4,3,3,3,4,4,4,0.0,3,4,4,3,4,3,,4,3,4,4,4,3,5.0,3,4,3,4,3,3,4,4,4,3,3,,4,4,3,4.0,3,3,3,3,3,4,3,4,4,2,3,4,3,3,3,3,3,3,3,3,0,4,4,4,3,4,3,5,3,3,4,4,4,3,4,3,4,4,3,3,3,4,5.0,4,,4,3,3,3,4,4,3,4,3,4,0,4,3,4,4,3,3,4,3,3,4,3,4,3,3,3,3,3,4,4,4,4,3,5,3,4,5.0,4,3,3,4,4,5.0,4,4,4,4,3,4,4,4,3,4,,4,3,4,,4,4,4,4,4,4,4,4,4,3,3,,4,4,4,4,4,3,4,,4,,,4,4,4,3,3,3,4,5.0,3,4,5,4,0,5.0,4,,3,4,4,,4,4,4,,,4.0,,4,,4,4,4,4,4,3,4,3,4.0,4,3,4,,4,4,4,4,4,,,4,4,4,4,3,4,3,,4,4,4,,4,4.0,,4,4,,3,5.0,4,3,4,4,,,3,,3,4,4,4,4.0,4,4,4,,,,4,4,4,4,5.0,4,4,4,3,4,5.0,4,4,2,4,4,4,4,,4,3,4,3,4,3,4,3,4,4,5.0,4,4,4,3,,4.0,4,3,3,4,,4,3,4,4,,4,5.0,3,,5.0,,,,4,4,5.0,3,4,4.0,,3,,,,3,3,3,5.0,,5.0,4,4,,4,4,,,3,,4,,4,,,4,4,4,4,,4,4,4,5.0,4,4,3,4,4,3,3,4.0,4,4,4,4,5.0,3,,4,4,5.0,5.0,4,,3,4,,,4,4,,4,5.0,,,,3,4,,,4.0,4,,4,4,4,,3,4.0,3.0,4,4,3,4,,3,4,,,,,4,4,4,,4,5.0,,4,,4.0,,,4,4,,4,,,4,,4,4,5.0,,4,,,3,,,4,3,,,,3,,,5.0,,4,4,4,3,4,,4,4,4,4,,,3,3,4,,4,4,5.0,3,4,4,4,,4,4,4,2,3,4,4,3,4,,4.0,,,,4.0,0.0,4.0,,4,,4,4,5,0,4,4,4,4,4,,,,3.0,,3,4,,,4,,,4,3,,,4,,4,,4.0,4,3,4,5.0,4,4,,5.0,4,5.0,,3,4,,,,,,5.0,,,4,4,,,,35,3,1.1324011984591238,-0.6743945374459493
2,2,2,2,2,2,3,2,3,3,3,3,2,2,3,0,2,1,2,2,2,2,3,2,3,3,3,2,2,3,2,3,3,3,3,3,2,3,3,3,2,2,2,4.0,2,2,2,2,1,3,3,2,3,3,3,3,3,3,2,3,3,3,2,2,2,3,3,3,3,2,3,3,3,2,1,3,3,2,3,2,2,2,2,2,2,2,2,2,3,3,3,3,3,2,3,3,2,3,3,3,2,3,3,2,3,2,2,2,3,3,3,4,3,1,2,2,2,3,3,3,3,2,3,3,2,2,3,3,1,2,3,3,2,2,3,3,3,2,3,2,3,3,2,2,3,2,3,2,3,3,3,2,2,2,2,2,3,3,2,2,2,1,2,2,2,2,0,2,2,2,3,2,1,2,2,3,3,2,3,3,2,2,3,2,2,3,3,2,3,2,3,2,3,3,3,3,2,2,3,2,3,2,3,3,2,2,2,2,3,2,2,2,2,3,2,2,3,3,2,2,2,2,2,2,3,3,2,3,2,3,3,2,3,2,2,3,3,3,3,3,3,3,2,2,3,2,3,3,3,2,3,3,2,2,2,2,2,3,3,3,3,3,3,2,3,3,3,3,3,2,3,3,3,3,2,3,3,3,3,3,2,3,2,2,3,2,2,3,3,3,2,3,3,3,3,2,3,3,3,3,2,2,2,1,2,3,3,0,2,3,2,2,3,3,2,3,2,2,2,3,3,3,3,3,3,3,3,2,3,2,3,3,3,2,2,2,3,3,2,3,2,3,2,3,3,3,2,3,3,3,3,2,3,2,3,2,2,3,3,2,3,3,2,2,3,2,2,2,3,3,3,2,3,3,3,3,3,2,3,3,3,3,3,3,3,3,3,3,3,3,3,3,3,2,3,3,3,3,4.0,1,3,2,3,3,1,1,3,3,3,3,3,2,2,3,,,3.0,3,3,2,2,3,2,2,1,3,2,2,2,2,3,3,3,3,2,3,4.0,3,2,3,2,2,3,2,3,2,3,3,3,,2,3,3,3,3,3,,3,3,2,3,3,3,,2,3,3,3,3,3,3,3,3,2,2,,3,3,3,4.0,2,3,2,2,3,2,2,4,4,3,2,3,2,2,2,2,3,3,3,3,4,4,3,4,3,3,3,3,3,2,3,3,3,2,3,3,3,3,2,3,3,3,4.0,3,,3,2,2,3,3,3,3,3,2,3,3,3,2,4,3,3,3,3,2,3,3,1,3,3,3,3,3,3,3,3,3,3,3,3,3,2,,3,3,3,3,3,4.0,3,3,0,3,3,3,4,3,3,3,,3,3,3,,4,2,3,3,3,3,3,3,3,3,3,,3,2,3,3,3,2,3,,3,,,3,3,3,3,3,2,3,4.0,2,3,4,3,3,,3,,3,3,3,,3,4,3,,,4.0,,3,,3,3,3,3,3,3,2,2,4.0,4,3,3,,3,3,2,3,3,3.0,,3,3,3,3,3,3,3,,3,3,3,,3,4.0,,3,3,,3,4.0,3,3,3,3,,,3,,3,3,3,2,4.0,3,3,3,,,,3,3,2,3,4.0,3,3,0,2,3,,3,4,3,3,3,4,3,,3,3,3,3,3,3,3,3,4,3,,3,3,3,4,,4.0,3,3,3,3,,2,3,3,3,,3,4.0,3,,3.0,,,,3,3,4.0,3,3,4.0,,3,4.0,,,3,3,3,4.0,,4.0,3,3,,4,3,,,3,,3,,4,,,3,3,3,4,,3,3,4,4.0,4,3,3,3,3,3,3,4.0,3,3,4,3,4.0,1,,3,3,,4.0,3,,3,4,,,3,3,,3,4.0,,,,3,4,,,3.0,3,,2,3,3,,3,4.0,,3,3,2,3,,2,3,,0.0,,,3,3,3,,4,4.0,,2,,4.0,,,3,4,,3,,2.0,3,,3,3,4.0,4.0,4,,3.0,3,,0.0,4,2,,,3.0,3,,4.0,4.0,,3,3,3,2,3,,3,4,3,3,,,2,3,3,,3,3,4.0,3,3,3,3,,3,3,3,2,3,4,3,3,2,,4.0,,,,,,4.0,,3,,3,0,4,3,3,3,3,3,3,,,,,4.0,2,4,0.0,3.0,4,,,0,2,,,3,3.0,3,,4.0,3,3,3,,3,4,,4.0,3,,,3,4,,4.0,,,,3.0,,,4,3,,,,36,3,1.1116915422885576,-0.6623917818080615
2,2,2,2,2,2,2,2,2,3,2,0,2,2,2,2,2,2,2,2,2,2,3,2,2,3,3,2,2,2,2,3,3,3,2,2,2,3,3,3,3,2,2,3.0,2,2,2,2,3,3,3,2,3,2,2,2,2,2,2,3,2,2,2,1,1,2,2,3,2,2,2,2,3,2,2,3,3,2,2,2,2,2,1,1,2,3,2,1,2,2,2,2,2,2,3,2,2,3,3,2,3,3,3,2,2,2,1,2,2,3,3,3,3,2,2,2,2,2,2,3,3,1,3,2,2,3,1,2,1,1,2,2,2,2,3,3,3,2,2,2,1,2,2,2,2,2,2,2,0,2,2,3,2,2,2,2,3,2,2,2,1,2,2,2,2,2,2,2,2,2,2,2,2,2,2,3,3,3,3,2,1,2,3,1,2,3,2,2,2,2,2,2,3,3,2,2,3,2,2,2,2,2,3,2,3,3,2,2,2,0,1,1,2,3,2,2,2,3,2,3,3,2,2,2,2,2,2,3,2,2,2,2,2,2,1,2,2,2,2,3,2,2,2,2,1,2,3,3,3,2,3,3,2,2,2,2,2,2,2,3,3,2,2,2,3,3,3,3,2,2,2,2,2,2,3,2,3,3,2,2,2,2,2,1,2,2,2,2,2,3,0,2,2,3,2,2,2,3,2,3,2,1,2,2,2,2,2,3,2,2,3,2,2,3,2,3,2,3,2,2,2,2,3,3,2,2,2,2,3,2,3,3,3,2,3,3,3,2,2,3,2,3,2,2,3,2,2,3,0,2,3,2,2,2,3,2,2,2,3,3,3,3,2,2,3,2,2,2,2,3,3,2,2,2,3,2,2,2,2,2,2,2,3,3,3,2,3,3,2,2,3,3,3,1,2,2,3,2,3.0,3,2,2,2,3,2,2,3,3,2,2,2,2,2,2,,,4.0,2,2,2,1,2,2,2,2,2,2,2,2,2,2,2,3,2,1,3,4.0,3,2,3,2,2,3,3,3,2,2,3,2,,2,3,2,2,2,2,,3,2,2,2,3,2,,2,3,2,2,2,3,3,2,3,2,2,,3,3,2,4.0,2,2,2,3,2,3,2,3,3,2,2,3,2,2,2,2,2,3,2,3,3,3,2,3,2,3,2,3,3,2,3,2,3,2,3,2,3,3,1,2,2,3,3.0,2,,3,2,3,3,1,3,2,3,2,3,3,3,3,3,3,3,2,3,2,2,3,1,3,2,2,2,2,2,3,3,3,3,2,3,2,2,3.0,2,2,2,3,3,3.0,1,3,3,3,2,3,3,3,2,3,,3,3,2,,3,3,2,3,3,2,3,2,3,3,2,,3,2,3,1,3,2,2,,3,4.0,3.0,2,3,3,3,2,2,3,4.0,0,3,3,3,3,,2,,3,3,3,,3,3,4,,4.0,3.0,,3,,3,3,3,3,2,2,2,2,4.0,3,2,3,,2,3,2,3,3,,,2,3,3,3,2,2,3,,3,3,3,,3,4.0,,3,3,,2,3.0,3,2,3,3,,,2,,0,2,2,3,4.0,3,3,3,,,,3,1,3,3,4.0,3,3,3,2,3,4.0,3,3,2,3,3,3,2,,3,2,3,3,3,2,0,3,3,3,4.0,3,3,3,3,,4.0,3,2,2,3,3.0,3,2,3,3,,3,4.0,3,4.0,4.0,,,,3,3,4.0,3,3,3.0,3.0,2,,,,3,3,3,3.0,,4.0,3,3,,3,3,,,3,,3,0.0,3,,,3,3,3,3,,3,3,3,4.0,3,3,2,0,3,2,3,4.0,3,3,3,3,3.0,2,,3,3,,3.0,2,,2,3,,,3,3,,3,4.0,,,4.0,3,3,,,3.0,2,,3,3,3,,3,4.0,,2,3,2,2,,2,3,,,4.0,,3,3,3,,3,3.0,,3,,3.0,,,3,3,,3,,,3,,3,3,4.0,,3,,,2,,,3,3,,,,3,,,4.0,,3,3,3,3,2,,3,3,3,3,,,2,3,3,,3,3,3.0,3,3,2,2,,3,2,2,2,3,3,4,2,3,4.0,3.0,,,,,,3.0,,3,,3,2,3,3,3,2,3,3,3,,,,,,2,3,,,3,,,3,3,,,3,,3,,4.0,3,3,3,,3,3,,4.0,3,,4.0,3,3,,,,,,4.0,,,3,3,,,,37,3,1.1029212875304304,-0.676495582256549
3,3,2,2,2,2,2,2,2,2,0,2,2,1,2,2,2,2,2,2,2,1,3,2,2,2,2,2,2,2,2,2,2,2,2,2,2,2,2,2,1,2,2,2.0,1,3,2,2,2,3,3,2,3,2,3,2,2,2,2,3,3,2,2,2,1,2,2,2,2,2,3,3,3,3,2,3,3,3,2,2,2,2,2,2,2,2,1,2,3,2,2,2,2,1,0,2,1,3,2,3,2,3,3,2,3,1,2,2,2,3,3,3,3,2,2,2,1,2,2,2,3,2,3,2,3,2,3,2,1,2,3,2,2,1,2,2,2,2,2,3,2,1,2,2,3,2,2,2,3,3,3,1,2,2,2,2,3,2,2,2,1,2,3,2,2,2,2,2,2,2,2,2,2,2,3,3,3,2,3,2,2,2,3,2,2,3,3,2,2,2,2,2,3,3,2,3,2,2,2,2,2,2,3,2,2,2,2,2,3,2,2,2,2,2,2,2,2,3,2,3,3,2,2,2,3,3,2,3,3,2,2,3,2,2,2,3,2,3,2,3,3,3,2,2,2,2,2,1,3,2,3,2,2,2,2,2,2,3,2,2,2,2,3,2,2,2,2,3,3,2,3,2,2,3,3,2,3,3,2,3,2,2,2,2,3,2,3,3,3,3,2,2,2,3,2,2,2,3,3,3,2,2,2,2,2,2,0,3,2,3,2,3,3,3,2,3,3,3,2,3,2,3,2,2,3,2,2,2,3,2,3,3,2,2,3,2,2,2,2,2,2,3,2,2,3,3,0,3,3,2,2,2,2,2,3,2,2,2,0,2,2,0,2,2,3,2,2,2,2,3,2,2,2,1,2,2,3,2,3,3,3,3,3,3,3,3,3,3,3,3,3,3,3,2,3,2,3,3,3.0,3,2,2,3,2,2,2,2,0,2,1,3,2,2,2,,,3.0,2,2,2,2,2,2,2,2,3,2,2,3,3,2,2,4,3,1,3,3.0,2,2,3,2,2,3,2,2,2,3,3,2,,2,3,2,2,3,2,,2,2,2,2,3,3,,2,3,2,2,3,3,2,3,3,2,2,,3,3,2,4.0,2,2,2,2,2,3,2,3,3,2,2,3,2,2,2,2,2,3,2,2,2,2,2,2,2,3,2,3,2,2,2,2,3,2,3,2,3,3,2,3,2,3,4.0,3,,2,2,3,3,2,3,2,3,1,3,3,3,3,3,3,3,3,3,3,2,2,2,2,2,2,2,2,2,2,3,2,3,2,3,3,2,,3,2,3,3,2,4.0,3,2,3,3,2,2,3,3,2,3,,3,2,3,,3,3,3,3,3,2,1,3,3,2,3,,3,3,3,3,3,2,2,,2,,3.0,2,3,3,3,2,2,3,4.0,3,3,3,3,3,,3,,3,2,3,,2,3,4,3.0,,4.0,,3,,3,3,3,3,3,3,3,3,4.0,3,2,3,,3,3,3,2,3,,,2,3,3,3,3,2,2,,4,3,2,,3,4.0,,3,3,,2,3.0,3,2,3,3,,,2,,3,3,3,3,4.0,3,2,3,,,,3,3,2,3,4.0,3,3,3,2,3,,3,3,3,3,3,3,3,,2,3,3,2,2,2,3,3,3,3,,3,3,3,3,,4.0,3,2,2,3,,3,3,2,3,,3,4.0,3,,3.0,,,,3,2,4.0,3,3,4.0,,2,,,,2,2,3,3.0,,4.0,3,3,,2,2,,,3,,3,,4,,,3,3,3,3,,3,3,3,3.0,3,3,3,3,3,2,3,4.0,3,0,3,2,4.0,2,,2,3,,4.0,3,,2,3,,,3,3,,3,4.0,,,,2,4,3.0,,2.0,3,,3,3,3,,3,4.0,0.0,3,3,2,3,,2,3,,,,,3,3,3,,4,4.0,,3,,4.0,,,3,3,3.0,3,,,3,,3,3,4.0,,3,,,2,,,3,2,,,,2,,,4.0,,3,3,3,3,3,,3,3,2,2,,,2,2,3,,3,3,4.0,3,3,3,3,,3,3,3,2,3,3,3,3,3,,3.0,,,,,,3.0,,3,,3,3,3,3,0,3,3,3,3,,,,,,3,3,,,3,,,3,2,,,3,4.0,3,,3.0,4,3,3,,3,3,,3.0,3,,,3,3,,,,,,3.0,,,3,3,,,,38,3,1.106518960374947,-0.7052053478709874
3,2,1,1,2,2,0,3,3,3,2,2,3,2,3,2,2,2,2,2,2,1,3,2,3,2,3,2,2,2,2,2,3,3,3,2,2,3,3,3,3,2,2,4.0,2,2,0,3,3,3,3,2,3,3,2,2,2,1,1,2,3,3,2,1,2,2,3,3,2,2,3,3,3,3,2,3,3,2,2,2,2,1,1,2,2,3,2,2,2,2,3,3,2,2,2,3,2,3,3,3,3,3,2,3,3,2,2,1,2,0,3,3,3,2,2,2,2,2,2,3,3,2,3,3,2,3,2,2,1,2,3,2,2,2,3,3,3,2,2,2,1,2,2,2,3,2,2,2,3,3,2,3,2,2,2,2,3,2,2,2,2,2,2,2,2,2,2,3,2,1,2,3,2,2,2,2,3,3,3,2,2,2,3,2,1,3,2,1,2,2,2,2,2,2,2,2,3,3,3,3,3,2,3,2,2,3,2,2,2,2,1,1,2,3,2,2,2,3,2,3,3,2,2,3,3,2,2,3,3,3,2,3,3,2,2,2,2,2,2,3,2,2,2,2,2,3,3,3,3,2,3,3,1,2,2,2,2,3,2,3,3,3,3,3,3,3,3,3,3,2,3,2,1,2,2,3,3,3,2,3,2,2,2,2,3,2,2,2,3,3,2,3,3,3,3,2,2,3,3,2,2,2,2,2,2,1,2,3,2,3,0,3,3,3,2,3,2,3,2,3,3,3,2,2,3,2,2,2,3,2,3,3,3,2,2,3,3,2,2,3,1,3,2,3,3,3,1,3,3,3,3,2,3,3,3,2,2,2,3,3,3,3,2,2,2,2,2,2,3,3,3,2,2,2,3,2,1,2,3,2,3,3,3,3,3,3,3,3,3,2,3,3,3,2,3,2,3,3,3.0,3,2,2,3,3,2,2,3,3,2,0,3,2,2,3,,,3.0,3,1,2,2,3,2,3,2,3,3,2,2,2,2,3,3,3,2,3,4.0,3,2,3,3,2,3,3,3,2,2,2,2,,2,3,3,2,3,2,,3,2,2,2,2,2,,2,3,2,2,3,3,3,3,3,1,2,,3,3,3,4.0,2,2,3,2,3,3,2,3,3,2,2,3,3,2,2,2,3,3,2,3,3,3,3,3,3,3,2,3,2,2,3,3,3,2,3,2,2,2,2,3,2,3,4.0,3,,3,3,3,3,3,3,2,2,1,3,3,3,3,3,3,3,2,3,3,2,3,2,2,2,2,2,2,2,3,3,3,3,3,4,3,3,,3,2,2,3,3,4.0,2,3,3,2,3,3,3,3,2,3,,3,2,2,,3,3,2,2,3,3,3,3,2,3,3,,3,2,3,2,3,2,3,,2,,,2,3,3,3,2,2,3,4.0,2,3,3,3,3,4.0,3,,3,3,3,,3,3,3,,,4.0,,3,,3,0,3,3,3,2,3,3,4.0,3,3,3,,3,3,2,3,4,,,3,3,2,3,2,3,2,4.0,3,2,3,,3,3.0,,3,2,,3,4.0,2,2,3,3,4.0,,3,,3,3,3,3,4.0,2,3,3,4.0,,,3,3,3,3,4.0,0,3,3,3,3,,3,3,3,3,3,3,3,,3,3,3,3,3,2,3,2,3,3,,2,3,3,3,,3.0,3,2,2,4,3.0,3,3,3,3,3.0,3,4.0,3,,3.0,,,,3,3,4.0,3,3,4.0,,3,,,,3,3,3,3.0,,4.0,4,3,,2,3,,,3,,0,,3,,,3,4,3,3,,3,2,3,4.0,3,3,2,3,3,2,3,4.0,2,3,3,3,3.0,2,,3,3,,4.0,2,,2,3,,,2,3,,3,4.0,,,,3,4,,,3.0,0,,3,3,2,,3,4.0,,2,3,2,3,,1,3,,,,,2,3,3,,3,4.0,,3,,4.0,,,2,3,,2,,,3,,3,2,4.0,,3,,,3,,,4,2,,,,3,,,4.0,,3,3,3,3,3,,3,4,3,3,,,3,3,3,4.0,2,3,4.0,2,3,3,3,,3,3,3,1,3,3,4,3,4,4.0,4.0,,,4.0,,,3.0,,3,,2,2,4,3,3,3,3,3,4,,,,,,0,3,,,4,,,3,2,,,3,,3,4.0,4.0,3,3,3,,3,4,,4.0,3,,,2,3,,,,,,4.0,,,4,2,,,,39,3,1.1156526400428841,-0.6702636490524894
3,2,2,2,2,2,2,3,3,3,2,2,2,1,2,2,2,2,3,2,2,2,3,2,3,3,3,2,2,2,2,2,3,3,3,2,2,3,3,3,3,2,2,4.0,2,2,2,2,3,3,3,1,2,2,3,3,3,3,2,2,3,2,2,2,1,2,3,3,2,2,3,3,3,3,2,3,3,3,3,2,2,2,2,2,2,2,1,2,2,2,2,2,3,2,1,0,2,3,2,2,2,3,3,2,3,2,2,2,2,3,3,3,3,2,2,2,2,3,2,3,3,2,2,2,2,3,3,2,1,1,2,2,2,2,3,3,3,2,3,2,2,2,2,2,3,2,2,2,3,2,3,3,2,2,2,2,3,2,3,2,1,2,2,2,2,2,2,2,1,2,2,2,2,2,3,3,2,2,3,2,2,2,3,1,2,3,3,2,2,3,2,2,3,3,3,3,2,1,0,1,2,2,2,2,2,1,1,2,3,2,2,2,2,3,2,2,2,0,2,3,3,2,2,2,3,3,2,3,3,2,3,2,2,2,2,3,2,3,2,3,3,3,3,3,2,2,3,3,3,2,2,3,2,3,1,2,2,3,2,3,3,2,3,2,3,3,3,3,3,2,2,2,2,3,3,2,3,3,2,3,2,2,2,2,2,2,2,3,3,3,2,2,2,3,2,2,2,3,2,3,2,2,2,2,3,3,2,3,2,2,3,3,3,3,3,3,3,3,2,3,2,2,3,2,3,3,2,2,3,2,3,3,3,2,3,3,2,3,2,3,2,3,2,2,3,2,2,3,3,2,2,1,2,2,3,2,2,2,3,3,3,3,2,2,3,2,2,2,3,3,3,2,2,2,3,2,3,2,3,3,3,3,3,3,3,3,3,2,3,2,3,3,3,2,3,2,3,2,3.0,2,2,2,3,2,1,2,3,3,3,2,2,3,2,2,,,4.0,2,2,2,2,2,2,2,2,2,2,2,3,3,2,3,3,3,2,3,4.0,3,2,3,2,2,3,3,3,2,2,0,2,,2,3,3,2,3,3,,2,0,3,3,3,3,,2,3,2,3,3,3,2,3,3,2,2,,3,3,2,4.0,2,3,2,2,0,3,1,3,3,2,2,3,2,2,2,2,3,3,2,3,3,3,3,3,2,4,2,4,3,2,3,2,3,3,3,2,3,3,2,3,2,3,4.0,3,,3,1,3,3,3,3,2,3,2,3,3,3,3,3,3,3,3,2,2,2,3,2,3,3,2,3,3,3,3,3,3,3,2,4,3,3,,2,2,3,3,3,3.0,2,3,3,3,2,3,3,3,2,3,,3,2,2,,3,3,3,3,3,3,3,3,3,1,3,,3,3,3,3,2,2,3,,3,,,3,3,3,3,2,3,4,,2,3,3,3,3,,3,,2,3,3,,3,3,4,,,4.0,,3,3.0,3,3,3,3,3,3,3,3,4.0,4,3,3,3.0,3,3,2,2,3,,,3,3,3,3,3,3,2,,3,3,3,,3,3.0,,3,2,,3,4.0,3,2,3,2,,,2,,3,3,3,3,4.0,3,3,3,,,,3,3,3,3,4.0,3,3,3,2,3,,3,3,3,3,3,3,3,,3,3,3,3,3,2,3,3,3,3,,3,3,0,3,,4.0,3,3,2,3,4.0,2,3,3,3,,3,4.0,3,,4.0,,,,3,3,4.0,3,3,4.0,,3,,,,2,2,3,3.0,,4.0,3,3,,3,2,,,2,,3,,4,,,3,3,3,3,,3,3,3,3.0,3,3,3,0,3,2,2,4.0,2,3,3,3,3.0,1,,2,3,,4.0,3,,3,3,4.0,,3,3,,3,3.0,,,4.0,2,4,,,4.0,3,,3,3,3,,3,4.0,,3,3,3,3,,2,3,,3.0,,,3,4,4,,3,3.0,,3,,3.0,,4.0,3,3,,3,,3.0,3,,3,3,4.0,,3,,,3,,,3,3,,,,2,,,4.0,,3,3,3,2,3,0.0,4,3,3,3,,,2,2,3,,3,3,4.0,3,3,3,3,3.0,3,3,3,2,3,3,3,2,3,,3.0,,,,,,4.0,,3,4.0,3,2,4,3,3,3,0,3,3,4.0,,3.0,4.0,,2,3,,4.0,3,,,2,3,,,2,,3,,3.0,3,3,3,,3,4,,4.0,3,,,3,3,,,,,,4.0,,,3,3,,,,40,3,1.0948502364687338,-0.6780738339315875
2,2,2,2,3,2,3,2,3,3,2,3,2,2,1,2,2,2,2,2,2,2,3,2,3,3,3,3,2,3,2,3,3,3,3,3,2,3,3,3,3,2,2,3.0,2,3,2,3,3,3,3,2,3,2,3,3,2,3,2,3,2,2,2,2,2,2,3,3,2,2,3,3,3,1,2,3,3,3,2,2,2,2,1,2,2,1,2,2,3,3,3,3,3,2,2,2,3,3,3,3,3,3,3,2,2,2,2,2,3,3,3,3,3,3,2,2,2,3,3,3,3,2,2,2,3,3,3,2,2,2,0,2,2,2,3,3,3,2,3,3,3,2,2,2,3,2,3,2,2,2,2,3,2,2,2,2,3,2,3,3,1,2,2,2,3,2,2,1,2,2,2,3,2,2,2,3,3,2,3,2,2,2,3,2,2,3,2,2,2,2,2,2,3,3,3,3,2,3,3,2,3,2,3,2,2,2,2,2,3,2,2,2,2,3,2,2,3,2,0,2,3,1,2,2,1,2,2,2,2,3,2,2,2,2,2,3,2,3,3,3,3,3,3,3,3,3,3,3,2,1,2,3,2,2,2,2,2,2,2,3,3,3,3,3,3,3,3,3,2,2,3,3,3,3,3,2,3,2,2,3,2,3,2,2,2,2,3,3,3,3,2,2,2,3,2,2,2,2,3,3,2,2,3,2,3,3,3,3,3,2,2,1,0,2,2,3,2,2,2,3,3,3,3,3,3,2,2,2,3,2,3,3,3,2,3,3,3,2,2,2,2,3,2,3,3,2,3,3,3,3,3,2,2,2,3,2,2,3,3,3,3,3,2,2,3,2,1,2,2,3,3,2,3,2,3,3,2,1,3,3,2,3,3,3,3,2,3,3,2,2,2,3,3,2,2,2,3,3,3.0,3,3,2,3,2,2,2,3,3,3,3,3,3,3,2,,,4.0,3,3,2,1,3,3,2,2,3,2,2,3,3,2,3,3,3,2,3,4.0,3,2,4,2,2,3,3,3,2,3,3,3,,1,3,2,2,3,3,,3,2,2,2,3,3,,2,3,3,3,2,3,3,3,3,2,2,,3,3,3,4.0,2,3,2,3,3,3,2,3,3,3,2,3,1,2,2,1,3,3,2,3,3,3,3,3,3,3,2,3,3,2,3,3,3,2,3,2,3,3,2,3,3,3,4.0,3,,3,0,3,3,3,3,2,3,2,3,3,3,2,3,3,3,2,3,2,3,3,2,3,2,2,2,3,3,3,3,3,3,3,4,3,2,,2,3,3,3,3,4.0,2,3,3,3,2,3,3,3,2,2,3.0,3,3,3,,4,3,3,3,3,3,3,3,3,2,3,,3,3,3,3,3,2,3,,3,,,3,3,3,3,3,2,3,4.0,2,3,4,3,3,,2,,3,3,3,,3,3,3,,,4.0,,3,,3,3,3,3,2,3,3,3,4.0,4,2,3,,3,3,3,3,3,,,2,3,3,3,3,3,3,,3,2,3,,3,4.0,,0,3,0.0,3,4.0,3,3,3,3,,,3,,3,3,3,3,4.0,3,3,0,,,,3,3,2,3,4.0,3,4,3,3,3,,3,3,3,3,4,4,4,,3,3,3,3,3,3,3,3,4,3,,3,3,3,3,,4.0,3,1,2,2,,3,3,3,3,,3,4.0,3,,4.0,,,,3,3,4.0,3,3,4.0,,3,,,,2,3,3,4.0,,4.0,2,3,,4,3,,,3,,3,,3,,,3,3,3,3,,3,3,4,4.0,4,3,2,3,3,2,3,4.0,3,3,3,3,4.0,2,,3,3,,,3,4.0,3,3,,,3,3,,3,4.0,,,,2,3,,,4.0,3,,3,3,3,,3,4.0,,3,3,2,3,,2,3,,,,,3,4,4,,3,4.0,,2,,4.0,3.0,,3,4,,3,,,3,,3,0,4.0,,4,,,3,,,4,3,,,,3,,,4.0,,3,3,2,3,3,,3,4,3,3,,,3,2,4,,3,3,,3,3,3,3,,4,3,3,2,3,3,4,2,3,,4.0,3.0,,,,0.0,4.0,,3,4.0,3,2,3,3,3,3,3,3,1,3.0,,,,,3,4,,,4,,,3,3,,,3,,3,,4.0,3,3,3,,3,4,,4.0,3,,4.0,3,4,,,,,,4.0,,,3,4,,0.0,,41,3,1.1095558546433384,-0.6652098212389776
3,2,2,2,2,2,2,2,2,3,2,2,2,2,2,2,2,2,2,2,2,2,3,2,3,1,3,2,2,2,2,2,3,3,3,2,2,3,3,3,3,2,2,3.0,2,2,2,2,3,3,3,2,3,2,3,2,3,3,2,3,3,2,1,2,2,2,3,3,2,2,2,3,3,3,2,3,3,2,2,2,2,2,1,2,2,3,1,2,3,2,2,2,2,2,2,3,2,3,2,2,2,3,3,2,3,2,1,1,2,3,3,3,3,2,2,2,2,2,3,3,3,1,3,2,3,2,3,2,2,2,2,2,2,2,3,3,3,2,3,3,3,1,2,2,2,2,3,2,3,3,2,2,2,2,2,3,3,2,2,2,1,2,2,2,2,2,2,3,2,2,2,3,2,2,2,3,3,2,1,2,2,3,3,2,2,3,2,2,2,2,2,2,3,3,3,3,3,2,3,2,2,2,3,2,3,3,2,3,3,2,2,2,1,3,2,2,2,3,2,3,3,2,2,2,3,2,2,3,2,2,2,2,2,2,2,3,2,2,2,3,3,3,2,3,3,2,3,3,3,2,3,2,2,2,2,2,2,3,2,2,3,2,3,2,2,3,3,3,2,2,3,3,3,3,3,0,3,3,2,2,2,2,2,2,3,2,3,2,2,3,2,3,2,3,3,2,2,3,2,0,2,2,3,2,3,3,2,3,2,3,2,3,2,3,2,3,2,3,2,3,2,2,3,2,3,3,2,2,3,2,3,3,3,2,3,3,3,3,2,3,2,3,2,3,3,2,3,3,3,3,3,2,3,2,3,2,2,2,3,3,3,2,2,2,3,2,2,2,2,3,3,2,2,2,3,2,2,2,3,2,2,2,3,3,3,3,3,3,3,3,2,3,3,2,3,2,3,1,3.0,3,2,2,3,3,2,2,3,3,3,3,2,2,3,2,4.0,,4.0,2,2,2,2,2,3,2,2,3,2,2,3,3,2,2,3,3,1,3,0.0,3,2,3,2,2,3,3,3,2,3,3,2,,2,0,2,2,2,3,,2,2,2,3,3,2,,2,3,2,2,2,3,3,3,3,2,2,,3,3,2,3.0,2,3,3,3,2,3,2,3,3,2,2,3,2,2,0,2,2,3,2,3,3,3,3,3,2,4,2,3,2,1,2,3,3,2,3,2,3,3,2,3,3,2,4.0,3,,3,2,3,3,2,3,2,3,2,3,3,3,2,3,2,2,2,3,2,2,3,2,3,2,2,2,2,2,3,3,3,3,3,3,3,3,,3,2,3,3,3,4.0,2,3,3,3,2,2,3,3,2,3,,3,3,2,0.0,3,3,2,3,3,2,2,2,3,2,3,,3,2,3,3,3,2,3,,3,,,3,3,3,2,3,2,3,0.0,2,3,4,3,3,3.0,3,,3,3,3,,3,3,3,,,3.0,,3,,3,3,3,3,2,2,3,3,4.0,3,2,3,,2,3,3,3,3,,,3,2,3,3,2,2,2,,3,2,2,,3,4.0,,2,3,,2,4.0,3,3,3,3,,,1,,3,3,3,3,4.0,3,3,3,,,4.0,3,3,3,2,4.0,2,3,3,2,3,,3,3,0,3,3,3,3,,3,2,3,3,3,0,3,3,3,2,,3,3,3,3,1.0,4.0,3,0,2,4,,3,3,3,3,,2,4.0,3,,4.0,,,,3,3,4.0,3,3,4.0,,3,,,,3,3,3,4.0,,3.0,3,3,,4,3,,,3,,3,,3,,,3,3,3,3,4.0,3,3,3,4.0,4,3,3,3,3,2,3,4.0,3,3,3,2,4.0,2,,3,3,,4.0,3,,2,3,,,3,3,,3,4.0,,,,3,3,,,4.0,3,,3,3,3,,3,4.0,,3,3,2,3,,2,3,,,,,3,3,3,,3,4.0,,3,,4.0,,,3,3,,3,,,3,,3,3,4.0,,3,2.0,,3,,,3,3,,,,3,,,3.0,,3,3,3,3,3,,3,3,3,3,,,3,3,3,3.0,3,3,4.0,3,3,3,3,,3,3,3,1,3,3,3,3,3,,4.0,,,,,,4.0,3.0,3,,3,3,3,3,3,3,3,3,3,,,,3.0,,2,3,,,3,,,3,3,,,3,,3,,4.0,3,3,3,,3,4,,4.0,3,,,3,4,,,,,,3.0,,,3,3,,,,42,3,1.0921921533083,-0.6534052777809097
3,3,3,3,3,2,3,3,3,4,3,3,3,2,3,3,3,3,3,3,2,2,3,3,3,3,3,3,2,3,3,3,3,3,3,3,3,3,3,3,3,3,3,4.0,3,3,3,3,3,3,3,3,3,3,3,3,3,3,3,3,3,3,2,3,2,3,3,3,2,3,3,3,3,2,2,3,3,2,2,0,3,2,2,2,2,3,2,3,3,3,3,2,3,3,3,3,3,3,3,3,3,3,3,3,3,2,1,2,3,4,3,0,3,3,2,2,2,3,3,3,3,2,3,3,3,3,3,3,2,2,3,3,3,2,3,3,3,2,3,3,3,3,2,2,3,3,3,3,3,3,3,3,2,3,3,3,3,3,3,3,2,3,3,2,3,2,2,3,3,2,3,3,3,2,3,4,3,3,3,3,2,3,4,2,2,3,3,3,3,3,3,2,4,4,3,3,3,3,3,3,3,3,4,3,3,3,3,3,3,3,3,2,2,4,3,3,3,3,3,3,3,2,3,3,3,3,2,3,3,3,3,3,3,3,3,3,3,3,3,4,3,4,3,3,3,3,4,4,3,2,3,3,3,3,2,3,2,3,3,3,3,3,3,3,4,4,3,4,2,3,3,3,3,3,3,3,4,3,3,3,2,3,2,2,3,3,3,3,3,3,2,3,3,3,3,3,3,3,3,3,2,3,2,3,3,3,3,3,3,3,3,3,3,3,2,4,3,3,3,4,3,3,4,3,4,3,3,3,3,2,3,3,4,2,4,4,3,3,3,3,1,4,3,3,3,3,3,3,0,2,3,2,3,3,4,3,3,3,3,4,3,3,2,2,3,2,3,2,3,4,3,2,3,3,4,3,3,3,4,3,3,3,4,4,4,4,3,4,3,3,3,4,4,3,4,3,4,3,4.0,3,3,3,3,3,2,2,4,3,3,3,3,3,3,3,,,4.0,3,3,1,1,3,3,3,2,3,3,3,4,3,3,3,4,3,2,4,4.0,3,3,4,3,3,3,3,3,2,3,3,3,,2,4,4,3,3,3,,3,3,3,3,4,0,,3,4,3,3,3,3,3,3,4,2,2,,3,3,3,4.0,3,3,2,3,3,3,3,4,4,3,2,3,3,3,2,3,3,0,3,3,4,4,4,4,3,4,3,4,3,3,3,3,4,3,3,3,4,4,3,3,3,3,4.0,3,,4,3,3,3,3,4,1,3,3,4,3,3,3,3,3,3,3,3,3,3,3,2,3,2,3,3,3,3,3,3,4,4,3,4,3,2,,3,3,3,4,4,4.0,3,3,4,3,3,3,4,4,3,3,,4,2,3,,4,4,3,4,3,3,3,3,4,3,3,,4,3,3,4,3,1,3,,4,,,2,4,4,3,3,3,3,4.0,3,4,4,0,3,,4,,3,3,4,4.0,2,4,4,,,,,4,,4,3,4,3,3,3,3,3,4.0,4,3,4,,3,3,3,3,4,,,3,3,3,3,3,3,3,,4,3,3,,4,,,3,3,,3,4.0,4,3,3,3,,,2,0.0,3,4,3,4,4.0,4,4,4,,,,3,3,3,3,4.0,4,4,4,3,3,,4,4,4,4,4,4,0,3.0,3,3,4,3,4,3,3,3,4,3,4.0,3,4,4,4,,,3,3,3,4,,4,3,3,3,,3,4.0,3,,,,,,3,3,0.0,3,3,4.0,,3,,,,4,2,4,4.0,,,4,3,,4,3,,,3,,4,,4,,,4,4,4,4,,3,4,4,4.0,4,4,3,3,1,3,3,4.0,3,3,4,3,4.0,2,,3,4,,2.0,4,,3,4,,,4,3,,4,4.0,,,,3,4,,3.0,4.0,4,,3,3,4,,4,,,3,4,3,3,,3,3,,,4.0,,4,4,4,,4,4.0,,3,,4.0,,,3,4,4.0,3,,,3,,3,2,4.0,,4,,,3,,,4,3,,,,3,,0.0,4.0,,4,4,3,4,3,,3,4,4,3,,,3,3,4,,4,3,4.0,4,4,4,4,,4,4,4,2,4,3,4,3,4,,4.0,,,,,,4.0,,4,,4,3,4,4,4,3,4,4,4,,,,,,3,4,,,4,,,3,3,,4.0,4,,4,,4.0,4,3,4,,4,4,,4.0,3,,,4,4,,,,,,,,,4,4,,,,43,3,1.0936159475145097,-0.6031935130033954
2,2,2,2,2,2,3,2,2,3,2,2,2,2,1,2,2,1,2,2,2,2,3,2,3,2,3,2,2,2,2,2,3,3,3,0,2,3,3,3,3,2,2,3.0,2,2,2,2,2,3,2,2,3,2,2,2,3,3,2,3,2,2,1,2,2,2,3,3,2,2,2,2,3,3,2,3,3,2,2,2,2,2,2,2,2,2,2,2,2,2,2,2,2,2,3,3,2,3,2,2,2,3,3,2,1,1,2,1,3,3,3,3,3,2,2,2,2,2,3,3,3,1,3,2,2,2,3,2,2,1,2,2,2,1,3,2,3,2,3,2,2,2,2,2,2,2,2,2,2,3,2,2,1,1,2,2,3,3,2,2,1,2,2,2,2,2,1,2,2,2,2,3,2,2,2,3,3,2,2,2,2,2,3,1,2,3,2,2,2,2,2,2,3,3,3,3,3,2,2,2,2,2,3,2,3,3,2,2,2,2,2,2,1,3,2,2,2,2,2,3,3,2,2,2,3,1,2,3,2,3,2,2,2,2,2,3,2,2,3,3,3,3,2,2,3,2,3,3,3,1,2,3,2,2,2,2,2,3,2,3,3,2,3,2,3,3,3,3,2,2,2,2,3,3,3,1,3,3,2,2,2,2,1,0,2,2,2,3,2,2,2,2,2,3,2,2,2,3,3,3,2,2,3,2,3,3,2,2,2,2,2,2,2,3,2,3,2,3,2,3,2,2,3,3,3,3,2,2,3,2,3,3,3,2,3,3,2,3,2,2,2,3,2,2,3,2,2,2,3,3,3,2,3,2,3,2,2,2,2,3,3,2,2,2,3,2,2,2,2,3,3,2,2,2,3,2,2,2,3,2,2,3,3,3,3,3,3,3,2,2,2,3,3,2,2,2,3,3,3.0,2,2,2,3,1,2,2,3,3,3,2,2,2,3,2,,,3.0,2,2,2,2,2,2,2,2,2,2,2,3,2,2,0,3,2,1,3,4.0,3,2,3,2,2,3,3,3,2,3,3,2,,2,3,0,2,2,3,,2,2,2,2,3,2,,2,3,2,2,2,3,3,3,3,2,2,,3,3,2,4.0,2,3,2,3,3,3,2,3,3,2,2,3,2,0,2,2,3,3,2,3,3,3,3,3,2,3,1,3,2,2,3,3,3,2,3,2,3,3,2,3,2,3,4.0,3,,3,2,3,3,2,3,2,3,2,3,3,2,3,3,3,3,2,2,2,2,3,2,3,2,2,2,3,3,3,3,3,3,2,3,2,3,4.0,2,2,3,3,3,3.0,2,2,3,3,2,2,3,3,2,2,,3,3,3,,3,3,3,3,3,2,3,2,3,3,3,,0,2,3,3,2,2,3,,3,,,2,3,3,3,2,2,3,4.0,2,3,3,3,3,,3,,3,3,3,,3,3,3,,,4.0,,3,,3,3,3,3,2,2,3,2,4.0,3,3,3,,2,3,2,3,3,4.0,,2,2,3,3,2,2,3,,3,2,2,,3,4.0,,3,3,,2,0.0,3,3,3,3,,,2,,3,3,2,3,4.0,3,3,3,,,,3,3,3,3,4.0,3,3,3,2,3,,3,3,3,3,3,3,3,,3,2,3,3,3,2,3,3,3,2,,3,3,3,3,,4.0,3,2,2,3,,3,3,3,3,,2,4.0,3,,4.0,,,,3,3,4.0,3,3,3.0,,3,3.0,,,3,3,3,3.0,,4.0,3,3,,3,3,,,3,,3,,3,,,3,3,3,3,3.0,3,3,3,3.0,3,3,3,3,3,2,2,4.0,3,3,3,2,3.0,2,,3,3,,4.0,3,,2,3,,,3,3,,3,4.0,,,,2,3,,,0.0,3,,3,3,3,,3,4.0,,3,3,2,3,,2,3,,,,,3,3,3,,3,3.0,,3,,0.0,,,3,3,,2,,,3,,3,3,0.0,4.0,3,,,3,,,3,3,,,,3,,,4.0,,3,3,3,3,2,,3,3,3,3,,,3,3,3,,3,3,4.0,3,3,3,3,,3,3,3,2,3,3,3,3,3,,4.0,,,,,,4.0,,3,,3,2,3,3,3,2,3,3,3,,,,,,2,3,,,3,,,3,2,,,3,,3,,4.0,3,3,3,,3,4,,4.0,3,4.0,,3,3,,,,,,4.0,4.0,,3,3,,,,44,3,1.099474375821288,-0.6836722299185416
2,3,2,2,2,1,2,2,3,2,2,2,2,2,2,2,3,2,2,2,2,2,3,2,2,3,3,2,2,2,2,3,3,3,3,2,3,3,3,3,3,2,1,3.0,2,2,3,2,3,3,3,2,3,2,3,3,3,3,2,3,3,2,1,2,1,3,3,3,2,3,3,3,3,3,2,3,3,3,2,2,2,2,1,2,2,3,2,2,3,2,2,3,3,2,2,1,2,3,2,0,2,3,3,3,3,2,2,2,2,3,3,3,3,2,2,2,2,2,3,3,3,2,3,3,2,2,3,3,2,2,3,2,2,0,2,2,3,2,3,3,2,2,2,2,3,2,3,2,1,3,3,3,2,3,2,2,3,3,3,3,2,3,3,2,3,2,2,2,2,2,2,2,2,2,3,3,3,2,3,2,2,2,3,1,2,3,3,2,2,2,2,2,3,3,3,3,2,2,2,2,2,2,3,2,2,3,2,1,3,2,2,2,2,2,2,2,2,3,2,3,3,2,2,1,3,0,2,3,2,3,2,3,2,3,2,3,2,3,3,3,3,3,3,2,3,2,3,3,3,2,3,3,2,3,3,2,2,3,3,3,3,2,3,2,2,3,3,3,3,2,3,2,3,3,3,3,3,3,2,2,2,2,2,2,2,2,3,3,3,3,2,2,2,3,3,2,2,3,3,3,2,2,2,2,3,3,2,3,2,2,3,3,2,3,2,3,3,3,2,3,3,3,3,2,3,2,2,3,3,2,3,2,2,2,3,3,3,2,2,3,2,3,3,2,3,3,3,3,3,2,3,2,3,2,3,2,2,2,3,3,3,2,2,3,3,2,2,2,3,3,3,2,2,2,3,2,3,2,3,2,3,3,3,3,3,3,3,3,3,3,3,3,3,2,3,2,3,3,3.0,3,2,2,3,3,2,2,3,3,3,3,2,2,3,3,,,4.0,2,3,2,2,3,2,0,2,3,2,2,3,3,2,3,4,3,2,3,4.0,3,2,3,3,2,3,3,3,2,3,3,3,,2,3,3,2,3,2,,3,2,2,3,3,3,,2,3,2,3,2,3,3,3,3,3,2,,3,3,3,4.0,2,3,1,3,3,3,2,3,3,2,3,3,2,2,2,2,2,3,2,2,3,3,3,3,2,3,2,4,3,2,3,3,3,3,3,3,3,2,2,3,2,3,4.0,3,,2,3,2,3,1,3,2,3,3,3,3,3,3,3,3,3,3,3,3,2,3,3,2,3,3,3,3,3,3,2,3,3,3,3,3,2,,3,3,3,3,3,4.0,2,3,3,3,2,3,4,3,3,3,,3,3,3,,4,0,3,3,3,3,3,2,3,2,3,,3,3,3,3,3,3,2,,3,,,3,3,3,3,2,2,3,4.0,3,4,4,3,3,4.0,3,,3,3,3,,2,3,4,,,4.0,,3,,4,3,4,3,3,3,3,3,4.0,3,3,3,,3,3,3,2,4,,,3,3,3,3,3,3,3,,4,3,3,,3,4.0,,3,3,,2,4.0,3,3,3,3,,,2,,3,3,3,3,4.0,3,2,2,,3.0,,3,3,1,2,4.0,3,3,4,3,3,,3,3,3,3,3,3,3,4.0,3,3,3,3,3,2,3,3,4,3,,3,2,3,4,,4.0,3,2,3,3,,3,3,3,3,,2,4.0,3,,4.0,,,,3,3,4.0,3,3,4.0,,3,,3.0,,2,3,4,4.0,,4.0,4,3,,4,3,,,3,,3,,4,,,3,4,3,4,,3,3,3,4.0,3,0,2,3,3,3,3,4.0,3,3,4,3,0.0,2,,3,2,,4.0,3,,3,3,,,3,3,,3,4.0,,4.0,,3,4,,,3.0,3,,3,3,3,,3,3.0,,3,4,2,3,,2,3,,,,,3,3,3,,4,4.0,,3,,4.0,,,3,3,,3,,,3,,0,3,4.0,,3,,,3,,,3,3,,,,3,,,4.0,,3,4,3,1,3,,3,3,0,3,,,2,0,3,,3,2,4.0,3,3,3,4,,3,3,3,3,3,4,3,3,3,,4.0,,,,,,4.0,,3,,3,2,3,3,3,3,3,3,3,,,4.0,,,3,3,,,3,,,3,1,,,3,,3,,4.0,4,3,3,,3,4,,4.0,3,3.0,,3,4,,,3.0,,,4.0,4.0,,3,3,,,,45,3,1.106372488598546,-0.671834694515349
2,2,2,2,2,2,1,2,2,3,2,2,2,1,2,2,2,2,2,2,2,2,3,1,2,2,2,2,2,2,2,2,2,2,2,2,2,2,0,2,2,2,1,3.0,2,2,2,2,2,3,3,2,2,2,1,2,0,2,2,2,2,2,2,2,2,2,2,3,2,2,2,2,3,2,2,3,3,2,2,2,2,1,1,2,2,2,1,2,3,2,2,2,2,2,2,2,2,3,2,2,2,3,3,2,2,1,1,1,2,3,3,3,3,2,2,1,2,2,2,3,3,1,3,2,2,2,2,2,1,2,2,2,2,2,3,2,2,2,2,2,2,2,2,2,2,2,2,2,3,2,2,2,2,2,2,2,2,0,2,2,1,2,2,2,2,1,0,2,2,2,1,2,2,2,1,3,3,2,1,2,2,2,2,2,2,3,2,2,2,2,2,2,3,3,2,2,3,2,2,2,2,2,3,2,2,2,2,2,2,2,2,2,1,3,2,2,2,3,2,2,2,2,1,2,2,2,0,2,2,2,2,2,2,2,1,3,2,2,2,3,3,3,2,2,2,2,3,3,3,1,2,2,2,2,2,2,1,3,2,3,3,2,2,2,3,3,3,3,2,2,2,2,2,2,3,2,3,3,1,2,2,2,2,1,2,2,2,2,2,3,2,3,2,3,3,2,1,3,2,3,2,1,2,2,2,2,2,3,2,2,2,2,2,3,2,3,2,3,2,2,2,2,2,3,3,2,2,2,2,2,3,3,3,2,2,3,2,0,2,2,2,3,2,2,3,2,2,2,3,2,2,2,2,2,3,2,2,2,3,3,3,2,2,2,3,2,2,2,2,3,2,2,2,2,3,2,2,2,2,2,2,2,3,3,2,2,3,2,2,2,2,3,2,1,1,2,3,2,3.0,3,2,2,3,3,2,2,3,3,2,1,2,2,2,2,,,,2,2,1,1,2,2,2,2,2,2,2,2,2,2,2,3,2,1,3,3.0,2,2,3,2,2,3,2,2,2,2,3,2,,2,3,3,2,2,2,,2,2,2,2,3,2,,2,3,2,2,2,3,2,2,3,2,1,3.0,3,3,2,3.0,2,2,2,2,2,2,2,3,3,2,2,3,2,2,1,2,3,2,2,3,3,3,3,3,2,3,2,3,2,2,3,2,3,2,3,2,3,3,2,2,2,3,,3,,3,2,3,3,2,3,2,2,2,3,3,3,2,3,2,2,2,2,2,2,3,2,3,2,2,0,2,2,3,3,3,3,2,3,2,2,,3,2,3,3,3,0.0,2,2,3,3,2,2,3,3,2,2,,2,2,2,,3,3,3,3,2,2,2,2,1,2,2,,3,2,3,3,3,2,3,,3,,,0,3,3,2,2,2,3,,2,3,2,3,3,,2,,3,2,3,,2,3,3,,,3.0,,3,,3,3,3,3,2,2,3,2,3.0,3,2,3,,2,3,2,2,3,,,2,2,2,3,2,2,2,,3,2,3,,3,3.0,3.0,3,2,,2,3.0,3,2,3,3,,,2,,2,3,2,3,3.0,2,3,3,,,,3,3,3,2,,3,3,3,2,3,,3,2,2,3,3,3,3,,3,2,3,3,3,2,3,3,3,2,,2,3,3,3,,,3,2,2,3,,3,2,2,3,,1,,3,,3.0,,,,3,3,,2,3,3.0,,2,,,,3,3,3,3.0,,3.0,3,3,,2,3,,,3,,3,,3,,,3,3,3,3,,3,3,3,,3,3,2,2,3,2,3,3.0,3,2,3,2,3.0,2,,3,3,,0.0,2,,2,3,,,3,3,,3,,,,,3,3,,,,3,,3,3,3,,3,,,2,3,2,2,,2,2,,,,,3,3,3,,3,3.0,,3,,3.0,,,3,3,,1,,,2,,3,3,,,3,,,2,,,3,2,,,,2,,,,,3,3,3,2,3,3.0,3,3,3,2,,,3,3,3,,2,3,,3,3,3,3,,3,3,3,2,3,3,3,3,3,,3.0,,,,,,3.0,,3,,2,1,3,3,3,3,3,3,3,,,,,,2,3,,,3,,,3,3,,,2,,3,,3.0,3,3,3,,3,3,,3.0,3,,,3,3,,,,,,,,,3,3,,,,46,3,1.1055670103092783,-0.6986721031759131
3,2,2,2,2,2,1,3,3,3,2,3,2,2,2,2,2,2,2,2,2,2,3,2,3,3,3,2,2,2,2,3,3,3,3,2,2,3,3,3,3,2,2,4.0,2,3,3,2,2,3,3,2,3,2,2,2,2,2,1,2,3,2,1,2,1,2,2,3,2,2,3,3,3,3,2,3,3,3,2,2,2,2,1,2,2,3,2,2,3,2,2,3,3,2,2,2,2,3,3,2,3,3,3,2,1,2,2,2,3,3,3,3,3,1,2,2,2,3,3,3,3,2,3,3,3,3,2,3,2,2,2,2,2,2,2,3,3,2,2,2,2,2,2,2,3,2,3,2,3,2,2,2,2,2,2,2,3,2,2,2,1,3,2,2,2,2,2,2,1,2,2,2,2,2,3,3,3,3,3,2,2,2,3,2,2,3,3,2,2,2,2,2,3,2,2,2,2,2,2,2,3,2,3,2,2,1,0,3,3,2,2,2,2,3,2,2,2,2,2,3,3,2,2,3,3,3,2,3,2,3,2,2,2,2,2,3,2,2,2,3,3,3,3,3,3,2,3,3,3,2,2,3,2,3,2,2,2,3,2,3,3,3,3,2,3,3,3,3,3,2,2,2,3,3,3,2,2,2,2,2,1,2,2,2,2,2,2,2,2,3,2,2,0,3,2,2,2,3,3,3,2,3,3,2,3,2,2,3,3,3,2,3,3,3,2,3,2,3,2,3,3,3,3,2,3,2,2,2,3,2,2,3,3,2,3,3,3,2,2,3,2,3,2,3,3,3,2,3,3,2,3,3,3,3,3,2,2,2,3,3,3,2,2,3,3,3,2,2,2,3,3,2,2,2,3,2,2,2,3,2,3,3,3,3,3,3,3,3,2,2,3,3,3,2,3,2,3,2,3.0,2,3,2,3,2,2,2,3,3,3,3,2,2,2,2,,,3.0,2,2,2,2,3,2,2,2,2,1,2,3,3,2,3,3,3,2,3,4.0,3,2,3,2,2,3,2,3,2,3,3,3,,2,4,3,2,2,2,,2,2,3,3,3,3,4.0,2,1,2,2,3,3,3,3,3,2,2,,3,3,2,4.0,2,2,3,2,2,3,2,3,3,2,3,3,3,1,2,2,3,3,2,3,3,3,3,3,3,3,2,4,2,2,3,3,3,3,3,2,2,3,2,3,2,3,3.0,2,,3,2,0,3,3,4,3,3,2,3,3,3,3,3,3,3,2,3,0,2,3,2,3,2,0,2,3,2,3,3,3,3,3,4,3,3,,2,2,3,3,3,3.0,2,3,3,3,2,3,3,3,2,3,,3,3,2,,3,3,3,3,3,3,3,3,3,3,3,,3,3,3,3,3,2,3,,3,,,3,3,3,3,2,3,3,4.0,2,4,4,3,3,,2,0.0,3,3,3,,3,3,4,,,4.0,,3,,3,3,3,3,3,3,3,3,4.0,3,3,3,4.0,3,3,3,3,3,,,3,2,3,3,2,3,2,,3,3,3,,3,4.0,,3,3,,3,4.0,3,2,3,3,,,3,,3,3,3,3,4.0,0,3,3,,,,3,3,3,3,4.0,3,3,3,3,3,,3,3,3,3,3,3,3,3.0,3,3,3,3,3,2,3,3,3,3,,2,3,3,3,,4.0,3,2,2,3,4.0,3,3,3,3,,3,4.0,3,,4.0,4.0,,,3,3,4.0,3,3,0.0,,3,3.0,,,3,3,3,4.0,,4.0,3,3,,4,2,,,3,,3,,3,,,4,3,3,3,,3,3,3,4.0,3,3,2,3,3,2,2,4.0,3,3,3,2,3.0,2,,2,3,3.0,4.0,2,,3,3,,,3,3,,3,4.0,,,,2,3,,,3.0,3,,2,3,3,,3,4.0,,3,3,2,3,,2,3,4.0,,,0.0,3,3,3,,3,3.0,,3,,3.0,,,3,3,,2,,,3,,3,3,3.0,,3,,,3,,,3,3,,,,3,,,3.0,,3,3,3,3,3,,3,4,3,3,,,3,3,3,,3,3,4.0,3,0,3,3,,3,3,3,2,3,3,4,3,2,4.0,4.0,,,,,,4.0,,3,,3,2,4,3,3,3,2,3,3,,,,,,2,3,,,4,,,3,2,,,3,,2,,4.0,3,3,2,,3,3,,4.0,3,,,3,3,,,,,,4.0,,,3,3,,,,47,3,1.1055734190782427,-0.6754971518327957
2,3,2,2,2,2,3,3,3,3,3,2,3,2,3,3,2,2,3,3,3,2,3,2,3,3,3,2,2,3,2,3,3,3,3,2,3,3,3,3,3,2,2,4.0,2,3,2,2,3,3,3,2,3,2,2,2,2,2,1,2,2,2,2,2,2,2,3,3,2,2,2,3,3,3,3,3,3,3,3,3,2,2,2,2,2,3,2,2,2,2,3,3,2,2,2,2,2,3,3,3,3,3,3,2,2,1,2,2,3,3,3,3,3,2,2,2,3,3,3,3,3,2,3,2,3,3,3,2,2,1,2,2,2,2,3,3,3,2,2,3,3,3,2,3,3,2,3,2,3,2,2,3,2,2,2,2,1,2,2,0,1,2,2,2,3,2,2,2,2,2,2,3,2,2,2,3,2,3,3,2,2,2,2,2,2,3,3,2,3,2,2,2,3,3,2,3,2,2,2,1,2,2,3,2,2,2,2,2,2,2,2,2,0,3,2,2,3,3,3,3,3,3,3,2,3,3,2,3,3,3,3,2,2,1,2,2,1,2,2,3,2,2,2,2,2,3,4,4,3,2,2,3,2,3,2,2,2,3,2,3,3,3,3,3,3,3,3,3,2,2,3,3,3,3,3,3,3,3,2,3,2,2,2,2,3,2,2,0,2,3,2,3,2,3,2,2,2,3,3,3,3,2,3,2,3,2,2,3,2,3,2,3,2,3,3,4,3,3,3,3,2,2,3,3,3,3,3,2,3,2,4,3,4,2,3,4,3,3,3,3,2,3,2,2,2,3,2,2,3,3,2,2,3,3,4,2,3,3,3,3,3,3,2,2,3,2,2,2,2,3,3,2,3,3,3,2,2,1,3,2,2,0,3,3,0,2,3,2,2,2,2,2,3,1,2,2,3,2,3.0,3,3,3,3,3,2,2,3,3,3,3,3,2,2,3,4.0,,4.0,3,2,2,2,3,2,3,2,3,3,2,3,3,3,2,3,3,2,3,4.0,3,3,4,2,2,3,2,3,2,3,3,3,,2,3,3,2,3,3,,3,2,3,2,3,3,,2,3,2,3,3,3,3,3,3,2,2,,3,3,3,4.0,3,2,2,2,2,3,2,4,4,2,2,3,2,2,1,2,3,3,3,3,3,3,3,3,3,4,2,4,3,2,3,3,3,3,3,2,3,3,2,3,3,3,4.0,3,,3,2,3,3,3,3,3,3,2,3,3,3,3,3,3,3,3,3,2,2,3,2,3,2,2,2,3,2,3,3,3,3,2,4,3,3,,2,3,3,4,4,4.0,3,3,4,3,3,3,4,3,1,3,,3,3,3,,4,3,3,3,3,2,3,2,3,2,3,,3,3,3,3,3,2,3,,3,4.0,,3,3,3,3,3,2,3,4.0,2,4,4,4,3,,3,,3,3,3,,3,3,4,,,4.0,,3,,3,3,3,3,2,3,3,3,3.0,3,3,3,,3,3,2,3,3,,,3,3,3,3,3,3,3,,0,3,3,,4,4.0,,3,3,,3,4.0,3,2,3,3,,,3,,3,3,3,4,2.0,0,3,3,,,,3,3,3,3,4.0,3,4,3,3,3,,3,3,3,3,3,3,3,,3,3,3,3,3,3,3,3,4,3,,3,3,3,3,,4.0,3,2,2,3,,3,3,3,3,,3,4.0,3,,4.0,,,,3,3,4.0,3,3,4.0,,3,,,,2,3,4,4.0,,4.0,3,3,,4,3,,,3,,3,,4,,,4,4,3,3,,3,3,3,4.0,3,3,2,3,3,3,3,3.0,3,3,3,3,4.0,1,,3,4,,4.0,3,,3,3,,,3,3,,3,4.0,,,,3,3,,,4.0,3,,3,3,3,,3,4.0,,3,3,2,3,,2,3,,4.0,,,3,3,3,,3,4.0,,3,,4.0,,,3,0,,3,,4.0,3,,4,3,,,4,,,3,0.0,,4,3,,,,3,,,4.0,,4,3,2,2,3,,4,4,3,3,,,1,0,3,,3,3,4.0,3,3,3,3,,4,3,3,2,3,3,4,3,4,,4.0,,,,,,4.0,,3,4.0,3,2,4,3,3,3,3,3,4,,,,,,2,4,,,4,,,3,3,,,2,,3,,4.0,4,3,3,,3,4,,4.0,3,,,3,4,,,,,,4.0,,,3,3,,,,48,3,1.1127790105730326,-0.6817448119741024
3,3,2,2,2,2,1,2,2,1,2,1,1,2,3,3,3,2,3,2,2,2,3,3,3,2,3,3,3,3,3,3,4,3,3,3,3,3,3,3,3,3,2,3.0,2,2,2,3,3,3,3,3,3,3,2,2,2,2,2,2,3,3,2,2,2,3,2,3,2,3,3,3,3,3,3,3,3,3,3,3,2,2,2,2,2,3,2,2,3,2,2,3,2,3,3,3,2,3,3,3,3,3,2,3,3,3,2,2,2,3,3,3,3,3,2,2,3,3,3,4,3,2,3,3,3,3,0,3,2,2,3,2,2,2,3,3,3,2,2,3,2,2,2,3,3,2,2,3,3,3,3,3,2,2,3,3,3,3,2,2,1,2,3,3,3,3,2,3,2,2,2,3,3,2,2,3,3,3,3,3,3,3,3,2,2,3,3,2,3,2,2,2,3,2,2,2,3,3,3,3,3,3,4,3,3,3,3,3,2,2,2,1,2,2,3,2,3,3,2,3,3,3,2,2,3,3,2,3,3,3,3,3,3,2,2,3,2,2,3,3,0,3,3,3,3,2,3,2,3,2,3,3,2,3,3,2,2,3,3,3,3,3,3,3,2,2,2,2,2,2,3,2,3,3,3,3,3,3,3,3,3,2,2,2,3,2,2,2,3,4,2,3,3,2,3,3,2,3,2,0,1,3,3,2,3,2,3,3,2,3,3,3,2,3,3,3,2,3,3,3,3,3,3,2,2,3,3,2,3,2,4,3,2,3,3,3,3,3,3,3,2,3,3,3,4,3,3,3,4,3,3,3,3,3,4,2,3,3,2,2,3,3,2,3,3,2,2,3,3,3,3,2,3,3,3,2,3,2,3,3,3,4,4,4,3,3,3,3,3,2,3,3,3,3,3,3,4,3,4.0,3,2,3,3,3,3,2,2,3,2,3,3,2,2,3,,,3.0,3,2,2,2,2,3,3,2,3,3,3,3,3,2,3,4,3,2,3,4.0,3,3,4,2,2,3,3,3,3,3,3,2,,2,3,2,3,3,3,,3,2,1,2,3,3,,2,3,0,3,3,3,3,3,4,2,3,,3,3,3,,2,2,3,3,3,3,3,1,3,2,3,3,3,3,1,2,2,3,2,2,1,3,2,3,2,3,2,4,3,2,2,3,4,3,3,3,3,3,2,3,2,3,4.0,3,,2,3,3,3,2,3,3,3,3,3,3,3,3,3,4,3,3,3,3,3,3,2,3,3,2,3,2,2,3,3,2,4,3,3,3,2,,2,3,2,0,3,4.0,3,2,2,3,3,2,4,4,3,3,,3,3,3,4.0,4,3,3,3,3,0,3,3,3,3,3,,3,3,3,3,3,2,3,,3,,,3,2,4,3,2,3,4,,3,4,3,4,3,,3,,3,3,3,,3,4,4,,,4.0,,3,,3,2,3,3,3,2,3,3,4.0,3,3,3,,3,3,3,3,4,,,0,3,3,3,3,2,2,,4,3,3,,2,4.0,,3,3,,3,4.0,3,2,3,3,4.0,,3,,3,3,3,3,4.0,3,2,2,,,,3,4,2,3,4.0,3,4,4,3,3,,3,3,3,2,4,4,0,,3,3,3,3,3,3,3,3,3,3,,3,2,3,4,,4.0,3,3,3,4,,4,3,3,1,2.0,3,4.0,3,,4.0,,,,3,3,4.0,3,3,4.0,,3,4.0,0.0,,4,3,3,4.0,,4.0,4,3,,4,3,,,3,,4,,4,,,4,4,3,4,,3,3,2,3.0,4,3,3,3,3,1,3,4.0,3,3,4,3,4.0,3,2.0,3,2,,3.0,2,,3,4,,,3,3,,4,4.0,,,,3,4,,,4.0,2,,3,4,3,,4,,,3,3,2,3,,2,3,,,,,3,3,3,,4,4.0,4.0,3,,4.0,,4.0,3,4,4.0,2,,,4,,3,3,4.0,3.0,3,,,3,,,4,2,,,,3,,,3.0,4.0,3,4,4,4,3,,3,3,3,3,,,4,3,4,,3,3,4.0,3,3,3,3,,3,3,3,2,3,3,4,3,4,,4.0,,,,,,4.0,,4,,3,3,3,4,4,3,4,3,3,,3.0,,,,3,4,,,3,,,3,2,,3.0,4,,3,,4.0,3,3,3,,4,4,,4.0,3,,,3,3,,,0.0,,,,,,3,3,,,,49,3,1.107719928186715,-0.6077276206369723
3,2,2,3,2,2,2,3,3,3,3,3,2,3,2,2,2,2,2,2,2,2,1,3,3,3,3,2,2,2,2,3,3,3,3,2,2,3,3,3,3,3,2,4.0,2,2,3,3,3,3,3,2,3,3,2,3,3,2,2,3,3,2,2,2,1,2,3,3,2,2,3,3,3,3,3,3,3,3,3,3,2,2,2,2,1,3,2,2,3,3,3,3,2,2,2,2,3,2,3,2,2,3,3,2,3,2,2,2,3,3,3,3,3,2,2,2,2,3,3,3,3,2,3,3,2,2,3,0,2,2,2,2,3,2,2,3,3,3,3,3,3,2,2,3,3,3,3,2,2,2,3,3,3,3,3,2,3,2,3,3,1,3,2,2,2,2,2,3,2,2,2,2,2,2,2,3,3,2,3,2,2,2,3,2,2,2,3,3,2,2,3,2,3,3,3,3,2,3,3,2,3,2,3,3,2,3,3,3,3,2,2,2,2,3,2,2,3,3,3,3,3,3,2,3,3,3,3,3,2,3,2,3,2,2,2,3,3,3,2,3,3,3,3,3,3,2,3,3,3,2,2,3,2,3,3,3,2,3,2,3,3,3,2,2,2,3,3,3,3,2,2,2,3,3,3,3,3,3,2,3,0,2,2,2,2,2,3,3,3,3,2,3,2,3,2,2,2,3,3,3,2,3,2,2,3,3,2,3,3,3,3,3,3,3,3,3,2,3,2,3,2,2,3,0,3,3,2,3,3,2,4,3,3,2,3,3,2,2,2,3,2,3,2,3,3,3,3,2,3,3,2,2,2,2,1,3,2,2,3,3,3,3,2,3,3,3,2,2,3,3,3,2,3,3,3,2,2,1,3,2,3,3,3,0,2,3,3,3,2,2,3,3,3,2,2,2,3,2,3.0,3,3,2,3,3,2,2,3,3,3,3,3,2,3,3,4.0,,4.0,2,3,2,2,3,2,3,1,3,2,3,3,3,2,3,3,3,2,2,4.0,3,3,4,2,2,3,3,3,2,3,2,3,,2,4,3,3,3,3,,3,2,3,3,3,3,,2,3,2,3,3,3,3,3,3,3,2,,3,3,2,3.0,3,3,3,2,3,3,1,3,3,3,3,3,2,2,2,2,3,3,2,3,3,3,3,3,2,4,2,4,3,3,0,1,3,3,3,2,3,3,3,3,2,3,4.0,0,,3,2,3,3,3,3,3,3,1,3,3,3,3,3,4,3,2,3,2,3,3,2,3,3,2,3,3,3,3,3,3,3,3,4,3,3,,2,3,3,3,4,4.0,3,3,3,3,2,3,3,3,3,3,,3,3,2,,4,3,3,3,3,3,3,3,3,3,2,,4,3,2,3,3,2,3,,3,,,3,3,3,3,2,3,4,4.0,3,3,4,3,3,,3,,2,3,3,,3,3,3,,,4.0,,3,,3,3,3,3,3,3,3,3,4.0,3,3,3,,3,3,3,3,3,,,3,3,3,3,3,3,2,,4,3,3,,3,4.0,,3,3,,1,0.0,3,3,3,3,,,3,,3,3,3,3,4.0,3,3,3,,,,3,3,3,3,3.0,3,4,4,3,3,,0,3,3,3,3,0,3,2.0,3,2,3,3,3,3,3,3,4,3,,3,3,3,3,,4.0,3,3,2,3,,3,3,3,3,,3,4.0,3,,4.0,,,,3,3,4.0,3,3,4.0,,3,,,,3,3,4,4.0,,4.0,3,3,,4,3,,,3,,3,,3,,,3,3,3,3,,3,3,3,4.0,4,3,3,2,3,3,3,3.0,3,3,3,3,4.0,2,,3,3,,4.0,3,,3,3,,,3,3,,3,4.0,,,,3,4,,3.0,4.0,3,,3,3,3,,3,3.0,,3,3,3,3,,2,3,,,,,3,4,3,,3,4.0,,3,,4.0,,,3,3,,3,,,3,,3,3,4.0,,3,,,3,,,3,3,,,3.0,3,,,4.0,,3,3,3,3,3,,3,3,3,3,,,3,3,3,,3,3,4.0,3,3,3,4,,3,4,3,3,3,3,3,3,3,,3.0,,,,,4.0,4.0,,3,,2,2,4,3,3,3,3,3,3,,,,,,3,4,,,3,,,3,3,,,3,,3,,4.0,3,3,3,,3,4,,4.0,3,,,3,4,,,,,,0.0,,,3,3,4.0,,,50,3,1.1097385464140086,-0.6032506206112943
3,3,2,2,2,2,2,3,3,3,2,2,2,1,2,2,2,3,3,2,3,2,3,2,2,2,2,1,2,2,2,2,2,0,2,2,2,2,2,2,1,2,2,3.0,2,3,2,2,2,3,3,2,3,2,3,2,2,2,2,3,3,3,2,1,1,1,3,3,3,2,3,3,4,3,3,3,3,3,3,2,2,2,2,2,3,3,2,2,3,2,2,3,3,2,2,2,2,3,3,3,3,3,3,3,3,2,2,2,2,3,3,3,3,2,2,2,2,3,1,2,3,2,3,2,3,3,2,2,1,2,3,3,3,2,3,2,2,2,1,3,2,3,2,3,3,3,3,3,3,3,3,2,3,3,3,2,3,3,3,3,2,3,2,3,0,1,2,2,2,1,2,2,2,3,3,3,2,2,3,3,3,3,3,2,1,3,3,3,3,3,2,3,3,3,3,3,2,0,2,2,2,2,3,3,2,2,2,2,3,2,2,2,2,3,2,2,3,3,3,3,3,3,3,3,3,3,3,3,3,2,3,3,2,3,3,3,3,3,3,3,3,3,3,2,2,3,3,3,3,2,3,2,2,3,2,2,2,3,3,3,3,2,3,3,3,3,3,3,3,2,3,2,2,3,3,3,3,3,2,3,2,2,2,2,3,2,2,3,3,3,2,3,1,3,3,2,3,3,3,3,2,2,3,2,3,2,2,3,3,3,3,3,3,3,3,4,3,3,2,3,3,3,3,2,0,2,2,3,3,2,3,3,3,2,3,3,2,2,2,2,2,3,2,3,3,3,2,3,4,3,3,3,3,3,4,2,3,2,3,3,2,2,2,2,3,2,2,2,3,3,2,2,3,3,3,2,3,2,3,2,3,3,3,3,3,3,3,3,3,2,3,3,3,3,3,2,3,3,3.0,3,3,3,3,3,3,2,3,3,3,0,3,2,2,2,,,4.0,2,2,2,2,3,3,3,2,3,2,2,3,3,2,3,4,3,2,3,3.0,2,2,3,2,3,3,2,3,2,3,3,2,,1,3,3,3,3,2,4.0,2,2,3,3,3,3,,2,3,3,3,3,3,3,3,3,3,2,,2,3,3,4.0,3,2,2,2,2,3,2,4,3,3,2,3,3,2,2,2,3,3,2,3,3,3,3,3,3,3,2,4,3,3,3,3,3,3,3,2,3,3,3,3,2,3,4.0,3,,3,2,3,3,3,3,3,3,2,2,3,3,3,3,3,3,3,3,2,3,2,3,3,3,2,3,3,3,3,3,3,3,3,2,3,3,4.0,3,3,3,3,4,4.0,3,3,3,3,3,3,4,3,3,3,,3,2,3,,3,3,3,3,2,3,2,3,3,1,3,,3,3,3,3,3,3,3,,3,,,3,3,3,3,2,3,4,,3,4,3,4,3,,3,,2,3,3,,2,3,4,,,4.0,,3,,4,3,4,3,3,3,3,3,4.0,4,3,4,,3,3,3,3,3,,,3,3,3,3,3,3,2,,4,3,3,,3,4.0,,3,3,,3,4.0,3,2,3,3,,,3,,3,3,3,4,4.0,3,3,3,,,,3,3,3,3,4.0,3,4,4,3,4,,3,3,3,3,3,3,3,,3,3,3,3,4,3,3,3,3,3,4.0,3,3,3,4,,4.0,4,3,2,3,,3,3,2,3,,3,4.0,3,,4.0,,,,3,3,4.0,3,3,4.0,,3,,,,2,3,3,4.0,,4.0,3,3,,3,3,,4.0,3,,3,,4,,,4,4,3,3,,3,3,3,4.0,3,3,2,3,3,3,3,4.0,2,2,3,3,4.0,2,,2,3,,4.0,3,,3,4,,,3,3,,4,4.0,,0.0,,2,4,,,3.0,3,,3,3,0,,3,4.0,,3,3,3,3,,2,2,,,,,3,3,3,,4,4.0,,3,,4.0,,,3,3,,3,,,3,,4,3,,,3,0.0,,3,,,3,3,,,,0,,,4.0,,4,4,3,2,3,4.0,4,4,3,2,,,2,2,2,,3,3,3.0,3,3,0,3,,3,3,3,2,3,4,4,3,4,,4.0,,,,,,3.0,,4,,3,3,4,3,2,3,2,3,4,,,,,,2,3,,,4,,,3,2,,,3,,3,,3.0,4,3,3,,3,4,,4.0,3,,,3,3,,,,,,3.0,2.0,,3,3,,,,51,3,1.100884955752213,-0.6411479359852125
3,2,2,2,2,2,2,0,2,2,2,2,2,2,2,2,2,2,2,2,2,2,3,2,3,3,3,2,2,2,2,2,3,3,3,2,2,3,3,3,3,2,2,3.0,2,2,2,2,3,3,3,2,3,3,3,2,2,2,2,2,2,2,1,2,1,2,2,3,2,2,2,3,3,3,2,3,3,2,2,2,2,2,2,1,2,2,1,2,2,2,2,2,2,2,2,2,2,3,2,2,2,3,2,2,2,2,2,1,2,3,2,3,3,2,2,2,2,2,3,3,3,2,3,2,2,2,3,3,2,2,3,2,2,2,3,3,3,2,2,2,2,2,1,0,3,2,2,2,3,2,2,2,2,2,2,3,3,2,2,2,1,2,2,2,2,2,2,2,2,2,2,3,2,2,2,3,2,2,3,2,2,1,2,2,2,3,2,2,2,2,2,2,3,3,2,3,2,2,3,2,3,2,3,2,3,3,2,3,3,2,2,2,2,3,2,2,0,3,2,3,3,2,2,2,3,3,2,3,2,2,2,3,2,2,2,2,2,2,1,3,3,3,2,2,2,3,3,3,2,2,2,2,2,2,2,2,2,3,2,3,3,2,3,2,2,2,3,3,3,2,3,2,3,3,3,2,3,3,2,2,1,2,2,2,2,2,3,3,3,3,2,0,2,2,2,2,2,3,3,3,2,2,2,2,2,2,2,3,2,3,2,3,2,3,2,3,2,3,2,3,2,2,3,3,3,2,2,3,2,2,3,3,2,2,3,3,2,3,2,3,2,3,2,2,3,3,2,3,3,3,3,2,3,2,3,2,2,2,2,3,3,2,2,3,3,2,2,2,2,3,3,2,2,2,2,1,2,2,3,1,2,2,3,3,3,2,3,3,2,2,2,3,3,2,2,0,3,2,3.0,3,2,2,3,3,2,2,2,2,3,2,2,2,2,1,4.0,,4.0,2,2,2,1,2,2,2,2,3,2,2,2,2,2,3,3,3,2,3,4.0,3,2,3,2,2,3,3,3,2,3,3,2,,1,3,2,2,2,3,,2,2,2,3,3,3,,2,3,2,2,3,3,2,3,3,3,2,,3,3,2,3.0,2,2,2,3,2,3,3,3,3,3,2,3,2,2,1,2,2,3,2,2,1,3,2,1,2,3,0,3,2,2,2,2,3,3,3,2,3,3,2,3,2,3,4.0,3,,2,2,3,3,2,3,2,3,2,3,3,3,3,3,3,3,2,2,2,2,3,2,3,2,3,3,3,3,3,3,3,3,2,3,3,3,,3,3,3,3,3,4.0,2,2,3,3,2,2,3,3,2,3,,3,3,2,,4,3,2,3,3,2,3,2,3,2,3,,3,2,3,3,3,2,3,,3,,,3,3,3,2,2,2,3,4.0,2,3,3,3,3,,3,0.0,3,3,3,,2,3,3,,,3.0,,3,,3,3,3,3,3,3,3,3,4.0,3,3,3,,3,3,3,3,3,,,2,2,3,3,2,2,3,,3,3,2,,3,4.0,,3,3,,3,4.0,3,2,3,3,,,2,,3,3,3,3,4.0,3,2,2,,,,3,3,2,2,4.0,3,3,3,2,3,,3,3,2,2,3,3,3,,3,2,3,3,3,2,3,3,3,2,,3,3,3,3,,4.0,3,2,2,3,3.0,3,3,3,2,,2,4.0,3,,4.0,,,,3,2,4.0,3,3,4.0,,3,,,,3,3,3,4.0,,4.0,3,3,,3,3,,,3,,3,,3,4.0,,3,3,3,3,3.0,3,2,3,3.0,3,3,2,3,3,2,2,4.0,3,3,3,2,3.0,2,,2,2,,4.0,3,,2,3,,,3,2,,3,4.0,,,,2,3,,,3.0,3,,3,3,3,,3,4.0,,3,4,1,3,,1,3,,4.0,,,3,3,3,,0,4.0,,3,,4.0,3.0,,3,3,,2,,,3,,0,3,3.0,,3,,3.0,3,,,3,2,,,,3,,,4.0,,3,3,3,3,3,,3,3,2,3,,,3,3,3,,0,2,4.0,3,3,2,3,,3,2,3,2,3,4,3,3,3,,4.0,,,,,,4.0,,3,,3,2,3,3,3,3,3,2,3,,,,,,2,3,,4.0,3,,,3,1,,,3,,3,,4.0,3,3,3,4.0,3,3,,3.0,3,,,3,3,,,,,,4.0,,,3,3,,,,52,3,1.102013422818792,-0.6899834978423529
2,2,2,2,2,2,1,1,2,2,2,1,2,1,2,2,2,2,2,1,2,2,3,2,3,2,3,2,2,2,2,3,3,3,3,2,2,3,2,3,2,2,2,3.0,1,2,2,2,3,2,3,2,2,2,2,2,0,2,2,2,3,2,1,2,2,2,2,3,2,2,2,3,3,3,2,3,3,2,2,2,2,1,2,0,2,2,2,1,3,2,2,2,1,2,2,2,2,3,2,2,2,3,3,3,3,2,2,1,2,3,3,3,3,2,2,2,2,3,2,3,3,2,3,3,2,3,2,2,1,2,3,2,2,2,2,2,3,2,2,2,2,0,1,2,3,2,2,2,3,2,3,3,2,2,2,2,3,2,2,2,1,1,2,2,2,2,2,2,2,2,2,2,2,2,2,3,3,3,3,2,2,3,3,2,2,3,2,2,2,2,2,2,3,3,2,2,3,2,3,2,3,2,3,2,2,3,2,2,3,2,2,2,2,2,2,2,2,2,2,3,3,2,2,2,3,3,2,2,2,3,2,2,2,2,2,3,2,2,2,3,3,3,2,2,3,2,2,2,2,1,3,2,2,1,2,2,2,3,2,2,3,3,2,2,2,1,1,2,2,2,3,2,2,3,3,3,3,3,2,2,2,2,2,2,2,2,2,2,2,3,2,3,2,2,3,2,2,3,3,2,2,2,2,2,2,2,2,3,2,3,2,3,2,3,1,3,2,3,2,3,3,3,3,2,2,2,2,2,3,2,3,2,2,2,3,3,2,2,2,3,2,3,2,2,3,3,2,3,3,2,3,2,3,2,3,2,2,2,2,2,2,2,2,2,3,1,1,2,2,3,3,2,2,2,2,2,3,2,3,3,3,3,3,3,3,3,3,3,2,2,3,3,3,2,2,2,3,2,3.0,3,2,2,3,3,2,2,2,2,2,2,2,3,2,3,,,3.0,2,0,2,1,2,2,2,2,2,2,2,3,2,2,1,3,3,2,3,4.0,3,2,3,2,2,3,3,3,2,3,3,2,,2,2,2,2,2,3,,2,2,2,2,3,3,,2,3,1,2,3,3,3,3,3,2,1,,3,3,2,4.0,2,2,3,2,2,3,2,3,3,2,2,3,2,2,2,2,2,3,2,2,2,3,2,3,2,3,2,2,2,2,2,3,3,1,3,2,3,3,2,3,2,2,4.0,3,4.0,2,2,3,3,2,2,2,3,1,3,3,3,1,3,3,3,2,3,3,2,3,2,3,2,2,2,3,2,3,3,0,3,2,3,3,2,,2,3,3,2,2,3.0,2,2,2,2,3,2,3,3,2,2,,2,2,2,0.0,3,3,3,3,3,2,3,2,3,2,3,,3,2,3,3,3,2,2,,3,,,0,0,3,2,2,2,3,4.0,2,3,3,3,3,,3,,3,3,3,,2,3,4,,3.0,4.0,,3,,3,3,3,3,3,2,3,3,4.0,4,3,3,,3,3,2,3,3,,,2,2,2,3,2,1,2,,3,2,2,,2,4.0,,3,2,,3,4.0,3,2,3,2,,,2,,3,3,2,3,4.0,3,2,2,,,,3,3,2,3,4.0,3,3,3,3,3,3.0,3,3,3,2,3,3,3,,3,2,3,3,3,2,3,3,3,2,,3,3,3,4,,4.0,3,2,2,3,,2,3,3,1,,2,4.0,3,,4.0,,,,3,2,3.0,3,3,4.0,,3,,,,3,3,3,3.0,,4.0,3,3,,3,3,,,3,4.0,3,3.0,3,,,3,3,3,3,3.0,3,3,2,3.0,3,3,2,3,3,2,3,3.0,3,3,3,2,3.0,2,,3,2,,4.0,2,,2,3,,,3,2,,3,4.0,4.0,,3.0,3,3,,,3.0,3,,3,3,3,,3,4.0,,2,3,1,2,3.0,2,3,,,,,3,4,3,,4,3.0,,3,,3.0,,,2,3,,2,,,3,,3,3,0.0,,3,,,2,,,3,2,,4.0,4.0,3,,3.0,4.0,,3,2,3,3,3,,3,3,2,3,3.0,,3,3,3,,3,2,4.0,3,3,3,3,,3,3,3,2,3,3,4,3,3,3.0,4.0,,4.0,,,,3.0,,3,,2,2,2,3,3,2,3,2,2,,3.0,,,,2,3,,,3,,,3,2,,,0,3.0,3,,4.0,3,3,3,,3,3,,4.0,3,,,3,3,,,,,,4.0,,,3,2,,,,53,3,1.0996460658861968,-0.6776946414777797
3,3,2,3,3,2,3,3,2,3,2,3,3,2,3,3,3,2,3,3,3,3,4,2,3,3,3,3,2,3,3,3,3,2,3,3,3,3,3,3,3,3,3,4.0,3,3,3,3,3,3,3,3,3,3,3,2,3,3,2,3,3,3,2,3,2,2,3,3,3,3,3,3,4,3,3,3,2,0,3,2,3,3,2,2,2,3,1,2,3,3,3,3,3,3,3,3,2,2,1,2,0,3,2,3,3,2,3,2,3,3,3,4,4,2,2,2,3,3,3,3,3,2,4,3,2,2,3,3,2,3,3,2,3,3,3,3,3,3,3,3,3,3,2,3,3,2,3,3,3,3,3,3,3,2,2,3,3,3,3,3,2,3,2,2,3,2,2,3,3,3,3,3,3,2,3,4,3,3,3,3,2,3,3,3,3,2,3,3,3,3,3,3,3,3,3,3,3,3,3,3,3,3,4,3,3,3,3,3,3,2,3,3,2,3,3,2,3,3,3,3,3,3,3,3,3,3,3,3,3,3,3,3,3,3,3,3,3,3,3,4,3,4,3,3,3,3,3,3,3,2,3,2,3,3,3,3,2,4,3,2,3,2,3,2,3,3,3,4,3,3,3,2,3,3,3,3,4,4,3,3,3,3,2,2,3,3,3,3,3,4,3,3,3,3,3,2,3,3,3,3,3,2,3,3,3,3,3,3,3,3,3,3,3,3,3,4,3,3,2,3,3,3,3,2,3,3,3,3,3,3,4,3,3,1,4,3,3,3,3,3,2,3,3,3,4,3,3,3,4,3,3,3,3,2,3,2,3,3,3,3,3,3,3,3,4,3,2,3,3,4,3,2,3,3,3,2,3,3,3,3,2,3,4,4,3,3,3,3,3,3,3,3,3,2,3,3,3,3,4.0,4,3,3,4,4,2,2,3,2,3,3,3,1,3,3,,,4.0,3,3,3,3,2,2,3,2,3,3,2,3,3,2,3,3,3,2,3,4.0,3,2,4,3,3,3,3,3,1,3,3,3,,3,4,3,3,3,3,,3,3,2,3,3,3,,3,4,3,3,3,3,3,3,0,3,3,,4,4,3,4.0,3,3,3,3,3,3,3,3,4,3,3,4,3,3,2,3,3,3,2,3,4,3,3,3,3,3,2,4,3,3,3,3,3,3,4,3,2,0,2,3,3,3,,4,,3,3,3,3,3,4,2,3,2,4,3,3,3,3,3,3,3,4,3,3,3,2,3,3,3,3,3,3,3,4,3,4,3,4,3,3,,3,3,3,4,3,4.0,3,3,4,3,3,3,4,4,3,3,,4,3,3,,4,4,3,3,3,3,0,3,3,3,3,,3,3,3,3,4,3,3,,3,,,3,4,4,3,3,2,4,,3,4,4,3,4,0.0,3,,4,3,4,,3,4,4,,,4.0,,4,,4,3,4,1,3,3,3,3,4.0,4,3,3,,3,2,3,3,4,,,3,3,3,3,3,3,3,,4,2,3,,3,4.0,,4,3,0.0,3,4.0,4,3,3,3,,,3,,3,4,3,4,4.0,3,4,4,,,,4,4,2,2,3.0,4,4,4,3,4,,0,4,3,3,4,4,4,,3,3,4,3,4,3,4,4,4,3,,3,3,4,4,,3.0,4,3,3,4,,4,3,3,3,,3,4.0,3,,3.0,,,,4,3,4.0,3,3,4.0,,3,,,,3,3,3,4.0,,4.0,4,3,,4,3,4.0,,4,,4,,4,,,3,4,4,4,,4,3,4,4.0,4,4,3,3,3,2,4,4.0,4,3,4,3,4.0,2,,3,3,,,3,,3,4,,,3,3,,4,,,,,2,4,,,4.0,3,,3,4,4,,4,,,4,4,1,3,,3,3,,,,,4,4,3,,4,4.0,,4,,4.0,,,3,4,,3,,,4,,4,3,,,4,,,3,,,4,3,0.0,,,3,,,,,4,3,4,3,3,,4,4,3,3,,,3,3,3,,4,3,,3,3,4,4,,4,4,4,2,4,4,3,4,3,,4.0,,,,,,4.0,,4,,3,0,4,4,3,3,4,3,4,,,,,,3,4,,,4,,,3,3,,,3,,3,,4.0,4,3,3,,3,4,,4.0,3,,,3,4,,,,,,4.0,,,4,4,,4.0,,54,3,1.1111257753728394,-0.63159189708163
3,2,2,2,2,2,2,2,2,3,2,2,2,2,2,2,2,2,2,2,2,1,3,2,2,2,2,2,2,2,2,1,2,2,2,2,2,1,2,2,2,2,2,3.0,2,2,2,2,2,3,2,2,3,2,2,3,3,2,2,3,2,2,2,2,2,2,3,3,2,2,2,3,0,3,2,3,2,2,2,2,2,2,1,2,0,3,2,2,3,2,2,2,2,2,3,3,2,3,3,3,3,3,3,1,2,2,1,1,3,3,3,2,2,1,2,1,2,2,3,3,3,2,3,2,2,3,3,2,2,1,2,2,2,2,2,2,2,2,3,2,3,2,2,2,3,2,2,2,3,2,2,2,2,2,2,2,3,2,2,2,1,2,0,2,3,2,2,3,2,1,2,2,2,2,2,3,2,3,2,2,1,2,2,2,2,3,2,2,2,1,2,2,3,3,2,1,3,3,2,3,3,2,3,2,3,3,3,3,2,2,2,2,2,3,2,2,3,2,2,3,2,2,2,2,3,2,2,2,2,2,2,2,2,1,2,2,2,2,3,3,2,3,2,2,1,2,3,3,3,1,2,2,2,2,2,2,2,3,2,2,3,2,3,2,1,3,3,3,2,2,2,2,3,3,2,3,3,3,2,2,2,2,1,1,2,2,2,2,2,3,2,3,2,3,3,1,2,3,3,3,2,2,2,2,3,3,2,3,2,3,2,2,3,3,2,3,3,3,2,3,2,2,3,2,3,3,2,2,3,2,3,3,3,1,3,3,2,2,2,2,2,3,2,2,3,2,2,3,3,2,3,2,2,2,3,2,2,2,3,3,2,2,2,2,3,2,2,2,2,3,2,2,2,1,3,2,2,2,2,2,2,2,3,3,3,2,3,2,2,2,2,3,2,2,2,2,3,2,3.0,3,2,2,3,3,2,1,3,3,3,2,1,2,3,3,,,0.0,1,2,1,2,2,2,2,2,2,2,2,3,3,1,2,3,2,2,3,3.0,2,0,3,2,2,2,2,2,2,3,3,3,,2,3,2,2,2,2,,3,2,2,2,3,2,4.0,2,3,3,2,2,3,3,2,3,2,2,,3,3,2,4.0,2,2,2,3,3,2,0,3,3,2,2,3,2,2,2,2,3,3,2,3,3,3,3,3,3,3,2,3,2,2,3,3,3,2,3,3,3,3,2,0,2,3,4.0,3,,3,2,3,3,3,2,2,2,2,3,3,3,2,3,3,3,2,3,2,2,3,2,2,2,2,2,2,2,3,3,3,3,3,3,2,2,,2,2,3,3,3,3.0,2,2,0,3,2,3,3,3,2,2,,3,3,2,,3,2,2,3,2,2,3,2,3,3,2,,3,3,3,3,2,2,3,,3,,,2,3,3,3,2,2,3,4.0,2,3,4,3,3,,3,,3,3,3,,3,3,4,,,4.0,,3,,3,3,3,3,2,2,3,3,4.0,3,3,3,,3,3,2,2,3,,,2,2,3,3,3,3,2,,3,2,2,,3,4.0,,3,3,,2,4.0,3,3,3,3,,,2,,3,3,2,3,4.0,3,3,3,,,,3,3,3,3,3.0,3,3,3,2,2,,2,3,3,3,3,3,3,,2,2,3,3,3,2,3,3,4,2,,3,3,3,3,3.0,4.0,3,2,2,3,,3,2,3,3,,3,4.0,3,,4.0,,,,3,3,4.0,3,3,3.0,,3,,,,3,3,3,3.0,,4.0,3,3,,3,2,,,3,,3,,4,,,3,3,3,3,,3,3,3,4.0,3,3,2,3,3,2,3,4.0,3,3,3,3,4.0,2,2.0,3,3,,4.0,3,,2,3,,,3,3,,2,4.0,,,,3,3,,,3.0,3,,2,3,3,,0,4.0,,3,3,2,3,,2,2,,,,,3,3,3,,3,3.0,,3,,3.0,,,3,3,,3,,,3,,3,3,4.0,,3,,,2,,,3,2,,3.0,,2,0.0,,4.0,,3,3,3,3,3,,3,4,3,2,,,3,3,3,,3,3,4.0,3,2,3,3,3.0,3,3,3,2,3,3,4,3,3,,4.0,,,,,,4.0,,3,,3,2,3,3,3,3,4,3,3,,,3.0,,,2,3,,,4,,,3,2,,,3,,2,,3.0,3,3,2,,3,4,,4.0,2,,3.0,3,3,,,,,,4.0,,,3,3,,,,55,3,1.119546979865772,-0.6842936150502933
2,2,2,2,2,2,2,2,2,3,2,2,2,1,2,1,2,2,2,2,2,1,3,2,2,2,2,1,1,2,1,2,2,2,2,2,2,2,2,2,2,1,2,3.0,0,2,1,2,2,3,2,1,2,2,2,2,2,2,2,3,2,2,1,2,2,2,2,2,2,2,2,2,3,3,2,3,3,2,2,2,2,1,0,1,2,2,1,1,2,2,2,2,2,2,2,2,2,3,2,2,2,2,3,0,2,1,1,1,2,2,3,3,3,2,1,1,2,2,2,3,3,1,3,2,2,2,3,2,1,2,2,2,2,1,2,2,2,2,2,2,2,2,1,2,2,0,2,2,3,3,2,1,2,2,2,2,2,2,2,2,1,2,1,2,2,1,1,2,2,1,1,2,2,2,2,3,3,2,3,2,2,2,2,1,2,3,2,2,2,2,2,2,3,3,2,2,2,2,2,2,2,2,3,2,2,2,2,2,2,2,2,1,1,2,2,2,0,2,2,3,2,2,2,2,3,2,2,1,2,2,2,2,2,2,2,3,2,2,2,3,3,3,2,2,3,2,3,3,3,1,2,2,2,2,2,1,2,2,2,2,3,2,2,2,2,2,2,3,2,1,2,2,2,2,2,2,3,3,2,2,2,2,2,1,2,2,2,2,2,3,2,2,2,2,2,2,2,3,3,2,2,2,2,2,2,2,2,3,2,3,2,2,2,3,2,3,2,3,2,3,2,2,2,2,2,2,2,2,3,2,3,2,3,2,2,2,2,2,2,2,2,3,2,2,3,2,2,2,3,3,2,2,2,2,3,2,2,2,2,3,2,2,2,2,2,2,1,2,2,3,2,1,2,2,2,2,2,2,2,2,2,3,3,3,3,2,3,2,2,2,2,3,2,1,2,2,3,2,3.0,2,2,2,3,3,2,2,2,1,2,2,1,2,2,2,3.0,,3.0,2,2,2,2,2,2,2,2,2,2,2,2,2,2,2,3,2,2,3,3.0,2,2,3,2,2,2,2,2,2,2,2,2,,2,3,3,2,2,2,,2,2,2,2,2,1,2.0,2,3,2,2,2,2,2,2,3,2,2,,3,3,2,,2,2,2,2,2,2,2,3,3,2,2,3,2,2,2,2,3,3,2,2,3,2,3,3,2,2,2,3,2,2,3,3,2,2,3,2,3,3,2,2,2,2,,3,,2,1,3,3,2,3,2,2,1,3,3,2,2,3,3,2,2,3,2,2,0,1,2,2,2,2,2,2,3,3,2,3,2,3,2,2,,2,2,2,1,3,3.0,1,2,3,1,1,2,3,3,2,2,,1,2,2,,3,3,2,3,2,2,2,2,2,2,0,,3,2,3,3,3,2,2,,3,,,2,3,3,2,2,2,3,,2,3,3,3,3,,3,,3,3,3,,3,3,3,,,3.0,,3,,3,2,3,3,2,2,2,2,0.0,3,2,3,,3,3,2,2,3,,,2,2,2,3,2,2,2,,3,2,2,3.0,3,3.0,,3,2,,2,,3,2,2,3,,,2,,2,3,2,3,3.0,3,3,3,,,,3,3,3,2,,3,3,2,2,3,,3,3,3,3,2,3,3,,3,2,3,3,3,2,3,2,3,2,,3,3,3,3,,,3,2,2,3,,0,2,2,2,,2,,3,,2.0,,,,3,2,3.0,2,3,3.0,,2,,,,2,3,3,3.0,,,3,3,,3,2,,,3,,3,,3,,,3,3,3,3,,3,3,3,3.0,3,3,2,2,3,2,3,3.0,3,0,3,2,3.0,1,,2,2,,,3,,1,3,,,3,2,,3,,,,,2,3,,,3.0,3,,3,3,3,,3,,1.0,3,3,1,3,,2,2,,,,,3,3,3,,3,3.0,,3,,3.0,,,2,3,3.0,3,,,2,,3,3,,,3,,,2,,,3,2,,,,2,3.0,3.0,,,3,2,3,2,2,3.0,3,3,2,2,,,2,2,3,,3,3,,3,3,3,3,,2,3,3,2,2,3,3,2,3,,3.0,,,,,,3.0,,3,,3,2,3,3,2,2,3,2,3,,3.0,,,,2,3,,,3,,3.0,2,2,,,2,,3,,3.0,3,3,3,,3,3,,3.0,2,,,3,3,,,,,3.0,3.0,,3.0,3,3,3.0,,,56,3,1.096744309158285,-0.6776018027097623
3,2,2,2,2,2,2,2,3,3,2,2,2,1,3,2,2,2,2,2,2,2,3,2,1,3,2,2,2,2,2,2,2,2,3,2,2,2,2,2,2,2,2,3.0,2,3,2,2,2,3,3,1,3,3,2,3,2,2,2,3,3,3,2,2,2,3,2,3,3,3,3,2,3,3,3,2,2,2,3,2,2,2,2,2,1,3,2,2,2,2,3,3,3,2,3,2,1,3,3,3,3,3,3,3,3,2,2,2,3,3,3,3,3,2,2,2,2,2,0,2,3,1,3,3,3,3,2,3,2,2,3,2,2,2,3,2,3,2,3,3,3,2,2,3,2,2,3,2,3,3,3,2,2,2,2,2,3,3,2,2,2,3,2,2,2,2,2,2,2,2,2,2,2,2,2,3,3,3,3,2,2,3,3,1,2,3,3,2,3,3,3,3,2,3,3,3,3,3,3,2,3,2,3,2,3,3,3,3,2,0,2,1,2,3,3,2,3,3,3,2,3,2,3,2,3,3,2,3,3,3,3,3,2,2,2,2,2,3,2,3,2,3,2,2,2,2,3,3,3,1,2,2,2,2,2,2,2,3,2,3,3,2,3,2,3,3,3,3,3,2,3,2,2,2,3,3,3,3,2,2,2,2,2,2,3,2,2,3,2,3,2,3,3,3,3,3,3,3,3,3,2,2,2,2,2,2,2,3,2,2,3,3,3,3,3,3,3,3,2,3,3,3,0,3,2,3,2,2,3,2,3,3,3,1,3,3,2,3,2,2,2,3,3,3,4,3,3,3,4,3,3,2,3,2,3,2,2,2,3,3,3,2,2,2,3,2,2,2,3,3,2,2,3,3,3,2,3,2,3,3,3,3,4,4,3,3,3,3,3,3,3,4,3,2,3,3,3,3,4.0,2,3,2,3,3,2,2,3,0,3,2,3,2,3,3,,,4.0,1,3,2,2,2,2,2,2,2,3,0,3,3,2,2,2,3,2,3,3.0,2,2,3,2,2,1,0,2,3,3,3,3,,2,3,3,2,3,2,,3,2,3,2,2,2,,2,3,3,3,3,3,2,3,3,2,2,,3,3,2,4.0,2,2,3,3,3,2,2,3,3,2,2,3,2,2,2,2,3,3,2,1,3,3,3,3,2,2,2,4,3,2,3,3,3,2,3,3,3,3,2,3,2,3,0.0,3,,3,2,2,3,3,3,2,3,2,3,2,3,3,3,3,3,3,3,2,2,2,1,2,3,3,2,3,2,3,3,3,3,3,3,3,3,,3,3,3,3,3,3.0,3,3,3,3,3,3,3,3,3,3,4.0,3,3,3,,3,3,3,3,3,3,2,3,3,3,3,,3,3,3,2,3,2,2,,2,,,3,3,0,3,3,2,3,4.0,2,3,4,3,3,,3,,3,3,3,,3,4,4,3.0,,4.0,,3,,1,3,3,3,3,3,3,3,4.0,3,3,2,,2,3,2,1,4,3.0,,2,3,3,3,3,3,3,,3,3,3,,3,4.0,,3,3,,3,4.0,3,3,3,3,,,3,,3,3,2,3,4.0,3,3,3,,,,0,3,3,3,4.0,3,3,4,3,3,,3,3,3,3,3,3,3,,2,3,3,3,3,3,3,3,3,3,,3,3,3,3,,4.0,3,3,2,3,,3,3,3,3,,3,4.0,3,,4.0,,,,3,3,4.0,3,3,4.0,3.0,3,,4.0,,3,3,4,4.0,,4.0,3,3,,3,3,,,3,,3,,4,4.0,,3,4,4,3,,3,3,3,4.0,3,0,3,3,3,2,3,4.0,3,3,3,3,3.0,2,,3,3,,4.0,3,,3,3,,,3,3,,3,4.0,,,,3,4,,4.0,4.0,2,,2,4,3,,4,,,3,3,2,3,,2,3,,,,,3,3,3,,4,4.0,,3,,4.0,,,3,3,,3,,,3,,3,3,4.0,,3,,,3,,,3,3,,,,3,,4.0,4.0,,4,3,3,3,2,,3,3,3,3,,,3,3,3,,3,3,4.0,2,2,3,3,4.0,2,3,3,2,3,4,4,3,3,,4.0,,,,,,4.0,,4,,3,2,4,3,3,3,4,3,3,,,,,,2,3,,,3,,,2,3,,,3,,2,1.0,4.0,3,2,2,,3,3,,3.0,3,,,3,3,,,,4.0,,4.0,,3.0,4,3,,,,57,3,1.112061939690302,-0.6582075461268608
2,2,2,2,2,2,2,2,2,0,2,2,2,1,2,2,2,2,2,2,2,2,3,2,3,2,3,2,2,2,2,2,3,2,3,2,2,3,2,3,2,2,2,3.0,2,2,2,1,3,3,3,2,2,2,2,2,3,3,2,3,2,2,1,2,2,2,3,2,2,2,2,3,3,3,1,3,3,2,2,2,2,2,1,2,2,2,1,2,2,2,2,2,2,2,0,2,2,3,2,2,2,3,3,2,2,2,1,1,2,3,3,3,3,2,2,2,2,2,2,3,2,1,3,2,2,2,3,2,2,2,2,2,2,2,3,2,3,2,2,2,2,2,1,2,2,2,2,2,2,3,2,2,2,2,2,2,2,2,2,2,1,2,1,2,2,2,2,2,2,2,2,2,2,2,2,3,2,2,3,2,2,2,2,2,1,3,2,2,2,2,2,2,3,3,3,2,2,2,2,2,2,2,3,2,2,2,2,2,2,2,2,2,2,2,2,2,2,2,2,2,2,2,2,2,2,0,2,2,2,3,2,2,2,2,2,3,2,2,2,3,3,3,2,2,2,2,3,2,2,1,2,2,2,2,2,2,1,3,2,2,3,2,2,2,2,3,2,3,2,2,3,2,3,3,3,2,3,3,2,2,2,2,1,1,2,2,2,2,2,3,2,3,2,3,2,2,2,2,2,2,2,1,2,2,2,3,2,3,2,3,2,2,2,3,2,3,2,3,2,2,0,2,2,2,3,3,2,2,3,2,3,3,3,2,3,3,2,2,2,2,2,3,2,2,3,2,2,2,3,2,2,2,2,2,3,2,0,2,2,2,3,2,2,2,3,2,2,2,2,3,3,2,2,2,3,2,2,1,3,2,2,2,3,3,3,2,3,3,2,2,2,3,2,2,2,2,3,2,3.0,3,2,2,3,3,2,2,2,3,3,2,2,2,2,3,4.0,4.0,3.0,2,2,2,2,1,2,2,2,2,2,2,2,2,2,2,3,2,1,3,4.0,3,2,3,2,2,3,2,2,2,2,3,2,,2,3,2,2,2,2,,2,2,2,2,3,2,,2,3,2,2,2,3,3,2,3,2,2,,3,3,2,3.0,2,2,2,1,2,3,1,3,3,2,2,3,2,2,2,2,3,3,2,2,3,3,3,3,2,3,2,3,2,2,2,3,3,2,3,2,3,3,2,3,2,3,4.0,3,,2,2,3,3,2,3,2,3,1,3,3,3,2,3,3,2,2,3,2,2,3,2,3,0,2,2,2,2,3,3,3,3,3,3,2,2,,2,3,3,3,0,3.0,2,2,3,3,2,2,3,3,2,2,,3,2,2,4.0,4,3,2,3,3,2,2,2,3,1,2,,3,2,3,3,3,2,3,,3,,,2,3,3,3,2,2,3,4.0,2,3,3,2,3,,2,,3,3,3,,2,3,3,4.0,,4.0,,3,,3,3,3,3,2,2,3,3,3.0,3,2,3,,2,3,2,3,3,,,2,2,3,3,2,2,2,,3,2,3,,2,3.0,,3,3,,2,4.0,3,3,3,2,,,2,,2,3,3,3,3.0,3,3,3,,,,3,3,2,2,4.0,2,3,3,2,3,,3,3,3,3,3,3,3,2.0,3,2,3,3,3,2,3,3,3,2,4.0,3,3,3,3,,4.0,2,2,2,3,4.0,3,2,3,3,,2,4.0,3,,4.0,,,,2,2,4.0,2,3,3.0,,3,,,,2,3,3,3.0,,3.0,3,3,,3,3,,,3,,3,,3,,,3,3,3,3,,3,3,3,3.0,3,3,2,3,3,2,2,3.0,3,3,3,2,3.0,0,,2,3,,4.0,2,,2,3,,,3,3,,3,4.0,,,,3,3,,,3.0,3,,3,3,3,,3,3.0,,3,3,2,3,,2,3,4.0,,,,3,3,3,,3,3.0,,3,,3.0,,,2,3,,3,,,3,,3,3,4.0,,3,,,3,,,3,2,,,,3,,,4.0,,3,3,3,2,3,,3,3,3,3,,,2,2,3,,3,3,4.0,3,2,2,3,,3,1,2,2,3,3,3,3,3,,3.0,,,,,,4.0,,3,,3,2,3,3,3,3,2,3,3,,,,,,0,3,,,3,,0.0,3,2,,,2,,3,,4.0,3,3,3,,3,4,,4.0,3,,,3,3,,,,,,4.0,,,3,3,,,,58,3,1.1075914800655382,-0.7134078686112916
3,3,3,3,3,2,3,1,3,3,3,2,3,2,2,2,3,2,3,2,2,2,3,3,3,3,3,2,2,2,2,3,3,3,3,2,3,3,3,3,3,2,2,4.0,2,3,2,3,3,3,3,1,3,3,3,3,3,3,2,3,2,3,1,2,2,2,3,3,3,3,3,3,3,3,3,3,3,3,3,2,3,3,2,2,2,3,2,2,3,3,3,3,3,2,3,2,3,3,3,3,3,3,3,3,3,3,2,2,3,0,3,4,2,2,2,3,2,3,0,3,3,2,3,3,3,3,3,3,2,1,3,3,3,0,3,3,3,2,3,2,2,2,2,2,3,3,3,3,3,3,3,3,3,3,2,2,3,3,3,3,2,3,3,3,3,2,2,2,2,2,2,3,2,3,3,3,3,3,3,3,3,3,3,2,3,4,3,3,2,3,3,3,3,3,3,3,3,3,2,3,3,2,3,2,3,3,2,3,2,1,2,2,2,3,3,3,3,3,3,3,3,3,3,3,3,3,3,3,3,3,3,3,2,3,3,3,3,3,3,4,3,2,3,3,3,3,3,3,3,2,3,3,3,2,2,3,2,3,3,3,3,2,3,3,3,3,2,3,3,2,2,3,3,3,3,3,3,3,3,3,2,3,2,2,3,2,3,3,3,4,2,3,2,3,3,2,2,3,3,4,2,3,3,2,3,3,3,3,3,3,3,3,3,4,3,3,3,3,3,3,3,3,3,3,3,3,3,3,3,2,4,3,3,2,3,3,3,3,3,3,2,4,2,3,4,3,2,3,4,3,3,3,3,3,4,3,3,3,3,3,3,3,2,3,3,2,3,2,3,4,3,2,3,3,3,2,3,2,3,3,3,3,4,4,3,3,3,3,3,3,3,3,3,3,3,3,3,3,4.0,2,3,3,3,3,3,2,3,3,3,2,3,3,3,3,,,4.0,3,3,2,2,3,3,3,2,3,2,3,3,3,2,3,4,3,2,4,4.0,3,3,4,3,3,3,3,3,2,3,3,3,,2,3,3,3,3,3,,3,3,3,3,1,3,,3,3,3,3,3,3,3,3,4,3,3,4.0,0,4,3,4.0,3,3,3,3,3,3,3,4,3,3,3,3,3,2,3,1,3,3,2,3,0,3,3,3,3,4,2,4,3,3,3,3,4,3,3,3,4,4,3,3,3,3,4.0,3,,3,3,3,4,3,3,3,3,3,3,4,3,3,4,4,3,3,3,3,2,3,2,2,3,2,3,3,3,3,3,3,3,2,4,3,3,,3,3,3,3,3,4.0,3,3,4,3,3,3,4,3,3,3,,3,3,3,,4,3,3,4,3,3,3,3,3,3,3,,4,2,3,3,3,3,3,,4,,,3,3,3,3,3,3,4,4.0,3,4,4,4,0,,3,,3,3,3,,2,4,4,4.0,,4.0,,3,,4,3,4,3,3,3,3,3,4.0,4,3,3,,3,3,3,3,4,4.0,,3,3,3,3,3,3,3,,4,3,3,,3,4.0,,4,3,,3,4.0,4,3,3,3,,,3,,3,3,3,4,4.0,3,3,3,,,,3,3,3,3,4.0,3,4,4,3,3,4.0,3,4,3,3,3,4,3,,3,3,4,3,3,3,4,3,3,3,,3,3,4,4,,,4,3,2,3,,3,3,3,3,,3,4.0,3,,4.0,,,,3,3,4.0,3,4,0.0,,3,,,4.0,0,3,4,4.0,,4.0,4,3,,4,3,,,3,,4,,4,,,4,4,3,4,,3,3,3,4.0,4,3,3,3,3,2,3,4.0,3,3,4,3,3.0,2,,3,3,,,3,,3,3,,,3,3,,3,4.0,,,,3,4,,,4.0,3,,3,3,4,,4,,,3,3,3,4,,3,3,4.0,,,,4,4,4,,4,4.0,,3,,4.0,,,3,4,,3,,,3,,3,4,4.0,,3,,,3,,,4,3,,,,3,,,,,4,4,4,3,3,,4,4,3,3,,,3,3,3,,3,3,,3,3,4,4,,0,4,4,3,3,4,4,3,4,,4.0,,,,,,4.0,,3,,3,3,4,4,3,3,4,3,4,,,4.0,,,3,4,,,4,,,3,3,,,3,,3,,4.0,4,3,3,,3,4,,0.0,3,,4.0,3,4,,,,,,4.0,,,3,4,,,,59,3,1.1171036204744074,-0.657776417850206
3,3,2,2,2,2,2,2,2,3,2,3,2,2,2,2,2,2,2,2,2,2,3,2,3,3,3,2,2,2,1,2,2,2,3,2,2,3,3,3,3,2,3,4.0,2,2,2,3,3,3,3,2,3,2,0,2,2,2,2,2,3,2,1,2,2,2,3,3,2,2,3,3,3,3,2,3,3,2,2,2,2,2,1,2,2,3,2,2,3,2,2,3,3,2,3,3,2,3,2,2,2,3,3,2,3,2,2,1,3,3,3,3,3,2,2,2,2,3,3,3,3,2,3,3,2,3,3,2,2,2,3,2,2,2,3,2,3,2,3,2,3,2,2,2,3,2,3,2,3,3,2,2,2,2,2,2,3,2,2,2,1,2,3,2,2,2,2,3,2,2,2,3,2,2,2,3,3,2,2,2,2,2,2,2,2,3,3,2,2,2,2,3,3,3,1,2,3,3,3,3,2,2,3,3,3,3,2,3,2,2,2,2,2,3,2,3,2,3,3,3,3,2,2,3,3,3,2,3,3,3,2,3,2,2,2,3,2,2,2,3,3,3,3,3,3,2,3,3,3,2,3,2,2,2,2,2,2,3,2,3,3,2,3,2,3,3,3,3,3,1,3,2,3,3,3,3,3,3,3,2,2,2,2,2,3,2,3,2,3,3,2,3,2,3,3,2,2,3,3,3,2,3,3,2,3,2,2,3,3,3,2,3,3,3,2,3,3,3,2,3,2,2,3,3,3,3,2,2,3,2,3,3,3,2,3,3,3,2,2,3,2,3,2,3,3,3,3,3,4,3,3,3,3,2,3,2,2,2,3,3,3,2,2,3,3,2,2,2,2,3,3,2,2,3,3,2,2,2,3,2,0,2,3,3,3,2,3,3,3,2,2,3,3,2,2,2,3,1,3.0,3,2,2,3,3,2,2,3,3,3,3,2,2,2,3,4.0,,4.0,2,2,3,2,3,2,3,2,2,2,2,2,2,2,3,4,3,2,3,4.0,3,2,3,1,2,3,3,3,2,3,2,2,,2,3,3,2,2,3,,3,2,2,2,3,3,,3,3,3,2,2,3,3,3,3,2,2,,3,3,2,4.0,2,2,3,3,3,3,2,4,3,3,2,3,2,2,2,2,3,3,2,3,3,3,3,3,3,4,2,4,2,0,3,3,3,2,3,3,3,3,1,3,2,3,4.0,3,,3,2,3,3,3,3,2,3,2,3,3,3,1,3,3,3,2,3,3,2,3,0,3,2,2,2,2,2,3,3,3,3,0,4,3,3,,2,3,3,3,3,3.0,3,3,3,3,3,3,3,3,3,3,0.0,3,3,3,,4,3,2,3,3,2,3,2,3,3,3,,3,2,3,3,3,2,3,,3,,,3,3,3,3,3,3,3,4.0,2,3,4,3,3,,3,,3,3,3,,3,3,3,,,4.0,,3,,3,3,3,3,2,3,3,2,4.0,3,3,3,,3,3,3,3,3,,,3,3,3,3,3,3,3,,3,3,3,,3,3.0,,3,3,,3,4.0,3,2,3,3,,,3,,3,3,3,3,4.0,2,3,3,,3.0,,3,3,3,0,4.0,2,3,2,3,3,,3,3,3,3,3,4,1,,3,2,4,3,3,2,3,3,3,2,,1,3,3,3,,4.0,3,2,2,4,,3,3,3,3,,3,4.0,3,,4.0,,,,3,3,4.0,3,3,4.0,3.0,3,,,,3,3,4,4.0,,4.0,2,3,,4,3,,,3,,0,,4,,,3,3,3,3,,3,2,4,4.0,3,3,2,3,3,2,3,3.0,3,3,4,2,4.0,2,,3,3,,4.0,2,,2,4,,,3,3,,3,4.0,,,,3,3,,,4.0,3,,3,4,3,,3,4.0,2.0,3,3,2,4,,2,3,,,,,3,3,3,4.0,0,3.0,4.0,3,,3.0,,,3,3,,3,,,3,,3,3,3.0,,3,,,3,,3.0,3,3,,,,3,,,4.0,,3,3,3,3,3,,3,4,3,3,0.0,,3,3,3,,3,3,4.0,3,3,3,3,,3,3,3,2,3,3,4,3,3,,4.0,,,,,,4.0,,3,,3,3,4,3,3,2,4,3,3,,,,,,2,4,,,4,3.0,,3,3,,,3,,3,,4.0,4,3,3,,3,3,,4.0,3,,,3,3,,,3.0,,,4.0,,,3,3,,,,60,3,1.1058379924587185,-0.6748575470931718
2,2,2,2,2,1,2,2,2,3,2,2,2,1,2,2,2,2,2,2,2,0,2,2,2,2,2,2,1,2,2,2,2,2,2,1,2,2,2,2,2,2,2,3.0,2,2,2,2,2,3,3,2,3,2,2,2,2,2,2,2,2,2,1,2,1,2,2,3,0,2,2,2,3,2,2,3,3,2,2,2,1,1,1,1,2,3,1,1,2,2,2,2,2,2,2,2,2,2,2,2,2,2,2,2,2,1,1,1,2,3,3,3,3,2,0,2,2,2,2,3,3,1,1,2,2,2,2,2,2,1,2,2,2,2,2,2,2,2,2,2,2,2,2,2,2,2,2,2,2,2,2,2,2,2,2,2,2,2,2,2,1,2,2,2,2,1,1,2,2,2,2,2,2,1,2,3,3,2,2,2,2,2,2,1,1,3,2,2,2,2,2,0,3,3,2,3,2,2,2,2,3,2,3,2,3,3,2,2,2,2,1,2,1,3,1,2,2,2,2,2,2,2,2,2,2,2,2,2,2,2,2,2,2,2,2,2,2,2,2,3,2,3,2,2,2,2,3,3,3,1,2,2,2,2,2,2,1,3,2,2,3,2,2,2,2,3,3,3,2,2,2,2,2,3,2,2,3,1,1,2,1,2,1,1,2,2,2,1,2,3,2,2,2,3,2,2,2,3,2,2,1,2,2,1,2,2,1,3,2,2,2,2,2,3,2,3,2,3,2,3,2,1,3,2,3,2,2,2,2,1,3,2,3,2,3,3,2,2,1,2,1,3,2,2,3,2,1,2,3,2,2,0,2,2,3,2,2,2,2,3,2,2,2,1,2,1,2,2,2,3,3,1,2,2,3,2,2,2,3,2,2,2,3,3,2,2,3,3,2,2,2,3,2,2,2,2,3,2,3.0,2,2,2,3,3,2,2,3,3,2,2,2,2,2,2,,,3.0,2,2,1,1,2,2,2,1,2,2,2,3,2,2,2,0,2,1,3,3.0,2,2,3,2,2,3,2,2,2,2,3,2,,2,3,3,2,2,2,,2,2,2,2,3,2,,2,3,2,2,2,3,3,2,3,2,2,,3,3,2,3.0,2,2,2,2,2,2,2,3,3,2,2,3,2,2,2,1,2,2,2,3,3,3,3,3,2,3,2,3,2,2,3,2,3,2,3,2,3,3,2,2,2,2,,3,,3,2,2,2,3,3,2,3,2,3,2,2,3,2,3,2,2,2,2,2,2,2,2,2,2,2,2,2,3,2,3,3,2,3,2,2,,2,2,2,3,3,3.0,2,2,3,3,2,2,3,3,2,2,,2,2,2,,3,3,2,3,2,2,2,2,3,2,2,,3,2,3,3,3,2,2,,3,,,2,3,3,2,2,2,3,,2,3,3,3,3,2.0,2,,3,2,3,,2,3,3,,,,,3,,3,2,3,2,2,2,3,2,3.0,3,2,3,,2,3,2,2,3,,,2,2,2,3,2,2,2,,3,2,2,,3,,,3,1,,2,2.0,3,2,2,0,,,2,,2,3,2,3,3.0,3,3,3,,,,3,3,0,2,,2,3,3,2,3,,3,3,3,3,3,3,3,,3,2,3,2,3,2,2,3,3,2,,2,2,3,3,,,3,2,2,3,,3,2,3,3,,2,3.0,3,,,,,,3,2,3.0,2,3,3.0,,2,,,,3,2,3,3.0,,,3,2,,3,2,,,2,,3,3.0,3,,,3,3,3,3,,2,3,3,3.0,3,3,2,2,2,2,2,3.0,2,3,3,2,3.0,2,,2,3,,,3,,2,3,,,3,2,,3,,,,,2,3,,,3.0,3,,3,3,3,,3,,,2,3,2,2,,2,3,,,,,3,3,3,,3,3.0,,3,,3.0,3.0,,2,0,,2,,,3,,3,3,,,3,,,2,,,1,2,,,,2,,,,,3,3,3,3,2,,3,3,3,2,3.0,,3,3,3,,3,2,,3,3,3,3,,3,3,3,1,3,2,3,3,3,,3.0,,,,,,3.0,,3,,3,2,3,3,3,2,3,3,3,,,3.0,,,2,3,,1.0,3,,,3,2,,,3,,3,,3.0,3,2,3,,3,3,,,3,,,3,3,,,,,,,,,3,3,,0.0,,61,3,1.0886011027054752,-0.6495244506361186
3,3,3,3,3,1,3,3,3,4,3,3,3,2,2,3,3,3,3,3,3,2,4,3,3,3,3,3,2,3,2,3,3,3,3,3,3,3,2,3,3,2,3,4.0,3,3,3,0,3,4,4,3,3,3,3,3,3,3,3,3,3,3,3,3,2,3,3,3,3,3,3,4,4,4,3,3,3,3,3,2,3,3,2,3,3,3,2,3,3,3,3,3,3,3,3,3,2,4,3,3,3,4,3,3,3,3,3,2,3,4,4,4,4,2,2,1,2,3,3,3,3,3,3,2,3,4,4,3,2,2,3,3,3,3,3,2,3,3,3,3,3,3,3,3,4,3,3,3,4,3,3,3,3,3,3,3,3,2,3,3,2,3,3,2,3,2,3,2,3,2,2,2,1,3,3,4,3,3,2,3,3,3,3,3,3,4,3,3,3,3,3,3,4,3,3,3,3,3,3,3,3,3,4,3,3,3,3,3,3,3,3,3,3,4,3,3,3,4,3,3,3,3,3,3,4,3,3,4,3,3,3,3,2,3,2,3,3,3,3,4,4,3,3,3,3,2,4,4,4,2,3,2,2,3,3,3,3,4,3,3,4,2,4,3,3,3,3,4,4,3,3,3,3,4,4,3,4,3,3,3,2,3,3,3,3,3,3,3,4,3,3,3,3,4,3,3,3,4,4,4,3,3,3,3,3,3,3,4,3,4,3,4,3,4,3,4,3,4,2,3,3,3,4,3,4,3,3,3,4,3,3,4,4,2,4,4,3,2,3,1,3,4,3,3,4,3,3,4,4,3,3,2,3,3,4,3,3,3,4,4,3,2,3,3,3,3,3,3,3,3,2,3,3,3,4,3,3,3,4,3,3,3,4,4,4,3,4,3,3,3,3,4,3,3,3,3,4,3,4.0,4,3,3,4,3,3,3,4,4,3,3,3,2,3,3,,,4.0,2,3,3,2,3,3,3,3,4,3,2,4,4,3,3,4,4,3,0,3.0,2,2,4,2,3,3,2,3,3,4,4,3,,3,4,3,3,3,2,,3,3,3,3,4,3,,2,4,3,3,3,3,3,3,4,3,3,,4,4,3,4.0,3,3,2,3,3,3,2,4,4,3,3,3,3,3,2,3,3,3,3,3,4,4,4,4,3,4,3,4,3,3,4,3,4,3,4,3,3,3,3,3,3,4,4.0,3,,3,3,3,0,3,4,3,4,2,4,3,4,3,4,3,4,3,3,3,3,3,3,3,3,3,3,3,3,4,4,4,3,3,4,4,4,,3,3,3,4,4,4.0,3,4,4,4,3,4,4,0,3,4,,4,3,4,,4,4,4,4,3,3,3,3,4,3,4,,4,4,4,4,4,3,4,,4,,,3,4,3,3,3,3,4,,3,4,4,4,4,,4,,4,3,4,,3,4,4,,,,,4,,4,4,4,4,3,3,4,2,4.0,4,3,4,,4,4,3,3,4,,,3,3,4,4,3,3,3,3.0,4,3,4,,4,,4.0,4,3,,3,4.0,4,3,3,4,,,3,,4,4,3,4,4.0,4,4,4,,,,4,3,4,3,,4,4,4,3,4,,4,4,4,4,4,4,4,,3,3,4,0,4,3,3,3,4,3,,3,4,0,4,,4.0,4,3,3,4,,3,4,3,4,,4,,4,,4.0,,,,4,4,,3,4,,,4,,,,3,3,4,4.0,,,4,4,,4,4,0.0,,2,,4,,4,,,4,4,4,3,,4,4,3,,4,4,3,4,4,3,3,,4,3,4,2,4.0,2,,3,4,,,4,,3,4,0.0,,4,4,,4,4.0,,,,3,4,,,4.0,4,,3,4,4,,4,,,3,4,3,4,,3,2,,,,,4,4,4,,4,,,4,,,,,3,4,0.0,3,,,3,,4,4,,,4,,,3,,,3,3,,,,2,,,,,4,4,4,3,4,,4,4,4,3,3.0,,3,3,3,,4,3,,4,3,4,4,,4,4,4,3,4,4,4,3,3,,4.0,,,,4.0,,4.0,,4,,3,3,4,4,4,4,4,4,4,,,,,,3,4,,,4,,,3,3,,,4,,3,,0.0,4,3,3,,3,4,,4.0,3,,,4,4,,,,,,,,,4,4,,,,62,3,1.1144230769230772,-0.6374088351560537
3,3,2,1,0,2,2,1,2,2,2,2,1,2,2,2,2,2,2,2,2,2,3,2,3,2,3,2,2,2,2,2,3,2,3,2,2,2,2,3,2,2,2,3.0,1,2,2,2,2,3,3,2,3,2,2,2,2,2,2,2,3,2,1,2,1,2,1,0,2,2,2,3,3,3,2,3,3,2,2,2,2,2,2,2,2,2,1,2,2,2,2,2,2,2,2,2,2,2,2,2,2,3,2,2,3,1,2,1,1,2,2,2,0,2,2,2,2,2,2,3,3,2,3,2,2,2,3,2,0,2,3,2,2,2,3,2,2,2,2,2,2,2,1,2,3,2,2,2,3,3,2,2,2,2,2,2,3,2,2,2,1,2,2,2,2,1,1,2,2,1,1,2,2,2,2,2,3,2,3,2,2,2,3,1,2,2,2,2,2,2,2,2,3,2,2,2,2,2,2,2,2,2,3,2,3,2,2,2,2,2,2,1,2,2,2,2,2,2,2,3,2,2,2,2,2,3,2,3,3,2,2,2,3,2,2,3,2,2,2,3,2,3,2,2,2,2,2,3,3,1,3,2,2,2,2,2,1,3,0,3,3,2,2,2,2,2,2,3,3,2,3,2,2,3,3,2,3,3,2,2,2,2,2,2,3,2,2,3,2,3,2,2,2,2,3,2,2,3,3,3,2,2,2,2,2,2,2,3,2,2,2,3,2,3,2,3,3,3,2,3,2,2,3,2,3,3,1,2,2,1,3,2,3,2,3,3,2,2,2,2,2,3,2,2,3,3,2,2,3,3,3,2,3,2,3,2,1,2,2,2,2,2,2,1,2,1,2,2,2,3,3,1,2,2,2,2,2,2,1,2,3,3,3,3,3,3,3,3,2,2,3,3,3,2,3,2,3,2,3.0,3,2,2,3,3,2,2,2,2,2,2,2,2,2,3,,,3.0,2,2,2,2,2,2,3,1,2,2,2,3,2,1,2,3,3,1,3,3.0,2,2,3,2,2,3,3,3,2,3,3,2,,2,3,2,2,2,2,,2,2,2,2,3,2,,1,3,2,2,2,2,2,2,3,2,1,,2,2,2,4.0,2,2,2,2,2,2,2,3,3,2,2,3,2,2,2,2,3,2,2,2,3,2,3,3,2,3,2,3,2,2,2,3,3,2,2,2,3,3,2,3,2,3,4.0,3,,2,2,3,3,2,2,2,2,1,3,3,3,3,1,3,3,2,3,2,2,3,2,3,2,2,2,2,2,3,3,3,3,2,3,2,2,,2,3,2,2,3,3.0,2,2,3,2,2,0,3,3,2,2,,3,3,2,,3,3,2,3,3,2,2,2,3,2,3,,3,2,3,3,3,2,2,,3,,,2,3,3,3,2,1,3,4.0,2,3,3,3,3,,3,,3,3,3,,2,3,4,,,4.0,4.0,3,2.0,3,2,3,3,2,3,3,3,4.0,3,3,3,,3,3,2,3,3,,,2,2,2,3,2,2,1,,3,2,2,,2,4.0,,3,3,,2,4.0,3,2,3,3,,,2,,3,3,2,3,4.0,3,3,3,,,,2,3,2,2,3.0,3,3,3,2,3,,3,3,3,2,3,3,2,2.0,3,2,3,3,3,2,0,2,3,2,,2,3,3,3,,4.0,3,2,2,3,,3,3,2,2,,2,4.0,3,,4.0,,,,3,0,4.0,3,3,3.0,,3,,,,3,2,3,3.0,,4.0,3,3,,3,2,,,3,,3,,4,,,3,3,3,3,,2,1,3,3.0,3,3,2,3,3,2,3,3.0,3,2,3,2,3.0,2,3.0,2,3,,3.0,2,,2,3,,,2,2,,3,4.0,,,4.0,3,3,,,3.0,2,,3,3,3,,3,4.0,4.0,3,3,2,3,,2,1,,,,,3,3,3,,3,3.0,,3,,3.0,2.0,,3,3,,2,,,3,,3,3,4.0,,3,,,2,,,3,2,,4.0,,2,,,4.0,,3,3,3,3,3,,3,3,2,0,,,3,3,3,,3,3,1.0,3,3,3,3,,3,3,3,2,3,3,3,3,3,,4.0,,,,,,4.0,,3,,3,2,3,3,3,3,3,2,2,4.0,,0.0,,,2,3,,,3,,4.0,3,2,,,3,,3,,3.0,2,3,3,,3,3,,3.0,2,,,2,3,,,,,,4.0,,,3,2,4.0,3.0,,63,3,1.0962687558093214,-0.6785397822747097
3,3,2,3,3,1,2,2,3,2,3,2,3,3,3,3,3,3,3,3,3,2,4,3,3,4,4,3,3,3,3,3,4,4,4,3,3,4,4,4,4,3,3,4.0,3,3,3,3,3,4,4,3,3,3,3,3,3,3,2,1,3,3,2,2,2,3,3,3,3,3,4,4,4,3,3,4,3,3,3,3,3,3,2,3,3,3,2,3,3,3,3,3,3,3,3,3,3,0,2,2,2,3,2,3,3,2,2,3,3,4,4,4,4,3,2,3,3,3,3,4,3,2,3,2,2,2,3,3,3,1,3,3,3,3,3,3,4,3,3,3,2,2,3,3,3,3,3,3,3,3,3,3,3,3,3,3,3,3,3,3,2,2,3,3,3,3,2,3,3,3,3,3,3,3,3,4,3,3,3,3,3,3,3,2,3,2,3,3,3,2,3,2,2,3,2,2,4,3,3,3,4,3,4,3,3,3,3,3,3,3,3,2,3,2,2,3,3,3,3,3,4,3,3,3,3,3,3,3,3,3,3,3,2,3,3,3,3,3,3,4,3,4,3,3,3,3,3,3,4,2,3,3,3,3,3,3,2,3,3,3,4,3,3,3,3,2,3,3,3,2,3,3,3,3,3,3,4,3,3,3,3,3,3,2,2,2,2,3,3,4,3,3,3,3,2,3,3,4,3,4,3,3,3,2,3,2,3,4,3,3,3,3,2,4,3,1,3,4,3,4,3,3,3,2,3,3,3,3,4,3,4,4,3,2,4,3,4,3,3,3,3,4,3,3,4,2,2,3,4,3,3,0,3,2,3,3,3,3,3,3,3,3,2,3,3,2,3,3,3,4,4,2,3,3,3,3,3,2,4,3,3,4,4,4,3,3,4,4,3,3,3,4,3,3,3,3,4,3,4.0,3,3,3,3,3,2,2,3,3,2,3,3,3,3,3,1.0,,4.0,3,3,2,2,2,3,3,3,3,3,3,3,3,3,3,4,4,3,3,,4,3,4,3,3,4,3,3,3,3,3,3,0.0,3,1,1,3,3,3,,3,3,3,3,3,3,,3,3,2,3,3,4,4,3,4,3,3,,4,4,3,4.0,3,2,3,3,3,3,3,0,3,3,3,4,3,3,3,2,2,4,2,3,3,3,3,3,3,4,3,4,3,3,3,3,4,3,4,3,0,3,3,0,3,4,,4,,3,3,3,3,1,3,3,3,2,4,4,3,3,4,4,3,3,3,3,3,4,3,4,3,3,3,3,3,4,3,3,4,3,2,3,3,,3,3,3,4,3,4.0,3,3,3,3,3,3,4,3,2,3,,4,3,3,,4,4,0,3,4,3,4,3,3,3,3,,4,4,4,3,4,3,3,2.0,4,4.0,,3,3,4,3,3,3,4,,3,4,4,3,3,3.0,3,,3,4,3,,3,4,4,,,,,3,,4,3,4,1,3,3,4,3,4.0,4,3,3,,3,4,3,3,3,,,3,3,3,4,3,3,3,,4,3,3,,3,4.0,,4,4,,3,4.0,3,3,3,3,,,3,,3,4,3,4,4.0,3,3,3,,,,3,4,3,1,3.0,4,4,4,3,4,,4,3,4,3,4,4,4,3.0,4,3,4,4,4,3,4,3,4,3,,2,4,4,4,4.0,4.0,4,3,3,4,,4,3,4,3,,3,,4,,4.0,,,,4,3,,3,2,4.0,,3,,,,4,3,4,4.0,,4.0,4,4,,4,3,,,3,,4,,4,,,3,4,3,3,,3,3,3,2.0,4,3,2,4,4,2,2,4.0,2,4,4,3,4.0,3,,3,3,3.0,,3,,3,4,,,3,3,,4,3.0,,3.0,0.0,3,4,,4.0,4.0,2,,3,3,3,,3,4.0,,3,4,3,3,,2,4,,,,,3,4,4,,4,4.0,,4,,4.0,,,3,4,,3,,,4,,4,3,,,4,,,3,,,4,3,,,,3,,,,,4,4,4,4,3,,3,4,3,4,,,4,3,4,,3,2,,3,4,4,4,3.0,4,4,3,3,4,4,0,3,3,,4.0,,,,,,4.0,,4,,3,3,4,4,4,4,4,3,3,,,,,,3,4,,0.0,4,,,4,3,,4.0,4,,4,,4.0,4,4,4,,4,4,,,4,,,3,4,3.0,3.0,,,,,,,4,3,,,,64,3,1.1150000000000004,-0.5419098338984607
2,2,2,2,2,2,2,2,2,2,2,2,2,1,2,1,2,2,2,2,2,2,3,2,3,2,2,2,2,2,2,2,2,2,3,2,2,3,2,2,2,2,2,3.0,1,2,2,2,2,3,3,2,3,2,2,2,0,2,2,2,2,2,0,2,1,2,2,3,2,2,2,3,3,2,2,3,3,2,2,2,1,2,2,2,1,3,1,2,2,1,2,2,2,2,2,2,2,3,2,2,3,3,3,2,2,2,0,2,2,3,3,3,2,1,2,2,2,2,2,3,3,2,3,2,3,2,2,2,1,2,2,2,2,2,2,2,2,2,2,2,2,1,2,2,2,2,2,2,3,2,2,2,2,2,2,2,2,2,2,1,1,2,2,2,2,1,2,2,2,1,2,2,2,2,1,3,3,2,1,2,2,2,2,1,2,3,2,2,2,2,2,2,3,3,1,2,2,2,2,2,2,2,3,2,2,2,2,2,2,1,2,1,2,2,2,2,2,3,2,3,2,2,2,2,3,3,2,3,2,2,2,2,2,2,2,2,2,2,2,3,2,3,2,2,2,2,3,2,3,2,0,2,2,2,2,2,2,3,1,2,3,2,2,2,0,2,2,1,2,2,2,1,2,2,3,2,3,3,2,2,2,2,2,2,2,2,2,2,3,3,2,3,2,2,3,1,2,3,3,3,2,2,2,1,2,2,2,3,2,2,2,2,2,3,2,3,2,3,2,3,2,2,3,2,3,2,2,2,3,2,3,2,2,2,3,3,2,2,2,2,2,3,2,2,3,2,2,2,3,2,2,1,0,2,3,2,2,2,1,2,2,2,2,2,2,2,2,2,2,2,3,2,2,2,2,2,2,1,2,2,2,2,3,3,2,2,3,2,2,2,2,3,2,2,2,2,3,2,3.0,3,2,2,2,3,2,2,2,2,2,2,2,2,2,2,4.0,,3.0,2,2,2,1,2,2,2,2,3,2,2,3,3,2,2,3,3,2,2,3.0,2,2,3,2,1,3,2,2,2,2,2,2,,2,2,2,2,2,2,,3,2,2,2,3,2,,2,3,2,2,2,2,3,2,3,2,2,,3,3,2,3.0,2,1,2,2,2,2,2,3,2,2,2,3,2,2,2,1,2,3,2,2,2,2,2,3,2,3,2,3,2,2,2,3,3,2,3,2,3,3,2,3,2,2,4.0,3,,2,2,3,3,2,3,2,3,2,3,3,3,3,3,3,3,2,3,2,2,3,1,3,2,2,2,2,2,3,3,2,3,3,3,3,2,,2,3,2,3,2,4.0,3,2,3,2,2,2,3,2,2,3,,3,3,2,4.0,3,3,2,3,3,2,2,3,2,2,3,,3,3,3,2,3,2,2,,3,,4.0,2,2,3,2,2,2,3,4.0,1,3,3,3,2,3.0,3,,3,2,3,,2,3,3,,,4.0,4.0,3,,3,2,3,3,2,3,3,3,3.0,3,3,2,,3,3,2,3,2,,3.0,2,2,2,3,2,2,2,,3,2,2,,3,4.0,,3,3,,2,4.0,3,2,3,3,,,1,,3,3,2,3,3.0,2,2,2,,,,3,3,2,3,4.0,3,3,3,2,3,,2,3,3,3,3,3,3,,3,2,3,3,0,2,3,2,3,2,,2,3,3,3,,4.0,3,2,2,3,,3,3,2,2,,2,4.0,3,4.0,3.0,,,,3,2,3.0,3,3,4.0,3.0,2,,,,3,3,3,3.0,0.0,4.0,3,3,,3,3,4.0,4.0,3,,3,,3,,,3,3,3,3,,3,3,3,3.0,3,3,2,3,3,2,3,3.0,2,3,3,2,3.0,2,,2,2,,4.0,2,,2,3,,,3,3,,3,4.0,,,,2,3,,,3.0,2,,3,3,3,2.0,3,4.0,,2,3,2,3,,2,2,4.0,,,,3,3,3,,3,4.0,,3,,4.0,,,3,3,4.0,2,,,3,,3,3,4.0,,3,,4.0,2,,,3,2,,,,0,,,4.0,,3,3,3,3,2,,3,3,2,2,,,3,2,3,,3,3,4.0,0,3,3,3,,3,3,3,2,3,3,4,3,3,4.0,3.0,,,,,,3.0,,3,,2,2,3,3,3,3,3,3,3,,,,,,2,3,,,3,,,3,2,,,3,,2,,3.0,1,3,3,,2,3,,4.0,3,,,3,3,,,,,,4.0,,,3,3,,,,65,3,1.1437337014879585,-0.736024057645968
3,2,2,2,2,2,2,2,2,3,2,2,2,1,2,2,2,2,2,2,2,1,3,1,3,2,2,2,2,2,2,2,2,2,3,2,2,3,3,3,2,2,2,3.0,2,2,2,2,2,3,3,2,3,2,2,2,2,3,2,2,2,2,2,2,2,2,2,3,2,2,3,3,3,3,2,3,0,3,2,2,1,2,2,2,2,3,2,2,2,2,2,2,2,2,2,2,1,2,3,2,2,2,3,3,3,2,2,2,2,3,2,3,3,2,2,2,2,2,0,3,3,0,3,2,2,2,3,2,2,2,2,2,2,2,3,2,3,2,2,1,2,2,2,2,2,2,2,2,3,3,2,2,2,2,2,2,2,3,2,2,1,1,3,2,2,2,1,2,2,2,2,2,2,2,2,3,2,2,2,2,2,2,3,1,2,3,2,2,2,2,2,2,3,3,2,3,3,3,3,2,3,2,3,2,3,3,2,2,3,2,2,2,2,3,2,2,2,3,2,3,3,2,2,2,3,3,2,3,2,3,2,2,1,2,2,2,2,3,1,0,3,3,2,2,2,2,3,3,3,2,2,2,2,2,2,2,2,3,2,3,3,2,2,2,2,2,2,3,2,2,2,2,2,2,3,0,2,3,2,3,2,2,2,2,2,2,2,2,3,3,2,2,2,3,2,3,2,3,3,3,1,1,2,2,2,3,2,3,2,2,3,2,0,3,2,3,2,3,2,3,2,2,2,2,3,2,2,2,3,2,3,2,3,2,3,2,2,2,2,2,2,3,2,2,3,2,2,3,3,3,2,1,2,1,3,2,2,1,2,3,3,2,2,2,0,2,2,2,2,3,3,2,3,2,3,2,3,2,3,3,2,3,4,4,3,3,3,3,3,3,3,3,3,2,3,2,3,3,4.0,3,2,2,3,3,2,2,3,3,2,2,3,2,3,2,4.0,,4.0,2,2,2,1,2,2,2,2,3,1,2,2,2,2,2,4,3,2,3,4.0,3,2,3,2,2,3,2,2,2,2,2,3,,2,3,2,2,3,3,,2,2,2,2,2,3,,2,3,3,2,3,3,3,3,3,2,2,,3,3,2,4.0,2,2,3,2,2,3,2,3,3,2,2,3,2,2,2,2,3,2,2,2,3,3,3,3,2,3,2,3,3,2,3,2,3,2,3,2,3,3,2,3,2,3,4.0,3,,2,2,3,3,2,3,2,3,1,3,3,3,3,3,3,3,2,3,3,3,3,2,3,2,2,2,2,2,3,3,3,3,3,3,2,3,,2,3,2,3,3,4.0,2,3,2,3,3,2,3,3,2,3,,3,2,3,,3,3,3,3,3,3,2,3,2,3,3,,2,3,3,3,3,2,2,,3,,,2,3,3,2,2,3,3,4.0,1,3,3,3,3,,2,0.0,3,2,3,,3,4,3,,,4.0,,3,,3,3,3,3,2,2,3,3,3.0,3,2,3,,2,3,3,2,3,,,2,2,2,3,3,2,2,,3,2,3,,3,3.0,,3,2,,3,4.0,3,3,3,3,,,2,,3,3,3,3,3.0,3,3,3,,,,3,3,2,3,4.0,3,3,3,2,3,,3,3,3,3,3,3,3,,3,3,3,3,3,2,3,3,3,3,3.0,3,3,3,3,,4.0,3,2,1,3,,3,3,3,3,,2,4.0,3,4.0,3.0,,,,3,3,4.0,3,3,3.0,,3,,,,3,3,4,3.0,,4.0,3,3,,3,3,,,3,,3,,3,,,3,3,3,3,3.0,3,3,3,4.0,3,3,2,3,3,3,3,3.0,3,3,4,2,3.0,2,,3,3,,4.0,3,,2,3,,,3,3,,3,4.0,,,,2,3,,,4.0,2,,3,3,3,,3,4.0,,3,3,1,2,,2,3,,,,,3,0,3,,4,4.0,,3,,4.0,,,3,3,,2,,,3,,3,3,4.0,,3,,,3,,,3,2,,4.0,,3,3.0,,4.0,,3,3,3,3,3,,3,3,2,3,,,3,2,3,,3,3,4.0,3,3,3,3,,3,3,3,2,3,3,3,3,3,,4.0,,,,,,3.0,,3,,3,2,3,3,3,3,3,0,3,,,,,,2,3,,,3,,,3,3,,,3,4.0,3,,4.0,3,3,3,3.0,3,3,,4.0,3,,,3,4,,,,,,4.0,,,3,3,,,,66,3,1.11873789094935,-0.7107521721314535
3,3,3,3,2,2,2,2,1,3,3,3,3,2,2,3,2,2,3,3,3,2,3,2,2,2,2,0,2,2,2,2,2,3,3,1,2,2,2,2,2,3,3,3.0,3,3,2,2,3,4,4,2,3,3,3,3,3,2,2,2,3,3,2,3,2,1,3,3,3,3,3,3,3,1,2,3,3,3,3,3,2,3,2,2,3,3,2,2,3,3,3,3,3,1,3,3,1,3,3,3,3,3,3,3,3,2,2,2,3,3,4,3,3,2,2,2,2,3,3,3,3,2,3,2,3,3,3,3,2,2,3,3,3,2,3,2,2,3,3,3,3,3,2,3,3,2,3,3,3,3,3,2,3,3,3,3,3,2,3,3,2,3,3,3,3,2,2,3,2,2,1,3,2,3,3,4,3,3,2,3,1,3,3,2,3,4,3,3,3,3,3,3,3,3,3,3,3,2,3,3,3,3,4,3,3,3,3,3,3,2,3,3,2,3,3,3,3,3,3,3,3,3,3,3,3,3,3,3,3,3,3,2,3,3,3,3,3,3,3,3,3,3,3,3,3,3,3,3,3,2,3,2,2,3,2,3,2,2,3,2,3,2,3,3,3,3,3,4,3,3,3,3,3,3,3,3,3,3,3,3,2,3,2,2,3,2,3,3,3,3,3,2,3,3,3,3,3,3,3,3,3,2,2,1,3,3,3,0,3,3,3,3,3,3,3,4,3,3,3,3,3,3,3,3,3,3,3,3,3,3,3,3,3,2,3,4,2,2,2,2,3,3,3,3,3,3,3,3,4,3,3,3,2,3,4,3,3,3,2,3,3,2,3,3,3,3,2,2,3,3,3,2,3,2,3,3,1,3,3,3,2,3,4,4,3,3,3,3,2,3,3,3,3,2,3,3,3,3,4.0,3,3,3,4,3,3,2,3,2,3,2,3,2,3,2,,,4.0,2,3,2,2,3,3,3,2,3,3,2,3,3,2,3,4,3,2,3,3.0,2,2,3,3,3,2,3,3,3,3,3,3,,2,4,3,3,3,2,,3,3,3,3,3,3,,2,3,3,3,3,3,3,3,4,2,3,,4,4,2,4.0,3,3,3,3,3,3,2,3,3,3,3,4,3,2,2,3,3,3,2,3,3,3,3,3,3,3,3,4,3,3,3,3,4,2,3,3,3,3,3,3,3,3,4.0,3,,2,2,3,3,3,3,3,3,2,4,4,3,1,4,3,3,3,3,0,3,3,3,3,3,3,3,3,3,4,3,3,3,3,4,3,2,,3,3,3,4,3,4.0,3,3,3,3,3,3,3,3,3,3,,3,3,3,,4,3,3,3,2,3,3,0,3,3,3,,3,3,4,4,3,3,3,,3,,,2,3,3,3,3,3,4,,3,4,4,4,3,,3,,3,3,3,,3,4,4,,,4.0,,3,,4,3,0,3,3,3,3,3,4.0,4,3,4,,3,3,3,3,3,,,3,3,3,3,3,3,3,,4,3,3,,3,4.0,,4,3,,3,4.0,3,3,3,3,,0.0,3,,3,4,3,3,4.0,3,3,3,,3.0,,3,3,2,3,,3,4,4,3,4,,3,4,3,3,3,3,4,,3,3,4,3,3,3,4,3,4,3,,3,4,3,4,,4.0,4,3,3,4,,3,3,3,3,,3,4.0,3,,4.0,,,,3,3,4.0,3,4,4.0,,3,,,,3,3,4,4.0,,4.0,4,3,,3,3,,,3,,4,,4,,,4,4,3,4,4.0,3,3,4,4.0,4,4,3,3,4,1,3,4.0,3,3,2,3,4.0,2,,3,3,,,3,,3,4,,,3,3,0.0,4,4.0,,,,3,4,,4.0,3.0,3,,3,4,4,,3,4.0,,3,4,2,3,,3,3,,0.0,,,4,3,4,,4,4.0,,3,,4.0,,4.0,3,2,,3,,,3,,4,3,,,3,,,3,,,3,3,,,4.0,0,,,,,4,3,4,3,3,,4,4,1,3,,,3,3,3,,3,2,,3,3,4,4,,4,4,4,2,4,4,4,3,3,,4.0,4.0,4.0,,,4.0,4.0,,4,,3,0,4,4,2,3,3,3,4,,,,,,3,3,,,3,,,3,2,,,3,,3,,3.0,4,3,3,,3,4,,4.0,3,,,3,4,,,,,,3.0,,,4,4,,,,67,3,1.1090666989468592,-0.6355494891435911
2,3,2,2,2,2,3,3,2,3,2,2,2,2,1,3,2,1,2,2,2,2,3,2,2,2,2,2,2,2,2,2,3,2,3,2,2,2,2,2,2,0,2,4.0,2,2,2,0,0,3,3,2,3,2,2,2,3,2,2,3,2,2,2,2,1,2,2,3,2,2,2,3,3,3,2,2,2,2,2,2,2,2,2,2,2,2,1,2,3,2,2,2,2,2,2,2,1,3,2,2,2,3,3,2,3,1,2,1,3,3,3,3,3,1,1,1,2,3,3,2,3,2,3,2,2,3,3,2,2,1,2,2,2,2,2,2,2,2,3,2,2,2,2,2,2,2,2,2,2,2,2,2,2,2,2,2,2,2,2,2,1,2,2,2,2,1,1,0,2,2,2,2,2,0,2,3,2,2,2,2,2,2,3,2,2,3,3,2,3,2,2,2,3,3,3,3,2,2,2,2,2,1,2,2,2,2,2,2,2,2,2,2,1,3,2,2,2,3,2,2,2,2,2,2,2,3,2,3,2,1,2,2,2,2,2,3,2,3,3,3,3,3,2,2,3,2,3,3,3,2,2,2,2,2,2,2,2,3,2,2,3,2,3,2,3,3,3,3,3,2,2,2,3,3,3,2,3,2,2,2,1,2,2,2,2,2,3,3,2,2,2,2,2,3,2,2,2,3,3,3,2,2,2,2,3,3,2,3,2,3,2,3,2,3,2,3,3,3,2,3,2,3,3,3,3,2,2,2,3,2,3,3,3,1,3,3,2,2,2,2,2,3,1,2,3,2,2,2,2,2,3,2,2,2,3,2,2,2,3,3,3,2,2,2,3,2,2,2,2,3,1,2,2,2,3,2,2,2,3,3,2,3,3,3,2,3,3,2,3,2,3,3,3,2,3,2,3,3,3.0,3,2,2,3,3,2,2,3,3,2,2,3,2,2,3,4.0,,3.0,2,2,2,2,2,2,2,2,3,2,2,3,2,2,2,3,3,1,3,3.0,2,2,3,2,2,2,1,2,2,3,3,3,,2,3,3,2,3,2,,3,2,2,2,3,3,,2,3,2,2,2,3,3,2,3,2,2,,3,3,2,4.0,2,2,1,1,2,2,2,3,3,2,2,3,2,2,2,2,3,3,2,3,3,3,3,3,2,3,2,3,2,2,3,3,3,2,3,2,3,3,2,3,3,3,3.0,2,,2,2,2,3,3,3,2,3,2,3,3,2,3,3,3,3,3,3,2,2,3,2,1,2,2,2,2,3,3,3,3,2,2,4,3,3,,2,2,3,3,3,4.0,3,3,3,3,2,2,3,2,2,2,,3,3,3,,3,3,3,3,3,2,2,2,3,2,3,,3,3,3,3,3,2,3,,3,,,3,3,3,3,2,2,3,4.0,2,3,4,3,3,,3,,3,3,3,,3,3,3,3.0,,4.0,,3,,3,3,3,3,2,3,3,2,3.0,3,3,3,,3,2,2,2,3,,,3,2,3,3,2,2,3,,3,3,3,,3,4.0,,3,3,,2,4.0,3,3,3,3,,,2,,3,3,3,3,4.0,3,3,3,,,,3,2,2,3,3.0,3,3,3,3,3,,3,3,3,3,3,3,3,,2,2,3,3,0,2,3,2,3,2,,3,3,3,3,3.0,4.0,3,2,2,3,,2,3,2,3,,3,4.0,3,,4.0,,,,3,3,4.0,3,3,4.0,,3,,,,2,2,3,2.0,,4.0,3,3,,3,2,,,2,,3,,4,,,3,3,3,3,,3,3,3,4.0,4,3,3,3,3,2,2,4.0,3,2,3,2,3.0,1,,2,3,,4.0,3,,2,3,,,3,3,,3,3.0,,,,2,3,,,3.0,3,,2,3,3,3.0,3,4.0,,3,3,2,3,,2,3,,0.0,,,3,3,3,,3,4.0,,3,,4.0,,,3,3,,3,3.0,3.0,3,,3,3,0.0,,3,,,2,,,3,2,,3.0,,3,4.0,,4.0,,3,3,3,1,3,,3,3,3,2,,,2,2,2,,3,2,4.0,3,2,3,3,,3,3,3,2,3,3,3,2,2,0.0,4.0,,,,,,3.0,,3,,3,2,3,3,3,3,2,3,3,,,,,,2,3,,,0,,,3,2,,,3,,2,4.0,3.0,4,3,2,4.0,2,3,,4.0,3,,,3,3,,,,,,4.0,,,3,3,,,,68,3,1.100847115772489,-0.6629527921888078
2,2,2,2,2,1,2,2,2,3,2,2,1,2,2,2,2,2,2,2,2,2,3,2,3,3,3,3,2,2,2,2,3,3,3,2,2,3,3,3,3,2,0,4.0,2,0,1,2,2,3,3,3,3,3,1,0,2,2,1,2,2,2,2,2,1,2,2,3,2,2,2,3,3,3,2,3,3,2,2,2,2,2,2,2,2,2,1,1,2,2,2,2,3,2,2,2,2,3,2,2,2,2,2,2,2,2,2,1,2,3,3,0,3,2,2,2,2,2,3,3,3,2,1,3,2,2,2,2,2,2,3,2,2,2,2,3,3,2,2,2,2,2,1,2,2,1,3,2,3,3,2,3,2,2,2,2,2,2,2,2,1,2,2,2,2,2,1,3,2,2,2,2,2,2,2,3,3,2,3,2,2,2,2,2,2,3,3,2,2,2,2,2,2,2,2,2,3,2,2,3,3,2,3,3,3,3,2,2,2,2,2,1,2,3,2,2,2,2,2,3,3,2,2,2,3,3,2,3,3,2,2,3,2,1,2,3,2,2,2,3,2,3,2,2,2,2,3,3,2,2,2,3,2,2,2,2,2,3,2,3,3,2,2,2,2,3,3,3,2,2,3,0,2,2,2,3,3,3,3,2,2,1,2,2,2,2,2,3,2,3,2,3,2,0,3,1,2,3,3,2,1,2,2,2,2,2,2,3,2,2,2,2,2,3,2,3,3,3,2,3,1,2,3,2,3,2,2,2,3,2,3,2,3,2,3,3,3,3,2,3,2,3,2,2,3,3,3,2,3,2,3,2,3,2,3,2,2,2,3,3,3,3,2,3,3,2,1,2,2,3,3,2,1,2,2,2,0,2,2,2,2,2,3,3,3,2,3,1,2,2,2,2,2,2,2,2,3,2,3.0,3,2,3,2,3,2,1,3,3,2,3,3,2,2,3,4.0,,4.0,2,2,2,2,3,2,3,2,3,2,2,2,2,2,2,3,2,2,3,4.0,3,2,3,2,2,3,3,3,2,2,3,2,,2,3,3,2,3,2,,3,2,1,2,3,2,,2,3,2,2,2,3,3,3,3,2,2,,3,3,2,4.0,2,2,3,3,2,2,2,3,3,2,2,3,2,2,2,2,2,3,2,3,3,3,3,3,2,3,2,3,3,2,3,3,3,2,3,3,3,3,2,2,2,2,4.0,0,,3,3,3,2,3,3,2,2,2,3,3,3,2,3,3,3,2,3,2,3,3,2,3,2,2,3,3,2,3,3,3,3,3,3,2,2,,3,3,3,3,3,4.0,3,3,3,2,2,2,4,3,2,2,,2,3,3,,3,3,2,3,3,2,3,2,3,2,3,,3,2,3,3,3,2,3,,3,,,3,3,3,2,2,2,3,3.0,2,3,3,3,3,,3,,3,3,3,,3,3,4,,,4.0,,3,2.0,3,2,3,3,3,2,3,2,4.0,3,3,3,,3,3,2,3,3,,,2,2,3,3,1,2,2,,3,3,3,4.0,2,4.0,,3,3,,2,4.0,3,2,3,3,,,2,,3,3,2,3,3.0,2,3,3,,,,3,3,3,3,4.0,3,3,3,3,3,,2,2,3,2,3,4,3,,3,2,3,3,3,2,3,3,3,2,,2,3,4,3,4.0,0.0,3,2,2,3,,3,3,3,3,,2,4.0,3,,4.0,,,,3,3,3.0,3,3,3.0,,3,,,,3,3,3,3.0,,4.0,4,3,,4,2,,3.0,3,,3,,4,,,3,3,3,3,,3,3,3,4.0,3,2,2,3,3,2,3,3.0,3,3,4,2,3.0,2,,3,3,,4.0,2,,0,3,,,2,3,,3,4.0,,,,2,2,4.0,,4.0,2,,3,3,3,,3,4.0,,3,3,2,3,,2,3,,,,,3,3,3,4.0,3,4.0,,3,,4.0,,,3,4,,2,,,3,,3,2,4.0,,2,,,2,,,3,2,,,,3,,,4.0,,3,3,3,3,3,,3,4,3,3,,,3,3,3,,2,3,4.0,3,3,3,3,,3,3,3,2,3,3,3,3,3,,4.0,,,,,3.0,4.0,,3,,2,2,3,3,3,3,3,3,3,4.0,,,,3.0,2,3,,,3,,,3,3,,,3,,3,,4.0,3,3,3,,3,3,,4.0,3,,,2,3,,,,,,4.0,,,3,3,,,,69,3,1.108440316853319,-0.6872059793105998
3,2,2,2,2,3,2,2,2,2,3,2,2,2,3,3,2,2,3,1,2,2,3,3,3,3,3,3,2,3,2,3,3,3,3,3,3,3,3,3,3,3,2,2.0,1,3,2,3,2,3,3,2,3,3,2,3,3,2,2,2,3,2,2,2,2,2,2,1,1,2,3,3,3,2,2,3,3,3,3,3,2,1,2,2,1,3,2,2,2,2,3,3,3,2,3,3,2,3,3,3,3,3,2,3,3,2,2,2,2,3,3,3,3,3,2,2,2,2,1,3,3,1,3,3,3,3,3,3,2,2,3,3,2,3,3,3,3,2,3,3,3,2,2,3,3,2,2,3,3,3,3,3,2,2,2,2,3,3,3,1,2,2,2,3,3,3,2,3,2,2,2,3,2,2,2,3,3,3,3,3,3,3,3,1,2,3,3,2,2,2,2,2,3,2,3,3,3,3,3,3,3,3,4,3,3,3,3,3,3,2,2,2,2,2,3,2,3,2,2,3,3,2,2,2,3,3,3,3,3,3,3,3,2,2,2,2,2,3,2,3,3,2,3,2,2,3,3,2,3,2,3,3,0,3,2,3,2,2,3,3,3,3,3,3,2,0,3,2,2,2,3,3,2,3,3,3,3,3,3,3,2,2,2,2,3,2,3,2,2,3,2,3,3,2,2,3,2,3,3,3,2,2,3,2,3,3,2,3,3,2,3,0,3,3,3,3,3,3,2,3,3,3,3,3,2,3,2,3,3,2,3,3,2,2,3,4,3,3,2,3,3,3,3,3,4,3,3,3,3,3,3,3,3,2,3,3,2,2,2,2,1,3,2,2,3,2,2,2,3,1,3,2,3,2,2,2,3,3,3,3,3,4,4,4,3,3,4,3,3,3,3,3,3,3,3,3,4,3,4.0,2,2,2,4,3,2,2,1,2,3,3,3,2,2,3,,,4.0,3,2,2,2,3,3,3,2,0,2,3,3,3,2,3,2,2,2,3,4.0,3,3,3,2,2,3,3,3,3,3,3,3,,3,2,2,3,3,3,,3,2,2,2,3,3,,3,3,2,2,3,3,3,3,4,2,2,,3,3,2,,2,3,3,3,3,3,2,3,3,3,3,3,3,2,2,2,3,3,1,2,2,2,2,0,2,3,2,4,2,2,2,3,3,2,3,3,3,3,2,3,2,3,4.0,3,,2,1,3,3,2,3,3,3,2,3,4,3,2,2,4,3,3,3,2,2,3,2,3,3,0,2,3,3,4,3,2,4,3,3,3,3,,2,2,3,3,3,3.0,2,0,2,3,3,2,3,4,3,3,,3,3,3,,0,3,3,3,3,3,3,3,3,3,3,,3,3,4,3,3,2,2,,3,,,3,2,3,3,3,2,3,4.0,2,3,4,3,3,,3,,3,3,3,,3,4,4,,,4.0,,3,,3,3,3,3,3,3,3,3,4.0,3,3,2,,3,3,2,3,4,,,1,3,2,3,3,3,2,,4,2,3,,2,4.0,,2,2,,3,4.0,3,2,3,3,,,3,,3,3,3,3,4.0,3,3,2,,,,3,3,2,3,4.0,2,4,3,2,3,,3,4,3,2,4,4,3,,3,3,4,3,3,3,3,3,4,3,,3,3,3,4,,4.0,3,3,2,4,,3,3,3,2,,2,4.0,3,,4.0,,,,3,3,4.0,3,3,4.0,,3,,,4.0,3,3,3,3.0,,4.0,4,3,4.0,4,3,,,3,,3,,4,,,0,4,3,3,,3,2,3,3.0,3,3,3,3,2,1,3,4.0,3,3,3,3,4.0,2,,3,2,,4.0,1,,3,4,,,3,3,,3,4.0,,,,3,4,,,4.0,2,,3,4,3,4.0,4,,,3,3,2,3,,2,3,,,,,3,3,4,,4,3.0,,3,,3.0,4.0,,2,4,,3,,,3,,3,3,4.0,,3,,,3,,,4,3,,,,3,,,,,3,3,4,3,3,,3,3,3,3,,,3,3,3,,3,3,4.0,3,3,3,3,,4,3,3,2,3,4,4,3,3,,4.0,4.0,,,,4.0,4.0,,4,,3,3,3,3,3,3,4,2,2,,,,,,3,4,4.0,,3,,,3,2,,,3,,3,,4.0,3,3,3,3.0,4,3,,4.0,3,,,3,3,,,,,,0.0,,,4,3,,,,70,3,1.116891376240143,-0.6064187280821277
2,2,2,2,2,2,2,2,2,3,2,2,2,2,2,2,3,2,2,2,2,2,3,2,3,3,3,2,2,2,2,2,3,3,3,2,2,2,3,2,2,2,2,3.0,2,2,2,2,0,3,2,2,3,2,2,2,3,3,2,3,2,2,2,2,2,2,2,2,2,2,2,3,3,2,1,3,3,2,2,2,2,1,1,2,1,2,1,2,3,3,2,3,2,2,3,3,2,3,3,2,3,3,3,2,2,2,2,2,2,3,3,3,3,2,2,2,2,3,2,3,3,2,3,2,3,2,3,2,2,2,3,2,2,2,3,3,3,2,2,2,3,2,2,2,3,2,2,2,3,3,2,2,2,2,2,2,3,3,2,2,1,2,1,2,3,2,1,3,2,2,2,2,2,2,2,3,3,2,3,3,2,2,3,2,2,3,2,2,0,2,2,2,3,3,3,3,3,2,3,3,3,2,3,3,3,3,3,3,3,2,2,2,2,3,2,1,3,2,2,3,3,2,2,2,3,2,2,0,2,2,2,3,2,2,2,0,2,2,3,3,3,3,2,2,2,2,3,3,2,2,2,2,2,2,2,2,2,3,2,3,3,2,3,2,3,3,3,3,2,2,2,3,3,3,3,3,3,3,2,2,2,2,2,2,3,2,3,2,2,3,2,3,2,0,3,2,2,2,3,3,2,2,3,2,2,3,2,3,2,2,2,2,2,3,2,3,2,3,2,2,2,2,3,2,3,2,2,2,3,2,3,2,3,2,3,3,3,2,2,3,2,3,3,3,3,3,3,2,4,3,3,2,3,2,3,2,2,2,3,3,1,1,2,2,3,2,2,2,2,3,3,2,2,2,3,2,2,2,3,3,0,2,3,3,3,2,3,3,3,2,3,3,3,2,3,2,3,3,4.0,2,2,2,3,3,2,2,3,3,3,3,2,2,3,3,,,3.0,2,2,2,1,3,2,2,2,2,2,2,3,3,2,2,3,3,2,3,4.0,3,2,3,2,2,2,2,2,2,3,3,3,,2,3,2,2,2,3,,3,2,2,2,3,3,,2,3,3,2,2,3,3,3,3,2,2,3.0,3,2,0,4.0,1,3,2,3,3,2,1,3,3,3,2,3,2,2,2,2,3,3,2,3,3,3,3,3,2,3,2,3,2,2,3,3,3,2,3,3,3,3,2,3,2,3,4.0,3,,3,2,3,3,3,3,2,3,2,3,3,3,2,3,3,2,2,3,1,2,3,2,3,3,0,2,2,3,3,3,3,3,3,4,3,2,,3,3,2,3,3,3.0,2,3,3,3,3,2,3,3,2,3,,3,3,2,,4,3,3,3,3,3,3,2,3,3,3,,3,3,3,3,3,2,3,,3,,,3,3,3,2,2,2,3,3.0,3,3,4,3,3,,3,,3,3,3,,2,3,3,,,4.0,,3,,3,3,3,3,2,3,3,3,4.0,3,3,3,,3,3,2,3,3,,,2,2,2,2,3,2,2,,3,2,3,,3,4.0,3.0,2,2,,2,4.0,3,3,0,3,,2.0,2,,3,3,3,3,4.0,3,3,3,,,,3,3,3,3,4.0,2,3,3,3,3,,3,3,3,3,3,3,3,3.0,3,3,3,3,3,3,3,3,4,3,,3,3,3,3,2.0,4.0,3,2,2,4,,3,3,3,2,,2,4.0,3,,4.0,,4.0,,3,3,4.0,3,3,4.0,,3,,,,3,3,3,3.0,,4.0,3,3,,4,3,,,3,,3,,4,,,3,4,2,3,,3,3,3,4.0,3,3,3,3,3,2,3,4.0,3,3,3,2,4.0,2,,3,3,,4.0,3,,3,4,,,3,3,,3,4.0,,,,3,3,,,3.0,3,,3,3,3,,3,4.0,,3,3,2,3,,2,3,,,,,3,3,3,,4,3.0,,3,,3.0,,,2,3,,3,,,3,,3,3,4.0,,3,,,3,,,3,3,,,,3,,,4.0,,3,3,3,3,3,,3,4,3,3,,,3,3,3,,3,3,4.0,3,3,3,3,,4,3,3,1,3,3,0,3,3,,4.0,,,,,,4.0,,3,,3,3,3,3,3,3,3,3,3,,,,,,2,3,,,3,,,3,2,,,3,,3,,4.0,3,3,3,4.0,3,3,,4.0,3,,,3,3,,,,,,4.0,,,3,3,,,,71,3,1.1143130292269876,-0.673531618672953
3,3,3,2,3,2,3,2,3,3,3,3,3,2,3,3,3,2,3,2,3,2,3,3,3,3,3,3,3,3,3,3,3,3,4,3,3,3,3,3,3,3,3,3.0,2,2,2,3,3,2,3,3,3,3,3,2,3,3,2,3,3,3,2,2,2,3,3,3,2,2,2,0,3,2,2,3,3,3,3,3,2,2,2,1,1,3,2,2,3,3,3,3,3,2,3,3,2,3,3,3,3,3,3,3,3,2,2,1,3,4,3,3,3,2,2,2,3,3,3,3,3,2,4,3,3,3,3,3,3,3,3,3,3,3,3,3,3,2,3,3,2,2,2,3,3,3,3,2,3,3,2,3,2,2,2,3,3,3,3,3,2,3,2,2,2,3,2,3,3,3,3,3,3,2,2,3,3,3,4,3,2,3,3,2,2,3,3,2,2,2,2,3,3,3,3,3,3,3,3,3,3,3,4,3,3,3,3,3,3,2,2,2,2,3,3,3,2,3,3,3,3,2,3,2,3,3,3,3,3,3,3,3,3,2,3,3,2,3,3,3,3,3,3,3,3,3,3,3,3,2,3,3,2,2,2,3,2,3,3,3,3,3,3,3,3,3,2,4,1,0,3,3,1,2,3,3,3,3,3,3,2,3,2,3,3,3,3,3,2,4,2,3,3,2,3,2,2,3,3,3,2,2,3,2,3,3,3,3,3,2,2,3,3,0,3,3,3,3,2,3,3,3,3,3,1,3,2,3,3,2,3,3,3,2,3,2,3,3,3,3,2,3,3,3,4,3,3,3,4,3,3,3,3,3,0,2,3,3,3,3,3,3,2,3,3,2,2,3,3,3,3,2,2,3,0,2,3,3,3,3,3,3,4,4,3,3,3,3,3,3,3,3,3,2,3,3,3,3,4.0,3,3,3,3,3,2,2,3,3,2,2,3,3,3,3,,,4.0,3,3,2,2,3,2,3,3,3,3,2,2,2,2,2,3,2,2,3,4.0,3,3,4,3,2,3,3,3,3,3,2,2,,3,3,3,2,3,3,,3,3,2,2,3,3,,3,3,3,3,3,3,3,3,3,1,2,,3,3,2,4.0,3,3,3,3,3,3,3,4,3,3,3,3,2,2,2,2,3,3,3,3,3,3,3,3,3,3,2,4,2,2,2,3,3,2,3,3,3,3,3,3,3,3,4.0,3,,3,3,3,4,3,3,3,3,2,4,3,3,3,4,4,3,3,3,3,2,3,2,3,3,2,3,1,3,3,3,3,4,3,0,3,3,,3,3,3,2,3,4.0,3,1,3,3,3,3,4,4,3,3,,2,3,3,,3,3,3,3,3,2,3,3,3,3,3,,3,3,3,3,4,2,3,,3,,,3,3,3,3,3,2,3,4.0,2,4,3,4,3,,3,,3,3,3,,3,4,4,,4.0,0.0,,3,,4,3,4,3,3,2,3,3,4.0,4,3,3,,3,3,3,3,4,,,3,3,0,3,3,3,2,,3,3,3,,3,3.0,,3,1,,3,4.0,4,3,3,3,,,3,,3,3,3,4,4.0,3,3,3,,0.0,2.0,3,3,3,3,4.0,3,4,3,3,3,,3,3,3,3,4,4,3,3.0,3,3,4,3,3,3,3,4,3,3,,3,3,3,4,3.0,4.0,3,2,3,4,,4,3,4,2,,3,4.0,3,,4.0,,,,4,3,4.0,3,3,0.0,,3,,,,3,3,3,4.0,,4.0,3,3,,4,3,,,3,,4,,4,,,4,4,3,3,,4,3,3,4.0,4,3,3,3,3,2,3,4.0,3,4,4,3,3.0,2,3.0,3,3,,4.0,3,,3,4,,,3,3,,2,4.0,,,,3,4,,,4.0,3,,3,4,3,,4,,,3,3,2,3,,3,4,,,,,4,4,4,,4,4.0,,3,,4.0,,,3,4,,3,,,4,,3,3,4.0,,3,,,3,,,4,3,,,,3,,3.0,,,4,3,4,4,3,,4,4,3,3,,,4,3,3,,4,3,4.0,3,3,3,4,,3,3,3,2,3,3,4,3,4,,4.0,,,,,,4.0,,4,,3,3,4,3,4,3,4,3,3,4.0,,,,,2,4,,,4,,,4,2,,,4,,3,,4.0,4,3,3,3.0,3,4,,4.0,4,,,3,4,,,,,,,,,4,4,,,,72,3,1.0991735537190088,-0.5929935941990434
3,3,2,2,2,1,2,3,3,3,2,2,2,1,2,2,2,2,2,2,2,2,3,1,2,2,2,2,1,2,2,2,2,2,2,2,2,2,2,2,1,2,2,4.0,2,2,2,2,2,3,3,2,3,2,2,2,3,2,2,3,2,2,2,2,1,2,2,3,2,2,2,3,3,3,2,2,2,2,2,2,2,2,2,2,2,2,2,2,2,2,2,2,2,2,2,2,2,2,2,2,1,3,2,3,3,2,2,1,2,3,3,3,3,1,1,1,2,2,2,2,2,1,3,2,2,2,3,2,2,2,2,2,2,1,2,2,2,2,3,2,2,2,2,2,3,2,2,2,3,3,3,2,2,1,2,2,3,2,2,2,1,2,2,2,2,1,2,2,2,1,2,0,1,2,2,3,2,2,3,2,2,2,3,1,2,3,2,2,2,2,2,2,3,3,2,2,2,2,2,2,3,2,3,2,3,3,2,2,2,2,2,2,2,3,1,2,2,2,2,3,2,2,2,2,3,3,2,3,2,2,2,2,2,2,2,3,2,2,3,3,3,3,2,2,3,1,3,3,3,2,3,2,2,2,2,2,2,3,2,3,3,2,3,2,3,3,3,3,3,2,2,2,2,3,3,2,3,3,2,2,2,2,1,2,2,2,2,3,2,3,2,2,2,3,3,2,2,3,2,3,2,2,2,2,2,2,2,3,2,2,3,3,3,3,2,3,2,3,0,3,2,3,3,2,3,2,2,2,3,2,3,3,3,1,3,3,2,2,2,1,2,3,2,2,3,2,2,3,3,2,3,2,2,2,3,2,2,2,3,3,3,1,2,2,3,2,2,1,2,3,2,2,2,2,3,0,3,2,3,2,3,3,3,3,3,3,3,3,3,3,3,3,3,2,2,2,3,3,3.0,3,2,2,2,0,2,2,3,3,2,2,2,1,2,2,,4.0,3.0,1,2,2,2,2,2,2,1,3,2,2,3,2,2,3,3,2,0,3,3.0,2,2,3,2,2,2,2,2,2,3,3,2,,2,3,3,2,3,1,,3,2,2,2,3,2,,2,3,2,2,2,2,2,2,3,1,2,,3,3,2,4.0,2,2,2,2,2,2,2,3,3,2,2,3,2,2,2,2,2,2,2,3,3,3,3,3,3,3,2,3,3,2,3,2,3,2,3,2,2,2,2,3,2,3,4.0,3,,3,2,2,3,3,3,1,3,2,3,3,3,2,3,2,3,3,2,2,2,0,2,2,2,2,2,2,2,3,3,3,3,2,4,3,2,,3,3,3,3,3,4.0,2,3,3,3,2,3,3,3,3,2,3.0,3,2,3,,3,3,3,3,2,2,2,3,3,3,3,0.0,3,2,3,3,3,2,3,,3,,,1,3,3,3,2,2,3,4.0,2,3,3,3,3,,3,,3,3,3,,3,3,3,,,4.0,,3,,3,3,3,2,2,2,3,2,4.0,3,3,3,,3,3,2,2,3,,,3,2,3,3,2,3,2,3.0,3,2,3,,3,3.0,,3,3,0.0,2,3.0,3,2,2,2,3.0,,2,0.0,3,3,2,3,4.0,3,3,3,,,,3,3,3,3,4.0,3,3,3,2,3,,3,2,3,3,3,3,3,,2,2,3,3,3,2,3,3,3,2,,2,3,3,4,,3.0,3,2,2,3,,3,3,2,3,,3,2.0,3,,4.0,,,,3,3,4.0,0,3,4.0,,3,,3.0,,3,3,2,3.0,4.0,4.0,3,3,,2,3,,,3,,3,,3,,,3,3,3,3,,3,3,3,4.0,3,3,2,3,3,2,2,4.0,3,2,3,3,3.0,2,,3,3,,4.0,3,,2,3,,,3,2,,3,4.0,,,,2,4,,,3.0,3,,2,3,3,,3,4.0,,3,3,2,3,,2,2,,,,,3,3,3,,4,4.0,,3,,4.0,,,3,3,,2,3.0,,2,,3,3,4.0,,3,,,2,,,2,2,3.0,,,2,,,3.0,,3,3,3,3,3,,3,4,3,2,,,3,3,2,,3,3,4.0,3,2,3,3,,3,3,3,2,3,3,3,3,3,,4.0,,,,,,3.0,,3,,3,2,4,3,2,3,3,3,3,,,,,,2,3,,,3,,,3,2,,,3,,2,,3.0,3,2,2,,2,3,,3.0,2,2.0,,3,3,,,,,,3.0,4.0,,3,3,,,,73,3,1.102844638949672,-0.6808060262894621
3,3,2,2,2,2,3,3,2,3,2,3,2,1,3,2,2,2,2,2,2,2,3,2,3,3,3,2,2,2,2,2,3,3,3,2,2,3,2,3,3,1,2,3.0,2,2,3,2,2,3,3,2,3,3,3,3,3,3,2,3,2,2,1,2,2,2,2,3,2,2,2,3,3,2,2,3,3,2,2,2,2,2,2,2,2,2,2,2,3,2,2,2,3,2,2,2,2,3,2,3,2,3,3,3,2,2,2,1,3,3,3,3,3,2,2,1,2,3,3,3,3,2,3,2,3,3,3,3,2,2,3,2,2,2,1,2,2,2,3,2,2,2,2,2,3,2,3,2,3,3,2,3,2,2,2,3,3,3,2,2,1,3,2,2,2,2,2,2,2,2,2,2,2,2,2,3,3,3,3,2,2,3,3,2,2,3,3,2,2,2,2,2,3,3,3,3,2,0,2,2,2,2,3,2,2,2,2,2,3,2,2,2,1,3,2,2,2,2,2,3,3,2,2,2,3,2,2,3,3,2,2,3,2,2,2,3,2,0,2,3,3,3,2,3,3,2,3,3,2,2,3,2,2,2,2,2,2,3,2,3,2,3,3,2,3,3,3,3,2,2,3,2,3,3,3,3,3,3,2,2,2,2,1,1,3,2,3,3,2,3,2,3,3,3,3,2,2,3,3,3,2,2,2,2,3,2,2,3,3,3,2,1,2,3,2,3,3,1,2,2,3,2,3,3,3,3,2,2,3,2,3,3,3,2,3,3,0,2,1,2,2,3,2,2,3,3,2,2,3,3,3,2,2,3,3,2,2,2,3,3,3,2,2,2,3,2,0,2,2,3,3,2,2,2,3,2,2,2,3,2,2,3,3,3,3,3,3,0,2,2,2,3,3,2,2,2,3,3,3.0,3,2,2,3,3,2,2,2,3,3,2,2,2,2,3,,,4.0,2,2,3,2,2,2,2,2,3,2,2,3,3,2,3,3,3,2,3,3.0,2,2,3,2,2,3,2,3,2,3,3,2,,2,4,3,2,2,2,,3,2,2,2,3,3,,2,3,3,2,3,3,3,3,3,3,2,,3,3,2,4.0,2,2,2,2,3,1,2,3,3,2,2,3,2,2,2,2,3,3,2,3,3,3,3,3,3,3,2,4,1,2,3,3,3,3,3,3,3,3,2,3,3,2,4.0,3,,3,3,3,3,3,3,2,3,2,3,3,3,3,3,3,3,2,3,3,2,3,2,3,2,2,2,3,3,3,3,3,3,3,4,0,2,,3,3,3,3,3,4.0,3,3,3,3,3,3,3,3,2,2,,3,2,2,,4,3,3,3,2,2,3,2,3,2,3,,3,2,2,3,3,2,3,,3,,4.0,3,3,3,2,3,2,3,4.0,3,4,3,3,3,,3,,3,3,3,,2,3,4,,,4.0,,3,,3,2,3,3,2,3,3,3,4.0,3,3,3,,3,3,3,3,3,,,3,2,2,3,2,3,2,,3,3,3,,3,4.0,,3,0,,3,3.0,3,3,3,3,,,2,,3,3,3,3,4.0,3,3,3,,,3.0,3,3,3,3,4.0,3,3,3,3,3,3.0,3,3,3,3,3,3,3,,3,0,3,3,3,2,3,3,3,2,,3,3,3,3,,4.0,3,2,2,3,,3,3,3,3,,3,3.0,3,,4.0,4.0,,,3,3,3.0,3,3,2.0,,3,,,,2,2,3,4.0,4.0,4.0,4,3,,3,3,,,3,,3,,4,,,4,4,3,3,,3,3,4,4.0,3,3,2,3,3,2,3,4.0,3,3,4,3,3.0,1,,3,3,,4.0,3,,3,3,,,3,3,,3,4.0,,,,3,3,,,4.0,3,,3,4,3,,3,4.0,,3,4,2,3,,2,2,,,,,3,3,3,,4,4.0,,3,,4.0,,,2,3,,3,,3.0,3,,3,3,4.0,,3,,,3,,,3,3,,,0.0,2,,,4.0,,2,3,3,2,3,,3,4,3,3,,,2,2,3,,3,3,4.0,3,3,3,3,,3,3,3,2,3,3,4,3,3,,4.0,,,,,,4.0,,3,,3,2,4,3,3,3,3,3,3,,4.0,,,,2,3,,4.0,4,,,3,3,,,3,,3,4.0,3.0,4,2,3,,3,3,,4.0,3,,,3,3,0.0,,,,,4.0,,4.0,3,3,,4.0,,74,3,1.0972404730617613,-0.6757946386659033
3,2,2,2,2,2,2,2,2,3,2,3,2,2,2,2,0,2,2,2,2,2,3,2,3,3,3,2,2,2,2,2,3,3,3,2,2,3,3,3,3,2,2,4.0,2,2,2,2,3,3,3,2,2,2,2,2,3,2,2,3,2,2,1,2,2,2,3,3,2,2,0,2,3,3,2,3,3,3,2,2,2,2,2,2,2,2,1,2,3,2,2,3,3,1,1,1,2,3,2,3,2,3,3,2,2,2,1,1,3,3,3,3,3,2,2,2,2,2,3,3,3,2,2,2,3,2,3,2,1,2,2,2,2,2,3,2,2,2,3,3,3,2,2,2,3,2,3,2,2,2,2,3,2,2,2,2,2,2,2,2,1,2,2,2,2,2,2,1,2,2,2,2,2,2,2,3,2,2,3,2,2,2,2,2,2,3,2,2,2,2,2,2,3,3,3,3,1,2,2,1,2,0,3,1,0,2,2,2,2,2,2,2,2,3,2,2,2,3,2,3,3,2,2,2,3,3,2,3,2,3,2,2,2,2,2,3,2,2,3,3,3,3,2,3,3,3,3,3,3,1,2,2,2,2,2,2,1,3,2,2,3,2,2,2,3,3,3,3,2,2,3,2,3,3,3,3,3,2,2,2,1,1,2,1,2,2,2,3,2,3,2,2,2,3,2,2,2,3,3,3,2,2,3,2,2,3,2,3,2,3,2,3,2,3,2,3,2,3,2,3,2,2,3,3,3,3,2,2,3,2,3,3,3,2,3,3,2,2,2,3,2,3,2,2,3,3,2,3,3,3,2,2,2,2,3,2,2,2,3,3,3,2,2,2,3,2,2,2,2,3,3,2,2,2,3,2,2,0,2,2,2,2,3,3,3,2,3,2,2,2,1,2,1,2,2,1,2,2,3.0,3,2,2,3,3,2,2,3,3,3,2,2,3,2,3,4.0,,4.0,2,2,2,2,2,3,3,2,3,2,2,3,3,2,2,3,3,2,3,4.0,3,2,3,2,2,3,3,3,2,3,3,2,,2,3,3,2,2,3,,3,2,2,2,3,2,,2,3,2,2,2,3,3,3,3,2,2,,3,3,2,4.0,2,2,2,2,3,3,2,3,3,2,2,2,2,2,2,2,3,3,2,3,3,3,3,3,2,4,2,4,3,2,3,3,3,3,3,2,3,3,2,0,3,3,4.0,3,,3,2,3,3,3,3,2,3,2,0,3,3,3,3,3,3,2,3,2,2,3,2,3,2,3,2,2,2,3,3,3,3,2,0,3,3,4.0,3,3,3,3,3,4.0,3,3,3,3,2,3,3,2,2,2,,3,3,2,4.0,4,3,3,3,3,2,3,2,3,1,3,,3,2,3,3,3,2,3,,3,,,2,3,3,3,3,3,3,4.0,2,3,3,2,3,,3,,3,3,3,,3,3,3,,,4.0,,3,,3,3,3,3,3,2,3,3,3.0,4,3,3,,3,3,3,3,3,,,3,2,3,3,3,2,3,,3,2,3,,3,4.0,2.0,3,3,,3,4.0,3,3,2,3,,,2,,3,3,3,3,3.0,3,3,3,,,,3,3,3,2,4.0,3,3,3,2,3,,3,3,3,3,3,3,3,,3,2,3,3,3,2,3,2,3,2,,2,3,3,2,,4.0,3,2,2,2,,2,3,3,3,,2,4.0,3,,4.0,,,,3,2,4.0,3,3,4.0,,3,,,,1,2,4,4.0,,4.0,3,3,,3,3,,,3,,3,,3,,,3,3,3,3,,3,3,3,4.0,0,3,2,3,3,2,2,3.0,3,3,3,2,4.0,1,,2,3,,4.0,3,,2,3,,,3,3,2.0,3,4.0,,,,3,3,,,4.0,3,,3,3,3,,3,4.0,,3,3,2,3,,2,3,4.0,,,,3,4,4,,3,4.0,,3,,4.0,,4.0,3,3,,3,,,3,,3,3,4.0,,3,,,3,,,3,2,,,,3,,,3.0,,3,3,1,2,3,,3,0,3,3,,,2,1,3,,3,3,4.0,3,3,3,3,,3,3,3,2,3,3,3,2,3,,3.0,,,,,,4.0,,3,,3,3,3,3,3,3,2,3,3,,,,,,2,3,,,3,,,3,3,4.0,,2,,3,,4.0,2,3,3,,3,4,,4.0,3,,,3,3,,,,,,4.0,,,3,3,,,,75,3,1.104900769542325,-0.6611616588773109
3,2,2,2,2,2,2,3,3,4,3,3,3,2,2,2,2,2,2,3,2,2,3,2,3,3,3,3,2,3,3,3,3,3,3,3,3,3,3,3,3,2,2,3.0,2,2,0,3,3,3,3,2,3,3,2,2,2,2,2,2,2,2,2,2,2,2,3,3,2,3,3,3,3,3,2,3,3,3,3,3,2,2,2,2,2,3,2,2,2,2,3,3,3,2,1,2,2,3,3,3,3,3,3,2,3,2,2,2,3,3,3,4,3,2,2,2,2,3,3,3,3,1,3,3,3,3,3,3,2,2,2,2,2,2,3,3,3,2,2,3,3,3,2,3,3,2,3,2,2,0,2,3,3,3,2,2,2,2,3,3,2,3,3,2,2,2,2,2,2,2,3,3,2,2,2,3,0,2,3,0,2,2,3,2,3,3,3,2,3,2,3,2,2,1,2,2,2,3,3,2,2,2,3,2,1,3,2,3,2,2,1,2,2,3,2,1,2,3,2,2,3,2,2,3,3,3,2,2,2,3,3,2,2,2,2,3,2,3,2,3,3,3,3,3,3,3,4,4,3,2,3,3,2,2,2,2,2,3,3,3,3,3,2,3,3,3,3,4,3,1,3,2,3,3,3,3,3,2,2,3,1,2,2,2,2,1,2,3,3,3,2,3,1,3,2,2,2,3,3,3,2,2,2,2,3,2,3,3,2,3,3,3,3,3,3,3,2,3,3,3,2,2,3,3,3,3,2,3,3,2,4,3,3,2,3,3,3,3,3,3,2,3,2,3,2,3,3,2,3,3,2,2,3,3,4,2,3,3,3,4,3,3,2,2,3,2,2,2,3,3,3,2,3,3,3,3,3,1,3,2,3,1,3,2,3,3,3,3,2,3,3,3,2,2,2,3,3,2,3.0,3,3,3,3,3,2,2,3,3,0,3,3,2,1,3,4.0,,4.0,3,3,2,2,3,3,3,2,3,2,2,3,3,3,3,3,3,2,3,4.0,3,3,4,2,3,3,3,3,3,3,2,3,,2,4,4,2,3,3,,3,2,3,3,3,3,,3,3,3,3,3,3,3,3,3,1,2,4.0,3,4,3,4.0,3,3,3,2,3,3,2,4,3,2,2,3,3,2,2,2,3,3,3,3,4,3,4,4,3,3,3,4,3,3,3,3,3,2,3,2,3,3,3,3,2,3,4.0,2,,3,2,3,3,3,3,2,2,2,3,3,3,3,4,3,3,3,3,2,2,3,2,3,2,3,3,3,2,3,3,3,3,3,4,3,3,,3,3,3,4,4,4.0,3,3,4,3,3,3,4,2,3,3,,3,3,3,,4,3,2,3,3,3,3,3,3,2,3,,3,3,3,3,3,3,3,,3,4.0,,3,3,4,3,3,3,4,,2,3,4,3,3,,2,,3,3,2,,3,3,3,,,4.0,,3,,3,3,3,3,3,2,3,3,3.0,3,3,3,,3,3,3,3,2,,,3,3,3,3,3,3,3,4.0,3,3,3,,4,4.0,,4,3,,3,4.0,3,2,3,3,,,3,,2,3,3,3,3.0,3,4,4,,,,3,3,3,3,4.0,3,4,4,3,3,,3,3,3,4,4,4,4,,3,3,3,3,4,3,3,3,3,3,,3,3,3,3,,4.0,0,2,2,3,,3,3,3,3,,3,4.0,3,,4.0,4.0,,4.0,3,3,4.0,3,3,4.0,,3,,,,2,3,4,4.0,,4.0,3,3,,4,3,,,3,0.0,4,0.0,3,,4.0,4,3,3,4,,3,2,4,4.0,3,3,2,2,3,2,3,3.0,3,3,3,3,4.0,2,,3,4,,,1,,3,3,,,2,3,,3,0.0,4.0,3.0,,3,4,,,4.0,2,0.0,3,4,3,3.0,3,4.0,,3,3,3,3,,2,3,,,,,3,3,3,,3,4.0,,3,,4.0,,,3,4,,3,,,3,,3,3,4.0,,4,,3.0,3,,,4,3,,,,3,,,4.0,,3,3,3,3,3,,3,4,4,3,,,3,2,3,,3,3,,3,3,3,3,,3,3,3,1,3,4,4,3,4,,3.0,,,,,,4.0,,3,2.0,3,3,4,4,3,3,3,3,4,,,,,,2,4,,,4,,,3,3,,,3,,3,,4.0,3,3,3,,3,4,,4.0,3,,4.0,2,3,,,,,,4.0,,,3,3,,,,76,3,1.103343848580442,-0.6398943608790084
2,3,2,2,1,1,2,3,3,4,3,2,3,2,3,2,3,2,3,3,3,2,3,2,3,3,3,3,3,3,3,2,3,3,3,3,3,3,3,3,3,2,2,0.0,2,3,3,2,3,3,3,3,3,3,3,2,3,2,2,2,3,3,2,2,2,3,3,3,3,3,3,3,3,3,3,3,3,3,3,3,3,2,2,1,2,3,2,2,3,2,1,3,3,3,3,3,2,3,3,3,3,3,3,2,3,2,2,2,3,3,3,3,3,2,2,2,3,3,2,3,3,2,3,3,3,2,3,3,1,2,3,2,3,2,3,3,3,2,3,3,3,3,2,2,3,2,3,3,3,3,3,3,3,2,3,3,3,2,3,3,2,3,0,2,3,2,2,2,2,2,2,3,2,3,3,3,3,2,3,2,1,3,3,2,3,3,3,3,3,3,3,2,3,3,3,2,3,3,0,2,3,2,3,2,3,3,3,2,3,2,3,2,2,3,2,2,3,3,2,3,0,3,3,3,3,3,3,3,3,3,3,3,3,3,3,3,2,3,3,3,3,3,3,3,3,3,4,4,3,2,3,3,2,3,2,3,2,3,3,3,3,3,3,3,3,4,3,4,3,3,3,2,3,3,3,3,3,3,2,3,2,2,2,2,2,1,2,3,2,3,2,3,3,3,3,2,3,3,3,3,3,2,3,2,3,2,3,3,3,3,3,3,2,3,3,3,3,3,2,3,2,3,3,2,3,3,3,3,3,2,4,3,4,2,4,4,3,3,3,3,3,3,3,3,3,3,2,3,4,3,3,2,3,3,3,3,3,3,3,3,3,3,3,3,3,2,2,3,3,3,3,3,3,2,3,2,3,2,3,2,3,3,3,3,3,3,3,1,3,3,3,3,3,2,3,3,3,3,3.0,3,3,3,3,3,3,2,3,3,2,3,3,2,2,3,4.0,3.0,4.0,3,3,2,2,3,3,3,2,2,3,1,3,3,2,2,3,2,2,3,4.0,3,3,4,3,3,3,3,3,3,3,3,3,,2,4,3,3,3,3,,3,2,3,3,3,3,,3,3,3,3,3,3,3,3,3,3,2,,3,3,3,4.0,3,2,3,3,3,3,2,4,4,3,3,3,2,3,2,2,3,3,3,3,4,3,3,3,3,3,3,4,3,3,3,3,3,3,3,3,3,3,3,3,2,3,4.0,3,,3,3,0,3,3,3,3,2,2,4,4,3,3,4,4,3,3,3,3,3,3,3,3,3,3,3,3,2,4,4,3,4,2,4,3,3,,3,3,3,4,4,3.0,3,3,4,0,3,3,4,3,3,3,,3,3,3,,4,3,2,3,3,3,3,3,4,3,3,,3,3,4,3,3,3,3,,3,,,3,4,4,3,3,2,4,,2,4,4,3,3,,3,,3,3,3,,3,3,4,3.0,,4.0,4.0,3,,0,3,4,3,3,3,3,3,4.0,3,3,3,,3,3,3,3,3,,,3,3,3,3,3,3,3,3.0,3,3,3,,4,4.0,,4,3,,3,4.0,3,2,3,3,,,3,,3,4,3,4,4.0,3,4,4,,,,3,3,3,3,4.0,4,4,3,3,4,,3,3,3,4,4,4,4,,3,3,4,3,4,3,4,0,4,3,4.0,2,4,4,3,,4.0,4,3,3,3,,3,3,3,3,,3,4.0,3,,,,,,3,3,4.0,3,3,4.0,,3,,,,3,3,4,4.0,,4.0,4,3,,4,3,4.0,,3,,3,,4,,,4,4,4,4,,3,3,4,4.0,3,3,2,3,4,2,3,4.0,3,3,4,3,4.0,2,,3,4,,,3,,3,3,,4.0,3,3,,4,4.0,,,,3,4,,,3.0,3,,3,4,3,,3,4.0,,3,4,3,3,,2,3,,,,,3,4,4,,0,4.0,,3,,4.0,,,3,4,,3,,,3,,3,3,0.0,,4,,,3,,,4,3,,,3.0,2,,,4.0,,4,4,3,3,3,,4,4,3,3,,,3,3,3,,3,4,,3,3,3,4,,4,3,2,2,4,4,4,3,4,,4.0,,,,4.0,,4.0,,3,,3,2,4,4,3,3,4,3,4,,,,,,3,4,,,4,,,4,3,,,3,,3,,3.0,4,3,3,,3,4,,4.0,3,,3.0,2,3,,,4.0,,,4.0,,,4,3,,,,77,3,1.0991012582384665,-0.6416536376528619
2,3,2,1,1,1,0,3,3,3,2,2,3,1,2,2,2,2,1,2,3,2,3,2,2,2,3,2,2,2,2,2,3,3,3,2,1,3,3,3,2,1,2,4.0,2,2,2,2,3,3,3,2,2,2,2,2,2,2,2,2,2,2,2,1,1,2,2,0,2,2,3,3,3,3,2,3,3,3,2,2,2,2,2,2,2,2,2,2,3,2,2,2,3,2,2,1,2,2,2,2,2,3,0,2,2,2,2,2,2,3,3,3,3,2,2,2,2,3,2,3,2,2,2,1,3,3,2,2,1,2,2,2,2,1,2,2,2,2,2,3,2,2,2,0,3,2,2,2,2,1,2,3,2,2,2,2,2,2,2,2,1,3,2,2,2,2,2,0,2,0,2,2,1,2,2,3,3,2,3,2,2,2,2,2,2,3,2,3,3,2,3,2,2,2,2,2,2,2,2,2,2,1,2,2,2,2,1,1,2,2,2,2,2,3,2,2,2,3,2,2,3,2,2,2,2,2,1,2,2,2,2,2,2,2,2,3,2,2,2,0,3,3,2,2,2,2,3,3,3,2,3,2,2,3,2,2,2,1,2,3,3,2,2,2,3,3,3,3,2,2,3,2,2,2,3,2,3,2,2,3,2,2,2,2,2,2,2,3,3,3,1,2,2,3,2,2,2,3,3,3,2,1,2,2,3,2,2,0,2,2,2,3,2,3,2,3,2,2,2,3,2,2,3,2,3,2,2,2,3,2,3,3,3,2,3,3,2,2,2,2,1,3,2,2,3,3,2,2,3,2,2,2,2,3,3,2,2,2,3,3,3,2,2,2,3,2,2,2,2,3,2,2,3,3,3,1,2,1,3,2,3,2,3,3,3,3,3,3,2,2,2,3,3,2,3,2,3,2,3.0,3,2,2,3,2,3,1,3,3,2,2,3,2,2,2,4.0,3.0,3.0,2,2,2,2,3,3,2,2,3,2,1,3,2,2,2,3,3,2,3,3.0,2,2,3,2,3,3,2,3,2,2,3,3,,2,3,3,2,3,2,,3,2,3,2,3,3,,2,3,2,3,1,2,3,3,3,2,2,4.0,3,3,2,3.0,2,2,2,2,2,3,2,3,3,2,2,2,2,2,2,2,2,3,2,3,3,3,3,3,3,3,2,3,3,3,3,2,3,3,3,2,2,2,2,3,2,3,4.0,3,,3,2,2,2,3,3,2,3,2,3,3,3,3,3,2,3,3,3,3,2,3,2,3,2,2,3,3,2,3,3,3,3,2,4,3,3,,2,3,2,4,3,4.0,2,3,4,2,2,2,3,2,2,0,1.0,3,2,3,,3,3,3,2,2,3,3,2,3,1,3,,3,3,3,3,3,2,3,,3,,,3,3,3,3,2,2,3,4.0,2,4,3,3,3,,2,,3,3,3,,3,3,3,,,4.0,,3,,3,3,3,3,3,3,2,2,3.0,3,3,3,,3,3,3,2,3,,3.0,3,3,3,3,2,3,2,,3,3,3,,3,4.0,4.0,3,3,,2,3.0,3,2,3,3,,,2,,3,3,3,2,3.0,3,3,3,,,,3,3,3,3,4.0,3,3,4,3,3,,3,3,3,3,3,3,3,,3,3,3,3,3,2,2,2,3,3,,2,3,3,3,,3.0,3,3,2,3,,2,3,3,3,,3,3.0,3,,4.0,,,,3,3,4.0,3,3,4.0,,3,,,,2,3,3,3.0,4.0,4.0,3,3,,3,2,,,3,,3,,3,,,2,2,3,3,3.0,3,2,3,4.0,3,3,2,3,2,2,3,3.0,2,1,3,3,3.0,1,,2,3,,4.0,2,,2,3,,,2,3,,3,4.0,,,,2,3,,,3.0,2,,3,3,3,,3,4.0,,3,3,2,3,,2,2,,,,,3,3,3,4.0,3,4.0,,3,,4.0,,,3,3,,2,,,3,,4,3,,,3,,,2,4.0,,3,2,,,,2,,,4.0,,3,3,3,2,3,,3,4,3,2,,,2,2,3,,3,3,4.0,3,3,3,3,,3,3,3,2,3,3,4,2,3,,3.0,,,,,,3.0,,3,,3,2,4,3,0,3,2,3,4,,,,,,3,3,,,4,,,3,2,,,2,,3,,3.0,3,2,3,,3,3,,4.0,2,,,2,3,,,,,,3.0,,,3,1,,,,78,3,1.1145278119447863,-0.6604465659554779
3,3,2,2,2,3,2,3,3,3,3,3,2,2,2,2,2,2,3,2,2,2,3,2,3,3,3,3,2,2,3,3,3,3,3,2,3,3,3,3,2,2,2,3.0,2,2,3,3,3,3,3,2,3,3,3,3,3,3,2,3,3,2,2,2,3,1,3,3,2,2,3,3,3,3,3,3,4,3,0,3,2,1,2,2,2,3,2,2,3,3,3,3,3,2,2,2,3,3,3,3,3,3,3,3,3,2,2,2,2,3,3,3,3,3,2,2,2,3,2,3,3,2,3,3,3,3,3,2,2,2,2,3,3,2,3,3,3,2,3,3,3,2,2,3,3,2,2,2,3,3,3,3,2,2,2,2,3,3,3,3,1,2,2,2,3,2,2,3,2,2,2,3,2,2,3,3,2,2,3,3,2,3,3,1,2,2,3,2,2,2,2,3,3,3,3,3,3,3,3,2,2,2,3,2,0,3,2,2,3,3,2,3,2,3,2,2,3,3,2,3,3,3,3,3,3,2,3,3,3,3,3,3,2,3,2,3,2,3,3,3,3,3,3,3,3,3,3,3,3,2,3,3,2,3,2,3,2,2,3,3,3,3,2,3,2,3,3,3,3,2,2,3,3,3,3,2,3,3,2,3,2,3,2,2,3,2,3,3,3,3,2,2,2,3,2,3,3,3,3,3,2,2,2,2,3,3,2,3,3,3,2,3,3,3,3,4,3,3,3,3,2,2,3,2,3,3,2,3,3,2,4,3,3,2,3,3,3,3,3,3,3,3,2,3,3,3,3,3,4,3,2,2,2,2,3,3,2,2,3,3,3,3,2,3,3,2,2,2,3,3,3,2,3,3,3,2,3,1,3,2,2,3,0,4,3,3,3,3,3,3,3,3,3,2,3,3,3,3,4.0,3,2,2,3,3,1,2,3,3,3,3,3,3,3,1,,,4.0,3,2,2,2,2,2,3,2,2,2,3,3,3,2,3,3,3,2,2,4.0,3,3,4,2,3,3,3,3,3,3,3,3,,2,3,0,3,3,3,,2,2,3,2,3,3,,2,3,3,3,3,3,3,3,4,2,2,,3,3,2,4.0,3,3,3,2,3,3,2,3,3,3,2,3,3,1,2,3,3,3,2,3,3,3,3,3,2,4,3,4,2,2,3,3,3,3,3,2,3,3,2,3,2,3,4.0,3,,3,2,3,4,2,3,3,3,1,3,4,3,3,3,3,3,3,3,2,3,3,2,3,2,2,3,2,3,4,3,3,3,3,3,3,3,,0,3,3,3,3,3.0,2,3,3,3,2,3,3,3,3,3,,3,2,3,,4,2,3,3,3,3,3,3,3,3,3,,3,3,4,3,3,3,3,,4,,,3,3,4,3,2,3,3,4.0,3,3,4,3,4,,2,,3,3,3,0.0,3,4,4,,,4.0,,3,,4,3,4,3,3,3,3,3,4.0,4,3,3,,3,3,3,3,3,,,3,3,0,3,3,3,2,,4,3,3,,3,4.0,,3,2,,3,4.0,4,3,3,0,,,3,,3,3,3,4,4.0,3,3,3,,,,2,3,3,3,3.0,3,4,3,2,3,,3,4,3,3,4,4,3,,3,3,3,3,3,3,3,3,4,3,,3,3,3,4,,4.0,3,3,3,3,,3,0,3,3,,3,,3,,4.0,,,,3,3,4.0,3,3,4.0,,3,,,,2,3,3,3.0,,4.0,3,3,,4,3,,,3,,3,,3,,,3,4,3,3,,3,3,3,4.0,4,4,3,3,3,3,3,4.0,3,3,3,2,4.0,2,,3,3,,4.0,3,,3,3,3.0,,3,3,,3,4.0,,,,2,4,,,4.0,3,,3,4,3,,3,4.0,,3,3,2,3,,3,3,,,,,3,4,4,,4,3.0,,3,,3.0,,,2,4,,3,,,3,,3,3,3.0,,3,,,3,,,4,2,,,,3,,,4.0,,4,3,3,3,3,,4,4,3,3,4.0,,3,3,3,,3,3,3.0,4,4,3,4,,4,3,3,2,3,4,4,3,4,,3.0,,,,,,4.0,,3,4.0,3,3,4,3,3,3,3,3,3,,,,,,3,0,,,3,,,3,3,,,3,,4,,4.0,4,4,4,,4,4,,4.0,3,,,3,4,,,,,,4.0,2.0,,3,3,,,,79,3,1.105851330989453,-0.6219367708545942
2,3,1,1,1,1,1,2,2,2,2,2,2,2,2,2,2,2,2,2,2,2,3,2,2,3,3,3,2,2,2,2,3,3,3,2,2,3,3,2,3,2,2,3.0,1,2,2,2,2,3,3,2,3,3,2,2,2,2,1,2,3,2,1,1,2,2,3,3,2,2,2,3,3,2,2,3,3,2,2,2,2,2,2,2,1,3,1,2,2,2,2,3,2,2,3,3,2,3,2,2,2,3,2,2,3,2,2,2,3,3,3,3,3,2,1,2,2,2,3,3,3,2,3,2,3,2,2,3,2,2,3,2,2,2,2,2,3,1,2,2,2,2,2,2,2,2,3,2,3,2,3,3,2,2,2,2,3,2,2,2,1,2,2,2,2,2,2,3,2,2,2,2,2,2,1,2,3,3,2,3,2,2,3,2,2,3,2,2,2,2,2,2,2,2,2,2,3,2,3,3,3,2,3,3,3,2,2,3,2,2,2,2,2,2,2,2,2,3,2,3,3,3,2,3,3,3,2,3,3,2,2,3,2,2,2,2,2,2,2,2,3,3,2,2,2,2,3,3,3,2,2,2,1,2,0,2,2,3,3,3,3,2,3,2,2,3,3,2,3,2,3,2,2,2,3,2,3,3,2,2,2,2,2,1,2,1,0,3,2,3,2,3,3,0,3,2,2,3,2,3,2,2,2,2,2,2,2,3,2,3,2,3,2,3,2,3,2,3,2,3,3,3,3,0,2,3,2,2,2,2,3,3,2,2,3,2,3,2,2,3,2,3,3,3,3,3,2,3,3,2,3,2,3,2,3,2,2,3,2,2,2,2,2,2,3,2,2,2,2,3,3,2,2,2,2,2,2,2,3,2,3,3,3,3,3,3,3,3,3,2,3,3,3,2,3,2,3,3,3.0,3,2,2,3,3,2,2,2,3,2,2,2,1,2,3,,,3.0,2,2,2,1,2,3,2,2,2,2,2,1,2,2,2,3,3,2,3,4.0,3,2,3,2,0,3,3,2,2,2,0,2,,2,3,2,2,2,2,,2,2,2,3,3,2,3.0,2,3,2,2,3,2,3,3,3,2,2,,3,3,2,4.0,2,1,2,3,3,2,2,3,3,2,2,3,2,2,2,2,2,3,1,2,3,2,3,3,2,3,2,3,3,2,3,2,3,3,3,2,2,2,2,3,1,3,4.0,3,,2,2,2,3,2,3,2,2,2,3,3,2,3,3,3,3,2,3,3,2,3,2,3,2,2,2,3,2,3,3,3,3,3,3,3,3,,2,3,2,3,2,3.0,3,2,3,2,3,2,3,3,2,3,,3,3,2,,3,3,2,2,3,3,3,3,2,3,3,,3,2,3,2,3,2,2,,3,,,3,3,3,3,2,2,3,4.0,2,3,3,3,3,,3,4.0,3,3,2,,2,3,3,,,4.0,,2,4.0,3,3,3,3,2,3,3,3,4.0,3,3,2,0.0,2,3,2,3,3,,,2,2,3,3,2,1,3,,0,3,3,,3,2.0,,3,3,,2,3.0,3,0,3,3,,,2,,3,3,3,3,4.0,2,3,2,,,,3,3,1,2,4.0,3,3,3,3,3,,3,3,3,2,3,4,3,,2,2,3,3,2,2,3,3,3,2,,2,3,3,3,,3.0,3,2,2,3,,3,3,3,2,,3,4.0,3,,3.0,,,4.0,3,2,4.0,3,3,4.0,4.0,3,,3.0,,3,3,3,4.0,,4.0,3,3,,3,3,,,3,4.0,3,,3,,,3,4,3,3,,3,2,3,2.0,3,3,2,3,3,2,3,4.0,2,3,3,2,3.0,2,4.0,3,3,,4.0,2,,3,4,,,2,2,,3,4.0,,,,2,3,,,3.0,2,,3,3,2,,3,4.0,,2,3,2,3,,1,3,,,,,2,3,3,,4,3.0,,3,,3.0,3.0,,3,4,,2,,,3,,3,2,4.0,,3,,,2,,,3,2,,,,3,,,4.0,,3,3,3,3,3,,3,3,3,3,,,3,3,3,,2,3,4.0,3,3,3,3,,3,3,3,2,3,3,3,2,3,,4.0,3.0,,,,,4.0,,3,,2,2,3,3,3,3,3,3,3,,,,,,2,3,,,3,,,3,2,,,3,,3,,4.0,3,3,3,,3,4,,4.0,3,0.0,,2,3,,,,,,4.0,,3.0,3,2,,,,80,3,1.1022110419700784,-0.6586341314521377
2,2,2,2,2,1,2,3,3,3,3,2,2,2,1,3,3,2,2,2,2,2,3,2,3,3,3,3,2,2,2,3,3,3,3,2,3,3,3,3,3,2,2,4.0,2,3,3,2,3,3,3,2,2,2,3,2,3,2,2,2,1,2,2,2,2,1,3,3,3,3,3,3,3,3,2,3,3,3,3,2,2,2,2,2,3,2,2,2,3,3,3,3,3,2,2,2,3,3,3,3,2,3,3,2,2,2,2,2,3,3,4,4,3,2,2,2,2,3,3,3,2,2,2,2,3,3,3,2,2,1,2,3,2,0,3,2,2,2,3,2,2,2,2,2,3,3,2,2,3,2,2,3,3,2,3,2,2,2,3,2,1,3,2,2,3,2,1,1,2,2,2,1,2,2,2,3,2,1,2,2,2,1,1,2,2,3,3,2,3,2,3,2,3,3,2,2,2,2,2,2,2,2,3,2,2,2,1,2,2,2,2,2,2,3,2,2,3,3,2,2,3,2,2,2,3,3,2,3,3,3,3,0,1,3,2,3,3,3,3,3,3,3,2,2,3,3,3,3,3,2,2,3,2,3,3,2,2,2,3,3,3,2,2,2,2,3,3,3,3,2,2,3,3,3,3,2,3,2,2,3,2,2,2,2,1,2,0,3,3,3,2,2,2,3,2,2,2,3,3,3,3,2,3,2,3,3,3,0,2,2,3,3,2,3,2,3,2,2,2,3,2,2,3,3,3,3,3,2,3,2,3,3,3,2,3,3,2,2,3,2,2,3,2,2,2,3,2,2,3,3,3,2,2,2,3,3,2,3,3,3,3,2,2,3,3,2,2,2,2,3,3,2,3,3,3,2,2,1,2,2,0,2,3,3,2,2,3,2,2,2,2,2,2,2,2,2,2,2,3.0,2,3,2,3,2,3,2,3,3,3,2,3,2,3,2,4.0,4.0,3.0,2,3,2,2,3,2,2,2,3,2,3,3,3,2,3,4,3,2,3,4.0,3,3,4,2,3,3,2,3,2,3,3,3,,2,3,3,2,3,3,,2,2,2,2,3,2,,2,3,2,3,2,3,3,3,3,2,3,,3,4,3,3.0,3,2,2,2,2,3,2,4,3,3,2,3,2,2,3,2,3,3,2,3,3,3,3,3,3,3,3,3,3,3,3,3,3,3,3,2,3,3,3,3,2,3,4.0,3,,3,2,3,3,3,3,3,3,2,3,3,3,1,4,3,3,3,3,3,2,3,2,3,2,3,3,3,3,3,3,3,3,2,4,3,3,,2,3,3,3,3,4.0,2,3,3,3,2,3,3,2,2,2,,3,2,3,,4,3,3,3,2,3,3,3,3,2,3,,3,3,3,3,2,2,3,,3,,,3,3,3,3,2,3,3,4.0,2,3,4,3,2,3.0,2,,3,3,3,4.0,3,3,3,0.0,,4.0,,3,,4,3,3,3,2,3,3,2,3.0,4,3,3,,3,3,3,2,2,,,3,3,3,3,3,3,3,,0,3,3,,3,4.0,,4,3,,2,3.0,3,3,3,3,,,3,,3,3,3,3,3.0,3,3,3,,,,3,3,3,3,4.0,3,3,4,3,4,,3,3,3,3,4,4,3,3.0,3,3,3,3,3,2,3,2,4,3,,3,3,3,3,0.0,4.0,3,3,2,0,,2,3,3,3,,3,4.0,3,,4.0,,,,3,3,4.0,3,3,4.0,,3,4.0,,,2,3,3,2.0,,3.0,3,3,3.0,3,2,,,3,,3,,3,,,3,3,3,3,,3,3,3,4.0,3,3,3,3,3,3,3,3.0,3,3,3,2,3.0,1,,3,3,,4.0,3,,3,3,4.0,,3,3,,3,4.0,,,,2,3,,,3.0,3,,3,3,3,,3,2.0,,3,3,2,3,,2,3,,,,,3,4,4,,3,4.0,,2,,4.0,,,3,4,,2,4.0,,3,,3,3,4.0,,3,,,3,,,3,3,,,3.0,3,,,4.0,4.0,3,3,3,2,3,,3,4,3,3,,,2,2,3,,3,3,4.0,3,3,3,3,,4,3,3,3,4,4,3,2,3,,4.0,,,,4.0,,4.0,,2,,3,2,4,4,3,3,3,3,3,,2.0,,,,3,4,,,4,,,3,2,0.0,3.0,3,,3,,4.0,3,3,3,,3,4,,4.0,3,,,3,4,3.0,,,,,4.0,,,2,3,,,,81,3,1.105561277033986,-0.6122954385757644
2,2,2,3,2,2,2,3,3,4,3,3,3,2,3,3,3,2,2,3,2,2,3,2,2,3,3,2,2,3,3,2,3,3,3,2,3,0,3,3,3,3,3,4.0,3,3,3,3,2,4,3,3,2,2,2,3,3,2,2,3,2,2,2,3,2,3,2,3,3,3,3,4,3,3,2,3,2,3,3,3,3,3,2,3,2,3,2,3,2,2,3,3,3,3,3,3,1,4,3,3,3,3,3,1,3,3,3,2,3,4,4,4,3,3,2,2,2,3,3,3,2,2,2,2,3,3,3,3,3,3,3,3,3,3,3,3,3,3,3,3,3,3,3,3,3,3,0,2,3,3,2,3,3,3,3,3,3,2,3,3,2,3,3,2,3,3,2,3,3,2,2,3,3,2,2,3,3,2,3,3,3,3,3,2,3,4,3,2,3,2,3,3,3,3,2,3,3,3,3,3,3,3,4,3,3,4,3,3,3,3,3,2,3,3,3,1,3,3,3,3,3,2,2,2,3,3,3,2,3,3,3,2,3,3,3,3,3,3,3,4,3,3,3,3,3,3,4,4,3,2,3,3,2,3,3,2,3,3,3,3,3,2,3,2,3,4,3,4,2,3,3,2,3,3,3,3,4,3,3,3,3,3,3,2,3,2,3,3,3,4,3,3,3,4,3,2,2,3,3,3,3,3,3,2,0,3,3,3,3,3,3,3,3,3,3,3,1,3,2,4,3,3,4,3,4,3,3,3,3,3,3,3,4,3,4,4,3,3,1,3,3,3,2,3,3,3,3,3,4,3,3,3,3,3,4,3,3,3,3,4,3,3,3,3,3,3,3,3,2,3,3,3,3,3,3,3,3,1,3,2,2,3,3,3,3,2,3,3,3,2,2,3,2,3,2,3,3,2,3.0,3,2,3,3,3,3,2,3,0,0,3,3,1,3,3,,,4.0,2,3,3,2,3,3,3,2,3,3,3,3,3,3,3,4,3,2,3,4.0,3,2,0,3,3,3,3,3,3,3,3,3,,3,4,4,3,3,2,,3,3,2,2,4,3,,3,3,3,3,0,3,3,3,4,2,3,,3,4,3,4.0,3,3,3,3,3,3,3,4,4,3,3,3,3,3,2,2,3,3,3,3,4,4,4,4,3,1,3,4,3,3,3,3,4,3,4,3,3,3,3,3,3,3,,4,,3,2,3,3,3,4,3,3,3,4,4,3,0,4,3,3,3,4,3,3,3,3,3,3,2,3,3,2,4,4,4,4,4,4,3,3,,3,3,3,4,4,4.0,3,4,4,3,3,3,4,3,3,3,,4,3,3,,4,3,3,3,1,3,3,3,4,3,3,,4,3,4,3,4,3,3,,3,,,3,4,4,3,3,3,4,4.0,3,4,4,4,3,3.0,3,,4,3,3,,3,3,4,,,4.0,,3,,4,3,4,4,3,3,3,3,4.0,4,3,4,,3,4,3,2,3,,,3,3,3,3,3,3,3,,4,3,4,,4,4.0,,3,3,,3,4.0,3,3,3,4,,,3,,3,4,3,3,4.0,3,4,4,,,3.0,4,4,4,3,,3,4,4,3,3,4.0,3,4,3,4,3,4,4,,3,3,4,3,4,3,4,3,4,3,,3,3,4,3,3.0,4.0,3,3,3,4,,4,3,3,3,,3,4.0,3,4.0,,,,,3,4,4.0,3,4,4.0,,4,,,,3,3,4,4.0,,4.0,3,3,,4,3,,,4,,4,,4,,,4,3,3,4,,4,3,4,4.0,3,3,3,3,3,2,4,4.0,3,3,4,3,4.0,3,,3,4,4.0,,3,,3,4,,,3,3,,4,,3.0,,,3,3,4.0,,4.0,3,,3,4,4,,3,4.0,,3,3,3,4,4.0,3,3,,,,,3,2,4,,4,4.0,,3,,4.0,,4.0,3,3,,3,,,3,,4,3,,,4,,,3,,,4,3,,,,3,,,,,3,4,4,4,4,,4,4,4,3,,,4,3,3,,3,4,,3,3,4,4,,4,4,4,3,4,3,4,4,4,,4.0,,,,,,4.0,,3,,3,3,4,4,3,4,4,4,4,4.0,,3.0,0.0,0.0,3,4,,,4,,,4,3,,,4,,3,,4.0,3,3,3,,4,4,,4.0,3,,,3,4,,,,,,4.0,,,4,3,,,,82,3,1.1183577857230926,-0.6129433467032469
2,2,1,1,1,1,1,2,2,3,2,2,2,1,2,2,2,1,1,2,2,1,3,2,2,2,2,2,1,2,2,2,2,2,2,2,2,2,2,2,2,2,2,3.0,2,2,2,2,2,2,2,2,3,2,2,2,2,2,1,2,2,2,0,1,1,2,2,2,2,2,2,3,2,3,2,3,2,2,2,2,2,1,1,1,2,2,1,1,2,1,2,2,2,2,2,2,2,2,2,2,1,2,2,2,2,1,1,1,2,3,2,3,3,2,1,1,2,2,2,3,2,1,3,2,2,2,2,2,1,2,2,2,1,1,2,2,2,2,2,2,2,2,1,2,2,2,2,1,2,2,3,2,2,1,0,2,3,2,2,2,1,2,2,1,2,2,2,2,2,1,0,2,2,1,1,2,2,2,3,2,2,2,2,1,1,2,2,1,1,1,2,2,2,2,2,2,2,2,2,2,2,2,3,2,2,2,2,2,2,2,2,1,1,3,2,2,2,2,2,2,2,2,2,2,2,2,2,2,2,2,2,2,2,2,2,3,2,2,2,2,2,3,2,2,2,1,3,3,2,1,2,2,2,2,1,1,1,3,2,2,2,2,2,1,2,3,3,3,2,1,2,2,2,2,2,2,3,3,2,2,1,2,1,1,2,2,2,2,2,3,2,2,2,3,2,2,2,2,2,2,2,2,2,1,2,2,2,2,2,2,2,2,2,3,2,3,2,3,0,3,2,2,2,2,3,2,2,2,2,2,3,3,3,1,3,3,1,2,1,2,2,3,2,2,3,2,2,3,3,2,3,2,2,2,3,1,2,2,3,3,2,2,2,2,2,2,2,1,2,2,2,1,2,2,2,1,2,2,2,2,3,3,3,3,3,3,3,2,2,2,2,3,3,2,3,2,3,2,3.0,2,2,2,3,3,2,0,3,3,2,2,2,1,2,2,,,3.0,1,2,1,2,2,2,2,1,2,2,2,2,2,2,2,3,2,1,2,3.0,2,2,3,2,2,2,2,2,2,2,3,2,,2,3,3,1,2,2,,2,2,2,2,2,2,,2,2,2,2,2,2,2,2,2,2,1,,2,3,2,,1,2,2,2,2,2,2,3,3,2,2,2,2,1,1,1,2,2,2,3,3,3,3,3,2,3,2,3,2,2,3,2,3,2,2,2,2,2,1,2,2,3,3.0,2,,3,2,2,2,2,3,2,2,1,3,3,2,2,3,3,2,2,2,2,2,2,1,2,1,2,2,2,2,3,3,3,3,2,3,2,2,,2,2,2,3,3,3.0,2,2,3,2,2,3,3,2,2,2,,2,2,1,,3,3,2,2,2,2,2,2,2,2,2,,3,2,3,2,3,2,2,,2,,,2,3,3,2,2,2,3,,2,3,3,3,2,,3,,3,3,3,,2,3,3,,,,,2,,3,2,3,2,2,2,2,2,,3,2,3,,2,2,2,2,3,,,2,2,2,3,2,2,0,,3,2,3,,3,3.0,,3,2,,2,3.0,3,2,2,2,3.0,,2,,2,2,2,3,,2,3,3,,,,2,3,3,2,3.0,2,3,3,2,3,,2,3,3,3,3,3,3,,2,2,3,2,3,2,3,2,3,2,,2,3,3,3,,3.0,2,2,2,3,,3,2,2,3,,2,3.0,1,,3.0,,3.0,,3,3,,2,2,3.0,,2,,,,3,2,3,3.0,,,3,2,,3,2,3.0,,3,,3,,3,,,3,3,3,3,,3,2,3,,3,2,2,3,3,2,3,,2,2,3,2,3.0,2,,2,3,,,2,,2,3,,,2,2,,3,,,,0.0,2,3,,,3.0,2,,2,3,3,,3,,,2,3,2,3,,0,2,,,,,2,3,3,,3,3.0,,3,,3.0,,,2,3,,2,,,3,,3,2,,,3,0.0,,2,,,2,2,,,,2,,,,,3,2,3,3,2,,3,3,3,1,,,3,2,2,,2,3,,2,2,3,3,,3,3,3,2,3,3,3,3,3,,,,,,,,3.0,,3,,2,2,3,3,3,2,3,3,3,,,,,,2,3,,0.0,3,,,3,2,,,3,,2,,3.0,3,2,2,,3,3,,3.0,2,,,2,3,,,,,,,,,3,2,,,,83,3,1.0884933877147447,-0.6603666242086642
3,2,2,3,2,1,2,3,3,4,3,3,3,2,3,2,3,1,2,3,2,2,3,2,3,3,3,2,2,2,2,2,3,3,3,1,2,3,3,3,3,2,3,4.0,2,3,2,3,3,3,3,2,3,3,3,2,3,2,2,2,3,3,2,2,3,2,3,3,3,3,3,3,3,3,2,3,3,3,3,3,3,2,1,2,2,3,2,2,3,3,3,3,3,2,3,3,2,3,3,2,3,3,2,3,3,2,2,2,3,3,3,4,3,3,2,2,2,2,3,3,3,1,3,3,3,3,3,2,2,2,3,2,2,2,3,2,3,2,3,3,2,3,2,3,3,2,3,2,3,3,3,2,2,2,2,3,3,3,3,3,2,3,3,2,3,2,2,3,2,2,2,3,2,2,3,3,3,2,3,3,2,3,3,2,2,3,0,2,3,2,2,2,3,0,2,2,3,3,3,3,3,2,3,3,3,3,3,3,3,2,2,2,2,3,3,2,3,3,2,0,3,2,2,3,3,3,2,3,2,3,2,3,2,2,2,3,2,3,3,3,3,3,2,3,3,2,4,4,3,2,3,3,2,3,2,2,2,3,3,3,3,2,3,3,3,3,3,4,3,2,3,2,1,3,3,3,4,3,3,2,2,2,2,2,2,2,3,3,3,3,2,3,3,3,3,3,3,3,3,3,3,3,3,2,3,3,2,3,2,2,2,3,3,3,2,3,3,3,2,3,3,3,3,3,3,3,2,3,3,3,3,3,4,2,3,3,3,2,2,3,2,3,2,3,3,2,3,3,3,3,3,3,3,2,4,3,3,2,3,2,3,3,2,2,3,3,2,2,3,3,3,2,3,3,3,3,3,2,3,3,3,3,4,4,3,3,3,3,3,3,3,4,3,2,3,3,3,3,4.0,3,3,2,3,3,2,2,3,3,2,2,3,2,3,3,,,4.0,3,3,2,2,3,2,3,2,3,3,2,3,3,3,3,4,3,2,3,4.0,3,2,3,3,2,3,3,3,3,3,3,3,,2,4,3,2,3,2,,3,2,3,3,2,2,,0,3,3,2,3,3,3,3,3,2,2,,3,4,3,4.0,3,3,3,2,3,3,2,4,4,2,2,3,2,2,2,2,3,3,3,3,4,3,4,4,3,3,3,4,3,3,3,3,4,3,4,3,3,3,2,3,2,3,4.0,3,,3,3,3,3,3,4,2,3,1,4,3,3,3,3,3,0,3,3,3,3,3,2,3,3,3,3,3,2,3,3,3,2,3,3,3,3,,2,2,3,4,4,4.0,3,3,4,3,2,3,3,3,3,3,,3,3,3,,3,3,3,3,3,3,3,3,3,3,3,,3,3,3,3,3,3,3,,3,,,3,3,3,3,3,2,0,4.0,3,4,2,3,3,,3,,3,3,3,,3,4,4,,,,,3,,3,3,3,3,3,3,3,3,4.0,3,3,3,,3,3,2,3,4,,,3,3,3,3,3,3,3,,4,3,3,,4,4.0,,3,3,,3,4.0,3,3,3,3,,,3,,3,3,3,3,4.0,2,3,4,,,,3,3,3,3,4.0,3,3,4,3,3,,3,3,4,3,3,4,3,,3,2,3,3,3,3,3,3,3,3,,0,4,3,4,,4.0,3,2,3,3,,3,3,3,3,,3,4.0,3,,4.0,,,,3,3,4.0,3,3,4.0,0.0,3,,4.0,,3,3,4,4.0,,4.0,4,3,,3,3,,,3,,3,,2,,,3,4,3,3,,3,3,4,4.0,4,2,3,3,3,3,3,4.0,3,3,4,3,0.0,2,,3,4,,4.0,3,,3,4,,,3,3,,3,4.0,,,,3,4,,,4.0,3,,3,4,3,,3,4.0,,3,4,2,3,,2,3,,,,,3,4,3,,4,4.0,,3,,4.0,,,3,3,0.0,3,,,3,,3,3,4.0,,4,,,3,,,4,3,,,,3,,,4.0,,3,3,3,3,3,,3,4,3,3,,,3,3,3,,3,3,4.0,3,3,3,3,,3,4,3,2,3,4,4,3,3,,4.0,3.0,,,,,4.0,,4,,3,3,4,3,3,3,4,3,4,,,,,,3,4,,3.0,4,,,3,3,,,3,,3,,4.0,3,3,3,4.0,4,4,,4.0,3,,,3,4,,,,,,4.0,,,4,3,,,,84,3,1.102150537634409,-0.6445678035379675
2,2,2,2,2,1,2,2,2,2,2,2,2,2,2,2,2,1,2,1,2,2,3,1,2,2,2,2,2,2,2,2,2,2,2,2,2,1,2,2,2,2,0,2.0,1,3,2,2,1,2,3,2,3,2,2,2,3,2,2,2,2,2,2,2,2,2,2,3,2,2,2,3,3,2,2,2,2,2,2,2,2,1,1,0,2,2,1,2,2,2,2,2,2,2,2,2,1,3,3,2,2,2,3,2,2,2,2,1,2,3,3,3,3,1,1,1,2,2,2,2,0,1,3,2,3,2,3,2,2,2,2,2,2,1,3,2,2,2,2,2,2,2,2,2,2,2,2,2,3,3,3,2,2,2,2,2,3,2,2,2,1,2,2,2,2,1,2,2,2,1,2,2,2,2,2,3,3,2,3,2,2,2,3,1,2,3,2,2,2,2,2,2,3,3,3,3,3,2,2,1,2,2,3,2,3,2,2,2,2,2,2,2,2,2,2,2,3,3,2,2,2,2,2,2,2,2,2,3,2,2,2,2,2,2,2,2,2,2,3,3,3,3,2,2,3,2,3,3,3,1,2,2,2,2,2,2,1,3,2,2,3,0,3,2,2,3,3,3,2,2,3,2,2,3,3,2,3,3,2,2,2,2,2,2,2,2,2,2,2,3,2,2,2,2,3,2,2,2,3,3,2,2,2,2,2,2,2,2,2,1,2,2,2,3,2,3,2,3,2,3,2,3,3,3,2,2,2,2,2,1,3,2,2,1,3,3,2,1,0,2,2,3,2,1,3,2,2,3,3,2,3,2,3,2,3,2,2,2,1,3,2,2,2,2,3,2,2,2,2,3,2,2,2,2,2,2,2,2,3,2,3,3,3,3,3,2,3,2,3,3,3,3,3,2,3,1,3,3,3.0,2,2,2,3,3,2,2,2,0,2,2,2,2,2,3,3.0,,3.0,2,2,2,1,2,2,2,2,2,2,2,3,3,2,2,3,2,1,3,3.0,1,2,2,2,2,2,2,2,2,3,3,2,,2,3,2,2,2,1,,3,2,2,2,3,2,,2,3,2,2,2,2,2,2,3,2,2,,3,3,2,,2,2,2,2,2,2,2,2,2,2,2,3,2,2,1,2,1,3,2,2,3,2,2,2,2,2,2,3,2,2,2,2,3,2,3,3,3,3,2,3,2,3,,3,,2,2,2,3,2,3,2,3,2,3,3,3,3,3,3,2,2,3,2,2,2,2,2,2,2,2,2,2,3,3,2,3,2,3,3,2,,2,2,2,3,2,3.0,0,2,3,3,2,2,3,3,2,3,,3,2,3,,2,3,3,3,2,2,2,2,3,2,2,,3,3,3,3,3,2,2,,3,,,2,3,3,2,2,2,3,,1,3,3,3,3,,3,,3,3,3,,2,3,3,,,,,3,,3,2,3,2,2,2,3,3,3.0,3,2,3,,2,3,2,2,3,,,2,2,3,3,3,2,2,,2,2,2,3.0,3,,,3,3,,2,3.0,3,3,3,3,,,2,,2,3,3,3,2.0,3,3,3,,,,3,3,2,2,,3,3,3,2,3,,3,3,3,3,3,3,3,,2,2,3,3,3,2,3,3,3,2,,3,3,3,3,,,3,2,2,3,,3,3,2,3,,2,,3,,,,,,3,2,,2,3,,,3,,,3.0,3,3,3,3.0,,0.0,3,3,,3,3,,,3,,3,,3,,,3,3,3,3,,3,3,3,3.0,3,3,2,3,3,2,3,,2,2,3,3,3.0,2,,2,3,,,3,,2,3,,,3,2,,3,,,,,3,3,,,3.0,3,,0,3,3,3.0,3,,,2,3,2,2,,2,2,,,,,3,3,3,,3,3.0,,3,3.0,3.0,3.0,,3,3,,3,0.0,,2,,3,3,,,3,,,2,,,3,2,,,,2,,,,,3,3,3,3,3,,3,3,2,2,,,3,3,2,,3,3,,2,2,3,3,,3,3,3,2,3,3,3,3,3,,,,,,,3.0,3.0,,3,,3,2,3,3,3,2,3,3,3,,,,,,2,3,,,3,,,3,2,,,3,,2,,3.0,3,3,1,,2,3,,3.0,2,,,3,3,,,,,,,,,3,3,,,,85,3,1.0945927814302965,-0.6640840910916779
3,3,1,2,2,2,2,2,3,3,2,3,3,2,3,3,3,3,3,3,3,2,3,2,3,3,2,2,2,2,2,3,3,2,3,2,2,2,2,2,2,2,2,4.0,3,3,3,1,1,4,3,2,3,3,3,3,2,2,2,2,3,3,2,2,2,2,3,3,3,3,3,3,4,3,3,3,0,3,3,2,3,2,2,2,2,2,1,3,3,1,3,3,3,2,3,3,2,3,3,3,3,3,3,3,3,2,3,2,3,3,3,3,3,1,2,2,2,3,3,2,3,2,4,3,3,3,3,3,2,2,3,2,2,2,3,2,2,3,2,3,3,3,3,3,3,3,3,3,3,3,3,2,3,3,3,3,3,3,3,3,2,3,2,3,3,2,2,3,3,2,2,2,2,3,3,3,2,2,3,3,3,3,3,2,3,4,3,3,3,2,3,3,3,3,3,3,3,3,3,3,3,3,4,3,3,3,3,3,3,3,3,2,2,3,3,3,3,3,3,3,3,3,3,3,3,3,2,3,3,3,3,3,3,3,3,3,3,3,2,3,3,3,3,3,2,1,3,3,4,3,3,2,2,3,3,3,2,3,3,3,3,2,3,2,0,3,3,3,3,3,3,2,3,3,3,3,4,3,3,3,2,2,3,2,3,2,3,3,3,4,3,3,3,4,3,3,3,3,3,3,3,2,2,2,2,2,2,3,3,3,3,3,3,4,3,4,3,3,1,4,3,3,3,3,3,2,2,3,3,2,3,3,3,1,4,4,3,3,2,2,3,4,3,3,4,3,3,3,4,3,4,3,3,3,4,3,3,3,3,2,3,2,3,3,3,3,2,2,3,3,0,3,3,3,3,2,3,3,4,3,3,3,4,4,4,4,4,3,3,3,3,4,4,3,3,3,4,3,4.0,3,3,3,4,3,3,2,2,3,2,0,3,2,2,3,,,4.0,1,3,3,3,2,3,1,2,3,2,2,3,3,3,3,3,3,2,3,3.0,2,2,3,3,2,2,1,2,3,3,3,3,,3,4,3,3,3,1,,3,3,3,3,3,3,,3,3,3,3,3,3,3,3,4,3,2,3.0,3,3,3,4.0,3,3,2,3,3,2,2,4,4,3,3,4,3,3,2,3,3,2,3,3,3,3,3,4,3,3,2,4,3,3,3,3,3,3,3,3,3,3,3,3,2,3,4.0,3,,3,3,2,3,3,4,3,3,2,4,3,3,3,3,3,3,3,3,3,3,3,2,2,3,3,3,3,3,3,3,3,4,3,4,3,3,,3,3,3,4,3,4.0,3,3,3,3,3,3,4,4,3,3,0.0,3,3,3,,4,3,3,3,3,3,2,3,4,3,3,,4,3,3,3,3,3,3,,3,,,3,2,3,3,3,3,4,,3,4,4,4,3,2.0,3,,3,3,3,,3,4,4,,,,,0,,4,3,4,4,3,3,4,3,4.0,3,3,3,,3,4,3,3,3,,,3,3,3,3,3,2,3,,4,3,3,,4,4.0,,4,3,,3,4.0,3,3,3,4,,,3,,3,4,3,4,4.0,3,3,3,,,,3,4,3,3,,3,4,4,3,4,,3,3,4,3,3,3,3,,2,3,4,3,3,3,3,3,4,3,3.0,3,4,3,4,,4.0,4,3,3,3,,0,3,3,3,,3,4.0,3,,,,,,4,3,4.0,3,4,4.0,,3,,,,3,2,3,4.0,,4.0,3,4,,3,3,,,3,,4,,4,,,4,4,3,4,,3,3,3,4.0,2,3,2,3,3,2,3,4.0,3,3,4,3,4.0,2,,3,3,,4.0,3,,3,4,,,3,3,,4,4.0,,,0.0,3,4,,,3.0,0,,2,4,3,3.0,4,,,3,4,3,3,,2,3,,,4.0,,3,4,4,,4,4.0,,4,,4.0,,,3,3,,3,,,3,,4,3,,,4,,,3,,,3,3,,,,2,,,,,4,3,4,3,3,,4,4,3,3,,,3,3,2,,3,3,4.0,3,0,4,4,,4,4,3,2,4,4,4,3,4,,,,,,,,4.0,,4,,3,3,4,4,3,4,4,3,4,,,,,4.0,3,3,,,4,,,3,2,,,4,,2,,3.0,4,3,2,4.0,3,4,,4.0,3,,,3,3,,,,,,4.0,,,4,3,4.0,,,86,3,1.1024215468248089,-0.6167637623228748
1,2,2,2,2,3,2,2,2,3,3,2,2,2,1,3,2,2,2,2,2,2,3,2,3,3,3,3,2,3,2,2,3,3,3,2,2,3,3,3,3,2,2,3.0,2,3,2,2,3,3,3,2,3,2,3,3,3,3,2,3,2,2,1,2,2,0,3,3,2,2,2,3,1,2,2,3,3,2,3,2,2,2,2,2,1,3,1,2,3,2,2,3,2,2,2,2,3,2,2,2,2,3,3,2,3,2,2,1,3,3,3,3,3,2,2,2,2,3,2,3,3,2,3,3,3,3,3,2,2,1,2,2,2,2,3,3,3,2,3,2,3,2,2,2,3,2,2,2,2,3,2,3,2,2,2,2,2,2,2,3,2,2,2,2,2,2,2,2,2,2,2,3,1,2,2,3,1,1,2,2,2,2,3,2,2,3,3,1,2,2,2,3,3,3,3,3,2,2,2,2,2,2,3,2,1,2,1,2,3,2,2,2,2,3,2,2,3,3,2,3,2,2,2,2,3,3,2,3,3,2,3,2,2,2,3,3,2,3,2,3,3,3,3,3,3,3,3,3,3,2,2,2,2,2,2,2,2,2,2,3,3,3,3,3,2,3,3,3,2,2,2,3,3,3,3,2,3,2,3,2,2,3,2,2,2,2,3,3,3,3,2,2,2,3,2,2,2,2,3,3,2,3,3,2,3,3,2,2,2,3,2,3,2,3,2,3,2,3,2,3,1,2,3,3,3,3,2,3,2,2,3,3,3,2,1,3,3,3,2,3,2,3,2,3,2,3,2,3,4,3,2,2,2,2,3,3,2,2,2,3,3,2,2,2,3,2,2,2,2,3,3,2,2,2,3,2,3,1,3,3,2,2,3,3,3,3,3,3,3,2,2,3,3,2,2,2,3,3,3.0,3,3,2,3,2,2,2,3,2,3,3,3,2,3,2,4.0,,4.0,2,2,2,2,2,3,3,2,2,2,2,3,3,2,3,3,3,1,3,4.0,3,2,4,2,2,3,3,3,3,3,2,2,,2,3,3,2,2,3,,2,2,0,3,3,3,,2,3,3,2,2,3,3,3,3,2,2,,3,3,0,3.0,2,3,2,2,3,3,2,3,3,2,2,3,3,2,2,2,3,3,1,3,3,3,3,3,3,3,2,3,3,2,3,3,3,3,3,2,3,3,2,3,3,3,3.0,2,0.0,2,2,3,3,2,3,2,3,2,3,3,3,3,3,3,3,3,2,2,0,3,2,3,2,2,2,3,3,3,3,3,3,3,3,3,2,,2,2,3,3,3,3.0,2,3,3,3,2,3,3,3,3,3,,3,2,3,,3,0,3,3,3,2,3,3,3,0,3,,3,3,3,3,2,2,3,,3,,,3,3,3,3,2,3,3,4.0,2,3,4,3,4,,3,,2,3,3,,3,3,3,,,4.0,,3,,4,3,3,3,3,3,3,3,4.0,3,3,3,,2,3,3,3,2,,,3,2,3,1,3,2,3,,4,3,3,,3,4.0,,3,3,,3,4.0,3,3,3,2,,,3,,3,2,2,3,4.0,3,3,3,,,,3,1,3,2,4.0,3,3,3,2,3,,3,4,3,3,3,4,3,,3,3,3,3,3,3,3,0,3,2,,3,3,3,2,,4.0,2,2,2,3,,3,3,3,3,,3,4.0,3,,4.0,,,,3,3,4.0,3,3,4.0,0.0,3,,4.0,,2,2,4,3.0,,4.0,3,3,,4,3,,,3,,3,3.0,3,,,3,3,3,3,3.0,3,3,3,4.0,4,3,3,3,3,2,2,4.0,3,3,1,2,4.0,2,,3,3,,4.0,3,,3,3,,,3,3,,3,3.0,,,,2,3,,,4.0,3,,3,4,3,,3,4.0,,3,3,2,4,,2,3,,,,,3,4,4,,4,3.0,,3,,3.0,,,3,4,,3,,,3,,3,3,4.0,,3,,,3,,,3,3,,,,3,,,4.0,,3,3,3,2,3,,3,4,3,3,,,2,2,3,,3,2,4.0,3,3,3,4,,3,3,3,2,3,3,3,2,3,,3.0,,,,,,4.0,,3,,3,3,3,3,3,3,3,3,3,,,,,,3,4,,,2,,,3,3,,,3,,3,,4.0,3,3,3,,3,4,,4.0,3,,,3,4,,,,,,4.0,,3.0,0,3,,,,87,3,1.1102019268839916,-0.6313205545774273
2,1,2,2,2,2,3,3,2,3,2,2,2,2,2,2,2,2,2,2,2,1,3,2,3,3,3,2,2,2,2,2,3,3,2,2,0,3,3,3,3,2,2,3.0,2,2,2,2,2,3,3,2,2,2,2,2,2,2,2,3,2,2,1,2,2,2,2,3,2,1,3,3,3,3,2,3,3,2,2,2,1,2,1,2,2,2,2,2,2,2,2,2,2,2,3,2,2,3,3,2,2,3,3,2,2,2,2,1,2,3,3,3,3,2,2,2,2,2,2,3,3,1,3,2,2,2,2,2,2,1,2,2,2,2,3,3,3,2,3,2,2,2,1,0,2,2,2,2,3,3,2,2,2,2,2,2,3,2,2,2,1,2,2,2,2,2,1,2,2,2,2,3,2,2,0,3,3,2,3,2,2,2,3,2,2,3,2,0,2,2,2,2,3,3,2,3,2,1,2,2,3,2,3,2,3,2,2,2,2,1,2,2,2,3,2,1,2,2,2,3,3,2,2,2,3,2,2,2,2,1,2,2,2,2,2,3,2,2,3,3,2,3,2,2,3,2,3,3,3,2,2,3,2,2,2,2,2,3,2,3,3,2,2,2,3,3,3,3,2,2,3,2,3,3,2,3,3,3,2,2,2,2,2,1,1,2,2,2,2,3,2,3,2,3,3,2,2,3,3,2,2,2,3,2,2,3,2,3,2,3,2,2,3,3,2,3,2,3,2,2,2,2,3,3,3,2,2,2,3,2,3,3,3,2,3,3,3,2,2,3,2,3,2,2,3,2,2,2,3,3,3,2,3,2,3,2,2,2,3,3,3,2,2,2,3,2,2,2,2,3,3,2,2,2,3,2,2,2,3,2,2,3,3,3,3,2,3,2,3,2,2,3,3,2,3,1,3,3,3.0,3,2,2,3,3,2,1,3,3,3,2,2,2,3,2,,,3.0,2,2,2,2,3,2,2,1,3,2,2,3,2,2,2,3,3,2,3,0.0,3,2,3,2,2,3,3,3,2,3,3,2,,2,3,2,2,2,3,,2,2,2,2,3,2,,2,3,3,2,2,3,3,3,3,2,2,0.0,3,3,2,4.0,2,3,2,2,2,3,2,3,3,2,2,3,2,2,2,2,3,3,2,3,3,3,3,3,3,3,2,3,2,2,3,2,3,2,3,3,3,3,2,2,2,3,4.0,3,,3,2,3,3,3,3,2,3,2,3,3,3,2,3,3,3,2,3,2,2,3,2,3,2,2,2,2,2,3,3,3,3,2,4,2,2,4.0,3,3,2,3,3,4.0,2,3,3,3,3,3,3,3,2,2,,3,3,3,,4,0,3,3,3,0,3,2,3,2,2,,3,2,3,3,3,2,3,,3,,,3,3,3,3,2,2,3,4.0,2,2,3,3,3,,3,,3,3,3,,3,3,3,,,4.0,,3,,3,3,3,3,2,2,3,3,4.0,3,2,3,,3,3,3,3,3,,,3,2,2,3,2,2,2,,3,2,3,,3,4.0,,3,2,,2,3.0,3,3,3,3,,,2,,2,3,2,3,4.0,3,3,3,,,,3,3,3,2,4.0,1,3,3,2,3,,2,3,3,3,3,3,3,,3,2,3,2,3,2,3,3,3,2,,3,3,3,3,,4.0,3,2,2,2,,2,2,3,3,,2,4.0,2,,4.0,,,,3,3,4.0,3,3,3.0,,3,,,,3,2,3,3.0,,4.0,3,2,,3,3,,,3,,3,3.0,3,,,3,3,3,3,,3,3,3,4.0,3,3,2,3,3,2,2,3.0,3,3,3,2,3.0,1,,3,3,,4.0,3,,2,3,,,3,3,,3,4.0,,,,3,3,,,3.0,3,,3,3,3,,3,4.0,,3,3,2,3,,2,3,4.0,,,,3,0,3,,3,4.0,,3,,4.0,,,3,3,,2,,,3,,3,3,4.0,,3,,,3,,,3,2,,,,3,,,4.0,3.0,3,3,3,2,3,,3,0,3,2,,,3,2,3,,3,3,4.0,3,3,3,3,,3,3,3,2,3,3,3,3,3,4.0,4.0,,,,,,3.0,,3,,3,2,3,3,3,3,3,3,3,,,3.0,,,2,3,,,4,,,3,2,,,3,,3,,4.0,3,3,3,,3,3,,4.0,3,,,3,3,,4.0,,,,4.0,,4.0,3,3,,,,88,3,1.0882909680908601,-0.6757423951694047
3,2,1,2,2,2,2,2,2,3,2,1,1,2,2,2,2,2,2,2,2,2,2,1,2,2,2,2,2,2,2,2,2,2,2,1,2,2,2,2,2,1,2,3.0,2,2,2,2,2,3,3,2,2,2,2,2,2,2,2,2,2,2,2,2,1,2,2,3,2,2,2,3,3,3,2,3,3,2,2,2,1,2,1,2,2,2,1,2,2,2,2,2,2,2,2,2,2,3,2,2,2,3,3,2,3,1,2,1,2,3,3,3,3,2,2,2,2,2,2,3,3,1,3,2,2,2,3,2,1,1,2,2,2,2,3,2,2,2,0,2,2,2,1,2,2,2,3,2,2,2,2,2,2,2,2,2,3,2,2,2,1,2,2,2,2,0,2,2,2,2,2,2,2,2,2,3,2,2,3,2,0,2,3,2,2,3,2,2,2,2,2,2,3,3,2,2,2,2,2,2,2,2,3,2,2,2,2,2,2,2,2,2,1,2,2,2,2,2,2,3,2,2,2,2,2,2,2,2,2,2,2,1,2,2,2,3,2,2,2,3,3,3,2,2,2,2,3,3,2,1,3,2,2,2,1,2,1,3,2,3,3,2,2,2,2,2,2,3,2,2,2,2,3,2,3,2,3,2,2,2,2,2,2,2,2,2,2,2,2,3,2,2,2,2,2,2,2,3,0,3,2,1,2,2,2,1,2,3,2,3,2,2,2,3,2,3,2,3,2,3,2,2,3,2,2,2,2,2,3,2,3,3,3,1,3,3,2,2,2,2,2,3,2,2,3,2,2,2,3,2,3,2,2,2,3,2,2,2,2,3,3,2,2,2,3,2,1,0,2,3,3,2,2,2,2,2,2,2,3,2,3,3,3,3,3,0,3,2,2,2,3,3,3,2,3,2,3,3,3.0,3,2,2,3,3,2,2,2,3,2,2,2,2,2,3,,,3.0,2,2,2,1,2,2,2,2,2,2,2,2,2,2,2,3,2,1,3,4.0,3,2,3,2,2,3,2,2,2,2,3,2,,2,3,2,2,2,2,,2,2,2,2,3,2,,2,3,0,2,2,3,3,2,3,2,2,,3,3,2,4.0,2,1,2,2,2,3,2,3,3,2,2,3,2,2,2,2,2,3,2,2,3,3,3,3,2,3,2,3,2,2,2,2,3,3,3,2,2,2,2,3,2,3,4.0,3,,2,2,3,3,2,3,2,3,2,3,3,3,3,3,3,2,2,3,2,2,3,2,3,2,2,2,2,2,3,3,2,3,2,3,3,3,,3,2,2,3,3,3.0,2,2,3,3,2,2,3,3,2,2,,3,2,3,,3,3,2,3,3,2,2,2,1,2,3,,3,2,3,3,2,2,2,,3,,,2,3,3,2,2,2,3,4.0,2,3,3,3,3,2.0,2,,3,2,3,,2,3,3,,,4.0,,3,,3,3,3,3,2,2,3,2,4.0,3,2,3,,2,3,2,2,3,,,2,2,3,3,2,2,2,,3,2,3,,3,2.0,,3,3,,2,3.0,3,2,3,3,,0.0,2,,2,3,3,3,4.0,2,3,3,,,,3,2,2,2,4.0,3,3,3,2,3,,3,3,3,2,3,3,3,,3,2,3,3,3,2,3,3,3,2,,2,3,3,3,,4.0,3,2,2,3,,2,3,3,3,,3,4.0,3,,3.0,,,,3,3,4.0,3,3,4.0,,3,,,,1,2,3,4.0,,4.0,3,2,3.0,3,3,,,3,,3,4.0,3,,,3,3,3,3,3.0,3,3,3,4.0,3,3,2,2,3,2,3,3.0,2,3,3,2,3.0,1,,3,3,,4.0,3,,2,3,,,3,3,,3,4.0,,,,2,2,,,4.0,2,,3,3,3,,3,4.0,3.0,3,3,2,2,,2,3,,,,4.0,2,3,3,,3,3.0,3.0,3,,3.0,,,3,0,,2,,,3,,3,3,4.0,4.0,3,4.0,,2,,,3,2,,,,3,,,4.0,,3,3,3,0,3,,3,2,3,2,,,2,2,3,,3,3,4.0,3,3,3,3,,3,3,3,1,3,3,3,2,3,,4.0,,,3.0,,,3.0,,3,,3,2,3,3,2,3,3,3,3,,,,4.0,,2,3,,,3,,,3,3,,,3,,3,,4.0,3,3,3,,3,3,,4.0,3,,,2,3,,,,,,3.0,,,3,3,,,,89,3,1.109379235565194,-0.7259829590528871
3,2,2,2,2,2,2,2,3,3,2,2,2,2,2,2,2,2,2,2,2,2,3,2,2,2,2,2,2,1,1,2,2,2,2,2,2,3,2,2,2,2,2,4.0,2,2,2,2,2,3,2,2,3,2,2,2,3,3,2,3,3,2,2,2,2,2,2,3,2,2,2,2,3,3,2,3,2,2,2,2,2,2,2,2,2,3,2,2,2,2,2,2,2,2,2,2,2,1,3,2,2,2,3,3,3,2,2,2,2,3,3,3,3,1,1,2,2,2,2,1,3,1,3,2,2,2,2,2,2,1,2,2,2,2,3,2,2,2,3,3,3,3,2,2,2,2,3,2,3,3,3,2,1,2,2,2,3,3,2,2,2,2,1,2,3,0,1,1,2,1,1,2,2,2,2,3,2,3,3,3,2,2,3,1,2,3,2,2,2,3,2,2,3,3,2,2,2,3,1,2,2,2,3,2,2,3,2,2,1,2,2,1,1,3,2,2,3,2,2,3,2,2,2,2,3,3,2,3,2,2,3,2,2,2,2,3,2,3,2,3,3,3,3,2,3,1,3,3,3,2,3,2,2,2,2,2,2,2,2,3,3,2,3,2,3,3,3,3,3,2,2,2,3,3,3,2,3,3,2,3,1,2,2,2,3,2,2,2,2,3,1,2,2,3,2,2,2,3,3,3,1,2,3,2,3,3,2,3,2,3,3,3,3,3,2,3,3,3,2,3,3,3,3,2,3,3,2,3,3,1,3,2,3,2,3,2,2,2,2,2,2,3,2,3,3,3,3,3,3,3,3,2,3,2,3,2,2,2,3,3,3,2,2,1,0,2,2,2,3,3,3,2,3,2,0,2,3,2,3,3,3,3,3,3,3,3,3,3,3,2,3,3,3,2,3,3,3,3,4.0,2,3,2,3,3,2,2,3,3,2,2,2,2,2,2,4.0,,4.0,2,3,2,2,3,2,2,2,2,0,2,3,3,2,2,2,0,0,3,3.0,2,2,3,2,2,2,2,2,3,3,3,3,,2,3,3,2,3,2,,3,2,2,2,3,2,,2,3,3,2,2,3,3,2,3,2,2,,3,3,2,4.0,2,3,2,2,3,2,1,4,3,2,2,3,2,2,2,2,3,3,3,3,3,3,3,3,2,3,1,3,3,2,3,3,3,2,2,2,3,3,2,2,2,3,4.0,3,,3,2,3,3,2,3,1,3,2,3,3,3,2,3,3,3,3,3,2,2,2,2,2,2,3,2,3,2,3,3,3,2,3,3,3,2,,2,3,2,3,3,3.0,2,3,3,3,2,3,3,3,2,3,,3,3,3,,4,3,3,3,2,2,2,3,3,2,3,,3,3,3,3,3,3,3,0.0,3,,,1,3,3,3,2,2,3,4.0,2,3,4,2,3,,3,,3,3,3,,3,3,4,,3.0,4.0,,3,,3,2,3,3,3,2,3,3,4.0,3,3,3,,2,3,2,2,3,,,2,2,3,2,3,3,3,,3,3,3,3.0,3,4.0,,3,3,,3,4.0,3,3,2,3,,0.0,3,,3,3,2,3,4.0,3,3,3,,,,3,2,3,3,4.0,3,3,3,2,3,4.0,3,3,3,3,3,3,3,,2,2,3,3,3,3,3,2,3,3,,3,3,3,4,,4.0,3,2,2,3,,3,2,2,3,,3,4.0,3,,3.0,,,,3,3,4.0,3,3,4.0,,3,,,,3,3,4,4.0,,4.0,3,3,,3,2,,,3,4.0,3,,4,,,3,3,3,3,,3,3,3,4.0,3,0,3,3,3,3,2,4.0,3,2,3,3,4.0,2,,2,3,,4.0,3,,2,3,,,3,3,,3,4.0,,,,3,4,,,3.0,3,,2,4,3,,3,4.0,,3,3,2,2,,2,2,,,,3.0,3,3,3,,4,3.0,,3,,3.0,,3.0,3,3,,3,,,3,,3,3,4.0,,3,3.0,,2,3.0,,3,2,,,,2,,,4.0,,3,3,3,3,2,,4,4,3,2,,,3,3,3,,3,3,4.0,3,2,3,3,2.0,3,3,3,2,3,4,3,2,3,,4.0,,,4.0,,,4.0,,3,,3,3,4,3,3,3,3,2,4,,,,,,3,3,,,4,,,3,2,,,3,,2,,3.0,0,3,2,,3,3,,4.0,3,,,3,3,,,,,,4.0,,,3,3,,,,90,3,1.1107465135356853,-0.669644648424824
3,3,2,2,2,1,2,2,2,3,2,2,2,2,2,2,2,2,2,2,2,2,3,2,2,3,3,2,2,2,2,2,3,3,3,2,2,3,2,3,3,2,2,3.0,2,3,2,3,3,3,3,3,3,2,3,2,3,3,2,3,3,2,1,2,2,2,3,3,2,2,2,2,3,3,2,3,3,3,3,2,2,2,2,1,2,3,1,2,2,2,2,3,3,2,2,3,2,0,0,2,2,2,2,3,3,2,2,2,2,3,3,3,3,2,2,2,2,2,2,3,3,1,3,3,3,2,3,3,2,2,3,2,2,2,3,3,3,2,3,3,3,2,2,2,2,2,3,2,3,3,3,2,2,2,2,2,3,3,2,2,2,2,3,2,3,2,2,2,2,2,2,3,2,2,2,3,0,2,3,2,2,3,2,1,2,2,2,2,2,2,2,2,3,3,3,3,3,3,2,2,2,2,3,2,3,3,2,3,3,2,2,2,2,3,2,2,3,3,2,2,3,2,2,2,3,3,2,3,3,2,2,2,2,2,2,3,2,3,2,3,3,3,2,2,3,2,3,3,3,2,3,3,2,2,2,2,2,3,2,2,3,2,3,2,2,3,2,3,3,2,3,2,3,3,3,2,3,3,2,3,2,2,2,2,1,2,3,3,2,3,2,2,2,3,3,2,2,3,3,3,2,2,2,2,3,3,2,3,2,3,2,3,2,3,3,3,3,3,2,3,2,3,3,2,0,3,2,3,3,2,3,3,3,2,3,3,3,3,2,3,2,3,2,3,3,3,3,3,3,3,3,2,3,2,3,2,2,2,3,3,3,2,2,3,3,2,2,2,2,3,3,2,2,2,3,2,3,2,3,3,3,3,3,4,3,3,3,3,3,3,3,3,3,2,3,2,3,3,4.0,3,3,2,3,3,2,2,3,3,2,3,3,2,3,2,,,4.0,2,3,2,2,3,3,2,2,3,2,2,3,3,2,2,3,0,1,3,4.0,3,2,3,1,2,3,3,3,2,3,3,3,,2,3,3,2,3,3,,2,0,2,2,3,3,,2,3,2,2,3,2,3,3,3,2,2,3.0,3,3,2,4.0,2,3,3,3,2,3,2,3,3,2,2,3,2,2,1,2,3,3,2,0,3,3,3,3,2,3,2,4,2,2,2,3,3,2,3,2,3,3,2,3,2,3,4.0,3,,2,2,3,3,2,3,2,3,1,3,3,0,3,3,3,3,3,2,2,2,3,2,3,2,3,3,2,3,3,3,3,3,3,3,3,3,,2,3,3,3,3,4.0,2,3,3,3,2,3,3,3,2,3,,3,3,3,,2,3,2,3,3,3,2,3,3,2,3,4.0,3,3,3,3,3,2,2,,3,,,3,3,3,3,2,2,3,4.0,3,3,4,3,3,,3,3.0,3,3,3,,3,4,4,,,4.0,,3,,3,3,3,3,3,2,3,3,4.0,3,2,3,3.0,3,3,3,3,3,,,2,2,3,3,3,1,3,,4,3,3,,3,4.0,,3,3,,2,4.0,3,3,3,3,,,2,,3,3,3,3,4.0,3,3,3,,,3.0,3,3,3,2,3.0,3,3,3,2,3,2.0,3,3,3,3,3,3,3,,3,2,3,3,3,3,2,3,4,3,,3,3,4,4,,4.0,3,2,3,0,,3,3,3,3,3.0,2,4.0,3,,4.0,,,,3,3,4.0,3,2,3.0,,3,,,,3,3,4,4.0,,4.0,3,3,,4,3,4.0,,3,,3,,4,,,3,3,3,4,,3,3,3,3.0,3,3,3,3,3,2,2,4.0,3,3,3,2,4.0,2,,2,3,,4.0,3,,2,3,,,3,3,,3,4.0,,,,2,3,,,4.0,3,,3,3,3,,3,4.0,,3,3,2,3,,2,3,,,,4.0,3,3,3,,4,4.0,,3,,4.0,,,3,3,,3,,,3,,3,3,4.0,,0,,,3,,,3,3,,,,3,,,4.0,,3,3,3,3,3,,3,2,3,3,,,3,3,3,,3,3,4.0,3,3,3,3,,3,3,3,2,3,4,3,3,3,,4.0,,,,,,4.0,,3,,3,3,3,3,3,3,3,3,3,,,,,,2,3,,,3,,4.0,3,3,,,3,,3,,3.0,4,3,3,,3,4,,4.0,3,4.0,,3,3,,,,,,4.0,,3.0,3,3,,,,91,3,1.0981186307812913,-0.6846126533158998
3,2,2,3,2,2,3,2,2,3,2,3,2,2,3,2,2,2,2,2,2,2,3,2,2,2,3,2,2,2,2,2,3,2,3,2,1,3,3,2,3,2,1,4.0,2,2,2,2,2,3,3,2,3,3,3,2,3,2,2,2,3,3,2,2,2,2,2,3,2,2,2,2,3,2,2,2,3,2,2,2,2,2,1,1,2,3,1,2,3,2,2,2,2,2,3,3,2,3,3,2,2,3,3,3,3,2,1,1,3,3,3,3,2,2,2,2,2,2,3,3,3,1,3,2,2,2,3,2,2,2,2,2,2,2,2,3,3,2,3,2,2,2,2,2,3,2,3,2,3,3,3,2,2,2,2,3,3,3,2,3,1,2,2,2,2,0,2,3,2,2,2,3,2,2,2,3,3,3,3,2,2,3,3,2,2,3,2,2,2,2,2,2,3,3,3,3,3,2,3,2,3,2,3,2,3,3,2,3,3,2,2,2,1,3,2,2,3,2,2,3,3,2,2,2,3,2,2,3,2,2,2,3,3,2,2,3,2,3,3,3,3,3,2,2,3,2,3,3,1,2,3,2,2,2,2,2,2,3,2,0,3,2,3,2,2,3,3,3,0,2,3,2,3,3,3,3,3,3,2,2,2,2,1,2,3,2,3,2,2,3,2,3,2,2,3,2,2,2,2,3,2,2,3,2,3,3,2,3,2,2,2,2,2,2,2,3,2,3,2,2,3,3,3,3,3,3,2,2,3,2,2,3,3,2,3,3,3,2,2,2,1,3,2,2,3,2,3,3,3,2,3,2,3,2,3,2,2,2,3,3,3,2,2,2,1,2,1,2,2,3,3,2,0,1,3,2,3,2,3,3,3,3,3,4,3,3,3,3,3,3,2,3,3,2,3,2,3,3,4.0,3,2,2,3,3,2,2,3,3,3,2,2,2,3,3,,4.0,4.0,2,3,2,2,2,2,3,2,2,2,2,3,2,2,2,3,2,2,3,4.0,3,2,3,3,2,3,3,3,2,3,3,2,,2,3,3,2,2,3,,3,2,2,3,3,2,4.0,2,3,2,2,2,3,2,2,3,2,2,0.0,3,3,2,4.0,2,2,2,3,2,3,2,3,3,2,2,3,2,2,1,2,2,2,2,3,3,3,3,3,2,4,2,3,2,2,3,3,3,2,3,3,3,3,2,2,3,2,4.0,3,,3,2,3,3,3,3,2,3,2,3,0,2,2,3,3,2,2,3,2,2,3,2,3,2,2,2,2,2,3,3,3,3,3,4,3,2,,3,2,3,3,3,3.0,2,3,3,3,2,2,3,3,2,3,,3,3,3,,3,3,2,3,2,2,2,2,3,2,2,,3,3,3,3,3,2,3,,3,,,3,3,0,3,3,1,3,4.0,2,3,3,3,3,,3,,3,3,3,,3,3,4,,,4.0,,3,,3,3,3,3,2,2,3,3,4.0,3,3,2,,3,3,2,3,4,,,3,2,3,3,2,2,3,,3,2,3,,3,4.0,3.0,3,3,,2,4.0,3,3,3,2,,,2,,2,3,3,3,4.0,3,3,3,,,,3,3,3,2,4.0,3,3,3,2,3,,3,3,3,3,3,3,3,,3,2,3,3,3,2,3,3,3,2,3.0,3,3,3,4,,4.0,3,2,2,4,,3,3,3,3,,2,4.0,3,,4.0,,,,3,3,3.0,3,3,4.0,,3,,,,3,2,4,4.0,,4.0,3,3,,3,3,,,3,4.0,3,,3,,,3,4,3,3,,3,3,3,4.0,4,3,3,3,2,2,3,3.0,3,3,3,2,3.0,2,2.0,3,3,3.0,4.0,3,,2,3,,4.0,3,3,,3,4.0,,,,3,4,,,4.0,3,,3,3,3,,3,4.0,,3,3,0,3,,2,3,,,,,3,3,3,,4,3.0,,3,,3.0,,,3,3,,3,,,3,,3,3,4.0,,3,3.0,,3,,,3,3,,4.0,,3,,,4.0,,3,3,3,3,3,,3,3,3,3,,,3,3,3,,3,3,4.0,3,3,3,3,,3,3,3,2,3,3,3,3,3,,4.0,,,0.0,,,4.0,,3,,3,3,3,3,3,2,3,3,3,,,0.0,,,2,3,,,3,,,3,3,3.0,,3,,3,,4.0,3,3,3,,3,3,,3.0,3,,,3,4,4.0,,,4.0,,4.0,,,3,4,,,,92,3,1.0983649444081103,-0.6258754025906611
3,3,3,3,3,3,3,3,2,3,3,3,2,2,3,2,3,2,3,2,3,2,3,1,2,2,2,2,2,0,2,2,2,2,2,2,2,2,1,2,2,2,3,3.0,2,3,2,3,2,3,0,2,3,3,3,3,3,3,2,3,3,3,1,2,2,3,3,3,3,3,3,3,4,3,2,3,3,2,3,3,2,3,2,2,2,3,2,2,3,3,3,3,3,2,3,3,2,3,3,2,3,3,4,3,3,3,3,2,3,3,3,3,3,1,2,2,2,3,3,3,3,1,4,3,3,3,3,3,2,2,3,2,3,2,3,2,3,3,3,3,3,2,2,3,3,3,3,3,3,3,3,2,2,2,3,3,3,3,2,3,2,2,3,3,2,2,2,3,2,2,2,2,2,2,3,3,3,3,3,3,2,3,3,2,3,3,3,3,3,3,3,3,4,3,3,3,3,3,3,3,3,3,4,2,3,3,3,3,3,3,3,3,2,3,3,3,3,3,3,3,3,3,3,3,3,3,3,3,3,2,3,3,3,2,3,3,3,3,3,3,3,3,3,3,3,2,3,3,3,2,3,2,3,3,2,2,2,3,3,3,3,2,3,2,3,3,3,3,3,2,3,3,3,3,3,3,3,3,3,3,2,3,2,2,3,3,3,3,3,3,3,3,3,3,3,2,3,3,3,3,3,2,3,2,3,3,2,3,3,3,3,3,3,3,3,4,2,3,3,3,3,3,3,3,3,3,3,3,3,2,3,3,3,2,0,3,3,3,2,2,2,3,3,3,4,3,3,3,4,3,3,3,3,3,4,2,3,3,3,3,3,2,2,3,3,2,2,2,3,3,3,3,3,3,3,3,3,3,3,3,3,3,4,0,3,3,3,3,3,3,3,3,3,2,3,3,4,3,4.0,3,3,3,4,3,2,2,3,3,3,2,3,3,3,3,,,4.0,2,3,2,2,2,3,2,2,3,2,2,3,2,3,3,4,3,2,3,4.0,3,0,3,3,1,3,2,3,3,3,2,2,,3,3,1,2,3,2,,3,3,3,3,3,3,,3,3,2,3,3,3,3,1,0,2,2,,3,3,2,4.0,2,3,2,2,3,3,3,2,3,3,3,3,3,3,2,3,3,3,2,3,3,3,3,3,3,3,2,4,3,3,3,3,4,3,3,3,4,4,3,3,3,3,4.0,3,,3,3,2,4,3,3,2,3,2,4,3,3,3,3,3,3,3,3,3,3,2,2,3,3,3,3,3,3,3,3,3,3,3,3,3,3,,3,3,3,3,3,4.0,3,3,3,3,3,3,4,4,3,3,4.0,1,3,3,,4,3,3,4,2,3,2,3,2,3,3,,3,3,3,3,3,3,3,,3,,,3,3,3,3,3,3,4,,3,4,3,4,4,,3,,3,3,4,,3,4,4,,,4.0,,4,,4,3,4,3,3,3,3,3,4.0,4,3,0,,3,3,3,3,4,,,2,3,3,3,3,2,3,,4,3,3,,3,4.0,,4,3,,3,4.0,4,3,3,3,,,3,,3,4,3,4,4.0,3,3,3,,,,4,4,3,3,4.0,3,4,4,3,4,,3,4,3,3,3,3,3,,3,3,3,3,3,3,3,3,3,3,,3,4,3,4,,,3,3,3,4,,3,3,3,2,,3,4.0,3,,3.0,,,,3,3,3.0,3,3,4.0,,4,,4.0,,3,3,4,4.0,4.0,4.0,4,3,,3,3,,,3,,4,,4,,,4,4,3,4,,3,3,3,3.0,4,4,3,3,3,3,3,4.0,3,3,4,3,4.0,2,,3,3,,4.0,3,4.0,3,4,,4.0,3,3,,4,4.0,4.0,4.0,,3,4,,4.0,3.0,3,,3,4,4,,4,,,3,4,2,3,,3,3,,,,,4,4,4,,4,4.0,,4,,4.0,,,3,3,,3,,,3,,4,4,,4.0,4,,4.0,3,,,3,3,,,,3,,,,,4,3,4,3,3,,4,4,3,3,0.0,,3,3,3,,4,3,4.0,4,3,3,4,,3,4,4,3,3,4,4,3,3,4.0,4.0,,,,,,4.0,,4,,4,0,3,4,3,3,4,3,3,,,,,,3,3,,,4,,4.0,3,2,,,3,,3,,4.0,4,3,3,,3,4,,4.0,3,,0.0,4,4,,,,,,4.0,,,4,4,,,,93,3,1.1102646868947712,-0.6554880392901484
3,2,2,2,2,2,2,2,3,3,2,3,2,2,2,1,2,2,2,2,2,2,3,2,3,3,3,2,2,2,2,2,3,3,3,2,2,3,3,3,3,2,2,4.0,2,2,1,3,3,3,3,2,3,3,2,3,2,3,2,3,3,2,1,2,2,2,3,3,2,2,2,3,3,3,2,3,3,2,2,2,2,2,1,2,2,3,2,2,3,2,3,3,2,2,3,3,2,3,3,2,2,3,3,2,2,2,2,2,3,3,3,3,3,2,2,2,2,2,3,3,3,1,3,2,2,2,3,2,2,2,2,2,1,2,2,3,3,2,3,2,2,2,2,2,2,2,3,2,2,2,2,2,0,2,2,2,2,2,2,2,1,2,2,2,2,2,1,2,2,2,2,3,2,2,2,3,3,3,3,2,0,2,3,2,2,3,2,2,2,2,2,2,3,3,2,3,3,3,3,2,2,2,3,2,3,3,3,3,2,2,2,2,2,3,2,2,2,2,2,2,3,2,2,2,2,3,2,3,2,3,2,2,2,2,2,3,2,3,3,3,3,3,2,2,3,2,3,3,3,1,2,2,2,2,2,2,1,3,2,3,3,2,2,2,3,3,3,3,2,2,2,2,2,2,2,2,3,2,2,2,2,2,2,2,2,2,3,3,2,3,2,3,2,3,2,1,2,3,3,3,2,2,3,2,3,3,2,3,2,3,2,3,2,3,2,3,2,3,2,3,2,2,2,3,3,2,2,2,3,2,3,2,3,2,2,2,3,2,2,3,1,3,2,3,3,2,3,2,3,3,3,2,2,2,3,2,2,2,3,3,3,2,2,2,3,1,2,2,2,3,3,2,2,1,3,2,2,1,3,2,2,2,3,3,3,2,3,3,2,2,2,3,3,2,2,2,3,2,0.0,3,3,2,3,3,2,2,3,3,3,3,2,2,3,3,4.0,,4.0,2,3,1,2,2,2,2,2,2,2,2,2,1,2,2,3,2,1,3,4.0,3,2,3,2,2,3,3,3,2,0,2,2,,2,3,3,2,2,3,,3,2,2,2,2,2,,2,3,3,2,2,3,3,2,3,2,2,,3,3,2,4.0,2,2,2,2,3,3,2,3,3,2,2,2,2,1,2,2,3,2,2,3,3,3,3,3,3,4,2,3,2,2,3,3,3,2,3,2,3,3,2,3,2,2,3.0,2,,3,2,3,3,3,3,2,3,2,3,3,3,3,3,3,3,2,3,2,2,3,2,3,0,3,2,3,2,2,0,3,3,3,4,3,3,,2,2,3,3,3,3.0,2,3,3,3,2,3,3,3,2,2,,2,3,3,,3,3,3,3,3,2,3,2,2,2,3,,3,3,3,3,3,2,3,,3,,,2,3,3,3,2,2,3,3.0,2,3,3,3,3,4.0,2,,3,3,3,,3,2,4,,,4.0,,3,,3,3,3,3,2,2,3,3,3.0,3,2,3,,3,3,2,3,3,,2.0,3,3,3,3,3,2,3,,3,3,2,,3,3.0,,3,3,,2,4.0,3,3,3,3,,,3,,2,3,3,3,3.0,3,3,3,,,,3,3,3,3,3.0,3,3,3,2,3,,3,3,3,3,3,3,3,,3,1,3,3,3,2,3,3,3,3,,3,3,3,3,4.0,4.0,3,2,2,3,,3,3,3,3,,2,3.0,3,,3.0,,,,3,3,3.0,3,3,4.0,,3,,,,3,2,4,4.0,,4.0,3,3,,4,3,,,3,,3,,4,,,3,3,3,4,,3,3,4,4.0,4,3,3,3,3,2,2,3.0,3,3,3,2,3.0,2,,3,3,,4.0,3,,2,3,,,3,2,,3,4.0,,,0.0,3,3,,,4.0,3,,3,3,3,,3,4.0,,3,3,2,3,,2,3,,,,,3,3,3,,3,3.0,,3,,3.0,,,3,3,,3,,0.0,3,,3,3,4.0,,3,,,3,4.0,,3,3,,,,3,,,4.0,4.0,3,3,3,3,3,,3,4,3,3,,,3,3,3,,3,3,4.0,3,3,3,3,,3,3,3,2,2,3,0,3,3,,4.0,,,,,,4.0,,3,,3,2,3,3,3,3,3,3,3,,,,,,2,3,,,4,,,3,3,,,3,,3,,4.0,3,0,3,,3,4,,4.0,3,,,3,3,,,,,,4.0,,,3,3,,,,94,3,1.0921492577236862,-0.655027473184133
1,3,2,2,2,2,3,2,2,3,2,2,2,3,2,2,1,2,2,2,2,2,3,2,3,3,3,3,2,3,3,3,3,3,3,2,2,3,3,3,3,2,2,3.0,2,2,2,3,3,3,3,2,3,3,2,2,3,3,2,3,2,2,2,2,2,2,3,2,2,2,3,3,3,0,2,3,3,3,3,2,2,2,2,2,2,3,1,2,3,3,3,3,2,2,3,3,2,3,3,3,2,0,3,0,2,2,2,2,3,3,3,3,3,2,2,2,2,3,3,3,3,2,2,1,3,2,3,2,2,2,3,2,2,2,3,3,3,2,3,3,3,2,2,2,3,2,2,2,2,3,2,3,2,2,2,2,3,2,3,2,1,2,2,2,2,2,1,3,2,2,2,3,2,2,2,3,3,2,3,2,2,2,2,2,2,3,3,2,2,2,2,2,3,3,2,3,3,2,3,3,3,2,3,3,3,3,3,3,3,2,2,2,2,3,2,1,3,3,2,3,3,2,2,2,3,2,2,3,3,3,2,2,2,2,2,3,2,3,3,3,3,3,2,3,3,3,3,3,2,1,2,2,2,2,3,2,2,3,2,2,3,3,0,2,2,3,2,3,2,2,2,2,3,3,3,2,3,3,1,3,2,3,2,1,3,2,3,3,3,3,2,3,3,2,2,2,2,2,3,3,2,2,2,2,3,3,2,3,2,2,2,2,3,2,2,3,2,3,2,2,2,2,3,2,3,3,2,3,3,2,3,2,3,2,3,3,3,2,2,3,2,3,2,3,3,2,3,2,3,3,3,2,3,2,3,2,2,2,1,3,3,3,0,2,3,1,2,2,2,3,3,2,3,2,3,2,2,2,2,2,2,3,3,3,3,1,3,3,2,2,2,3,2,2,2,2,3,3,3.0,3,2,2,3,3,2,2,2,3,3,3,3,2,3,3,,,4.0,3,3,1,2,2,3,3,2,3,2,2,3,3,2,2,3,3,2,3,4.0,3,2,3,2,2,3,3,3,2,3,3,3,,2,3,2,2,3,3,,3,2,2,2,3,3,,3,3,2,2,3,3,3,3,3,2,2,0.0,3,3,3,4.0,2,3,3,3,3,2,2,3,3,2,2,3,2,2,2,2,3,3,2,2,3,3,3,3,2,2,2,4,2,1,3,3,3,2,3,3,3,3,2,3,2,3,4.0,3,,2,2,3,3,2,0,2,3,1,3,3,3,3,3,3,3,2,3,3,3,3,2,3,2,2,3,2,3,3,3,3,3,3,3,2,2,,3,2,3,3,3,3.0,3,2,3,3,3,2,3,3,2,2,,3,2,2,,3,3,3,3,3,0,2,3,3,3,3,,3,3,3,3,3,2,2,,3,,,2,3,4,3,2,3,3,4.0,3,3,4,3,3,,3,,3,3,3,,3,3,3,,,4.0,,3,,3,3,3,3,3,2,3,3,4.0,3,3,3,,3,3,3,3,3,,3.0,2,3,3,3,3,1,2,,3,2,2,,3,4.0,,3,3,4.0,2,4.0,3,3,3,3,,,2,,3,3,3,3,4.0,3,3,3,,,,3,3,2,3,4.0,3,3,0,3,3,,3,3,3,3,3,4,3,,3,3,4,3,3,3,3,3,4,3,4.0,3,3,3,3,,4.0,3,2,2,4,,3,3,3,3,,2,4.0,3,,4.0,,,,3,2,4.0,3,3,3.0,,3,,,,3,3,3,3.0,,4.0,3,2,,4,2,,,3,,3,,3,,,3,3,3,4,,3,3,3,4.0,4,3,3,3,3,3,3,3.0,3,3,4,2,4.0,2,,3,3,,4.0,3,,2,4,,,3,3,,3,4.0,,,,3,3,,,4.0,3,,3,3,3,,3,4.0,,3,3,2,3,,2,3,,,,4.0,3,3,3,,3,3.0,,3,,4.0,,,3,4,,3,,,3,,3,3,4.0,,3,,,3,,,3,3,,,,2,,,4.0,,0,3,3,3,3,,3,3,3,3,,,3,3,3,4.0,3,3,4.0,3,3,3,3,,3,3,3,2,3,3,3,3,3,,4.0,,,,,,4.0,,3,,3,2,3,2,3,3,3,3,3,,,,,,3,4,,,3,,,3,3,,,3,,3,,3.0,3,3,3,,3,4,,4.0,3,,,3,4,4.0,,,,,4.0,,,3,3,,,,95,3,1.0990608516660239,-0.669211353437984
2,3,2,2,2,1,2,3,3,3,3,2,2,2,2,3,2,2,2,2,2,2,3,2,3,3,3,3,2,2,2,3,3,3,3,2,2,3,3,3,3,2,2,4.0,2,2,2,2,3,3,3,3,3,3,2,2,3,2,2,2,3,2,2,2,2,2,2,2,3,2,3,3,3,3,2,3,3,3,3,2,3,2,2,2,2,3,1,2,2,2,3,3,2,2,3,2,2,0,3,3,2,3,2,2,2,2,2,2,3,3,3,3,3,2,2,2,2,2,3,3,3,2,3,2,3,2,3,2,2,1,3,2,2,2,3,2,0,2,2,2,2,2,2,2,3,2,2,2,3,3,2,3,2,2,2,3,2,2,2,2,1,3,2,2,3,2,1,3,2,2,2,2,2,2,2,3,2,2,3,3,2,1,3,2,2,3,2,2,2,2,2,2,3,2,2,2,3,3,3,3,3,2,3,3,3,3,3,3,2,2,1,2,2,3,2,2,3,2,2,3,3,2,2,2,3,3,2,3,3,3,2,3,2,2,0,2,2,2,2,3,2,2,2,2,2,2,3,3,3,2,2,2,1,3,2,2,2,3,3,3,3,2,3,2,2,3,3,3,3,2,2,2,3,2,3,2,3,3,2,3,2,2,2,0,3,2,2,3,1,3,2,2,2,3,2,2,2,3,3,3,2,2,2,2,2,2,2,3,2,3,2,3,3,3,2,3,2,3,2,3,2,2,3,2,3,3,2,3,3,2,3,3,3,2,3,3,3,2,2,2,2,3,2,2,3,3,2,2,3,3,3,2,3,2,3,2,2,3,3,3,3,2,2,2,3,2,2,2,2,3,3,2,3,2,3,2,2,2,3,2,2,3,3,3,3,3,3,3,2,2,3,3,3,2,2,2,3,3,3.0,3,2,2,3,3,2,2,3,3,2,3,3,1,2,2,4.0,,4.0,2,3,2,2,3,2,3,2,3,2,2,3,3,2,2,3,3,2,3,4.0,3,2,3,2,2,3,3,3,2,3,3,3,,2,3,3,2,3,2,,2,2,3,2,3,3,,2,3,2,2,2,3,3,3,3,2,2,,3,3,3,4.0,2,2,3,3,2,2,2,3,3,2,2,3,2,2,2,2,3,3,2,3,3,3,3,3,2,3,2,4,3,3,3,3,3,3,3,3,3,3,2,3,2,3,4.0,3,,3,2,3,3,2,3,3,3,1,3,3,3,3,3,3,3,2,3,3,3,3,2,3,2,2,3,2,2,3,3,3,3,2,3,2,3,,2,3,3,3,3,4.0,3,3,3,3,2,2,3,3,2,3,,3,3,2,,4,3,3,3,3,3,3,3,3,3,3,,3,3,3,3,3,2,3,,3,,,3,3,3,3,1,3,3,4.0,2,4,4,3,3,4.0,3,,2,3,0,,3,3,3,,,4.0,,3,,3,3,3,3,3,3,3,3,4.0,3,3,3,,3,3,2,3,3,,,3,2,3,2,3,2,3,,3,3,3,,3,4.0,,3,3,,2,4.0,3,3,3,3,,,2,,3,3,3,3,3.0,3,3,3,,4.0,,3,3,3,3,4.0,3,3,4,3,3,4.0,3,3,3,3,4,4,3,,3,2,3,3,3,3,3,3,4,3,,2,3,3,3,,4.0,3,2,2,4,,3,3,3,3,,2,4.0,3,,4.0,,,,3,3,4.0,3,3,3.0,,3,,,,3,3,3,3.0,,4.0,3,3,,4,3,,,3,,3,,4,,,3,3,3,3,,3,3,3,0.0,3,3,2,3,3,3,3,4.0,3,3,4,0,3.0,2,,3,3,,4.0,3,,1,4,,,3,3,,3,4.0,,,,0,4,,,3.0,3,,3,3,3,,3,4.0,,3,3,2,3,,2,3,,,,,3,4,3,,4,4.0,,3,,4.0,,,3,3,,2,,,3,,3,3,4.0,,3,,,3,,,3,3,,,,3,,,4.0,,3,3,3,3,3,,3,3,3,3,,,3,3,3,,3,2,4.0,3,3,2,2,,3,3,0,2,3,3,3,3,3,0.0,4.0,3.0,,,,,4.0,,3,,3,2,3,3,3,3,4,3,3,,,,,,2,3,,,3,,,3,2,,,3,,3,,4.0,3,3,3,,3,3,,4.0,3,,,3,3,,,,,,4.0,,,3,3,4.0,,,96,3,1.1111111111111116,-0.6880717513801466
3,3,3,3,2,3,3,3,3,3,2,3,3,2,2,2,0,2,2,2,2,2,3,2,3,3,3,2,2,2,2,2,2,3,3,2,3,3,3,2,3,2,2,4.0,2,2,2,2,3,3,3,3,3,3,3,3,3,3,2,3,1,2,1,2,2,3,3,3,2,1,3,3,3,2,2,3,3,3,2,3,2,2,2,2,2,2,2,2,2,2,3,3,3,1,3,2,2,3,3,2,2,3,3,2,3,2,2,2,3,3,3,3,3,2,2,2,2,3,3,3,3,2,0,3,3,2,3,3,2,2,3,2,2,2,3,2,3,2,3,2,3,2,1,2,3,3,3,2,3,3,2,2,2,2,2,3,1,2,2,2,2,3,3,2,2,1,2,2,0,2,2,2,2,2,2,3,3,3,3,2,2,2,3,2,2,3,3,2,2,2,2,2,3,3,3,3,2,3,2,3,3,3,3,2,3,3,2,3,3,1,2,2,2,3,3,2,2,3,3,3,3,1,2,2,3,3,2,3,3,3,3,2,2,2,3,3,2,2,3,3,3,3,3,3,3,2,3,4,3,2,3,3,2,2,2,2,2,3,2,3,3,3,3,1,3,3,3,4,3,2,3,2,3,2,0,2,3,3,3,3,2,2,2,2,3,2,3,3,3,3,2,2,1,3,3,2,2,3,3,3,2,2,3,2,1,3,2,3,2,3,3,2,3,3,2,3,3,3,3,3,2,2,3,3,3,3,3,3,3,2,3,3,3,2,3,3,2,2,2,3,2,3,2,3,3,3,2,3,3,3,3,3,3,2,3,2,2,2,3,3,3,2,2,2,3,2,2,2,2,3,3,2,3,3,3,2,2,2,3,2,3,2,3,3,3,3,3,3,3,2,0,3,3,2,3,2,3,2,3.0,3,3,3,3,3,2,2,3,3,3,2,3,2,3,3,4.0,,4.0,2,2,2,2,3,3,3,1,3,2,2,3,3,3,3,4,3,1,3,4.0,3,2,3,3,2,3,2,3,3,3,3,2,,2,4,3,3,3,2,,3,2,2,3,3,3,,2,3,3,0,2,3,3,3,3,2,2,,3,3,2,4.0,2,3,3,2,3,2,2,4,3,3,2,3,3,2,2,2,3,3,3,3,4,3,3,4,3,3,3,4,2,2,3,3,4,3,3,2,4,4,2,3,3,3,4.0,3,,3,2,3,3,3,3,2,3,2,3,3,3,3,4,3,3,3,3,2,2,3,2,3,3,2,2,3,3,3,3,3,3,3,4,3,3,,3,3,2,4,3,4.0,3,3,4,3,3,3,4,3,3,3,,3,3,3,,4,3,3,3,3,2,3,3,3,3,3,,3,3,3,3,3,3,3,,3,,,3,3,3,3,3,3,3,4.0,3,3,4,3,0,,3,,3,3,3,,3,3,4,,,4.0,,3,4.0,4,3,4,3,3,3,3,3,3.0,3,2,3,3.0,3,3,3,3,2,,,3,3,3,3,3,3,3,,4,3,3,,4,4.0,,3,3,,3,4.0,3,3,3,3,,,3,3.0,3,3,3,3,4.0,3,3,3,,,,3,3,3,3,4.0,3,4,3,3,3,,3,4,3,3,3,4,3,3.0,3,3,3,3,3,3,3,3,3,3,,3,3,3,3,3.0,,3,2,2,3,,3,3,3,3,,3,4.0,3,,4.0,,,,3,3,4.0,3,3,4.0,,3,,,,3,3,3,3.0,,4.0,3,2,,3,3,4.0,,3,3.0,4,,4,,,3,3,3,3,,3,3,4,4.0,3,3,3,3,3,2,2,3.0,3,3,3,3,4.0,2,,3,3,,4.0,3,,2,3,,,3,3,,3,4.0,,,,3,3,,,3.0,3,,3,4,3,4.0,3,4.0,,3,3,2,3,,2,3,,,,,4,3,3,,3,4.0,3.0,3,,4.0,,,3,3,,3,,,0,,3,3,4.0,,3,,,3,,,3,2,,,,3,,,4.0,,3,3,3,3,3,,3,4,3,3,,,3,3,3,,3,3,4.0,3,3,3,3,,3,3,3,2,3,3,3,3,3,,4.0,,,,,,4.0,,3,,3,3,4,3,3,3,4,3,4,3.0,,,,0.0,3,3,,,4,,,3,2,,0.0,3,,3,,4.0,4,3,3,,3,4,,4.0,3,,,3,4,,,,,,4.0,,,3,4,,,,97,3,1.1057969199949924,-0.6935607553791825
3,2,2,2,2,2,2,3,3,3,2,3,2,2,2,3,2,2,2,2,2,2,3,2,3,2,3,2,2,3,2,3,3,3,3,3,2,3,3,3,3,2,2,4.0,2,3,2,3,3,3,3,2,3,3,2,1,2,1,2,2,3,2,2,2,1,2,2,3,2,2,3,3,3,3,2,3,3,3,2,3,1,2,1,2,2,3,2,2,3,2,2,2,2,1,3,2,2,3,3,2,3,3,3,2,2,2,2,1,2,3,3,3,3,2,2,2,2,3,3,3,3,2,3,3,2,3,3,2,2,2,2,2,2,2,3,2,3,2,2,3,3,2,2,2,3,2,2,2,3,3,3,2,2,2,3,2,3,3,2,3,1,2,2,2,2,2,2,3,2,2,2,2,2,2,2,3,3,3,3,2,2,2,3,2,2,3,3,0,2,2,2,2,3,2,2,2,3,2,3,3,3,2,3,3,3,3,3,3,2,2,2,2,2,3,2,2,2,3,2,3,3,2,2,2,2,2,2,3,2,2,2,3,2,2,2,3,2,3,3,3,3,3,3,2,3,2,3,3,2,2,3,3,2,2,2,2,2,3,2,3,3,2,3,3,3,3,3,3,2,2,3,2,2,3,3,3,3,3,3,2,2,2,2,2,3,2,2,2,3,3,2,3,2,3,3,2,2,3,3,3,2,3,2,2,2,2,2,3,3,1,2,2,2,3,2,3,2,3,2,3,3,3,3,3,3,2,2,2,3,1,3,3,3,2,3,3,3,2,2,3,2,3,3,3,3,3,3,3,4,3,3,3,3,3,3,2,2,2,3,3,3,2,2,3,3,2,1,2,2,3,3,2,2,3,3,2,2,2,3,2,3,3,3,3,3,2,3,3,3,2,3,3,3,2,3,0,3,3,3.0,3,2,2,3,3,2,2,3,3,3,3,2,2,2,3,,,3.0,2,2,2,2,3,3,3,2,3,2,2,3,3,2,3,3,3,2,3,4.0,3,2,3,2,2,3,3,3,2,3,3,2,,2,3,3,2,2,2,0.0,3,2,2,2,3,3,0.0,2,1,2,2,2,3,0,3,3,2,2,,3,3,2,4.0,2,2,2,3,2,3,2,4,3,2,2,3,2,2,1,2,3,3,3,3,3,3,3,3,3,3,2,3,2,2,3,3,3,2,3,2,3,3,2,2,2,3,4.0,3,,3,2,3,2,3,3,2,3,2,3,3,3,3,3,3,3,2,3,2,2,3,2,3,3,0,2,3,2,3,3,3,3,3,4,3,3,,3,2,3,3,3,4.0,2,3,3,3,3,3,3,3,0,3,,3,3,3,,3,3,3,3,3,3,3,2,3,3,3,,3,2,3,3,3,2,3,,3,,,3,3,3,3,3,3,3,4.0,2,3,3,3,3,,3,,3,3,3,,2,3,4,,,4.0,,3,,3,3,3,2,3,3,3,3,4.0,3,3,3,,3,3,3,3,4,,4.0,3,2,2,3,2,3,2,,3,2,3,,3,4.0,,1,2,,3,4.0,3,2,3,3,,,2,,3,3,3,3,4.0,2,3,3,,2.0,,3,3,3,3,4.0,3,3,3,3,3,,3,3,3,3,3,4,3,,3,3,3,3,3,2,3,3,3,3,,2,3,3,3,,4.0,3,2,2,3,4.0,3,3,3,3,,3,4.0,3,,4.0,,,,3,3,4.0,3,3,4.0,,3,,,,3,3,3,3.0,,4.0,3,3,,4,2,,,3,,3,,4,,,3,3,3,3,,3,3,3,4.0,3,3,0,3,3,2,3,4.0,2,3,3,3,4.0,2,,3,3,,4.0,3,,2,4,,,3,3,,3,4.0,,,,3,3,,3.0,3.0,3,,3,3,3,,3,4.0,,3,3,2,3,4.0,2,3,,,,0.0,3,3,3,,3,4.0,,3,,4.0,,,3,4,,2,,,3,,3,3,4.0,,3,,,3,,,3,2,,,,3,4.0,,4.0,,3,3,3,3,3,,3,4,3,0,,,3,3,3,,3,3,4.0,3,3,3,3,3.0,3,3,3,2,3,1,4,3,3,,3.0,,,,,,4.0,,3,,2,2,4,3,3,3,3,3,3,,,,,,2,4,,,4,,,3,2,,,3,,3,,4.0,3,3,3,,3,3,3.0,3.0,3,,,3,3,,,,4.0,3.0,4.0,,,3,3,,4.0,,98,3,1.1061802341410294,-0.6705875718044956
2,2,2,2,2,2,2,2,2,3,2,2,2,1,2,2,2,2,2,2,1,1,2,2,2,2,3,2,2,2,2,1,2,2,2,2,2,2,2,2,2,2,2,,2,2,2,2,2,2,0,2,2,2,2,2,2,2,2,2,2,2,1,2,1,2,2,2,2,2,2,3,2,3,2,2,2,2,2,2,2,2,1,2,2,2,1,1,2,2,2,2,2,2,1,2,1,3,2,2,2,3,3,1,2,1,1,1,2,3,3,3,3,2,1,1,2,2,2,2,2,1,2,2,2,2,3,2,1,1,2,2,2,1,2,2,2,2,2,2,2,2,2,2,2,2,2,2,2,2,2,2,2,2,2,1,2,2,2,1,1,2,2,2,2,1,2,2,2,1,2,2,2,2,2,3,2,2,3,2,2,2,2,1,2,3,2,2,2,2,2,2,3,3,3,3,2,2,2,2,2,2,1,2,1,2,2,1,2,2,2,2,2,2,2,2,2,2,2,2,2,2,2,2,3,2,2,2,2,2,2,2,2,2,2,2,2,2,2,3,2,3,2,2,2,2,3,3,3,1,2,2,2,2,2,2,2,2,2,2,2,2,2,2,2,3,3,3,3,2,2,2,2,3,2,2,3,2,2,2,1,2,2,1,2,2,2,2,2,2,2,2,2,3,2,2,2,3,2,2,2,2,2,1,2,2,2,0,2,2,2,2,2,3,2,3,2,3,2,3,2,2,2,2,3,2,0,2,3,2,3,3,3,1,3,3,1,2,2,2,2,3,1,2,3,2,2,2,3,2,0,2,2,2,3,2,2,2,3,3,2,2,2,2,2,2,2,0,2,0,2,2,2,2,3,2,2,0,2,2,2,2,3,3,3,2,3,2,2,1,2,3,2,2,2,2,3,2,3.0,2,2,2,2,2,2,2,3,3,2,2,2,2,2,2,,,3.0,2,2,2,1,2,2,2,1,2,2,1,2,2,2,2,3,2,1,3,3.0,2,2,3,2,2,2,2,2,2,3,3,2,,2,3,3,2,2,2,2.0,2,2,2,2,3,2,,2,3,2,2,2,3,2,2,3,1,2,,3,3,2,3.0,2,2,2,2,2,2,1,3,3,2,2,3,2,2,2,2,3,3,2,3,3,3,3,3,2,3,2,3,2,2,3,2,3,2,3,2,3,3,2,2,2,2,,3,,3,2,2,3,3,3,2,3,1,3,3,2,2,3,3,2,2,3,2,2,2,1,2,2,2,2,0,2,3,3,3,3,2,3,2,2,,2,2,2,3,3,2.0,2,3,3,3,2,3,3,2,2,2,3.0,3,2,2,,3,3,2,3,2,2,2,2,3,1,2,,3,2,3,3,3,2,2,,3,,,2,3,3,2,2,2,3,2.0,2,3,3,3,3,,2,,2,2,3,,2,3,3,,,,,3,,3,3,3,3,2,2,1,2,3.0,3,2,3,,2,3,2,2,3,,,2,2,2,3,2,2,2,,3,2,3,,3,3.0,,3,2,,2,3.0,3,2,2,3,,,2,,2,3,2,3,3.0,3,3,3,,2.0,,3,3,2,2,,3,3,3,2,3,,3,3,3,3,3,3,3,,2,2,3,2,3,2,2,2,3,2,,3,3,3,3,3.0,,3,2,2,3,,3,2,2,3,,2,3.0,3,,,,,,3,2,3.0,2,3,3.0,,2,,,,2,3,3,3.0,,3.0,3,2,,3,3,,,3,,3,,3,,,3,3,3,3,,3,3,3,,3,3,2,3,3,2,2,3.0,3,2,3,2,3.0,0,,2,3,3.0,,3,,2,3,,,3,3,,3,,,,2.0,2,3,,,3.0,3,,2,3,3,,2,3.0,,2,2,2,3,,2,2,,,,,3,3,3,,3,3.0,,3,,3.0,,,2,3,,3,,,2,,2,3,3.0,,3,,,2,,,3,2,,,,2,,3.0,3.0,3.0,3,2,2,2,2,,3,3,3,2,,,2,2,3,,3,3,,3,3,3,3,,3,3,3,1,3,3,3,2,3,,3.0,,,,,,3.0,,3,,3,2,3,3,3,2,2,3,3,,,,2.0,,2,3,,,3,,,2,2,3.0,,2,,3,,3.0,3,2,3,,0,3,,3.0,3,,,3,3,,,,,,,,,3,3,,,,99,3,1.087539432176656,-0.6524851044487594
2,3,3,3,2,2,2,3,3,3,3,1,2,2,2,3,2,2,3,2,2,2,3,3,3,3,4,3,3,3,3,3,3,3,3,3,3,4,3,3,3,2,3,3.0,2,3,3,3,3,3,3,3,3,2,2,3,3,3,3,3,2,2,2,3,2,1,3,3,3,3,3,2,3,3,3,4,4,3,3,3,3,2,2,1,2,3,2,2,3,3,3,3,3,3,1,3,3,3,3,3,3,3,3,2,2,2,2,2,3,3,4,4,3,3,3,3,3,3,3,4,3,2,3,3,3,3,3,3,2,2,3,3,3,2,3,3,3,3,3,3,3,2,2,3,3,2,3,3,3,3,2,3,3,3,3,3,2,1,2,3,2,3,3,3,3,3,1,3,3,2,3,3,2,3,3,4,2,2,0,2,2,2,2,3,3,4,3,3,3,3,3,2,4,3,3,3,3,3,3,2,2,3,4,3,3,3,3,3,3,2,2,2,2,3,2,3,3,3,3,3,3,3,3,3,3,3,3,3,3,3,3,2,2,2,2,3,3,3,3,0,3,3,3,2,3,3,3,3,3,2,2,3,3,3,3,3,3,2,3,3,4,3,3,3,3,3,3,3,3,3,3,3,3,3,3,3,3,3,3,3,2,3,2,2,3,2,3,3,3,3,2,3,3,3,3,1,2,3,3,3,2,2,3,3,3,3,3,3,2,3,3,3,3,3,3,4,3,3,3,3,0,2,3,3,3,3,3,3,4,3,4,3,3,2,4,4,3,3,3,3,3,3,2,3,3,3,3,3,3,3,2,2,2,3,4,3,3,3,3,3,3,3,2,3,3,2,2,3,2,4,4,3,3,2,3,3,2,2,2,2,2,2,3,3,2,2,3,2,2,2,1,2,2,2,2,2,2,2,3.0,3,3,2,3,3,3,2,3,3,3,3,3,3,3,2,4.0,,4.0,3,3,3,2,2,3,3,2,3,3,3,3,3,0,3,3,3,2,3,4.0,3,3,4,2,2,4,3,3,3,3,3,3,,2,3,3,3,3,3,,3,3,2,3,4,3,,3,3,3,3,3,4,4,3,4,2,3,,4,4,3,4.0,3,3,3,2,3,3,2,3,3,0,3,3,3,3,3,2,3,3,2,3,3,3,3,3,3,4,2,4,3,3,3,3,4,3,4,3,3,3,2,3,3,3,4.0,3,,3,3,3,1,3,3,3,3,2,4,3,3,3,4,3,3,3,3,3,3,3,3,3,3,3,3,3,3,4,4,2,3,3,3,3,3,,3,3,3,3,3,4.0,3,2,3,3,3,3,3,3,3,3,,3,3,3,,4,3,3,3,3,3,3,3,4,3,3,,3,3,4,3,2,3,3,,4,,,3,3,3,3,3,3,4,,3,3,4,4,4,,3,,3,3,4,,3,3,3,,4.0,4.0,,4,,3,3,3,4,3,3,3,2,3.0,4,3,0,,3,4,3,3,3,,,3,3,3,3,3,3,3,,3,3,3,,3,4.0,,4,3,,3,4.0,4,3,3,3,,,3,,3,4,3,4,3.0,3,3,3,,,,3,3,3,3,,4,4,0,3,3,,3,4,3,3,4,4,4,,4,3,3,3,3,3,3,2,4,3,,3,0,4,3,,4.0,4,3,3,3,,3,2,4,3,,3,4.0,3,,,4.0,,,3,3,4.0,3,4,4.0,,3,,,,2,3,4,4.0,,4.0,4,3,,4,3,,,3,,4,,4,,,4,3,4,4,,3,4,3,4.0,4,3,3,3,4,3,3,4.0,4,4,4,3,4.0,2,,3,3,,,3,,3,4,,,3,3,,3,4.0,,,,2,3,,4.0,4.0,3,,4,4,4,,3,4.0,,3,4,2,3,,3,4,,,,,4,4,4,,3,4.0,,3,,2.0,,,3,4,,3,,,4,,3,4,4.0,,4,,,3,,,4,3,,,,3,,,4.0,,4,3,3,3,3,3.0,4,4,3,3,,,3,3,4,4.0,2,3,,4,4,3,3,,4,0,3,2,4,4,4,3,4,,4.0,,,,,,4.0,,3,,3,3,4,4,4,3,2,3,3,,,,,,3,4,,,4,,,3,3,,,3,,4,,4.0,4,3,4,4.0,4,4,,,4,,,3,4,,,,,,0.0,,,3,4,,,,100,3,1.104521868050408,-0.5793200858124716
2,2,3,3,3,2,2,3,3,3,2,3,3,2,2,3,2,1,2,2,2,2,3,2,3,3,3,3,2,3,2,3,3,3,3,3,3,3,3,3,3,2,2,3.0,1,3,3,3,3,3,2,3,3,3,3,3,3,3,2,3,3,3,2,2,2,2,3,3,3,2,3,3,3,2,0,3,3,2,3,3,3,2,2,2,2,2,1,1,3,3,3,3,3,2,3,3,2,3,3,3,3,3,3,3,3,2,2,2,3,3,3,4,4,3,2,2,2,3,3,3,3,2,3,3,3,3,3,3,2,2,3,2,2,2,3,0,1,3,3,3,3,2,2,3,3,2,3,2,3,3,3,3,2,2,2,2,3,3,3,3,2,3,2,2,3,2,2,3,2,2,2,3,3,2,3,3,3,2,3,3,2,3,3,2,2,3,3,2,2,2,2,3,3,3,3,3,3,3,3,3,3,3,4,3,3,3,3,3,3,3,2,2,2,3,2,1,3,2,2,3,2,2,2,2,3,2,2,2,3,3,3,3,3,2,2,3,3,3,3,3,3,3,3,3,3,3,3,3,2,2,3,2,2,2,2,2,2,3,3,3,3,3,3,3,3,3,3,4,3,2,3,3,3,3,3,3,3,3,3,3,2,3,2,2,3,3,3,3,3,3,1,3,3,3,3,2,3,2,3,3,3,3,3,3,3,3,2,3,1,2,2,2,2,2,2,3,2,2,3,3,3,3,2,3,3,3,3,3,3,3,3,2,3,2,3,3,3,3,3,3,2,2,3,3,3,3,3,3,4,3,3,3,3,3,4,3,3,3,3,3,3,3,3,2,3,3,1,3,3,3,3,2,2,3,3,3,3,2,3,3,3,3,3,4,3,3,3,3,3,3,3,3,3,2,3,3,3,3,4.0,3,2,2,3,3,2,2,3,3,3,3,3,3,2,3,,,4.0,3,3,2,3,3,3,3,2,3,2,2,3,3,2,3,3,3,2,3,3.0,2,2,4,3,2,3,3,3,3,3,3,3,,3,4,3,2,3,3,3.0,3,3,2,3,3,3,,2,3,3,3,3,3,3,3,3,2,2,,4,4,3,4.0,3,3,3,3,2,3,2,4,3,3,3,3,3,2,2,2,3,3,2,2,3,3,3,3,2,3,2,4,3,3,3,3,3,3,4,3,3,3,2,3,3,3,4.0,3,,2,2,3,3,3,4,2,3,2,4,3,3,3,3,3,2,3,3,3,3,3,2,3,3,2,3,3,3,2,3,3,3,3,4,3,3,,3,0,3,3,3,4.0,3,3,4,3,2,3,3,4,3,3,4.0,3,3,3,,2,3,3,3,3,2,3,3,3,3,3,,3,3,3,3,3,2,3,,3,,,3,3,3,3,3,3,3,4.0,3,3,4,4,4,,3,,3,3,3,,3,4,4,,,4.0,,4,,4,3,4,3,3,3,0,3,4.0,4,3,3,,3,3,0,3,4,,,3,3,3,3,3,3,3,,4,3,3,,3,4.0,,3,3,4.0,3,4.0,3,3,3,3,,,2,,3,2,3,3,4.0,3,0,3,4.0,,,3,2,3,3,4.0,3,4,4,3,3,3.0,3,4,3,3,4,4,3,,3,3,3,3,3,3,4,3,0,3,,3,3,4,4,,4.0,3,2,3,4,,3,3,3,3,,2,4.0,3,,4.0,,,,1,3,4.0,3,3,4.0,,3,,,,3,3,3,4.0,4.0,4.0,3,3,,4,3,,,3,,3,,4,,,4,4,3,4,,4,3,4,4.0,4,3,3,3,3,2,3,4.0,3,3,4,3,4.0,2,,0,4,,,3,,3,4,,,3,3,,3,4.0,0.0,4.0,4.0,3,4,,,4.0,3,,3,4,3,3.0,3,3.0,,3,2,2,4,,3,3,,,,,3,4,4,,4,4.0,,3,,4.0,,,3,4,,3,,,3,3.0,3,3,4.0,,4,,,2,,,4,3,,,4.0,3,,,4.0,,3,3,3,3,3,,3,3,3,3,,,3,3,3,,3,3,,3,4,3,3,,4,4,3,2,4,3,4,2,4,,4.0,,,,,,4.0,,3,,3,2,3,3,3,3,3,3,4,,,,,,2,4,,,3,,,3,3,,,3,,4,,4.0,3,3,4,0.0,4,4,,4.0,3,,,3,4,,,,,,4.0,,,4,4,,,,101,3,1.107928131674834,-0.62368486985626
3,2,2,3,2,3,3,3,2,3,2,2,2,2,3,2,3,1,2,2,2,2,3,2,3,3,3,2,2,2,2,3,3,3,3,2,3,3,3,3,2,2,2,3.0,2,2,2,3,3,3,3,2,3,3,3,2,3,3,2,3,3,3,1,2,3,3,2,3,2,2,3,3,3,3,2,3,3,3,2,2,2,2,2,2,2,2,2,2,2,3,2,3,3,3,3,3,2,3,3,3,3,3,3,3,3,2,2,2,3,3,3,3,3,2,2,2,2,2,3,3,3,1,3,3,3,3,3,2,2,2,2,2,2,3,3,3,3,2,3,3,3,2,2,2,3,2,2,0,3,3,3,2,2,2,2,2,3,3,2,3,1,2,3,2,2,2,2,3,2,2,2,3,2,2,3,3,3,3,3,2,2,2,3,2,2,3,2,2,2,2,2,2,3,3,3,3,3,3,3,3,3,2,3,2,3,3,2,3,3,2,2,2,2,3,3,2,3,3,2,0,3,2,2,2,2,3,2,3,2,3,2,3,2,2,2,3,2,3,3,3,3,3,2,3,3,2,3,3,3,2,3,3,2,2,2,2,2,3,2,3,3,3,2,2,3,3,3,3,3,2,3,3,3,3,3,3,3,3,2,3,2,2,2,2,3,2,3,3,3,3,2,3,3,3,2,2,2,3,3,3,2,2,3,2,3,3,2,3,2,2,2,3,2,3,1,3,2,3,3,3,3,3,3,3,3,3,2,3,3,1,4,3,3,2,3,3,3,3,2,3,2,3,1,3,3,2,3,3,3,3,3,2,3,3,4,2,2,2,3,3,3,2,2,2,3,2,2,2,3,3,3,2,3,3,3,2,2,2,3,3,3,3,3,3,3,3,3,3,3,3,3,3,3,2,3,3,3,3,4.0,3,3,2,3,3,2,2,2,3,3,3,2,3,3,3,,,4.0,3,2,2,3,3,2,2,2,3,2,2,3,3,2,3,3,2,2,2,4.0,3,3,3,3,2,3,3,3,3,3,3,3,,2,3,3,2,3,3,,3,2,2,3,3,3,,3,3,3,2,2,3,3,3,3,2,2,,3,2,2,4.0,2,3,3,2,3,3,3,3,3,3,3,3,2,2,2,2,3,3,2,3,3,3,3,3,0,3,2,4,3,2,3,3,3,3,2,3,4,4,2,3,2,3,4.0,3,,3,3,3,4,2,3,3,3,1,4,3,3,3,3,3,3,2,3,3,3,3,2,3,2,2,3,3,2,3,3,3,3,3,3,3,3,,3,3,3,3,3,4.0,3,3,3,3,3,3,4,3,2,3,,3,3,2,,4,3,3,3,3,3,3,3,3,3,3,,3,3,3,3,3,3,3,,3,,,3,3,3,3,3,2,3,3.0,2,3,4,4,4,,3,,3,3,3,,3,4,4,,,4.0,,3,,3,3,3,3,3,3,3,3,4.0,4,3,3,,3,3,3,3,4,,,3,3,3,3,3,3,3,,4,3,3,4.0,3,4.0,,0,3,,2,4.0,3,3,3,3,,,3,,3,3,3,3,4.0,3,3,3,,,,3,3,3,3,4.0,3,3,3,3,3,,3,3,3,3,3,3,3,,3,0,3,3,3,2,4,3,4,3,,3,3,3,4,4.0,,3,2,2,4,,0,3,3,3,,3,4.0,3,,4.0,,,,3,3,4.0,3,3,4.0,,3,,,,3,3,3,3.0,,4.0,4,3,,4,3,,,3,,3,,3,,,4,4,3,0,,3,3,3,4.0,4,3,3,3,2,3,3,4.0,3,3,4,2,4.0,2,,3,3,,,3,,3,3,,,3,3,,3,4.0,,,,3,4,,3.0,4.0,3,,3,4,3,,3,4.0,,3,3,2,3,,2,3,,,,,3,4,4,,3,4.0,,3,3.0,4.0,,,3,3,,3,,,3,,3,3,4.0,,3,,,3,,,4,3,,,0.0,3,,,4.0,,3,3,3,3,3,,3,4,3,3,,,3,3,3,,3,3,,3,3,3,3,,3,3,3,3,3,3,4,3,4,,4.0,,3.0,4.0,,,4.0,,3,,0,3,4,3,3,3,4,3,3,,,,,,3,0,,,3,,,3,3,,,3,,3,,4.0,3,3,3,,3,3,,4.0,3,,,3,4,,,,,,4.0,,,3,4,,,,102,3,1.1029768749201487,-0.6481119910486878
3,3,2,2,2,2,2,2,3,3,2,0,3,2,3,2,2,2,3,2,2,2,3,2,2,3,3,3,3,3,3,3,3,3,3,3,3,3,3,3,3,3,2,3.0,2,2,2,3,2,3,3,3,3,3,2,2,2,1,1,2,3,3,2,2,1,2,2,3,3,3,3,3,3,3,2,3,2,3,3,3,2,0,2,2,2,3,2,2,2,2,3,2,2,2,3,3,1,3,3,3,3,3,3,2,3,2,2,2,3,3,3,3,3,2,2,2,2,3,3,3,3,2,4,3,3,3,2,3,2,2,3,2,2,2,3,3,2,1,2,2,1,2,2,3,3,2,3,3,3,3,3,3,3,2,2,2,3,3,2,2,2,3,2,3,2,2,2,3,3,2,2,3,3,2,2,0,3,3,3,3,3,3,3,2,3,3,3,3,2,3,3,3,3,2,2,2,3,3,3,3,3,3,4,3,3,3,3,3,2,1,2,1,2,2,3,1,2,3,3,3,3,3,2,2,3,3,3,3,3,3,3,3,3,2,2,2,2,2,2,3,0,2,2,2,2,2,3,3,3,2,3,3,1,3,2,2,2,3,3,2,3,3,3,2,3,3,2,3,3,2,3,2,2,0,2,3,3,4,3,3,2,2,2,2,3,2,2,3,2,4,3,3,3,3,3,3,3,3,3,3,2,2,2,2,2,2,2,3,3,3,3,3,3,3,3,4,3,3,2,3,3,3,2,3,1,3,3,3,3,2,3,3,3,2,3,3,3,3,2,2,2,3,3,3,4,3,3,3,4,3,3,3,3,3,4,2,3,3,3,3,3,3,2,2,3,2,2,2,3,3,3,2,3,3,3,2,3,3,3,3,3,4,4,4,3,3,4,3,3,2,3,4,3,3,3,3,4,3,4.0,3,2,3,3,4,2,2,3,3,2,2,3,2,2,3,,,4.0,2,3,2,2,2,3,2,2,3,3,3,2,2,2,3,3,3,2,3,4.0,3,2,3,2,3,2,2,2,3,3,2,1,,2,3,3,3,3,0,2.0,3,3,3,2,2,3,,1,3,2,3,3,3,3,3,4,3,3,,3,3,3,,3,2,3,3,2,1,2,3,3,3,2,3,3,3,2,3,3,3,2,3,3,3,3,3,3,3,2,4,3,3,3,2,3,3,3,3,3,3,1,3,2,3,4.0,3,,1,3,3,3,3,3,3,2,2,3,3,3,3,3,4,3,2,3,3,3,3,2,3,3,2,3,3,2,3,3,3,2,3,3,3,2,4.0,3,3,3,3,3,4.0,3,3,3,2,3,3,4,4,3,3,,3,3,3,4.0,4,3,3,3,3,3,3,3,2,3,3,,3,3,3,2,3,2,3,,0,,,1,3,3,3,2,2,4,,2,4,3,4,3,,3,,3,3,3,,3,4,4,,,,,3,,3,3,3,3,3,3,3,2,4.0,3,3,3,,3,3,2,3,4,,,2,3,3,3,2,3,3,,3,3,3,,3,3.0,,3,3,,3,4.0,3,2,3,3,,,3,,3,3,3,3,4.0,2,2,2,,,,3,4,2,3,4.0,3,4,4,3,3,,3,3,4,2,4,4,3,,3,3,3,3,3,3,3,3,3,3,,2,3,4,4,,4.0,4,3,3,3,,3,3,3,2,,3,4.0,3,,3.0,,,,3,2,4.0,3,3,3.0,,3,,,,3,3,4,4.0,,4.0,4,3,,3,3,,0.0,3,,4,,4,,,4,4,3,3,4.0,3,3,3,4.0,3,3,2,3,3,2,3,4.0,2,3,4,3,3.0,2,,3,3,,4.0,3,,3,4,,,2,3,,4,4.0,,,,3,4,,4.0,4.0,2,,2,4,3,,4,,,3,3,2,3,,2,3,,,,,3,3,3,,4,4.0,,3,,4.0,,,3,4,,2,,,3,,3,3,4.0,,3,,,3,,,3,3,,,,3,,,,,3,3,4,3,3,,4,4,3,3,,,3,3,3,,3,3,4.0,0,3,3,3,,3,3,3,2,3,4,4,3,3,,4.0,,,,,,4.0,,4,,2,3,3,4,3,0,4,1,3,,,,,,2,4,,,3,,,3,3,,,3,,3,,4.0,4,3,3,,3,3,,4.0,3,,,3,3,,,,,,4.0,,,4,3,,,,103,3,1.1130141267658462,-0.6392595154492552
2,3,2,2,2,1,2,2,2,3,2,2,2,1,3,2,2,2,2,2,2,2,3,2,2,2,3,2,2,2,2,2,3,3,3,2,2,3,3,2,2,2,2,3.0,2,2,2,2,2,3,3,2,3,2,2,2,2,2,0,2,3,2,2,1,2,2,2,2,2,2,2,3,3,3,2,3,3,2,2,2,2,2,2,0,1,3,1,2,2,2,2,3,3,2,2,3,2,3,3,3,3,2,3,2,3,2,2,2,2,3,3,3,3,2,2,2,2,2,2,3,3,2,3,3,2,2,2,2,2,2,3,1,2,2,3,2,2,2,0,2,2,2,2,2,3,2,2,2,3,3,3,3,2,2,2,2,2,3,2,2,1,3,2,2,2,2,1,3,2,2,2,2,2,2,2,2,3,2,2,2,2,3,3,2,2,3,2,2,2,2,2,2,3,2,2,2,3,2,2,3,3,2,3,2,3,2,3,2,2,2,1,1,2,3,2,2,3,3,2,3,3,2,2,2,3,3,2,3,3,3,2,3,3,2,2,2,2,2,2,2,2,2,2,1,2,3,3,3,3,1,2,3,1,2,2,2,2,3,2,3,3,2,3,2,2,3,2,3,3,2,3,2,2,2,3,3,3,3,2,3,2,2,2,2,2,1,2,3,2,3,2,3,3,2,3,2,2,3,3,3,2,2,2,2,2,2,2,3,2,3,2,3,2,3,2,3,2,3,2,3,2,3,3,2,3,2,2,2,3,2,3,3,3,2,3,3,2,2,2,3,2,3,2,3,3,3,2,3,3,2,3,2,3,2,3,2,2,2,3,3,3,2,2,2,3,2,2,2,2,3,3,2,2,2,2,2,3,2,3,2,3,3,3,3,3,3,3,3,3,2,3,3,3,2,3,2,3,3,3.0,3,3,2,3,3,2,2,2,3,2,2,3,2,2,3,,,3.0,2,2,2,1,2,2,2,2,2,2,2,3,3,2,2,3,3,2,3,4.0,3,2,3,2,2,3,3,2,2,2,3,3,,2,3,2,2,3,2,,2,2,2,2,3,2,,2,3,2,2,3,3,3,3,3,2,2,,3,3,2,4.0,2,1,3,3,2,2,2,3,3,2,2,3,2,2,2,1,2,3,2,2,3,3,3,3,2,3,2,3,2,2,3,3,3,2,2,2,3,3,2,3,2,3,4.0,3,,2,2,3,3,2,3,2,2,1,3,3,2,3,3,3,3,2,3,3,3,3,2,3,3,2,2,2,2,3,3,2,3,2,3,3,2,,2,3,3,3,3,3.0,3,3,3,2,2,2,3,3,2,3,,3,0,2,,3,3,2,3,3,2,2,3,3,3,3,4.0,3,3,3,2,3,2,3,,3,,,2,3,3,3,2,2,2,3.0,2,3,3,3,3,,3,,3,2,2,,2,3,3,,,4.0,,3,,3,3,3,3,2,1,3,3,4.0,0,3,3,,3,3,2,3,3,,,2,2,2,0,3,2,2,,3,2,3,,3,4.0,,3,3,,2,4.0,2,2,3,3,,,2,,3,3,3,3,4.0,2,3,3,,4.0,,3,3,2,3,4.0,3,3,3,3,3,,3,3,3,0,3,3,3,,3,3,3,3,3,2,3,3,3,3,,2,3,3,3,4.0,4.0,3,1,2,3,,3,3,3,2,,2,4.0,3,,4.0,,,,3,1,4.0,3,3,4.0,,3,,,,3,3,3,3.0,,4.0,3,3,,3,3,,,3,,3,4.0,3,,,3,4,3,3,,3,2,3,4.0,3,3,1,3,3,2,3,4.0,2,3,4,2,3.0,2,,3,3,,4.0,2,,3,3,,,2,2,,3,4.0,,,,2,4,,,3.0,2,,3,3,3,,3,4.0,,2,3,1,3,3.0,2,3,,,,,3,3,3,,4,3.0,,3,,3.0,0.0,,3,3,,2,,,3,,3,3,4.0,,3,,,3,,,3,3,,,,3,,0.0,4.0,,3,3,3,3,3,,3,3,3,3,,,3,3,3,,2,2,4.0,3,3,3,3,,3,3,2,2,3,3,4,3,3,,4.0,,,,,,3.0,,3,4.0,2,2,3,3,3,3,3,3,3,,,,,,2,3,,,3,,,3,2,4.0,,3,,3,,4.0,3,3,3,,3,3,,4.0,3,,,2,3,,,,,,0.0,,,4,3,,,,104,3,1.11295139831659,-0.6822982497108032
3,3,3,3,3,3,3,3,3,3,3,3,3,3,2,3,3,2,3,3,3,3,3,3,3,3,4,3,3,3,3,3,3,4,4,3,3,3,4,3,3,2,3,4.0,3,3,3,3,3,0,3,2,3,3,3,3,3,3,3,3,3,3,2,3,3,2,3,3,2,3,3,3,4,3,3,3,3,3,3,3,3,3,1,2,2,3,1,2,3,3,3,3,3,2,2,2,2,4,3,3,3,3,4,2,3,3,2,2,3,4,4,4,3,3,2,3,3,3,3,3,3,2,2,2,3,3,4,2,2,2,0,3,3,3,3,3,3,3,3,3,3,3,2,3,3,3,3,2,3,2,3,3,2,2,3,2,3,2,3,3,2,3,3,2,3,2,2,2,3,3,3,3,2,2,3,4,3,3,3,2,2,2,3,3,2,4,3,3,3,2,3,2,4,4,3,3,2,2,3,2,3,2,3,2,2,1,2,3,3,3,3,3,3,3,2,2,3,3,3,2,3,3,3,3,3,3,3,3,2,3,3,2,3,3,3,4,3,3,3,4,4,4,3,3,4,3,4,4,3,3,3,3,3,3,3,3,3,2,3,3,3,3,3,3,3,3,3,4,3,3,3,3,3,4,3,3,3,1,2,3,2,3,3,2,2,3,3,3,3,3,2,3,3,4,3,2,2,3,3,3,3,3,3,3,3,3,3,3,3,3,3,3,3,3,3,4,3,3,2,4,3,3,4,3,3,3,3,3,4,3,4,3,4,3,3,4,3,3,3,3,2,3,1,3,3,2,3,3,2,3,2,2,2,2,3,3,3,3,3,3,3,3,3,3,3,3,3,3,2,4,3,3,3,3,4,3,2,1,3,3,2,3,3,3,3,3,2,3,3,3,3,2,3,2,3,2,3,3,3.0,3,2,3,4,3,3,3,3,3,3,3,3,3,3,3,,,3.0,3,3,3,3,3,3,3,3,3,2,3,3,3,3,3,4,3,3,3,4.0,3,3,4,3,3,3,3,3,3,3,3,3,,2,4,3,3,3,3,,3,2,3,3,4,2,,3,3,2,2,2,4,3,3,3,3,3,,4,4,3,4.0,3,3,2,2,3,3,2,3,4,3,3,3,3,3,2,2,3,4,2,3,4,4,4,4,3,4,3,4,3,3,3,3,4,3,4,3,4,4,3,3,3,3,4.0,3,,3,2,3,4,3,4,3,4,2,4,3,3,3,4,3,3,3,3,3,3,3,2,3,3,2,3,3,3,3,3,3,3,3,4,3,3,3.0,3,3,4,4,4,4.0,3,4,4,4,2,3,4,2,3,3,,4,3,3,,4,3,3,4,4,3,3,3,3,0,3,,4,3,3,4,3,3,3,,3,,,3,4,4,3,3,3,3,4.0,3,4,4,4,4,,2,,0,4,4,,0,4,4,,,4.0,,4,,4,4,4,4,3,3,3,3,4.0,4,3,3,,3,4,3,3,3,,,3,3,3,3,3,3,2,,4,3,4,,4,0.0,,1,3,,2,4.0,4,4,4,3,,,3,,3,3,3,4,4.0,4,4,4,,,3.0,4,3,3,3,3.0,3,4,4,3,4,,3,4,3,3,4,4,4,,0,3,3,3,4,3,4,3,4,3,,4,3,4,2,,,4,2,3,3,,3,3,4,3,,3,,4,,4.0,,,,3,2,4.0,3,4,4.0,0.0,4,,,,2,3,4,4.0,,4.0,3,4,,4,3,,,3,,4,,4,,,4,3,3,4,,4,4,4,4.0,4,4,2,3,3,3,3,4.0,4,4,4,3,4.0,2,,3,4,,,4,4.0,3,4,,,4,4,,4,4.0,,,3.0,3,3,4.0,3.0,4.0,4,,3,4,4,,0,4.0,,4,3,3,3,,3,4,,,,,4,4,4,,3,4.0,4.0,4,,4.0,,,3,4,,3,,,4,,4,4,,,4,,,3,,,3,3,,,,3,,,4.0,,4,3,2,2,3,,4,3,4,4,,,3,3,4,,4,3,4.0,4,3,4,4,,4,4,4,3,4,3,4,2,4,,4.0,,,,,4.0,4.0,,3,,4,3,4,4,4,3,3,4,4,,,,,,3,4,,,4,,,3,3,,,3,,4,,4.0,4,4,4,,3,4,0.0,4.0,4,,,4,4,,4.0,,,,,,,3,4,,,,105,3,1.114151066893573,-0.5485823503956914
2,2,2,2,2,1,2,2,3,3,2,2,3,2,2,2,3,1,2,2,2,1,3,2,2,2,3,2,2,2,2,2,3,3,3,2,2,2,3,2,2,2,2,3.0,2,3,2,2,2,3,2,1,3,3,2,2,2,2,2,2,3,3,2,2,2,2,2,2,2,2,3,3,3,2,2,3,2,2,2,2,2,1,2,2,1,2,1,2,2,2,2,2,2,2,2,2,1,1,2,2,2,2,2,2,3,2,2,2,2,3,3,3,2,2,1,2,2,2,2,2,2,2,3,3,2,2,3,2,2,2,2,2,1,2,3,2,2,2,2,2,3,2,2,2,2,2,2,2,3,3,3,2,2,2,2,2,3,3,1,2,1,2,2,2,2,2,2,3,2,2,2,1,2,2,2,3,3,2,3,3,2,3,3,2,2,2,3,2,2,2,2,2,2,3,2,2,3,2,2,3,2,2,3,3,2,2,2,3,2,2,2,2,2,3,2,2,3,2,2,2,3,2,2,2,2,2,2,3,2,2,2,3,2,2,0,2,2,2,2,3,1,2,2,2,2,2,3,3,3,2,3,2,2,2,2,2,1,3,2,2,3,2,2,2,2,3,3,3,3,2,3,2,2,3,3,3,3,3,2,2,2,2,2,2,2,1,2,2,3,3,2,3,3,3,2,2,2,3,3,3,2,2,2,2,2,2,2,2,2,2,1,3,2,2,2,3,2,0,2,2,2,3,3,1,3,2,2,2,3,2,3,3,3,1,3,3,2,2,2,2,2,3,1,3,3,2,2,3,3,2,3,2,3,2,3,2,2,2,3,3,3,1,2,2,3,2,2,2,3,3,2,2,3,2,3,2,3,2,3,2,3,3,3,3,3,3,3,3,3,3,3,3,3,2,3,3,3,3,3.0,2,2,2,3,3,2,2,2,3,1,2,3,2,2,2,4.0,,3.0,2,2,2,2,2,2,2,2,2,2,2,3,3,2,2,3,3,2,3,3.0,2,2,3,2,2,2,2,0,2,3,3,3,,2,3,3,2,3,2,,1,2,2,2,3,2,,2,3,2,0,3,0,2,2,3,2,2,,3,3,2,3.0,2,2,3,3,3,1,2,3,3,2,2,3,2,2,2,2,3,3,2,2,3,0,3,3,2,3,3,3,2,2,3,2,3,3,3,3,2,2,2,3,1,3,4.0,2,,2,2,2,2,3,1,2,2,0,3,3,3,3,3,3,3,3,3,3,3,3,2,2,2,2,2,2,2,3,3,3,3,2,4,3,2,,2,3,2,3,3,3.0,2,3,3,2,2,3,3,3,3,3,,3,0,2,,3,3,2,3,3,3,2,3,3,2,3,4.0,3,2,3,2,3,2,3,,3,,3.0,2,3,3,3,2,2,3,4.0,2,3,4,3,3,,3,,3,3,3,,3,3,3,,,4.0,,3,,3,3,3,2,3,3,3,3,4.0,3,3,3,,3,3,2,2,3,,,3,2,2,3,3,3,2,,3,2,3,3.0,3,4.0,,3,3,,2,3.0,3,2,2,3,,,2,,3,3,1,3,4.0,3,3,3,,,,3,3,3,2,3.0,3,3,3,3,3,,3,2,3,3,3,3,3,,3,2,3,2,2,3,3,3,4,2,,2,3,3,4,,3.0,3,3,3,3,,3,3,3,3,,2,4.0,3,,4.0,,,,3,3,4.0,3,3,4.0,,3,,,,3,3,3,3.0,,4.0,3,3,,3,3,,,3,,3,3.0,4,,,3,3,3,3,,3,3,3,4.0,3,3,2,3,2,2,3,4.0,3,3,4,2,4.0,2,,3,3,,4.0,3,,2,3,,,2,3,,3,4.0,,,,2,3,,,3.0,3,,2,3,3,,3,4.0,,3,3,3,3,,2,3,,,,3.0,3,3,3,,4,3.0,,3,,3.0,,,2,3,,3,,,3,,3,3,4.0,3.0,0,3.0,,3,,,3,2,,,,3,,,4.0,,3,3,3,3,3,,3,3,3,3,,,3,3,2,,3,3,4.0,3,2,3,3,,3,3,2,2,3,3,3,3,3,,4.0,,,3.0,,,3.0,,3,4.0,3,2,3,3,3,3,3,3,4,,,,3.0,,2,3,,,3,,,3,2,,,3,,2,4.0,4.0,3,3,0,,3,3,4.0,3.0,3,,,2,3,,,,,,4.0,3.0,,3,3,,,,106,3,1.1216314639475604,-0.6683023301323625
2,2,2,2,2,1,1,2,2,3,2,2,2,1,2,2,2,2,2,2,2,1,3,2,0,2,3,2,2,2,2,2,2,2,2,2,2,3,2,2,2,2,1,3.0,2,2,2,2,2,3,3,2,3,2,2,2,2,2,2,2,1,2,1,2,1,2,2,2,2,2,2,2,3,3,2,3,3,2,2,2,2,2,1,2,2,2,1,2,2,2,2,2,2,2,2,1,2,2,2,2,2,3,2,2,2,1,2,1,2,3,3,3,3,2,1,2,2,2,2,3,3,1,2,2,2,0,2,2,2,1,2,2,2,2,2,2,3,2,2,2,2,2,1,2,2,2,2,2,2,2,2,2,2,2,2,2,2,2,2,2,1,2,2,2,2,2,1,2,2,2,2,2,2,1,2,3,2,2,3,2,2,2,2,2,0,3,2,2,2,2,2,2,3,3,2,2,2,2,2,2,2,2,3,2,2,2,2,2,2,2,2,2,0,3,2,2,2,2,2,2,3,2,2,2,2,2,2,2,2,2,2,2,2,2,2,3,2,2,2,3,3,3,2,2,2,2,3,3,3,1,2,2,2,2,1,2,1,3,2,2,3,2,2,2,2,3,0,3,2,2,3,2,2,3,2,2,3,2,2,2,2,2,2,1,2,2,2,2,2,3,2,2,2,3,2,2,0,3,2,2,2,2,2,2,2,2,2,3,2,2,2,2,2,3,2,3,2,3,2,3,2,2,3,2,3,2,2,0,2,2,3,3,3,2,3,3,2,2,2,2,2,3,0,2,3,2,2,2,3,2,2,2,2,2,3,2,2,2,3,3,3,2,2,2,3,2,2,2,2,3,3,2,2,2,3,2,2,2,2,2,2,2,3,3,2,2,3,2,2,2,2,3,2,1,2,2,3,2,3.0,3,2,2,3,2,2,1,3,2,2,2,2,2,2,2,3.0,,3.0,2,2,2,1,2,2,2,2,2,2,2,3,2,2,2,3,2,1,3,,3,2,3,2,2,3,2,2,2,2,3,2,,2,3,3,2,2,2,,2,2,2,2,3,2,,2,3,2,2,1,3,3,2,3,1,2,,3,3,2,3.0,2,2,2,2,2,2,2,3,3,2,2,3,2,2,1,2,2,3,2,3,3,3,3,3,2,3,2,3,2,2,3,2,3,2,3,2,3,3,2,2,2,2,,3,,3,2,2,2,2,3,2,3,2,3,3,2,2,3,3,2,2,3,2,2,3,2,3,2,1,2,2,2,3,3,3,3,2,3,2,2,,2,2,3,3,3,0.0,2,2,3,2,2,2,3,3,2,2,,3,2,2,,3,3,3,3,2,2,2,2,3,2,2,,3,2,3,3,3,2,3,,3,,,2,3,1,2,2,2,3,,2,3,3,2,3,,3,,3,2,3,,2,3,3,,,3.0,,3,,3,3,3,2,2,2,3,2,3.0,3,2,3,3.0,2,3,2,3,3,,,2,2,3,3,2,2,2,,3,2,3,,3,,,3,3,,2,3.0,3,2,2,3,,,2,,2,3,2,3,3.0,3,3,3,,,,3,3,3,2,,3,3,3,2,3,,3,3,2,2,3,3,3,2.0,3,2,3,2,3,2,2,3,3,2,,3,3,3,3,,,3,2,2,3,,3,2,3,2,,2,3.0,3,3.0,,3.0,,,3,3,3.0,2,3,3.0,,2,,,,2,2,3,3.0,,,3,2,3.0,3,2,,,3,,3,,3,,,3,3,2,3,,3,3,1,,3,3,2,2,3,2,3,3.0,3,3,3,2,3.0,1,,3,3,,,3,,2,3,,,3,2,,3,,,,,2,3,,3.0,3.0,3,,3,3,3,,3,,,3,2,2,3,,2,3,,,,,3,3,3,,3,3.0,,3,,3.0,,,2,3,,2,,,3,,3,3,3.0,,3,3.0,,2,,,3,2,,,,3,,0.0,3.0,,3,3,2,3,3,,3,3,3,3,,,3,2,3,,3,3,,3,3,3,3,,3,3,3,2,3,3,3,3,3,,3.0,,,,,,2.0,3.0,3,,3,2,3,3,3,3,3,3,3,,,,,,2,3,,,3,,,3,2,,,3,,3,,,3,2,2,,3,3,3.0,,3,,,3,3,,,,,,,,,3,3,,,,107,3,1.0959893048128342,-0.6892798461460464
3,2,2,2,2,2,2,2,2,3,3,2,2,2,3,2,2,2,2,2,2,2,3,2,3,3,3,2,2,2,2,2,3,3,3,2,2,3,3,3,2,2,2,3.0,2,2,2,3,2,2,2,2,3,3,2,2,2,2,2,2,3,2,2,2,2,2,3,3,2,2,2,2,3,3,2,3,3,2,3,2,2,2,0,1,1,3,2,2,2,2,3,3,3,2,2,3,2,3,3,2,2,2,3,2,2,2,2,2,2,3,2,3,3,2,2,2,2,3,2,3,3,2,3,2,2,2,2,2,1,2,2,2,2,2,3,3,3,2,3,2,2,2,2,2,2,2,2,2,2,2,2,3,2,2,2,2,2,2,2,2,1,2,2,2,3,2,1,3,2,1,2,3,2,2,2,3,3,2,3,2,2,2,2,2,2,3,2,2,2,2,2,2,3,3,2,2,3,3,3,2,3,2,3,2,2,3,3,2,3,2,2,1,1,2,2,2,3,2,2,3,3,2,2,2,3,3,2,3,2,3,2,2,2,2,2,3,2,3,3,3,3,3,2,2,3,3,3,3,3,2,2,3,2,2,2,2,2,3,2,3,3,2,0,2,2,1,2,3,2,2,0,2,3,3,3,3,3,3,1,3,2,2,2,2,2,2,2,3,2,3,2,3,2,3,3,2,2,3,3,3,2,2,2,1,2,3,2,3,2,3,2,3,3,3,2,3,3,3,2,3,2,2,3,2,3,3,2,2,3,2,3,2,3,2,3,3,2,2,2,3,2,3,2,2,3,2,3,2,3,3,3,2,3,2,3,2,2,2,3,2,2,3,2,2,2,2,2,2,2,3,3,2,2,2,3,2,2,1,3,3,2,3,3,3,3,2,3,3,2,2,3,3,3,2,3,2,3,3,3.0,3,3,2,2,3,1,2,2,2,2,2,2,2,2,3,4.0,4.0,4.0,3,3,2,2,2,2,2,2,3,2,2,3,3,2,2,3,3,2,2,4.0,3,3,3,2,2,3,3,3,2,3,3,3,,2,3,2,2,2,3,,3,2,2,2,3,2,,2,3,2,2,2,3,3,3,3,2,2,,3,3,2,4.0,2,2,3,2,3,3,2,3,3,2,1,3,2,2,2,2,3,3,2,3,3,3,3,3,2,3,2,3,2,2,3,3,3,2,3,2,3,3,1,3,2,3,4.0,3,,0,2,3,3,2,3,2,3,1,3,3,3,3,3,2,3,2,3,3,2,3,2,3,2,2,2,2,2,3,3,2,3,2,3,2,2,,2,3,3,3,3,4.0,3,3,3,3,2,2,3,3,2,2,,3,3,2,,4,3,2,3,3,2,3,3,3,3,2,,3,3,3,3,3,2,3,,3,,,2,3,3,3,2,0,3,4.0,2,3,4,3,3,,2,,3,2,3,,3,3,4,2.0,,4.0,,3,,3,3,3,3,2,2,3,3,3.0,3,1,3,,3,3,2,3,3,,,2,2,2,3,3,2,2,3.0,3,3,3,3.0,3,4.0,,3,3,,2,4.0,3,3,3,3,,,3,,3,3,3,3,3.0,3,3,3,0.0,,,3,3,2,3,4.0,3,3,3,3,3,,3,3,3,3,3,3,3,,3,2,3,3,3,2,3,2,4,3,,3,3,3,3,0.0,4.0,3,1,2,3,,3,3,3,3,,3,4.0,3,,4.0,,,,0,3,4.0,3,3,3.0,,3,3.0,,,3,3,4,3.0,,4.0,3,3,,3,3,,,3,,3,,4,,4.0,3,3,3,3,4.0,3,3,3,4.0,3,3,3,3,3,3,3,3.0,3,2,3,2,3.0,2,,3,3,,4.0,3,,2,3,,4.0,3,3,,3,4.0,,,,3,3,3.0,,4.0,3,,3,3,3,,3,4.0,,3,3,1,3,,2,3,,,,,3,3,3,,3,4.0,4.0,3,,4.0,,,3,3,,3,4.0,,3,4.0,0,3,4.0,,3,,,3,,,4,2,,,,3,,,4.0,,3,3,3,3,3,4.0,3,3,3,3,,,3,3,3,,3,3,4.0,2,3,3,3,,3,3,3,2,3,3,3,3,0,,4.0,,,,4.0,,4.0,,3,,3,2,3,3,3,3,3,3,3,,,,,,2,3,,,3,,,3,3,,,3,,3,,4.0,3,3,3,,3,4,,4.0,3,,,3,3,,,,,,4.0,,,3,3,,,,108,3,1.122092241495227,-0.681118786304617
2,2,2,2,2,2,2,2,2,3,1,2,2,2,2,2,2,1,1,2,2,1,3,2,2,2,2,2,1,2,2,2,2,2,2,2,2,3,2,2,2,2,1,3.0,2,2,2,2,2,3,3,2,2,2,2,2,3,2,2,3,2,2,1,2,1,2,2,3,2,2,2,3,2,2,0,3,2,2,2,2,2,2,1,1,2,2,2,1,2,2,2,2,2,2,2,2,2,3,2,2,2,2,2,2,2,1,1,1,2,3,3,3,3,1,1,2,1,2,2,3,2,1,3,2,2,2,2,2,1,1,2,2,2,0,2,2,2,2,2,2,2,2,1,2,2,2,2,2,2,2,2,2,2,2,2,2,2,2,2,2,1,2,2,1,2,1,1,2,1,1,2,2,1,2,2,2,2,2,3,2,2,1,2,1,1,3,2,1,2,2,2,2,3,3,2,2,2,2,2,2,2,2,3,2,2,2,2,2,1,2,2,2,1,3,2,1,2,2,1,2,2,1,2,2,2,2,1,2,2,2,2,2,2,2,2,3,2,2,2,3,3,3,2,2,2,2,3,3,2,2,2,2,1,2,2,1,1,2,2,2,2,2,2,2,3,3,3,3,2,2,2,2,2,2,2,2,3,2,2,2,2,2,2,1,2,2,2,2,2,3,2,2,2,3,2,2,2,2,2,3,1,2,2,2,2,2,1,1,1,1,2,2,2,2,0,2,2,2,2,3,2,2,3,2,2,2,2,2,2,0,3,2,3,1,3,3,2,2,2,2,1,2,2,2,3,2,2,2,3,3,3,2,3,2,3,2,2,2,2,3,2,2,2,1,2,1,2,1,2,3,2,2,2,2,3,2,2,2,2,2,2,3,3,3,2,2,3,3,2,2,2,3,3,2,2,2,3,2,3.0,2,2,1,3,2,2,1,3,3,2,2,2,2,2,2,4.0,,3.0,2,2,1,1,2,2,2,1,2,2,2,3,2,2,2,3,2,0,3,3.0,2,2,3,2,2,2,2,2,2,3,3,2,,1,3,3,2,2,2,,2,2,1,2,3,2,,2,3,3,2,2,3,3,2,3,2,2,,3,3,1,4.0,2,2,2,2,2,2,2,3,3,2,2,2,2,2,2,1,2,2,2,3,3,3,3,3,2,3,2,3,2,2,3,2,3,2,3,2,3,3,2,2,2,3,4.0,2,,3,2,2,3,3,3,1,2,2,2,3,2,2,3,3,2,2,0,2,1,2,2,2,2,2,2,2,2,3,2,3,3,2,3,2,2,0.0,2,3,2,3,3,3.0,2,3,3,2,2,3,3,3,2,2,,3,2,2,,3,2,3,3,2,2,3,2,3,2,2,,3,2,3,3,2,2,3,,3,,,2,3,3,2,2,2,3,4.0,2,3,3,3,3,,3,,2,3,2,,2,3,3,,4.0,4.0,,3,,3,2,3,3,2,2,2,3,3.0,3,2,3,,2,0,2,2,3,,,2,2,3,2,2,2,2,,3,2,3,,3,4.0,,3,3,,2,3.0,3,2,2,3,,,2,,2,3,2,2,3.0,3,3,3,4.0,,,2,3,3,2,4.0,3,3,3,2,3,,2,3,3,3,3,3,3,3.0,2,2,3,2,3,2,2,2,3,2,,2,2,3,3,,4.0,3,2,2,3,,3,2,2,3,,2,4.0,2,,4.0,,,,2,3,4.0,2,3,3.0,,2,,,,3,2,3,3.0,,4.0,3,2,,3,2,,,2,,3,,3,,,3,3,3,3,,2,3,3,3.0,3,3,2,3,0,2,2,3.0,3,2,3,2,3.0,2,,3,3,,0.0,3,,2,3,,,3,3,,3,4.0,,,,2,3,,,3.0,3,,2,3,3,,3,4.0,,2,3,2,3,,2,2,,,,,3,3,3,,3,3.0,,2,,3.0,,,2,3,,2,,,3,,3,3,4.0,,3,,,1,,,3,2,,,,2,,,4.0,,2,3,3,3,2,,3,4,3,2,,,3,3,2,4.0,3,3,3.0,3,2,3,3,,3,3,3,2,3,3,3,3,3,,4.0,,,,,,3.0,3.0,3,,3,2,3,3,2,3,3,3,3,,,3.0,,,2,3,,,3,4.0,,3,2,,,3,,2,,3.0,3,3,2,,2,3,,4.0,3,,4.0,3,3,,,,,3.0,3.0,,,3,3,,,,109,3,1.0959563125731375,-0.6802800203368345
3,3,2,2,1,2,2,3,3,3,2,2,2,2,2,3,2,2,2,2,2,2,3,2,3,3,3,3,2,2,2,2,3,2,3,2,2,2,3,2,3,2,2,3.0,2,3,3,3,2,3,3,3,3,3,2,2,2,0,2,2,3,3,2,2,1,2,2,3,2,2,2,3,3,3,2,3,3,2,3,2,2,2,2,2,1,3,1,2,2,2,0,2,2,2,3,2,2,3,3,3,3,3,3,2,3,0,2,2,2,3,3,3,3,2,2,1,2,2,3,3,3,2,3,2,3,3,3,2,2,2,2,2,2,2,3,3,3,2,2,3,3,2,2,2,3,2,3,2,3,3,3,3,2,2,2,2,3,3,2,2,1,3,2,1,3,2,2,3,2,2,2,2,2,2,2,3,3,2,3,3,2,2,3,1,2,3,3,2,3,3,2,2,3,2,2,2,3,2,2,3,3,2,3,2,3,3,3,3,2,2,2,2,1,3,3,2,3,3,2,3,3,3,2,2,2,3,2,3,3,0,3,3,2,2,2,2,2,2,2,3,2,2,2,1,2,2,3,3,3,2,3,2,1,3,2,2,2,0,2,3,3,2,3,2,3,3,3,3,2,2,2,2,2,3,3,2,3,3,2,3,2,2,2,2,3,2,2,3,2,3,2,2,2,3,2,2,2,3,3,3,2,2,2,2,2,1,2,3,3,3,2,3,3,3,3,3,2,3,2,2,3,3,3,2,3,3,2,3,3,2,3,3,3,2,3,4,2,2,2,3,2,3,2,3,3,3,3,3,3,3,3,2,3,2,3,2,3,2,2,3,3,2,2,2,3,2,2,1,3,3,3,2,2,2,3,2,3,2,3,2,3,3,3,3,1,3,3,2,3,2,3,3,3,2,3,2,3,3,3.0,2,2,2,3,2,2,2,2,3,2,2,3,2,2,2,4.0,,4.0,2,3,2,2,3,2,3,2,1,2,2,3,3,2,2,3,3,2,3,4.0,3,2,0,2,2,2,3,3,2,3,3,3,0.0,1,3,3,2,3,3,,2,2,2,2,3,3,,2,3,2,2,3,3,3,3,3,2,2,,3,3,2,4.0,2,2,2,3,2,3,2,3,3,2,2,3,2,1,2,2,3,3,2,3,3,3,3,3,2,3,2,4,2,2,3,3,3,2,3,2,3,3,2,3,2,3,3.0,2,,3,2,3,3,3,3,2,3,2,3,3,3,3,3,3,3,3,3,2,2,3,2,3,3,2,2,3,2,3,3,3,3,3,4,3,3,,2,2,2,3,3,3.0,2,3,4,3,2,3,3,3,3,3,,3,3,3,4.0,3,2,3,3,3,1,3,3,3,3,3,,3,3,3,3,3,2,3,,3,,,2,3,3,3,2,2,3,4.0,2,4,4,3,3,,3,,2,3,3,,3,3,3,,,4.0,,3,,3,3,3,3,2,3,3,3,4.0,3,3,3,,3,3,2,3,4,,,3,3,3,3,2,2,3,,3,3,3,,3,4.0,4.0,3,3,,3,4.0,3,2,3,3,,,3,,3,3,3,3,4.0,2,3,3,,,,0,1,3,2,4.0,3,3,3,2,3,,3,3,3,3,3,4,3,,3,3,3,3,2,3,3,3,4,3,,2,3,4,4,,4.0,3,2,2,4,,3,3,3,2,3.0,3,4.0,3,,4.0,,,,3,3,4.0,3,3,4.0,3.0,3,,,,3,2,4,4.0,,4.0,3,3,3.0,3,3,,,3,,3,,4,,,3,3,2,3,,3,3,3,4.0,3,3,2,3,3,2,3,4.0,1,3,3,2,4.0,2,,3,3,3.0,4.0,2,4.0,3,3,,,2,3,,2,0.0,,,,3,4,3.0,,4.0,2,,3,3,3,,3,4.0,,3,2,2,3,,2,3,,,,,2,3,3,,4,3.0,,3,,3.0,4.0,,3,3,,2,,,3,,3,3,4.0,3.0,3,,,3,,,3,3,,,,3,,,4.0,,3,3,3,3,3,4.0,4,3,3,2,,,3,3,3,,3,3,4.0,3,3,0,3,,4,2,2,2,4,3,4,3,3,,4.0,,,,,,4.0,,3,,2,2,3,3,3,3,3,3,3,,,,,,1,3,,,3,,,3,3,,,3,,3,,2.0,3,3,3,,3,3,,4.0,3,,,3,3,,,,,4.0,4.0,,,3,3,,,,110,3,1.1162540365984934,-0.6665423403811636
2,2,1,1,1,2,2,2,2,2,2,2,0,2,3,2,2,2,2,2,2,2,3,2,3,3,3,2,2,2,2,3,3,3,3,3,2,3,3,3,2,2,2,3.0,2,2,2,3,3,3,3,2,3,3,2,2,2,2,2,0,3,2,2,2,2,3,3,2,2,3,3,3,3,2,1,3,3,3,2,3,2,2,1,2,2,2,2,2,3,2,3,3,3,2,3,3,2,3,3,3,3,3,2,3,2,2,2,2,3,3,3,4,3,3,2,2,2,3,3,3,3,2,3,3,3,3,2,2,2,2,3,2,2,2,3,3,3,2,2,3,2,2,2,3,3,2,2,2,3,3,2,2,2,2,2,3,3,3,2,3,1,2,2,2,2,2,2,3,2,2,2,2,2,2,2,3,3,2,3,2,2,3,3,2,2,3,3,2,2,2,2,3,2,2,2,2,3,3,3,3,3,2,3,3,3,2,3,3,2,2,2,2,2,2,2,2,2,3,1,2,3,2,1,2,2,2,2,2,2,2,2,3,2,3,2,3,2,3,3,3,3,3,3,3,3,3,3,3,3,1,3,3,2,3,3,2,2,3,3,3,3,3,3,2,2,1,2,3,2,2,3,2,2,2,3,3,3,3,2,3,2,2,2,2,3,2,2,2,3,3,2,3,3,3,3,2,2,3,0,1,2,2,2,2,1,2,3,2,2,2,0,2,2,2,2,3,2,2,3,3,2,1,3,0,3,3,2,2,3,2,3,3,3,2,3,3,2,3,3,3,2,2,3,3,3,3,3,3,4,3,3,2,3,2,3,2,2,3,2,2,2,2,2,3,3,2,2,2,2,3,3,2,3,3,3,3,2,2,3,3,3,3,3,4,3,2,3,3,2,3,2,3,3,2,3,2,3,3,4.0,3,2,2,3,2,2,2,2,3,2,3,3,2,2,3,4.0,3.0,3.0,3,3,2,2,3,3,3,2,3,3,2,2,3,2,2,3,3,2,2,4.0,3,2,4,2,2,3,3,3,2,3,2,2,,3,3,2,3,3,3,,3,2,2,2,0,3,,2,3,2,2,2,3,3,3,3,2,2,,3,4,3,4.0,2,2,2,3,3,3,3,3,3,2,2,3,3,2,2,2,3,3,2,3,3,3,3,3,2,3,2,3,2,2,3,3,3,2,3,3,3,3,2,3,2,3,4.0,3,,3,3,3,3,2,3,3,3,1,4,3,1,3,3,3,3,2,3,2,3,3,2,3,2,2,2,2,2,3,3,2,3,3,3,3,1,,3,3,2,3,3,4.0,3,2,2,2,3,3,4,3,2,3,,3,3,2,,3,3,2,2,3,3,3,3,2,3,3,,3,3,3,2,3,2,3,,3,,,2,2,3,3,3,2,3,4.0,3,3,3,3,3,,3,,3,3,3,,3,4,3,,4.0,4.0,,2,,4,3,3,3,3,3,3,3,4.0,3,0,3,4.0,3,3,3,3,4,,,2,3,3,3,2,3,3,,3,2,2,,2,3.0,,3,2,4.0,2,4.0,3,1,3,3,,,2,,3,3,2,2,4.0,2,3,2,,,,3,3,3,3,4.0,3,3,4,3,3,,3,3,3,3,0,3,3,,3,3,3,3,3,3,3,3,3,3,,2,3,3,3,,4.0,3,2,2,4,,3,3,3,1,,3,3.0,3,,3.0,,,,2,3,4.0,3,3,4.0,,3,,,,3,3,3,3.0,4.0,4.0,4,2,,4,3,,,3,,3,,3,,,3,4,3,3,,3,2,2,3.0,3,3,2,2,3,1,3,4.0,3,3,4,3,3.0,2,,3,2,,4.0,2,,3,4,,,2,3,0.0,3,4.0,,,,3,3,,,3.0,2,,3,3,3,,3,4.0,,3,3,2,3,,2,3,,,,,3,3,3,,4,4.0,,3,,4.0,,,2,4,,2,,,3,4.0,3,2,4.0,,4,,,3,3.0,3.0,4,2,4.0,3.0,3.0,3,,,4.0,,3,3,3,3,3,,3,4,3,3,,,3,3,3,4.0,3,3,4.0,3,3,3,3,,3,3,3,2,3,3,4,3,3,,4.0,,,,,,4.0,,3,,3,2,3,3,3,3,3,3,3,,,,,4.0,3,3,,,3,,,3,0,,,3,,3,,4.0,3,3,3,,4,4,,3.0,3,,,2,3,,,,,,4.0,,,4,2,,,,111,3,1.115761589403974,-0.6494615186108887
3,2,2,2,2,2,2,2,2,3,2,2,2,2,1,2,2,2,2,2,2,2,3,2,2,3,3,2,1,2,2,1,3,2,2,2,2,2,2,2,2,2,2,3.0,2,2,0,2,2,3,2,2,3,2,2,2,3,2,2,2,2,2,2,2,2,2,2,3,2,2,2,2,3,3,2,3,2,2,2,2,2,1,1,2,1,2,0,2,2,2,2,2,2,2,2,2,1,2,2,2,2,2,3,2,2,2,1,1,2,3,3,2,3,2,1,1,2,2,2,3,3,1,2,2,2,2,3,2,2,1,2,2,1,2,2,2,2,2,2,2,3,2,1,2,2,2,3,2,2,2,1,2,2,2,2,2,3,2,2,2,1,2,2,2,2,2,2,2,2,2,2,2,2,1,2,3,3,3,3,2,2,2,2,2,2,2,2,2,2,2,2,2,3,3,3,3,3,3,2,2,3,2,3,2,3,2,2,2,2,2,1,2,2,3,2,2,2,0,2,2,2,2,2,2,3,2,2,2,2,2,2,2,2,2,2,2,2,2,3,3,3,3,2,2,2,2,2,3,3,1,2,2,2,2,1,2,1,3,2,2,3,2,3,1,1,3,3,3,2,2,2,2,2,3,2,2,3,2,2,2,2,2,2,1,2,2,2,2,2,2,2,2,2,3,2,2,2,3,3,3,2,2,2,2,2,2,2,3,2,3,2,2,2,3,2,3,2,2,2,3,2,2,3,2,3,2,2,2,3,1,3,3,3,2,3,3,2,2,2,2,1,3,2,2,3,2,2,3,3,3,3,0,2,2,3,2,2,2,3,3,3,2,2,2,2,2,1,2,2,3,2,1,2,2,3,2,2,1,2,2,2,2,3,3,3,2,3,2,2,0,1,2,2,2,2,2,3,2,3.0,3,1,2,3,2,1,2,3,3,2,2,2,2,2,2,,,3.0,2,2,2,1,1,2,1,2,2,2,2,2,2,2,2,2,2,1,3,3.0,2,2,2,2,2,0,2,2,2,3,3,2,,2,3,2,2,2,2,,2,1,2,2,2,2,,2,3,2,2,2,3,3,2,3,2,2,,3,3,2,4.0,2,2,2,2,2,2,2,3,3,2,2,2,2,2,2,2,3,3,2,3,3,3,3,3,2,3,2,3,2,2,2,3,3,2,3,2,3,3,2,3,2,1,4.0,3,,3,2,2,3,3,3,0,2,2,3,3,3,2,3,3,2,2,2,2,2,3,2,2,2,2,2,2,2,2,3,3,2,2,3,2,2,,2,2,2,3,3,3.0,2,2,3,3,2,3,3,3,2,2,,3,3,2,,3,2,2,3,3,2,2,2,3,2,2,,3,2,2,2,3,2,3,,3,,,2,3,3,2,2,2,3,4.0,2,3,3,3,3,,3,,1,2,3,,3,1,4,,,4.0,,3,,3,2,3,2,2,2,3,3,4.0,3,2,2,,0,3,2,2,3,,,2,2,3,3,2,2,2,,3,2,3,,3,4.0,,3,3,4.0,2,4.0,3,3,2,2,,,2,,2,3,2,3,4.0,3,3,3,,,,3,3,3,1,3.0,3,3,3,2,3,,3,3,3,3,3,3,3,,3,2,3,2,3,2,3,3,3,2,,3,3,3,3,,4.0,3,2,2,3,,3,2,3,3,,2,4.0,3,,4.0,4.0,,,3,2,3.0,2,0,3.0,,3,,,,2,2,3,4.0,,4.0,3,2,,3,3,,,3,,3,,3,,,3,3,3,3,,3,3,3,4.0,3,3,2,3,2,2,2,4.0,3,3,3,3,3.0,2,,3,3,,4.0,3,,2,3,,,3,3,3.0,3,4.0,,3.0,,3,3,,,3.0,3,,2,3,3,,3,4.0,,2,3,2,3,,2,3,,,,,3,3,2,,3,3.0,,3,,3.0,,,2,3,,3,0.0,,3,,3,3,4.0,,3,,,2,,,3,2,,,,3,,,4.0,,3,3,3,3,3,,3,3,3,2,,,3,3,3,,3,2,4.0,3,2,3,3,,3,3,3,1,3,3,3,2,3,,4.0,,3.0,,,,3.0,,3,,3,2,3,3,3,3,3,3,3,,,,,,2,3,,,3,,,3,2,,4.0,3,,2,,4.0,3,3,2,4.0,3,3,,4.0,3,,,3,3,,,,,,4.0,,4.0,3,3,,,,112,3,1.1209842788790156,-0.6845665936578453
3,2,2,2,2,1,2,2,2,3,2,3,2,2,2,2,2,2,2,2,2,2,3,2,2,2,3,2,2,2,2,2,2,3,3,2,2,3,3,3,2,0,1,4.0,2,2,2,2,3,3,2,2,3,2,2,2,3,2,2,3,2,2,1,2,2,2,3,3,2,3,2,2,3,3,2,3,3,2,2,2,2,2,1,2,2,2,2,2,3,2,2,2,3,2,2,2,2,3,3,2,2,3,3,2,2,2,2,1,3,3,3,3,3,2,2,2,2,2,3,3,3,1,2,2,3,2,3,2,2,2,2,2,2,2,3,2,2,2,3,2,3,2,2,2,3,2,3,2,2,2,2,2,1,2,2,3,2,2,2,2,1,2,2,2,2,2,2,2,2,2,2,2,2,2,2,3,3,2,2,2,1,2,3,2,2,3,2,2,2,2,2,2,3,3,3,3,2,2,2,2,3,2,3,1,2,2,2,2,3,2,2,2,2,3,2,2,2,2,2,2,3,2,2,2,3,3,2,3,2,3,2,1,2,2,2,3,2,2,3,3,3,3,2,2,3,2,3,3,3,1,3,2,2,2,2,2,2,2,2,3,3,1,2,2,2,3,3,3,3,2,3,3,3,3,3,3,3,2,2,2,2,2,2,2,2,2,2,2,3,3,2,3,2,3,2,2,2,3,3,3,2,2,2,2,3,2,2,3,2,2,2,3,2,3,2,3,2,3,2,3,2,2,3,3,3,3,2,2,3,2,3,3,3,2,3,3,2,2,2,2,2,3,1,2,2,2,2,0,3,2,2,2,2,2,3,2,2,2,3,3,3,2,2,2,3,2,2,2,2,3,3,2,2,2,3,2,2,1,3,2,3,2,0,3,3,2,3,2,2,2,2,3,3,2,2,2,3,3,3.0,3,3,2,3,3,2,2,3,3,3,3,2,2,3,3,4.0,4.0,3.0,1,2,2,2,3,2,2,2,3,2,2,3,3,2,2,3,2,2,3,3.0,2,0,3,2,2,3,2,3,2,3,3,2,,2,3,3,2,2,2,,3,2,2,2,3,2,,2,3,2,2,2,3,2,2,3,2,2,,3,3,2,4.0,2,2,2,1,3,3,2,4,3,2,2,3,2,2,1,2,3,3,3,3,3,3,3,3,3,3,2,3,3,2,3,3,3,3,3,3,3,3,2,3,2,3,4.0,3,,3,2,3,3,3,3,2,3,2,3,3,3,3,3,3,3,2,3,2,2,3,2,3,2,3,2,3,2,3,3,3,3,3,4,3,3,3.0,2,3,3,3,3,4.0,2,3,3,3,2,3,3,2,2,3,,3,3,3,,3,3,3,3,3,2,3,2,2,2,3,,3,3,3,3,3,2,3,,3,4.0,,3,3,3,3,3,1,3,4.0,2,3,3,3,3,,2,,3,3,3,,3,0,3,,,4.0,,3,,3,3,3,3,3,2,3,3,3.0,3,3,3,,3,3,3,2,3,,,3,2,3,3,3,3,2,,3,2,2,,3,4.0,,3,3,,2,4.0,3,3,3,3,,,2,,3,3,3,3,2.0,3,3,3,,,3.0,3,3,3,2,4.0,3,3,4,2,3,,3,3,3,3,3,3,3,,3,0,3,3,3,2,3,3,3,2,,3,3,3,3,,4.0,3,2,2,3,,3,0,3,3,,3,4.0,3,4.0,3.0,,,,3,3,4.0,3,3,4.0,,3,,,,2,3,3,4.0,,4.0,3,3,,4,3,4.0,,3,,3,,3,,,3,3,3,3,,3,3,3,4.0,3,2,2,3,3,2,3,3.0,3,3,3,3,4.0,2,,3,3,,4.0,3,,2,3,,,3,0,,3,4.0,,,4.0,3,3,,,3.0,3,,3,3,3,4.0,2,3.0,,3,4,2,3,,2,2,,,,,3,3,3,,3,4.0,,3,,4.0,,,3,3,,2,,4.0,3,,3,3,4.0,,3,,,3,,,3,3,,,,3,,,3.0,,3,3,0,3,3,,3,4,3,3,,,3,2,3,,3,3,4.0,3,3,3,3,,3,3,3,2,3,4,3,3,3,,3.0,,,3.0,,,4.0,,3,,3,3,4,3,3,3,3,3,3,,,,,,2,3,,,4,,,3,2,,,3,,3,,3.0,3,3,3,,3,4,0.0,3.0,3,4.0,,3,3,,,,,,4.0,,,3,3,,,,113,3,1.0937245313773434,-0.6906629623642058
2,2,2,2,2,2,2,2,2,3,2,2,2,2,2,2,2,1,2,2,2,1,3,2,2,2,2,2,2,2,2,2,2,2,2,2,2,3,2,2,1,2,1,3.0,2,2,2,2,2,3,2,2,2,2,2,2,2,2,2,2,2,2,1,2,2,2,2,3,2,2,2,3,3,2,2,0,2,2,2,2,2,1,1,1,2,2,2,1,2,2,2,2,2,2,2,2,1,3,2,2,2,2,3,2,2,1,1,1,2,3,3,3,3,2,2,2,2,2,2,2,2,1,3,2,2,2,3,2,0,2,2,2,2,2,3,2,2,2,3,2,2,2,1,2,2,2,2,2,2,3,2,2,2,2,2,2,2,2,2,2,1,2,2,2,2,1,1,2,2,2,2,2,2,2,2,3,3,2,3,2,2,2,3,2,2,3,2,2,2,2,2,2,3,3,2,3,2,2,2,0,1,2,3,2,2,2,2,2,2,2,2,2,1,3,2,2,2,2,1,2,2,2,2,2,2,1,2,2,2,3,2,2,2,2,2,3,2,2,3,3,3,3,2,2,2,2,3,3,2,1,2,2,2,0,2,2,2,3,2,2,3,2,2,2,2,3,3,3,2,2,3,2,3,3,3,2,3,3,2,2,2,2,1,1,2,2,2,2,2,3,2,3,2,3,3,2,2,3,2,3,2,2,2,1,2,3,2,2,2,2,2,2,1,3,0,2,2,2,2,3,2,2,3,3,3,2,2,2,3,1,3,3,3,1,3,3,2,2,2,1,2,3,2,2,3,2,2,2,3,3,3,2,3,2,3,2,2,2,3,3,3,2,2,1,2,2,2,1,2,2,2,2,1,2,3,2,2,1,2,2,2,3,3,3,2,2,2,2,2,2,2,3,3,2,2,2,3,3,3.0,3,2,2,3,3,2,1,2,3,2,2,2,2,2,3,3.0,4.0,4.0,2,2,1,2,2,2,2,2,3,2,0,3,2,2,2,3,2,1,3,3.0,2,2,3,2,2,2,2,3,2,3,3,2,,2,3,3,2,2,2,,3,2,2,2,3,2,,2,3,3,2,2,3,2,2,3,2,2,,2,3,2,4.0,2,2,2,2,2,3,2,3,3,2,2,3,2,2,2,2,3,3,2,3,3,3,3,3,3,3,2,1,2,2,3,3,3,2,3,3,3,2,1,2,2,3,4.0,3,,3,2,3,3,3,3,2,3,2,3,3,3,2,3,3,3,2,3,2,2,2,2,2,2,2,2,2,2,3,2,3,3,2,3,2,2,,2,3,2,3,3,4.0,2,2,3,2,2,3,3,3,2,0,,3,3,2,,4,3,2,3,3,2,3,2,3,2,2,,3,2,3,3,3,2,3,,3,4.0,,2,3,2,2,2,2,3,4.0,2,3,3,3,3,,2,,3,3,3,,3,3,3,,,4.0,,3,,3,3,3,3,2,2,3,3,3.0,3,2,3,,2,2,2,2,3,,,2,2,3,3,2,2,2,,3,2,3,,3,2.0,,3,3,,3,4.0,3,3,3,3,,,2,,2,3,2,3,3.0,3,3,3,3.0,,,3,3,3,2,4.0,3,3,3,2,3,,3,3,3,3,3,3,3,4.0,0,2,3,3,3,2,3,3,3,2,,3,3,3,3,,4.0,3,2,2,3,,3,2,2,3,,2,4.0,3,,4.0,,,,3,3,4.0,3,3,3.0,,2,,,,2,2,3,3.0,,3.0,3,3,,3,3,,,3,,3,,3,0.0,,3,3,3,3,,3,3,3,4.0,3,3,3,3,3,2,3,3.0,3,2,3,2,3.0,2,,3,3,,4.0,3,,2,3,,,3,3,,3,4.0,,,,3,3,,,3.0,3,,2,3,3,3.0,3,3.0,,3,3,2,3,,2,3,,,,,3,3,3,,3,4.0,,2,,3.0,,,3,3,,2,,,3,,3,3,4.0,,3,,,2,0.0,,3,2,,,,2,4.0,,4.0,,3,3,3,2,3,,3,4,3,3,4.0,,1,2,3,,3,3,3.0,3,3,3,3,,3,3,3,1,3,3,3,3,3,,4.0,,,,,,3.0,,3,,3,2,3,3,3,2,3,3,3,,,,,,2,3,,4.0,4,,4.0,3,3,4.0,,2,,3,4.0,3.0,3,3,3,,3,3,,3.0,3,,,3,3,,3.0,,,,4.0,3.0,,3,3,,,,114,3,1.0876082181160356,-0.7009483032683895
3,3,2,2,2,1,1,3,3,3,3,3,3,2,3,3,2,3,3,3,3,2,3,2,3,2,3,2,2,2,2,2,3,3,2,2,2,2,2,2,1,2,2,4.0,3,3,3,2,0,4,3,3,3,3,2,2,0,2,2,2,3,3,2,2,2,2,2,0,3,3,3,3,4,3,3,1,2,3,3,2,2,2,2,3,2,3,2,2,3,2,2,3,3,2,3,3,2,3,3,3,3,3,3,3,3,2,2,2,3,4,3,3,3,2,2,2,2,2,3,2,3,2,3,2,3,3,2,2,2,1,3,2,2,2,3,2,3,2,1,2,2,2,2,3,3,3,2,2,3,3,3,2,3,3,2,3,3,2,3,3,1,3,2,3,3,1,2,3,2,2,2,2,3,2,2,3,3,3,3,3,3,2,3,2,2,4,3,2,2,1,3,2,3,2,2,2,3,3,2,3,3,3,3,3,3,3,2,3,3,2,2,2,2,3,3,3,3,3,3,3,3,3,3,3,3,3,3,3,3,1,3,3,2,3,2,3,3,2,3,3,3,3,3,2,3,2,4,4,3,2,3,2,2,3,2,2,2,3,2,3,3,2,3,3,3,3,3,3,3,2,3,2,3,3,3,2,3,3,3,2,2,2,3,2,2,2,2,3,3,4,2,0,3,3,2,3,2,3,3,3,3,2,3,2,3,1,3,3,2,3,2,3,2,4,2,4,2,3,2,3,3,3,3,2,3,3,3,2,3,2,3,3,4,2,3,3,3,2,2,2,2,3,3,3,3,3,2,3,4,2,3,2,3,3,4,3,3,3,3,3,3,2,2,3,3,2,2,2,3,3,3,3,3,3,3,2,2,2,3,0,3,3,3,3,3,3,3,3,3,2,3,3,3,3,3,3,3,2,3.0,3,3,3,3,3,3,2,3,3,2,2,3,2,2,3,,,3.0,2,2,3,2,3,3,2,3,3,2,2,3,3,2,3,3,3,2,3,3.0,2,2,3,2,3,3,2,3,2,3,3,3,,2,3,3,3,3,2,4.0,3,2,3,3,3,3,,2,3,2,3,3,3,3,3,3,2,3,,3,3,3,4.0,3,2,2,3,3,3,2,4,3,2,2,3,2,2,2,2,3,3,3,3,4,3,4,4,3,3,3,4,3,3,3,3,3,3,3,3,2,2,3,3,2,3,4.0,3,,3,3,2,2,3,3,3,3,2,3,3,3,3,4,3,3,3,2,3,0,3,3,2,3,2,2,3,2,3,3,3,3,2,4,3,2,,2,3,3,4,4,4.0,3,3,4,3,3,3,4,3,3,3,,3,3,3,,4,3,3,2,3,3,3,3,3,3,3,,4,3,3,3,3,3,3,,3,,,3,3,3,2,2,3,3,4.0,3,4,4,4,3,,3,,3,3,3,,3,3,4,,,4.0,,3,,4,3,3,3,3,3,3,3,4.0,3,3,3,4.0,3,4,3,3,4,,,3,3,3,3,3,3,2,,4,3,2,,4,4.0,,3,3,,2,4.0,3,2,3,3,,,2,,3,3,3,4,4.0,2,3,4,,,,3,3,3,3,,3,4,4,3,4,,3,2,3,4,3,3,3,2.0,3,2,4,3,3,2,3,3,4,3,,2,4,3,4,,4.0,4,3,2,3,,3,3,2,3,,3,4.0,3,,4.0,,,,3,3,4.0,3,4,4.0,,3,,,,3,3,3,3.0,3.0,4.0,4,3,,3,3,,,3,,4,,0,,,4,4,3,3,3.0,0,3,3,4.0,3,3,2,3,3,3,3,4.0,2,3,4,3,3.0,2,,3,4,,4.0,2,,3,4,,4.0,3,3,,3,4.0,,,,3,3,,,3.0,2,,2,4,3,,3,3.0,,3,3,3,3,,1,3,,,,,2,3,3,,3,4.0,,3,,4.0,,,3,3,,2,,,3,4.0,4,3,,,4,,,3,3.0,,3,3,,,,2,,,4.0,,4,4,3,3,3,,3,4,3,2,,,3,3,3,,2,3,4.0,3,3,3,3,,3,3,0,2,3,4,4,3,4,,4.0,,,,0.0,,4.0,,4,,2,3,4,4,3,3,4,3,4,,4.0,,,,2,3,,,4,,,3,2,,,3,,3,,3.0,3,3,3,,3,4,,4.0,3,,,2,3,,,,,,4.0,,,3,3,,,,115,3,1.1112750522562405,-0.599766100137766
2,3,0,2,2,2,2,3,2,3,2,2,2,2,2,3,2,2,2,2,2,2,3,2,2,3,3,3,2,2,2,3,3,2,3,2,2,3,3,2,2,2,2,4.0,2,3,2,2,2,3,3,2,3,1,1,2,2,2,1,2,2,2,2,2,1,2,2,2,2,2,2,3,3,3,1,3,2,2,2,2,2,2,2,2,2,2,1,2,2,2,2,2,2,2,2,2,2,3,2,2,2,3,3,2,2,2,2,1,2,3,3,3,3,1,1,2,2,2,3,3,3,2,3,3,2,2,2,2,2,1,2,2,2,2,2,3,3,2,2,2,2,2,2,2,2,2,2,2,3,2,2,2,2,2,2,2,2,1,2,2,1,2,2,2,2,2,1,3,2,2,2,2,2,2,2,3,2,2,2,2,2,2,2,2,1,3,3,2,2,2,2,2,3,2,2,2,3,2,2,2,3,2,3,2,3,3,2,3,2,2,2,2,2,3,2,2,2,3,2,3,0,2,2,2,2,2,2,2,3,2,2,2,2,2,2,3,2,2,2,3,2,3,3,2,2,2,3,3,3,2,2,3,1,2,2,2,2,3,2,3,3,2,3,2,3,3,3,3,2,2,3,2,3,3,3,2,3,3,2,2,2,2,2,1,2,2,2,1,2,3,2,3,2,3,3,2,2,3,2,2,2,2,2,2,2,2,2,3,1,2,2,2,2,3,2,3,3,3,2,3,0,2,3,2,3,3,2,3,3,2,3,2,3,1,3,3,3,3,2,2,2,3,2,2,3,2,2,2,3,2,1,2,2,2,3,2,2,2,3,3,3,2,2,2,3,2,2,2,2,3,3,2,2,2,3,2,2,2,3,2,2,2,3,3,3,3,3,2,2,2,2,1,2,2,2,2,1,2,3.0,3,2,2,3,3,2,2,3,3,2,2,3,2,2,3,4.0,,4.0,2,0,2,2,2,2,2,2,3,2,2,3,2,2,2,3,3,1,3,4.0,3,2,3,2,2,2,2,2,2,3,3,2,,2,3,3,2,3,2,,2,2,2,2,3,3,,2,3,2,2,2,3,3,2,3,2,2,,3,3,2,3.0,2,2,2,2,2,2,2,3,3,2,2,3,2,2,1,2,3,3,2,3,3,3,3,3,2,3,2,3,2,2,3,3,3,2,3,2,3,3,2,3,2,3,3.0,1,,3,2,2,3,2,3,2,2,2,3,3,2,2,3,3,3,3,3,2,2,3,2,2,2,2,2,2,2,3,3,3,3,3,3,2,3,,3,2,2,3,3,4.0,3,3,3,3,2,2,3,3,2,2,,3,3,2,4.0,3,3,2,3,3,2,3,3,2,2,2,,3,2,3,3,3,0,3,,3,,,3,3,3,3,2,2,3,4.0,0,3,3,3,3,,3,,3,3,3,,2,3,3,,,4.0,,3,,3,3,3,3,2,3,3,3,3.0,3,3,3,,3,3,2,3,3,,,3,2,3,3,2,2,3,,3,3,3,,3,4.0,,3,3,,2,4.0,3,2,0,3,,,2,,2,3,3,3,3.0,2,3,3,,,,3,3,3,2,4.0,3,3,3,2,3,,3,3,3,3,3,4,3,,3,2,3,3,3,2,3,3,3,2,3.0,2,3,3,3,,4.0,3,2,2,3,,3,3,3,3,,2,4.0,3,,4.0,3.0,,,2,3,4.0,3,3,3.0,,3,,,,3,3,3,3.0,,4.0,3,3,,3,2,,,3,,3,,4,,,3,3,3,3,,3,2,3,4.0,3,3,2,3,3,2,3,4.0,3,3,3,2,3.0,2,,0,3,,3.0,2,3.0,2,3,,,2,3,,3,4.0,,,,2,3,4.0,,3.0,2,,2,3,3,,3,4.0,,3,3,2,3,,2,3,,,,,3,3,3,4.0,3,4.0,3.0,3,,4.0,3.0,,3,3,,2,,,3,,3,2,4.0,,3,,,3,,,3,2,,,,3,,,4.0,,3,3,3,3,3,,3,3,3,3,,,3,3,2,,3,2,4.0,3,2,3,3,,3,3,3,2,3,3,3,2,2,,3.0,,,,,,4.0,,3,,3,2,3,3,3,3,3,3,3,,4.0,,,,2,0,,,3,,,3,2,,,3,,2,,4.0,4,3,2,,2,3,,4.0,3,3.0,,3,3,,,,0.0,,4.0,,,3,3,,,,116,3,1.1058823529411768,-0.7021334102936392
2,2,2,2,2,2,2,2,2,2,2,2,2,2,2,1,2,2,2,1,2,2,3,2,3,2,3,2,2,2,1,2,2,2,2,1,2,2,2,2,2,2,2,3.0,2,2,2,2,3,3,3,2,3,2,2,2,3,3,2,3,2,2,1,2,2,2,2,2,2,2,2,3,3,2,2,3,3,2,2,2,2,2,1,2,2,2,0,2,3,2,2,2,2,2,1,2,2,2,2,2,2,3,3,2,2,2,2,1,3,3,3,3,3,2,2,2,2,2,3,3,3,2,3,2,1,2,3,2,2,2,2,2,1,2,3,2,2,2,3,2,1,2,2,2,3,2,2,2,3,3,2,2,2,2,2,2,2,2,2,2,1,2,2,2,2,2,1,2,2,2,2,2,1,2,2,3,3,2,2,2,2,2,2,2,2,2,2,2,2,2,2,2,3,3,2,3,2,2,3,2,2,2,3,2,2,2,2,2,3,2,2,2,2,2,2,1,2,3,1,2,3,2,2,2,3,2,1,2,2,3,2,1,2,2,2,3,2,2,2,3,3,3,2,3,3,2,3,3,2,2,2,2,2,2,2,2,2,3,2,3,3,2,2,2,2,2,3,3,2,2,3,3,2,2,2,2,3,3,2,2,2,2,2,2,2,2,3,3,2,3,2,3,2,3,2,1,2,2,3,3,2,2,3,2,3,3,1,2,2,2,2,1,2,2,2,3,2,2,2,3,2,2,2,2,3,3,2,2,3,2,3,2,3,2,1,0,3,2,2,2,2,2,2,2,3,2,3,2,3,3,2,2,3,2,3,2,2,2,2,2,2,0,2,3,3,2,2,2,2,3,3,2,2,2,3,2,0,2,2,2,2,3,3,3,3,2,3,2,1,2,2,2,2,2,2,2,3,2,3.0,3,2,2,3,3,2,2,2,3,3,2,2,2,3,3,,,3.0,2,2,2,2,1,2,2,2,3,2,2,2,2,2,3,3,3,2,3,,3,2,3,2,2,3,3,3,2,2,2,2,,2,3,0,2,2,3,,2,2,0,2,2,3,,2,3,2,2,2,3,3,2,3,2,2,,3,3,2,,2,2,2,2,3,3,2,2,3,2,2,3,2,2,2,2,2,3,1,2,3,2,3,3,2,3,2,3,2,2,3,2,3,2,3,2,3,3,2,3,2,2,,3,,2,2,3,3,2,3,2,3,1,3,3,3,3,3,3,3,0,3,3,2,3,2,3,2,2,2,2,2,1,3,3,3,3,3,3,2,,2,3,3,3,2,,3,2,2,3,2,2,3,3,2,3,,1,3,2,,3,3,3,3,3,2,2,2,2,2,2,,2,2,3,3,3,2,2,,3,,,2,3,2,3,2,2,3,,3,3,3,3,3,,3,,3,3,3,,3,3,3,,,,,3,,0,3,3,3,2,3,3,3,0.0,3,3,3,,3,3,3,2,3,,,2,1,3,3,3,2,3,,3,2,3,,3,3.0,,3,3,,1,3.0,3,3,3,3,,,2,,3,3,1,3,3.0,3,3,2,,,,3,3,2,2,3.0,3,3,3,2,3,,2,3,3,3,3,3,3,,3,2,3,3,3,2,3,3,3,2,,3,3,3,3,3.0,,3,2,2,3,,3,3,3,3,,2,,3,2.0,3.0,3.0,,,1,2,,3,3,,,3,,,,3,3,3,3.0,3.0,,3,2,,3,2,,,3,,3,,3,,,3,3,2,3,,3,3,3,3.0,3,3,2,3,3,2,3,3.0,3,3,3,2,3.0,2,2.0,3,1,,,3,,3,3,3.0,,3,3,,3,,,,3.0,3,3,,,3.0,3,,3,3,3,,3,,,3,3,2,3,2.0,2,3,,,,,3,3,3,,3,,,3,3.0,,,,3,3,,3,,,3,,3,3,,,3,,,2,,,3,2,,,,3,,,,,3,3,3,3,3,,3,3,3,3,,,3,3,3,3.0,3,3,,3,3,3,3,,0,3,3,2,2,3,3,3,3,,3.0,,,,,,,,3,,3,3,3,3,3,3,3,3,3,,,,,,2,3,,,3,,,3,2,,,3,,3,,,3,3,3,,3,3,,,3,,,3,3,,,3.0,,,,,,3,3,,,,117,3,1.1200340522133938,-0.6523542935846828
3,3,2,3,3,2,2,2,3,3,3,2,2,2,2,2,3,3,3,2,3,2,3,2,1,3,3,3,2,3,2,2,3,2,3,2,2,2,2,2,0,3,2,4.0,2,3,2,2,3,3,3,3,3,3,3,3,3,3,2,3,3,3,2,2,2,2,3,3,3,3,3,3,4,3,3,3,3,3,3,3,3,2,2,2,2,3,1,2,3,3,3,3,3,2,3,2,2,3,3,3,3,3,3,2,3,2,2,2,3,4,3,4,3,2,2,2,2,3,3,3,3,2,3,3,2,3,3,3,2,1,2,3,2,2,3,3,3,2,3,3,3,2,2,3,3,3,3,3,3,3,3,2,2,3,3,3,3,3,3,3,2,3,3,3,3,2,2,2,2,2,3,3,2,2,2,3,3,3,3,3,2,3,3,2,2,3,3,2,3,3,2,3,3,3,3,3,3,3,3,3,3,3,3,2,3,3,2,3,3,3,2,1,2,3,2,2,3,3,3,3,3,3,3,3,3,3,2,3,3,3,3,2,2,3,3,3,3,3,3,4,3,3,3,3,3,2,3,3,3,2,3,3,3,3,3,2,2,3,2,3,3,2,3,2,3,3,3,3,3,3,3,3,3,3,3,2,3,3,2,3,2,3,2,2,3,2,3,3,3,3,2,3,2,3,2,2,2,3,3,3,3,3,3,2,2,3,3,3,2,3,3,3,3,3,3,4,3,3,2,4,3,3,3,3,3,3,3,3,3,2,4,3,3,2,3,3,3,3,3,3,2,3,3,3,3,3,3,3,4,3,2,2,3,2,3,2,3,3,3,3,3,3,2,2,3,0,3,2,2,3,3,2,3,3,3,3,3,1,3,3,3,3,3,4,3,3,3,3,3,3,3,3,0,2,3,3,3,3,2.0,3,3,2,3,2,3,1,3,3,3,3,3,2,3,3,,,4.0,3,3,2,3,2,3,3,2,2,1,3,3,3,2,3,4,3,2,3,4.0,3,2,4,2,3,3,3,3,2,3,3,3,,2,3,3,3,3,3,,2,2,3,2,3,3,,2,4,0,3,3,3,3,3,3,3,3,,3,4,3,4.0,2,3,3,3,2,3,2,3,3,2,2,3,3,2,2,2,2,3,2,3,3,3,3,3,3,4,2,4,3,3,3,3,4,3,4,3,3,3,2,3,3,3,4.0,3,,3,2,3,3,3,3,2,3,2,3,3,3,3,4,3,3,3,3,2,3,3,2,2,2,3,3,3,3,3,3,3,3,3,4,3,2,,2,2,3,3,3,3.0,3,3,3,3,0,3,3,3,3,3,,3,3,3,,3,3,3,3,3,3,2,3,3,2,3,,4,3,3,3,3,3,3,,2,,,3,3,3,3,2,3,4,,3,4,4,3,3,,3,,3,3,4,,3,4,4,,,4.0,,3,,4,3,4,3,3,3,3,3,4.0,2,3,3,,3,3,3,3,4,,,3,3,3,3,3,3,3,,4,3,3,,3,4.0,,4,3,,3,4.0,3,3,3,3,,,3,,3,3,2,4,4.0,3,3,3,,,,3,3,3,3,4.0,3,4,4,2,4,,3,4,3,3,3,3,4,,3,3,0,3,3,3,4,3,4,3,,3,3,4,4,,4.0,4,3,2,3,,3,3,3,3,,3,4.0,3,,4.0,,,,3,3,4.0,3,3,4.0,,3,,,,2,3,4,4.0,,4.0,3,3,,4,3,,,3,,3,,4,,,3,4,4,4,,3,3,3,3.0,4,3,3,3,3,3,3,0.0,3,3,4,3,4.0,2,,2,3,,,3,,3,3,,0.0,3,3,,3,4.0,,,,2,4,,,4.0,3,,3,3,4,,3,4.0,,3,4,3,4,4.0,3,3,,,,,3,4,3,,4,3.0,3.0,3,,3.0,,,3,3,,3,,,3,,4,4,,,4,,,3,,,4,3,,,,3,,,4.0,,4,3,3,3,3,,4,4,3,3,,,3,3,3,,3,3,,3,3,4,4,,4,4,3,2,4,4,4,0,4,,1.0,,,,,,4.0,,3,,3,3,4,4,3,3,3,3,3,,,,,4.0,3,3,,,4,,,3,3,,,3,,3,,4.0,4,3,3,,3,4,4.0,4.0,3,2.0,,3,4,2.0,,,,,4.0,,,3,4,0.0,,,118,3,1.1214001986097324,-0.6279363309853654
3,2,2,3,2,2,2,2,3,2,2,2,2,0,2,2,2,2,2,1,2,2,3,1,2,2,2,1,2,2,1,2,2,2,2,2,2,2,2,2,2,2,2,3.0,2,3,2,2,2,3,3,1,2,2,3,3,3,3,2,3,2,1,2,2,2,1,2,3,2,3,3,3,3,3,2,3,3,2,2,2,2,2,1,2,2,2,1,2,2,2,1,3,2,1,2,2,2,3,3,3,2,3,3,2,2,2,2,2,2,0,3,3,3,2,1,1,2,3,2,2,3,1,3,2,3,3,3,0,1,1,1,2,2,2,3,2,2,2,3,2,3,2,2,2,3,2,3,2,3,3,2,2,2,2,2,2,2,2,2,3,2,2,2,2,3,2,2,2,2,1,2,1,0,2,3,3,2,2,2,2,2,2,3,2,2,3,2,2,3,2,2,2,3,3,3,3,2,1,2,2,2,2,3,2,2,2,2,2,2,2,2,2,2,2,2,2,3,3,2,2,2,2,2,2,3,3,2,3,2,2,2,2,2,2,2,3,2,3,2,3,3,3,3,3,3,2,3,3,3,2,3,2,2,3,2,2,2,3,2,3,3,0,3,2,2,2,1,0,2,2,3,2,3,3,3,2,3,2,2,3,2,2,2,2,3,1,2,3,2,3,2,2,2,3,3,2,2,3,3,3,2,2,2,2,2,3,2,3,2,3,3,3,3,3,3,3,3,3,2,3,2,2,3,3,0,2,2,2,2,2,3,3,3,1,3,3,1,2,2,2,2,3,2,2,3,2,2,3,3,3,3,2,3,2,3,2,2,2,2,2,3,2,2,2,3,2,2,2,2,3,2,2,2,2,3,2,2,2,2,2,2,3,3,3,3,3,3,2,2,3,1,3,2,2,3,2,3,3,3.0,2,3,2,3,3,2,2,3,2,3,2,3,2,3,2,4.0,,3.0,2,3,2,2,0,2,2,2,2,2,2,3,3,2,3,3,3,2,2,3.0,2,1,3,1,2,2,2,2,2,3,3,3,,2,3,2,2,3,2,3.0,2,2,2,2,3,3,,2,3,1,3,2,3,2,3,3,2,2,,3,3,2,4.0,2,2,2,2,2,2,2,3,3,2,2,3,2,2,2,2,3,3,2,2,3,3,3,3,2,3,2,4,3,3,2,3,3,2,1,2,3,3,2,3,2,3,4.0,3,,2,2,3,3,2,3,2,2,2,3,3,3,3,3,3,2,3,2,2,2,2,2,2,2,3,2,3,2,3,3,2,3,2,3,3,2,,2,2,3,3,3,3.0,2,3,3,3,2,3,3,3,2,3,,3,2,3,,3,3,3,3,2,3,2,3,3,2,3,,3,3,3,3,3,2,3,,3,,3.0,3,2,2,3,3,2,3,4.0,2,3,4,3,3,,3,,3,3,3,,3,3,3,,,4.0,,3,,3,3,3,3,3,3,3,3,3.0,3,2,2,,3,3,2,1,3,,,2,3,3,3,3,2,3,,3,3,3,,3,4.0,,3,3,,3,4.0,2,3,3,3,,,3,,3,3,3,3,3.0,3,3,3,,,,3,3,2,3,4.0,3,3,4,2,3,,3,3,3,2,3,3,3,,3,3,3,3,3,3,3,2,4,3,3.0,3,3,3,3,,4.0,3,2,2,3,,2,2,2,2,,2,4.0,3,,3.0,,,,3,3,4.0,2,3,4.0,,3,,,,2,3,3,4.0,,4.0,3,3,,3,3,,,3,,3,,3,,,3,3,3,3,,3,3,3,3.0,3,3,3,3,3,2,2,4.0,3,2,3,2,4.0,1,,3,3,,4.0,3,,3,3,,,3,3,3.0,3,4.0,,,,2,3,,,3.0,3,,2,3,3,,3,4.0,4.0,3,3,2,3,,3,2,,,,0.0,3,3,3,,3,3.0,,3,,2.0,,,3,3,,3,4.0,,2,,3,3,4.0,,3,,,2,,,3,3,0.0,,,2,,,4.0,4.0,3,3,3,2,3,,3,3,3,3,,,2,2,3,,3,3,4.0,3,3,3,3,,3,3,3,2,3,3,3,2,3,,4.0,,,,,4.0,3.0,,3,,3,2,3,3,3,3,2,3,3,,,,,,2,3,,,3,,,2,2,,,3,,2,,3.0,3,1,2,,3,3,4.0,1.0,2,,,3,4,,,,,,4.0,,,3,3,,3.0,,119,3,1.1150636201942812,-0.6842604340776707
4,4,3,3,3,3,4,3,3,3,3,2,3,3,3,4,4,4,4,3,3,3,4,3,4,4,4,4,3,3,3,4,4,4,4,3,4,4,3,4,4,3,4,4.0,3,4,4,3,3,4,4,4,4,4,4,4,4,4,3,4,4,4,2,3,3,3,4,4,3,4,3,4,4,4,3,4,0,4,4,3,3,3,3,3,3,4,2,3,4,3,3,4,1,3,4,4,3,4,4,4,3,4,4,4,4,3,3,3,4,0,4,5,4,3,2,3,3,4,4,4,4,3,4,4,4,4,4,4,3,3,4,4,3,3,4,4,4,3,3,4,4,3,3,4,4,4,4,4,4,4,4,3,2,3,3,4,4,4,3,3,3,2,4,4,4,3,3,4,3,4,3,3,3,3,4,4,4,4,4,4,3,4,4,3,3,4,4,4,4,4,3,4,4,4,4,4,4,3,4,4,4,4,4,3,4,4,3,4,3,3,3,3,3,4,4,4,4,4,4,4,4,4,4,4,4,4,3,4,4,4,4,3,3,3,3,4,3,4,1,4,4,4,4,4,4,2,4,3,4,3,4,3,3,4,3,3,3,4,3,4,4,4,4,3,3,4,4,4,4,4,4,3,4,4,4,4,4,2,4,4,3,4,4,3,4,3,4,4,4,4,3,4,4,3,4,3,4,4,4,4,3,4,4,3,4,4,3,4,4,4,4,4,3,4,4,5,4,4,3,4,4,4,4,4,4,4,3,4,4,3,4,4,3,3,5,5,4,4,3,3,3,5,4,3,4,4,4,4,5,4,4,4,4,4,4,3,4,4,2,4,4,3,3,3,4,3,3,3,4,4,3,3,4,4,4,4,4,3,4,4,4,4,4,4,4,4,4,4,4,4,4,2,4,3,4,4,4,4,5.0,4,3,3,4,4,3,3,3,4,4,3,4,3,2,4,,,5.0,2,4,3,3,3,4,3,3,3,2,4,4,4,3,4,5,4,3,4,5.0,4,3,4,3,3,3,3,2,4,4,4,4,,3,4,3,4,4,3,,0,3,3,4,4,4,,3,4,3,3,4,4,4,4,4,4,4,,4,4,4,5.0,3,4,4,4,4,3,3,4,3,4,4,4,3,3,3,4,3,4,3,3,4,4,3,4,3,3,2,5,4,4,3,4,5,4,4,4,4,4,3,4,3,4,5.0,4,,3,3,4,4,4,0,3,4,3,4,4,4,4,4,4,4,4,4,4,4,4,3,3,4,4,4,4,4,4,4,4,4,4,4,4,4,,4,4,4,4,3,4.0,4,3,4,4,4,3,4,4,4,4,,4,4,4,,5,4,3,4,4,4,4,4,4,4,4,,5,4,4,4,4,4,3,,4,,,4,3,0,4,4,4,4,5.0,4,4,5,4,4,,3,,4,4,4,,3,5,5,,,5.0,,4,,4,4,4,4,4,4,4,4,5.0,4,4,4,,4,4,4,4,5,,,3,3,4,4,4,3,4,,5,4,4,,4,5.0,,4,4,,4,5.0,4,4,3,4,,,4,,4,4,4,5,5.0,4,3,3,,,,4,4,3,4,5.0,4,4,5,3,4,,4,5,4,4,5,5,4,,3,4,4,4,4,4,4,4,5,4,,4,4,4,5,,5.0,5,3,4,5,,4,4,3,3,,4,5.0,4,,5.0,,,,4,3,5.0,4,4,5.0,,4,,,,4,4,0,5.0,,5.0,4,4,,4,4,4.0,,4,,4,,5,,3.0,5,5,3,5,,4,4,4,4.0,4,4,3,4,4,3,4,5.0,4,4,5,3,5.0,3,5.0,4,4,,5.0,4,0.0,4,4,,,4,4,,4,5.0,,,,3,5,,5.0,4.0,4,,3,5,4,,5,,,4,4,3,5,,3,4,,,,,4,4,4,,5,4.0,,4,,4.0,4.0,,4,5,,4,,,4,0.0,4,4,5.0,4.0,5,,,4,4.0,,4,4,,,,4,,,,,5,4,5,4,4,,4,4,4,4,,,4,4,4,,4,4,5.0,4,3,4,4,,5,4,4,3,5,5,5,4,4,,5.0,,,,0.0,,5.0,,4,,4,4,4,5,4,4,0,3,4,,,,,,4,5,,,4,,,4,1,,,4,,3,,4.0,5,4,3,5.0,4,5,,5.0,4,,,4,4,,,,,,5.0,,,4,4,,,,120,3,1.1123304562268803,-0.5901124416078289
3,3,2,2,2,2,2,2,2,3,2,2,2,1,2,2,0,2,2,2,2,2,3,2,3,2,3,2,2,2,2,3,3,3,3,2,2,3,3,3,3,2,2,4.0,2,2,2,2,3,3,3,2,3,2,2,2,2,2,2,3,3,3,1,2,1,2,2,3,2,2,3,2,3,3,2,3,3,2,2,2,2,2,2,2,2,3,2,2,2,2,2,2,2,2,2,2,2,3,2,2,3,3,3,2,3,2,2,1,2,3,3,3,3,2,2,2,2,2,2,3,3,1,3,3,3,3,2,2,1,2,2,2,2,2,2,2,3,2,3,2,2,2,2,2,3,2,2,2,3,2,3,3,2,2,2,2,3,2,2,2,1,2,2,2,2,2,2,2,2,2,2,2,2,2,2,3,3,3,3,2,2,2,3,1,2,3,3,2,2,2,2,2,3,3,2,3,2,2,2,2,3,2,3,2,3,3,2,2,3,1,1,2,2,3,2,2,2,3,2,0,3,2,2,2,3,3,2,3,3,3,2,2,2,2,2,2,2,0,0,1,2,2,2,2,2,2,3,3,3,2,3,3,2,2,2,2,2,3,2,3,3,3,2,2,3,3,3,3,3,2,2,2,2,3,3,3,3,3,1,2,2,2,2,2,2,2,2,3,3,3,1,3,2,3,3,2,2,3,3,3,2,2,2,2,3,2,0,3,2,2,2,3,3,3,2,3,3,3,2,2,3,3,3,3,3,2,2,1,3,2,3,3,3,2,3,3,3,2,2,3,2,3,2,0,3,2,2,3,3,2,3,2,3,2,3,2,2,2,3,3,3,2,2,2,3,2,2,2,3,3,3,2,2,2,3,2,3,2,3,2,3,3,3,3,3,3,3,3,3,3,3,3,3,2,3,2,3,3,3.0,3,2,2,3,3,2,2,3,3,3,2,2,2,1,2,,,3.0,2,2,2,2,3,3,2,2,3,2,2,3,3,2,3,3,3,2,3,3.0,2,2,3,2,2,3,3,3,2,3,3,2,,2,3,3,2,2,3,,3,2,3,3,3,3,,2,3,3,2,2,3,3,3,3,2,2,,3,3,2,4.0,2,2,3,2,2,3,2,4,3,2,2,3,2,2,2,2,3,3,2,3,3,2,3,3,2,3,2,3,3,2,3,3,3,2,2,2,3,3,2,3,2,3,4.0,3,,3,2,3,3,3,3,2,3,2,3,3,3,3,3,3,3,2,3,2,2,3,2,3,2,2,2,3,2,3,3,3,3,3,4,3,3,,3,3,3,3,3,3.0,2,3,3,3,3,3,3,3,2,3,,3,3,3,,3,3,3,2,3,3,3,2,3,3,3,,3,3,3,3,3,2,3,,3,,,3,3,3,3,2,3,3,4.0,2,4,3,3,3,4.0,3,,3,3,3,,3,3,4,,,4.0,,3,,3,3,3,3,3,2,3,3,4.0,3,3,3,,3,3,3,3,3,,,3,3,3,3,2,3,2,,3,3,3,,3,4.0,,3,3,,2,4.0,3,2,3,3,3.0,4.0,3,,3,3,3,3,4.0,3,3,3,,,,3,3,3,3,4.0,3,3,3,2,3,,3,3,3,3,3,3,1,,3,2,3,3,3,2,2,3,3,2,,3,3,3,3,,4.0,3,2,2,3,,3,3,3,3,,3,4.0,3,,4.0,,,3.0,3,3,4.0,3,3,4.0,,2,,,,3,3,3,3.0,,4.0,3,3,,3,3,,,3,,3,,4,,,3,3,3,3,,3,3,3,4.0,3,3,2,2,3,2,3,3.0,2,3,3,3,4.0,2,,3,3,0.0,3.0,3,,2,0,,,2,3,,3,4.0,,3.0,,2,4,,0.0,3.0,2,,3,3,3,,3,4.0,,3,3,2,3,,2,3,,,,,3,3,0,,4,4.0,,3,,4.0,,,3,3,,3,,,3,,3,3,4.0,3.0,3,,,2,,,3,3,,,,2,,,4.0,,3,3,3,3,3,,3,3,3,3,,,3,3,3,,3,3,3.0,3,3,2,3,,3,3,3,2,3,3,3,3,3,,4.0,,,3.0,3.0,,3.0,,3,,3,3,4,3,3,3,3,3,3,,,,,,2,3,4.0,3.0,3,,,3,2,,,3,,3,,3.0,4,3,3,,3,3,,4.0,3,,,3,3,,,,,,4.0,,,3,3,,,4.0,121,3,1.0936158798283266,-0.6752061869088548
3,2,2,2,2,2,3,3,3,3,2,3,2,2,3,2,2,2,2,2,2,2,3,2,3,3,3,3,2,2,2,2,3,3,3,2,2,3,2,3,3,2,1,4.0,2,2,2,2,2,3,3,2,3,3,2,2,3,2,1,3,3,3,2,2,2,3,3,3,2,2,3,3,3,3,2,3,2,2,2,2,2,2,2,2,1,2,1,2,2,2,3,3,2,2,3,3,2,3,3,2,3,3,3,2,3,2,2,2,3,3,3,3,3,2,2,1,2,2,3,3,3,1,3,2,3,2,3,2,2,2,3,2,2,2,3,3,3,2,2,3,3,2,2,2,1,2,3,2,3,3,3,2,2,2,2,2,3,3,2,2,1,2,2,2,3,2,2,3,2,2,2,2,2,2,2,3,3,3,3,2,2,3,3,2,2,3,2,2,3,2,2,2,3,2,2,2,3,2,3,3,3,2,3,2,3,3,3,3,2,2,2,2,2,3,3,2,3,2,2,3,3,2,2,2,3,3,2,3,2,2,2,3,2,2,2,3,2,3,3,3,3,3,3,2,3,1,3,3,3,1,3,2,2,1,2,2,2,3,2,3,3,2,3,0,3,3,3,3,3,2,3,2,3,3,1,3,3,3,2,3,2,2,2,1,3,2,2,3,2,3,2,3,3,3,3,2,2,3,3,3,2,2,2,2,2,2,2,3,2,3,2,3,3,3,2,3,2,3,2,3,2,3,3,2,3,3,2,3,3,2,3,3,3,1,2,3,2,2,2,2,2,3,3,3,3,3,3,3,4,3,3,2,3,2,3,2,2,3,3,3,3,2,2,2,3,2,2,2,2,2,2,2,2,0,3,2,3,2,3,3,3,3,3,4,3,3,3,2,2,3,3,3,3,2,3,2,3,3,4.0,3,2,2,3,3,2,2,3,3,3,3,3,1,3,3,3.0,2.0,4.0,2,3,2,2,2,2,2,2,2,2,2,3,3,2,2,3,2,2,3,4.0,3,2,3,3,2,2,2,2,2,3,3,3,,3,3,3,2,3,2,,3,2,2,2,3,2,,3,3,3,2,3,3,3,2,3,2,2,,3,3,2,4.0,2,2,3,3,3,2,2,3,3,3,2,3,0,2,2,2,3,3,2,3,3,3,3,3,3,4,2,3,3,2,2,3,3,2,3,3,2,3,2,3,2,3,4.0,3,,3,2,3,3,3,0,1,3,2,4,3,3,3,3,3,3,3,3,3,3,3,2,2,2,2,2,3,2,3,3,3,3,3,4,3,2,,3,3,3,3,3,3.0,3,3,3,3,3,3,3,3,3,2,,3,3,3,,4,3,3,3,3,2,3,3,3,3,2,,3,3,3,3,3,2,3,,0,,,2,3,3,3,3,2,3,4.0,2,3,4,3,3,,3,,3,3,3,,3,4,4,,,4.0,,3,,3,3,3,3,3,2,3,3,4.0,3,3,3,,3,3,2,3,4,,,3,3,3,3,2,3,3,,3,2,3,,3,4.0,,3,3,,3,4.0,3,3,2,3,,,3,4.0,3,3,2,3,4.0,3,3,3,,,,3,3,3,3,4.0,3,3,0,2,3,,3,3,3,3,3,3,3,,3,0,4,3,3,3,3,3,4,2,,3,3,3,3,,4.0,3,2,2,4,,3,2,3,3,,3,4.0,3,,4.0,,0.0,,3,3,4.0,3,3,4.0,,3,,4.0,,3,3,3,4.0,0.0,4.0,3,3,,4,3,,,3,,3,,4,4.0,,3,4,3,3,,3,3,4,4.0,3,3,2,3,3,2,3,4.0,3,3,4,3,4.0,2,,3,3,3.0,4.0,3,,3,3,,,3,3,4.0,3,4.0,4.0,,,3,4,3.0,,4.0,3,,3,3,3,,3,4.0,,3,3,2,3,,2,3,,,,,3,3,3,,4,4.0,,3,,4.0,,,3,4,,3,4.0,,3,4.0,3,3,4.0,,3,,,3,,,3,3,,,,3,,4.0,4.0,,3,3,3,3,3,,3,4,3,3,,,3,3,3,,3,3,4.0,3,2,3,3,,3,3,3,2,3,3,4,3,3,,4.0,,,,,,4.0,,3,,3,2,4,3,3,3,3,3,3,,,,,,2,3,,,4,,,3,3,,,3,,2,,4.0,3,3,2,4.0,0,4,,4.0,3,,,3,3,4.0,,,,,4.0,,,4,3,3.0,,3.0,122,3,1.1029967602591797,-0.6892717135306988
3,3,2,2,2,2,3,3,3,3,2,2,2,1,2,2,2,2,2,2,3,2,3,2,3,2,3,2,2,2,2,3,3,3,3,2,2,3,3,2,2,2,2,4.0,2,2,2,2,3,3,3,2,3,2,3,3,3,3,2,3,3,2,2,2,2,2,3,3,2,2,3,3,4,3,3,3,3,3,2,2,3,2,2,2,2,3,3,2,3,2,3,3,3,2,2,2,2,2,3,3,2,3,3,2,2,2,2,2,2,3,3,3,3,2,2,2,2,3,2,3,3,2,3,3,2,3,3,3,2,2,3,3,2,3,3,2,3,2,3,2,2,3,2,3,3,2,2,0,3,3,2,3,2,2,2,2,3,2,2,2,1,2,3,3,2,2,2,2,2,2,2,2,2,2,2,3,3,3,3,2,2,2,0,2,2,3,3,2,3,2,2,2,3,3,3,3,3,2,3,2,2,2,3,3,1,2,2,2,3,2,2,2,2,3,2,3,2,3,2,3,3,3,3,3,3,3,2,3,2,3,3,2,3,2,2,3,2,3,3,3,3,3,2,3,3,2,3,3,3,2,2,3,2,3,2,2,2,3,3,3,3,3,3,2,3,3,3,3,2,1,3,3,2,2,3,3,3,3,2,3,2,2,2,2,3,2,3,3,2,3,2,3,3,3,2,2,2,3,3,3,0,1,3,2,3,3,2,3,2,3,3,3,2,3,2,3,3,3,2,3,2,2,2,2,3,3,3,2,3,2,4,3,3,2,3,3,2,2,2,1,2,3,2,3,3,3,3,3,3,3,3,2,3,2,3,2,2,3,3,3,3,2,2,3,3,2,3,2,2,3,3,1,3,3,3,2,2,2,3,2,3,3,3,3,3,2,3,3,3,2,2,3,3,2,3,1,3,2,3.0,3,3,3,3,3,2,2,3,3,3,3,3,3,3,3,,,4.0,2,3,2,2,2,3,2,2,3,3,2,2,2,3,3,3,3,1,3,4.0,3,3,3,2,3,3,3,2,2,2,3,2,,2,3,3,3,3,3,,3,2,3,2,0,3,,3,3,2,3,3,3,3,3,3,2,2,,3,3,2,4.0,3,3,0,3,3,3,3,3,3,2,2,3,3,3,2,2,3,3,3,3,3,3,3,3,2,4,2,4,3,2,3,3,4,3,3,3,3,3,3,3,3,3,4.0,3,,3,2,3,3,3,3,2,3,2,3,3,3,3,4,3,3,3,3,3,3,3,2,3,2,3,2,3,3,3,3,3,3,3,4,3,3,,3,3,3,4,4,4.0,3,3,3,3,3,3,4,3,2,3,,3,2,3,,4,3,3,3,3,3,3,2,2,2,3,,3,3,3,3,3,3,3,,3,,,3,3,3,3,3,2,4,,2,4,3,3,3,,3,,3,2,3,,3,3,4,,,4.0,,3,,3,3,3,3,2,3,3,3,4.0,4,3,3,4.0,2,3,3,2,4,2.0,,3,3,3,3,3,3,3,,3,3,3,,3,3.0,,3,3,,3,4.0,3,3,3,3,,,3,,3,3,3,3,4.0,3,3,3,,,,3,3,3,3,4.0,3,4,3,3,3,3.0,3,3,3,3,3,3,3,,3,3,4,3,4,2,3,3,3,3,,3,3,3,3,,4.0,3,3,2,3,,3,3,3,3,,3,4.0,3,,3.0,,,,3,3,4.0,3,3,4.0,,3,,,,2,3,4,4.0,,4.0,3,3,,4,3,,,3,,4,,4,,,3,3,3,4,,3,3,4,4.0,3,3,2,3,3,2,3,4.0,3,3,4,2,3.0,2,,3,3,,4.0,3,3.0,1,4,,,3,3,,4,4.0,,,,3,3,,,4.0,3,,3,3,3,3.0,3,4.0,,3,4,2,3,,2,3,,,,,3,4,4,,1,4.0,,3,,4.0,,,3,3,,3,,,3,,4,3,,,3,,,2,,,3,2,,,,3,4.0,,4.0,,4,3,3,0,3,,4,0,3,3,,,3,3,3,,3,2,4.0,3,3,2,1,,2,2,0,2,3,4,4,3,3,,4.0,,,,,,4.0,,3,,3,3,4,3,3,3,3,0,4,,,,,,2,3,,,4,,,3,3,,,3,,3,,0.0,4,3,3,3.0,3,4,4.0,4.0,3,,,3,4,,,,,,4.0,,,3,3,,,,123,3,1.1124921531701197,-0.6660808590501103
3,2,2,2,2,2,2,3,2,3,2,2,3,2,2,2,2,2,2,2,2,2,3,2,2,3,3,2,2,2,2,2,3,3,3,2,2,3,2,3,2,2,2,4.0,2,2,2,1,2,3,3,2,3,2,2,2,2,2,2,2,3,2,2,2,2,2,2,3,2,1,3,3,3,3,2,3,2,3,2,2,0,2,2,2,2,3,2,2,2,2,2,2,2,2,2,2,1,0,3,2,2,3,3,3,3,2,2,1,2,3,3,3,3,2,0,1,2,3,3,3,3,2,3,2,2,3,3,2,1,1,2,2,2,2,3,2,2,1,3,0,3,2,2,3,3,2,2,2,3,3,3,3,2,2,2,2,3,2,2,3,1,2,2,2,2,2,2,3,2,1,2,2,2,2,2,3,3,3,3,2,2,2,3,1,2,3,3,2,1,2,2,2,3,3,2,3,2,3,2,3,3,2,3,2,3,3,2,2,2,2,2,2,2,3,2,2,2,3,2,3,2,2,2,3,3,3,2,3,3,2,2,3,2,2,2,2,2,2,3,3,3,3,2,3,3,2,3,3,3,2,2,2,2,2,2,2,2,3,2,3,3,2,3,2,3,3,3,3,3,2,2,2,3,3,3,3,3,3,2,2,2,2,2,2,2,2,2,2,3,3,2,3,2,3,2,2,2,3,3,3,2,2,2,2,2,3,2,3,2,3,2,2,3,3,3,3,3,3,2,0,2,0,3,2,3,2,2,2,3,2,3,3,3,1,3,2,2,2,1,2,2,3,2,2,3,2,2,3,3,3,3,1,3,2,3,2,2,2,3,3,2,2,2,2,3,2,2,2,3,3,2,2,3,3,3,2,3,2,3,2,3,3,3,3,3,3,3,2,2,3,3,3,3,2,2,2,2,3,3.0,3,2,2,3,3,2,2,2,3,2,2,2,2,3,2,,,3.0,2,2,2,2,3,2,2,1,3,2,2,2,2,2,3,3,3,2,3,3.0,2,2,0,2,2,2,2,2,2,3,2,2,,2,3,3,2,3,2,,2,2,2,2,3,3,,2,3,3,2,3,3,3,3,3,2,2,,3,3,2,4.0,2,2,2,2,3,2,2,4,3,3,2,3,2,2,2,2,2,3,3,3,3,3,3,3,2,3,2,4,2,2,3,3,3,3,3,3,2,3,2,3,2,3,4.0,3,,3,2,2,3,3,3,2,3,1,3,3,3,3,3,3,3,2,3,2,2,3,2,2,2,2,2,2,2,3,2,3,3,2,3,3,3,4.0,2,3,2,3,3,4.0,2,3,3,3,3,3,3,3,2,3,,3,3,2,,3,3,3,3,3,2,3,2,2,3,3,,3,3,3,3,3,2,3,,3,,,3,3,3,3,2,3,3,4.0,2,3,3,2,2,,3,,3,3,3,,3,3,4,,,4.0,,3,,3,3,3,3,2,3,3,3,4.0,3,3,3,,3,3,3,2,4,,,3,3,2,3,3,3,2,,3,2,3,,3,3.0,,3,2,4.0,3,0.0,3,3,3,3,,,3,,3,3,2,3,4.0,3,3,3,,,,3,3,3,3,4.0,2,3,3,3,3,,3,3,3,3,3,3,3,,3,3,3,3,3,3,3,2,3,2,,3,3,3,3,,4.0,3,2,2,3,,3,3,2,3,,3,4.0,3,,3.0,,,,3,3,4.0,3,3,4.0,,3,,,,3,3,2,3.0,,4.0,3,3,3.0,3,3,,,3,,3,,4,,,3,3,3,3,,3,3,3,4.0,3,3,2,3,3,2,3,3.0,3,2,3,3,2.0,2,3.0,2,3,,4.0,3,,2,3,,,3,3,,3,4.0,3.0,,,3,4,,,3.0,3,,2,3,3,,3,4.0,,3,3,2,3,,2,2,,,,,3,1,3,,3,4.0,,3,,4.0,4.0,,2,3,,2,,,3,,3,3,4.0,,3,4.0,,2,,,3,2,,,,0,4.0,,4.0,,3,3,3,3,3,,3,4,3,2,,,3,3,1,,3,3,4.0,3,2,3,3,,3,3,3,2,3,3,4,3,3,,4.0,,,,,,3.0,,1,,3,2,3,2,3,3,3,3,4,,,,,,2,3,,3.0,4,,,3,1,,,3,0.0,2,,3.0,3,3,2,3.0,3,2,,4.0,2,,,3,3,4.0,,,,,4.0,,,3,3,,3.0,,124,3,1.1147385532376055,-0.6673115569467931
3,3,1,2,1,2,2,3,0,2,3,3,2,2,3,2,3,3,3,3,3,3,3,3,3,3,4,3,3,3,3,3,4,3,3,3,3,4,3,3,3,3,3,4.0,3,3,3,3,3,4,3,3,4,3,2,2,2,2,2,2,3,3,2,2,2,3,3,3,3,3,3,3,4,4,3,4,3,3,3,3,3,2,2,3,3,3,2,2,3,2,3,3,3,3,3,3,2,2,1,3,2,3,2,3,3,3,3,2,2,3,3,4,3,3,2,3,3,3,3,4,4,2,3,3,2,3,2,3,3,3,3,2,2,3,3,3,3,2,2,2,2,3,2,3,3,2,3,3,2,3,3,3,3,3,3,3,3,3,2,2,1,3,2,3,2,3,2,3,3,2,3,3,3,3,2,3,4,3,3,2,2,3,3,2,3,3,3,3,3,3,3,2,3,2,2,2,3,3,3,3,3,3,4,3,3,3,3,3,2,2,2,2,3,3,3,3,3,3,3,3,4,3,3,3,3,3,3,3,3,3,3,3,3,2,2,3,2,2,2,3,3,0,3,3,3,3,4,3,3,2,3,3,1,3,3,3,3,3,3,3,3,3,0,3,3,3,3,3,3,2,3,2,3,2,3,3,4,3,3,3,2,2,2,2,3,2,2,3,3,4,3,3,3,2,3,3,3,4,3,3,3,2,3,2,3,2,3,3,2,3,3,3,3,4,3,4,3,4,3,2,2,2,2,2,3,3,3,3,3,3,4,4,3,2,3,0,3,3,3,3,3,4,2,3,3,3,3,2,3,1,3,3,3,0,3,3,3,3,3,3,3,3,3,3,4,3,3,3,3,3,4,2,3,3,3,3,3,3,3,3,3,3,4,4,4,3,4,4,3,3,3,3,3,3,3,3,3,3,4.0,4,3,3,3,4,2,2,3,3,2,3,3,2,2,3,,4.0,4.0,3,3,3,3,3,3,3,2,3,3,3,2,2,2,3,4,3,2,4,4.0,3,3,4,3,3,3,3,3,3,2,3,2,,3,4,2,3,3,3,,3,3,3,3,3,3,,3,4,3,3,3,3,3,3,4,3,2,,3,4,3,4.0,3,2,3,3,3,3,3,3,4,3,3,4,3,3,2,3,3,4,2,3,4,3,3,4,3,3,3,4,3,3,3,3,4,3,3,3,3,3,3,3,2,4,,4,,3,3,3,3,3,3,3,3,2,4,4,4,4,4,4,3,3,4,3,3,4,3,3,3,3,3,3,2,4,4,4,4,4,4,3,3,,3,3,3,3,3,4.0,3,3,0,2,3,3,4,4,3,3,,3,3,3,,4,4,3,0,3,3,3,3,1,3,3,,4,3,3,3,4,3,3,,3,,,3,3,4,3,3,3,4,,3,4,3,3,3,,3,,4,4,3,,3,4,4,,4.0,,,0,,3,3,3,3,3,3,3,3,4.0,3,3,4,,3,4,3,3,4,,,2,3,3,4,3,3,3,,4,3,3,,3,3.0,,4,3,,3,4.0,3,2,3,3,,,3,,3,4,3,4,3.0,3,3,3,,,,4,3,3,3,4.0,3,4,4,3,4,,3,3,4,3,4,4,4,,4,3,4,3,4,3,4,3,3,3,,2,4,3,4,4.0,4.0,4,3,3,4,,4,3,4,3,,3,4.0,3,4.0,3.0,,4.0,,4,3,,3,3,4.0,,3,,,,4,3,4,4.0,,4.0,4,3,,4,3,,,4,,4,,4,,,3,4,3,4,,4,2,4,4.0,3,3,2,3,4,2,4,3.0,3,3,4,3,3.0,3,,3,3,,,2,,3,4,,,2,3,,4,,,,4.0,3,4,,,4.0,2,,3,4,3,,3,4.0,,3,4,3,3,4.0,2,4,,,,,3,4,4,0.0,4,4.0,4.0,4,,4.0,4.0,,3,4,,0,,,4,,4,3,,,4,3.0,,3,,,4,2,,,,3,4.0,,1.0,3.0,4,4,2,4,3,,4,4,4,4,,,4,4,3,,3,3,,3,3,3,3,,3,3,3,3,3,4,4,4,3,,4.0,,,,,,4.0,,4,,3,3,4,4,4,3,4,3,4,4.0,,,,,3,4,,,4,4.0,,4,2,,,4,,3,3.0,4.0,4,3,3,,4,4,,4.0,4,,,3,3,,,,,,,4.0,,3,3,,,,125,3,1.1224245646683508,-0.6072523981665876
3,2,1,2,1,2,2,3,2,3,0,2,2,1,2,2,2,2,2,2,2,2,3,2,3,2,3,2,2,2,2,2,3,2,3,2,2,3,2,2,3,2,2,3.0,2,1,2,2,2,3,3,2,3,3,2,2,2,2,1,2,3,2,1,1,1,2,2,3,2,2,2,2,3,3,2,3,3,2,2,2,2,2,2,1,1,3,1,2,2,2,0,2,2,2,2,2,2,3,2,2,2,3,2,2,3,2,1,1,2,3,3,3,3,2,2,1,2,2,2,3,3,1,3,3,2,2,0,2,2,2,2,2,2,1,0,2,2,2,2,2,2,2,2,1,3,2,3,2,3,3,3,2,2,2,2,2,3,3,2,2,1,2,2,2,2,2,2,2,2,2,2,2,2,1,2,3,3,2,3,2,2,2,3,2,2,3,2,2,2,2,2,2,2,2,1,2,2,2,3,2,3,2,3,2,3,3,2,2,2,2,2,2,2,3,2,2,2,2,2,3,3,2,2,2,3,3,2,3,2,2,2,3,2,2,2,3,2,2,2,2,3,3,2,2,2,2,3,3,2,2,3,2,2,2,2,2,2,3,2,2,3,2,3,2,3,3,3,3,2,2,2,2,2,2,2,3,3,3,2,2,1,2,1,2,2,2,2,3,2,3,2,3,2,3,3,2,2,3,3,3,1,2,2,2,2,2,2,3,2,3,2,2,2,3,2,3,3,3,2,3,3,3,3,2,2,2,2,2,2,1,3,3,3,2,3,3,2,2,2,2,1,3,2,2,3,3,2,3,3,2,3,2,3,2,3,1,2,2,3,3,3,2,2,2,3,2,1,2,2,3,3,2,0,2,3,2,3,2,3,2,3,3,3,3,3,3,3,3,3,3,3,3,3,2,3,2,3,3,3.0,3,2,2,3,3,2,0,3,3,2,2,2,2,2,2,,,3.0,2,2,2,2,2,2,2,2,2,2,2,2,2,2,2,3,2,2,3,4.0,3,2,3,2,2,3,2,2,2,2,3,2,,2,3,3,2,2,2,,3,2,2,3,3,2,,2,3,2,2,2,2,3,3,3,2,2,,3,3,2,4.0,2,2,2,2,2,3,2,3,3,2,2,3,2,2,2,2,2,2,2,3,3,3,3,3,2,3,2,3,2,2,3,3,3,2,3,2,3,3,2,2,2,2,3.0,2,,3,2,3,3,3,3,1,2,2,3,2,3,2,3,3,3,2,3,2,2,3,2,3,2,2,2,2,1,2,2,3,2,2,3,3,2,,3,3,2,3,3,3.0,2,3,3,2,2,3,3,3,2,3,,3,2,2,,3,3,2,2,3,2,3,2,3,3,2,,3,2,2,3,3,2,3,,3,,,3,3,0,3,2,2,3,4.0,2,3,3,3,3,,3,,3,3,3,,3,3,4,,,4.0,,2,,3,2,3,3,2,2,3,3,4.0,3,3,3,,2,3,2,3,4,,,3,2,3,2,2,2,3,,3,2,3,,3,4.0,,3,3,,2,4.0,3,2,3,2,,,2,,2,3,2,3,4.0,1,3,3,3.0,,2.0,3,3,3,2,4.0,3,3,3,2,2,,3,3,2,3,3,3,3,,3,2,0,3,3,2,2,3,3,2,4.0,2,2,3,3,,4.0,3,2,2,2,,3,3,2,3,,3,4.0,2,,4.0,,,,3,3,3.0,2,3,4.0,,2,,,,3,2,3,3.0,4.0,4.0,3,3,3.0,3,3,,,3,,3,,4,,,1,3,3,3,,3,0,3,4.0,3,3,2,3,2,2,3,4.0,2,3,3,2,3.0,2,,3,3,4.0,4.0,2,,2,3,,,2,3,,3,3.0,,,,2,3,,,3.0,2,,3,3,3,,3,4.0,,3,3,2,3,,2,3,,,,,2,3,3,,4,3.0,,3,,3.0,,,3,3,,2,,,3,,2,2,3.0,,3,,,2,,,3,2,,,,2,,,4.0,,3,3,3,3,3,,3,3,3,2,,,3,3,3,,3,3,4.0,3,3,3,3,3.0,3,3,3,2,3,3,3,3,3,,4.0,,,,,,3.0,,3,,2,2,3,3,3,3,3,3,3,,,,,,2,3,,,3,,,3,2,,,3,3.0,3,,0.0,3,3,3,,3,3,,4.0,3,,,2,3,,,,,,4.0,,,3,2,4.0,,,126,3,1.0951731660758115,-0.6494717798847617
2,2,2,2,1,2,2,2,1,2,2,2,0,1,1,2,2,2,2,1,2,2,3,2,2,2,3,2,2,2,2,0,2,1,2,2,2,2,2,2,2,2,2,3.0,2,2,2,2,2,2,3,2,3,2,2,2,2,2,2,3,2,2,1,2,2,2,2,2,2,2,2,2,3,1,2,2,3,2,2,2,2,2,1,1,1,2,1,2,2,2,2,2,2,2,2,1,2,3,2,2,2,3,3,2,2,2,2,1,2,3,2,3,3,2,2,2,2,2,2,3,3,1,3,2,2,2,3,2,2,1,2,2,2,2,2,2,3,2,2,2,2,2,1,2,2,2,2,2,2,3,2,2,2,2,2,2,2,3,2,2,1,1,2,2,2,2,1,2,2,2,2,3,2,2,2,3,3,2,3,2,2,2,3,1,2,3,2,2,2,2,2,2,3,2,2,2,2,2,2,2,2,2,3,2,3,2,2,2,2,2,2,2,2,2,2,2,2,2,2,2,3,0,2,2,2,2,2,3,2,2,2,2,2,2,2,3,2,2,2,3,2,3,2,2,2,2,3,3,2,1,2,2,2,2,2,2,1,3,2,2,3,2,3,2,2,2,1,2,2,2,2,2,2,2,3,2,3,2,2,2,1,2,0,2,2,2,2,2,2,2,2,2,2,2,2,2,2,2,3,3,2,2,2,2,2,2,2,3,2,2,2,2,2,2,1,3,2,2,2,3,2,2,3,2,2,2,2,2,2,2,3,2,3,2,3,3,2,2,2,2,2,3,2,2,3,2,2,3,3,3,3,2,3,2,3,2,2,2,2,3,2,2,2,2,3,2,2,2,2,3,3,2,2,2,3,2,2,2,3,3,2,3,3,3,3,2,3,3,2,3,2,3,3,2,3,2,3,3,3.0,2,2,2,3,2,2,2,3,2,2,2,2,2,2,2,4.0,,3.0,2,2,1,1,2,2,2,2,2,2,2,2,2,1,2,3,2,1,3,4.0,3,2,3,2,2,3,2,2,2,2,3,2,,0,3,2,2,2,3,4.0,2,2,2,2,3,2,,2,2,2,2,2,3,3,2,3,2,1,,3,3,2,4.0,2,2,1,2,2,2,2,3,3,2,2,3,2,1,1,2,2,2,2,2,3,3,3,3,2,3,2,3,2,2,2,3,3,2,3,2,3,3,2,3,2,2,3.0,2,,2,2,3,3,2,3,2,3,2,0,3,2,3,3,3,2,2,2,2,2,3,2,3,2,1,2,2,2,2,2,2,3,2,3,2,1,,2,2,2,2,2,3.0,2,2,2,2,2,2,3,3,2,2,,0,2,2,,3,2,2,3,2,2,2,2,3,2,2,,3,2,2,3,2,2,3,,3,,4.0,2,3,3,2,2,2,3,4.0,2,3,3,3,3,,3,,2,2,3,,2,3,3,4.0,,3.0,,3,,3,3,3,3,2,2,3,3,3.0,3,2,3,,2,2,2,2,3,,,2,2,2,3,2,2,2,,3,2,2,,2,4.0,,3,2,,2,4.0,3,2,3,2,,,2,,2,2,2,3,3.0,3,3,3,,,2.0,2,2,2,2,4.0,3,3,3,2,3,,3,3,3,3,3,3,3,,3,2,3,3,2,2,3,3,3,2,,3,3,3,3,3.0,4.0,3,2,2,3,,3,2,3,2,,2,4.0,3,,4.0,4.0,,,3,2,3.0,2,3,3.0,,3,,,,2,2,3,3.0,,4.0,2,2,,3,3,,,3,3.0,3,,3,,,3,3,2,3,,3,3,3,3.0,3,0,2,3,3,2,1,4.0,3,3,3,2,3.0,2,,2,2,,4.0,3,,2,3,,,3,3,,3,0.0,,,,2,3,,,3.0,3,,3,3,3,,3,4.0,,2,3,2,3,,2,3,,,,,3,3,3,,3,3.0,,3,,3.0,,4.0,3,3,,2,3.0,,3,,3,3,4.0,3.0,3,,,3,,,0,2,,,,3,,,4.0,,3,3,3,3,2,,3,3,3,3,,,3,2,3,,3,2,4.0,3,3,3,3,,3,3,3,1,3,3,3,2,3,,4.0,,,,3.0,,3.0,,3,,3,2,3,3,3,3,3,3,3,,,,,,2,3,,,3,,,3,2,,,3,,3,,4.0,3,3,3,,3,3,,4.0,3,,,3,3,,4.0,,,,4.0,,,3,3,3.0,,,127,3,1.0921966498706253,-0.6744945571471385
3,2,2,2,2,2,3,2,2,3,2,2,2,2,2,2,1,2,2,2,2,2,3,2,3,3,3,2,2,3,2,2,3,3,3,2,2,3,3,3,3,2,2,3.0,1,2,2,3,3,3,3,2,2,2,3,3,3,3,2,3,2,3,2,2,2,2,3,3,2,2,3,3,3,3,2,3,3,2,3,2,2,2,1,2,2,3,1,2,3,3,3,3,3,2,2,2,2,3,3,3,3,3,3,3,3,2,2,2,3,3,3,3,3,2,2,2,2,3,3,3,3,2,3,2,3,3,3,2,1,2,3,2,2,1,3,3,3,2,3,2,3,2,2,2,3,2,3,2,3,3,3,2,2,2,2,2,3,2,3,3,2,3,2,2,3,2,2,2,2,2,2,3,2,2,2,3,3,3,3,2,2,3,3,2,2,3,2,1,2,2,2,2,3,3,3,3,2,2,3,2,3,2,3,2,2,2,2,3,3,2,2,2,2,3,3,2,3,3,2,3,3,2,2,3,3,2,2,0,3,3,2,2,3,2,2,3,2,3,3,3,3,3,3,3,3,3,3,3,3,2,3,3,2,1,1,2,2,3,2,3,3,2,3,2,3,3,3,3,3,2,3,2,3,3,3,3,3,3,2,3,2,2,1,1,3,2,3,3,2,3,2,3,2,1,3,2,2,3,3,3,2,2,3,2,2,3,2,3,2,3,2,2,3,3,2,3,2,3,2,3,3,3,3,3,3,2,2,2,3,2,4,3,3,2,3,3,2,2,2,3,2,3,3,3,3,3,2,3,4,3,3,3,3,3,4,2,2,2,2,3,3,3,0,2,3,2,2,2,2,3,3,2,2,0,2,3,3,2,3,3,3,3,3,3,3,3,3,3,3,3,3,3,3,2,3,2,3,3,3.0,3,3,2,3,3,2,2,2,2,3,2,3,2,3,3,,,4.0,3,3,2,1,2,3,3,2,3,2,2,3,3,2,3,3,3,2,3,4.0,3,3,3,3,2,3,3,3,0,3,3,3,,2,3,3,2,3,3,,3,2,2,3,3,2,,2,3,2,3,3,3,3,3,3,2,2,,3,3,3,4.0,2,3,3,2,3,3,2,3,3,2,2,3,2,2,2,2,3,3,2,2,3,3,2,0,2,3,1,3,2,2,3,3,3,3,3,3,3,3,2,3,3,3,4.0,3,,2,2,3,3,2,3,2,3,2,3,3,3,2,3,3,3,3,3,3,2,3,2,3,3,2,2,3,3,3,3,3,3,2,3,3,2,,3,2,3,3,3,4.0,2,3,3,3,2,3,3,3,2,3,,3,2,3,,3,3,2,3,3,3,3,3,3,2,3,,3,3,3,3,3,2,3,,3,,,2,3,3,3,3,3,3,3.0,3,3,3,4,3,,3,,3,3,3,,3,4,4,,,4.0,4.0,3,,3,3,3,3,2,2,3,3,4.0,3,3,3,,2,3,3,3,4,,,2,3,3,3,3,2,3,,3,2,3,,3,4.0,,3,3,,2,4.0,3,3,3,3,,,3,,2,3,3,3,4.0,3,3,3,,,3.0,3,3,3,3,4.0,3,3,3,3,3,,3,3,3,3,3,3,3,,3,3,3,3,2,3,3,3,4,3,,3,3,3,4,4.0,4.0,0,2,2,3,,3,3,3,3,,2,4.0,3,,4.0,,4.0,,3,2,4.0,3,3,4.0,,3,,,,3,3,4,4.0,0.0,3.0,3,2,,3,3,,,3,,3,,0,,,4,3,3,3,,3,3,3,4.0,4,3,3,3,3,2,3,4.0,3,3,3,3,4.0,1,,3,3,,4.0,3,,3,3,,,3,3,,3,4.0,,,,3,4,,,4.0,3,,3,3,3,,3,4.0,,3,3,2,3,,2,3,,4.0,,,3,3,3,,4,4.0,,3,,4.0,,,3,3,,3,,,3,,3,3,4.0,,4,,,3,,,3,3,,,,3,,,4.0,,3,3,3,3,3,,3,3,3,3,,,2,3,3,4.0,3,3,4.0,3,3,3,3,,3,3,3,0,3,3,4,3,4,,4.0,,,,,,3.0,,3,,3,3,3,3,3,3,3,2,3,3.0,,,,0.0,2,4,,,3,,,3,3,,,3,,3,,4.0,3,3,3,,3,4,,4.0,3,,,3,4,4.0,,,,,4.0,3.0,,3,3,,,,128,3,1.0993115757266705,-0.6828882681697611
2,2,2,2,2,1,2,3,2,3,2,2,2,3,3,2,2,1,2,2,2,1,3,2,2,3,3,2,2,0,2,2,3,3,2,2,2,3,2,3,2,2,2,3.0,2,2,2,2,3,3,3,2,3,2,3,3,3,2,2,2,2,2,2,2,2,3,3,3,2,3,3,3,3,3,2,3,2,3,2,3,2,2,1,2,2,2,2,2,0,2,3,3,2,2,3,3,2,3,3,2,3,3,3,2,2,2,2,2,2,3,3,3,3,2,2,2,2,3,3,3,2,2,3,3,3,3,3,2,2,2,3,3,2,2,3,3,3,2,3,3,3,2,2,2,3,2,2,2,3,2,2,3,2,2,2,3,3,2,2,3,1,2,2,2,3,2,2,3,2,2,2,3,2,2,2,3,3,2,3,2,2,2,2,2,2,3,3,2,2,2,2,2,3,3,2,3,3,3,2,3,3,2,3,3,3,3,3,3,3,2,2,2,2,3,2,2,3,3,2,2,3,2,2,2,3,2,2,3,2,1,2,3,2,2,2,3,2,3,3,3,3,3,3,3,3,2,3,3,3,2,2,3,2,2,3,2,2,3,3,3,3,2,3,2,3,3,3,3,2,2,3,3,3,3,3,3,3,3,2,2,2,2,2,2,2,2,3,2,2,3,2,3,2,3,3,1,2,2,3,3,2,2,2,2,2,3,2,2,2,2,2,2,2,3,0,3,2,2,2,3,2,2,3,3,3,2,2,2,3,2,3,3,3,2,3,3,3,2,2,3,2,0,2,3,3,3,2,3,3,3,3,3,3,2,3,2,2,2,3,3,3,2,2,2,3,2,2,2,2,1,3,2,3,3,3,2,2,2,2,1,2,0,3,3,3,2,2,2,2,2,2,2,3,2,2,2,3,2,3.0,3,2,2,3,3,2,1,3,3,3,3,3,2,2,3,,,3.0,2,3,2,2,3,2,2,2,3,3,2,3,3,2,2,3,3,1,3,4.0,3,2,3,2,2,3,3,3,2,3,3,3,,2,3,2,3,3,3,,3,2,2,3,3,2,,2,3,2,2,3,2,3,2,3,2,2,,3,3,3,4.0,2,3,3,3,3,3,2,3,3,2,2,3,3,2,2,2,3,3,2,3,3,3,3,3,2,3,2,4,3,2,3,3,3,3,3,3,3,3,2,2,2,3,4.0,3,,3,3,3,3,3,3,2,3,2,3,3,3,3,3,3,3,2,3,3,3,3,2,3,2,2,2,2,3,3,3,3,3,3,3,3,2,,3,3,3,3,3,4.0,3,0,2,3,2,3,4,3,2,3,,3,3,3,,4,3,3,3,3,3,3,3,2,3,3,,3,3,3,3,3,2,3,,3,,,3,3,3,3,3,2,3,4.0,3,3,4,3,3,,3,,3,3,3,,3,3,3,,,4.0,,3,,3,3,3,3,2,2,3,3,4.0,4,2,3,,3,3,3,3,3,,0.0,3,3,3,3,3,3,3,3.0,3,3,3,,3,4.0,3.0,3,3,,2,4.0,3,3,3,3,4.0,,2,,3,3,2,3,4.0,3,3,3,,,,3,3,3,3,4.0,3,3,4,3,3,,3,3,3,3,3,3,0,,3,2,3,3,3,2,3,3,4,3,,3,3,3,3,,4.0,3,2,2,3,4.0,3,3,3,3,,3,4.0,3,,3.0,,,,3,3,4.0,3,3,4.0,,3,,,,3,2,1,3.0,,4.0,4,3,,4,3,,,3,,3,,3,,,3,4,2,3,,3,3,3,3.0,3,3,2,3,3,2,3,4.0,3,3,4,3,4.0,2,,3,3,,4.0,3,4.0,2,4,,,3,3,,3,4.0,,,,3,3,,,3.0,3,,3,3,3,,3,4.0,2.0,3,3,2,3,,2,3,,,,,3,3,3,,3,4.0,,3,,4.0,,,3,3,,3,,,3,,3,3,4.0,,3,,,2,,,3,2,,3.0,4.0,3,,,4.0,,3,3,3,3,3,,3,4,3,3,,,3,3,3,,3,3,4.0,3,3,3,3,,3,3,3,2,3,3,4,3,3,,4.0,,,,,3.0,4.0,0.0,3,,3,3,4,3,3,3,4,3,3,,,,,,3,1,,,3,,,3,1,,,3,,3,,4.0,3,3,3,,3,4,,4.0,3,,,2,0,,,,,4.0,4.0,,,3,3,,,,129,3,1.1064254356791279,-0.6622149704240797
3,2,2,2,2,2,2,2,2,3,2,3,2,2,3,2,2,1,2,2,2,2,3,2,3,3,3,2,2,2,2,2,3,3,3,2,2,3,3,3,3,2,2,3.0,2,2,2,2,3,3,3,2,3,3,2,2,1,2,2,2,3,3,1,2,2,2,3,3,2,2,3,3,3,3,2,3,3,2,2,2,2,2,2,2,2,2,2,2,3,0,2,2,3,2,2,2,2,3,3,3,3,3,3,3,3,2,1,1,2,3,3,3,3,2,2,2,2,2,3,3,3,2,3,3,2,2,3,3,2,2,2,2,1,2,3,2,1,2,2,2,3,2,2,2,3,2,3,2,3,3,3,3,2,2,2,2,3,3,2,2,1,2,2,2,2,2,2,2,2,2,2,3,2,2,2,3,3,3,3,2,2,3,3,2,2,3,3,2,2,2,2,1,3,3,2,2,2,3,1,2,2,2,3,2,1,2,2,2,2,2,2,2,2,3,2,2,2,2,2,3,3,2,2,2,2,2,2,3,2,3,2,3,2,2,2,3,2,2,3,3,3,2,2,3,3,2,3,3,3,1,3,2,2,2,2,2,2,3,2,3,3,2,2,2,3,3,3,3,2,2,3,2,3,3,3,3,3,3,2,2,2,2,0,2,2,2,2,3,2,3,2,3,3,3,3,2,2,3,3,3,2,2,2,2,2,2,2,2,2,2,0,2,2,3,1,3,2,2,2,3,3,3,3,3,3,3,3,2,3,2,3,3,3,1,3,3,2,3,2,3,2,3,2,2,3,3,3,3,3,3,3,2,2,2,3,2,2,2,3,3,3,2,2,2,3,1,2,2,3,3,3,2,2,3,3,2,3,2,3,2,3,3,3,3,3,3,0,3,3,3,3,3,3,2,3,3,3,3,3.0,3,2,2,3,3,2,1,2,3,2,3,2,2,2,3,,,3.0,2,2,2,2,2,3,2,2,3,3,2,3,3,2,2,3,3,2,3,4.0,3,2,3,2,2,3,3,3,2,3,3,2,,2,3,3,2,2,2,,3,3,2,3,3,3,,2,3,3,2,3,3,3,3,3,2,2,,3,3,2,4.0,2,2,3,3,3,2,2,3,3,2,2,3,2,2,2,2,3,3,2,3,3,3,3,3,3,2,2,4,3,2,3,3,3,3,3,3,3,3,2,2,1,3,4.0,3,,3,3,3,3,3,3,2,2,2,3,3,3,3,3,3,3,2,3,2,3,3,2,3,2,2,2,3,2,3,3,3,3,3,3,3,2,,3,3,3,3,3,4.0,3,2,3,2,3,3,3,3,3,2,,3,3,2,,4,3,3,3,3,2,3,2,3,2,3,,3,2,3,3,3,2,3,,3,,,2,3,3,2,2,3,3,4.0,2,3,4,3,2,,3,,3,3,3,,2,4,4,,,4.0,,3,,3,3,3,3,2,2,3,3,4.0,3,3,3,,3,3,2,3,3,,,3,2,3,3,3,3,3,,3,2,0,,3,4.0,,3,3,,3,4.0,3,2,3,3,,,1,,3,3,2,3,4.0,3,3,3,4.0,,,3,3,3,3,4.0,3,3,3,3,3,,3,3,3,3,3,3,3,,3,2,3,3,3,2,3,3,3,2,,2,3,3,4,,4.0,3,2,2,3,,3,3,3,3,,3,4.0,3,,4.0,,,,3,2,4.0,3,3,4.0,,3,,,,0,3,3,4.0,,4.0,4,3,,4,3,,,3,,3,,3,,,3,4,3,3,4.0,3,3,3,4.0,3,3,2,3,3,2,3,4.0,3,3,4,3,4.0,2,,3,3,,4.0,3,,2,3,,,2,2,,3,4.0,,,,3,4,,,3.0,2,,3,3,3,,3,4.0,,3,3,2,3,,2,3,,,,,3,3,3,,4,4.0,,3,,4.0,,,3,3,,2,,,3,0.0,3,3,4.0,3.0,3,3.0,,2,,,3,2,,,,3,,,4.0,,3,3,3,3,3,4.0,3,4,3,3,,,3,3,3,,3,3,4.0,3,3,3,0,,3,3,2,2,3,3,4,3,3,,4.0,,,,,4.0,4.0,,3,,3,2,4,3,3,3,3,3,3,,,,,,2,4,,0.0,4,,,3,1,,,3,,3,,4.0,3,3,2,,3,0,,4.0,3,,,3,3,,,3.0,,3.0,4.0,,,3,3,,,,130,3,1.1099079588521932,-0.6810853039426958
2,2,2,2,2,2,2,2,2,3,2,2,2,2,2,2,2,2,0,1,2,2,3,2,3,2,3,2,2,2,2,2,3,3,3,2,2,3,3,3,3,2,2,3.0,2,2,2,2,2,3,3,2,2,2,3,2,3,3,2,3,2,2,2,2,2,2,3,2,2,2,3,3,3,2,1,3,3,2,2,2,2,2,1,2,2,2,1,2,3,3,3,3,3,2,3,3,2,3,3,2,2,3,3,2,2,2,2,2,2,3,3,3,3,2,2,1,2,2,2,3,2,1,3,2,2,2,3,2,2,2,2,2,2,1,2,2,2,2,2,1,2,2,2,2,2,2,2,2,3,2,0,2,2,2,2,2,3,2,2,2,1,2,2,2,2,2,0,2,2,2,2,2,2,2,2,3,3,2,3,2,2,2,1,2,2,3,2,2,2,2,2,2,3,3,3,3,2,2,3,2,3,2,3,2,3,2,2,3,2,2,2,2,2,3,2,2,2,2,2,2,3,1,2,2,2,2,2,3,2,2,2,3,2,2,1,3,2,2,2,3,2,3,2,2,2,2,3,3,2,2,2,2,2,2,2,2,2,3,2,3,3,2,2,2,2,3,3,3,2,2,3,2,3,3,2,3,3,3,2,3,2,2,2,2,2,2,3,3,2,3,2,3,2,3,3,1,2,3,3,3,2,1,3,2,2,3,2,2,2,2,2,2,2,2,2,3,2,2,2,3,2,2,3,3,3,3,2,2,2,2,3,2,3,2,3,3,2,2,2,3,2,3,2,3,3,2,2,3,3,3,3,2,3,2,3,2,2,2,3,3,3,2,2,2,3,2,1,2,2,3,3,2,2,2,3,2,1,2,2,2,2,2,3,2,3,2,3,2,2,2,2,2,2,2,2,2,3,2,3.0,3,2,2,3,3,2,2,3,3,3,3,3,2,3,3,,,4.0,2,3,2,1,2,2,2,1,3,2,2,2,2,2,3,3,3,2,3,4.0,3,2,3,3,2,3,2,3,0,2,3,2,,2,3,2,2,3,3,,3,2,2,2,3,2,3.0,2,3,3,1,2,3,3,3,3,2,2,,3,3,2,4.0,2,3,2,2,3,2,2,3,3,3,2,3,1,2,2,2,3,3,2,2,3,3,3,3,2,3,2,3,3,2,2,3,3,2,3,3,3,3,2,3,2,2,4.0,3,,3,2,3,3,3,3,2,3,2,3,3,2,2,3,3,2,2,3,2,2,2,2,3,2,2,2,3,2,3,3,3,3,2,4,3,2,,3,3,3,3,3,4.0,2,3,2,3,3,2,3,3,2,3,,3,2,3,,4,3,3,3,3,3,3,3,3,3,3,,3,3,3,3,3,1,3,,3,,,3,3,3,3,2,2,3,4.0,2,3,3,2,3,,3,,3,3,3,,3,3,4,,,3.0,,3,,2,3,3,3,0,3,3,2,4.0,3,0,3,,2,3,2,3,3,,,2,2,3,3,3,2,3,,3,3,3,,3,4.0,,3,3,,2,4.0,3,3,3,3,,,2,,2,3,3,3,4.0,3,3,3,,4.0,,3,2,3,3,4.0,3,3,3,3,3,4.0,3,3,2,3,3,3,3,,3,3,3,3,3,2,3,3,3,2,,3,3,3,3,,4.0,3,2,2,3,4.0,3,3,0,3,,2,4.0,3,,4.0,,,,3,3,3.0,3,3,4.0,,3,,,0.0,3,3,3,3.0,,4.0,3,2,,3,3,,,3,,3,,3,,,3,3,3,3,,3,3,3,4.0,4,3,3,3,3,2,3,3.0,3,3,3,2,3.0,1,,3,3,,4.0,3,,2,3,,,3,3,,3,4.0,,4.0,,3,3,,,4.0,3,,3,3,3,,3,4.0,,3,3,2,2,,2,3,,,,,3,3,3,,3,4.0,,3,,4.0,,,3,3,0.0,2,,,3,,3,3,4.0,,3,2.0,,3,4.0,,3,3,,,,3,,,4.0,,3,3,3,3,3,,3,3,3,3,,,3,3,3,,3,3,4.0,3,3,3,3,,3,3,3,2,3,3,3,3,3,,3.0,,,,0.0,,4.0,,3,,3,2,3,3,3,3,3,3,3,4.0,,,,,2,3,,,3,,,3,3,,,3,,3,,3.0,3,3,3,,3,4,,4.0,3,,,3,3,,,,,,4.0,,,3,3,,,,131,3,1.1095459518599564,-0.6874453200456248
3,3,2,2,2,2,2,3,2,3,2,2,3,2,2,3,3,2,2,2,2,2,3,2,3,3,2,2,2,2,2,3,3,3,3,2,3,3,1,3,2,2,2,3.0,2,3,3,0,2,3,3,2,3,3,2,2,1,1,2,2,2,2,2,2,3,2,3,3,3,3,3,3,3,3,3,3,3,3,3,2,3,2,2,2,2,3,1,2,3,2,3,3,3,2,2,2,2,3,3,3,3,3,3,2,2,2,2,2,3,3,3,4,3,2,2,2,2,2,3,3,3,2,3,3,3,3,2,3,2,2,2,2,2,2,3,3,3,2,2,3,3,2,2,3,3,2,3,3,3,2,2,3,2,2,3,2,2,2,2,3,1,3,3,2,3,2,2,2,3,3,2,3,2,2,2,3,3,2,3,2,2,2,2,2,2,3,3,3,2,2,2,3,3,3,2,2,2,2,3,2,3,2,3,2,2,0,2,2,3,2,2,1,2,3,2,2,3,3,3,3,3,3,3,2,3,3,2,3,3,3,2,3,2,3,3,3,2,3,3,3,2,3,3,3,3,2,3,3,3,2,2,2,2,3,2,2,2,3,2,3,3,3,3,2,2,3,3,3,3,3,3,2,3,3,3,3,3,2,2,3,2,2,3,2,2,2,2,3,3,3,2,3,3,3,3,2,1,3,2,3,3,2,3,2,2,2,3,3,3,3,3,3,3,3,3,4,3,3,2,3,2,0,3,3,3,3,3,3,3,2,4,3,3,2,4,3,3,3,3,2,2,3,2,3,3,3,3,2,4,3,3,2,2,3,4,2,3,3,3,3,3,2,2,2,3,2,2,3,2,3,3,2,2,3,3,3,2,1,2,2,2,2,3,3,3,2,3,2,2,2,2,2,1,2,2,2,3,2,3.0,3,2,2,3,3,2,2,3,3,2,3,3,2,2,3,4.0,4.0,3.0,2,3,2,2,3,3,2,2,3,2,2,3,3,2,3,4,3,2,3,3.0,2,3,4,3,2,3,3,2,2,3,3,3,,2,3,2,3,3,3,,3,2,3,2,3,3,,2,3,2,2,3,3,3,3,3,2,3,,3,4,3,3.0,2,2,2,1,3,3,2,3,3,3,1,3,3,3,2,2,3,3,2,3,3,3,3,3,2,2,2,4,3,3,3,3,3,2,3,3,3,3,0,3,2,3,4.0,3,,3,2,3,3,3,3,3,2,2,4,3,3,3,4,3,3,2,3,3,3,3,2,3,3,3,3,3,2,3,3,3,3,2,4,3,2,,3,3,3,3,3,4.0,3,3,3,3,3,3,3,3,3,3,,3,3,2,,2,3,3,3,3,3,3,3,2,2,3,,4,3,3,3,3,2,3,,2,,,3,2,3,2,2,3,3,4.0,3,4,4,4,3,,1,,3,3,3,,3,3,3,,,4.0,,3,,4,3,3,3,3,3,3,3,4.0,3,3,3,,3,3,2,3,3,,,2,3,3,3,3,3,3,,4,3,3,,3,4.0,,3,3,,3,4.0,3,2,3,3,,4.0,3,,3,3,3,3,3.0,2,3,3,,,,3,3,3,3,4.0,3,3,3,3,3,,3,2,3,2,3,0,3,,3,3,3,3,3,3,4,3,4,3,,2,3,3,0,,0.0,4,2,3,3,,3,3,3,0,,3,4.0,3,,4.0,,,,2,3,4.0,3,3,4.0,,3,,,,2,3,4,4.0,,4.0,3,3,,4,3,,,3,,4,,4,0.0,,4,3,3,4,,3,3,1,4.0,3,3,2,3,3,2,3,4.0,3,3,4,3,4.0,2,,3,3,,,3,,3,4,4.0,,3,3,,3,4.0,,,,3,3,,,3.0,3,,2,3,3,,2,3.0,,3,3,3,3,4.0,2,3,,,4.0,,3,4,3,,3,4.0,,3,,4.0,,,3,3,,2,,,3,,3,3,4.0,,4,,4.0,3,,,3,3,,,3.0,3,,,4.0,,4,3,3,1,3,,4,3,3,3,,,2,3,3,,3,3,,3,3,3,4,,4,3,3,2,4,4,4,3,4,,4.0,,,4.0,,4.0,4.0,,3,,0,3,4,4,3,3,3,3,4,,,,,,3,3,,,3,,,3,1,,,3,,3,,4.0,4,3,3,,3,4,,4.0,3,,,3,3,,,,,,4.0,3.0,,3,3,,,,132,3,1.1133713718680234,-0.6612161263763949
2,2,1,1,1,1,2,2,2,3,2,2,2,2,2,2,2,1,2,2,2,2,3,2,2,2,3,2,2,2,2,2,3,3,2,2,2,3,3,3,3,2,2,4.0,2,2,2,2,3,3,3,2,3,2,1,2,2,1,1,1,3,2,1,1,1,2,2,3,2,2,2,3,3,2,2,3,3,2,2,2,2,2,1,2,2,2,1,2,2,0,2,2,2,2,2,2,2,3,2,2,2,3,2,2,3,2,1,1,2,3,3,3,3,2,2,2,2,2,2,3,2,2,3,2,2,2,2,2,1,2,3,2,2,2,2,2,3,2,2,2,2,2,2,2,3,2,2,2,2,2,2,2,2,2,2,2,3,2,2,2,1,2,2,2,2,2,2,2,2,2,2,2,2,2,2,2,3,2,3,2,2,3,3,1,2,3,1,2,2,2,2,2,2,2,2,2,2,2,2,2,2,2,3,2,2,0,2,2,2,2,2,2,2,3,2,1,2,2,0,2,1,2,2,2,2,2,0,2,2,2,2,3,2,2,2,3,2,2,2,2,3,3,2,2,2,2,3,3,2,2,3,2,1,2,2,2,2,3,2,2,3,2,2,2,2,2,2,3,2,2,3,1,2,2,3,2,3,3,2,2,2,0,1,2,2,1,2,2,2,3,2,3,2,3,3,2,2,2,2,3,2,1,2,2,2,2,2,2,2,2,2,2,2,2,2,3,2,2,2,3,2,2,2,2,3,2,2,2,2,2,3,3,3,2,3,3,2,2,2,3,2,2,2,2,3,2,2,3,3,2,3,2,3,2,3,2,2,2,3,3,3,2,2,2,3,2,1,2,2,2,3,2,2,2,3,2,2,2,3,2,2,3,3,3,3,3,3,3,3,2,2,3,3,2,3,2,3,3,3.0,3,2,2,3,3,2,2,3,3,2,2,2,1,1,2,4.0,,3.0,2,2,2,2,2,2,2,2,2,2,2,1,2,2,2,3,3,1,3,4.0,3,2,3,1,2,3,3,3,2,2,2,2,,2,3,3,2,2,2,,2,2,1,2,1,2,,2,3,2,2,2,2,3,2,3,2,1,,3,3,2,4.0,2,1,2,2,2,3,2,3,3,2,2,3,2,2,2,2,2,3,2,3,3,3,3,3,2,3,2,3,2,2,3,2,3,2,3,2,2,2,2,2,1,2,4.0,3,,3,2,3,2,3,3,2,2,2,3,3,3,2,3,3,3,2,3,3,2,3,2,3,2,2,2,2,2,3,3,3,3,2,4,3,2,,2,3,2,3,3,3.0,2,3,3,2,2,3,3,3,2,3,4.0,3,2,2,,3,3,2,2,3,2,3,2,2,2,3,,2,2,3,2,3,2,3,,3,,,2,3,3,2,2,2,3,4.0,2,3,3,3,2,2.0,3,,3,3,2,,3,3,3,,4.0,4.0,,2,,3,3,3,3,2,2,3,3,3.0,3,3,3,,2,3,2,3,3,,,2,2,3,3,2,2,3,,3,0,3,,3,3.0,,3,3,,2,3.0,2,2,3,2,,,2,,3,3,2,2,0.0,2,3,3,,,0.0,3,3,3,2,4.0,3,3,3,2,3,2.0,0,2,3,3,3,3,3,,3,2,3,3,3,2,3,3,3,2,,2,3,3,3,,3.0,3,2,2,3,,3,3,3,3,,2,4.0,3,,3.0,,4.0,4.0,3,3,3.0,3,3,4.0,,3,,,,3,3,3,3.0,,4.0,3,3,,3,3,,,3,,3,,3,,,3,3,3,3,4.0,3,2,3,4.0,2,3,2,3,2,0,3,4.0,2,3,3,2,3.0,2,3.0,3,3,,4.0,2,,2,3,,4.0,2,3,,3,4.0,3.0,,,2,3,,,3.0,1,,3,3,2,4.0,3,4.0,,2,3,2,3,,1,3,4.0,,,,2,3,3,,3,3.0,,3,,3.0,3.0,,3,3,,2,,,3,,3,2,4.0,,3,,,2,,,3,2,,,,2,,,4.0,,3,3,3,3,2,,3,3,3,3,,,3,3,3,,2,3,4.0,2,3,3,3,,3,3,3,1,3,3,3,3,3,,4.0,2.0,,,,,3.0,,3,,2,2,3,3,3,3,3,3,3,,,,,,2,3,,,3,,,3,2,4.0,,3,,3,,3.0,3,3,3,,3,3,,2.0,3,4.0,,2,2,,3.0,,,,4.0,,,3,2,,,,133,3,1.092050768203073,-0.6769885719724958
2,2,2,2,2,2,2,2,2,3,2,3,2,2,2,2,2,2,2,2,2,2,3,2,3,3,3,2,2,2,2,2,3,3,3,2,2,3,3,3,3,2,2,3.0,2,2,2,2,3,3,3,2,3,3,2,2,3,2,2,3,2,2,1,2,1,2,2,3,2,2,2,3,3,3,2,3,3,2,2,2,2,2,1,2,2,3,1,2,3,2,2,2,3,2,2,1,2,3,2,2,2,3,3,2,2,2,2,1,2,3,3,3,3,2,2,2,2,2,2,3,3,1,0,2,2,2,3,2,2,2,2,0,1,2,2,3,3,2,3,3,3,1,2,2,3,2,3,2,3,2,2,2,2,2,2,2,2,2,2,3,1,2,2,2,2,2,2,1,2,2,2,3,2,2,2,3,3,2,3,2,2,0,2,2,2,3,2,2,2,2,2,2,3,3,3,3,2,2,2,2,2,2,3,2,2,2,2,2,2,2,2,2,2,3,2,2,2,2,2,2,3,2,2,2,3,2,2,3,2,2,2,2,2,2,2,3,2,2,2,3,3,3,2,3,3,2,3,3,2,2,2,2,2,2,2,2,2,2,2,3,3,2,2,2,0,3,3,3,3,2,2,2,3,3,3,2,3,2,2,2,2,2,2,1,2,2,3,3,3,3,2,3,2,3,3,2,2,3,3,3,2,3,3,2,3,2,2,3,2,3,2,3,2,3,2,3,2,3,2,3,2,2,3,3,3,3,2,2,3,2,3,3,3,2,3,3,3,3,2,3,2,3,2,3,3,2,3,2,3,2,3,2,3,2,3,2,2,2,3,3,3,2,2,3,3,2,2,2,2,3,3,2,0,2,3,2,2,1,2,2,2,2,3,3,3,2,3,3,2,2,2,3,2,2,2,2,3,2,3.0,3,2,2,2,3,2,2,3,3,3,3,2,2,3,3,4.0,,4.0,2,2,2,2,3,3,2,2,3,2,2,3,3,2,2,3,3,2,3,4.0,3,2,3,2,2,3,3,3,2,3,3,2,,1,3,2,2,2,3,,3,2,2,3,3,3,,2,3,2,2,2,3,3,3,3,3,2,,3,3,2,3.0,2,2,2,3,2,3,2,3,3,2,2,3,2,2,2,2,2,3,2,2,3,3,3,3,2,3,2,4,2,2,2,3,3,2,3,2,3,3,2,3,3,3,4.0,3,,3,2,3,2,3,3,2,2,2,3,3,3,3,3,3,2,2,3,2,2,3,2,3,2,2,2,3,2,3,3,3,3,3,4,3,3,,3,3,3,3,3,4.0,2,3,3,3,2,2,3,3,3,2,,3,3,3,,4,3,2,3,3,2,3,2,3,2,2,,3,3,3,3,3,2,3,,3,,,3,3,3,3,2,2,3,4.0,3,3,4,3,3,,3,,0,3,3,,3,3,3,,,4.0,,3,,3,3,3,3,2,2,3,3,3.0,3,3,3,,3,0,3,3,3,,,2,2,3,3,2,2,3,,3,3,3,,3,4.0,,3,3,3.0,2,4.0,3,3,3,3,3.0,4.0,2,,2,3,3,3,3.0,3,3,3,,,,3,3,3,2,4.0,3,3,3,2,3,,3,3,3,3,3,3,3,,3,2,3,3,3,2,3,3,3,2,,2,3,3,3,3.0,4.0,3,2,0,3,,2,2,3,3,,3,0.0,3,,4.0,4.0,,,3,3,4.0,3,3,4.0,,3,,,,2,3,3,4.0,,4.0,3,3,,4,3,,,3,,3,3.0,3,,4.0,3,3,3,4,,3,3,3,4.0,3,3,2,3,3,2,3,3.0,3,3,3,2,4.0,2,,3,3,,4.0,3,,2,3,,,3,3,,3,4.0,,,,3,3,,3.0,4.0,3,,3,3,3,,3,4.0,,3,3,2,3,,2,3,,,,,3,3,3,,1,4.0,,3,,4.0,4.0,,3,3,,3,,,3,,3,3,4.0,,3,,,3,,,3,3,,,,3,,,3.0,,3,3,3,3,3,,3,3,3,3,,,3,2,3,,3,3,4.0,3,3,3,3,,3,3,3,2,3,3,3,3,3,,4.0,,,0.0,,,4.0,,3,,3,2,3,3,3,3,3,3,3,,,,,,2,3,,4.0,3,,,3,3,,,3,,3,,4.0,3,3,3,,3,3,,4.0,3,,,3,4,,,,,,4.0,,,3,3,,,,134,3,1.0996384089995985,-0.679460881644423
3,3,3,3,3,2,3,3,3,3,3,3,3,2,3,1,3,3,3,3,3,3,4,3,3,3,4,3,3,3,3,3,4,3,4,3,3,4,3,3,3,3,3,4.0,3,2,2,3,3,4,4,3,3,3,3,3,3,2,3,3,4,3,2,3,2,3,0,3,3,3,3,4,4,3,3,4,3,3,3,3,3,3,2,3,3,3,3,3,3,3,3,3,3,3,3,3,3,0,3,3,2,3,3,3,4,3,3,2,3,3,4,4,4,3,2,3,3,3,3,4,4,2,4,3,2,3,3,3,2,3,3,3,3,3,3,3,3,3,3,0,0,3,3,3,4,3,2,2,4,3,3,3,3,3,3,3,3,3,3,3,1,3,3,3,2,3,2,3,3,3,3,3,3,3,3,4,4,3,3,3,3,3,4,2,3,3,3,3,3,3,3,3,4,3,3,3,3,3,3,3,3,3,4,3,3,3,3,3,3,2,3,3,3,3,3,2,2,3,3,3,3,3,3,3,4,3,3,4,3,3,3,3,3,3,3,3,3,3,3,4,3,3,3,3,3,3,4,3,3,3,3,4,3,3,3,3,3,4,3,4,4,3,3,3,3,3,3,4,3,2,4,3,2,2,2,4,4,4,3,3,3,3,2,3,3,3,3,4,3,4,2,3,3,4,3,3,3,4,3,4,2,2,3,3,3,3,3,4,3,3,3,3,3,4,3,4,3,4,2,3,3,3,1,2,4,3,3,3,4,3,4,3,4,3,2,1,3,3,3,3,3,4,2,3,4,3,3,3,4,3,3,3,3,2,3,3,3,3,0,4,3,3,3,3,4,3,2,3,3,4,4,2,3,3,3,3,3,3,4,3,4,3,4,4,4,4,4,4,3,3,3,4,4,3,4,3,4,4,4.0,4,2,3,4,4,2,3,3,4,3,2,3,3,3,3,,,4.0,3,3,3,3,3,3,3,2,4,3,2,1,2,3,3,4,4,3,3,4.0,3,3,4,3,3,4,3,3,1,2,1,2,,3,4,3,3,3,3,,3,3,2,3,2,3,,2,4,3,3,3,4,4,4,4,3,3,,4,4,3,,3,3,2,3,3,3,3,4,4,3,3,4,3,3,3,3,3,3,2,3,4,3,3,4,3,3,3,4,3,3,4,3,4,3,4,3,4,4,3,4,3,3,,4,,3,3,3,4,3,4,3,3,2,4,3,4,4,4,4,4,2,3,3,3,4,3,4,2,3,3,4,3,4,4,4,4,3,4,3,3,,3,3,3,4,4,,3,3,4,4,3,3,4,4,3,3,,2,3,3,,4,4,3,4,4,3,3,3,1,3,4,,3,3,4,4,4,3,3,,4,,,3,4,3,3,3,3,4,,3,4,3,3,4,3.0,3,,4,3,4,,4,4,4,,,,,4,,4,3,4,3,3,3,3,3,4.0,4,4,4,,3,4,3,3,4,,,2,1,4,4,3,3,3,,4,4,4,,4,0.0,,4,3,,3,4.0,4,3,4,3,0.0,,3,,3,4,3,4,4.0,4,4,3,,,0.0,4,4,3,3,4.0,3,4,4,3,4,,3,4,4,4,4,4,4,,4,3,4,4,4,3,3,4,2,3,,3,4,4,4,,,3,3,3,4,,4,4,4,4,,3,4.0,4,,0.0,,,,4,4,4.0,3,3,4.0,,4,,,,3,4,4,4.0,,,4,3,,4,3,,,4,,4,,4,,,4,4,3,4,,4,4,4,4.0,4,4,3,4,4,2,4,4.0,3,4,4,3,3.0,2,,3,3,,,4,,3,4,,,4,4,,4,,,,,3,4,,4.0,4.0,3,,3,2,4,,0,4.0,,4,4,3,3,,3,4,,,,,4,4,4,,4,,,4,,,,,3,4,,2,,,4,,4,3,,,4,,,3,,,4,3,,,,3,,,4.0,,4,4,4,3,4,,4,4,4,4,,,3,3,4,,4,4,,4,4,3,4,,2,4,3,3,2,4,4,4,3,,4.0,3.0,,,,,4.0,,4,4.0,3,3,4,4,4,4,4,3,4,,,,,,2,4,,,4,,,4,3,,,4,,4,,4.0,4,3,4,,4,4,,,4,,,4,4,4.0,4.0,,,,,,,4,4,,,,135,3,1.1424050632911396,-0.6239583990482069
2,2,2,2,2,1,3,2,2,3,2,3,2,2,3,2,2,2,2,2,2,2,3,2,2,3,3,3,2,2,2,2,3,3,3,2,2,3,3,3,3,2,2,2.0,2,2,2,2,2,3,3,3,3,3,2,2,3,2,2,3,3,2,2,2,2,2,2,2,2,2,3,3,3,2,1,3,3,2,2,2,1,2,2,2,2,3,2,2,3,2,3,3,2,3,3,3,2,3,3,2,3,3,2,3,3,2,2,1,3,3,3,3,3,2,2,1,2,2,3,3,2,1,3,3,2,2,3,2,2,2,3,2,2,2,2,2,3,2,2,2,2,2,2,2,3,2,2,2,3,3,2,3,0,2,2,2,2,3,1,2,1,2,2,2,2,2,1,3,2,2,2,2,2,2,2,3,3,2,3,2,2,1,3,2,2,3,2,2,2,2,2,2,3,3,2,2,3,3,2,3,3,2,3,3,3,3,3,2,3,2,2,2,2,2,2,2,3,3,2,2,3,2,2,2,3,3,2,3,2,3,2,3,2,2,2,3,2,2,3,3,3,3,2,2,3,2,3,3,3,2,2,3,2,2,2,2,2,3,2,3,2,2,3,2,2,3,3,3,3,2,3,2,3,3,3,3,3,3,3,2,2,2,2,2,2,2,2,3,2,3,2,3,3,3,3,3,2,3,3,3,2,2,2,2,3,3,2,3,2,3,2,2,2,3,2,3,2,3,2,2,2,2,2,2,3,3,2,2,3,2,3,3,3,1,3,3,3,2,2,3,2,3,2,3,3,2,2,2,3,3,3,2,3,2,3,2,2,2,3,2,3,2,2,2,3,2,2,2,2,3,3,2,2,2,0,2,2,2,3,2,2,2,3,3,3,3,3,3,3,3,3,3,3,2,3,2,3,3,4.0,3,2,2,3,3,2,2,2,3,3,3,3,2,3,3,4.0,,4.0,2,2,2,2,2,2,2,2,3,2,2,3,2,2,2,3,3,2,2,4.0,3,2,3,2,2,3,3,3,3,3,3,3,,2,3,2,2,3,2,,3,2,2,2,2,3,,2,3,2,2,2,3,3,3,3,2,2,,3,3,2,0.0,0,2,3,3,3,2,2,3,3,2,2,3,2,2,2,2,2,3,2,1,3,2,2,3,2,3,2,3,1,2,3,3,3,2,3,3,3,3,2,3,2,3,4.0,3,,2,2,3,3,1,3,2,3,1,3,3,3,3,3,3,3,2,3,2,3,3,2,3,2,2,2,2,3,3,3,3,3,3,3,3,3,,3,3,2,3,3,4.0,3,3,3,3,3,3,3,3,2,3,,3,3,2,,4,3,3,3,3,2,3,3,3,3,3,,3,3,3,3,3,2,2,0.0,3,,,3,3,3,3,2,2,3,4.0,2,0,4,3,3,,3,,3,3,3,,3,3,3,3.0,,4.0,,3,,3,1,3,3,2,3,3,2,4.0,3,3,3,,3,3,3,3,3,,,3,3,0,3,3,3,2,,3,2,3,,3,4.0,,3,2,,3,3.0,3,3,3,3,,,2,,3,3,3,3,3.0,3,3,3,,0.0,,3,3,3,3,4.0,3,3,3,3,3,,3,3,3,3,3,4,3,,3,2,3,3,3,2,3,3,3,2,,3,3,4,3,,4.0,3,2,2,3,,3,3,2,3,,2,4.0,3,,4.0,,,,3,3,4.0,0,3,4.0,,3,,,,3,3,4,3.0,,4.0,3,3,,3,3,,,3,,3,,3,,,3,4,3,3,4.0,3,3,3,4.0,3,3,2,3,3,2,3,4.0,3,3,4,2,3.0,2,2.0,3,3,,4.0,3,,2,4,,,3,3,2.0,3,4.0,,,,3,3,,,4.0,3,,3,4,3,,3,4.0,,3,3,2,3,,2,3,4.0,,,,3,3,3,,3,4.0,,3,,4.0,,,3,4,,2,,,3,,3,3,4.0,,3,,,3,,,2,2,,,,3,,,4.0,,3,3,3,3,3,4.0,3,3,2,3,,,3,3,2,,3,3,4.0,3,3,3,3,,3,3,3,2,3,3,4,3,3,,4.0,,,3.0,,,4.0,,3,3.0,3,0,3,3,3,3,4,3,3,,,,,,2,3,,,3,3.0,,3,3,3.0,4.0,3,,3,,3.0,3,3,3,3.0,3,2,,4.0,3,,,2,3,,,,,,4.0,,,4,3,,,,136,3,1.0988487495037718,-0.6625811377055439
3,3,2,2,2,2,2,3,2,3,2,3,3,2,2,2,2,2,2,2,2,2,3,2,3,2,2,2,2,2,2,2,2,3,2,2,2,3,1,3,2,2,2,3.0,2,2,2,2,2,3,3,2,3,3,3,3,3,3,2,3,3,2,1,2,2,2,3,3,2,2,3,3,3,3,2,3,2,2,2,2,2,2,2,2,2,3,2,2,3,2,2,3,2,2,3,3,2,3,3,2,2,3,3,3,3,2,2,1,2,3,3,3,3,1,2,2,0,2,3,3,3,2,3,2,3,3,3,2,2,2,3,2,2,2,2,2,2,2,3,2,1,2,2,2,3,2,3,2,2,3,3,2,2,2,2,3,3,3,2,2,1,2,2,2,2,2,2,2,2,2,1,2,2,2,2,3,3,3,3,2,2,2,3,2,2,3,3,2,2,2,2,3,3,3,3,3,3,3,3,3,3,2,3,2,3,3,2,2,3,2,2,2,2,3,2,3,2,3,3,3,3,2,2,3,3,3,2,3,2,2,2,3,2,2,3,3,2,2,3,3,3,3,3,3,3,1,3,3,3,2,3,2,2,0,2,2,2,3,2,3,3,2,2,2,3,3,3,3,3,2,3,3,3,3,2,3,3,3,3,2,1,2,2,2,2,2,3,3,3,3,2,3,2,3,3,2,2,3,3,3,2,2,3,2,3,3,2,3,3,3,2,3,3,3,2,3,3,3,2,3,2,3,2,3,3,3,2,2,3,2,3,3,3,1,2,2,2,2,2,2,1,3,2,2,3,3,3,3,4,3,3,3,3,3,3,2,2,2,3,3,3,2,2,3,3,2,2,2,3,3,2,2,3,3,3,2,3,2,3,3,3,3,3,3,3,3,3,3,3,3,3,3,3,2,3,3,3,3,4.0,3,2,2,3,3,2,2,2,3,3,2,2,2,3,3,,,4.0,2,2,2,2,2,3,2,2,3,2,2,2,0,2,3,3,3,1,3,3.0,2,2,3,2,2,2,2,2,2,2,2,2,,2,3,3,2,2,2,,3,2,2,2,3,3,,2,3,3,2,3,3,3,0,3,1,2,,3,3,2,4.0,2,3,2,2,3,2,2,3,3,2,2,0,2,2,2,2,3,2,2,3,3,3,3,3,3,3,2,4,2,0,3,3,2,2,3,3,3,3,2,3,3,2,4.0,3,,3,2,3,3,3,3,2,3,2,3,3,3,3,3,3,3,2,3,2,2,3,2,2,2,2,2,2,3,3,0,3,3,3,4,2,3,,3,3,3,3,3,4.0,3,3,3,3,3,3,3,3,3,3,,2,2,2,,4,3,3,3,3,2,3,2,2,3,3,,3,3,3,3,3,2,3,,3,,,2,3,3,3,3,3,3,4.0,3,3,3,3,3,,3,,3,2,3,,2,0,4,,,4.0,4.0,3,,4,3,3,3,3,3,3,3,4.0,3,3,3,,3,3,3,3,4,3.0,,3,3,3,3,3,3,2,4.0,4,1,3,,3,3.0,,2,3,,3,4.0,3,3,3,2,,,2,,3,3,3,3,4.0,3,3,3,,,,3,3,3,3,4.0,3,3,3,3,3,,3,3,3,3,0,3,3,,2,2,3,3,3,2,3,3,3,0,,3,3,3,3,3.0,4.0,3,2,2,3,,3,3,2,3,,3,4.0,3,,3.0,3.0,,,3,3,3.0,3,3,3.0,,3,,,4.0,3,3,4,4.0,,4.0,3,3,4.0,3,3,,,3,,3,,4,,,3,3,3,3,,3,3,4,4.0,4,3,3,3,3,2,3,4.0,3,2,3,3,4.0,2,,3,3,,4.0,3,,2,3,,,3,3,,3,4.0,,,,3,4,,,4.0,3,,2,3,3,,3,4.0,,3,3,2,3,,2,1,,,,,3,3,3,,4,4.0,,3,,4.0,,,2,3,,3,,,3,,3,3,4.0,4.0,3,,,2,,,3,2,,,,3,,,4.0,,4,3,3,3,3,,3,4,3,2,,,3,3,3,,3,3,4.0,3,2,3,3,,1,3,3,2,3,3,4,3,3,,4.0,,4.0,,,,4.0,,3,,3,3,4,3,3,3,4,3,4,,,,,,2,3,,4.0,4,,,3,3,,,3,,2,,3.0,4,3,2,,3,4,,4.0,3,,,3,4,,,,,,4.0,,,3,3,,,,137,3,1.1024357239512859,-0.6533555413235738
3,3,3,3,3,3,3,3,3,4,3,2,3,2,3,3,3,1,3,3,3,3,4,3,4,3,4,3,3,3,3,3,3,3,4,3,3,3,3,3,3,2,3,4.0,3,3,3,3,3,3,2,2,3,3,3,3,4,3,3,4,3,3,2,3,3,3,3,3,3,3,2,0,4,3,3,4,4,3,3,3,3,3,3,2,1,3,2,3,3,3,3,3,3,3,2,2,3,3,0,3,3,3,4,3,3,2,3,2,3,4,4,4,3,3,3,3,3,3,3,4,3,2,4,3,3,3,4,3,2,3,3,3,3,3,3,3,3,3,4,3,3,3,3,3,3,3,2,3,4,3,3,3,2,3,3,3,3,4,3,3,2,3,2,3,3,3,2,2,3,3,3,3,3,3,3,4,3,3,4,3,3,3,4,3,3,3,3,3,3,3,3,3,4,4,3,3,2,2,3,2,2,2,3,3,2,3,1,2,3,3,3,3,3,3,3,3,3,2,3,3,4,3,3,3,3,3,3,4,3,3,3,3,3,3,3,4,3,3,3,4,3,4,3,3,3,3,4,4,3,2,3,3,3,3,3,3,3,4,3,4,4,3,3,3,3,3,3,4,3,3,3,3,3,4,4,3,4,4,3,3,3,3,3,3,3,3,3,3,2,4,3,4,3,4,3,3,3,3,4,3,3,3,3,3,4,3,3,4,3,2,3,3,3,4,3,4,3,3,3,4,3,3,4,3,3,4,3,3,4,3,4,4,4,3,4,4,2,3,3,3,3,4,3,3,4,3,3,3,4,4,3,3,3,3,4,3,3,3,3,3,3,3,3,3,4,3,3,3,3,4,4,3,3,2,3,3,3,3,3,4,3,4,4,4,4,4,4,4,3,3,3,4,4,2,4,3,4,3,,3,3,3,4,4,2,3,3,3,4,3,3,3,3,3,,,4.0,3,3,3,3,3,3,3,3,3,3,3,4,3,3,0,3,2,3,2,,4,3,4,3,2,4,3,3,2,3,3,3,,3,4,3,3,3,4,,3,3,3,3,4,3,,3,4,2,3,3,4,3,4,4,3,3,,4,4,3,,3,3,3,3,3,3,3,4,4,3,3,4,3,3,2,3,3,4,3,3,4,4,4,4,3,4,3,4,3,3,3,4,4,3,4,3,4,4,3,4,3,3,4.0,3,,3,3,4,3,3,3,3,3,2,4,4,3,4,4,4,4,3,4,3,3,4,2,4,3,3,3,3,3,4,4,3,4,3,4,4,4,,3,3,3,4,4,4.0,4,3,4,3,3,3,4,4,3,4,,4,3,3,,4,4,3,4,3,3,0,3,4,2,3,,4,3,4,4,4,2,3,,4,,,3,3,4,4,3,2,4,,3,4,4,3,4,,4,,4,4,4,,3,4,4,,,,,4,,4,4,4,2,4,3,3,4,4.0,4,4,3,,4,4,3,4,4,,,3,3,4,2,4,3,3,,4,3,4,,4,,,4,4,,4,,4,4,4,3,,,3,,4,4,4,4,4.0,4,4,4,,,,4,4,4,3,4.0,4,4,4,3,4,,4,4,4,3,4,4,4,,4,3,4,4,4,3,4,4,4,3,,4,4,4,4,,,4,3,3,3,,0,4,4,0,,3,,4,,,,,,4,4,4.0,4,4,,,4,,,,2,4,4,4.0,,,4,4,,4,3,,,4,,4,3.0,4,,,4,4,4,4,,4,4,3,4.0,4,4,3,4,4,3,4,4.0,4,4,4,3,4.0,2,,3,4,,,4,,3,4,,,4,4,,4,,,,,4,4,,,4.0,4,,4,4,4,,4,,,4,4,3,4,,3,4,,,,4.0,4,4,4,,4,4.0,,4,4.0,4.0,,,4,4,,4,,,4,,4,4,,,4,4.0,,4,,,4,3,,,,4,0.0,,,,4,3,4,2,4,,4,4,4,4,,0.0,1,0,4,,4,4,,4,4,4,4,,4,4,4,3,4,4,4,3,4,,4.0,,4.0,0.0,,,,,4,,4,3,4,4,4,3,3,4,4,,,,,,3,4,,,4,4.0,,3,3,,,3,,4,,,4,4,4,,4,4,,4.0,4,,,4,4,,,,,,,,,3,4,,,,138,3,1.1171096345514953,-0.6354198603392593
2,2,2,3,2,0,2,1,2,2,2,1,2,2,3,3,2,2,2,2,2,2,3,0,2,3,2,2,2,2,2,2,2,3,3,2,2,2,2,3,2,2,2,3.0,2,3,2,2,0,3,3,2,3,2,2,3,3,2,2,2,2,2,2,2,2,3,2,3,2,2,3,3,3,2,2,2,2,2,3,2,2,2,1,2,2,3,2,2,3,2,2,0,2,2,3,3,1,3,3,3,3,3,3,3,2,1,1,2,2,3,3,3,1,2,2,1,2,2,3,2,3,2,3,2,3,3,3,2,2,2,3,2,1,2,3,2,2,2,3,3,3,1,2,2,3,2,3,2,3,3,2,2,2,2,2,2,3,3,2,2,2,2,2,1,3,2,1,3,2,2,1,1,2,2,2,3,2,1,2,2,2,3,3,2,2,3,3,2,2,2,2,2,2,3,2,3,3,3,1,2,3,2,3,2,3,3,3,3,3,2,2,2,1,2,2,1,3,3,2,3,2,2,2,2,3,3,2,3,3,2,2,3,2,2,2,2,2,3,3,3,3,3,2,2,3,2,2,3,3,2,3,2,2,2,2,2,2,3,2,3,3,1,3,2,2,2,2,3,2,2,3,2,3,3,3,2,3,3,2,2,2,2,2,2,3,2,3,3,2,4,2,3,3,2,3,2,2,3,3,3,2,2,2,1,2,3,2,3,3,2,2,3,3,3,2,3,3,3,2,3,3,3,3,3,2,2,2,2,3,2,3,2,2,1,4,4,2,2,2,2,2,3,3,3,3,3,3,2,4,3,3,2,3,2,3,2,2,2,2,2,0,2,2,2,3,2,2,2,3,3,2,2,2,2,0,2,3,2,3,3,3,3,3,4,3,3,3,3,3,3,3,3,3,2,3,3,3,3,4.0,3,2,3,3,3,2,2,2,2,2,2,3,2,3,3,4.0,3.0,3.0,1,3,2,2,2,2,2,2,3,3,2,3,3,2,2,3,3,2,3,3.0,2,2,3,2,2,2,2,2,3,3,3,3,,2,2,2,2,3,2,,3,2,2,2,3,2,,2,3,1,3,3,2,2,3,3,2,2,,3,1,2,4.0,2,2,3,3,3,2,2,3,0,2,2,3,2,2,2,2,2,3,2,1,2,3,2,3,2,3,2,3,2,2,2,2,3,2,3,3,3,3,2,3,2,3,4.0,3,,2,3,2,3,2,3,2,3,2,3,3,3,2,3,3,3,3,3,2,2,3,2,2,2,2,2,3,3,3,3,2,3,3,3,3,2,,3,3,3,3,2,4.0,3,2,3,3,3,2,4,3,2,3,,3,3,3,,4,3,3,3,3,2,3,3,3,3,3,,3,3,3,3,3,2,2,,3,,,2,2,3,3,2,2,3,3.0,2,3,4,3,2,,3,,3,3,3,3.0,3,4,3,,,4.0,,3,3.0,3,3,3,3,2,2,3,2,4.0,3,3,3,0.0,3,3,2,2,3,,,2,3,3,3,3,2,3,,3,3,3,,3,4.0,,3,3,,1,3.0,3,3,3,3,,,2,,3,3,3,3,4.0,3,2,2,,,,3,3,3,3,4.0,3,4,3,3,3,,2,3,3,2,3,3,3,,3,2,3,3,3,3,3,3,4,2,,2,3,3,3,2.0,4.0,3,2,2,4,,3,2,2,2,,2,4.0,3,,4.0,,,3.0,3,3,4.0,3,3,4.0,,3,,,,3,3,3,4.0,,4.0,4,0,,3,3,,,1,,4,,4,,,3,3,3,3,,3,3,3,3.0,3,2,3,3,3,3,3,4.0,3,2,3,3,4.0,2,,3,3,,4.0,3,,3,3,,,3,3,,3,4.0,3.0,,,3,4,,,3.0,3,,2,4,3,,3,4.0,,3,3,2,3,,2,3,,4.0,,4.0,3,3,3,,3,4.0,,3,,4.0,,,3,3,,3,,,3,,3,3,4.0,,3,,,3,,,3,3,,,,2,,,4.0,,3,3,3,3,3,,3,3,2,2,,,3,3,3,,3,2,4.0,3,2,3,3,3.0,4,3,3,2,3,3,4,3,3,0.0,4.0,,3.0,,,,3.0,,3,,3,2,3,3,2,3,4,3,3,,,,,,3,3,,,3,,,3,2,,,3,,2,,3.0,3,3,2,,3,3,,3.0,3,,,3,4,,,,,,3.0,,,4,3,,,,139,3,1.116415868673051,-0.671325454634781
2,2,2,1,2,3,2,3,3,3,2,3,2,1,3,3,3,3,2,2,0,2,3,2,3,2,3,2,2,2,2,3,3,3,3,2,2,3,2,2,2,2,2,4.0,3,3,3,2,2,3,3,2,3,3,3,3,2,2,2,2,3,3,2,2,3,2,2,3,2,2,3,3,3,2,2,0,3,3,2,3,2,2,2,2,1,3,2,2,3,2,2,3,2,2,3,3,1,3,2,3,3,3,3,3,3,2,2,2,2,3,3,3,3,2,2,2,2,2,2,3,3,2,3,3,3,3,3,2,2,3,3,3,3,3,3,2,2,2,2,3,2,3,2,3,3,2,3,2,3,3,3,3,2,3,3,3,3,3,3,3,1,3,3,3,2,2,2,3,2,2,2,2,2,2,3,3,3,2,3,3,2,3,3,2,2,3,3,2,3,2,2,2,3,2,2,3,3,2,3,3,3,3,4,3,3,3,3,2,3,2,2,2,2,3,2,2,3,3,2,3,3,2,2,1,3,2,2,3,2,3,3,3,3,3,3,3,2,3,3,3,3,3,2,3,2,2,3,3,3,2,3,2,2,2,3,3,2,3,3,3,3,2,2,2,3,3,3,4,0,2,3,2,2,3,3,3,2,3,2,3,2,2,2,2,3,2,2,3,3,4,2,3,3,3,3,2,3,3,3,3,3,1,2,2,3,2,2,3,3,3,3,2,3,2,2,3,2,3,2,3,2,2,3,2,3,2,2,2,3,2,3,3,3,2,3,3,0,2,2,2,2,3,2,3,3,3,2,3,3,3,3,2,0,3,4,3,2,2,3,3,3,2,2,3,3,3,2,2,3,3,3,2,3,3,3,2,3,3,3,3,3,3,4,4,3,3,2,3,3,3,2,3,3,2,3,3,3,3,4.0,2,2,3,3,3,2,2,3,3,2,1,3,2,3,3,4.0,,3.0,2,2,2,2,2,3,2,3,3,3,2,2,3,3,3,2,3,3,3,4.0,2,3,2,3,3,3,2,2,2,2,3,3,,2,4,3,2,3,3,,3,3,2,3,3,3,,3,3,3,2,3,3,3,3,4,3,2,,2,3,2,4.0,2,2,3,3,3,3,3,3,3,2,3,3,3,3,2,2,2,3,3,3,4,4,3,4,2,3,2,3,3,2,3,2,4,3,3,2,3,3,3,3,2,3,4.0,3,,3,3,3,3,3,3,3,3,2,4,3,3,2,3,2,3,3,3,3,3,3,3,3,3,2,3,3,3,3,3,3,4,3,4,3,1,,3,3,3,4,4,4.0,3,3,3,3,3,3,3,3,3,3,,3,2,3,,3,3,3,3,3,3,3,3,3,3,3,,3,3,3,3,3,2,3,,3,,,3,4,3,3,3,3,3,4.0,3,3,3,3,3,,3,,3,0,3,,3,4,4,,,,,3,,4,3,4,3,3,3,3,3,4.0,4,3,3,,3,3,3,2,3,,,3,3,3,3,3,3,2,,4,3,3,,3,4.0,,3,3,,3,4.0,3,2,3,3,,,2,,3,4,3,3,4.0,3,3,3,,,,3,3,3,3,4.0,3,4,3,3,3,,3,3,4,4,3,3,3,,3,3,4,3,4,2,3,3,3,3,4.0,3,3,3,4,,4.0,3,3,3,4,,3,3,3,3,,3,4.0,3,,4.0,4.0,,,3,3,4.0,3,3,4.0,,3,,,,3,3,3,4.0,,4.0,4,3,,2,3,,,3,,4,,4,,,4,3,3,3,,4,3,4,4.0,3,4,2,3,3,2,3,4.0,3,3,4,3,4.0,2,,3,3,,4.0,2,,3,4,,4.0,2,3,,4,4.0,,,,3,4,,,4.0,3,,3,3,3,,3,4.0,,3,4,2,3,0.0,2,3,,,,,3,3,3,,4,4.0,,3,,4.0,,,3,3,0.0,3,,,3,,3,3,4.0,,4,,4.0,3,,,3,3,,,,3,,,4.0,,3,4,3,3,3,,3,4,3,3,,,3,3,3,,3,3,4.0,2,3,3,4,,3,4,4,3,3,3,4,3,4,,4.0,,,,,,3.0,,3,,3,3,4,3,3,3,3,3,4,,,,,,3,3,4.0,3.0,4,,,3,2,,,3,,3,,4.0,3,3,3,,3,4,,4.0,3,,4.0,1,3,,,,0.0,,4.0,,,4,0,,,,140,3,1.1049404976559687,-0.6226790653651303
2,1,2,3,2,2,3,2,3,3,2,3,2,1,3,2,3,2,1,2,2,2,3,2,3,3,3,2,2,2,2,3,3,3,3,2,3,3,3,3,2,2,2,3.0,2,3,3,2,3,3,3,3,3,2,2,3,2,3,2,3,2,2,1,2,2,3,3,3,3,3,2,0,3,3,2,3,3,3,2,2,2,2,2,2,2,2,2,2,3,2,2,3,2,3,3,3,1,3,3,3,3,3,3,2,0,2,2,2,3,3,3,3,3,2,2,2,2,3,3,3,3,2,3,3,3,3,3,3,2,2,2,2,2,2,1,2,3,2,3,3,3,2,2,2,3,2,2,2,3,3,2,2,1,2,2,2,2,2,3,3,1,3,2,3,2,2,2,2,2,2,2,3,2,2,3,3,3,2,3,2,2,2,2,2,2,3,3,2,3,2,2,2,3,2,3,3,3,3,3,2,3,2,3,3,3,3,2,3,3,2,2,2,2,3,2,2,3,3,2,3,3,2,2,2,3,2,3,3,2,3,3,3,2,3,3,3,2,3,2,3,3,3,2,3,3,2,3,3,3,2,1,2,2,2,2,0,2,3,2,3,3,3,2,2,3,3,0,3,3,2,3,3,3,3,3,3,3,3,2,3,2,2,2,2,2,2,3,3,2,4,2,3,3,3,3,2,2,3,3,3,2,2,2,2,2,3,2,3,3,3,2,3,1,3,2,3,2,2,2,3,2,2,3,3,3,3,2,2,3,2,3,3,3,2,3,3,2,2,2,2,2,3,0,2,3,2,2,3,3,2,3,2,2,3,3,2,2,3,3,3,3,2,3,3,3,2,2,2,2,0,3,2,3,3,3,2,2,2,3,2,2,2,3,3,3,2,3,1,2,2,2,3,2,1,2,2,3,3,3.0,3,3,3,3,3,2,2,3,3,3,3,3,2,3,3,4.0,,4.0,2,2,2,2,2,3,2,2,3,3,2,3,3,3,2,3,2,2,3,4.0,3,2,3,2,2,3,3,3,2,3,3,3,,2,3,3,2,3,3,,3,2,3,3,3,3,0.0,3,3,3,2,3,3,3,3,3,3,2,,3,3,2,4.0,3,2,3,2,3,3,3,3,3,3,3,3,3,2,2,2,3,3,2,3,3,3,3,3,3,4,2,4,3,2,3,3,3,3,3,3,3,3,3,3,3,3,4.0,3,,3,2,2,3,3,3,3,3,2,3,3,3,3,3,3,3,3,3,3,3,3,2,3,2,2,3,3,3,3,3,3,3,3,4,3,2,,3,3,3,3,3,4.0,3,3,3,3,3,3,4,3,3,3,,3,3,3,,4,3,3,3,2,3,3,2,3,3,3,,3,3,3,3,3,2,3,,3,,,3,3,3,2,3,2,3,4.0,3,3,4,4,3,,3,,3,3,3,,3,3,3,,,4.0,,3,,4,3,4,3,3,3,3,3,4.0,3,3,3,,3,3,3,3,3,,,3,3,3,3,3,3,2,,4,3,3,,3,4.0,,3,2,,3,4.0,3,3,3,3,,,3,3.0,3,3,3,3,3.0,3,3,3,,,,3,3,3,3,4.0,3,4,4,3,3,,3,3,3,3,3,3,3,,3,2,3,3,3,2,3,3,4,3,,3,3,4,3,,4.0,3,2,2,3,,3,3,3,3,,3,4.0,3,,4.0,,,,3,3,3.0,3,3,2.0,,3,3.0,,4.0,3,3,3,3.0,,4.0,3,3,,4,2,,,3,,4,,3,,,4,4,3,4,,3,3,3,4.0,3,3,3,3,3,2,3,4.0,3,0,4,3,4.0,2,,3,3,,4.0,3,,3,4,,,3,3,,4,4.0,,,,3,3,,,4.0,3,,3,3,3,,3,4.0,,3,3,3,3,,3,3,,,,,3,3,0,,3,4.0,,3,,4.0,,,3,3,,3,,,3,,0,3,3.0,,3,,,3,,4.0,3,3,,,,3,,,4.0,,3,3,3,3,3,,3,4,3,3,,,3,3,3,,3,3,4.0,3,3,3,4,,3,3,3,3,3,4,4,3,4,,4.0,,,,3.0,,4.0,,3,3.0,3,2,4,3,3,3,4,3,3,,,,,,3,3,,4.0,4,,,3,3,,,3,,3,,3.0,3,3,3,,3,4,,4.0,3,,,3,4,,,,,,3.0,,,3,3,,,,141,3,1.1055057299451923,-0.659873989460549
2,3,2,2,2,3,2,3,3,3,3,3,3,3,2,2,2,2,2,2,2,2,3,3,3,3,3,3,2,3,3,3,3,3,3,3,3,3,3,3,3,2,2,3.0,2,3,3,3,3,3,3,3,2,2,2,2,3,3,2,3,1,1,2,2,2,3,3,3,2,2,3,3,3,3,3,3,3,3,3,3,0,2,2,2,2,3,2,2,3,3,2,3,3,3,3,2,3,3,3,3,3,3,3,2,1,2,2,2,3,3,3,3,3,2,2,2,3,3,3,3,3,2,2,3,3,3,3,2,2,2,2,3,2,2,3,3,3,2,3,2,2,3,2,2,3,2,3,2,2,2,1,3,2,2,3,2,2,1,2,3,1,3,2,2,2,2,1,2,2,3,3,3,2,3,1,3,3,2,2,2,2,1,1,2,2,3,3,2,2,2,3,2,3,3,2,3,3,3,3,2,3,2,3,2,3,3,3,3,3,2,2,3,2,3,2,2,3,3,3,2,3,3,2,3,3,3,2,3,3,3,2,2,2,2,3,3,3,2,3,3,3,3,3,3,3,3,3,4,3,2,0,3,2,3,2,2,2,3,3,3,3,3,2,3,3,3,3,3,2,2,3,3,3,3,3,3,3,3,2,3,2,2,2,2,2,2,2,3,2,3,2,3,2,3,3,1,1,3,3,3,3,2,3,2,3,2,3,3,2,3,3,3,3,3,2,3,2,3,3,3,2,1,3,3,3,3,3,3,3,2,4,3,3,2,3,3,3,3,3,3,2,3,2,3,3,2,2,2,3,3,3,2,2,3,4,2,2,3,3,3,3,3,3,2,3,3,2,2,2,3,3,2,3,3,2,2,1,1,2,0,2,2,2,2,1,2,2,1,0,2,1,2,2,1,1,1,2,2,2.0,3,3,3,3,3,2,2,3,3,3,3,3,3,3,3,4.0,,4.0,3,3,3,2,3,2,3,1,3,3,3,3,2,3,2,3,3,2,3,4.0,3,3,4,2,3,3,3,3,3,3,3,3,,2,4,3,3,3,3,,3,3,2,3,3,3,,2,3,3,0,3,3,3,3,3,2,2,,3,3,3,4.0,2,3,3,2,3,3,2,4,3,3,2,3,3,2,2,2,3,3,2,2,3,3,3,3,3,3,3,4,3,2,3,3,3,2,3,3,3,3,3,3,2,3,4.0,3,,3,2,3,3,3,4,3,3,2,3,4,3,2,4,3,3,2,3,3,3,3,2,3,3,2,3,3,3,3,3,3,3,3,4,3,2,,3,3,3,4,4,4.0,3,3,4,3,2,3,3,3,2,3,,3,3,3,,3,3,3,3,3,3,3,3,3,3,3,,3,3,3,3,3,3,2,,4,,,3,3,4,2,3,3,3,4.0,3,3,4,4,4,3.0,3,,3,3,3,,3,2,3,,,2.0,,3,,4,3,4,3,2,3,2,3,3.0,4,3,3,,3,3,3,3,3,4.0,,3,3,3,3,3,3,3,,4,3,3,,4,4.0,,3,3,,3,4.0,3,3,3,3,,,3,,3,3,3,3,4.0,3,3,3,,,3.0,3,3,3,3,4.0,3,4,3,3,3,,3,3,2,4,4,4,4,,3,3,3,4,3,2,3,2,3,3,,3,3,3,2,,4.0,3,2,2,3,,3,3,3,3,,3,,3,,4.0,,,,3,3,4.0,3,3,4.0,,3,,,0.0,3,3,3,4.0,,4.0,3,3,,4,3,,,3,,4,0.0,4,,,4,3,3,4,,3,3,3,4.0,4,3,2,2,3,3,3,3.0,3,4,4,3,3.0,2,,3,3,,,3,,3,3,,,3,3,,4,4.0,,,,3,3,,,0.0,3,,3,4,3,4.0,3,4.0,,2,3,3,3,,2,3,,4.0,,,3,4,4,,2,4.0,,2,,4.0,,,3,4,,2,,,4,,3,3,4.0,,4,,,3,,,4,3,,,,3,,,4.0,,3,3,3,3,3,,3,4,3,3,,,3,3,3,,3,3,,3,3,3,3,,3,4,3,2,3,3,4,3,3,,4.0,3.0,,,,,4.0,,2,,3,2,4,3,3,3,4,3,4,,,,,,3,4,,,0,0.0,,3,2,,,3,,3,,3.0,4,4,3,,3,4,,4.0,4,,,3,3,,,,,,4.0,,,3,3,,,,142,3,1.0957181976599457,-0.5808649958095657
2,2,2,2,1,1,1,3,3,3,2,2,2,1,2,2,2,1,2,2,2,1,3,2,2,2,3,2,2,2,2,2,3,3,3,2,2,3,2,3,2,2,2,3.0,2,1,2,2,2,2,2,2,3,2,1,1,2,2,1,2,2,2,2,1,1,1,2,3,2,2,3,2,3,2,2,3,3,2,2,2,2,2,2,2,1,2,2,2,2,2,2,2,2,2,2,2,2,2,2,2,2,2,2,2,3,2,2,2,2,3,0,3,3,2,2,1,2,2,2,2,2,1,3,2,2,2,2,1,2,2,2,1,2,2,2,2,2,2,2,2,2,2,2,2,2,2,2,2,3,2,3,3,2,2,2,2,3,2,2,2,1,3,2,2,1,2,2,3,2,2,1,2,2,2,2,2,3,2,3,2,2,2,3,1,2,2,2,2,2,2,2,2,2,2,2,2,3,2,2,2,3,2,3,3,2,3,2,2,2,2,2,2,2,3,2,1,2,1,2,2,2,2,2,1,2,2,1,2,2,2,2,3,2,2,2,2,2,2,2,2,3,3,1,2,2,2,3,3,2,2,3,2,1,2,2,2,2,2,2,3,3,2,2,2,2,3,3,3,2,1,2,1,0,2,2,2,3,3,2,3,2,2,0,2,2,1,2,2,2,3,1,2,2,3,2,2,2,2,2,3,2,2,2,2,2,2,2,2,2,0,1,2,2,2,2,2,2,2,2,3,2,2,2,2,2,2,2,2,3,2,3,3,3,2,2,2,2,2,2,2,2,2,2,2,3,3,2,2,3,2,3,2,2,2,3,2,2,2,3,3,2,2,2,2,3,2,2,2,3,3,3,2,2,2,3,2,2,2,3,2,3,3,3,3,3,3,3,3,3,2,3,3,3,2,3,2,3,2,3.0,2,2,1,3,3,1,2,3,3,2,2,3,1,2,2,4.0,,3.0,2,2,2,2,2,2,2,2,2,2,2,2,2,2,2,2,2,2,2,3.0,2,2,3,2,2,2,2,3,2,2,2,2,,2,3,3,2,3,2,,2,2,2,2,2,2,4.0,2,3,2,2,2,3,3,2,3,2,2,,3,3,2,4.0,2,2,3,2,2,3,2,3,3,2,2,3,2,2,2,2,2,3,2,3,3,3,3,3,2,3,2,3,3,2,3,2,3,2,3,2,2,2,2,3,2,3,4.0,3,,2,2,2,2,3,3,2,2,0,3,3,3,2,3,3,3,2,3,2,2,3,1,3,2,2,2,2,2,3,3,3,3,3,3,3,2,,2,2,2,3,3,3.0,2,3,3,2,2,3,3,3,2,3,,2,2,2,,3,3,2,2,3,2,3,3,2,3,3,4.0,3,2,3,3,3,2,3,,2,,,3,3,3,2,2,1,3,4.0,2,3,3,3,3,,3,,3,2,2,,3,3,3,,,4.0,,2,,3,3,3,2,3,3,2,2,4.0,3,2,2,,2,3,2,2,3,,,2,1,2,2,1,3,2,,3,2,3,,3,3.0,,3,3,,3,4.0,2,0,3,3,,,2,,3,3,2,3,4.0,2,3,3,,,,3,3,3,3,3.0,3,3,3,2,3,,2,2,3,3,3,3,3,,3,2,3,2,3,2,3,3,3,3,,2,3,3,3,,3.0,3,2,2,3,,3,2,2,3,,2,4.0,3,,3.0,,,,3,3,4.0,3,3,4.0,,3,,,,3,3,3,3.0,,4.0,3,3,,3,3,,,3,,2,,3,,,3,3,3,3,,3,2,3,4.0,3,3,2,3,3,1,3,3.0,2,2,3,2,3.0,2,,2,3,,4.0,2,4.0,2,4,4.0,,2,3,,2,4.0,,,,2,3,,,3.0,2,,3,3,3,,3,4.0,,2,3,2,3,,2,2,,,4.0,,3,3,3,3.0,3,0.0,,3,,3.0,3.0,,2,3,3.0,1,,4.0,3,,3,2,4.0,,3,,,2,,,3,2,,,,0,,,4.0,,3,2,3,3,3,,3,3,3,2,,,3,3,3,,2,3,4.0,3,3,3,3,,3,3,3,2,3,3,3,3,3,,4.0,,,,,,3.0,,3,,0,2,3,3,3,3,3,3,3,4.0,,,,3.0,2,3,4.0,,0,,,3,2,,,3,,3,,3.0,3,2,3,,3,3,,4.0,2,,,2,3,,,2.0,,,4.0,,4.0,3,3,,,,143,3,1.117604824813326,-0.6695714783480812
2,3,2,2,2,1,2,2,3,3,2,2,2,1,3,2,2,2,2,2,2,2,3,2,2,0,2,1,2,2,2,2,2,3,2,2,2,3,2,3,2,2,2,3.0,2,2,2,2,2,3,3,2,3,2,2,2,2,1,2,2,3,2,2,2,2,2,3,3,2,2,3,3,3,3,2,3,3,2,2,2,2,2,2,2,2,2,2,2,1,2,2,2,3,2,2,2,2,3,3,2,2,3,3,3,3,2,2,1,2,3,3,3,3,2,2,2,2,2,2,3,3,2,3,2,2,3,2,2,2,2,3,2,2,2,3,2,3,0,2,2,2,2,2,2,3,2,2,2,3,2,3,3,2,2,2,2,2,3,2,2,1,2,2,2,2,2,1,2,2,2,2,2,2,2,2,1,3,2,3,2,2,3,3,1,2,3,3,2,2,2,2,2,3,2,2,2,3,2,1,3,3,2,3,3,3,3,2,2,2,2,0,2,2,3,2,2,3,3,2,3,3,2,2,2,3,3,2,3,3,3,2,3,3,2,2,2,2,2,2,3,2,2,2,2,2,2,3,3,3,2,2,3,1,2,2,1,2,3,2,3,3,2,3,2,3,3,3,3,2,2,3,2,2,3,3,3,3,3,2,2,2,2,2,2,2,2,2,3,2,3,2,2,3,3,3,2,2,3,3,3,2,2,0,1,1,2,2,3,2,2,2,3,2,3,2,3,2,3,2,3,2,2,3,2,3,2,2,2,3,2,3,0,3,2,3,3,2,2,2,2,2,3,2,2,3,3,2,3,3,2,3,2,2,2,3,2,2,2,2,3,3,2,2,2,3,2,2,2,3,2,3,2,3,3,3,2,3,2,3,3,3,3,3,4,3,3,3,3,3,3,3,3,3,2,3,3,3,3,4.0,3,2,2,3,3,2,1,3,3,2,2,2,2,2,2,4.0,,4.0,2,2,2,1,2,2,2,2,3,2,2,3,2,2,3,3,3,2,3,3.0,2,2,3,2,2,3,3,3,2,2,3,3,0.0,2,3,3,2,3,2,,3,2,1,2,2,3,,2,3,3,2,3,3,3,3,3,2,2,,3,3,2,4.0,2,2,3,2,3,3,2,3,3,2,2,3,2,2,2,2,2,2,2,3,3,3,3,3,2,3,2,3,3,2,3,3,3,2,3,3,3,3,2,2,2,3,4.0,3,,3,2,3,3,2,3,2,2,1,3,3,3,3,3,3,3,2,3,2,2,2,1,3,2,3,2,2,2,3,3,3,3,3,3,3,3,,2,3,2,3,3,4.0,2,3,3,2,3,3,3,3,2,3,,3,2,3,,3,3,3,3,2,2,2,3,3,3,3,,3,3,3,3,3,2,3,,2,,,2,3,3,0,2,3,3,4.0,2,3,3,3,2,,3,,3,3,3,,3,4,3,,,4.0,,3,,3,3,3,3,2,3,3,3,4.0,3,3,3,,3,3,2,3,3,,,2,3,2,3,2,2,2,,3,3,3,,3,4.0,,3,2,,3,4.0,3,2,3,0,,0.0,2,,3,3,2,3,3.0,3,3,3,,,,3,3,3,3,4.0,3,3,3,3,3,,3,3,3,3,3,3,2,,3,2,3,3,3,2,3,3,3,3,,2,3,3,3,,4.0,3,2,2,3,,3,3,3,3,,2,4.0,3,,0.0,3.0,,,3,3,4.0,3,3,4.0,,3,,,,3,3,4,3.0,,4.0,3,3,,3,3,,,3,,3,,3,,,3,4,3,3,,3,3,4,4.0,3,3,2,2,3,2,3,4.0,2,3,3,2,3.0,2,3.0,3,3,,4.0,3,,2,4,,,2,3,,3,4.0,,,,3,4,,,4.0,2,,3,3,3,,3,4.0,,2,3,2,3,,2,3,,,,,3,3,3,,3,4.0,,3,,4.0,,,2,3,,2,,,3,,3,3,4.0,,3,,,3,,,3,2,,,,2,,,4.0,,3,2,3,3,2,,3,4,3,3,,,3,3,3,,3,3,4.0,2,3,3,3,,3,3,3,2,3,3,4,3,3,,4.0,,,,,,3.0,,3,,2,2,3,3,3,3,3,3,3,4.0,,,,3.0,2,3,,,3,,,3,3,,,3,,3,,3.0,3,3,3,1.0,3,4,,4.0,3,,3.0,3,3,,,,,,4.0,,,4,3,,,,144,3,1.1004342344866231,-0.6865969800046732
3,2,2,2,2,2,2,2,2,2,2,2,2,1,2,2,2,2,2,2,2,2,3,2,2,2,3,2,1,2,2,2,2,3,3,2,2,3,2,2,2,2,2,3.0,1,2,2,2,3,3,3,2,3,2,2,2,2,2,2,3,3,2,2,2,1,2,2,3,2,2,3,3,3,3,2,3,3,2,2,2,0,1,2,2,2,3,2,2,2,2,2,1,2,2,2,2,2,2,2,2,2,3,3,3,3,2,1,1,2,3,3,3,3,2,2,2,2,2,2,3,3,1,3,3,1,2,3,2,2,1,2,2,2,2,3,3,3,2,3,2,2,1,2,2,3,2,2,2,3,3,3,2,2,2,2,2,2,2,2,2,1,2,2,2,2,2,2,2,2,2,2,2,2,2,2,3,2,2,2,2,2,2,3,1,2,2,2,2,2,2,2,2,3,3,3,3,3,2,2,2,3,2,3,2,3,3,2,2,2,2,2,2,2,2,2,2,2,2,2,3,3,2,2,2,2,3,2,3,3,2,2,2,2,2,2,2,2,2,2,3,2,3,2,1,2,2,3,3,3,1,3,3,2,2,2,2,1,3,2,3,3,2,3,2,2,2,2,3,3,2,2,2,3,3,3,2,3,3,2,2,2,2,2,2,2,2,2,2,3,3,2,2,2,2,3,3,2,3,3,3,2,2,2,1,2,2,0,3,2,3,2,3,3,3,2,3,3,3,2,2,3,3,3,2,3,2,2,2,3,1,3,3,2,2,3,3,3,2,2,2,2,3,2,2,3,1,2,3,3,2,2,0,2,2,2,2,2,2,2,2,2,2,2,2,3,2,2,1,3,3,3,2,2,2,3,2,3,2,3,2,3,3,3,3,3,3,3,3,3,3,3,3,3,2,3,2,3,3,3.0,2,2,2,3,2,1,2,2,2,3,2,2,2,2,0,4.0,,4.0,2,2,2,2,2,2,2,2,2,2,2,3,2,2,2,3,3,2,3,4.0,3,2,3,2,2,3,3,3,2,3,3,3,,2,3,0,2,2,3,,3,2,2,2,3,2,,2,3,2,2,2,3,3,3,3,2,2,4.0,3,3,2,4.0,2,2,2,2,2,3,2,3,2,2,2,3,2,2,2,2,2,3,2,2,0,2,2,3,2,3,2,3,2,2,3,3,3,2,2,1,3,3,2,3,2,3,4.0,3,,2,2,3,2,2,3,2,3,2,3,3,3,3,3,3,2,2,2,2,2,3,2,3,2,2,1,2,2,3,3,2,3,2,3,3,3,,2,3,2,3,3,3.0,2,2,2,3,2,2,3,3,2,3,,3,3,3,4.0,4,3,3,3,3,2,3,3,3,3,3,,3,3,3,3,3,2,2,,3,,,2,3,3,3,2,2,3,4.0,2,3,3,0,3,,3,,3,3,3,,3,4,3,,4.0,4.0,,3,,3,2,3,2,3,2,3,1,3.0,3,3,2,,3,3,2,2,3,,,2,2,2,3,2,2,2,,3,2,2,,3,4.0,,3,2,,3,3.0,3,2,3,3,,4.0,2,,3,3,2,3,4.0,3,2,3,4.0,,,3,3,3,2,3.0,3,3,3,2,3,,3,3,3,3,3,3,3,,3,2,3,3,3,2,3,3,3,3,,3,3,3,4,,4.0,3,2,2,3,,3,3,3,2,,3,4.0,3,,4.0,,,,3,3,4.0,2,3,4.0,3.0,2,,,,3,3,3,3.0,,4.0,3,3,,3,3,,,3,,3,,4,,3.0,3,3,3,3,,3,3,3,4.0,3,3,2,3,3,2,2,4.0,3,3,3,3,3.0,2,,3,3,,4.0,2,,2,3,,,3,3,,3,4.0,,,,2,4,,,4.0,3,,3,3,3,,3,4.0,,3,3,2,3,,2,3,,,,,3,3,3,,4,3.0,,3,0.0,3.0,,,2,3,,3,,,3,,3,3,4.0,,3,,,2,,,3,2,,,3.0,3,,,4.0,,3,3,3,3,2,,3,3,2,3,,,3,3,3,,3,3,4.0,3,3,2,3,,3,1,2,2,3,3,3,3,3,,3.0,,,,,,3.0,4.0,3,,3,0,3,3,3,3,3,3,3,,3.0,,,,0,3,,,3,,3.0,3,3,,,3,,3,,4.0,3,2,3,4.0,3,3,,4.0,3,4.0,,3,3,,,,,,3.0,,,3,3,,,,145,3,1.1066925315227936,-0.6982750042575667
3,3,3,3,2,2,3,3,3,3,3,3,3,2,3,3,3,2,3,3,2,2,3,2,3,2,1,2,2,2,2,3,2,3,3,2,3,3,3,3,2,3,2,4.0,2,2,3,2,3,3,3,3,3,2,2,3,3,3,2,3,3,2,2,3,1,2,3,3,3,3,3,3,3,3,3,3,3,3,3,3,3,2,2,2,2,3,2,2,2,2,3,3,3,2,3,3,2,3,3,3,3,3,3,3,2,2,2,3,2,3,3,4,4,2,2,2,2,3,3,3,3,2,3,3,2,3,3,3,2,2,3,2,3,2,2,0,2,3,3,3,3,2,2,3,0,1,3,2,3,0,3,3,3,3,3,3,3,3,2,3,1,3,3,2,2,2,2,3,2,2,2,2,3,2,3,4,3,3,3,3,2,3,3,2,3,3,3,2,2,3,3,2,3,3,3,3,3,3,3,3,3,2,3,3,3,3,3,3,3,3,3,2,2,3,3,3,3,3,3,3,3,2,3,3,3,3,2,3,3,3,3,3,2,3,2,3,3,3,3,3,3,3,2,3,3,2,3,4,3,2,3,2,2,3,3,3,3,3,3,3,3,3,3,3,3,3,3,4,3,2,3,3,3,3,3,3,4,3,3,3,2,3,2,2,3,3,3,3,3,3,2,3,2,3,3,3,2,3,3,3,2,3,2,2,3,3,2,3,3,3,3,3,3,3,3,4,3,3,2,3,2,3,3,2,3,3,2,3,3,2,3,3,3,2,3,3,3,3,3,2,3,4,2,3,3,3,3,3,3,2,3,3,3,3,3,2,3,3,3,3,2,2,3,3,3,3,2,3,3,0,2,3,3,3,3,3,3,3,3,3,3,3,4,4,4,3,4,3,3,3,3,3,3,2,3,3,3,3,4.0,3,3,3,3,3,2,2,3,3,3,3,3,2,3,3,1.0,,4.0,2,3,3,3,3,3,3,3,3,3,2,3,3,2,3,4,3,2,2,3.0,2,2,4,2,3,3,1,3,3,3,3,2,4.0,3,4,3,3,3,2,4.0,3,2,3,3,3,3,,3,3,3,3,3,3,3,3,4,3,3,,3,4,3,4.0,3,3,2,3,2,3,3,4,4,3,3,3,2,3,2,3,3,3,2,3,3,3,3,3,2,4,3,4,3,3,3,3,4,3,3,3,3,3,3,3,3,3,4.0,3,,3,3,3,3,3,4,3,3,1,4,3,3,3,3,4,3,3,3,2,3,3,2,3,3,3,3,3,2,3,3,3,3,3,4,3,3,,2,3,3,4,4,4.0,3,3,4,3,2,3,4,3,0,3,,3,3,3,,4,3,3,3,3,2,2,3,3,3,3,,4,3,3,3,3,3,2,2.0,3,0.0,,3,3,3,3,3,3,4,,2,0,4,3,3,,3,,3,3,3,,3,4,4,,,4.0,,4,,4,3,3,3,3,3,3,3,4.0,3,3,3,,3,3,3,3,4,,,3,3,3,3,3,3,3,,4,3,3,,3,4.0,,4,3,,3,4.0,3,3,3,3,,,3,,3,3,3,4,4.0,3,3,4,,,,3,3,3,3,3.0,3,4,4,3,3,,3,4,3,3,3,4,3,,3,3,4,3,3,3,3,3,3,3,,3,3,4,4,,4.0,4,3,3,4,,4,3,3,3,,3,4.0,3,3.0,4.0,,,,3,3,4.0,3,3,3.0,,3,,,,3,3,4,4.0,3.0,4.0,4,4,,4,3,,,3,,4,,4,,,3,3,4,4,,4,3,4,4.0,4,3,3,3,3,3,3,4.0,4,3,4,3,4.0,2,,0,4,,4.0,3,,2,3,,,3,0,,4,4.0,,0.0,,3,4,,,4.0,3,,3,4,4,3.0,3,4.0,,3,4,2,3,,3,3,,,,,4,4,3,4.0,4,4.0,,3,,4.0,,,3,3,4.0,3,,,3,,3,4,4.0,,3,,,3,,,3,3,,,,3,,,4.0,,4,3,3,3,3,,4,4,3,3,,,3,3,3,,4,3,4.0,3,3,3,3,,4,4,3,3,3,4,4,3,4,,4.0,,,,,,4.0,4.0,4,,3,2,3,4,3,3,4,3,4,,,,,,3,3,,,3,,,3,3,,,3,,3,,4.0,4,3,3,,3,3,,4.0,3,,,3,4,,,,,,4.0,,,3,4,,,,146,3,1.106781566129637,-0.617385542720595
2,2,1,2,2,2,1,3,2,3,2,2,2,2,2,2,2,2,1,2,2,2,3,2,3,3,3,3,2,3,2,2,3,3,3,2,2,3,3,3,3,2,2,3.0,2,2,2,2,2,3,3,2,3,2,2,2,2,0,2,2,2,2,2,2,1,2,2,3,2,2,2,2,3,2,2,3,3,2,3,2,2,2,2,1,1,3,2,2,2,2,0,1,2,2,2,2,2,3,3,3,3,3,2,2,2,2,2,1,2,3,3,3,2,2,2,2,2,3,2,3,3,2,3,3,2,3,2,2,2,1,3,2,2,2,2,3,3,0,2,2,2,2,2,2,2,2,2,2,3,2,2,3,2,2,2,2,3,2,2,2,1,2,1,2,2,2,1,3,2,2,2,3,2,2,2,2,3,2,3,2,2,2,1,1,2,3,2,2,2,3,2,2,3,2,2,2,3,2,2,3,3,2,3,2,3,3,2,2,2,2,2,1,2,3,2,2,2,2,2,3,3,2,2,2,2,3,2,3,3,2,2,3,2,2,2,3,2,2,2,3,2,3,3,2,3,3,3,3,3,2,2,3,2,2,1,2,1,3,2,3,3,3,3,2,2,3,3,3,3,2,2,2,2,2,3,2,3,3,2,3,2,2,2,1,2,2,2,2,2,3,2,2,2,3,3,2,2,3,0,3,2,2,2,2,2,2,2,3,0,2,2,3,3,3,2,3,3,2,2,3,2,2,3,2,3,3,2,2,3,2,2,3,3,2,3,3,3,3,2,3,2,3,2,2,3,2,2,3,3,2,3,2,3,2,3,2,2,2,3,3,3,3,2,2,3,2,2,2,1,3,3,2,2,2,3,2,0,2,2,2,2,2,3,3,3,2,3,2,2,2,2,1,2,2,2,2,3,2,3.0,2,2,2,3,3,2,2,0,3,2,3,2,2,2,2,4.0,,3.0,2,2,2,2,3,2,3,2,2,2,2,2,2,2,2,3,2,2,3,4.0,3,2,3,2,2,3,3,3,2,2,3,2,,2,3,2,2,2,3,2.0,3,2,2,2,3,2,,2,3,2,2,2,2,3,2,3,2,2,,3,3,2,3.0,2,2,2,3,2,3,2,3,3,2,2,3,2,2,2,2,2,3,1,2,3,2,3,3,2,3,2,3,3,2,3,3,3,2,3,2,3,3,2,3,2,3,4.0,3,,3,2,3,3,2,3,2,1,2,3,3,2,3,3,3,3,2,2,3,2,3,2,3,2,2,3,3,2,3,3,3,3,2,3,2,2,,2,3,3,3,3,3.0,2,3,3,2,3,2,3,3,2,3,,3,3,2,,3,3,2,3,3,2,3,2,3,3,2,,3,3,3,3,3,2,2,,3,,,3,3,3,3,2,2,3,4.0,2,3,3,3,3,,3,,3,3,3,,3,3,4,,,3.0,,2,,3,3,3,3,3,2,3,2,4.0,3,3,3,,3,3,2,3,3,,,3,2,3,3,2,3,3,,3,3,3,,3,4.0,4.0,3,3,,3,4.0,3,1,3,3,,,3,,3,3,2,3,4.0,2,3,3,,,,2,3,3,3,4.0,3,3,3,3,3,,3,3,2,3,3,4,3,,3,2,3,3,3,2,3,3,3,3,,2,3,3,3,,4.0,3,2,2,3,,3,3,3,3,3.0,3,4.0,3,,4.0,,,,3,3,4.0,3,3,3.0,,3,,,,3,3,3,3.0,2.0,4.0,3,3,,4,2,,,3,,3,,4,4.0,,3,3,3,3,,3,3,3,4.0,3,3,2,3,3,1,3,4.0,2,3,3,3,3.0,2,2.0,3,3,,4.0,2,,2,3,0.0,,2,3,,3,4.0,,,3.0,3,3,,,3.0,2,,3,3,3,,3,4.0,,3,3,2,3,,2,3,,,,,3,3,3,,3,3.0,,3,,3.0,,,2,4,,1,,,3,,3,3,4.0,,3,,,3,,,3,2,,,,3,,,4.0,0.0,3,3,3,3,3,,4,3,3,3,,0.0,3,3,3,4.0,3,3,4.0,3,3,3,3,,3,3,3,2,3,3,4,3,3,3.0,4.0,,,,4.0,,4.0,,3,,2,2,4,3,3,3,3,3,3,,,,,,2,4,,,3,,,3,2,3.0,,3,,3,,4.0,3,3,3,,3,3,,4.0,3,,,2,3,,,,,,4.0,,,3,3,,,,147,3,1.1032857340912243,-0.6799345312197953
2,3,1,2,2,2,2,3,3,3,3,2,3,2,2,3,2,3,3,2,3,2,3,3,3,3,3,2,2,3,3,3,3,3,3,3,3,3,3,3,3,2,3,4.0,2,3,3,3,2,3,3,2,3,3,2,2,2,2,2,2,3,2,2,2,1,3,0,3,3,3,3,3,4,3,3,3,3,3,3,3,2,2,2,2,2,3,2,2,3,2,2,2,3,1,2,2,2,3,3,3,3,3,2,2,2,2,2,2,2,3,3,3,3,2,2,2,2,2,3,3,3,2,3,3,3,3,3,3,2,2,3,2,2,2,3,2,2,2,2,3,2,2,2,2,3,3,3,3,3,2,2,3,3,2,3,3,3,2,3,3,1,2,2,3,2,2,2,2,2,2,2,2,2,2,2,3,3,3,3,2,3,1,2,2,2,4,3,3,3,3,3,2,3,2,2,2,2,2,2,2,2,0,1,1,2,2,2,1,2,2,2,1,2,3,2,2,3,3,2,3,3,3,2,3,3,3,3,3,3,2,3,2,2,3,2,2,2,3,2,3,3,3,2,2,3,3,3,3,3,2,3,3,1,3,3,3,2,3,2,3,3,3,3,3,3,3,3,3,3,2,3,2,3,3,3,3,4,3,3,3,2,2,2,2,3,2,2,3,3,0,2,2,2,3,3,3,2,3,2,3,2,3,2,2,3,0,2,3,2,3,3,3,3,3,3,3,3,3,2,3,2,2,3,2,3,3,2,3,3,2,3,3,3,2,3,3,2,2,1,3,2,3,2,3,3,3,3,3,4,3,3,2,3,3,4,2,3,3,3,3,3,3,3,3,3,2,3,2,3,3,3,3,3,3,3,2,2,2,3,2,3,3,3,3,3,2,3,3,3,0,3,3,3,2,2,2,3,2,3.0,3,3,3,3,3,3,2,3,3,2,2,3,2,2,3,,,4.0,2,3,2,2,3,3,3,2,3,3,3,3,3,2,3,3,3,2,3,4.0,3,2,2,2,2,3,3,3,3,3,3,3,,2,3,3,3,3,2,,3,2,3,3,3,3,,2,3,2,3,3,3,3,3,4,2,2,,3,3,2,4.0,2,2,2,3,3,3,2,3,3,2,3,3,3,3,2,2,3,3,2,3,3,3,3,3,3,3,2,3,3,3,3,3,4,1,3,3,2,2,2,3,2,3,4.0,3,,3,2,3,3,3,3,3,3,2,3,3,3,3,3,4,3,3,3,3,3,3,2,3,3,2,3,3,2,3,3,3,3,3,4,3,3,,3,3,3,3,3,4.0,3,3,3,2,3,3,4,3,3,3,,3,3,3,,4,3,2,3,3,3,3,3,3,3,3,,4,3,3,2,3,2,3,,3,,,3,3,4,3,2,3,4,,2,4,4,4,3,,3,,3,3,3,,3,3,4,,,4.0,,3,,4,3,4,3,3,3,3,3,4.0,3,3,3,,3,3,2,3,3,,,1,3,3,3,3,3,3,4.0,3,3,3,,3,4.0,,3,3,,3,3.0,3,2,3,3,,,3,,3,3,3,4,4.0,2,3,3,,,,3,3,3,3,,3,4,4,3,4,,3,3,3,3,3,4,3,3.0,3,3,3,3,3,2,3,3,3,3,,1,3,3,3,4.0,0.0,4,3,3,3,,3,3,3,0,,3,4.0,3,3.0,4.0,,3.0,,3,3,4.0,3,3,4.0,,3,,,,2,3,3,4.0,,4.0,3,3,,4,3,,,3,,4,,4,,,4,3,3,3,,3,2,3,3.0,3,3,2,3,3,2,3,4.0,3,3,4,3,4.0,2,,3,3,,4.0,2,,3,3,,,2,3,,4,4.0,,,,3,3,2.0,,3.0,2,,3,4,3,,3,4.0,,3,3,3,3,,2,3,,,,,3,0,3,,3,4.0,,3,,4.0,,,3,4,,2,,,3,,3,3,4.0,,3,,,3,,,3,3,,,,3,,,4.0,,4,3,3,3,3,,4,4,3,3,0.0,,2,2,3,,3,3,4.0,3,3,3,3,,3,3,3,2,4,4,4,3,4,,4.0,,,,,,4.0,,3,,1,2,4,4,3,3,3,3,4,,,,,,3,4,,,4,4.0,,3,2,,,3,,3,,4.0,4,3,3,,3,3,,4.0,3,,,2,3,,,,,,4.0,4.0,,3,3,,,0.0,148,3,1.1069151544874942,-0.6505195294327419
2,3,2,2,2,1,2,2,2,0,2,2,2,2,2,2,1,2,2,2,2,2,3,2,2,3,3,2,2,2,2,2,3,2,3,2,2,3,3,2,3,2,2,3.0,2,2,2,2,2,3,2,2,3,2,2,2,2,2,1,2,1,2,1,2,2,2,2,3,2,2,2,2,3,3,2,3,2,2,2,2,2,2,1,2,2,3,1,2,2,2,2,3,2,2,2,2,2,2,2,2,2,3,2,2,2,2,2,1,3,3,3,3,3,1,2,2,2,2,3,3,3,1,2,2,2,2,2,2,2,2,2,2,0,2,3,2,3,2,2,2,2,2,2,2,2,2,3,2,3,3,2,2,1,2,2,2,3,2,2,2,1,2,2,2,2,2,1,1,2,2,2,2,2,2,2,2,3,2,3,2,2,2,2,2,2,3,2,2,2,2,2,2,2,2,2,2,2,2,2,2,2,0,3,2,2,2,2,2,2,2,2,1,2,3,2,2,2,2,2,2,3,2,2,2,3,2,2,3,2,3,2,2,2,2,2,3,2,2,2,3,2,3,2,2,2,2,3,3,3,1,2,2,1,2,2,2,1,3,2,3,3,2,3,0,2,3,3,3,2,2,3,2,2,3,2,2,3,3,2,2,2,2,1,1,2,1,2,3,0,3,2,2,2,3,3,2,2,3,3,3,2,2,2,2,2,2,2,3,2,3,2,2,2,3,2,3,2,3,2,3,2,2,3,2,3,3,2,2,3,2,3,3,3,1,3,3,3,2,2,2,2,3,2,3,3,2,2,2,3,3,3,2,2,2,3,2,2,2,3,1,3,2,2,2,3,2,2,2,2,3,2,1,2,2,3,2,2,2,3,2,2,3,3,3,3,2,3,3,2,2,2,3,2,2,2,2,0,3,3.0,3,2,2,3,3,2,1,3,3,2,3,2,1,2,3,,,4.0,2,2,2,2,2,1,2,1,2,2,2,3,2,2,2,3,2,1,3,4.0,3,2,3,2,2,2,2,2,2,3,3,2,,2,3,2,2,2,1,,2,2,2,2,3,2,3.0,2,3,2,2,2,2,3,2,3,2,2,,3,3,2,4.0,2,2,3,2,3,2,2,3,3,2,2,3,2,2,2,2,2,2,2,2,3,3,3,3,2,3,2,3,2,2,3,3,3,2,3,2,2,2,0,2,2,3,4.0,3,,2,2,2,3,2,3,2,2,2,3,3,3,3,3,3,2,2,3,2,2,3,2,2,2,2,2,2,2,3,3,3,3,2,3,2,2,,2,3,3,3,3,3.0,2,2,3,2,2,2,3,3,2,1,2.0,3,3,2,,3,3,2,2,3,2,3,2,3,2,2,,3,2,3,3,3,2,3,,3,,,2,3,3,3,2,2,3,4.0,2,3,3,3,3,,3,,3,3,3,,2,3,3,,,4.0,,3,,3,3,3,3,2,2,3,3,4.0,3,2,3,,3,3,1,3,3,,,2,2,3,3,2,2,3,,3,2,2,,3,4.0,,3,3,,2,4.0,0,2,3,2,3.0,,2,,2,3,2,3,4.0,2,3,3,,,,3,3,2,2,4.0,3,3,3,2,3,,3,3,3,3,3,3,3,,3,2,3,3,3,2,3,2,3,2,,2,3,3,3,,3.0,3,2,2,3,,3,2,3,2,3.0,2,4.0,2,,4.0,,3.0,,3,2,3.0,3,3,3.0,,3,,3.0,0.0,2,3,3,4.0,,4.0,3,2,,4,3,,,3,,3,,3,,,3,3,3,3,,3,3,3,3.0,3,2,2,3,3,2,3,4.0,3,3,3,2,3.0,2,,2,3,,4.0,2,,2,3,,,2,2,2.0,3,4.0,,,,2,3,,,4.0,2,,2,3,3,,3,3.0,,2,2,2,3,,2,3,,,,,3,3,3,2.0,3,3.0,,3,,3.0,,,3,3,,2,,,3,,3,3,4.0,3.0,3,4.0,,3,,,3,2,,,,2,,,4.0,,3,3,3,3,3,4.0,3,3,3,2,,,3,3,2,,3,3,4.0,3,2,3,3,,3,3,3,2,3,3,3,3,3,,4.0,,,,,,4.0,,3,,2,2,3,3,3,2,3,3,3,,4.0,,,,2,3,,,3,,,3,3,,,3,,2,,3.0,3,3,2,,3,3,,4.0,3,3.0,,2,3,0.0,,,,4.0,4.0,,,3,3,,,,149,3,1.0955100956429331,-0.6983200896379904
3,2,2,2,2,2,2,2,1,2,2,2,2,2,2,2,2,2,2,2,2,2,3,2,2,2,3,2,2,1,1,0,2,2,2,2,2,2,2,2,2,2,2,3.0,2,2,2,2,3,3,3,2,3,3,2,2,3,3,2,3,3,2,2,2,2,2,2,3,2,0,2,3,3,3,2,3,3,2,2,2,2,2,1,2,2,3,1,2,2,2,2,2,3,2,3,3,2,3,2,2,3,3,3,3,3,2,2,1,2,3,3,3,3,2,2,2,2,2,3,3,3,1,3,2,3,3,3,2,2,2,0,2,2,2,3,2,3,2,2,3,3,1,2,2,3,2,3,2,3,3,3,2,2,2,2,2,3,3,2,3,1,0,2,2,3,2,2,3,2,2,2,3,2,2,2,3,3,3,3,2,2,3,3,2,1,3,2,2,2,2,2,2,3,3,3,3,3,3,3,3,3,2,3,2,3,3,2,3,2,2,2,2,2,2,2,2,2,2,2,3,3,2,2,2,3,3,2,3,2,2,2,3,2,2,2,3,2,2,3,3,3,3,3,3,3,2,3,3,3,1,3,2,2,2,2,2,2,3,2,3,3,2,3,2,2,0,1,2,3,2,3,3,3,3,3,3,3,2,2,2,2,2,2,2,2,2,2,2,3,0,2,3,3,3,3,2,2,3,3,2,2,2,3,2,3,3,2,3,3,3,2,3,3,3,2,3,3,3,2,3,3,3,3,3,2,3,2,2,3,1,3,3,3,2,3,3,3,2,2,2,2,3,2,2,3,2,3,3,3,3,3,2,3,2,3,2,2,2,2,2,3,2,2,2,3,2,2,2,2,3,3,2,2,2,3,2,3,2,3,3,3,3,3,4,3,3,3,3,2,3,3,3,3,2,3,2,3,3,4.0,3,2,2,3,3,2,2,3,2,3,2,2,3,3,3,,,3.0,2,2,2,2,2,3,3,2,2,2,2,3,3,2,2,3,3,2,3,4.0,3,2,3,2,2,3,3,3,2,3,3,3,,2,2,2,2,2,3,,3,2,2,3,3,2,,2,3,2,2,2,3,3,3,3,2,2,3.0,3,3,2,4.0,2,3,2,3,3,3,2,3,3,2,2,3,2,2,2,2,2,3,2,2,2,3,3,3,2,3,2,4,2,2,2,3,3,2,3,3,3,3,2,3,3,0,4.0,3,,2,2,3,3,2,3,2,3,2,3,3,3,3,3,3,2,2,3,2,2,3,2,3,2,2,2,2,2,3,3,2,3,3,3,3,3,,2,3,3,3,2,3.0,2,2,2,3,3,2,3,3,2,3,,3,3,2,,4,3,3,3,3,2,2,3,3,3,3,,3,3,3,3,3,2,2,,3,,,3,2,3,3,3,2,3,4.0,2,3,4,3,3,,3,,3,3,3,,0,4,4,,,4.0,,3,3.0,3,3,3,3,3,2,3,3,4.0,4,3,3,,3,3,3,3,4,,,2,3,3,3,3,2,1,,3,2,2,,2,4.0,,2,3,,2,4.0,3,3,2,3,,,2,,3,3,3,3,4.0,3,3,3,0.0,,,3,3,1,2,3.0,1,3,2,3,3,,3,3,3,2,2,3,3,,3,2,3,3,3,2,3,3,4,2,,3,3,3,4,,4.0,3,2,2,3,,3,3,3,2,,3,4.0,3,4.0,4.0,,,,3,2,4.0,3,3,4.0,,3,,,,3,3,3,4.0,,4.0,3,3,,3,3,,,3,,3,,4,,,3,3,3,3,,3,3,1,3.0,3,3,2,3,3,2,3,4.0,3,3,3,3,4.0,2,,3,2,,4.0,3,,2,3,,,3,3,,3,4.0,,4.0,,2,4,,,3.0,3,,3,3,3,,3,4.0,,3,3,2,3,,2,3,4.0,,,,3,4,4,,4,3.0,,3,,3.0,,,3,3,,3,3.0,,3,,3,3,4.0,,3,,,3,,,3,2,,,,3,,,4.0,,3,3,3,3,3,,3,3,3,3,,,3,3,3,,3,3,4.0,3,3,3,3,3.0,3,3,3,1,3,3,4,3,3,4.0,4.0,,,,,,4.0,,3,,3,2,3,2,3,3,4,3,2,4.0,,,,,2,3,,,3,4.0,0.0,3,2,3.0,,3,,3,,4.0,3,3,3,,3,3,,4.0,3,,,3,4,,4.0,,,,4.0,,,3,3,,,,150,3,1.0948065999459025,-0.6633208354003104
2,2,2,2,2,2,2,3,3,3,3,3,2,2,2,2,2,2,2,2,2,2,3,2,3,2,3,2,2,2,2,3,3,3,3,2,3,3,3,3,3,2,2,3.0,2,2,2,3,2,3,3,2,3,3,2,2,3,2,2,3,2,2,1,2,2,2,3,2,2,2,2,3,3,2,2,3,3,2,3,2,2,2,2,2,1,3,2,2,3,2,2,3,3,2,3,3,3,3,3,3,2,3,3,2,2,2,1,2,2,3,3,3,3,2,2,2,3,2,3,3,3,2,2,3,2,2,3,2,2,2,2,2,2,2,2,3,3,2,3,0,2,2,2,2,2,2,2,2,3,2,2,3,2,2,2,2,2,2,2,2,1,3,2,1,2,2,1,2,2,2,2,3,1,2,2,3,3,3,3,2,2,2,1,2,2,3,3,2,2,1,2,2,3,3,2,2,3,2,3,3,3,2,3,3,2,3,3,2,3,2,2,1,2,2,2,2,2,2,2,3,3,2,2,2,3,2,2,3,2,3,2,2,3,2,2,3,2,2,2,3,3,3,2,2,0,3,3,3,3,2,2,2,2,2,2,2,2,3,2,3,3,3,2,2,3,3,3,3,2,2,3,2,3,3,2,3,3,3,2,2,2,2,1,1,2,2,3,0,2,3,2,3,2,3,3,2,2,3,2,2,2,2,3,2,3,2,2,3,2,3,2,2,2,3,2,3,2,3,2,3,2,2,3,2,3,3,2,3,3,2,3,3,3,2,3,2,3,3,2,3,2,3,2,3,3,3,3,1,3,3,3,2,2,2,3,2,2,2,2,3,3,3,2,2,3,2,2,2,2,3,3,2,2,2,0,2,2,0,2,2,2,2,3,1,3,2,3,2,2,2,2,3,2,2,2,2,3,2,3.0,3,3,2,3,2,2,2,2,2,3,3,3,2,3,3,4.0,,4.0,2,2,2,2,3,2,3,2,3,2,2,2,1,2,2,3,2,2,3,4.0,3,3,4,3,2,2,3,3,2,2,2,2,,2,3,3,2,2,3,,2,2,2,2,3,3,,2,2,2,2,2,3,2,2,3,1,2,,3,3,2,4.0,2,3,3,2,3,3,2,3,3,2,2,3,2,2,1,2,3,3,2,2,3,3,3,1,2,3,2,3,2,2,3,3,3,2,3,3,3,3,2,2,3,3,4.0,3,,3,2,3,3,2,3,2,3,2,3,3,2,2,3,2,3,2,3,3,2,3,2,3,2,1,2,2,3,3,2,3,3,3,3,2,2,,3,3,3,3,3,4.0,3,3,4,3,3,3,3,3,2,2,,3,3,0,4.0,4,3,2,3,3,2,3,3,2,3,3,,3,3,3,3,3,2,3,,3,4.0,,3,3,3,3,2,2,3,4.0,2,3,3,3,3,,3,,3,3,3,,2,3,4,,,4.0,,3,,3,3,3,3,2,3,3,3,3.0,3,3,3,,3,3,2,3,2,,,3,0,2,3,3,2,2,4.0,3,2,3,,3,3.0,,3,3,,3,4.0,3,3,3,3,0.0,,2,,3,3,2,3,3.0,3,3,3,,,,3,3,3,3,4.0,3,3,3,2,3,,3,3,3,3,3,3,3,,3,2,2,3,3,2,3,2,3,3,,3,3,3,3,,4.0,2,2,2,3,,3,3,3,2,,3,4.0,3,,3.0,,4.0,,3,3,4.0,3,3,3.0,,3,,4.0,,3,3,4,3.0,,4.0,3,3,,4,2,4.0,,3,4.0,3,,4,,,3,3,2,3,,3,3,3,4.0,4,3,3,3,3,2,3,3.0,3,3,4,2,3.0,2,,3,3,4.0,4.0,3,,3,4,,,3,3,,3,4.0,,,,3,3,,,4.0,3,,3,3,3,,3,4.0,,3,3,2,3,,2,3,,,,4.0,3,4,3,3.0,3,4.0,,3,,4.0,,,3,3,0.0,2,,,3,,3,3,4.0,,3,,,3,,,3,3,,,,3,,,4.0,,3,3,3,3,3,,2,3,3,3,,,3,3,3,,3,3,4.0,3,3,3,3,,3,3,3,2,3,3,3,3,3,,4.0,,,,,0.0,4.0,,3,4.0,3,3,3,3,3,3,3,3,3,,,,,,2,3,,2.0,3,,,3,3,4.0,,3,,3,,4.0,3,3,3,,3,4,,4.0,3,3.0,,3,4,,,,,,3.0,,,3,3,3.0,,,151,3,1.104423592493298,-0.6462487949358002
1,2,1,2,2,2,2,3,3,3,2,2,2,1,2,2,2,1,2,2,2,2,3,2,3,2,3,3,1,2,2,3,3,3,3,2,2,3,3,3,3,2,2,4.0,2,2,2,3,3,3,3,2,3,2,2,2,2,2,2,1,2,2,2,2,2,2,3,3,2,2,3,3,3,1,1,3,3,3,3,2,2,2,2,2,2,2,2,2,3,2,2,3,3,2,2,2,2,3,3,3,3,3,2,2,2,2,2,2,2,3,3,3,3,2,2,2,2,3,2,3,2,2,2,3,2,3,2,3,2,2,2,2,1,2,3,3,3,2,3,2,2,3,2,3,2,2,2,2,2,2,2,2,2,2,2,2,2,2,2,2,2,2,2,2,2,2,0,2,2,2,2,3,2,2,2,3,3,2,2,2,2,2,2,2,2,3,3,1,2,2,2,2,2,3,2,2,3,3,3,2,3,2,3,2,3,3,2,3,2,2,2,2,1,3,2,1,3,3,1,2,0,1,2,1,2,2,1,2,2,2,3,2,2,2,2,3,2,3,2,3,3,3,2,2,3,3,3,3,2,2,2,3,2,2,2,2,2,3,3,3,3,3,2,2,3,3,3,3,0,1,3,2,3,2,3,3,3,3,2,3,2,2,2,2,3,2,2,3,2,3,2,3,3,3,3,1,2,2,3,3,1,2,3,2,3,2,2,2,2,2,2,2,2,0,2,3,2,2,3,3,2,2,2,2,3,3,3,3,3,2,2,2,3,2,3,3,3,3,3,3,2,2,1,3,3,3,3,2,3,2,2,2,2,3,3,1,2,3,3,3,3,3,2,2,3,2,2,2,2,3,3,2,3,3,3,2,2,1,2,1,2,1,2,2,2,2,2,2,2,2,0,2,2,2,2,2,2,2,2.0,1,3,3,3,3,2,1,3,3,2,2,3,2,2,3,4.0,4.0,4.0,3,3,2,2,2,2,3,2,3,3,2,3,3,3,2,3,3,1,3,4.0,3,2,3,2,2,3,3,3,3,2,3,3,,2,4,3,2,3,3,,3,2,1,2,3,3,,3,3,3,2,2,3,3,3,3,2,2,,3,3,2,4.0,2,2,3,2,3,2,2,3,3,0,2,3,3,2,2,2,3,3,2,3,3,3,3,3,3,3,2,3,3,2,3,3,3,2,0,2,3,3,2,3,2,3,4.0,3,,3,2,3,3,3,3,2,3,2,3,3,3,2,3,3,3,3,3,3,3,3,2,3,2,2,2,3,2,3,3,3,3,3,4,3,2,,3,3,3,3,3,4.0,3,3,3,3,3,3,4,3,2,3,,3,3,3,,4,3,2,3,3,2,3,3,3,2,3,,3,3,3,3,3,3,3,,3,,,3,3,3,3,3,2,3,4.0,2,3,4,3,3,,3,,3,3,3,,3,3,3,,,4.0,,3,,3,3,3,3,3,2,3,2,3.0,3,3,3,,3,3,3,2,3,,,3,3,3,3,3,3,3,,3,3,3,,3,4.0,,3,3,,3,4.0,3,2,3,3,,,3,,3,3,3,2,3.0,2,3,3,,,,3,3,3,3,4.0,3,4,3,3,3,,2,3,3,3,2,4,3,,3,2,3,3,3,3,3,3,3,3,3.0,0,3,3,3,,4.0,2,3,2,3,,3,3,3,3,,1,4.0,3,,4.0,,,,3,3,4.0,3,3,4.0,,3,,,3.0,3,3,3,3.0,,4.0,3,3,,3,3,,,3,,3,,3,,,3,3,1,3,,3,3,3,4.0,3,3,2,3,3,2,3,3.0,3,3,4,3,3.0,2,,3,3,,4.0,2,,2,3,,,3,3,,3,4.0,,,,3,3,,,3.0,3,,3,4,3,,2,3.0,,3,3,2,3,,2,3,,,,,3,3,3,,3,4.0,,2,,4.0,,,3,4,,2,,2.0,3,,3,3,4.0,,2,,,2,,,4,2,,,,3,,,3.0,,3,3,0,3,3,,3,4,3,3,,,3,3,3,4.0,3,3,4.0,3,3,3,3,,3,3,3,2,3,3,4,3,4,,4.0,,,3.0,,,4.0,,3,,2,2,4,3,3,3,3,0,4,,,,,,3,4,,3.0,4,,,3,2,,,3,,3,,4.0,3,3,3,,3,4,,4.0,3,,,3,3,,,,,,4.0,,,3,3,,,3.0,152,3,1.1138287864534342,-0.6773015835549482
3,3,2,2,2,2,3,2,2,3,2,1,2,1,3,2,2,2,2,1,2,2,3,2,3,2,1,2,2,2,2,2,2,2,3,2,2,3,2,3,2,2,2,3.0,2,2,2,2,2,3,3,1,3,3,2,2,2,2,2,3,2,2,2,2,2,2,3,3,2,2,3,3,3,3,2,3,3,2,2,2,2,2,2,1,2,2,2,2,3,2,2,2,2,2,2,2,1,1,2,2,2,2,3,3,3,1,2,1,2,3,3,3,3,2,2,2,2,3,2,3,3,2,3,2,2,3,3,2,2,2,2,2,2,2,3,2,2,2,2,2,2,2,2,2,3,2,2,2,3,3,3,3,2,2,2,2,3,3,2,2,1,2,2,2,0,0,2,1,2,2,2,2,2,2,2,3,3,2,3,2,2,3,3,2,2,2,2,2,2,3,2,2,3,3,3,3,2,2,2,2,2,2,3,2,2,2,2,2,3,2,2,2,2,2,2,2,2,2,2,3,3,2,2,2,3,3,2,3,3,2,2,3,2,2,2,3,2,3,3,3,3,3,2,2,3,2,3,3,3,1,3,2,2,2,2,2,2,3,2,3,3,2,3,2,2,2,2,3,2,2,3,2,2,2,3,3,3,3,2,3,2,2,1,2,2,2,2,3,2,3,2,3,2,3,0,3,2,3,3,3,2,2,2,2,3,3,2,3,3,3,2,3,2,3,2,3,3,3,2,3,3,2,2,2,2,3,2,2,3,2,3,3,3,2,3,2,2,2,2,2,2,3,2,2,3,3,2,3,3,3,2,2,3,2,3,2,2,2,2,2,2,2,2,2,3,2,1,2,2,2,3,2,2,2,3,2,3,2,3,3,2,3,4,4,3,3,3,3,2,2,3,3,3,2,3,2,3,3,4.0,3,2,2,3,3,0,2,2,3,3,2,3,3,2,3,,,3.0,2,2,3,2,2,2,2,2,3,3,2,2,2,2,2,3,3,2,3,3.0,2,2,3,2,1,3,2,3,2,2,3,2,,2,3,2,2,3,2,,2,2,2,2,2,2,,2,2,2,3,2,3,3,3,3,2,2,,3,3,2,4.0,2,2,3,2,2,3,2,3,3,2,2,3,2,2,2,2,2,2,2,3,3,3,3,3,2,3,2,3,3,2,3,3,3,2,3,2,3,3,2,3,2,3,4.0,3,,2,2,3,3,2,2,2,3,1,3,3,3,3,3,3,3,2,3,2,3,3,2,3,3,2,2,3,3,3,3,3,3,2,3,3,3,,3,3,3,3,2,4.0,3,0,3,3,2,2,3,3,2,2,,2,2,3,,3,3,2,3,2,2,2,2,1,3,3,,3,3,3,3,3,1,2,,3,,,2,3,3,3,3,2,3,4.0,2,2,3,2,3,,3,,3,3,3,3.0,3,4,4,0.0,,4.0,,3,,3,3,3,3,3,2,3,3,4.0,4,3,3,,3,3,2,2,3,,,2,1,3,3,3,2,2,,3,3,3,,2,3.0,,3,3,,2,4.0,3,3,3,1,,,2,,3,3,3,3,4.0,3,3,2,,,,3,3,2,2,3.0,3,3,3,3,3,,3,3,3,3,3,3,3,,2,2,3,3,3,2,3,3,3,3,,3,1,3,4,,4.0,3,2,2,3,,3,3,3,2,,3,4.0,3,,3.0,,,,3,3,4.0,3,3,2.0,,3,,,,3,3,1,3.0,,4.0,3,3,,3,3,0.0,,3,,3,3.0,4,,,3,4,2,3,,3,3,3,3.0,3,3,2,3,3,2,3,4.0,3,2,3,3,3.0,2,4.0,3,2,,0.0,3,,3,3,,,3,3,,3,4.0,3.0,,,3,4,,,3.0,3,,3,4,3,,3,4.0,,3,3,2,3,,2,1,,,,,3,4,4,,4,4.0,,3,,4.0,4.0,,3,3,,3,0.0,,3,,3,3,4.0,3.0,3,,,3,,,3,2,,,,2,,,4.0,4.0,3,3,3,2,3,,4,3,3,2,,,3,3,3,,3,3,4.0,3,3,3,3,,3,3,3,2,3,3,4,3,3,,0.0,,,,,,4.0,,3,,2,2,3,3,3,3,3,3,3,,,,,,2,3,,,3,,,3,2,,,3,,3,,3.0,4,3,3,,3,4,,4.0,3,,,3,3,,,,,,4.0,,,3,3,,,,153,3,1.1080092153408323,-0.6774956289646994
2,3,2,2,2,1,3,3,2,3,2,3,2,1,3,2,3,2,2,2,2,2,3,2,3,3,3,2,2,2,2,3,3,2,3,2,2,3,3,3,2,2,3,4.0,2,2,3,2,3,3,3,2,3,3,3,2,3,2,2,3,3,3,1,2,2,2,3,3,2,2,3,3,3,3,2,3,3,2,2,2,2,2,2,2,2,3,2,2,3,2,2,3,3,2,3,3,2,3,2,2,2,3,3,3,3,2,2,1,3,3,3,3,3,2,2,2,3,2,3,3,3,2,3,3,3,3,2,2,2,2,3,2,2,2,2,0,3,2,3,2,3,2,2,2,3,2,3,2,3,3,3,3,2,2,2,3,3,3,2,2,1,2,2,2,2,2,2,3,2,2,2,2,2,2,2,3,3,2,3,2,2,3,3,2,2,3,3,2,3,2,2,2,3,3,3,3,3,2,3,3,3,2,3,3,3,1,2,2,3,2,2,2,2,3,2,2,2,3,2,2,3,2,2,1,3,3,2,3,2,3,2,3,3,2,2,3,2,0,2,3,3,3,2,3,3,3,3,3,3,2,3,2,2,2,3,2,2,3,2,3,3,3,3,2,3,3,3,3,3,2,3,3,3,3,3,3,3,3,3,2,2,2,2,2,2,2,2,3,3,3,2,3,3,3,3,2,2,3,3,3,2,2,2,2,3,3,2,3,2,2,2,3,2,3,0,3,3,3,2,2,3,3,3,3,3,3,2,2,3,2,3,3,3,2,3,3,2,2,2,2,2,3,2,2,3,3,2,3,3,2,3,2,3,3,3,2,2,2,3,3,3,2,2,3,3,2,2,2,3,3,3,2,3,3,3,2,3,3,3,3,3,3,4,4,3,3,3,3,3,3,3,3,3,2,3,3,3,3,4.0,3,3,3,3,3,2,2,3,3,3,2,2,3,3,3,4.0,,3.0,2,2,2,2,3,3,2,2,3,3,2,3,3,2,3,3,3,2,3,4.0,3,2,3,2,2,3,3,3,2,3,3,2,,2,3,3,2,2,3,,3,2,2,3,3,3,,3,3,3,2,2,3,3,3,3,3,2,,3,3,2,4.0,2,2,2,3,3,3,3,4,3,2,3,3,2,2,2,2,3,1,2,3,3,3,3,3,3,4,2,4,3,2,3,3,3,3,3,3,3,3,2,3,2,3,4.0,3,,3,3,3,3,3,3,2,3,3,3,0,3,3,3,3,3,2,3,3,3,3,3,3,2,3,2,3,3,3,3,3,3,2,4,3,3,,3,3,3,3,3,4.0,3,3,3,3,3,3,4,3,3,3,,3,0,3,,4,3,3,3,3,3,3,2,3,3,3,,3,3,3,3,3,3,3,0.0,3,,,3,3,3,3,3,3,3,4.0,3,4,4,3,3,,3,,3,3,3,,3,4,4,,,4.0,,3,,3,3,3,3,3,3,3,3,4.0,4,3,3,,3,3,3,3,4,,,3,3,3,3,3,3,2,,4,3,3,4.0,3,4.0,,3,3,,3,4.0,3,3,3,3,,,2,,3,3,3,3,4.0,3,3,3,,,,3,3,3,3,4.0,3,4,3,3,3,,3,3,3,3,3,4,3,,3,2,4,3,3,2,3,3,3,2,,3,3,3,4,4.0,4.0,3,2,2,3,,3,3,3,3,,3,4.0,3,,4.0,,,,3,3,4.0,3,3,0.0,,3,4.0,,,3,3,4,4.0,,4.0,4,3,,3,3,,,3,,4,,4,0.0,,3,4,3,4,,3,3,4,4.0,3,3,2,3,3,2,3,4.0,3,3,4,3,4.0,2,,3,3,,4.0,3,,2,0,,,3,3,,3,4.0,,,,3,4,,,4.0,3,,3,3,3,,3,4.0,,3,4,2,3,,2,3,,,,,3,4,3,,4,4.0,,3,,4.0,,,3,3,,3,,,3,,3,3,4.0,,3,,,3,,,3,3,,,,3,,,4.0,,3,4,3,3,3,,3,4,3,3,,,3,3,3,,3,3,4.0,3,3,3,3,,3,3,3,3,3,4,4,3,3,,4.0,,,,,,4.0,,4,,3,3,4,3,3,3,3,3,3,4.0,,,,,2,3,,,3,,,3,3,,,3,,3,,4.0,4,3,3,,3,4,,4.0,3,,,3,3,,,,,,4.0,,0.0,3,3,,,,154,3,1.092338914256723,-0.6450716573259951
0,2,2,2,2,2,2,3,3,3,2,1,2,2,0,2,2,2,2,2,2,2,3,2,2,2,3,2,2,2,2,2,2,3,2,1,1,3,2,2,2,2,2,3.0,2,2,2,1,2,1,3,2,2,2,2,3,3,2,2,3,2,2,2,2,1,1,2,2,2,2,3,2,3,1,1,3,3,2,2,2,2,2,2,2,2,2,2,2,2,2,2,2,2,1,2,2,2,3,3,2,2,2,2,2,2,2,2,2,2,3,3,3,3,2,2,2,0,2,2,3,2,1,3,2,2,2,2,2,1,0,2,2,2,1,2,2,2,2,3,2,2,2,1,2,2,2,1,2,2,2,2,2,2,2,2,2,3,2,2,2,1,2,2,2,2,2,2,2,2,2,2,2,2,2,2,3,2,2,2,2,2,2,2,2,2,3,2,2,2,2,2,2,3,3,2,3,2,2,2,2,2,2,3,2,2,2,2,2,2,2,2,1,2,3,2,2,1,0,2,2,2,1,2,1,2,2,2,2,2,3,2,1,2,2,2,3,2,3,2,3,2,3,3,2,3,2,3,3,2,2,2,2,2,2,2,2,2,2,2,3,3,2,2,2,3,3,3,3,2,2,2,2,2,2,2,2,3,2,2,3,1,2,2,1,2,2,2,3,2,2,2,2,2,3,2,2,2,2,2,2,2,2,2,2,2,3,2,2,1,2,2,2,2,2,2,3,0,2,2,3,2,2,3,3,2,2,2,2,3,2,2,2,3,2,3,3,2,2,2,2,1,3,2,2,3,3,2,2,3,3,3,2,2,2,3,2,2,2,2,3,3,2,2,2,3,2,2,2,2,3,2,2,2,2,3,2,2,1,2,2,2,2,3,3,3,2,3,3,2,2,2,3,3,2,2,2,3,2,3.0,2,2,2,2,2,2,1,3,3,2,2,3,2,2,2,4.0,,3.0,2,2,1,2,2,2,2,2,2,2,2,2,2,2,2,3,2,1,2,3.0,2,2,3,2,2,2,2,3,2,2,2,2,,2,3,3,2,3,1,,2,2,1,2,2,2,,2,2,2,2,2,3,3,2,3,1,2,,3,3,2,3.0,2,3,2,2,2,2,2,3,3,2,2,3,2,2,2,2,2,3,2,3,3,3,3,3,3,3,2,3,2,2,3,3,3,2,3,2,3,3,2,2,2,3,3.0,2,,3,2,3,3,3,3,2,3,2,3,3,2,2,3,2,3,3,3,2,2,2,1,2,2,2,2,2,2,3,2,3,3,2,3,2,2,,2,2,3,3,3,3.0,2,2,3,2,2,3,3,2,2,2,,2,2,2,,3,3,3,3,3,2,3,0,0,2,3,,3,3,3,3,2,2,3,,2,,,2,2,3,2,2,2,3,4.0,2,3,3,3,3,,2,,3,3,3,,2,3,3,,,4.0,,3,,3,2,3,3,3,2,3,3,4.0,3,2,3,,2,3,2,2,3,,,2,3,3,3,2,3,2,,3,3,3,3.0,3,3.0,,3,3,,3,4.0,3,2,3,3,,,2,,3,3,2,3,4.0,3,3,3,,3.0,,3,3,3,3,4.0,3,3,3,2,3,,3,3,3,3,3,3,3,4.0,3,2,3,3,3,2,3,2,3,3,,3,3,3,3,,4.0,2,2,2,3,,3,2,3,3,,2,4.0,0,0.0,3.0,,,,2,3,4.0,3,3,3.0,4.0,3,,,,2,3,3,3.0,,3.0,3,3,,3,3,,,2,,3,,3,,,3,3,3,3,,3,3,3,3.0,3,3,3,3,3,1,2,3.0,3,3,3,3,3.0,2,,3,3,,4.0,3,,2,3,,,3,3,,3,4.0,,,,2,3,4.0,,3.0,3,,3,3,3,,3,4.0,,3,3,2,3,,2,3,,,,,3,3,3,,3,3.0,,3,,3.0,,,3,3,,2,,,3,,3,3,3.0,,3,,3.0,2,,,3,2,,,,3,,,3.0,,3,3,3,2,2,,3,4,3,2,,,3,2,3,,3,2,4.0,3,3,3,3,,3,3,3,2,3,3,3,2,3,,4.0,,,,,,3.0,,3,,3,2,4,3,3,3,3,2,3,,,,,,2,3,,,4,,,3,2,,,3,,3,,4.0,3,3,3,,3,3,,4.0,3,,,2,3,,,,,,4.0,,,3,3,3.0,,,155,3,1.125659978880676,-0.7115588075375379
2,3,2,2,2,2,3,2,2,3,3,2,2,3,3,3,3,2,2,2,2,2,3,2,3,3,3,2,2,1,2,2,3,3,3,2,2,3,3,3,3,2,3,4.0,2,3,3,3,3,3,3,2,3,3,3,2,3,2,2,3,3,3,1,2,2,3,3,3,2,3,3,3,3,3,2,3,3,2,2,2,2,2,1,2,2,3,2,2,3,2,3,3,3,2,3,3,2,3,3,2,3,3,3,3,3,2,2,1,3,0,3,3,3,2,2,2,2,3,3,3,3,2,3,2,2,3,3,2,2,2,3,2,2,2,3,3,3,2,3,3,3,2,2,2,3,2,3,2,3,3,3,2,2,2,2,3,3,3,2,2,2,2,3,2,2,2,1,3,2,2,2,3,2,2,2,3,3,3,3,2,2,3,3,2,2,3,3,2,2,2,2,2,3,3,3,3,3,3,3,2,3,2,3,2,3,3,2,3,3,2,2,2,2,3,2,2,3,3,2,3,3,2,2,2,3,2,2,3,3,3,2,3,3,2,2,3,2,3,3,3,3,3,3,3,3,3,3,3,3,2,3,3,2,2,2,2,2,3,2,3,3,3,3,2,3,3,3,3,3,2,3,2,3,3,3,3,3,0,2,2,2,2,2,2,3,2,3,3,3,3,2,3,3,3,3,2,2,3,3,3,2,3,3,2,3,3,2,3,3,3,2,3,3,3,2,3,3,2,3,3,3,3,3,3,3,3,3,3,3,2,3,0,3,2,4,3,3,3,2,3,2,3,2,3,3,3,3,3,3,3,3,2,3,3,3,2,2,2,3,3,3,2,2,3,3,2,1,2,3,3,3,2,2,3,3,3,3,2,3,3,3,3,3,4,3,3,3,3,3,3,3,3,3,2,3,3,3,3,4.0,3,3,3,3,3,2,2,3,3,3,3,2,3,3,3,,,4.0,2,3,2,2,3,2,3,2,3,2,2,3,3,2,3,4,3,2,3,4.0,3,2,3,2,2,3,3,3,2,3,3,3,,2,3,3,2,0,3,,3,3,2,1,3,3,,3,3,3,2,3,3,3,3,3,2,2,,3,3,3,4.0,2,3,3,3,3,3,3,4,3,3,2,3,2,2,2,2,3,3,3,3,3,3,3,4,3,3,2,3,3,2,3,3,4,3,3,3,3,3,0,3,3,3,4.0,3,,3,3,3,3,3,3,2,3,2,3,3,3,3,3,3,3,2,3,3,2,3,2,3,3,2,3,3,3,3,3,3,3,3,4,2,2,,3,3,3,3,3,4.0,3,3,3,3,3,3,4,3,3,2,,3,3,3,,4,3,3,3,3,3,3,3,3,3,3,,3,2,3,3,3,2,3,,3,,,3,3,3,3,3,3,3,4.0,2,4,4,3,3,,3,,3,3,3,,3,4,4,,,4.0,,3,3.0,3,3,3,3,3,3,3,3,4.0,4,3,3,,3,3,3,3,4,,,1,2,3,3,3,2,3,,3,3,3,,3,4.0,3.0,3,3,,3,4.0,3,3,3,3,,,3,,3,3,3,3,4.0,3,1,3,,,,3,3,3,2,4.0,3,4,4,3,3,,3,3,3,3,3,3,3,,3,3,4,3,3,2,3,3,4,3,,3,3,3,4,,4.0,3,2,2,4,,3,3,3,3,,3,4.0,3,,4.0,,,,3,3,4.0,3,3,0.0,,3,,,,3,3,3,4.0,,4.0,4,3,,4,3,3.0,,3,,4,,4,,,4,4,3,3,,3,3,4,4.0,4,3,3,3,3,2,3,4.0,3,3,4,3,4.0,2,,3,3,,4.0,3,,3,3,4.0,,3,0,,4,4.0,,,,3,4,,,3.0,3,,3,3,3,,3,4.0,,3,3,2,3,,2,3,,,,4.0,3,4,4,,4,4.0,,3,,4.0,,,3,3,,3,,,3,,3,3,4.0,,4,,4.0,3,,,3,3,,,,3,,,4.0,,3,3,3,3,3,,3,4,3,3,,,3,3,3,,3,3,4.0,0,3,3,3,,4,3,3,3,4,3,4,3,3,,4.0,,,,4.0,,4.0,,3,,3,3,3,3,3,3,4,3,3,,,,,,3,4,,,3,,,3,2,,,3,,3,,4.0,4,3,3,,3,4,,4.0,3,,,3,4,3.0,,4.0,,,4.0,,,4,3,,0.0,0.0,156,3,1.0859365038888185,-0.6694941984224773
3,0,2,2,2,3,3,3,3,4,3,3,3,2,3,3,3,3,2,3,2,2,3,3,4,3,3,3,3,2,3,3,3,3,3,3,3,3,3,3,3,3,3,4.0,3,3,3,2,3,3,3,3,3,3,2,2,2,1,2,2,3,2,2,2,3,3,3,3,3,3,2,3,4,3,2,4,3,3,1,2,3,3,2,2,1,3,2,2,3,2,3,2,3,2,3,3,3,4,3,3,3,3,3,3,3,3,3,2,3,4,2,4,3,2,2,2,3,3,3,4,3,2,4,3,3,3,3,2,3,3,3,3,3,2,3,3,3,2,2,3,3,3,2,3,3,3,3,3,3,3,3,3,3,3,3,3,3,3,3,3,1,3,2,3,3,3,2,3,3,3,3,3,3,3,2,3,3,3,3,3,2,3,3,3,3,3,3,3,3,3,3,3,3,2,3,2,3,3,4,3,3,3,4,3,3,3,3,3,2,2,3,3,3,3,3,2,3,2,2,3,3,3,2,3,3,3,3,3,3,3,3,3,2,3,3,3,3,3,3,3,3,3,3,3,2,3,4,4,3,3,2,3,2,3,3,3,3,3,3,3,3,3,3,3,3,3,3,4,2,3,3,3,3,3,3,3,4,2,3,3,2,2,2,3,2,2,2,3,3,1,3,3,3,4,3,3,3,3,3,4,3,3,3,2,3,2,3,3,3,3,2,3,3,3,3,4,3,3,2,3,3,3,3,3,2,3,3,3,3,3,4,1,2,3,4,4,2,2,3,3,2,3,3,3,4,3,3,3,4,3,3,3,3,3,4,3,3,3,3,3,3,3,3,3,4,3,2,3,3,3,3,3,3,3,4,3,3,2,3,3,3,3,4,4,4,2,4,3,3,3,3,3,3,3,3,3,4,3,4.0,3,3,2,4,3,2,3,3,4,3,3,3,3,2,2,,,4.0,3,3,2,3,3,3,2,3,2,3,3,3,3,3,3,3,3,3,3,4.0,3,2,4,3,3,3,3,3,3,3,3,2,,2,4,4,3,3,3,,3,3,3,3,3,3,,2,3,3,2,3,4,3,4,4,3,3,,4,4,3,4.0,3,3,0,3,2,3,3,3,4,3,3,3,3,3,3,3,2,3,3,3,4,4,4,4,3,3,3,4,3,3,4,3,3,3,3,3,3,3,3,3,0,3,4.0,3,,3,3,3,4,3,4,3,3,2,4,3,3,3,4,3,3,3,3,3,3,3,3,3,2,2,3,3,2,3,3,3,3,3,4,3,3,,3,3,3,4,4,4.0,3,4,4,3,3,3,3,3,3,3,,3,2,2,,4,4,3,3,3,3,3,3,4,3,3,,3,3,3,3,3,2,3,,4,,,3,3,4,3,3,3,4,,3,4,4,4,3,0.0,0,,3,3,3,,3,4,4,,,,,3,,4,4,4,4,3,3,3,3,4.0,4,3,4,,4,4,3,3,4,,,3,3,3,2,3,3,3,,4,3,3,,4,4.0,,4,3,4.0,3,4.0,3,2,3,0,,,3,,3,3,3,3,4.0,3,4,4,,,,3,4,3,3,4.0,4,4,4,3,3,,4,3,4,3,4,4,4,,3,3,3,4,4,3,4,3,4,3,,3,4,3,4,,4.0,3,3,3,4,,4,3,3,3,,3,,3,,,,,,3,4,4.0,3,4,4.0,4.0,4,,,,4,3,3,4.0,,4.0,4,4,,4,4,,,4,,4,,4,,4.0,4,4,3,4,,4,3,4,4.0,3,4,2,3,3,1,3,4.0,3,3,4,3,4.0,3,,3,4,,,3,,3,4,,,2,4,,3,4.0,,,,3,4,,,4.0,3,,3,4,3,,4,,0.0,3,4,3,4,,2,3,,,,,3,4,4,,4,4.0,,3,0.0,4.0,,,3,0,,2,,,3,,4,3,4.0,,4,,,3,,,4,3,,,,3,,,,,3,3,4,4,3,,4,4,4,4,,,4,4,3,,3,3,,3,3,4,4,,4,4,4,3,4,3,4,3,4,,4.0,,,,,,4.0,,4,,3,3,4,4,4,4,4,4,4,,,,,,3,4,,,4,,,4,1,,,4,,3,,4.0,4,4,3,,4,4,,4.0,4,,,3,3,,,,,,,,,4,3,,,0.0,157,3,1.1382709471160255,-0.5774889226047287
3,3,2,2,2,2,2,2,2,3,2,2,2,2,3,2,2,2,3,2,3,2,3,2,3,3,3,3,2,3,3,3,3,3,3,2,2,3,3,3,3,3,2,3.0,2,2,2,2,2,3,3,3,3,3,2,2,2,2,2,2,3,3,2,2,2,3,2,3,3,3,3,3,3,3,3,3,2,3,3,3,2,2,2,2,2,3,2,2,2,0,3,2,3,3,3,3,0,3,3,3,2,3,3,3,3,2,2,1,2,3,3,3,3,2,2,2,2,3,3,2,3,2,4,3,2,3,2,3,2,2,3,2,2,2,3,3,2,2,3,3,3,3,2,3,3,2,3,3,3,3,3,2,2,2,2,2,3,3,2,3,2,2,2,2,3,2,2,3,3,2,2,3,2,2,2,3,3,3,3,2,3,3,3,1,2,3,3,2,3,3,3,3,3,3,2,2,3,3,3,3,3,3,4,3,3,3,3,3,2,2,2,1,2,3,2,2,3,3,3,3,3,3,3,3,3,3,3,3,3,3,3,3,3,3,3,3,2,3,2,3,3,3,3,3,3,2,3,2,3,2,3,3,2,2,2,2,2,3,2,3,3,2,3,2,2,2,3,0,3,2,3,2,3,3,3,3,3,3,3,3,2,2,2,2,2,2,2,3,2,4,2,3,3,3,3,1,2,3,3,3,2,2,2,2,2,1,3,3,2,3,3,3,3,3,2,3,3,3,2,3,3,2,3,3,3,3,2,3,3,2,3,3,3,1,3,3,2,3,2,1,2,3,3,3,4,3,3,3,4,3,4,3,3,2,3,2,2,3,2,2,3,2,2,3,3,2,2,2,2,3,2,2,3,3,3,2,3,3,3,3,3,3,4,4,3,3,3,3,3,3,3,3,3,2,3,3,3,3,4.0,3,2,2,3,3,2,1,3,3,2,3,3,2,2,3,,,4.0,2,3,2,2,3,3,2,2,3,3,2,3,3,2,3,3,3,2,4,3.0,2,2,3,3,2,3,2,3,3,3,3,3,,2,3,2,3,3,2,,3,3,2,2,3,3,,2,3,3,3,3,2,3,2,0,2,2,,3,3,2,4.0,2,2,3,3,3,3,2,3,4,2,2,3,3,2,2,2,3,3,2,3,3,3,3,3,3,2,2,4,3,3,3,3,3,2,3,3,3,3,2,3,2,3,4.0,3,,3,2,3,3,3,3,2,2,3,4,3,3,3,3,3,3,3,3,3,3,3,3,3,3,3,3,3,1,3,3,3,3,3,3,3,2,,3,3,3,3,3,4.0,3,3,0,3,3,3,4,4,3,3,,3,3,3,,4,3,2,3,3,3,3,3,3,3,3,,3,3,3,3,3,2,3,,2,,,3,3,4,1,2,3,3,4.0,3,3,3,3,3,,3,,3,3,3,,3,4,4,,,4.0,4.0,3,,3,3,4,3,3,0,3,3,4.0,3,3,3,,3,0,3,3,4,,,1,0,3,3,3,3,3,,4,3,3,,3,4.0,,3,3,,3,4.0,2,3,3,3,,,3,,3,3,2,4,4.0,2,3,1,,,3.0,0,3,2,3,4.0,3,3,4,3,4,,3,3,3,3,4,4,4,,3,3,3,3,3,3,3,3,4,3,,2,3,4,4,,4.0,4,2,3,3,,3,3,3,3,3.0,3,4.0,3,,4.0,,,,4,3,4.0,3,3,4.0,,3,,,3.0,4,3,4,4.0,,4.0,4,3,,4,3,,,3,,4,4.0,4,,,3,4,4,4,,3,3,3,4.0,3,3,2,3,3,3,3,4.0,3,1,4,3,4.0,2,3.0,3,2,,,3,,3,4,,,3,3,,3,4.0,,,,3,4,,,4.0,2,,3,4,3,,4,,,3,3,2,3,,2,3,,,,,3,3,3,,4,4.0,,3,,4.0,,,3,4,,3,,,3,,4,3,,,3,,,3,,,3,3,,,,3,,4.0,,,4,4,4,3,3,,4,4,3,3,,,4,3,3,,3,3,,2,3,3,4,3.0,3,3,3,2,3,4,4,3,3,,,,,,,,4.0,,3,,2,2,3,3,3,3,4,3,3,,,4.0,,,3,4,,,4,4.0,,4,3,,,3,4.0,3,,4.0,4,3,3,,3,3,0.0,4.0,3,,,3,3,,,,,,4.0,,,4,3,4.0,,,158,3,1.1099910680107188,-0.6769641995535766
3,3,2,2,2,1,1,3,3,3,2,3,2,2,2,3,3,2,2,3,2,2,3,2,3,3,3,2,2,2,2,2,3,3,3,2,2,3,3,3,2,2,2,4.0,2,3,2,2,2,3,3,1,3,2,2,2,2,2,2,2,3,3,2,2,2,2,2,3,2,2,3,3,3,3,2,3,2,3,2,2,2,2,1,2,2,2,1,2,3,2,2,2,3,2,3,2,2,3,3,3,2,3,3,3,3,2,2,2,2,3,3,3,3,2,1,2,2,0,3,3,3,2,3,3,3,3,3,2,2,2,3,2,2,2,2,3,3,2,2,3,2,2,2,2,3,2,3,3,3,3,3,3,2,2,2,2,3,3,2,2,1,3,2,2,3,2,2,3,2,2,2,2,2,2,3,3,2,3,3,3,2,3,3,2,2,3,3,3,2,2,2,2,3,2,2,2,3,2,3,3,3,2,3,3,3,2,2,3,2,2,2,2,2,3,3,2,3,3,2,3,3,3,2,2,3,3,2,3,3,3,2,3,2,2,0,2,1,2,2,3,2,2,2,2,2,1,3,4,3,2,3,3,1,3,3,2,2,3,2,3,3,2,3,2,3,3,3,3,3,2,3,2,2,3,3,2,3,3,2,2,2,2,2,2,2,2,2,3,3,3,2,3,2,3,3,2,2,3,3,3,3,2,2,2,2,2,2,3,2,3,2,3,3,3,3,3,3,3,2,2,3,3,3,2,3,2,2,2,2,2,3,3,3,2,3,3,3,2,2,2,2,3,3,3,3,3,2,3,3,2,3,3,2,2,3,2,2,2,3,3,3,2,2,2,3,2,2,2,2,3,2,2,3,2,3,2,2,2,3,2,2,3,3,3,3,3,3,3,3,2,3,3,3,2,3,2,3,3,3.0,3,3,2,3,3,2,2,3,3,2,3,2,2,2,3,4.0,,3.0,2,3,2,2,3,2,1,2,3,2,2,3,3,2,3,3,3,2,3,4.0,3,2,3,2,2,0,2,2,2,3,3,3,,2,3,3,2,3,2,,3,2,3,3,3,3,,2,3,2,3,3,2,3,3,3,3,2,,3,0,1,4.0,2,2,2,3,2,2,0,3,3,2,2,1,3,2,2,2,3,3,2,3,3,3,3,4,3,3,3,4,3,3,3,3,3,3,3,3,3,3,2,3,2,3,4.0,3,,3,2,2,3,3,3,2,3,2,3,2,3,3,3,3,3,2,3,3,3,3,2,2,2,2,3,3,2,3,0,3,3,2,4,3,3,,3,0,3,3,3,4.0,3,3,4,3,2,3,3,3,3,3,,3,3,3,,3,3,3,2,3,3,3,3,3,3,2,,3,3,3,3,3,2,3,,3,,,3,3,3,3,2,3,3,4.0,3,4,3,3,3,3.0,3,,3,3,3,,3,3,4,,,4.0,,3,,3,3,3,3,3,3,3,3,4.0,3,3,3,4.0,3,3,3,3,3,,,3,3,3,3,3,3,3,,4,3,3,,3,4.0,,3,3,,2,4.0,3,2,2,3,,,2,,3,3,3,3,4.0,3,3,3,,,,3,3,3,3,4.0,3,3,4,3,3,,3,3,3,3,3,3,3,,2,3,3,3,3,2,3,3,4,3,,0,3,2,4,4.0,4.0,3,2,3,3,,3,3,3,3,,3,4.0,3,,4.0,,,,3,3,4.0,3,3,4.0,4.0,3,,,,2,3,3,4.0,,4.0,2,3,,4,3,,,3,,3,,4,,,3,4,3,4,,3,3,3,4.0,3,3,2,3,3,3,3,4.0,3,3,4,3,4.0,2,,3,4,,4.0,2,,2,4,,,3,3,,3,4.0,,,,3,4,,,3.0,3,,3,3,3,3.0,3,4.0,,3,3,3,0,3.0,2,3,,4.0,,,3,3,3,,4,0.0,,3,,4.0,,,3,3,,2,,,3,,3,3,4.0,,3,,,2,,,3,3,,,,3,,,4.0,,3,3,3,3,3,,3,4,3,3,,,3,3,3,3.0,3,3,4.0,3,2,3,3,,3,3,3,2,3,3,3,3,3,,4.0,,3.0,,,,4.0,,3,4.0,3,3,4,3,3,3,3,3,4,,,,,,2,3,,,4,,,3,2,,,3,,2,,4.0,4,3,2,,3,3,,4.0,3,,,3,3,,,,,,3.0,,4.0,3,3,,,,159,3,1.1055512118842852,-0.6625889259486362
3,3,2,2,2,2,3,3,3,3,2,2,2,2,2,3,2,2,2,2,2,2,3,2,3,3,3,3,2,3,2,2,3,3,3,2,2,3,3,3,3,2,2,4.0,2,3,2,1,2,3,3,2,3,2,2,2,3,1,2,3,3,2,2,2,2,2,3,3,2,2,3,3,3,3,2,3,3,2,3,2,2,2,2,2,2,3,1,1,2,2,2,3,3,2,3,2,2,3,2,2,2,3,3,3,3,2,2,1,3,3,3,3,3,2,1,2,2,3,3,3,3,2,3,3,2,2,3,2,2,1,3,2,2,2,3,3,3,2,3,2,3,2,2,2,3,2,3,2,3,3,3,3,2,2,2,2,2,3,2,2,2,2,2,2,3,2,1,2,2,2,2,3,0,2,2,3,3,2,3,3,2,3,3,1,2,3,2,2,2,2,2,2,3,3,3,3,3,3,2,3,3,2,3,2,3,3,3,2,2,2,2,2,2,3,2,2,3,3,2,3,2,2,2,2,3,2,2,3,3,2,3,2,3,2,2,3,2,3,3,3,3,3,3,2,3,2,3,3,3,1,3,2,2,2,2,2,1,3,2,3,3,3,3,2,3,3,3,3,3,2,2,2,3,3,2,2,3,3,2,3,2,2,2,2,3,2,2,3,3,3,2,2,2,3,3,2,2,3,3,3,2,2,3,2,2,3,2,3,2,3,2,2,3,3,2,3,2,3,2,0,3,3,3,3,3,2,2,3,2,2,3,3,3,2,3,3,3,3,2,3,2,3,2,2,3,3,3,3,3,3,3,2,3,0,3,2,2,2,3,3,3,2,2,2,3,2,2,2,3,3,3,2,2,3,3,2,3,2,3,3,3,3,3,4,3,3,3,3,3,3,3,3,3,2,3,3,3,3,4.0,2,2,2,3,2,2,2,3,3,3,3,2,2,2,2,4.0,,4.0,2,2,2,2,2,2,3,2,2,2,2,3,3,2,2,3,3,1,3,4.0,3,2,3,2,2,3,3,2,3,3,3,3,,2,3,3,2,3,3,,2,2,0,0,3,2,,2,3,3,2,3,3,3,2,3,2,2,,3,3,2,4.0,2,3,2,2,2,2,2,4,3,2,1,3,2,1,3,2,3,3,3,3,3,3,3,3,3,2,2,3,3,2,3,3,3,2,3,2,3,3,2,3,2,3,3.0,2,,3,2,3,3,3,2,2,3,2,3,3,3,3,3,3,2,3,2,2,2,3,2,2,2,3,2,3,2,3,3,3,3,3,4,3,2,,2,2,3,3,3,3.0,2,3,3,3,2,3,3,3,3,3,,3,3,3,,3,2,3,3,3,2,3,2,3,3,3,,0,2,3,3,3,2,3,,3,,,2,3,2,3,2,3,3,4.0,2,2,4,3,3,,3,,3,3,3,,3,4,3,,,4.0,,3,,3,3,3,3,3,2,3,3,3.0,3,3,3,3.0,3,3,3,2,3,,,2,2,3,2,3,3,3,4.0,3,3,3,,3,4.0,,3,3,,3,4.0,3,3,3,1,,,3,,3,3,2,3,4.0,3,3,3,,,,3,3,2,2,4.0,3,3,3,2,3,,3,3,3,3,3,4,3,,3,3,3,3,3,3,3,3,4,3,,3,3,3,4,,4.0,3,2,2,3,,3,3,3,3,,2,4.0,3,,4.0,,,,3,3,4.0,3,3,4.0,,3,,,,3,3,4,4.0,,4.0,3,3,,4,3,,,3,,3,,4,,,3,3,3,4,,2,3,4,4.0,3,3,3,3,3,2,2,4.0,3,3,3,3,4.0,2,,3,3,0.0,4.0,3,,2,3,,3.0,3,3,,3,4.0,,,,3,4,,,4.0,3,,2,4,3,,3,4.0,,3,3,2,3,,2,3,,,,,3,3,3,,4,3.0,,3,,3.0,,,3,4,,3,,,3,,3,3,4.0,4.0,3,,,3,,,3,3,,,,3,,,4.0,,3,3,3,3,0,,3,4,3,3,,,3,3,3,0.0,3,3,4.0,3,3,3,3,,4,3,3,2,3,4,3,3,3,,4.0,,,,,,4.0,,3,,3,3,4,3,3,2,4,3,3,,,4.0,,,2,4,,,4,,,3,3,,,3,,3,,4.0,3,3,3,,3,4,,4.0,3,,,3,3,0.0,,,,,4.0,,,3,3,,,,160,3,1.1003640145605829,-0.6541266142517042
3,3,1,1,1,1,2,2,2,3,2,2,2,1,2,2,2,2,2,2,2,2,3,2,3,2,3,2,2,2,2,2,3,2,3,2,2,3,2,2,2,2,2,3.0,2,2,2,2,2,3,3,2,2,2,1,0,1,1,1,1,3,2,2,2,2,2,2,3,2,2,3,3,3,3,2,3,3,3,2,2,2,2,1,2,2,3,1,2,2,2,2,2,1,2,2,2,0,3,2,2,2,3,2,2,3,2,2,1,2,3,3,3,3,2,2,2,2,2,2,3,3,2,3,2,2,2,2,2,2,2,2,2,2,2,3,2,2,2,0,2,2,2,2,2,3,2,3,2,3,3,2,2,2,2,2,2,3,3,2,2,1,2,2,2,2,2,2,2,2,2,2,2,2,2,2,2,3,2,3,2,2,3,3,2,2,3,3,2,2,2,2,2,2,2,2,2,2,2,1,2,2,2,3,1,2,2,2,2,2,2,2,1,2,3,2,2,2,3,2,3,3,2,2,3,3,2,2,3,2,3,2,3,2,2,2,2,1,2,2,2,2,3,2,2,2,2,3,3,3,2,3,2,1,3,2,2,2,3,2,2,3,2,3,2,3,3,3,3,2,1,3,2,1,2,2,3,3,3,2,2,2,2,2,2,2,1,2,2,2,3,2,1,2,3,2,2,2,3,3,3,2,1,2,2,2,2,2,3,2,3,2,3,2,3,2,3,2,3,2,2,3,3,2,2,3,2,2,1,3,2,3,2,1,2,2,2,2,2,2,2,2,3,2,2,3,3,2,3,3,2,3,2,3,2,3,2,2,2,3,2,2,2,2,3,3,2,2,2,2,2,3,2,2,2,3,2,2,2,3,2,3,3,3,3,3,3,3,3,3,2,3,3,3,2,3,2,3,3,3.0,3,2,2,3,3,2,2,2,3,2,1,2,2,2,3,,,3.0,2,2,2,2,1,2,2,1,2,2,2,0,2,2,2,3,3,2,3,4.0,3,2,3,2,2,3,2,2,2,2,1,2,,2,3,3,2,2,2,,2,2,2,2,2,2,,0,3,2,2,2,2,3,3,3,2,2,,3,3,2,4.0,2,1,3,2,2,3,2,3,3,2,2,3,2,2,2,2,2,2,2,2,3,3,2,3,0,3,2,3,3,2,3,3,3,2,3,3,2,3,2,3,2,3,3.0,3,,2,2,2,3,2,3,2,2,2,3,3,3,3,3,3,2,2,3,2,3,3,2,3,2,3,2,3,2,3,3,3,0,3,3,3,3,,2,2,3,3,3,3.0,3,3,3,2,2,3,3,3,2,3,,2,2,3,4.0,3,3,2,2,3,2,2,2,2,2,3,,3,2,3,1,3,2,3,,2,,,3,3,3,2,2,2,3,4.0,2,4,3,3,2,,3,,3,2,2,,3,3,3,,,4.0,,2,,3,2,3,3,2,3,3,3,4.0,3,3,3,,2,3,2,2,4,,,2,3,3,3,2,3,2,4.0,3,3,3,,3,2.0,,3,3,,2,4.0,2,2,3,3,,,2,,3,3,3,3,4.0,2,3,3,4.0,4.0,,2,3,3,2,4.0,3,3,3,3,3,,3,2,3,3,3,3,3,,3,2,3,2,3,0,3,3,3,2,,2,3,3,3,,4.0,3,2,2,3,,3,3,3,3,2.0,3,4.0,3,,3.0,4.0,,,3,2,4.0,3,3,2.0,,3,,,,0,3,4,4.0,,4.0,3,3,,2,3,,,3,,3,,3,,,3,3,3,3,,3,2,3,4.0,3,2,2,3,3,2,3,4.0,2,3,4,2,3.0,2,,3,3,,4.0,2,,2,2,,,2,3,,3,4.0,,,,2,3,,,3.0,2,,3,3,3,,3,4.0,,2,3,2,3,,2,3,,,3.0,,2,3,3,,4,3.0,,3,,3.0,,,3,3,,2,2.0,,3,,3,0,4.0,3.0,3,,,3,,,3,2,,,,2,,,4.0,4.0,3,2,3,3,3,,3,3,3,3,,,3,3,3,,2,3,4.0,2,3,3,3,,3,3,2,2,3,3,3,3,3,,4.0,,,,,,3.0,,3,,2,2,3,3,3,3,3,3,3,,,,,,2,3,,3.0,3,,,3,2,,,3,,3,,3.0,3,3,3,,3,3,4.0,4.0,3,,,2,3,,,,,,4.0,,,3,2,,,,161,3,1.104143179255919,-0.6609285622921934
2,3,2,2,3,2,3,3,3,3,3,2,3,3,3,3,2,2,3,2,2,2,3,2,3,3,3,3,2,3,3,3,3,3,3,3,3,3,3,3,2,2,2,3.0,2,3,3,2,3,3,3,3,3,3,3,3,3,2,2,3,3,2,2,2,1,3,3,3,2,2,3,3,3,3,2,3,3,3,3,3,0,2,2,2,2,3,2,2,3,2,2,3,2,3,3,3,2,3,3,3,3,3,3,2,3,2,2,2,2,3,3,3,3,3,2,2,2,3,3,3,3,2,3,3,2,3,3,3,2,2,3,3,2,2,3,3,3,2,3,3,2,2,2,3,3,2,3,2,3,3,3,3,3,3,3,3,3,3,2,0,1,3,3,2,3,2,1,3,2,2,2,3,2,2,2,3,3,2,3,2,3,2,3,2,2,3,3,2,2,2,3,2,3,3,3,3,3,3,3,3,3,2,3,3,3,3,2,3,3,2,1,2,2,3,2,2,3,3,2,3,3,2,2,2,3,2,2,3,3,3,3,3,3,2,1,2,2,2,2,3,2,2,2,1,2,2,3,3,3,2,3,3,2,2,3,2,2,4,3,3,3,3,3,3,3,3,3,3,3,2,3,2,2,3,3,3,3,3,3,3,2,3,2,2,3,3,3,3,3,4,2,3,2,3,3,3,3,3,3,3,2,2,3,2,3,2,3,3,2,3,3,3,3,3,3,3,3,3,3,2,3,3,3,3,3,3,3,3,3,2,2,3,2,2,3,3,3,3,3,3,2,3,3,3,3,3,3,2,4,3,3,2,3,3,3,2,3,3,3,3,3,3,2,3,3,3,2,2,3,3,3,3,3,3,3,2,2,2,3,2,3,3,3,3,3,3,3,3,3,3,3,3,3,2,3,2,3,2,4.0,3,3,3,3,3,2,2,3,3,3,3,3,2,3,3,4.0,,4.0,3,3,3,2,2,2,3,2,3,3,2,3,3,2,2,4,3,2,3,4.0,3,3,4,2,2,3,3,3,3,3,3,3,,3,3,2,2,3,3,,3,3,1,1,3,2,,2,3,2,2,3,3,3,3,3,2,2,,3,3,3,3.0,2,3,3,3,3,3,3,0,3,3,2,3,2,2,2,2,2,3,2,3,3,3,3,3,3,3,2,4,2,3,3,3,4,2,3,3,3,3,2,3,2,3,0.0,1,,3,3,3,3,0,3,3,3,2,4,4,3,2,3,4,3,3,3,3,3,3,1,3,3,2,3,3,3,3,4,3,3,3,3,3,3,0.0,2,3,3,3,3,4.0,3,3,4,3,3,3,4,3,3,3,,3,3,3,,3,3,3,3,3,3,3,3,3,3,3,,3,3,3,3,3,2,3,,3,,,3,3,4,3,2,3,3,4.0,2,4,3,3,3,,3,,3,3,4,,3,4,4,,,4.0,,3,,3,3,3,2,2,3,3,3,4.0,4,3,3,3.0,3,3,3,3,4,,,3,3,0,3,3,3,3,,3,3,3,,3,4.0,,3,2,,3,3.0,3,3,3,3,,,3,,3,3,3,3,4.0,3,3,3,,,,3,3,3,3,3.0,3,4,4,3,3,,3,3,3,2,4,4,3,,3,3,3,3,3,2,3,3,4,3,,3,3,4,3,,4.0,3,2,3,4,,3,3,3,3,,3,4.0,3,,4.0,,,3.0,3,3,4.0,3,3,3.0,,3,,,,3,3,4,4.0,,4.0,4,3,,4,2,3.0,4.0,3,,4,,4,,,3,4,3,3,,3,3,3,4.0,4,3,3,3,3,3,3,4.0,3,3,4,3,4.0,2,,3,3,,4.0,3,,2,3,,,3,3,4.0,4,4.0,,,,3,4,,,4.0,3,,3,4,0,,3,4.0,,3,3,2,3,,2,3,,,,,3,3,3,,3,4.0,,3,,4.0,,,3,4,,2,,0.0,3,,3,3,4.0,,3,,,3,,4.0,4,3,,,,3,,,4.0,,3,3,3,3,3,,3,4,3,3,,,3,3,3,,3,2,4.0,3,3,0,2,,4,2,2,3,4,3,4,3,3,,4.0,,,,,,4.0,,3,,3,2,4,3,3,3,4,3,4,,,,,,2,4,,,4,,,3,3,,,3,,3,,4.0,4,3,3,,4,4,,4.0,3,,,3,4,,,,,,4.0,,,3,4,,,,162,3,1.1010025993316008,-0.6360919327149217
2,3,0,2,2,1,2,0,2,2,2,1,2,1,2,2,2,2,2,2,2,2,3,2,2,3,2,2,2,2,2,2,3,2,2,2,3,2,0,1,2,1,2,3.0,1,3,2,2,3,3,3,2,2,2,2,2,2,2,2,2,2,2,1,1,1,2,3,3,2,2,3,3,3,3,2,3,2,3,2,2,2,2,2,2,2,2,1,2,3,2,2,2,2,2,2,2,2,2,2,2,1,3,2,2,3,2,2,2,2,3,3,3,3,2,2,2,2,2,3,3,3,2,3,3,2,2,2,3,2,2,2,2,2,2,2,2,3,2,2,3,2,2,2,2,3,2,3,2,3,2,3,2,2,2,2,2,2,1,2,2,2,2,2,2,2,2,2,2,2,2,2,2,2,2,1,3,3,2,2,2,2,2,3,2,2,3,3,2,3,2,2,2,1,2,2,2,2,2,2,0,2,2,2,2,2,2,1,2,2,0,2,2,2,2,2,2,3,3,2,3,3,2,2,3,3,3,2,3,3,2,2,0,1,2,2,1,2,2,2,3,2,3,2,2,2,2,2,2,3,1,3,3,2,2,2,2,2,3,1,2,3,3,2,2,2,2,0,3,3,2,3,2,2,2,3,2,3,2,2,3,2,2,2,2,2,2,2,3,2,3,2,2,2,2,3,2,2,3,3,3,2,2,2,2,2,2,2,3,2,3,2,3,2,3,3,3,3,3,2,3,2,2,3,2,2,2,2,2,3,2,3,3,2,2,3,3,2,2,2,2,2,3,2,1,3,3,2,2,3,2,2,2,2,2,3,2,2,2,2,2,2,2,2,2,3,2,2,2,2,3,2,2,2,3,2,2,3,2,3,2,3,3,3,3,3,3,3,3,3,3,2,3,3,2,3,2,3,2,3.0,3,2,2,3,3,2,2,2,2,2,2,3,2,2,3,4.0,,3.0,2,3,2,2,2,2,2,1,3,2,2,3,2,2,3,3,2,1,3,3.0,2,2,3,2,2,3,2,3,2,3,3,3,,2,3,2,2,3,2,,2,2,2,2,3,2,,2,3,1,2,2,3,3,3,3,2,2,,3,3,2,4.0,2,2,2,2,2,3,2,3,3,2,2,3,3,2,2,2,2,3,2,2,2,3,2,3,2,3,1,4,2,2,2,2,3,3,3,2,2,2,2,3,2,3,4.0,3,,2,2,2,3,2,3,2,3,2,3,3,3,2,3,3,3,2,3,2,2,3,1,3,2,3,2,3,2,3,3,2,3,3,3,3,3,,2,3,2,2,3,3.0,3,2,3,2,2,2,3,2,3,3,,3,2,3,,3,3,2,3,3,2,2,3,3,2,3,,3,3,3,2,3,2,2,,3,,,3,2,3,3,2,2,3,4.0,2,3,3,0,3,,3,,3,3,3,3.0,3,3,3,,,4.0,,3,,3,3,3,3,3,3,3,2,3.0,3,3,3,,2,3,3,3,3,,,2,2,3,3,2,2,3,,3,3,2,,3,4.0,3.0,3,3,,2,3.0,3,2,3,3,,,3,,3,3,3,3,3.0,3,2,3,,,,3,3,2,2,4.0,3,3,3,3,3,,3,3,2,2,3,3,3,,3,3,3,3,3,2,3,3,3,3,,2,3,3,3,,3.0,3,2,2,2,,2,3,2,2,,3,4.0,3,,4.0,,,,3,2,4.0,3,3,4.0,,3,,,,1,3,3,4.0,,4.0,3,3,,3,3,,,3,,3,4.0,4,,,3,3,3,3,,3,2,1,3.0,3,3,2,3,3,2,3,3.0,2,3,3,3,3.0,1,,3,3,,4.0,2,,2,3,,,2,2,,3,4.0,,,,2,3,,0.0,3.0,2,,3,3,3,,3,4.0,,3,3,2,3,,2,3,,,,,3,3,3,,3,4.0,,3,,4.0,,,3,3,,2,,,3,,3,3,4.0,,3,,4.0,3,,,3,3,,,,3,,,4.0,,3,3,3,2,3,,3,3,2,3,2.0,,2,2,3,,3,2,4.0,3,3,3,3,,3,2,3,2,3,4,3,2,3,,3.0,,,,4.0,,3.0,,3,4.0,3,2,3,3,3,3,3,2,3,,,,,,2,3,,,3,,,3,2,,,3,,3,0.0,3.0,4,2,3,,3,4,,4.0,3,,,3,3,,,,,,4.0,,,3,3,,,,163,3,1.1272286407074599,-0.7214956068575425
2,2,1,1,2,2,2,2,2,2,2,2,1,2,1,2,2,2,2,1,2,1,3,2,2,2,2,1,2,2,2,2,2,2,3,2,2,2,2,2,2,2,2,2.0,2,2,2,2,1,2,2,2,3,2,2,2,2,2,2,2,3,2,1,2,2,2,2,2,2,2,2,2,3,2,2,2,2,2,2,2,2,2,2,1,1,2,1,2,2,2,2,2,2,2,2,2,2,3,2,3,2,3,3,2,2,2,2,1,2,3,3,2,3,2,1,2,2,2,2,3,3,2,3,3,2,2,2,2,1,2,3,2,2,2,2,2,3,2,2,2,2,0,1,2,2,2,2,2,3,3,2,2,2,2,2,2,3,2,2,2,1,2,2,2,2,2,1,2,2,2,2,2,2,2,2,3,3,2,0,2,2,2,3,2,2,3,2,2,2,2,2,2,3,2,2,2,2,2,2,2,2,2,3,2,2,0,2,2,2,1,0,1,2,2,2,2,2,2,2,3,3,2,2,2,3,2,2,3,3,2,2,2,2,2,2,2,2,2,2,3,2,2,2,2,2,1,2,2,3,1,2,2,2,2,2,1,2,3,2,2,3,2,2,2,2,1,2,2,2,2,2,2,2,2,2,2,3,3,2,2,2,2,1,1,2,2,2,2,2,3,2,3,2,2,3,2,2,3,3,3,2,2,2,2,3,2,2,3,2,3,2,3,2,3,2,3,2,3,2,2,2,2,3,2,3,3,2,2,2,1,3,2,2,0,3,3,2,2,2,2,1,3,2,2,3,2,2,3,3,2,1,2,2,2,3,2,2,2,1,2,2,2,2,2,3,2,2,2,2,3,2,2,2,2,2,2,1,2,2,2,2,3,3,3,3,3,3,2,2,2,2,3,2,2,2,2,3,2,3.0,3,2,2,3,3,2,2,2,2,2,2,2,2,2,3,,,3.0,2,2,2,2,2,2,2,2,3,2,2,3,2,2,2,3,3,2,3,3.0,2,2,3,2,2,1,2,2,2,2,3,2,,2,2,1,2,2,2,,2,2,2,2,3,2,,2,3,2,2,3,3,3,2,3,2,2,,3,3,2,4.0,2,2,2,2,2,1,2,2,2,2,2,3,2,2,1,2,2,3,1,2,2,2,2,2,2,2,2,3,2,2,2,3,3,2,3,2,3,3,2,3,2,2,4.0,3,,2,2,2,3,2,2,2,3,1,3,3,2,2,3,2,3,2,3,2,2,2,2,2,2,2,2,2,3,2,3,2,3,2,2,2,0,,2,2,2,2,2,4.0,3,2,2,2,2,2,3,3,2,2,,3,2,2,,3,3,2,2,2,2,2,2,3,2,2,,3,2,2,2,3,2,2,,3,,4.0,2,2,3,2,2,2,3,4.0,2,3,3,3,3,,3,,3,3,3,,2,3,3,,,4.0,4.0,3,,3,2,3,3,2,2,3,3,4.0,3,3,3,,3,3,1,3,3,,,2,2,3,2,2,2,2,,3,2,2,,2,3.0,,3,3,,2,4.0,3,2,2,2,,,2,,3,3,2,3,4.0,3,2,2,,3.0,,3,3,2,2,4.0,3,3,3,2,3,,3,3,3,2,3,3,3,,3,2,3,3,2,2,3,3,3,2,,2,3,3,3,,4.0,3,2,2,3,,3,3,2,1,,2,4.0,3,,4.0,,,,3,2,3.0,3,3,3.0,,3,,,,2,2,3,3.0,,4.0,3,3,,3,3,,4.0,3,,3,,3,,,3,3,2,3,4.0,3,3,2,3.0,3,3,2,3,2,2,3,4.0,3,3,3,2,3.0,2,4.0,2,0,,4.0,3,,2,3,,,2,2,,3,4.0,,,,3,0,,,3.0,2,,1,3,3,,3,4.0,4.0,3,3,1,3,,2,3,,,,,3,3,3,,3,4.0,,3,,4.0,,,3,3,,2,,,3,,2,3,3.0,,3,,3.0,2,,,3,2,,,,3,,,4.0,,3,3,3,2,3,,3,3,2,3,3.0,,1,2,2,,3,1,4.0,3,0,3,3,,3,3,1,2,3,3,3,2,3,,3.0,,,,,,4.0,3.0,3,,3,2,3,3,3,3,3,2,2,,,,,,2,3,,,3,,,3,2,4.0,,2,,2,,3.0,3,3,2,,3,3,4.0,4.0,3,,,2,3,,,,,,4.0,,,3,3,0.0,,,164,3,1.1137173396674585,-0.7073895007283547
2,2,2,2,2,2,2,3,2,3,2,2,2,2,1,2,2,2,2,2,2,2,3,2,1,2,2,2,0,2,2,2,2,2,2,2,2,2,2,2,2,2,2,3.0,2,2,2,2,3,3,3,2,2,2,2,2,3,2,2,3,2,2,1,2,2,2,3,2,2,2,2,3,3,3,2,3,3,2,2,2,2,2,1,2,2,2,1,2,1,2,2,2,2,2,2,2,2,3,2,2,2,3,3,2,2,1,2,1,2,3,3,3,2,2,2,2,2,2,2,3,3,1,3,2,3,2,3,2,1,1,2,2,2,2,3,2,3,2,2,2,3,2,2,2,2,2,2,2,3,2,2,2,2,2,2,2,3,2,2,2,1,2,2,2,2,2,2,2,1,2,2,2,2,2,2,3,2,2,2,2,2,2,3,1,2,2,2,2,2,2,2,2,3,3,3,2,2,2,2,2,2,2,3,0,2,2,2,2,2,2,2,2,2,3,2,2,2,3,2,2,3,2,2,2,3,2,0,3,2,2,2,2,1,2,2,3,2,2,2,3,3,3,2,3,3,2,3,3,3,2,2,2,2,2,2,2,1,2,2,3,3,2,2,2,2,2,2,3,3,2,2,2,3,3,3,1,2,2,2,2,2,2,2,1,2,2,2,3,2,3,2,2,2,3,2,2,2,3,3,3,2,1,2,2,2,3,2,3,2,3,2,3,2,3,2,3,2,3,2,3,2,2,3,3,3,3,2,2,2,2,3,3,3,2,3,3,3,2,2,2,2,3,2,2,3,2,2,3,3,3,3,2,3,2,3,2,2,2,3,3,3,2,2,2,3,2,2,2,0,3,2,2,2,2,3,2,2,2,3,2,2,3,3,3,3,3,3,3,2,2,2,3,2,2,2,2,3,2,3.0,2,2,2,3,2,2,2,3,3,2,2,2,2,2,1,,,4.0,2,2,2,2,3,2,2,2,2,2,2,2,2,2,2,3,3,1,2,4.0,3,2,3,1,2,3,1,2,2,3,3,2,,2,3,3,2,2,2,,2,2,2,2,3,2,,2,3,3,2,2,3,3,2,3,2,2,,3,3,2,4.0,2,2,2,2,2,3,2,4,3,2,2,3,2,2,2,2,3,3,2,2,3,3,3,3,2,3,2,3,2,2,3,3,3,2,3,0,3,3,2,2,2,3,4.0,3,,2,1,3,3,3,3,2,3,1,3,3,3,2,3,3,2,2,2,2,2,2,2,3,2,2,2,2,1,3,3,3,3,2,4,3,3,,2,2,3,3,3,3.0,0,3,3,3,2,3,3,3,2,3,,3,3,2,,3,3,3,3,3,2,2,2,3,2,2,,3,2,3,0,3,2,3,,3,,,2,3,3,3,2,2,3,4.0,2,3,4,3,3,,3,,3,3,3,4.0,3,3,0,,,4.0,,3,,3,3,3,3,2,2,3,3,4.0,3,2,3,,2,3,2,2,3,,,3,2,3,3,3,2,2,,3,3,3,,3,4.0,3.0,3,3,3.0,2,4.0,3,3,3,3,,,2,,2,3,3,3,4.0,3,3,3,,,,2,3,3,2,3.0,3,3,3,2,3,,3,3,3,3,3,3,3,,3,2,3,3,3,2,3,3,3,2,,3,3,3,3,,4.0,3,2,2,3,,3,2,3,3,,2,4.0,3,,4.0,3.0,,3.0,2,3,4.0,3,3,4.0,,3,,,,2,2,3,3.0,,4.0,3,3,,3,3,,,2,,3,,3,,4.0,3,3,3,3,,3,3,3,4.0,0,3,2,3,1,2,2,3.0,3,3,3,2,4.0,2,,2,3,,3.0,3,4.0,2,3,,,3,3,,3,4.0,2.0,,,2,2,,,4.0,3,,3,3,3,,3,4.0,,3,0,2,3,,2,3,,3.0,,,3,3,3,,3,3.0,,3,,3.0,,4.0,2,3,,3,,,3,,3,3,4.0,,3,,,2,,,3,2,,,,2,,,4.0,,3,3,3,3,3,,3,3,3,1,,,3,2,3,,3,3,4.0,3,3,3,3,,3,3,2,2,3,3,3,2,3,,4.0,,,,,,4.0,,3,,3,3,3,3,2,3,2,3,3,4.0,,,,,2,3,4.0,,3,,4.0,3,3,,,3,4.0,2,,3.0,3,3,3,,3,4,,4.0,3,3.0,,3,3,,,,,,3.0,,3.0,3,3,,,4.0,165,3,1.0998766954377315,-0.6939716701233927
2,2,2,2,2,2,1,2,3,3,2,2,2,2,2,2,2,1,2,2,2,2,2,2,3,3,3,2,2,2,2,2,3,3,3,2,2,3,3,3,2,2,2,3.0,2,2,2,3,3,3,3,2,3,2,2,2,2,2,2,2,3,2,2,2,2,2,3,3,2,1,3,3,2,2,2,3,3,2,2,2,0,1,1,2,2,3,2,1,2,2,2,3,1,2,3,2,2,1,2,2,2,2,3,2,2,2,1,2,2,3,3,3,3,2,2,2,2,2,2,3,3,1,3,1,2,2,3,2,1,1,2,2,2,2,3,3,3,1,3,2,2,1,2,2,3,2,2,2,2,2,2,3,2,2,2,0,3,2,2,2,1,2,2,2,2,2,2,2,2,2,2,3,2,2,2,3,3,2,3,2,2,2,2,1,2,2,2,2,2,2,2,2,3,3,2,3,3,3,2,2,3,2,3,2,2,3,2,2,2,2,2,2,2,2,2,2,2,2,2,2,2,2,2,2,3,2,2,2,2,3,2,2,2,2,2,3,2,3,3,3,3,3,2,2,3,2,3,3,3,1,3,2,2,2,2,2,2,3,2,0,2,2,3,2,2,3,3,3,2,1,2,2,2,3,3,2,3,3,2,2,2,2,2,2,2,2,2,2,2,3,2,3,2,3,2,2,2,3,2,2,2,2,2,2,3,2,2,3,2,3,2,2,2,3,2,3,2,3,2,3,3,2,3,2,3,2,2,2,3,2,3,3,3,2,3,3,3,2,2,2,1,3,2,2,2,2,2,3,3,3,3,2,2,0,3,2,2,2,2,3,3,3,2,2,3,2,2,2,2,3,3,1,2,2,3,2,2,1,2,2,3,3,3,2,3,2,0,3,2,2,3,3,3,2,3,2,3,2,3.0,3,2,2,3,3,2,2,3,3,3,2,2,2,2,2,,,4.0,3,2,2,2,3,2,3,2,2,2,2,3,2,2,2,3,3,2,3,4.0,3,2,3,2,2,3,3,3,2,3,3,2,,2,3,2,2,2,2,,3,2,2,2,3,2,4.0,2,3,2,2,2,3,3,3,3,2,2,,3,3,2,4.0,2,2,2,2,2,3,2,3,3,2,0,2,3,2,2,2,3,3,2,3,3,3,3,3,2,3,2,3,2,2,3,3,3,2,3,3,3,3,2,2,2,3,4.0,3,3.0,3,2,3,3,2,3,2,3,2,3,3,3,3,3,3,3,2,3,2,2,3,1,3,2,2,2,2,2,3,3,3,3,2,3,3,3,,2,2,2,3,3,0.0,2,2,3,3,2,3,3,3,2,3,,3,3,3,,3,3,3,3,3,2,3,3,2,2,3,,3,3,3,3,3,2,2,,3,,,2,0,3,3,2,2,3,4.0,2,3,3,3,3,,3,,2,3,3,,3,3,3,,,4.0,,3,,3,3,3,2,2,2,2,3,4.0,3,3,3,,3,3,2,3,3,,,2,2,2,3,2,3,2,,3,2,2,,3,4.0,,3,2,,2,4.0,3,2,3,3,,,3,,3,3,2,3,4.0,3,3,3,,,,3,3,3,2,3.0,3,3,3,2,3,,3,3,3,3,3,3,3,,3,2,3,1,3,3,3,2,3,3,,3,1,3,3,,4.0,3,2,2,3,,3,3,2,3,,3,4.0,3,,2.0,,,,3,3,4.0,3,2,4.0,,3,,,,3,2,3,3.0,,4.0,3,3,,3,3,,,3,,3,,3,,,3,3,3,3,,3,3,3,4.0,3,3,2,3,3,2,3,4.0,2,3,3,1,3.0,2,,2,3,,4.0,3,,2,3,,,3,3,,3,4.0,,,3.0,3,3,,,4.0,2,,3,3,3,,3,4.0,3.0,3,3,2,3,,2,2,,,,3.0,3,3,3,,3,3.0,3.0,3,,3.0,,,2,3,,2,4.0,,3,,3,3,4.0,,3,,4.0,2,,,4,3,,,,0,,,4.0,,3,3,3,3,2,4.0,3,3,2,1,,,3,3,3,,3,2,4.0,3,3,3,3,,2,3,3,2,3,3,3,3,3,4.0,4.0,,,,,,3.0,,3,,0,2,3,3,1,2,3,3,3,,,,,,2,3,,4.0,3,,,3,3,,,3,,3,4.0,1.0,3,3,3,,3,4,,4.0,2,,,3,3,,,2.0,,,4.0,4.0,,3,3,,,,166,3,1.1106885780252618,-0.6845532244782735
3,3,3,3,3,2,3,3,3,4,3,2,3,2,2,1,0,2,2,3,3,2,3,2,3,3,3,3,2,3,3,3,3,3,3,2,2,3,3,3,3,2,2,4.0,2,2,2,0,2,3,3,3,3,3,3,3,3,3,2,3,2,2,2,2,2,2,3,3,2,3,3,3,3,3,3,3,2,0,3,2,2,2,2,2,2,3,2,2,3,2,3,3,3,2,3,3,2,3,3,3,3,3,3,3,3,2,2,1,3,3,3,3,3,2,2,2,2,3,3,3,3,2,3,3,3,3,3,3,2,1,3,3,2,2,3,3,3,3,3,2,3,3,2,3,3,3,3,3,3,3,3,3,3,2,2,3,3,2,3,3,2,3,2,2,2,2,2,2,2,2,2,2,2,2,2,3,1,2,2,2,2,2,3,2,2,3,3,2,3,3,2,3,3,3,3,3,2,3,3,3,3,3,3,3,3,3,2,3,3,2,2,2,2,3,2,3,3,3,3,3,3,2,2,3,3,3,3,3,3,3,2,2,2,2,3,3,3,3,3,3,3,3,3,3,3,2,4,4,3,2,3,3,2,2,2,2,2,3,2,3,3,3,3,1,3,3,3,4,3,2,2,3,3,3,3,2,3,3,3,3,1,2,1,2,3,2,3,3,2,3,2,3,2,3,3,1,2,3,3,3,2,3,3,2,3,3,3,3,2,3,3,2,3,3,3,3,3,3,2,3,2,3,3,3,3,3,3,3,3,2,3,3,4,1,3,3,3,3,2,3,2,3,2,3,3,3,3,3,3,3,3,2,3,3,4,2,2,2,3,3,3,2,2,2,3,3,2,2,3,3,3,2,3,2,3,2,3,2,3,2,2,1,3,3,3,3,3,3,3,3,3,3,3,2,3,2,3,3,3.0,3,3,2,3,3,2,2,3,3,3,2,3,2,3,2,4.0,,4.0,2,3,2,2,3,3,2,2,3,2,2,3,3,2,3,3,3,2,3,4.0,3,2,3,2,2,2,2,2,3,3,3,2,,2,4,3,3,3,2,,3,2,3,2,3,3,,2,3,3,3,3,0,3,2,3,2,2,4.0,3,3,2,3.0,3,3,3,3,3,2,2,4,4,2,2,3,3,2,2,2,3,3,3,3,4,3,4,4,3,4,3,4,3,3,3,3,3,3,3,0,3,3,2,3,3,3,4.0,3,4.0,3,2,2,3,3,3,2,3,2,3,3,3,3,4,3,3,3,3,2,3,3,2,2,3,3,3,3,3,3,3,3,3,3,4,3,3,,3,3,3,4,4,4.0,3,3,4,3,2,3,3,0,2,3,,3,3,3,,4,2,3,4,2,3,3,3,3,3,3,,4,3,3,3,3,2,3,,3,,,3,3,4,3,3,3,4,,3,4,4,4,3,4.0,3,,3,3,3,,3,3,3,,,4.0,,4,,4,3,0,3,3,3,3,3,4.0,4,3,3,,3,3,3,3,3,,,3,3,3,3,3,3,3,,4,3,3,,4,4.0,,3,3,,3,4.0,3,3,3,3,,,3,,3,3,3,3,4.0,3,2,3,,,,3,3,3,3,4.0,3,4,4,2,4,,3,3,3,3,4,4,4,,3,3,3,3,3,3,3,3,3,3,,3,3,4,4,,4.0,3,3,2,3,,3,3,3,3,,3,4.0,3,,4.0,,,,3,3,4.0,3,3,4.0,,3,,,,3,3,3,4.0,,4.0,3,3,,3,3,4.0,,3,,3,,4,,,4,3,4,4,,3,3,3,4.0,4,3,3,3,3,3,2,4.0,3,3,3,3,4.0,2,,3,4,,,3,,3,4,,,3,3,,3,4.0,,,,3,4,,,4.0,3,,2,4,4,,3,3.0,,3,4,3,4,,3,3,,,,,4,3,3,,4,4.0,,3,,4.0,,,3,4,,3,,,3,,4,3,4.0,4.0,3,,,3,,,3,3,,,,3,,,4.0,,3,3,3,3,2,,4,4,3,3,,,3,3,2,,3,3,,3,2,4,4,,3,4,4,2,3,4,4,3,4,,4.0,,,,,,4.0,,3,,3,3,4,4,0,3,4,3,4,,,,,,3,4,,,4,,,3,3,,,3,,2,,4.0,0,3,0,,3,4,,4.0,3,,,3,4,,,,,,4.0,,,3,4,,,,167,3,1.1089010442565892,-0.6723700189896528
3,2,2,2,2,2,2,3,3,3,2,3,2,2,2,1,2,2,2,2,2,2,3,2,3,3,3,2,2,3,2,2,3,3,3,2,2,3,3,3,3,2,3,4.0,2,2,2,3,3,3,3,2,0,2,3,3,3,3,2,3,3,1,2,2,2,2,3,3,2,3,3,3,3,3,2,3,3,3,3,2,2,2,1,2,2,3,1,2,3,3,3,3,3,2,2,2,2,3,3,2,2,3,3,2,2,2,2,2,2,3,3,3,3,2,2,2,2,3,2,3,3,1,3,2,3,2,3,2,2,1,2,2,2,2,3,3,3,2,3,2,2,3,2,2,3,2,3,2,3,3,2,2,2,2,2,3,3,2,3,3,2,2,2,2,3,2,2,3,2,2,2,3,2,2,2,3,3,3,3,2,2,3,3,2,2,3,2,2,3,2,2,2,3,3,3,3,3,2,3,2,3,2,3,2,3,3,2,3,3,2,2,2,2,3,2,2,2,3,2,3,3,2,2,2,3,0,2,3,2,3,2,2,2,2,2,3,2,3,3,3,3,3,3,3,3,2,3,3,3,2,3,3,2,3,2,2,2,3,3,3,3,2,3,2,3,3,3,3,3,2,3,2,1,2,2,3,3,3,2,3,2,2,2,1,3,2,3,3,2,3,1,3,2,3,2,2,2,3,3,3,3,1,3,2,3,3,3,3,2,3,2,2,2,3,2,3,3,3,2,3,3,2,2,3,3,3,2,3,3,2,3,3,3,2,2,2,3,3,3,3,2,3,2,3,3,2,3,3,3,3,3,3,3,2,3,2,2,2,3,3,3,3,2,2,3,2,2,2,2,3,3,2,2,2,3,2,2,2,3,3,3,3,3,3,3,3,3,3,3,3,3,3,2,2,2,2,3,3,3.0,3,3,2,3,3,2,2,3,3,3,3,3,2,3,3,4.0,,4.0,3,3,2,2,2,2,3,2,2,2,2,2,2,2,3,3,3,2,3,4.0,3,2,4,3,2,3,3,3,2,2,2,2,,2,3,3,2,3,3,,3,2,3,2,3,0,,2,3,2,3,3,3,3,3,3,2,2,,3,3,3,4.0,2,3,3,3,1,3,3,3,3,2,2,3,3,2,1,2,3,3,3,2,3,3,3,3,2,3,2,4,3,3,3,3,3,2,3,2,3,3,2,3,3,3,4.0,3,,3,2,3,3,3,3,2,3,2,3,3,3,3,4,3,2,3,3,2,2,3,2,3,2,3,3,3,3,3,3,3,3,3,4,3,3,,3,0,3,3,3,3.0,2,3,3,3,2,3,3,3,2,3,,3,3,3,,2,3,3,3,3,3,2,3,2,2,2,3.0,3,3,3,3,3,2,3,,3,,,3,2,3,3,3,2,3,4.0,3,4,3,3,3,,3,,3,2,3,,3,4,4,,,4.0,,3,,3,3,3,3,3,3,3,3,4.0,3,2,0,,0,3,3,3,4,,,3,3,3,3,3,3,3,,4,3,3,,3,3.0,,3,3,,3,4.0,3,3,3,3,,,2,3.0,2,0,3,3,3.0,3,3,3,,,,3,2,3,3,4.0,3,3,4,2,3,4.0,3,3,3,3,3,3,4,,3,3,3,3,3,3,3,3,3,3,,3,3,3,3,,4.0,3,2,2,4,,3,2,3,3,,3,4.0,3,,3.0,,,,3,3,4.0,3,3,4.0,,3,,,,3,3,4,4.0,,4.0,3,3,,4,3,,,3,,3,,4,,,3,3,3,4,,3,3,3,4.0,4,3,3,3,3,3,3,4.0,3,3,3,3,3.0,2,,0,3,,,3,,3,3,,,3,3,,3,4.0,,,,3,3,,,4.0,3,,3,3,4,,3,4.0,,3,4,2,3,,3,3,,,,,3,3,3,,4,3.0,,3,,3.0,,,3,3,,3,,,3,,3,3,4.0,,4,,,3,,,4,3,,,,3,,,4.0,,3,3,3,3,3,,3,3,3,3,,,3,3,3,,3,3,,3,3,3,3,,3,3,3,2,0,4,2,1,3,,4.0,,,,,,4.0,,3,,3,3,4,3,3,3,0,3,4,,,,,,2,3,,4.0,4,,,3,3,,,3,,3,,4.0,3,3,3,4.0,3,4,,4.0,3,,,3,4,3.0,,,,,4.0,,,3,3,,,,168,3,1.0885103112591268,-0.6585814274391301
2,2,2,2,2,0,2,1,2,2,2,2,2,2,2,2,2,2,2,2,2,1,3,1,2,2,3,2,2,2,2,2,3,3,2,2,2,2,3,3,2,2,1,2.0,1,2,2,2,2,2,2,2,2,2,2,2,2,2,1,2,2,2,2,1,1,2,2,2,2,2,2,3,3,2,1,3,3,2,2,2,2,2,1,1,1,2,2,0,2,2,2,2,2,2,2,2,2,2,2,2,2,2,2,2,2,1,1,2,2,3,3,3,3,2,2,2,2,2,2,3,3,2,3,2,2,2,2,2,1,2,2,2,1,2,2,2,3,2,2,3,2,1,2,2,2,2,2,2,3,2,2,3,2,2,2,1,2,1,2,2,1,2,2,2,2,2,1,2,2,2,2,2,2,2,2,2,3,2,2,2,2,2,2,1,2,3,0,2,2,1,1,2,2,2,2,2,2,2,2,2,2,1,3,2,2,2,2,2,2,2,2,1,2,2,2,1,2,2,2,3,0,2,2,2,2,2,2,2,2,2,2,2,2,2,2,2,1,2,2,3,2,2,2,0,2,2,2,2,3,1,0,3,1,2,2,2,2,3,2,2,3,2,2,2,2,2,2,3,2,2,2,2,2,3,3,2,3,3,2,2,2,2,2,1,2,2,2,2,2,3,2,3,2,2,3,2,2,3,2,3,2,2,2,2,2,2,2,3,2,2,2,2,2,3,2,3,2,3,2,2,2,2,3,2,2,2,2,2,3,2,3,2,2,2,3,3,2,2,2,3,2,3,2,2,3,2,2,2,3,2,3,1,2,1,3,2,2,2,2,2,2,3,2,2,2,2,2,2,2,3,3,2,2,2,2,2,2,2,2,2,2,3,3,3,2,2,3,2,2,2,2,3,3,2,2,2,3,2,3.0,2,2,2,3,3,2,1,2,0,2,2,2,1,2,2,4.0,,3.0,2,2,2,2,2,2,2,2,3,2,2,3,2,2,2,3,2,1,3,4.0,3,2,3,2,2,2,3,3,2,2,3,2,,2,2,2,2,2,2,3.0,3,2,2,2,3,2,,2,2,1,2,2,2,3,2,3,2,2,,3,3,2,4.0,2,2,2,2,1,2,2,2,2,2,2,3,2,2,2,1,2,3,1,2,2,2,2,2,2,3,1,3,2,2,2,2,3,2,3,2,3,3,2,2,2,3,4.0,3,,2,1,3,3,2,3,2,2,2,3,3,2,0,3,3,3,2,3,2,2,1,2,2,2,2,2,2,2,3,3,2,3,2,3,0,2,,2,3,2,3,2,4.0,2,2,2,2,2,2,3,3,2,2,,3,2,2,,3,3,2,3,3,2,3,3,3,2,2,,3,3,3,2,3,2,2,,3,,,1,2,3,3,2,2,1,3.0,2,3,3,3,3,,3,,3,3,3,,3,3,3,,,3.0,,3,,3,3,3,3,2,2,3,2,3.0,3,2,2,,3,3,2,2,3,3.0,,2,2,3,2,2,2,2,,3,2,2,,2,2.0,,3,3,,2,3.0,3,2,3,3,,,2,,2,3,2,3,3.0,2,2,2,,,,3,3,2,3,4.0,3,3,3,3,3,,2,3,3,2,3,3,3,,3,2,3,2,2,2,3,2,3,3,,2,2,3,3,4.0,4.0,3,2,2,3,,3,2,3,2,,2,4.0,3,,4.0,,4.0,,3,2,4.0,3,3,3.0,,2,,,,2,3,3,3.0,,4.0,3,3,,3,2,,,3,,3,,3,,,3,3,2,3,,3,2,3,3.0,3,2,2,3,3,2,3,3.0,2,2,3,2,4.0,1,,2,3,4.0,4.0,2,,2,3,,,2,2,,3,4.0,,,,2,3,,,3.0,2,,3,3,2,,3,4.0,,2,3,1,3,,1,3,,,,,3,3,3,,3,4.0,,3,,4.0,,,3,3,,2,,,3,,3,2,4.0,,3,,,2,4.0,,3,2,3.0,,,2,,,4.0,,3,3,3,2,3,,3,3,0,3,,,2,2,3,,2,2,4.0,3,3,3,3,,3,3,3,2,3,3,3,3,3,4.0,4.0,4.0,,,,3.0,3.0,,3,,2,2,2,3,3,3,3,2,3,,,,,,2,3,,3.0,2,,,2,2,,,2,,2,,3.0,3,3,3,,3,3,,4.0,3,,,2,3,,,,,,4.0,,,3,3,,,,169,3,1.1175138043324366,-0.7067577435979631
3,3,2,2,2,2,3,3,3,4,3,3,2,2,3,2,2,2,2,2,2,2,3,2,3,3,3,2,2,2,2,3,3,3,3,2,3,3,3,3,3,2,2,4.0,2,2,3,3,3,3,3,3,3,3,3,3,3,3,2,3,3,2,1,2,2,3,3,3,2,2,3,3,3,3,3,3,3,3,2,2,0,2,2,2,2,3,2,2,3,2,3,3,2,3,3,3,2,3,3,2,3,3,3,2,2,2,2,2,3,3,3,3,3,3,2,2,3,2,3,3,3,1,3,3,3,2,3,2,2,2,3,2,2,3,3,3,3,2,3,3,3,3,2,2,3,0,3,2,3,3,3,2,2,2,2,3,3,3,1,2,1,3,2,2,2,2,2,3,2,2,2,3,3,2,2,3,3,3,3,2,2,2,0,2,1,3,3,2,2,2,2,2,3,3,3,3,3,3,3,3,3,2,3,3,3,3,3,3,2,2,2,3,2,3,3,3,3,2,3,3,3,3,2,3,3,3,2,3,3,3,2,3,3,1,2,3,2,0,2,2,2,2,2,2,2,2,4,4,3,2,2,3,2,2,2,2,2,3,3,3,3,2,3,2,3,3,3,3,3,2,3,3,3,3,3,3,3,3,3,3,2,2,2,2,3,2,2,2,3,4,2,3,3,3,3,2,2,3,3,2,2,2,3,2,3,3,2,3,2,3,3,3,3,3,2,3,3,3,3,2,3,2,3,3,3,3,2,3,3,2,4,3,4,2,3,3,3,3,2,3,2,3,3,3,3,3,3,3,3,3,3,3,3,2,3,2,2,2,3,4,3,3,2,3,3,2,2,2,2,3,3,2,2,2,3,2,2,2,2,2,3,3,3,3,3,2,3,2,3,2,2,3,3,2,3,1,3,3,3.0,3,3,3,4,3,1,2,3,3,3,3,3,3,3,3,,,4.0,3,2,2,2,3,2,2,2,3,2,1,3,3,3,2,3,3,2,3,4.0,3,3,3,3,2,3,3,3,3,3,3,3,,3,4,3,2,3,3,,3,2,2,2,3,3,,3,3,3,3,3,3,3,3,3,2,2,,3,3,2,4.0,2,3,3,3,3,3,3,4,4,3,2,3,3,2,2,2,3,3,3,3,4,4,4,4,3,4,3,3,2,2,3,3,3,2,3,3,3,3,2,3,2,3,4.0,3,,3,3,3,3,3,3,3,3,2,4,3,3,3,3,3,3,3,3,3,2,3,2,3,2,2,3,3,3,3,3,3,4,3,4,3,3,,3,3,3,3,4,4.0,3,3,4,3,3,3,4,4,3,3,,3,3,2,,4,3,2,3,3,3,3,2,3,3,3,,3,3,3,3,3,2,3,,3,,,3,4,3,3,3,2,3,4.0,2,4,4,3,3,,3,,3,3,3,,0,3,4,,,4.0,,0,,3,3,3,3,3,3,3,3,4.0,4,3,3,,3,3,2,3,4,,,3,3,3,3,3,3,2,,3,3,3,,4,4.0,4.0,3,3,,3,4.0,3,3,3,3,,,3,,3,3,3,3,4.0,3,4,3,,,,4,3,3,3,4.0,3,4,3,3,3,,3,3,2,3,3,4,3,,3,2,4,3,3,3,3,3,4,3,,3,3,4,3,,4.0,3,2,2,4,,3,3,3,3,,3,3.0,3,0.0,4.0,,,3.0,3,3,4.0,3,3,4.0,,3,,,,3,3,4,4.0,,4.0,4,3,,4,3,,,3,,4,4.0,4,,,3,4,3,3,0.0,3,3,4,4.0,4,3,3,3,3,2,3,4.0,1,3,0,3,4.0,2,,3,3,0.0,4.0,3,,2,4,,,2,3,,4,4.0,,4.0,,3,3,,,4.0,3,,3,4,3,,3,4.0,,3,3,2,3,,2,3,,,,,3,4,4,3.0,3,4.0,,3,,4.0,,,3,3,,2,,,3,,3,3,4.0,,3,,,3,,,4,3,,,,3,,,4.0,,3,3,3,3,3,,3,4,3,3,,,3,3,3,,3,3,3.0,3,3,3,3,,3,3,3,2,3,3,4,3,3,,4.0,,,,,4.0,4.0,,3,,3,2,4,3,3,3,4,3,4,,,,,,2,3,,,4,,,3,3,,,3,,3,4.0,4.0,4,3,3,,4,4,,4.0,3,,,3,3,,,,,,4.0,,,4,3,,,,170,3,1.1109528741584676,-0.6476031244257587
3,3,1,2,2,2,2,2,2,3,2,2,2,1,2,2,2,2,2,2,2,2,3,2,2,3,3,2,2,2,2,2,3,3,3,2,2,3,3,2,3,2,2,3.0,2,2,2,2,3,3,3,2,3,3,1,2,2,2,2,2,3,3,2,2,2,2,2,2,2,2,2,0,3,3,2,3,2,2,2,2,1,2,2,2,2,3,1,1,2,2,2,3,2,2,3,3,2,3,2,2,2,3,2,2,3,2,2,1,3,3,3,3,3,2,2,2,2,2,2,3,2,1,3,2,3,3,2,2,2,2,2,1,2,2,3,3,3,2,2,2,2,2,2,2,3,2,2,2,3,3,3,3,2,2,2,2,3,3,2,2,1,2,2,2,2,2,2,2,1,2,2,2,2,2,2,3,3,2,3,2,2,3,3,2,2,3,2,2,2,0,2,2,1,2,2,2,3,2,3,2,2,2,3,2,3,3,2,2,1,1,2,1,2,3,2,2,3,2,3,3,3,2,2,2,3,3,2,3,3,3,2,3,2,2,2,3,2,2,2,3,2,3,2,2,3,2,3,3,3,2,3,3,2,2,2,2,1,3,2,3,3,2,3,2,2,3,3,3,3,2,2,0,3,2,3,1,3,3,2,2,2,2,2,2,2,2,2,2,2,3,2,2,3,2,3,2,2,3,3,3,2,2,2,2,2,2,2,3,2,3,2,3,2,3,2,3,3,3,2,2,2,3,3,2,3,2,2,2,3,2,3,3,3,1,3,3,2,3,2,3,2,3,2,2,3,2,2,2,3,3,3,2,3,2,3,2,2,2,3,3,3,2,2,2,3,2,2,2,2,2,3,2,2,2,3,2,3,2,3,3,3,3,3,4,3,2,3,3,3,3,3,3,3,2,3,2,3,3,4.0,3,1,2,3,3,2,2,2,3,2,2,2,1,2,2,0.0,,3.0,2,2,2,2,2,2,2,2,2,2,2,3,3,2,2,3,2,1,3,4.0,3,2,3,2,2,3,2,2,2,3,3,2,,2,3,2,2,2,2,,3,2,2,2,3,2,0.0,2,3,2,2,2,3,3,2,3,2,2,,3,3,2,2.0,2,2,3,3,2,3,2,3,3,2,0,1,2,2,2,2,3,3,2,2,3,3,1,3,2,3,0,3,2,2,3,3,3,2,3,2,2,2,2,3,2,3,4.0,3,,3,2,3,3,2,3,2,2,2,3,3,3,3,3,3,2,2,0,2,2,3,2,3,2,2,2,2,2,3,3,3,3,3,3,3,3,,3,3,2,3,3,3.0,2,3,3,3,3,3,3,3,2,3,,3,3,2,,4,3,2,3,3,2,3,3,3,3,3,,3,2,3,2,3,2,3,,2,4.0,,2,3,3,3,2,2,3,4.0,2,3,3,3,3,,3,,3,3,3,,2,4,4,,,4.0,,3,,3,3,3,3,3,2,3,3,4.0,2,2,3,,2,2,2,3,4,,,2,3,2,3,2,3,2,,3,2,1,,3,4.0,,3,2,,3,4.0,2,2,3,3,,4.0,2,,3,3,2,3,4.0,0,3,3,,0.0,,3,3,2,3,4.0,3,3,3,3,3,,2,3,3,3,3,3,3,,3,2,3,3,3,2,3,3,3,2,,2,3,3,3,,3.0,3,2,2,3,,3,3,3,3,,2,4.0,3,,4.0,,,,3,3,4.0,3,3,4.0,,3,,,,3,3,3,3.0,,4.0,3,3,,3,3,,,3,3.0,3,,4,,4.0,3,3,3,3,,3,3,3,4.0,3,2,2,3,3,2,2,4.0,3,3,3,2,3.0,2,,3,3,,4.0,2,,2,3,,,2,3,,3,4.0,,,,2,4,,3.0,3.0,2,,3,3,3,,3,4.0,,3,3,2,3,,2,3,,,,,3,2,3,,4,3.0,,3,3.0,3.0,,,3,3,,2,,,3,,3,3,4.0,,3,,,3,,,3,2,,,,2,,,4.0,,3,3,3,3,3,,3,3,3,3,,,3,3,3,,3,3,4.0,3,3,3,3,,3,2,3,1,3,3,4,3,3,,4.0,,,,,,3.0,,3,,2,2,4,3,3,3,3,3,3,4.0,4.0,,,3.0,2,3,,,3,,,3,2,,,3,,3,,3.0,4,3,3,,3,3,,4.0,2,2.0,,3,3,,,,,,4.0,,,3,3,,,,171,3,1.107034482758621,-0.6585493163195171
2,2,2,2,2,1,2,2,2,3,2,2,2,1,2,2,2,2,2,2,2,2,3,0,2,2,2,2,2,2,2,2,2,2,2,2,2,2,2,2,2,2,1,3.0,2,2,2,2,2,3,2,2,2,0,2,2,2,2,2,2,1,2,1,1,1,1,2,2,2,2,2,2,3,3,2,2,3,2,2,2,2,2,1,1,2,2,1,1,2,2,2,2,2,2,2,2,2,2,2,2,2,2,3,2,2,2,1,1,2,3,3,3,3,2,2,1,2,2,2,3,3,1,2,2,2,2,3,2,1,2,2,2,2,2,2,1,2,2,2,1,2,2,2,2,2,2,2,0,2,2,2,2,2,2,2,2,2,2,2,2,1,2,2,2,2,2,1,1,2,2,2,2,2,2,2,0,3,2,2,2,1,2,2,2,2,2,2,2,2,2,2,2,3,3,2,2,2,2,2,2,2,2,3,2,2,2,2,2,2,2,2,2,1,3,2,2,2,2,2,2,2,2,2,2,2,2,2,2,2,2,2,2,2,1,2,2,2,2,2,2,3,3,2,2,2,2,3,3,2,1,2,2,2,2,1,2,1,2,2,2,3,2,2,2,2,3,3,3,2,2,3,2,2,2,3,2,3,2,2,2,1,2,1,2,2,2,2,2,2,3,2,2,2,3,2,2,2,3,2,3,2,1,2,2,2,2,2,3,2,2,2,2,2,3,2,3,2,3,2,3,2,2,2,2,2,2,2,2,2,2,3,3,3,2,3,3,2,2,2,2,2,3,2,2,3,2,2,2,3,2,2,2,2,2,3,2,2,2,3,3,3,2,2,2,3,2,2,2,2,0,3,2,0,2,3,2,2,2,3,2,2,2,3,3,2,2,3,2,2,2,2,3,3,2,2,2,3,2,3.0,3,2,2,3,3,1,2,3,3,2,2,2,2,2,2,,,,2,2,2,0,2,2,2,2,2,2,2,2,2,2,1,2,2,1,2,3.0,2,2,3,2,2,3,2,2,2,2,3,2,,2,3,3,2,2,2,3.0,2,2,2,1,2,2,,2,3,2,2,2,3,3,2,3,2,2,,3,3,2,3.0,2,2,2,2,2,3,2,3,3,2,2,3,2,2,1,2,2,3,2,3,3,3,3,3,2,3,2,3,2,2,3,2,3,2,3,2,3,3,2,3,2,3,3.0,2,,2,2,3,3,2,3,2,2,1,3,3,2,2,3,3,2,2,3,2,2,1,2,2,2,2,2,2,2,3,3,3,3,2,3,2,2,,2,2,3,3,3,3.0,2,3,3,3,0,2,3,3,2,2,,3,2,2,,3,3,2,3,2,2,2,2,3,2,2,,3,2,3,3,3,2,3,,3,,,2,3,3,3,2,2,3,3.0,2,3,3,3,2,,2,,3,2,3,,2,3,3,2.0,,,,3,,3,3,3,3,2,2,3,2,3.0,3,2,3,,2,3,2,2,3,,,2,2,2,3,2,2,2,,3,2,3,,3,3.0,3.0,3,2,,2,3.0,3,2,3,2,,,2,,2,3,2,3,3.0,3,3,3,,,,3,3,3,2,0.0,3,3,3,2,3,,3,3,3,3,3,3,3,,3,2,3,3,3,2,3,3,3,2,,3,3,3,3,,,3,2,2,0,,2,2,3,3,,2,3.0,3,,,,,,3,3,,2,3,3.0,,2,,,,2,3,3,3.0,,3.0,3,3,,2,2,,,3,,3,,3,,,3,3,3,3,,3,3,3,,3,3,2,2,3,2,3,3.0,2,3,3,2,3.0,1,,2,3,,,3,,2,3,,,3,2,,3,,,,,2,3,,,,3,,3,3,3,,3,,,2,3,2,2,,2,3,,,,,3,3,3,,3,3.0,,3,3.0,3.0,,,3,3,,2,,,3,,3,3,,,3,,,3,,,3,2,,,,2,,,,,3,3,3,2,3,2.0,3,3,3,2,,,2,2,3,,3,3,,3,3,3,3,3.0,3,3,3,1,3,3,3,2,3,,3.0,,,,,,3.0,3.0,3,,2,2,3,3,3,2,3,3,3,,,,,,2,3,,,3,,,3,3,,,2,,3,,3.0,3,2,3,,3,3,,,3,,,3,3,,,,,,,,,3,3,,,,172,3,1.0842673869007426,-0.6807544665131147
2,2,2,2,2,1,2,2,2,3,2,2,2,2,2,2,2,2,2,2,2,2,3,2,3,3,3,2,2,2,2,2,3,3,3,2,2,3,3,3,3,2,1,4.0,2,2,2,2,2,2,2,2,3,2,2,2,3,2,2,3,1,2,1,2,1,2,2,3,2,2,2,2,3,3,2,3,3,2,2,2,2,2,1,1,1,2,2,1,3,2,2,2,3,2,3,2,2,3,2,2,2,3,3,2,2,1,2,1,2,3,3,3,3,2,2,1,2,2,2,3,3,1,3,2,2,2,3,2,2,2,2,2,2,2,2,2,3,2,3,2,2,2,2,2,2,2,2,2,3,2,2,2,2,2,2,2,2,2,2,2,1,2,2,2,2,2,1,2,2,2,2,2,2,2,2,3,3,2,3,2,2,1,2,2,2,3,2,2,2,2,2,2,3,3,2,3,3,3,3,2,3,2,3,2,3,3,2,2,2,2,2,2,1,3,2,2,2,2,2,0,3,2,2,2,2,3,2,2,2,2,2,2,2,2,2,2,2,2,3,3,3,3,2,2,2,2,3,3,3,2,2,2,2,2,1,2,1,3,2,3,3,2,2,2,3,3,3,3,2,0,3,2,1,2,3,3,3,2,2,2,2,2,2,1,2,2,3,2,2,3,2,2,2,3,3,2,0,3,0,3,2,2,2,2,2,2,2,3,2,2,2,3,2,3,2,3,2,3,2,3,2,2,3,2,3,2,2,2,3,2,3,3,3,2,3,3,2,2,2,3,2,3,2,2,3,2,2,2,3,2,3,2,2,2,3,2,2,2,3,3,3,2,2,2,3,2,2,2,2,3,3,2,0,2,3,2,2,1,2,2,2,2,3,3,2,2,3,2,2,2,1,2,2,2,2,2,2,2,3.0,3,2,2,3,3,2,2,3,3,2,2,2,2,2,3,4.0,,4.0,2,2,2,1,3,2,2,2,2,2,2,2,2,2,2,3,2,2,3,4.0,3,2,3,2,2,3,3,3,2,2,2,2,,2,3,3,2,2,2,,3,2,2,2,3,2,4.0,2,2,2,2,2,3,3,2,3,1,2,,3,3,2,4.0,2,2,3,2,2,3,2,3,3,2,2,3,0,2,2,1,2,3,2,3,3,3,3,3,3,3,2,3,2,2,1,2,3,2,3,3,2,3,2,3,2,3,4.0,3,,3,2,3,2,3,3,2,3,2,3,3,2,2,3,3,3,2,3,2,2,3,2,3,2,2,2,2,2,3,3,3,3,2,4,2,2,,3,3,3,3,3,3.0,2,3,3,3,2,3,3,3,2,2,,2,2,2,,3,3,2,3,3,2,3,2,2,3,1,,3,2,2,3,3,2,3,,3,,,2,3,3,2,2,2,3,4.0,1,3,3,3,3,,3,,3,3,3,,2,3,3,,,3.0,,3,,3,3,3,3,2,2,3,0,3.0,3,2,3,,2,3,2,3,3,,,2,2,3,3,2,2,2,,0,2,3,,3,2.0,,3,3,,2,3.0,3,2,3,2,,,2,,2,3,3,3,3.0,3,3,3,,,,3,3,3,2,4.0,3,3,3,2,3,,3,3,2,3,3,3,3,,3,2,3,2,3,2,3,3,3,2,,2,3,3,3,,4.0,3,2,2,3,,3,2,3,2,,2,4.0,3,,3.0,,,,3,3,4.0,2,3,3.0,,3,,,,3,3,3,3.0,,4.0,3,2,,3,2,,,3,,3,4.0,3,,,3,3,3,3,,3,3,3,4.0,3,2,2,2,3,2,3,3.0,3,3,3,2,3.0,2,,3,3,,4.0,2,,2,3,,,3,3,,3,4.0,3.0,,,3,3,3.0,4.0,4.0,3,,3,3,3,,3,4.0,,3,3,2,3,,2,3,,,,,3,3,3,,3,0.0,,3,,3.0,,,3,3,,3,,3.0,3,,3,3,4.0,,3,,,3,,,3,3,,,,3,,,3.0,,3,3,3,3,3,,3,4,3,2,,,3,3,3,,3,3,4.0,3,3,3,3,,3,3,3,1,3,3,3,3,3,,4.0,,,,3.0,,3.0,,0,,3,2,3,3,3,2,4,3,3,,,2.0,,,2,3,,,4,,,3,3,,,3,,3,,4.0,3,3,3,,3,3,,3.0,3,,,3,3,3.0,,,,,4.0,,,3,3,,,3.0,173,3,1.0821574574706583,-0.6629406702851106
3,3,1,0,1,1,1,2,2,3,2,2,2,2,3,2,2,2,2,2,2,2,3,2,3,2,3,3,2,2,3,2,3,3,3,2,2,3,3,3,3,2,2,3.0,2,2,2,2,3,3,3,3,3,2,2,2,2,1,1,2,3,2,2,2,2,2,2,3,2,2,3,3,3,3,2,3,3,2,2,2,2,2,2,2,2,3,2,2,2,1,2,2,3,3,3,3,2,2,2,2,2,3,0,2,3,2,2,1,2,3,3,3,3,2,2,2,2,3,3,3,3,2,3,2,2,3,2,3,2,2,3,2,2,2,3,3,3,2,2,2,2,2,2,3,3,1,3,2,3,3,3,3,2,2,2,2,3,2,2,2,1,2,0,2,2,2,2,3,2,2,2,3,2,2,1,2,3,2,3,2,2,2,3,1,2,3,2,2,2,2,2,2,2,2,1,2,3,3,2,3,2,2,3,2,3,3,2,2,2,2,2,2,2,3,2,2,3,3,2,3,2,2,2,2,3,3,2,3,2,3,2,3,2,2,1,3,2,2,2,2,2,3,2,2,3,2,3,3,3,1,2,3,2,2,2,2,2,3,2,3,3,2,3,2,2,3,3,3,3,2,3,2,2,3,3,0,3,3,2,2,2,2,2,2,2,2,2,2,2,3,2,3,3,3,3,2,2,3,3,3,2,2,2,2,2,2,2,3,2,3,2,3,3,3,2,3,3,3,2,2,2,1,3,1,3,3,2,2,3,2,3,1,3,2,3,3,3,2,2,3,2,3,3,2,3,3,2,3,3,2,3,2,3,2,3,2,2,2,3,3,3,2,2,2,3,2,2,2,2,3,3,2,3,2,3,2,2,2,3,2,2,3,3,3,3,3,3,3,2,2,3,3,2,2,3,2,3,2,3.0,3,2,2,3,3,2,1,3,3,2,3,2,1,1,2,,,3.0,2,2,2,2,2,3,2,2,3,2,2,3,2,2,2,3,2,1,2,4.0,3,2,3,2,2,3,3,3,3,3,3,3,,2,3,2,2,3,2,,3,2,2,2,3,2,,2,3,2,2,2,2,3,3,3,2,2,,3,3,2,4.0,2,2,2,3,3,3,2,3,3,2,2,3,2,2,2,2,3,3,2,3,3,3,3,3,2,3,2,4,3,2,3,2,3,3,3,2,2,2,2,3,2,3,4.0,3,,3,2,3,3,3,3,2,2,2,3,3,3,3,3,3,3,2,3,2,2,3,2,3,2,2,2,3,2,3,3,3,3,3,4,3,3,4.0,1,3,2,3,3,4.0,2,3,3,2,3,3,3,3,3,3,,3,3,3,,3,3,2,2,3,2,3,2,3,3,3,,3,2,3,3,3,2,3,,3,,,3,2,4,2,2,2,3,4.0,2,3,3,3,2,4.0,3,,3,3,3,,3,3,4,,0.0,4.0,,3,,0,3,3,3,3,2,3,3,4.0,3,3,3,,3,3,2,3,3,,,1,3,2,3,1,2,3,,3,2,3,,3,4.0,,3,3,,3,4.0,2,2,3,3,,,2,,3,3,2,3,4.0,2,3,3,,,,3,3,2,3,4.0,3,3,3,3,3,,3,3,3,1,4,4,3,,3,2,3,3,3,2,3,3,3,3,,2,3,3,3,,3.0,3,2,2,3,,3,3,3,3,,3,4.0,3,,4.0,3.0,3.0,,3,2,4.0,3,2,4.0,,3,,,,3,3,3,4.0,,4.0,3,3,,4,3,4.0,,3,,3,,3,4.0,,3,4,3,3,,3,2,3,4.0,3,3,2,3,3,2,3,4.0,2,3,3,3,4.0,2,,3,3,,4.0,2,,2,3,,0.0,2,2,,3,4.0,,,,2,3,,,3.0,2,,3,4,3,,3,4.0,,3,3,0,3,,2,3,,,,0.0,2,3,3,,3,4.0,,3,,4.0,,3.0,3,4,,2,,,3,,3,2,4.0,,3,,,3,,,3,2,,4.0,2.0,2,,,4.0,,3,3,3,3,3,,3,3,2,3,,,3,3,3,,2,3,4.0,3,3,3,3,,3,3,3,1,3,3,3,3,3,,4.0,,,,,,4.0,,3,,2,2,3,3,3,3,4,3,3,,,,,,2,3,,,3,,,3,2,,,3,0.0,3,,3.0,4,3,3,,3,3,,4.0,3,4.0,,2,3,,,,,,4.0,,,3,1,,,,174,3,1.0978405758464411,-0.6669632245055993
3,2,2,2,1,2,2,2,2,3,2,2,2,2,2,2,2,1,2,2,2,2,3,2,2,2,2,1,1,2,2,2,2,2,2,2,2,2,2,2,2,2,2,3.0,2,2,2,2,2,3,3,2,3,3,2,2,3,2,2,2,3,2,1,2,2,2,2,2,2,2,3,3,3,2,2,3,3,2,2,2,2,2,2,2,2,2,2,1,3,2,2,2,2,2,2,3,2,3,3,2,2,3,3,3,3,2,2,1,2,3,3,3,3,1,2,2,1,2,2,3,3,1,3,2,2,2,3,2,2,2,3,2,2,2,2,2,2,2,3,2,2,2,2,2,3,2,2,2,3,3,2,2,2,2,2,2,3,3,2,1,0,2,2,2,2,2,1,2,1,2,1,1,2,1,2,3,2,2,2,2,2,2,3,2,2,3,2,2,2,2,2,2,3,3,2,2,3,2,3,3,2,2,3,2,3,3,2,2,2,2,2,2,2,2,1,2,1,2,2,3,3,2,2,2,2,3,2,3,2,2,2,2,2,2,2,3,1,2,2,3,2,2,2,2,3,2,3,3,2,2,2,2,2,2,2,2,1,3,2,2,3,2,2,2,2,1,2,0,2,1,3,2,3,2,2,2,3,3,2,2,2,2,1,2,2,2,3,2,2,3,2,3,2,3,3,2,2,3,1,2,2,2,3,2,3,3,0,3,2,3,2,2,2,3,2,3,2,2,2,2,2,2,3,2,3,2,2,1,3,2,3,3,3,2,3,3,2,2,2,2,2,3,2,2,3,2,2,2,3,3,3,2,1,2,3,1,2,2,3,2,2,2,2,2,3,2,1,2,2,3,2,2,2,2,2,2,3,2,3,3,2,3,3,3,3,3,3,3,3,3,3,3,3,2,3,2,3,3,4.0,2,2,2,3,3,2,2,3,3,3,2,2,2,2,2,,,0.0,2,2,2,2,3,2,2,2,2,2,2,2,2,2,2,3,2,2,2,3.0,2,2,3,1,2,3,2,3,2,2,2,2,,2,3,2,1,2,2,,2,2,2,2,2,2,,2,3,2,2,2,3,2,2,3,2,2,,3,3,2,4.0,1,2,3,2,2,2,2,3,3,2,2,2,2,2,2,2,3,3,2,2,3,3,3,3,2,3,2,3,2,2,3,3,3,2,3,2,3,3,2,3,2,3,4.0,3,,2,2,3,3,1,3,2,2,1,3,3,2,3,3,3,3,2,2,2,2,2,2,2,2,1,2,2,2,3,3,3,3,3,3,2,3,,2,3,3,3,3,3.0,2,3,3,3,3,3,3,3,2,2,,3,3,2,,4,3,2,3,2,2,2,2,2,3,3,,3,2,3,3,3,2,3,,3,,,2,2,3,3,2,2,3,4.0,2,3,3,3,3,4.0,3,,3,3,3,,3,3,3,,,4.0,,3,,3,3,3,3,2,2,2,2,4.0,3,3,3,,2,3,2,2,3,4.0,,2,2,2,3,2,2,2,,3,2,3,,3,3.0,,3,3,0.0,2,3.0,3,2,3,3,,,2,,3,3,3,3,4.0,3,3,3,,,,2,3,2,3,4.0,3,3,3,3,3,,3,3,3,3,0,3,3,,3,0,0,2,3,2,2,3,3,2,,3,3,3,3,,4.0,3,2,2,3,,3,3,3,3,,3,4.0,3,,3.0,,,,3,3,4.0,3,3,3.0,,3,,,,3,3,3,3.0,,4.0,3,3,,3,3,,,3,,3,,3,,,3,3,2,3,4.0,3,3,3,4.0,3,3,2,3,3,2,3,3.0,3,3,3,2,3.0,1,1.0,2,3,,4.0,3,,1,3,,,3,3,,3,4.0,,,,3,3,,,3.0,3,,3,3,3,,3,4.0,,3,2,2,3,2.0,2,3,,,,,3,3,3,,4,3.0,,3,,3.0,,,2,3,,2,,,3,,3,3,4.0,,3,,,2,,,3,2,,,,3,,,4.0,,3,3,3,3,3,,3,3,3,2,,,3,3,3,,3,3,4.0,3,3,3,3,,3,3,3,2,3,3,3,3,3,,4.0,,,,,4.0,3.0,,3,,3,0,3,3,2,3,3,3,3,,,,3.0,,2,3,,,3,,,3,2,,,3,,3,,4.0,3,3,3,,3,3,,3.0,3,,,3,3,,,,,,0.0,,,3,3,,,,175,3,1.127668365238948,-0.6771491122767676
2,3,2,2,2,1,2,3,2,3,2,2,3,1,2,2,2,2,2,2,2,2,3,2,2,3,2,3,2,2,2,3,3,3,3,2,2,3,2,3,2,2,2,4.0,2,2,2,0,2,3,3,3,3,2,2,2,2,2,2,2,2,2,2,2,2,2,2,3,3,2,3,3,3,3,2,3,2,3,2,2,2,2,2,2,2,3,2,2,1,0,2,2,2,2,3,3,1,3,3,2,2,3,2,2,2,2,2,1,2,3,3,3,3,2,2,2,2,2,3,3,3,2,2,2,3,3,3,2,2,2,3,2,2,2,3,2,2,2,2,2,2,2,2,3,3,2,3,2,2,2,2,3,2,2,2,3,2,2,1,1,1,2,2,2,2,2,2,3,2,1,2,2,2,2,2,3,3,2,3,1,2,2,2,2,2,3,3,2,2,2,2,2,3,2,2,2,3,2,3,2,2,2,3,3,3,3,2,2,2,2,2,2,2,3,2,1,2,3,2,3,2,2,2,3,3,3,2,3,3,3,2,2,2,2,2,0,2,2,1,2,2,2,2,2,2,2,3,3,3,2,2,2,1,3,2,2,2,3,2,2,3,2,2,2,3,3,3,3,2,2,3,2,2,2,3,2,3,3,2,2,2,2,2,2,2,2,2,3,3,3,2,3,3,3,3,2,2,3,3,3,2,2,1,2,2,2,2,3,2,3,3,3,3,3,2,3,3,3,2,2,2,0,2,2,3,2,2,2,3,2,3,3,3,2,3,3,2,2,2,2,2,3,2,2,3,2,2,2,3,2,3,2,2,3,3,2,2,2,3,3,2,2,2,2,3,2,2,2,2,2,3,2,3,3,3,2,2,2,2,2,2,2,3,3,3,1,3,2,2,2,2,3,3,2,1,2,3,2,3.0,3,2,2,3,3,2,2,3,3,2,2,3,2,1,2,4.0,,3.0,2,2,2,2,3,3,2,3,3,3,2,2,2,2,3,3,3,1,3,3.0,2,2,3,0,2,3,2,2,2,2,1,2,,2,3,3,2,3,2,,2,2,2,2,2,3,,2,3,2,2,3,2,3,3,3,2,2,,3,3,2,3.0,2,2,2,2,3,3,2,3,3,2,2,3,2,2,2,2,3,3,2,3,3,3,3,3,3,3,2,4,3,2,3,3,2,3,3,2,2,3,2,3,2,3,4.0,3,,2,2,3,3,3,3,2,3,2,3,3,3,3,3,3,3,2,3,3,3,3,1,3,2,2,2,3,2,3,3,3,3,3,4,3,3,,2,3,2,3,3,4.0,3,3,3,3,3,3,3,3,3,3,,2,3,3,,3,3,3,3,3,2,3,2,2,3,3,,3,2,3,3,3,2,3,,3,,,3,3,3,2,2,3,3,4.0,2,3,3,3,2,,3,,3,3,3,,3,3,4,,,4.0,,3,,3,3,3,3,3,3,3,3,3.0,3,3,3,,3,3,3,3,3,,,2,3,3,3,2,3,3,,3,3,3,4.0,3,3.0,,3,3,,3,4.0,3,2,3,3,,,2,,3,3,3,3,3.0,3,3,3,,,,3,3,3,3,4.0,3,3,3,3,3,,3,3,3,3,4,3,3,,2,2,3,3,3,2,3,3,3,3,,2,3,3,3,,0.0,3,2,2,3,,3,3,3,3,4.0,3,4.0,3,,3.0,,,,3,3,4.0,3,3,4.0,,3,4.0,,,3,3,3,4.0,3.0,4.0,3,3,,3,3,,,3,,3,,4,,,3,3,2,3,,3,2,3,4.0,2,3,2,3,3,0,3,3.0,3,3,4,3,3.0,2,,3,3,,4.0,2,0.0,2,4,,,2,3,,3,4.0,,,,2,3,,,3.0,2,,3,3,3,0.0,3,4.0,,2,3,2,3,3.0,2,3,,,3.0,,3,3,3,,3,4.0,,3,,4.0,,,3,4,,2,,,3,,3,3,4.0,,3,,3.0,3,,,3,2,,,,2,,,4.0,,3,3,3,3,3,,3,4,3,3,,,3,3,3,,3,3,4.0,2,3,3,3,,3,2,2,2,1,0,4,3,3,,3.0,,,,,,3.0,,3,,3,3,3,3,3,3,3,3,4,,,,,,2,3,,,3,,,3,1,,,3,,2,,3.0,4,2,3,,3,3,,4.0,3,,,3,3,,,,,,4.0,,,3,3,,,,176,3,1.1126331811263321,-0.6862816274705908
2,2,2,2,2,2,2,2,3,3,2,2,2,2,2,2,2,2,2,2,2,2,3,2,3,3,3,2,2,2,2,2,3,3,3,2,2,3,3,3,3,2,2,3.0,2,2,2,2,2,2,2,2,3,2,1,2,2,1,1,2,2,2,2,1,1,2,2,3,2,2,2,2,3,2,2,3,3,2,2,2,2,1,1,1,2,3,2,1,2,2,2,2,1,2,2,2,1,3,3,2,2,2,2,2,2,1,1,2,2,3,3,3,3,2,2,2,2,2,2,3,3,1,3,2,2,2,2,2,1,2,2,2,2,2,3,2,2,1,2,2,2,2,2,2,2,2,2,2,3,2,2,2,1,2,2,2,2,2,2,2,1,2,2,2,2,1,1,2,2,2,2,2,2,2,2,2,3,2,2,2,2,2,3,1,2,3,2,2,2,2,2,1,2,2,2,2,2,2,2,2,2,2,0,2,1,2,2,2,2,2,2,1,1,3,2,1,3,3,2,2,1,2,2,0,2,2,2,2,2,2,2,3,2,2,2,2,2,2,1,3,2,3,2,2,2,2,3,3,3,2,3,2,1,2,2,2,1,3,2,2,3,2,2,2,3,3,3,3,2,2,3,2,2,3,3,3,3,3,2,2,2,2,2,1,2,1,2,2,2,3,2,3,2,3,3,2,2,3,2,3,2,2,2,1,0,2,2,3,2,2,2,2,3,3,2,3,2,3,2,3,2,2,3,3,3,2,2,2,3,2,3,2,3,2,3,3,2,2,2,2,2,3,2,2,3,2,2,2,3,2,2,2,2,2,3,0,2,2,3,3,3,2,2,2,2,0,2,2,2,2,3,2,2,2,3,2,2,2,3,2,2,3,3,3,3,3,3,3,2,2,3,3,3,2,3,2,3,3,3.0,3,2,2,3,3,2,1,3,3,1,2,2,2,0,3,4.0,4.0,3.0,2,2,2,2,3,2,2,2,2,2,2,3,3,2,2,3,2,2,2,4.0,3,2,3,2,2,3,2,3,2,3,3,3,,2,3,3,2,2,2,,2,2,2,2,3,2,4.0,2,3,3,2,2,3,3,3,3,2,2,,3,3,2,4.0,2,2,2,1,2,3,2,3,3,2,2,3,0,2,2,2,2,3,2,2,3,3,3,3,3,3,2,3,2,2,3,2,3,2,3,3,2,3,1,2,2,3,4.0,3,,3,2,3,3,3,3,2,2,2,3,3,3,3,3,3,3,2,3,2,2,2,2,3,2,2,2,2,2,3,3,3,3,2,3,2,2,,2,3,2,3,3,3.0,2,2,3,2,3,3,3,3,2,2,,3,3,2,,3,3,2,2,3,2,3,2,3,2,2,,3,3,3,2,3,2,2,,2,,,2,3,3,2,2,2,3,4.0,2,3,3,3,2,,3,,3,3,2,,3,3,3,,,4.0,,2,3.0,3,3,3,3,2,2,3,2,4.0,3,2,3,,3,3,2,2,3,,,2,3,2,3,2,3,2,,3,3,1,3.0,3,4.0,,3,3,,1,3.0,2,0,3,3,,,2,,2,3,2,3,3.0,2,3,3,,,,2,3,3,3,4.0,3,3,3,3,3,,2,3,3,3,3,3,3,,3,2,3,3,3,2,3,3,3,3,,2,2,3,3,,4.0,3,2,2,3,,3,2,3,3,,2,4.0,2,2.0,4.0,,,,3,3,4.0,3,3,3.0,,2,,,,2,3,3,3.0,,4.0,3,3,,3,2,,,3,,3,,3,,,3,3,3,3,,3,2,3,4.0,2,2,1,3,3,2,3,3.0,2,3,3,2,3.0,1,,3,3,,4.0,2,,2,3,,,2,3,,3,4.0,,,4.0,3,4,,,3.0,2,,3,3,2,,0,3.0,,2,3,2,2,,1,3,3.0,,,4.0,2,3,3,,3,3.0,,3,,3.0,,,2,3,,2,,,3,,2,3,3.0,,3,,,2,,,3,2,,,,2,,,4.0,,3,3,3,0,2,,3,4,3,2,,,2,2,3,,2,3,4.0,2,3,3,3,,3,3,3,2,3,3,3,3,3,,4.0,4.0,,,,,3.0,,3,,2,2,4,3,3,3,3,2,3,,,,,,2,3,,4.0,4,,3.0,3,2,3.0,,2,,3,,3.0,3,3,3,,3,3,,4.0,3,,,2,3,4.0,,,,,4.0,,3.0,3,3,,,,177,3,1.0948173546089939,-0.6714633558542633
3,3,2,2,2,1,3,2,2,3,2,3,2,1,3,2,3,2,2,2,2,2,3,2,2,2,2,2,2,2,2,3,3,3,3,2,2,3,3,2,3,2,2,3.0,2,2,3,2,3,3,3,3,2,3,2,2,2,2,2,2,3,3,1,2,2,2,3,3,2,2,0,3,3,3,2,3,3,2,2,2,2,2,2,2,2,3,1,2,3,2,2,3,3,2,2,3,2,3,2,2,2,3,3,2,3,2,2,1,2,3,3,3,3,2,2,2,3,2,3,3,3,2,3,3,3,2,3,3,2,2,3,2,2,2,3,2,3,2,2,3,2,2,2,2,3,2,3,2,3,3,3,2,2,2,2,3,3,2,2,2,1,3,3,2,2,2,2,3,2,2,2,2,2,2,2,3,3,2,3,2,2,3,3,2,2,3,3,2,3,2,2,2,2,3,2,2,3,2,3,3,3,2,3,3,3,3,2,2,3,2,2,2,2,3,2,2,2,3,2,3,3,3,2,3,3,2,2,3,3,3,2,3,2,2,2,3,2,2,2,3,3,3,2,3,3,2,3,3,3,2,3,2,2,3,3,2,2,3,2,3,3,2,2,2,3,3,3,3,2,2,3,2,3,3,2,3,3,3,2,2,2,0,2,2,2,2,2,3,3,4,2,3,2,3,3,2,2,3,3,3,2,1,2,2,3,2,2,3,2,3,2,3,2,3,2,3,3,3,2,3,3,3,3,3,3,3,2,2,3,2,3,3,3,2,3,3,3,2,2,3,2,3,2,2,3,3,2,3,3,2,2,2,0,3,3,2,2,2,3,3,3,2,2,3,3,3,2,2,2,3,3,2,2,3,3,2,3,2,3,3,3,3,3,3,3,3,3,3,3,3,3,3,3,2,3,2,3,3,3.0,3,2,3,3,3,2,2,2,3,2,3,2,2,3,3,,,4.0,2,2,3,2,3,3,2,2,3,2,2,2,2,2,3,4,3,3,3,3.0,2,2,3,2,2,3,3,2,2,2,3,2,,2,3,3,2,2,3,,3,2,2,3,3,3,,2,3,2,2,3,3,3,3,3,3,2,,3,3,2,4.0,2,2,3,3,0,3,3,3,3,2,3,3,2,2,1,2,3,3,2,3,3,3,3,3,2,3,2,4,3,2,3,3,4,3,3,2,3,3,2,3,2,3,4.0,3,,3,2,3,3,3,4,2,3,3,3,3,3,3,3,3,3,2,3,3,2,3,2,3,3,3,2,3,2,3,3,3,3,3,4,3,3,,3,2,3,3,3,4.0,3,3,3,3,2,3,4,0,2,3,,3,2,3,,3,3,3,3,3,3,2,2,3,3,3,,3,2,3,3,3,2,3,,3,,,3,3,0,3,2,3,3,4.0,3,4,3,3,3,,3,,3,3,3,,3,4,4,,,4.0,,3,,3,3,3,3,2,3,3,3,4.0,3,3,3,,3,3,3,3,3,,,3,2,3,3,3,2,3,,0,3,3,,3,4.0,,3,3,,2,4.0,3,2,0,3,,,0,,3,3,3,3,4.0,1,3,3,,,,3,3,3,2,4.0,3,4,3,2,3,,3,2,3,3,3,3,3,,3,2,3,3,3,2,3,3,3,2,4.0,2,3,4,3,,4.0,3,2,2,3,,3,3,3,3,4.0,3,4.0,3,,4.0,,,2.0,3,3,4.0,3,3,4.0,,3,,,,3,3,4,4.0,,4.0,3,3,,4,3,,,3,,4,,4,,,3,4,3,4,,3,3,3,4.0,3,3,2,3,0,2,3,3.0,3,3,3,2,4.0,2,,2,3,,4.0,3,,2,4,,,3,3,,3,4.0,,,,2,4,,,4.0,3,,3,4,3,,3,4.0,,3,4,2,3,,2,3,,,,,3,3,3,,4,4.0,,3,,4.0,,,3,3,,3,,,3,,3,3,4.0,,3,,,3,,,3,3,,,,3,,,4.0,,3,4,3,3,3,,3,3,3,3,,,3,3,3,,3,3,4.0,3,3,3,3,,3,3,3,2,3,3,4,3,3,,3.0,,,,,,4.0,,3,,2,3,3,3,3,3,3,3,3,,,,,,2,3,,,3,,,3,3,,,3,,3,,4.0,4,3,3,,3,4,,4.0,3,,,1,3,,4.0,,,,4.0,,,3,3,,,,178,3,1.089130700574643,-0.6376860337507689
2,2,2,2,2,1,3,3,3,3,2,2,2,2,2,2,2,2,2,1,2,2,3,2,3,3,3,2,2,2,2,2,3,3,3,2,2,3,3,3,2,2,2,4.0,2,2,2,3,3,0,2,2,3,2,3,3,3,2,2,2,2,2,2,2,2,3,2,3,2,2,2,2,3,2,2,3,3,2,2,2,2,2,1,2,1,3,2,1,3,2,2,3,2,3,3,3,2,2,3,2,2,3,3,2,2,2,1,2,2,3,2,0,3,2,2,2,2,2,3,3,3,1,3,3,2,2,3,2,2,2,2,2,2,2,3,3,3,2,3,3,3,2,1,2,2,2,3,2,2,3,2,2,1,0,2,2,2,2,2,2,1,2,2,2,3,2,2,3,2,2,2,3,2,2,2,3,3,3,3,1,2,2,3,2,2,3,2,2,2,2,2,2,3,3,3,3,3,3,3,2,3,2,3,2,3,3,3,3,2,2,2,2,2,3,2,2,3,2,2,3,3,2,2,2,2,3,2,2,2,2,2,3,2,2,2,3,2,2,3,3,3,3,2,2,3,2,3,3,2,2,3,3,2,2,2,2,1,3,2,3,3,2,2,2,3,2,3,3,2,2,3,2,2,3,3,3,3,3,2,2,2,2,2,1,2,2,3,2,2,3,2,2,3,3,3,2,2,3,3,3,2,2,3,2,2,3,2,3,2,2,2,3,2,3,2,3,2,3,2,2,2,2,3,2,3,2,2,2,3,2,3,3,3,2,3,3,2,2,2,3,2,3,2,3,3,0,2,2,3,2,3,2,3,1,3,2,2,2,3,3,3,2,2,2,3,2,2,2,2,3,3,2,2,2,3,2,2,2,3,2,3,2,3,3,3,3,3,3,2,3,3,3,3,2,2,2,3,3,3.0,3,2,2,3,3,2,2,3,3,3,3,3,2,2,3,4.0,,4.0,2,3,2,2,3,2,2,2,2,2,2,3,3,2,2,3,2,1,3,4.0,3,2,3,2,2,3,3,3,2,3,3,3,,2,3,3,2,2,3,,3,2,2,2,3,2,,2,3,3,2,2,3,3,2,3,2,1,,3,2,2,4.0,2,3,3,3,3,3,2,4,3,2,2,2,2,2,2,2,2,3,3,3,3,3,3,3,3,3,2,3,3,2,3,3,2,2,3,3,3,3,2,3,2,3,4.0,3,,2,2,3,3,3,3,2,3,2,3,3,3,3,3,3,3,3,3,2,2,3,2,3,0,2,2,2,2,3,3,2,3,2,4,2,0,,3,3,3,3,3,3.0,2,3,3,3,2,3,3,3,2,3,,3,2,2,,3,3,3,3,3,2,3,3,3,3,2,,3,3,3,3,3,2,3,,3,,,2,3,3,3,3,1,3,4.0,1,3,4,3,0,,3,,3,3,3,,3,3,4,,,4.0,,3,,3,3,3,3,2,2,3,3,4.0,3,2,3,,3,3,2,3,4,,,2,3,3,3,2,3,3,3.0,3,3,3,,3,4.0,,3,3,,2,4.0,3,3,3,3,,,2,,2,3,3,3,3.0,3,3,3,,,,3,3,3,3,2.0,3,3,3,3,3,,3,3,3,3,3,3,3,,3,2,3,2,3,2,3,3,4,3,,3,3,3,3,,4.0,3,2,2,3,,3,2,3,3,,3,4.0,3,2.0,4.0,,,,3,3,4.0,2,3,3.0,,3,,3.0,,3,3,4,4.0,,4.0,3,3,,4,3,,,3,4.0,3,,4,,,2,3,3,3,,3,3,3,4.0,3,3,3,3,3,2,3,3.0,3,3,3,3,4.0,2,,3,3,,4.0,3,,0,3,,,3,3,,3,4.0,,,,3,3,,,4.0,3,,3,3,3,,3,4.0,2.0,3,3,2,3,,2,3,,,,,3,3,3,,3,4.0,,3,,4.0,,,3,3,,3,,,3,,3,3,4.0,3.0,2,,,3,,,3,2,0.0,,,3,,3.0,4.0,,3,3,3,3,3,,3,4,3,3,,,3,3,3,,3,3,4.0,3,3,3,3,,3,3,3,1,3,3,2,3,3,,4.0,,,,,,4.0,,3,,3,3,3,3,3,3,4,3,0,,4.0,,,,2,3,,,4,,,3,3,,,3,,3,,4.0,3,3,3,,3,3,3.0,4.0,3,,,3,3,,,,,,4.0,,,3,3,,,,179,3,1.0945875618006768,-0.640634742057676
2,3,2,2,2,1,2,2,2,2,2,2,2,2,3,2,2,2,2,2,2,2,3,2,2,2,3,2,2,1,2,2,2,2,2,2,2,2,2,0,2,2,2,3.0,1,2,2,2,2,2,3,2,3,3,2,2,3,2,2,2,3,2,1,2,2,2,2,2,2,2,2,1,3,3,2,3,3,2,3,2,2,2,2,2,1,2,1,2,2,2,2,3,2,2,3,3,2,2,2,2,2,3,2,2,1,2,2,2,3,3,3,3,3,2,2,2,2,2,3,3,3,2,3,3,2,2,3,2,2,2,3,2,2,2,2,2,3,2,2,2,2,2,1,2,2,2,2,2,2,3,2,1,2,2,2,2,3,2,2,2,1,2,2,2,2,2,1,3,2,2,2,2,2,2,2,3,3,2,3,2,2,2,3,2,2,3,3,2,2,2,2,2,2,2,2,2,3,3,3,3,3,2,3,2,3,3,2,3,2,2,2,2,2,2,2,2,2,2,2,3,3,2,2,2,3,3,2,3,3,2,2,3,3,2,2,2,2,2,1,3,3,3,2,2,3,2,3,3,3,2,2,2,2,2,2,2,2,3,2,3,3,2,2,2,2,3,3,3,3,1,3,2,2,3,3,2,3,3,3,2,2,2,2,2,3,2,2,3,0,3,2,3,3,2,3,2,2,3,3,3,2,2,2,2,3,2,2,3,2,3,2,3,2,3,2,3,3,3,2,3,2,2,2,0,3,3,2,3,3,2,3,2,3,2,3,3,3,3,2,2,2,3,2,3,3,3,3,3,3,3,3,2,3,2,3,2,2,2,2,3,2,2,2,2,3,2,2,2,2,3,3,2,2,2,2,2,2,2,3,2,3,3,3,3,3,3,3,3,3,3,3,3,3,2,3,2,3,3,3.0,3,2,2,3,3,2,2,2,3,0,2,3,1,2,3,,,4.0,2,2,2,2,2,2,2,2,3,2,2,3,2,2,2,2,2,1,3,4.0,3,2,3,2,0,3,3,3,2,2,2,2,,2,3,3,2,0,2,,2,2,2,2,3,2,,3,3,2,2,3,3,3,2,3,2,2,,3,3,2,4.0,2,2,3,3,3,2,2,3,3,1,3,3,2,2,2,2,2,3,2,2,3,3,3,3,2,3,1,3,2,2,2,3,3,2,3,3,2,2,2,3,2,3,4.0,3,,2,2,3,3,2,3,2,3,1,3,3,3,3,3,3,3,2,3,3,2,3,2,3,2,2,2,2,2,3,3,3,3,3,3,2,2,,3,3,3,3,3,4.0,3,3,3,2,2,2,3,3,2,3,,3,3,2,,3,3,2,3,3,2,2,2,3,2,3,,3,2,3,3,3,2,2,,3,,0.0,3,3,3,3,2,2,3,4.0,2,3,3,3,3,,3,,3,3,3,,3,3,4,,,4.0,,3,,3,3,3,3,3,3,3,2,4.0,3,3,2,,3,3,2,3,3,,,2,2,3,3,3,2,2,,3,3,2,3.0,3,3.0,,3,3,,2,4.0,2,3,3,3,,,2,,3,3,3,3,4.0,3,2,3,,,,3,3,2,2,4.0,3,3,3,3,3,,3,3,3,2,3,3,3,,3,2,4,3,0,2,3,3,3,2,,3,3,3,3,,3.0,3,2,2,4,,3,3,3,2,,2,4.0,3,4.0,4.0,,,,3,0,4.0,3,3,3.0,,3,,,,3,3,3,3.0,4.0,4.0,3,3,,3,3,,,3,,3,4.0,4,,,3,4,3,3,,3,3,3,3.0,3,3,2,3,2,2,3,4.0,3,3,4,2,3.0,2,,3,3,,4.0,3,,2,3,,,3,2,,3,4.0,4.0,,,3,3,,,3.0,3,,3,3,3,,3,4.0,3.0,3,3,2,3,,2,3,,,,3.0,3,3,3,,3,4.0,,3,,4.0,,,3,3,,2,,,3,,3,3,4.0,,3,,,3,,,3,3,,,,3,,,4.0,,3,3,3,3,3,3.0,3,3,3,3,,,3,3,3,,3,3,4.0,3,3,1,3,,3,2,0,2,3,3,3,3,3,,4.0,,,,,,4.0,,3,,3,3,3,3,3,3,3,3,3,,,,,,2,3,,3.0,3,,,3,2,,,3,4.0,3,,4.0,4,3,3,,3,3,3.0,4.0,3,,,3,3,,,,,,4.0,,,3,3,,,,180,3,1.1055365686944636,-0.6958620810719033
3,3,2,2,2,1,2,2,2,2,3,2,2,2,2,3,2,2,2,1,3,2,3,2,1,2,2,2,2,2,2,2,2,3,0,2,2,2,2,2,2,0,2,3.0,1,3,3,2,1,3,3,2,3,2,2,2,2,2,2,2,2,2,2,2,2,2,2,3,3,3,3,3,3,3,2,3,2,2,3,3,3,2,2,2,2,3,2,2,3,2,3,3,3,2,1,2,2,3,3,3,3,3,2,2,3,2,2,2,3,3,3,3,3,2,2,2,3,2,3,3,2,1,3,3,3,2,3,3,2,2,3,2,2,2,3,3,3,2,3,3,3,2,2,2,3,2,3,3,3,3,3,2,2,2,2,2,3,2,3,3,2,2,3,2,3,2,1,1,2,2,2,2,2,2,2,3,2,2,3,3,2,2,2,2,2,3,3,3,3,3,3,2,2,3,2,2,2,3,2,2,2,2,3,2,2,2,2,2,2,2,2,1,2,2,2,2,3,3,2,3,3,3,3,3,3,3,2,3,3,3,2,3,1,2,2,3,2,3,3,3,3,3,2,2,3,2,3,2,3,2,3,3,2,2,2,2,2,3,3,3,3,2,3,2,1,0,2,2,3,2,3,2,3,3,3,3,3,3,3,3,2,1,2,2,2,2,2,3,2,3,2,3,3,2,3,3,2,3,3,3,2,2,3,2,3,2,2,3,2,3,3,3,3,3,3,3,3,3,2,3,2,2,3,3,2,3,3,3,3,2,3,2,3,1,4,4,3,3,2,3,2,3,2,3,3,3,3,3,3,3,3,2,3,3,3,2,3,3,2,2,2,2,2,3,3,2,2,2,2,3,2,3,3,3,2,2,1,2,3,2,2,3,3,3,3,3,3,3,3,2,3,0,3,2,3,3,3,3,3.0,0,3,2,3,3,2,2,2,2,2,3,3,2,3,3,,,4.0,2,3,2,2,2,2,2,2,3,2,2,3,3,2,3,3,3,2,3,4.0,3,2,3,2,2,3,2,3,3,3,3,3,,2,3,2,2,3,2,,2,3,2,2,3,2,,2,3,2,3,3,3,3,3,3,2,2,,3,3,3,4.0,2,2,3,2,3,2,2,3,3,2,3,3,2,2,2,2,3,3,2,2,2,3,3,3,2,3,2,4,3,3,2,3,3,2,3,2,0,1,2,3,2,3,4.0,3,,0,2,2,3,2,3,3,3,2,3,3,3,3,3,3,3,3,3,3,3,3,2,3,3,3,2,3,2,3,3,2,3,3,3,3,2,,3,3,3,3,3,4.0,3,2,2,3,3,2,3,3,3,3,,3,3,3,,4,3,3,3,3,3,2,3,3,2,3,,3,3,3,3,3,2,3,,2,,,3,2,3,3,2,2,3,4.0,2,3,4,3,3,,3,4.0,3,3,3,,3,3,4,,,4.0,,3,,3,3,3,3,3,3,3,3,4.0,3,3,3,,3,3,0,2,3,,,2,3,3,3,3,2,3,,3,3,3,,2,4.0,,3,3,,3,4.0,2,2,3,3,,,3,,3,3,3,3,4.0,3,3,2,,,,2,3,2,3,4.0,3,3,4,3,4,,3,3,3,3,3,3,3,,3,3,3,3,3,3,3,3,4,2,,2,3,3,4,,3.0,3,3,3,3,,3,3,3,2,,3,4.0,3,,4.0,,4.0,,3,3,4.0,3,3,4.0,,3,3.0,,,2,3,4,4.0,,4.0,3,2,,3,3,,,3,,3,,4,,,4,3,4,4,,3,3,2,4.0,4,3,3,3,3,3,3,4.0,3,3,4,3,4.0,2,,3,2,,4.0,3,,3,3,,,3,3,,3,4.0,4.0,,,3,4,,,4.0,3,,3,4,3,,3,4.0,,3,3,2,3,,2,3,,,,,3,4,3,,3,3.0,,3,,4.0,,,3,3,,0,,,3,,4,3,,,3,0.0,,3,,,3,3,,,,3,,4.0,4.0,4.0,3,3,3,2,3,,4,3,2,3,,,2,2,3,,3,3,4.0,3,3,3,3,3.0,4,3,3,2,4,4,4,3,3,,4.0,,,,,,4.0,,3,,2,3,1,4,3,3,3,3,2,4.0,,4.0,,,3,3,,,3,,,3,3,3.0,,3,,3,,4.0,4,3,3,,3,3,,4.0,3,,,2,4,,,,,3.0,4.0,,,3,3,,,,181,3,1.111513583441139,-0.6940613389866335
3,2,2,2,2,2,0,3,2,3,2,2,2,2,2,2,2,2,2,2,2,2,3,2,2,2,2,2,2,2,0,2,3,3,3,2,1,2,3,3,3,2,2,3.0,2,2,2,3,2,3,2,2,3,2,2,2,2,2,2,2,3,2,2,1,1,2,0,2,2,2,3,2,3,3,2,3,3,2,2,2,2,2,1,2,1,3,2,2,2,2,2,2,3,2,2,2,2,2,2,2,2,2,3,2,2,2,2,2,2,3,3,3,3,2,2,2,2,2,2,3,3,1,3,2,2,1,2,2,2,2,2,2,2,2,2,2,2,2,2,2,2,2,2,2,3,2,2,2,3,2,2,2,2,2,2,2,3,2,2,2,1,2,0,2,2,2,2,3,2,1,2,2,2,2,2,3,3,3,3,2,2,2,2,2,1,2,2,2,2,2,2,2,3,2,2,2,2,2,3,2,3,2,3,2,3,2,2,3,2,2,2,1,2,2,2,2,2,2,2,3,3,2,2,2,3,3,2,2,2,2,2,3,2,2,2,3,2,2,2,3,2,3,3,2,2,2,3,3,3,2,2,2,1,2,2,2,2,3,2,3,3,2,3,2,3,3,3,3,2,0,2,2,2,2,2,3,3,3,2,3,2,2,2,2,3,2,2,0,2,3,2,3,2,3,3,2,2,3,2,2,2,2,2,2,2,2,2,3,1,3,3,3,3,3,2,3,2,3,2,3,2,2,2,2,3,2,2,2,3,2,3,3,3,2,2,2,2,2,2,2,2,3,2,3,3,2,1,3,3,2,3,2,3,2,3,2,2,2,0,3,2,3,2,2,3,2,2,2,2,3,3,1,2,2,3,2,2,2,3,1,3,3,3,3,3,2,3,3,3,1,2,3,3,2,2,2,3,2,3.0,3,3,2,3,3,2,2,3,3,1,2,2,2,2,3,,,3.0,2,2,2,2,3,2,3,1,2,2,2,2,2,2,3,2,2,2,3,4.0,3,2,3,2,2,3,3,3,2,2,1,2,,2,3,2,2,2,2,,3,2,2,2,3,2,,2,3,2,2,2,3,3,2,3,1,2,,3,3,2,4.0,2,2,2,2,3,3,1,3,3,2,2,3,2,2,2,2,3,3,2,3,3,2,3,3,3,3,2,3,2,2,3,3,3,2,3,3,3,3,2,3,2,3,4.0,3,,3,2,2,3,3,3,2,2,2,3,3,2,2,3,3,2,2,3,2,2,2,2,3,2,1,2,2,2,3,3,3,3,3,3,3,2,,3,3,2,3,3,3.0,3,3,3,2,3,1,0,3,3,3,,2,2,2,,3,3,2,3,2,3,3,3,2,3,2,,3,3,3,3,3,2,3,,3,,,3,3,3,3,2,2,3,4.0,2,3,3,3,3,4.0,3,,3,3,2,,2,3,4,3.0,,3.0,,3,4.0,3,3,3,2,2,2,3,2,4.0,3,3,3,,3,3,2,3,4,,,2,3,3,3,2,2,2,,3,3,3,,3,3.0,,3,3,,3,4.0,3,2,3,3,,,2,,3,3,3,3,4.0,3,3,3,,,,3,3,3,2,3.0,3,3,3,3,3,,3,3,2,3,3,3,3,,3,3,3,3,3,2,3,3,3,3,,2,3,3,3,,4.0,3,2,2,4,0.0,3,2,3,3,,3,4.0,3,,3.0,,,,3,3,4.0,2,1,4.0,,2,4.0,,3.0,3,3,3,3.0,,4.0,3,3,,3,3,,,3,4.0,3,,3,,,3,3,2,3,,3,2,3,3.0,3,3,2,2,3,2,3,4.0,2,3,3,3,3.0,1,,3,3,,4.0,2,,2,3,,,2,3,,3,4.0,,,,3,3,,,3.0,2,,3,3,2,,3,4.0,,2,2,2,3,,1,3,,,,4.0,3,3,3,,3,3.0,,3,,3.0,4.0,,2,3,,2,,,3,,3,3,4.0,,3,,,3,,,3,2,,,,3,4.0,,4.0,,3,3,3,3,3,,3,4,3,2,,,3,3,3,,2,3,4.0,3,3,2,3,,1,3,3,2,2,3,0,3,3,,4.0,,,,4.0,,3.0,,3,,2,2,3,3,3,3,3,3,3,,4.0,,,,2,3,,,4,3.0,,3,2,,,3,,3,,4.0,3,2,3,4.0,3,3,,4.0,3,,,2,3,,,,,,4.0,,,3,3,,,,182,3,1.1252860411899317,-0.6866164843815407
3,3,2,2,2,3,2,3,3,4,3,3,3,3,3,3,3,2,2,3,3,2,4,2,3,3,3,3,2,3,3,3,3,3,3,3,3,3,3,3,3,2,3,4.0,3,3,2,2,3,3,3,3,3,3,2,2,3,2,2,3,3,3,2,2,2,2,2,3,2,2,3,3,3,3,2,3,3,3,2,2,3,2,2,2,2,3,2,2,3,2,3,3,3,3,3,3,2,3,2,3,3,3,3,3,3,2,2,1,3,4,3,3,3,3,2,2,3,3,3,3,3,2,3,2,3,3,3,3,2,2,3,2,2,2,3,3,3,3,3,3,3,3,2,2,3,3,3,3,3,3,3,3,3,3,3,3,3,3,3,3,1,2,2,2,3,2,2,3,3,2,2,3,1,2,3,3,3,3,3,3,2,2,3,2,2,4,3,2,3,2,3,3,3,3,3,2,3,3,3,3,3,2,3,3,3,3,3,2,3,2,3,3,2,4,2,2,3,3,2,3,3,2,2,3,3,3,2,3,2,3,3,3,3,3,3,3,3,3,3,3,3,3,3,3,3,3,4,4,3,2,3,3,2,3,3,2,2,3,3,3,3,3,3,3,3,4,4,4,3,2,3,2,3,3,3,3,4,3,3,3,2,2,2,2,3,2,3,3,3,3,3,3,2,3,3,2,3,3,3,3,2,3,3,2,3,3,2,3,3,3,2,3,3,3,1,3,3,3,2,3,3,3,3,3,3,3,2,2,3,3,3,2,4,2,3,4,3,3,2,3,2,3,2,3,4,3,3,3,3,3,4,3,3,3,4,3,3,3,3,4,3,3,3,3,3,2,3,3,3,3,3,3,3,3,4,2,3,3,3,3,3,3,4,4,3,3,3,3,3,3,3,4,3,3,3,3,4,3,4.0,3,2,2,4,3,3,2,4,4,3,3,3,1,3,3,,,4.0,3,0,3,2,3,3,3,2,3,3,3,3,3,2,3,3,3,2,3,3.0,3,2,3,2,3,3,3,3,3,3,3,3,,2,4,3,3,3,3,,3,3,2,3,4,3,,3,3,3,2,2,3,3,3,4,3,2,,4,3,3,4.0,2,2,0,3,3,3,3,4,4,3,3,3,3,2,3,2,3,3,3,3,4,4,4,4,3,4,2,4,3,2,3,3,4,3,3,3,3,0,3,3,3,3,4.0,3,,3,3,3,3,3,3,3,3,3,3,3,3,3,3,3,3,3,3,3,3,3,3,3,3,3,3,2,3,1,3,3,3,3,4,3,3,,3,3,3,4,4,4.0,3,3,4,3,3,2,3,4,3,3,,3,3,3,,4,3,3,3,3,0,3,3,3,3,3,,4,3,3,3,3,3,3,,3,,,3,4,4,3,3,3,4,,3,4,4,4,3,,3,,3,3,3,,3,4,4,,,,,3,,4,3,4,3,2,3,3,3,4.0,4,3,4,,3,4,3,3,4,,,3,3,3,3,3,3,3,,4,2,3,,4,4.0,,3,3,,3,4.0,3,3,3,3,4.0,,3,,3,3,3,3,4.0,3,4,4,4.0,,,3,4,3,3,,3,3,3,3,3,,0,3,4,4,4,4,0,,3,2,4,3,4,3,1,3,4,3,,3,3,4,4,,4.0,3,2,3,4,,3,3,3,3,,3,,3,,4.0,,,,3,3,4.0,3,4,4.0,,3,,,,3,2,4,4.0,,4.0,4,3,0.0,4,3,3.0,0.0,4,,3,,4,,,4,4,3,4,,3,3,4,4.0,3,3,2,3,3,3,3,4.0,3,3,4,3,4.0,2,4.0,3,4,,3.0,3,4.0,3,4,,,3,3,,3,,,,,3,4,,,4.0,3,,2,4,3,,3,4.0,,3,4,3,4,,2,3,,,,,3,4,3,,4,4.0,,3,,4.0,,,3,4,,3,0.0,0.0,4,,4,3,,,3,,,3,,,4,3,,4.0,3.0,3,,4.0,,,3,4,4,3,3,,3,4,4,3,,,3,3,3,,3,3,3.0,3,3,4,4,,4,4,4,3,3,4,4,4,4,,,,,,,,4.0,,4,,3,3,4,3,3,3,4,3,4,,4.0,,,,3,4,,,4,,,3,3,,,3,,3,,4.0,4,4,3,,4,4,,4.0,3,,4.0,3,4,,,,,,4.0,,,4,3,,,,183,3,1.1082436399217226,-0.6012378465735874
3,3,2,2,2,2,1,0,0,2,3,2,2,2,3,3,3,2,3,2,3,2,3,2,3,3,3,3,2,3,2,3,3,3,3,3,3,3,3,3,3,2,2,3.0,1,3,3,3,3,3,3,3,3,3,2,2,2,2,2,2,3,3,2,2,2,3,3,3,2,2,3,3,3,3,2,3,3,2,3,3,2,2,2,2,1,3,2,2,3,2,3,3,1,3,3,3,2,3,3,3,3,3,2,3,3,2,2,2,3,3,2,3,3,2,2,2,3,3,3,3,3,2,3,3,3,3,3,3,2,2,3,2,3,3,3,3,3,2,2,3,3,2,2,3,2,2,3,2,3,3,3,3,2,3,3,3,3,2,3,3,2,2,2,2,2,3,2,3,3,3,2,3,3,2,2,3,3,3,3,3,2,2,2,2,2,3,3,2,3,3,3,3,2,2,2,2,3,3,3,3,3,2,3,3,3,3,2,3,2,3,2,2,1,2,3,3,3,3,3,3,3,3,3,3,3,3,3,3,3,3,3,3,2,2,3,3,3,3,3,3,3,3,3,2,3,3,2,2,3,2,3,3,2,3,3,3,2,3,3,3,3,3,3,3,2,2,2,2,2,2,3,2,2,3,3,3,3,3,3,3,3,2,2,2,3,2,2,3,2,4,3,3,3,2,3,2,2,3,3,2,3,2,3,2,3,2,3,3,3,3,3,3,3,3,3,4,3,3,3,3,3,3,3,3,3,3,2,3,3,3,4,3,2,2,0,3,3,3,2,3,2,3,3,3,3,3,3,3,4,3,3,3,3,3,4,2,3,3,2,2,2,3,2,3,2,2,2,2,3,3,3,2,3,3,3,3,3,2,3,3,3,3,3,3,3,3,3,3,3,3,3,3,3,2,3,1,3,3,3.0,3,3,3,3,3,2,3,2,2,0,3,3,2,0,3,4.0,,4.0,3,2,2,2,2,2,3,2,3,2,2,3,3,2,3,3,3,2,3,4.0,3,3,3,2,2,3,3,3,3,3,2,3,,3,3,2,2,3,3,,2,3,2,3,3,2,,3,2,2,3,3,3,3,3,3,1,2,,4,3,3,4.0,3,2,3,3,3,3,3,3,3,2,2,3,2,2,2,3,3,3,2,2,3,3,2,3,2,3,2,4,2,2,2,3,3,2,3,3,3,3,2,2,2,3,4.0,3,,2,3,3,3,2,3,3,3,2,3,3,3,3,3,3,3,3,3,3,2,3,1,3,3,0,2,3,2,3,3,2,4,3,3,3,3,,3,3,3,3,1,4.0,3,2,1,3,3,2,4,3,3,3,4.0,3,3,2,,4,3,2,2,3,3,3,3,3,3,3,0.0,3,3,3,3,4,3,3,,3,,,3,1,3,3,3,2,3,4.0,2,4,4,4,3,,3,,3,3,3,,2,4,4,3.0,,4.0,,3,,4,3,4,3,3,3,3,3,4.0,3,3,3,,3,3,3,3,4,,,1,3,3,3,2,2,2,,3,3,2,,3,4.0,,3,3,,3,4.0,3,2,3,3,,,3,,3,3,3,4,3.0,3,3,2,,,,3,4,2,3,4.0,2,4,3,3,3,,3,3,3,3,4,4,3,,3,2,4,3,3,3,3,3,4,3,,2,3,3,3,,4.0,3,3,3,4,,3,3,3,2,,3,4.0,3,,4.0,,,,3,3,4.0,3,3,4.0,,3,,,,3,3,2,4.0,,4.0,4,3,,4,3,,,3,3.0,3,,3,,,4,4,3,3,,3,3,3,3.0,3,3,1,3,3,2,3,4.0,3,3,4,3,4.0,2,,3,2,,4.0,2,,3,4,,,1,3,,4,4.0,,,4.0,3,4,,,4.0,2,,3,3,3,,3,4.0,4.0,3,3,2,3,,2,3,,,,,3,3,3,,4,4.0,,3,,4.0,,,3,4,,1,,,4,,3,3,0.0,1.0,4,,,3,,,4,3,,,,3,,,,,4,3,4,0,3,,4,3,2,3,,,3,3,3,,2,1,3.0,3,3,3,4,,3,3,3,3,3,3,4,3,4,,4.0,,,,0.0,,4.0,,3,,2,1,3,3,3,3,4,2,3,,,,,,2,4,,,3,,,3,2,,,3,,3,,4.0,4,3,3,3.0,3,4,,4.0,3,,,3,3,,,,,,4.0,,,3,3,,4.0,,184,3,1.1145912910618798,-0.592953939868819
3,3,3,3,2,2,2,3,3,4,3,3,3,2,2,3,2,2,3,3,2,2,0,2,3,3,2,2,2,2,2,3,1,2,3,2,2,3,2,2,2,2,3,4.0,3,3,3,1,2,4,3,2,3,2,3,3,3,3,3,3,3,3,2,3,2,3,3,3,2,2,3,4,3,3,2,3,3,3,3,2,3,2,2,3,3,1,2,2,3,3,3,3,2,1,3,3,2,3,3,3,3,3,3,3,3,2,2,2,2,3,3,0,3,1,2,2,0,3,3,3,3,2,4,3,3,3,3,3,2,2,3,3,3,2,3,2,2,1,3,3,3,3,2,3,3,3,2,3,3,3,3,2,3,3,3,2,3,3,3,3,2,3,3,3,3,2,2,3,2,2,1,1,2,3,3,4,3,3,3,3,3,3,4,1,3,4,3,3,3,3,3,3,3,3,3,3,3,3,3,3,3,3,4,3,3,3,3,3,3,3,3,3,2,3,3,3,3,3,2,3,3,2,3,3,3,3,1,3,3,3,3,3,3,3,3,3,3,3,3,4,4,4,3,3,3,2,4,4,3,2,3,2,3,3,2,3,2,3,2,3,3,2,3,2,3,4,4,4,3,3,3,3,3,3,3,3,3,3,3,3,2,3,2,3,3,3,3,3,3,4,3,3,3,4,3,3,3,3,2,3,3,2,3,2,3,3,1,3,3,2,3,3,3,3,3,3,3,2,2,4,3,3,3,3,4,3,3,3,3,2,3,3,4,2,4,4,2,2,2,2,3,3,3,3,4,3,3,3,4,3,3,3,3,3,4,2,3,3,4,4,3,2,3,3,3,2,2,2,3,3,0,2,3,3,4,3,3,3,4,3,3,4,4,4,4,4,4,3,3,3,3,4,4,3,3,3,4,3,4.0,3,2,3,3,3,3,2,3,3,3,2,3,2,3,3,,,4.0,2,3,2,2,3,3,2,2,3,2,2,3,3,3,3,3,3,2,4,3.0,2,2,3,3,3,2,2,2,3,3,3,3,,3,4,3,2,3,2,,3,2,3,2,3,3,,2,3,3,3,3,3,2,3,4,2,3,,3,3,2,,3,3,3,2,3,3,3,4,4,3,3,3,3,3,2,3,3,3,3,4,4,4,4,4,3,3,3,3,3,0,4,3,3,2,3,3,3,3,2,3,2,3,4.0,3,,4,3,3,3,3,3,3,3,2,4,3,3,3,4,3,3,3,3,2,3,3,2,2,3,3,3,3,3,4,3,4,3,3,4,3,3,,3,3,3,4,3,4.0,3,3,4,3,3,3,4,4,3,3,,4,3,3,,4,3,3,4,3,3,3,3,3,3,4,,3,3,4,4,3,3,3,,3,,,3,3,3,3,3,3,4,3.0,3,4,4,3,3,,3,,3,3,4,,3,4,4,,,,,3,,4,3,4,3,3,3,3,3,4.0,4,3,4,,3,3,3,2,4,,,3,3,3,4,3,3,3,,4,3,3,,4,4.0,,3,3,,3,4.0,4,3,3,3,,,3,,3,4,2,3,4.0,3,4,4,,,,4,3,3,3,,3,4,3,3,3,,3,4,4,4,3,3,3,,2,3,4,3,4,3,3,3,4,3,,3,4,3,4,4.0,4.0,3,3,3,4,,3,4,3,4,,3,4.0,3,,4.0,,,,3,3,4.0,3,4,4.0,,3,,,,3,3,3,4.0,,4.0,4,3,,3,3,,,3,,4,,4,4.0,,4,3,3,4,,3,3,4,4.0,4,4,3,3,3,2,3,4.0,3,3,4,3,4.0,2,,0,4,,4.0,3,,3,4,,3.0,3,3,,4,4.0,,,,3,4,,,3.0,3,,2,4,4,,4,,,3,3,3,3,,3,3,,,,3.0,4,4,4,,4,4.0,,3,,4.0,,,3,3,4.0,3,,,2,,3,4,4.0,,4,,4.0,3,0.0,,3,3,,,,2,,4.0,,,4,3,4,3,3,,4,4,4,2,,,3,3,3,,4,3,4.0,4,3,4,4,,4,4,4,3,0,4,4,3,4,0.0,4.0,,,,,,4.0,,4,,3,3,4,3,3,3,4,3,4,,,,,,3,3,,,4,,,3,2,3.0,,3,3.0,2,,3.0,4,3,2,,3,4,,3.0,3,,,3,4,,,,0.0,,4.0,,,4,4,,,,185,3,1.09978229317852,-0.6050182971651163
3,2,2,2,2,2,2,2,2,3,2,2,2,2,2,2,2,2,2,2,2,2,3,2,2,2,3,2,2,2,2,2,3,2,3,2,2,3,2,2,2,2,2,4.0,2,2,2,2,2,3,3,1,3,2,2,2,2,2,1,3,3,2,1,2,2,2,2,3,2,2,2,3,3,2,2,2,2,2,2,2,2,1,1,2,2,0,1,1,2,2,2,3,2,2,3,2,2,2,2,2,2,3,3,2,2,1,1,2,2,3,3,3,3,2,1,2,2,2,3,3,3,1,3,2,2,2,2,2,2,1,2,2,2,2,3,2,1,2,2,2,2,2,2,2,2,2,2,2,2,3,2,2,2,2,2,2,3,3,2,2,1,2,2,2,3,1,2,2,2,1,2,2,2,2,2,3,3,3,3,2,2,3,3,2,2,3,2,1,2,2,0,1,3,3,2,2,2,2,2,2,2,2,3,2,3,2,2,3,2,2,2,1,2,3,2,2,3,2,2,3,2,2,2,2,3,2,1,2,2,2,2,2,2,2,2,3,2,3,2,3,3,3,2,2,3,2,3,3,2,2,3,2,2,2,2,2,1,3,2,3,3,2,2,2,3,3,3,3,2,2,3,2,3,3,3,2,3,3,2,2,2,2,1,0,3,2,2,2,2,3,2,3,2,3,2,2,2,3,3,3,2,2,3,2,2,2,2,2,2,2,2,2,1,2,2,3,2,1,2,2,2,3,3,2,3,3,2,2,2,1,1,3,3,2,3,3,2,2,2,2,2,3,2,2,3,2,2,2,3,3,3,2,3,2,3,2,2,2,3,3,2,2,2,2,2,2,2,2,2,3,2,0,2,2,3,2,2,2,3,2,3,3,3,3,3,3,3,3,3,2,2,3,3,2,3,2,3,3,3.0,2,2,2,3,3,2,2,3,3,2,2,2,2,2,3,,,0.0,2,2,2,2,2,2,1,2,0,2,2,3,3,2,2,3,3,1,3,3.0,2,2,3,2,2,2,2,2,2,3,3,2,,2,3,3,2,2,0,,1,2,2,2,3,2,,2,3,2,2,2,3,2,2,3,2,2,4.0,3,3,2,4.0,2,2,2,3,2,2,2,3,3,2,2,3,2,2,1,2,3,3,2,3,3,3,3,3,2,3,2,3,2,2,3,3,3,2,3,2,3,3,2,2,2,3,4.0,3,4.0,3,2,3,3,3,3,2,3,2,3,3,3,3,3,3,2,2,3,2,2,3,2,2,2,2,2,2,2,3,3,3,3,2,4,2,2,,2,2,2,3,3,3.0,2,3,3,3,2,3,3,3,2,3,,3,3,2,,3,3,2,3,2,2,2,3,3,2,2,,3,2,3,3,3,2,3,,3,4.0,,2,3,3,3,2,2,3,4.0,2,3,3,3,3,,3,,3,3,3,,3,3,4,,,4.0,,3,,3,2,3,1,2,2,3,3,4.0,3,2,3,4.0,3,3,2,3,3,4.0,,2,2,2,3,2,2,2,,3,2,3,,3,4.0,,3,3,,2,4.0,3,2,3,3,,,2,,2,3,2,3,4.0,2,3,3,,,,2,3,3,2,4.0,3,3,3,2,3,,3,3,3,3,3,3,3,,3,1,3,3,3,2,3,3,3,2,,3,3,3,3,,4.0,3,2,2,3,,3,1,2,3,,3,4.0,2,,3.0,,,,3,3,4.0,2,3,3.0,,3,,,,3,3,3,3.0,,4.0,3,3,,3,3,,,3,,3,,3,,,3,3,3,3,,3,3,3,4.0,3,3,2,3,3,2,3,3.0,3,2,3,2,3.0,2,,2,3,,4.0,3,,2,3,,3.0,3,3,4.0,3,4.0,,,,2,3,,,3.0,3,,2,3,3,,3,4.0,,3,3,2,3,,2,2,,,,3.0,3,3,3,,4,3.0,,1,2.0,3.0,,,3,3,,2,,,3,,3,3,4.0,,3,,,2,,,2,2,,,,1,,,4.0,,3,3,3,3,3,,0,3,3,2,,,3,3,3,,3,3,4.0,3,2,3,3,4.0,3,3,3,2,3,3,3,3,3,,4.0,,,,,,4.0,0.0,3,,3,3,3,3,3,3,3,3,3,,,,,,2,3,,,3,3.0,,3,2,0.0,4.0,3,3.0,2,,3.0,3,3,2,3.0,3,3,,3.0,3,,,3,3,,,,,,4.0,,,3,3,4.0,,,186,3,1.1078922431298228,-0.6823503253358462
3,2,2,2,2,2,2,2,2,3,2,2,2,1,3,2,2,2,2,2,2,2,3,2,2,2,2,1,2,2,1,2,2,2,2,2,2,2,2,2,2,2,2,3.0,2,2,2,2,2,3,3,2,3,2,2,3,2,2,2,3,2,2,1,2,2,2,3,3,2,2,2,2,3,3,2,3,3,2,2,2,2,2,1,1,2,3,2,1,2,2,2,3,2,2,2,2,2,3,2,2,2,3,3,2,2,1,1,1,3,3,3,3,3,2,2,1,2,2,2,3,3,1,3,2,2,2,2,2,2,1,2,2,2,2,3,2,2,2,3,2,2,2,2,2,3,2,2,0,3,2,2,2,2,2,2,2,2,3,1,2,1,2,2,2,2,2,2,3,2,2,2,2,2,1,1,3,2,1,3,2,2,3,3,2,2,3,2,2,2,2,2,2,3,3,3,3,3,2,3,2,2,2,3,2,3,3,2,2,2,1,1,2,2,3,2,2,2,3,2,2,2,2,2,2,3,3,2,2,2,2,2,2,2,1,1,2,2,0,2,2,2,2,2,2,2,2,3,3,3,2,2,2,2,2,2,2,2,3,2,2,3,2,2,2,3,3,3,3,3,2,3,2,3,2,3,2,3,3,2,2,2,2,2,2,2,2,2,2,2,3,2,3,2,3,2,2,2,3,3,3,2,2,2,2,2,2,2,3,2,3,2,3,2,3,2,3,2,3,2,2,3,2,3,3,3,2,2,2,3,2,3,3,3,2,3,3,2,2,2,2,2,3,2,2,3,2,2,2,3,3,2,2,2,2,3,2,2,2,3,3,3,2,1,2,3,2,2,2,2,3,3,2,2,2,3,2,2,1,3,2,2,2,3,3,3,2,3,3,3,3,2,3,3,2,3,2,3,2,3.0,3,2,2,3,3,2,2,3,3,3,2,2,2,3,0,4.0,,4.0,2,2,2,2,2,2,2,1,3,2,2,3,2,2,2,3,2,2,3,3.0,2,2,3,2,2,3,3,3,2,2,3,2,,2,3,2,2,2,3,,2,1,2,2,3,2,,2,3,2,2,2,3,3,3,3,2,2,,3,3,2,3.0,2,2,3,2,2,3,2,3,3,2,1,3,2,2,2,2,2,3,2,3,3,3,3,3,3,3,2,3,2,2,3,3,2,2,3,2,3,3,2,3,2,3,4.0,3,,3,2,3,3,2,3,2,3,2,3,3,3,3,3,3,3,2,2,2,2,0,0,3,2,2,2,3,2,3,3,3,3,2,0,3,2,,2,3,2,3,3,4.0,2,2,3,3,2,3,3,3,2,3,,3,3,2,,4,3,2,2,2,2,2,2,3,3,2,,3,2,3,2,3,2,3,,3,,,2,3,3,3,3,2,3,4.0,2,3,3,3,3,,3,,3,3,3,,3,4,3,,,4.0,,3,,0,3,2,3,2,2,3,3,3.0,3,2,3,,2,3,2,3,3,,3.0,2,3,3,3,2,2,2,,3,2,3,,3,4.0,,3,3,,3,3.0,3,2,3,3,,,2,,2,3,2,3,3.0,3,3,3,,,,3,3,3,2,4.0,3,3,3,2,3,,3,3,3,3,3,3,3,,3,2,3,3,3,2,3,3,3,2,,3,3,3,3,4.0,4.0,3,2,0,3,,3,3,3,3,,3,4.0,3,0.0,4.0,,,,3,3,4.0,2,3,4.0,,2,,,,3,3,3,3.0,,4.0,3,3,,3,3,,,3,,3,,3,4.0,,3,3,3,3,,3,3,3,4.0,3,3,2,3,3,2,2,3.0,3,3,3,3,3.0,2,,3,3,,4.0,3,,2,3,,,3,3,,3,4.0,,,,2,3,,,4.0,3,,3,3,3,,3,4.0,,3,3,2,3,,2,3,,,,,3,3,3,,3,4.0,,3,4.0,4.0,,,3,3,,2,,,3,,2,3,3.0,,3,,,3,,4.0,3,2,3.0,,,3,,,4.0,,3,3,3,3,2,,3,4,3,3,,,3,3,3,,3,3,4.0,3,3,2,2,4.0,3,2,0,1,3,3,3,3,3,,3.0,,,,,,3.0,,3,,3,2,3,3,3,2,3,3,3,,,2.0,,,1,3,,,4,,,3,3,,,3,,3,,4.0,3,3,3,,3,4,,4.0,3,,,3,3,,,3.0,,,2.0,,4.0,3,3,,,,187,3,1.091661107404937,-0.6870981479369566
2,2,2,2,2,1,0,2,3,3,2,2,2,2,2,2,2,2,2,2,2,1,3,2,2,3,3,2,2,2,2,3,3,3,3,2,2,3,3,3,3,2,2,4.0,2,3,2,2,2,3,3,2,3,2,2,2,3,2,2,2,3,2,2,2,1,2,3,3,2,2,3,3,3,3,2,3,3,3,3,2,2,2,2,2,2,2,2,2,3,2,2,2,2,2,2,2,2,3,3,2,2,3,2,2,3,2,2,2,2,3,3,3,3,2,2,1,2,3,2,3,3,2,3,2,3,3,3,2,1,2,3,2,2,2,2,2,3,2,3,3,2,2,2,2,3,2,2,2,3,2,3,3,2,3,2,2,3,2,3,3,1,3,3,2,2,2,2,2,2,2,2,2,2,2,3,3,3,2,3,2,2,2,3,1,2,3,3,2,2,2,3,2,3,2,2,2,2,0,2,2,3,2,3,3,3,2,2,2,2,2,2,2,2,3,2,2,2,3,2,3,3,2,2,2,3,3,2,3,1,2,2,3,2,2,2,3,2,2,3,3,3,3,3,2,3,0,3,3,3,2,3,3,2,2,2,2,2,3,3,3,3,2,3,2,3,3,3,3,3,2,2,2,0,3,3,3,3,3,2,3,2,2,2,2,2,2,2,3,3,3,1,2,2,3,2,2,2,3,3,3,2,2,2,2,3,2,2,3,2,2,1,3,2,3,2,3,2,3,2,3,3,2,3,2,3,2,2,2,3,2,3,3,3,2,3,3,3,2,2,2,2,3,2,2,3,2,2,3,3,1,3,2,3,2,3,2,2,2,3,3,3,2,1,2,3,2,2,2,3,3,2,2,3,2,3,2,2,2,3,2,3,3,3,3,3,3,3,3,3,2,3,3,3,3,3,3,3,2,3.0,3,2,2,3,3,2,2,3,3,2,2,2,1,2,3,4.0,3.0,4.0,2,2,2,2,2,2,2,2,3,2,2,2,2,0,3,4,3,2,3,3.0,2,2,3,2,2,3,3,3,2,3,3,3,,2,3,3,2,3,2,,1,2,2,2,3,2,,2,3,2,3,3,3,3,3,3,2,2,,3,3,2,3.0,2,2,2,3,2,3,1,3,3,2,2,3,2,2,2,2,2,3,2,3,3,3,3,3,2,4,2,0,3,2,3,2,3,2,3,2,2,2,2,0,2,3,4.0,3,,3,2,2,2,3,3,2,3,2,3,3,3,2,3,3,3,3,3,2,3,3,1,3,2,2,3,3,2,3,3,3,3,2,4,3,3,,2,2,3,3,3,4.0,2,3,3,3,2,3,3,3,3,3,,3,2,3,,3,3,3,3,3,3,3,3,3,3,3,,3,1,3,3,3,2,3,,3,,,3,3,3,3,2,3,3,4.0,2,3,3,3,3,,2,,3,3,3,,3,3,3,,,4.0,,3,,3,3,3,3,3,3,3,2,4.0,3,3,3,,0,3,3,3,3,,,3,3,3,3,2,3,2,4.0,3,3,3,,3,4.0,,3,3,,3,4.0,3,2,3,3,,3.0,2,,3,3,2,3,4.0,3,3,3,,,3.0,3,3,3,3,4.0,3,3,3,3,3,,3,3,3,3,3,3,3,2.0,3,3,3,2,3,2,3,3,3,3,,2,3,3,3,,3.0,3,3,3,3,,3,3,3,3,4.0,3,4.0,3,,2.0,,,,3,3,4.0,3,3,4.0,,3,,,,3,3,3,3.0,,4.0,3,3,0.0,3,2,,,3,,3,,4,,,3,3,3,3,,3,3,3,4.0,3,3,2,3,3,2,3,4.0,3,2,3,3,4.0,2,,3,3,,4.0,3,,2,4,,,3,3,,3,4.0,,,,2,3,,,4.0,3,,3,3,3,,3,4.0,,3,3,2,3,,2,2,,,,,3,3,3,,3,4.0,,3,,4.0,,,3,3,,3,4.0,3.0,3,,3,3,4.0,,3,,,2,,,0,3,,,3.0,2,,,4.0,,3,3,3,3,3,3.0,3,3,3,3,,,3,2,3,,3,3,4.0,3,3,3,3,,3,3,3,2,3,3,4,3,3,,4.0,,,,,,3.0,,3,,3,3,4,3,3,2,3,2,3,,3.0,,3.0,,3,3,,,3,,,3,3,,4.0,3,,3,,3.0,3,2,3,,3,4,,4.0,3,,,3,3,,,,,,4.0,,,3,3,,,,188,3,1.1108281961940503,-0.7023363203062404
3,3,2,2,2,2,2,3,3,3,2,3,3,2,2,2,2,3,3,3,2,2,3,3,3,3,3,3,2,2,2,3,3,3,3,3,3,3,3,3,3,2,2,3.0,2,3,2,2,3,4,3,1,3,2,2,2,3,2,2,2,3,3,2,1,1,1,3,3,2,2,3,3,3,3,3,3,3,3,3,3,2,2,1,2,3,3,2,2,2,2,3,2,2,2,2,2,2,3,3,3,3,3,2,3,3,2,2,2,2,3,3,3,0,2,2,2,2,3,3,3,3,2,3,3,2,3,3,3,2,2,1,2,2,2,3,3,3,2,2,3,2,3,2,2,3,2,3,3,3,3,3,3,3,3,2,2,3,3,3,3,2,3,2,3,2,2,2,2,2,2,2,3,2,3,2,3,3,3,3,2,2,3,3,1,2,3,3,3,2,3,3,2,2,2,2,2,0,2,2,2,2,0,3,2,2,2,2,2,2,2,2,2,2,3,3,2,3,3,2,3,3,3,3,3,2,3,3,3,3,3,3,2,2,2,3,3,2,3,3,3,3,3,3,2,3,2,3,4,3,2,3,3,2,3,2,3,2,2,3,3,3,3,3,3,3,3,3,4,3,2,3,2,2,3,3,3,3,2,2,2,2,2,2,2,3,1,2,3,3,3,2,3,2,3,2,3,3,3,3,3,3,2,2,2,2,2,3,3,3,3,3,3,3,4,2,4,3,3,2,3,3,3,3,3,2,2,2,3,3,2,4,3,3,2,0,3,3,3,3,3,3,3,2,2,3,3,3,3,3,3,3,3,3,3,4,2,2,2,2,3,3,3,2,3,3,2,2,2,3,3,3,2,3,2,3,2,3,2,3,2,3,3,4,3,3,3,4,3,3,2,3,3,3,3,3,2,3,3,4.0,2,2,0,3,3,3,2,3,3,2,3,3,2,0,2,,,4.0,2,3,2,2,3,3,3,2,2,2,3,3,3,2,3,3,3,2,3,4.0,3,3,4,3,3,3,3,3,2,3,3,3,,2,4,3,3,3,3,3.0,2,2,3,3,3,3,,2,3,3,3,3,3,3,3,4,2,2,,3,3,3,4.0,3,2,3,3,3,3,2,3,3,2,3,3,3,2,3,3,3,3,2,3,3,3,3,3,3,3,3,4,3,2,4,3,3,3,3,3,1,0,2,3,2,3,4.0,3,,3,2,3,3,3,3,3,3,2,3,3,3,3,3,4,3,3,3,2,2,3,3,3,3,3,3,3,2,4,3,3,3,2,4,3,3,,2,3,3,3,4,3.0,2,3,4,3,3,3,3,3,3,3,,3,2,3,,3,3,2,3,3,3,3,3,3,2,3,,3,3,4,3,3,3,3,,3,,,3,3,3,3,3,3,4,,2,4,3,4,3,,3,,3,3,2,,3,4,4,,,4.0,,3,,4,3,4,3,3,3,3,3,4.0,3,3,4,,3,3,3,3,4,,3.0,3,3,3,3,2,3,3,,3,3,3,,4,4.0,,3,3,4.0,3,4.0,3,2,3,3,,,3,,2,3,3,4,4.0,3,3,3,,,,3,3,3,3,4.0,3,4,0,1,3,,3,3,3,3,4,4,4,,3,3,4,3,3,3,3,3,3,3,,2,4,2,4,,3.0,4,3,3,3,4.0,3,3,3,3,,3,4.0,3,,4.0,,,,3,3,4.0,3,3,4.0,,3,,,4.0,2,3,4,4.0,,4.0,2,3,,4,3,,,3,,3,,4,,,4,3,3,4,4.0,3,3,3,3.0,3,3,2,3,4,2,3,4.0,3,3,3,3,4.0,1,,3,3,,,2,,3,3,4.0,,1,3,,3,4.0,,,,2,4,,,3.0,2,,3,4,3,3.0,3,4.0,4.0,0,3,3,3,,2,3,,,,,3,3,4,,4,0.0,,3,,3.0,4.0,,3,4,,2,,,3,,3,3,4.0,,4,,,3,,,3,3,,,,3,,,4.0,,4,4,3,2,3,,4,4,3,3,,,2,2,3,,2,3,,3,3,3,4,,1,3,3,2,3,4,4,3,4,,4.0,,,3.0,4.0,,4.0,,4,,3,3,3,3,3,3,3,3,4,,,3.0,,,3,4,,,4,,,3,1,,,3,,3,,4.0,4,3,3,,3,4,,4.0,3,,,3,3,3.0,,,,,4.0,,,3,3,,,,189,3,1.1123395602999115,-0.6354188592254691
2,2,2,2,2,2,2,2,2,3,2,1,2,1,2,2,2,2,2,2,1,1,2,1,2,2,2,2,1,2,2,2,2,2,2,2,2,2,2,0,2,2,2,3.0,2,2,2,2,2,2,2,2,2,2,2,2,2,2,2,3,3,2,0,2,1,2,2,2,2,1,2,2,2,3,2,3,3,2,2,2,2,1,1,1,1,2,1,0,2,2,2,0,2,2,2,2,2,3,2,2,2,2,3,2,2,1,1,1,2,1,2,2,2,2,1,2,2,2,2,3,3,2,3,2,2,2,2,2,1,2,2,2,1,2,2,2,3,2,2,2,2,2,2,2,3,2,2,2,3,2,2,2,2,1,2,2,2,2,2,1,1,2,1,2,2,2,2,2,2,2,2,2,2,1,2,3,3,2,3,2,1,2,3,1,2,3,2,2,2,1,2,2,3,3,2,2,2,2,2,2,2,2,3,2,3,2,2,2,2,2,2,1,1,3,2,2,2,2,2,3,2,2,2,2,3,2,2,3,2,2,2,2,2,2,2,3,2,2,2,3,2,3,2,2,2,2,3,3,2,1,2,2,2,2,2,2,2,2,1,2,2,2,2,2,2,3,3,3,2,1,2,2,2,2,2,2,2,2,2,2,2,2,1,2,2,2,2,2,2,3,2,3,2,3,3,1,2,3,2,2,2,1,2,2,2,2,1,3,2,3,2,2,2,3,2,3,2,3,2,3,3,2,3,2,3,2,2,0,2,1,3,2,3,2,3,3,2,2,2,2,1,3,2,2,3,2,2,2,3,2,3,2,2,2,3,2,2,2,2,3,3,2,2,2,2,2,2,2,2,3,3,2,2,2,3,2,2,2,3,2,3,2,3,3,3,2,3,3,2,2,2,3,3,2,3,2,3,2,3.0,3,2,2,3,2,2,2,3,2,2,2,2,2,2,2,,,3.0,2,2,1,2,2,2,2,1,2,1,2,2,2,2,2,3,2,2,3,,3,2,3,2,2,3,2,2,2,2,2,2,,2,3,2,2,2,2,,2,2,1,2,3,2,,2,2,2,2,2,2,3,2,3,1,1,,2,2,2,3.0,2,2,2,2,2,2,2,3,3,2,2,3,2,2,1,2,2,2,2,3,3,3,3,3,2,3,2,3,2,1,2,2,3,2,2,2,3,3,1,2,2,2,,3,,2,2,2,3,2,3,2,2,2,3,2,2,2,3,3,2,2,3,2,2,2,2,2,2,2,2,2,1,2,2,2,3,2,2,2,2,,2,2,2,3,3,3.0,2,2,3,2,2,2,3,3,2,2,,2,2,2,,3,3,2,3,2,2,2,2,3,2,2,,3,2,2,3,3,2,2,,3,,,1,3,3,3,2,2,3,,2,3,3,3,3,,0,,3,2,3,,2,3,3,,,,,3,,3,2,3,3,2,2,2,2,3.0,3,3,3,,3,3,2,2,3,0.0,,2,2,2,3,2,2,2,,3,2,3,,3,3.0,,2,2,,2,3.0,3,2,2,2,,,2,,3,3,2,3,3.0,2,3,3,,,,3,3,3,2,,2,3,0,2,2,,2,3,3,2,3,3,3,,3,2,3,2,3,2,2,3,3,2,3.0,2,3,3,3,,,3,0,2,3,,3,3,3,2,,2,,3,,,,,,3,2,3.0,2,3,3.0,,2,,,,3,2,2,0.0,,3.0,3,3,,3,2,,,3,,3,,3,,,3,3,3,3,,3,3,3,3.0,3,3,2,1,2,2,3,3.0,3,3,3,2,3.0,1,,2,3,,,3,,2,3,,,3,2,,3,,,,,2,3,,,3.0,3,,3,3,3,,3,,,3,3,1,3,,2,3,,,,,3,3,3,,3,3.0,,3,,3.0,,,2,3,,2,,,3,,2,3,3.0,,3,,,2,,,3,2,,,,2,,,,,3,3,3,3,3,,3,3,3,2,3.0,,3,2,3,,3,3,,3,3,2,3,,3,3,3,2,3,3,3,3,3,,,,,,,,3.0,,3,,2,2,3,2,2,2,3,2,3,,,,,,2,3,,,3,,,3,2,,,2,,3,,3.0,3,3,3,,3,3,,,3,,,3,3,,,,,,3.0,,,3,3,,,,190,3,1.096133751306165,-0.6456852820653213
2,3,3,3,3,2,3,3,3,3,3,3,3,1,3,3,3,0,2,2,2,2,3,2,3,3,3,3,3,3,3,3,3,3,3,3,3,3,3,3,2,2,2,0.0,2,3,3,3,3,3,3,3,3,3,3,3,3,3,2,3,3,3,2,2,3,3,3,3,3,3,3,3,3,2,1,3,3,3,3,3,3,3,2,1,2,2,2,2,3,3,2,3,3,3,3,3,2,4,3,3,3,3,4,3,3,2,2,2,3,3,3,4,3,2,2,2,2,3,0,3,1,2,4,3,3,3,3,3,2,3,3,3,2,2,3,3,3,3,3,3,3,3,2,3,3,2,2,2,3,4,3,3,3,3,3,3,3,3,3,3,2,3,3,3,3,3,2,3,2,3,3,3,3,2,3,3,3,2,3,3,3,3,3,2,3,4,3,3,3,2,3,3,3,3,3,3,3,3,3,3,3,3,4,3,3,3,3,3,3,2,3,2,2,3,3,2,3,3,2,3,3,2,2,2,3,2,2,3,3,3,3,3,2,3,3,3,3,3,3,3,3,3,2,3,3,3,3,3,2,2,3,3,2,3,3,2,3,4,3,3,3,3,3,2,3,3,3,3,2,3,3,2,3,3,3,3,3,3,3,3,3,3,2,3,3,2,3,3,3,4,2,3,3,3,3,3,2,2,3,3,3,2,3,3,3,3,3,3,2,2,3,1,2,2,3,3,2,3,2,3,3,3,3,3,3,3,3,3,3,3,3,3,3,2,3,3,3,3,3,3,2,2,3,3,4,3,3,3,4,3,3,3,3,3,4,3,3,3,3,3,3,3,3,3,3,3,2,3,3,3,3,3,3,3,3,3,3,3,3,3,3,4,4,4,4,3,4,3,3,3,3,4,3,3,4,3,4,3,4.0,3,3,3,3,3,3,2,3,3,3,2,3,3,3,3,,,4.0,3,3,3,2,3,3,3,2,3,3,3,3,3,3,2,3,3,3,3,4.0,3,3,4,3,3,3,1,3,3,2,3,3,,3,4,3,3,3,3,3.0,3,3,2,3,3,3,,3,0,3,3,3,3,3,3,4,3,2,4.0,2,4,3,,3,2,3,3,2,3,3,4,4,3,3,4,3,3,2,2,3,3,2,2,3,3,3,3,3,3,2,4,3,3,3,3,4,3,4,3,4,4,3,3,3,3,,4,,3,3,3,4,3,4,3,3,2,4,0,3,3,4,4,3,3,4,3,3,3,2,3,3,2,3,3,3,3,3,3,4,3,4,3,3,,3,3,3,4,3,4.0,3,3,3,3,3,3,4,4,3,3,,3,3,3,4.0,4,4,3,4,3,3,3,3,4,3,3,,3,3,3,3,4,3,3,,3,,,3,3,4,3,3,2,4,2.0,2,4,4,4,4,,4,,3,3,3,,3,4,4,,4.0,,,4,,4,3,4,4,3,3,3,3,4.0,4,3,3,,3,4,3,3,4,,,3,3,3,3,3,3,2,,3,3,0,,3,4.0,,4,3,,3,4.0,4,3,3,3,,,3,,2,3,3,3,4.0,3,3,2,,,4.0,3,3,1,3,,3,4,4,3,3,,3,4,4,3,4,4,4,3.0,3,3,4,3,4,3,4,3,4,3,,3,4,4,4,3.0,,2,3,3,4,4.0,3,3,3,3,,1,,3,,4.0,,,,3,3,4.0,3,4,4.0,,3,,,,3,3,3,3.0,,,4,3,,3,3,,,4,,4,,4,,,4,4,3,3,4.0,4,3,4,3.0,4,3,1,3,3,3,4,4.0,4,3,0,3,4.0,2,,3,3,,,3,,3,4,,,3,3,,4,,,,,3,4,,,4.0,3,,2,4,4,3.0,4,3.0,4.0,3,4,3,3,,3,4,,,,,4,4,4,,4,4.0,,2,,4.0,,,3,4,,3,,,4,,3,4,4.0,,4,,,3,,,3,3,,,,3,,,,,3,3,4,3,3,,3,0,3,3,,,3,3,0,,3,3,,3,3,4,4,,4,4,4,3,4,3,4,1,4,,4.0,,,,,,3.0,,4,,2,2,4,4,3,3,3,3,3,,,,,,3,4,0.0,,4,,,3,3,,,3,,3,,4.0,3,4,3,,3,4,4.0,4.0,4,,,3,4,4.0,,,,,4.0,,4.0,3,4,,,,191,3,1.1179532757745052,-0.5871547618385033
4,4,3,3,3,3,3,4,3,4,3,4,3,3,4,3,3,3,3,3,3,3,4,3,4,4,4,3,3,3,3,3,4,4,4,3,3,4,3,4,3,3,3,5.0,3,4,3,3,4,4,4,4,4,4,3,3,3,3,3,3,4,3,3,2,3,3,3,4,3,3,4,4,3,4,3,4,4,4,3,3,3,3,3,3,3,4,2,3,3,3,3,3,1,3,3,3,2,4,4,4,3,4,4,3,3,3,3,2,4,4,4,4,4,3,3,3,3,4,4,4,3,3,4,3,4,4,4,3,3,3,4,3,3,3,3,3,3,3,3,3,3,3,3,3,4,3,4,3,4,4,3,3,3,3,3,3,4,3,3,4,2,4,3,3,3,3,3,4,3,3,3,4,3,3,3,4,4,4,4,3,3,3,4,2,3,4,4,3,4,3,4,3,4,3,3,4,4,3,4,4,4,3,4,3,4,4,3,3,3,3,3,3,3,4,3,3,3,4,3,4,4,4,3,3,4,4,3,4,4,4,4,4,4,3,3,4,3,4,4,4,4,4,4,4,4,3,4,4,4,3,4,0,3,4,3,3,3,4,3,3,4,3,4,3,3,4,4,4,4,3,4,3,3,3,3,3,4,4,3,4,3,3,3,3,3,3,3,4,4,4,3,4,3,4,4,3,3,4,4,4,3,3,3,3,3,3,3,4,3,3,3,4,4,4,3,4,4,3,3,3,3,3,4,4,4,3,0,3,4,3,4,4,4,3,4,4,3,3,3,3,2,4,3,3,4,4,4,4,4,4,0,3,3,3,4,3,3,4,4,4,4,3,3,4,4,3,3,3,3,3,3,3,4,4,4,3,3,2,4,3,4,3,4,4,4,3,4,3,4,2,3,4,4,3,3,3,4,3,4.0,4,3,3,4,4,3,3,4,4,3,4,3,3,4,4,,,4.0,3,3,3,3,4,4,3,3,4,3,3,3,3,3,4,4,4,3,4,4.0,3,2,4,3,3,4,3,3,3,4,4,3,,3,4,4,3,4,2,,4,3,3,4,4,4,,3,4,3,3,3,4,3,4,4,3,3,,4,4,3,5.0,3,3,3,4,4,4,3,4,4,4,3,4,4,3,3,3,4,4,3,4,0,4,4,4,3,4,3,5,4,3,4,4,4,3,4,4,4,4,3,4,3,3,5.0,4,,4,3,4,4,4,4,3,4,3,4,4,4,4,3,4,4,4,4,4,4,4,3,4,3,4,4,3,4,1,0,4,4,4,5,4,4,,3,4,3,4,4,5.0,4,4,4,4,3,4,4,3,4,4,,4,4,4,,3,4,4,4,4,4,4,3,1,3,4,,4,3,3,4,4,3,4,,4,,5.0,4,4,4,4,3,4,4,5.0,4,4,4,4,4,,4,,4,4,4,,4,4,5,0.0,,5.0,,4,,4,4,4,4,4,4,4,4,5.0,4,4,4,,4,4,4,3,5,,,4,4,4,4,3,4,3,,5,4,4,,4,5.0,,4,4,,3,5.0,4,2,4,4,,,3,,4,4,4,4,5.0,3,4,4,,,,4,4,4,4,5.0,4,4,4,4,4,,4,4,4,4,4,4,4,,4,4,4,3,4,4,2,4,0,3,,4,4,4,4,,5.0,4,3,3,4,,4,4,3,4,,4,5.0,4,,4.0,,,,4,4,4.0,4,4,5.0,,4,,5.0,,4,3,5,5.0,,5.0,4,4,,5,4,,,0,,4,,5,,,4,5,4,5,,4,4,4,5.0,4,4,3,4,4,3,4,5.0,3,3,5,3,4.0,3,,3,4,,5.0,3,,4,4,,,4,4,,4,5.0,,,,4,4,,,4.0,3,,4,4,0,,4,5.0,,4,4,4,4,,3,3,4.0,,4.0,,4,4,4,,4,5.0,,4,5.0,5.0,,,4,4,,3,,,4,,4,4,5.0,,4,5.0,,3,,,4,3,,,,3,,,5.0,,4,4,4,4,4,,4,4,4,3,,,4,4,4,,4,4,5.0,4,4,4,4,,4,4,4,3,4,5,5,4,4,,5.0,,,,,,5.0,,4,,4,4,5,4,4,4,4,4,4,,,,,,3,4,,,4,,,4,3,,,0,,4,,4.0,5,4,4,,4,4,,4.0,4,,,4,4,,5.0,,,,5.0,,,4,4,,,4.0,192,3,1.1310326233486114,-0.6709914920082456
3,3,2,2,2,2,2,3,3,3,2,2,2,2,2,2,2,2,3,2,1,2,3,2,3,3,3,3,2,3,2,3,3,3,3,3,3,3,3,3,2,1,2,3.0,1,2,3,2,3,3,3,2,3,2,2,2,2,0,2,2,3,2,2,2,1,2,3,3,2,2,3,3,3,3,2,3,3,3,3,3,2,2,2,2,2,2,2,2,2,2,2,2,3,2,2,2,2,3,3,3,3,3,3,3,2,2,2,2,2,3,3,3,3,2,2,2,2,3,3,3,3,2,3,2,3,3,3,2,2,2,3,2,2,2,3,3,2,2,2,3,3,2,0,2,3,2,3,3,3,3,3,3,2,2,3,2,3,2,3,2,1,2,3,2,3,2,2,2,2,2,2,0,2,2,3,3,3,3,3,2,2,2,3,1,2,4,3,2,2,3,3,2,3,3,3,2,0,2,2,2,2,2,3,2,2,2,2,2,2,2,2,2,2,3,2,2,2,3,2,3,3,3,2,2,3,3,3,3,3,2,3,2,2,3,3,3,2,3,3,3,3,3,3,2,3,2,3,3,3,2,3,3,2,3,2,3,2,3,2,2,3,2,3,2,2,3,3,3,3,2,2,2,2,3,3,3,3,3,2,3,1,2,2,2,3,2,2,3,3,3,2,2,2,3,3,3,2,3,3,3,2,2,2,2,3,2,2,3,3,3,3,3,3,3,3,3,3,3,2,3,3,3,3,3,3,3,2,2,3,2,3,3,3,2,3,3,2,3,2,3,2,3,2,2,3,3,3,3,3,3,3,2,3,2,4,2,2,2,3,3,3,3,2,3,3,2,2,2,3,3,3,3,3,3,3,2,3,2,3,3,3,3,4,3,3,3,3,3,3,3,3,3,3,3,3,3,3,3,4.0,3,2,2,3,3,3,2,3,3,3,2,3,2,2,2,,,3.0,2,2,2,2,3,3,3,2,3,2,2,3,3,2,3,4,3,2,3,4.0,3,3,3,2,2,3,2,3,2,3,3,3,,2,0,3,2,3,3,,3,2,3,2,3,3,,2,3,2,2,3,3,3,3,3,2,2,,3,3,3,4.0,2,2,2,2,3,3,2,3,3,3,3,0,3,2,2,3,2,3,2,3,3,3,3,3,2,3,2,4,3,2,3,3,3,3,3,2,3,3,3,2,2,3,4.0,3,,3,2,3,3,3,3,3,3,2,3,3,3,3,3,4,3,3,3,3,3,3,2,3,2,2,3,3,2,3,3,3,3,3,3,3,3,,3,3,3,3,3,4.0,3,3,3,3,2,3,3,3,3,3,,3,3,3,,3,3,3,3,3,3,3,3,3,1,3,,3,3,3,3,3,2,3,,3,,,3,3,3,2,2,3,3,4.0,2,4,4,4,3,,3,,3,3,3,,3,4,4,,,4.0,,3,,4,3,4,3,3,3,3,3,4.0,3,3,3,,3,3,3,2,4,,,2,3,3,3,2,3,3,,3,3,3,,3,4.0,,3,3,,3,4.0,3,2,3,3,,,3,,3,3,2,3,4.0,3,3,3,,,,3,2,3,3,,3,4,3,3,3,,3,3,3,3,3,4,3,0.0,3,3,3,3,3,3,3,3,4,2,,3,3,3,4,3.0,4.0,3,2,3,3,,3,3,1,3,,3,3.0,3,,4.0,,,,3,3,4.0,3,4,4.0,,3,,,,2,3,3,2.0,,4.0,3,2,,3,3,,,3,,3,,4,,,3,3,3,3,,3,3,3,2.0,3,3,1,3,3,2,3,3.0,3,3,4,3,4.0,1,,2,3,,4.0,3,0.0,2,3,,3.0,3,3,,3,4.0,,,,3,4,,,3.0,3,,3,3,3,,3,4.0,,3,3,2,3,,2,3,,,3.0,0.0,3,3,3,,4,4.0,,3,,4.0,,,3,4,,3,,3.0,3,0.0,3,3,4.0,,3,,,2,,,3,3,,,,3,,,4.0,,3,3,3,2,3,,4,3,3,3,,,2,2,3,,3,3,4.0,3,3,3,4,,4,3,3,2,3,3,4,2,4,,4.0,,,,,,4.0,,4,,3,3,4,3,3,3,3,3,3,,,,,,3,4,,3.0,3,,,3,2,,,3,,2,,3.0,4,3,2,,3,4,,4.0,3,,,3,3,,,,,,4.0,,,3,3,,,,193,3,1.114378270620484,-0.6674854545755035
2,2,2,2,2,2,2,2,2,3,2,2,2,2,1,2,2,2,2,2,2,2,3,2,2,2,2,2,1,2,1,2,2,2,2,2,2,2,2,2,2,0,2,3.0,2,2,2,1,2,3,3,2,2,2,2,2,3,2,2,3,2,2,1,2,1,2,2,3,2,2,2,3,3,3,2,3,2,2,2,2,2,2,1,2,2,2,1,1,2,2,2,2,2,1,2,2,2,3,2,2,2,3,3,2,2,2,2,1,2,3,3,3,3,2,1,1,2,2,3,3,2,1,2,1,2,2,3,2,1,0,2,2,2,1,2,2,2,1,2,1,2,2,1,2,2,2,3,2,2,2,2,2,2,2,2,2,2,2,2,2,1,1,2,2,2,2,1,2,2,1,2,2,0,2,2,3,2,2,2,2,1,1,2,2,2,3,2,2,2,2,2,2,3,3,2,3,2,2,2,2,2,2,2,2,2,2,2,2,2,2,2,2,1,3,2,2,2,2,2,2,2,2,2,2,2,2,2,2,2,2,2,2,2,2,2,3,2,2,2,3,3,3,2,2,3,2,3,3,2,1,2,2,2,2,2,2,1,2,2,3,3,2,2,2,2,3,3,2,2,2,2,2,3,3,2,2,3,2,2,2,1,2,2,2,2,2,2,3,2,2,2,2,1,3,2,1,2,2,3,3,2,2,2,2,2,3,2,2,2,2,2,1,2,3,2,3,2,3,2,3,2,2,3,3,3,2,2,2,3,2,3,2,3,1,3,3,2,2,2,2,2,0,1,2,3,2,2,2,3,2,2,2,2,2,3,2,2,2,3,3,3,2,2,2,2,2,2,2,2,3,2,2,2,2,3,2,2,1,2,2,2,2,2,0,2,2,2,2,2,0,2,2,2,1,2,2,2,2,3.0,2,2,2,3,2,2,2,2,3,2,2,2,2,2,2,,,3.0,2,2,1,2,2,2,2,2,2,2,2,2,2,1,2,3,2,1,3,3.0,2,2,3,1,2,2,2,2,2,2,2,2,,2,3,3,2,2,2,,2,2,2,2,3,2,,1,3,2,2,2,3,3,2,3,2,2,,3,3,2,3.0,2,2,1,2,1,2,1,3,3,2,2,3,2,1,2,2,2,2,2,3,3,3,3,3,2,3,2,3,2,2,3,3,3,2,3,2,3,3,2,3,2,2,3.0,2,,3,2,2,3,3,3,2,3,2,3,3,3,1,3,3,2,2,2,2,2,2,2,2,2,2,2,2,2,2,2,3,2,2,3,2,2,,2,2,3,3,3,3.0,2,2,3,2,2,2,3,2,2,2,,3,2,3,,3,1,3,3,2,2,2,2,2,2,3,,3,2,0,3,2,2,3,,3,3.0,,2,3,2,3,2,2,3,,2,3,3,3,3,0.0,2,,3,3,3,,2,2,3,,,3.0,,3,,3,3,3,3,2,2,3,2,3.0,3,2,3,3.0,3,3,2,2,3,,,2,2,3,2,2,2,2,,3,3,2,,3,3.0,,0,3,,2,,3,2,3,3,,,2,,3,2,3,3,3.0,3,3,3,,,,3,2,3,2,3.0,3,3,3,2,3,,3,3,2,3,3,3,3,,3,2,3,3,3,2,3,2,3,2,,3,3,3,3,,,3,2,2,3,,2,2,2,3,,2,,3,,3.0,,,,3,2,3.0,2,3,3.0,,3,,,,2,2,3,,,2.0,3,3,,3,2,,,2,,3,,3,,,3,3,3,3,2.0,2,3,3,,3,3,2,2,3,2,2,3.0,3,3,3,2,3.0,1,,2,3,,,3,,2,3,,,3,3,,3,3.0,,,,1,3,,,3.0,3,,2,2,3,,2,3.0,,3,2,2,3,,2,2,,,,,3,3,3,,3,3.0,,3,3.0,3.0,,,2,3,,2,,,3,,3,3,,,3,,,2,,,2,2,,,,2,,,3.0,,3,3,2,1,2,,3,3,3,2,0.0,,1,2,3,,3,2,,3,2,3,3,,3,3,3,2,3,3,3,2,3,3.0,3.0,,,,,,3.0,,2,,3,2,3,3,3,2,3,3,3,,,,,,2,3,,,3,,,2,2,,,2,,2,,3.0,3,3,2,,3,3,,,2,,,3,3,,,,,,,,,2,3,,,,194,3,1.081643761055926,-0.6271348741822612
3,2,2,2,2,2,2,3,2,3,2,2,2,2,2,2,1,2,2,2,2,2,3,2,2,3,2,2,1,2,2,2,1,2,2,2,2,2,3,3,2,2,2,4.0,2,2,2,2,2,3,2,0,3,2,2,2,2,2,2,3,2,2,2,2,2,2,2,3,2,2,3,3,3,3,2,3,2,2,2,2,2,1,1,2,2,2,2,2,2,2,2,2,2,2,3,1,1,2,2,2,2,2,3,2,3,2,2,1,2,3,3,3,3,1,1,2,2,3,3,3,3,2,3,2,1,2,3,2,2,2,2,2,2,2,3,2,2,2,3,2,3,2,1,1,3,2,3,2,3,3,3,2,2,2,2,2,2,2,2,3,1,2,2,2,2,2,2,2,2,2,2,2,2,2,2,3,2,2,2,2,2,3,3,2,2,3,3,2,2,2,2,2,3,3,2,2,2,2,2,2,2,2,3,2,2,2,2,2,2,2,2,1,2,3,0,2,2,2,2,3,2,2,2,3,3,2,2,3,3,2,2,2,1,2,2,3,2,3,3,3,3,2,3,2,3,2,3,3,3,2,3,2,2,2,2,2,2,3,2,3,3,2,2,2,2,0,3,3,3,2,3,2,3,3,3,2,3,2,2,2,2,2,2,2,2,2,2,2,3,3,2,3,2,3,2,2,2,3,2,3,2,2,2,2,2,2,2,3,2,3,2,3,3,3,2,3,3,3,2,3,2,3,3,2,3,2,2,2,3,2,3,3,3,1,3,3,2,2,0,2,2,3,2,2,3,1,2,3,3,3,3,2,2,2,3,2,2,2,3,3,3,2,2,2,3,2,2,2,2,3,2,2,2,2,3,2,3,2,3,3,3,3,3,3,3,3,3,3,3,3,3,3,3,2,3,2,3,3,3.0,3,2,2,3,3,1,2,3,3,2,2,2,1,2,2,3.0,,3.0,2,2,2,2,2,2,2,2,3,2,2,3,2,2,3,3,3,1,3,3.0,3,2,3,2,2,2,2,2,2,3,3,2,,2,3,3,2,2,2,,3,2,3,2,3,2,,2,3,3,2,2,2,3,2,3,2,2,,3,3,2,4.0,2,2,3,2,2,2,2,3,3,2,2,3,2,2,2,2,3,3,2,3,3,3,3,3,3,3,2,3,2,2,3,3,2,2,3,3,2,0,2,3,3,3,4.0,3,,3,2,0,3,3,3,2,2,2,3,3,3,3,3,3,3,2,3,2,2,3,2,2,2,2,2,3,2,3,3,3,3,2,4,3,3,,3,3,2,3,3,4.0,2,3,3,3,3,3,3,3,2,3,,3,3,3,,4,3,3,3,2,2,3,2,3,2,3,4.0,3,2,3,3,3,2,3,,2,4.0,,3,3,3,2,2,2,3,4.0,2,3,4,3,2,,3,,3,3,3,,3,4,3,,,4.0,,3,,3,2,3,2,2,2,3,3,3.0,3,3,3,,3,3,2,2,3,4.0,,3,2,3,3,2,3,2,,3,2,3,,3,3.0,,3,3,,2,3.0,3,3,3,3,,,3,,3,3,3,3,4.0,3,3,3,,,,3,3,3,2,4.0,3,3,3,3,3,,3,3,3,3,3,3,3,,2,3,3,3,3,2,3,3,3,2,,3,3,3,3,,4.0,3,2,2,3,,3,3,3,3,,3,4.0,3,,4.0,,4.0,,3,3,4.0,3,2,4.0,4.0,3,,4.0,,3,3,3,4.0,4.0,4.0,3,2,,3,3,,,3,,3,,4,,,3,3,2,3,,3,3,3,4.0,3,3,2,3,3,2,3,4.0,3,3,3,3,4.0,2,,3,3,,4.0,3,,2,3,,,3,3,,3,4.0,3.0,,,3,4,,,3.0,3,,2,3,3,,3,4.0,,3,3,2,3,,2,3,,,,,3,3,0,,4,4.0,,3,,4.0,,,2,3,,3,,,3,,3,3,4.0,,3,,,2,,,3,0,,,,3,,,4.0,,3,0,3,2,3,,3,4,3,2,,,3,2,2,,3,3,4.0,3,2,3,3,,3,3,3,2,3,3,3,3,3,,4.0,,,0.0,,,3.0,3.0,3,,3,2,4,3,3,3,3,3,3,,,,,,2,3,,,4,,,3,2,,,3,,2,,4.0,3,3,2,,2,3,,4.0,3,,,3,3,,,4.0,,,4.0,,,3,3,,,,195,3,1.1049011177987964,-0.6985169835050672
2,2,2,2,2,1,2,1,2,3,2,2,2,2,2,2,2,1,2,2,1,1,3,2,2,2,3,2,2,2,2,2,2,2,2,2,2,3,2,2,2,0,2,3.0,2,2,1,2,2,2,2,2,2,2,2,2,3,2,2,3,2,2,1,2,2,2,2,1,1,2,2,0,2,2,2,0,2,2,2,2,2,2,1,1,2,1,1,1,2,2,2,3,2,1,2,2,2,2,2,2,2,2,3,2,2,2,0,1,2,3,3,3,3,1,1,2,2,2,2,3,2,1,3,2,3,2,3,2,1,2,2,2,2,1,2,2,2,2,3,2,2,2,2,2,2,1,2,2,2,2,2,2,2,2,2,2,2,2,2,2,1,2,2,2,2,1,2,2,2,2,2,2,2,2,2,3,2,2,0,2,2,2,3,2,2,3,2,2,2,0,2,2,3,3,2,2,2,0,2,2,2,2,3,2,2,2,2,2,2,1,2,2,2,2,2,1,2,2,2,2,2,2,2,2,2,2,2,2,2,2,2,2,2,2,2,3,2,2,2,3,3,3,2,2,3,2,3,3,3,2,2,2,2,1,2,2,2,3,2,2,2,2,2,2,2,2,3,3,2,2,3,2,2,2,2,2,3,3,1,2,2,2,2,2,2,2,2,2,2,3,2,2,2,3,3,2,2,2,3,3,2,2,2,2,2,3,2,2,2,2,2,2,2,2,2,2,2,3,2,2,2,2,2,2,3,2,2,2,2,2,3,3,3,2,3,2,2,2,2,2,2,2,2,2,2,2,2,2,3,3,2,2,2,2,3,2,2,2,2,1,2,0,2,2,3,2,2,1,2,3,2,2,2,2,3,2,2,1,2,2,2,1,3,3,3,2,2,2,2,2,2,3,3,2,2,2,3,2,3.0,3,2,2,3,2,2,2,2,2,2,2,2,2,2,2,,,3.0,2,2,2,2,2,2,2,2,3,2,2,2,2,2,2,3,2,1,3,3.0,2,2,3,2,2,3,2,2,2,3,2,2,,2,3,2,2,2,2,,2,2,2,2,3,2,,2,3,2,2,2,3,2,3,3,2,2,,3,3,2,3.0,2,2,2,2,2,2,2,3,3,2,2,3,2,2,1,2,2,3,2,2,3,3,3,3,2,3,2,3,2,2,2,2,3,2,3,2,3,3,2,2,2,2,,3,3.0,2,2,2,3,2,3,2,3,1,3,3,2,1,3,2,2,2,3,2,2,2,2,2,2,2,2,2,2,3,3,3,3,2,3,3,1,3.0,2,2,3,3,2,,2,2,0,3,2,2,3,2,2,3,,3,2,2,,3,3,2,2,3,2,2,2,3,2,2,,3,3,3,3,3,2,2,,3,,,2,3,3,3,2,2,3,,2,3,3,3,3,,2,,3,3,3,,2,3,3,,2.0,3.0,,3,,2,3,3,3,2,2,3,3,3.0,3,2,3,,3,3,2,2,3,,3.0,2,2,2,3,2,2,2,,3,2,2,,3,3.0,,3,2,,2,3.0,3,3,2,3,,,2,,2,3,2,3,3.0,3,3,2,,,,3,3,2,2,,3,3,3,2,3,,2,2,2,3,3,3,3,,2,2,3,2,3,2,3,3,3,2,,3,3,3,3,,,3,2,2,3,,2,3,2,2,,2,,3,,3.0,,,3.0,3,3,3.0,2,3,,,3,,3.0,,2,3,3,3.0,,3.0,3,3,,3,3,,,2,,3,,3,,,3,3,2,3,,3,3,3,3.0,3,3,2,3,3,2,3,3.0,3,3,3,2,3.0,1,,2,1,,,3,,2,3,,,3,2,,3,,,,,3,3,,,3.0,3,,2,3,3,,3,,,3,3,2,3,,2,3,,,,,3,3,3,3.0,3,,,2,,,,,3,3,,3,,,3,,2,3,3.0,,3,,,2,,,3,2,,,,2,,3.0,,,3,3,3,2,3,,3,3,3,3,3.0,,2,2,3,,3,3,,3,3,3,3,,3,3,3,2,3,3,3,3,3,,3.0,,,,,,3.0,,3,,3,2,3,3,3,3,2,3,3,,0.0,,,,2,3,,,3,,,3,2,,,2,,2,3.0,3.0,3,3,2,,3,3,,3.0,3,,,3,3,,3.0,3.0,,,,,,3,3,3.0,,,196,3,1.1056829511465602,-0.6969637045847727
1,2,2,2,2,1,2,2,2,3,3,3,2,2,3,2,2,2,2,2,2,2,3,2,3,3,3,3,2,2,2,2,3,3,3,2,2,3,3,3,3,2,2,3.0,2,2,2,2,3,3,3,3,3,3,3,2,3,2,2,3,3,2,2,2,2,2,3,2,2,2,3,3,3,3,1,3,0,2,0,2,1,2,2,2,2,2,2,2,2,2,3,3,3,2,3,3,2,3,3,2,2,3,3,3,3,2,2,1,3,3,3,3,3,2,2,2,2,2,3,3,2,1,3,3,3,2,3,2,2,2,3,2,2,2,3,3,3,2,3,2,3,2,2,3,3,2,3,2,3,3,3,3,2,2,2,3,3,3,2,2,1,2,3,2,2,2,2,3,2,2,2,2,2,2,2,3,2,2,3,2,2,3,3,2,2,3,3,2,2,2,3,2,3,3,2,3,3,3,3,3,3,2,3,3,3,3,3,2,3,2,1,2,2,3,3,2,3,3,2,2,3,2,0,2,3,2,2,3,2,3,2,3,2,2,1,2,2,2,2,3,0,2,2,2,3,2,3,3,3,2,3,3,2,2,2,1,2,3,2,3,3,2,3,2,0,3,3,3,2,2,3,2,3,3,3,3,3,3,3,2,2,2,2,2,2,2,2,3,3,3,2,3,3,3,3,2,2,3,3,3,2,2,3,2,3,3,2,3,2,2,2,2,2,3,1,3,2,3,2,2,3,3,3,3,3,3,2,2,3,2,3,3,3,2,3,3,3,2,2,3,2,3,3,3,3,3,3,3,4,3,3,2,3,2,3,2,2,2,3,3,3,2,2,2,3,2,2,2,2,3,3,2,3,3,3,2,3,2,3,2,3,3,3,3,0,3,3,3,3,3,3,3,3,2,3,2,3,3,3.0,3,2,2,3,3,2,2,2,3,3,3,3,2,3,3,,,4.0,2,2,2,2,3,3,1,1,3,2,2,3,2,2,3,4,3,2,3,4.0,3,2,3,2,2,3,3,3,2,3,3,2,,2,3,2,2,3,2,,3,2,2,3,3,2,3.0,2,3,2,2,2,3,3,3,3,3,2,,3,3,2,4.0,2,2,2,3,3,2,3,3,3,2,2,3,2,2,2,2,3,3,2,1,3,3,3,3,3,3,2,3,3,2,3,3,4,2,3,3,3,3,2,3,2,3,4.0,3,,3,2,2,3,3,3,2,3,2,3,3,3,3,3,3,3,3,3,2,2,3,2,3,2,2,2,3,2,3,3,3,3,3,4,3,2,,3,3,3,3,3,4.0,3,3,3,3,3,3,3,3,3,3,,3,2,3,,4,3,3,3,3,2,3,3,3,3,3,,3,3,3,2,3,2,3,,3,,,3,3,3,3,3,2,3,4.0,3,3,4,3,3,,3,,3,3,3,,3,4,3,,,4.0,,3,,3,3,3,3,3,3,3,3,4.0,3,3,3,,3,3,3,3,3,,,3,3,3,3,3,3,3,,4,3,3,,3,4.0,,3,3,,3,4.0,3,3,3,3,,,2,,3,3,3,3,4.0,3,3,3,,2.0,,3,3,3,3,4.0,3,3,3,3,3,,3,3,3,3,4,4,3,,3,2,3,3,3,2,3,3,3,3,,3,3,4,4,,4.0,3,2,2,3,,3,3,3,3,,3,4.0,3,,4.0,,,,3,3,4.0,3,3,4.0,,3,3.0,,,3,3,3,4.0,,4.0,3,3,,4,3,,,3,,3,,4,,,3,4,3,4,,3,3,3,4.0,3,3,2,3,3,3,3,4.0,2,3,3,3,4.0,2,,3,3,,4.0,3,3.0,0,4,,,3,3,,3,4.0,,,,3,4,,,4.0,3,,3,3,3,,3,3.0,,3,4,2,3,,2,3,,,,,3,3,3,,4,4.0,,3,,4.0,,,3,4,,2,,,3,4.0,3,3,4.0,,3,,,2,,,3,2,,,,3,,,4.0,,3,3,3,3,3,,3,3,3,3,,,3,3,3,,3,3,4.0,3,3,2,2,,3,3,0,2,3,3,3,3,3,,4.0,,,,,,4.0,,3,,3,2,4,3,3,3,4,3,3,,,,0.0,,2,4,,,4,,,3,3,,,3,,3,,4.0,3,3,3,,3,4,,3.0,3,0.0,,3,4,,,,,,4.0,,,4,3,,,,197,3,1.1062500000000004,-0.6904648275257594
2,2,2,2,2,2,2,2,2,2,2,2,2,1,2,2,2,2,2,0,2,2,3,2,3,2,3,2,2,2,2,2,2,3,2,2,2,3,2,3,2,2,2,3.0,2,1,2,2,2,3,3,1,2,1,2,2,3,2,2,3,2,0,1,2,1,2,2,2,2,2,2,3,3,2,2,3,3,2,2,2,2,2,1,2,2,2,1,2,2,2,2,2,2,2,2,2,2,2,1,2,2,2,2,2,2,2,2,1,2,2,3,3,3,2,2,2,2,2,2,3,3,1,3,2,2,2,3,2,2,1,2,2,2,2,2,2,3,2,2,2,2,2,1,2,2,2,2,2,3,3,2,2,2,2,2,2,2,2,2,2,1,1,2,2,2,2,1,2,2,2,2,2,2,2,2,3,2,2,2,2,2,2,2,2,2,2,2,2,2,2,2,2,3,3,2,3,2,2,2,2,2,2,3,2,2,2,2,2,2,2,2,2,2,2,2,2,2,2,2,2,3,2,2,2,3,2,2,2,2,2,2,2,0,2,2,3,2,2,2,3,3,2,2,2,2,2,2,2,2,1,2,2,2,2,1,2,2,3,2,3,3,2,2,2,1,1,1,0,2,2,2,2,3,2,2,2,2,2,2,2,2,2,2,2,2,2,2,2,2,3,2,2,2,3,2,2,2,3,2,2,2,1,2,2,2,2,2,3,2,3,2,2,2,3,2,3,2,3,2,3,2,2,2,2,2,2,2,2,3,2,3,2,2,2,3,3,3,2,2,3,2,3,2,2,3,2,2,2,3,2,2,1,2,2,3,2,2,2,2,2,2,2,2,2,3,2,1,2,2,3,3,0,2,2,3,2,2,2,3,2,1,2,3,3,3,2,3,2,2,2,2,2,3,2,2,2,3,2,3.0,2,2,2,3,2,0,1,2,2,2,2,2,2,2,2,,0.0,3.0,2,2,2,2,1,2,2,1,2,1,2,2,2,2,2,3,2,1,3,,3,2,3,2,2,3,3,2,0,2,2,2,,2,3,2,2,2,3,3.0,2,2,2,2,2,2,,2,2,2,0,2,3,3,2,3,1,1,,3,3,2,3.0,2,2,2,2,2,3,2,3,2,2,2,3,2,2,2,2,2,2,1,1,2,2,3,2,2,2,2,3,2,2,2,3,3,2,3,1,3,3,1,2,2,2,,3,,2,2,3,3,2,2,1,3,1,3,3,2,2,3,2,2,2,3,2,2,3,2,3,2,1,2,2,2,3,3,2,3,2,3,2,2,,2,2,3,3,2,3.0,2,2,2,3,2,2,3,3,2,2,,3,2,2,3.0,3,3,2,3,3,2,2,2,3,2,3,,3,2,3,3,3,2,2,,3,,,2,1,3,3,2,2,3,,2,3,3,3,3,,2,,3,3,3,,2,3,3,,,,,3,,3,3,3,2,2,2,3,3,3.0,3,2,2,,2,3,2,3,3,,,2,2,2,3,2,2,2,,3,2,3,,2,3.0,,3,2,0.0,2,,3,2,2,2,,,2,,2,3,2,3,1.0,3,3,1,,,,2,3,1,2,3.0,3,3,3,2,3,,3,3,3,2,3,3,3,,3,2,3,3,3,2,3,3,3,2,,3,3,3,3,,,3,2,2,3,,3,3,3,2,,2,,2,2.0,,,,,3,2,3.0,2,1,3.0,,2,,,,3,3,3,3.0,,3.0,3,2,,3,2,,,3,,3,,3,,,3,3,2,3,,3,3,2,3.0,3,3,2,3,3,2,2,3.0,3,3,3,2,3.0,2,,2,2,,3.0,3,,2,3,,,3,3,,3,,,,,1,3,,,3.0,3,,3,3,3,,3,3.0,,3,2,2,2,,2,3,,,,,3,3,3,,3,3.0,,2,,3.0,,,2,3,,2,,,3,,3,3,,,3,,,2,,,3,2,,,,3,,,,,3,3,3,3,3,,3,3,2,3,,,3,2,3,,3,2,,3,3,3,3,,3,3,3,2,3,3,3,2,3,,2.0,,,,,,3.0,,3,,3,2,3,3,3,2,3,2,2,,,,,,2,3,,,3,,,3,2,,,3,,3,,,3,3,3,,3,3,,,3,,,3,3,,,,,3.0,,,,3,3,,,,198,3,1.0893005252972077,-0.6471895096286857
2,0,1,2,2,1,1,3,3,3,3,3,2,2,2,2,2,2,3,2,2,2,3,2,3,3,3,3,2,2,2,3,3,3,3,2,3,3,3,3,3,2,2,4.0,2,2,2,2,2,3,3,2,3,2,2,1,2,2,2,2,3,3,2,2,2,2,2,3,3,3,3,2,3,3,2,3,3,3,3,2,2,2,2,1,2,2,2,2,3,2,3,3,3,2,3,2,2,3,3,2,2,3,2,3,3,2,2,2,3,3,3,3,3,3,2,2,3,2,3,3,3,1,3,2,3,2,2,2,2,2,1,2,2,2,3,3,3,2,2,2,0,2,2,2,3,2,3,2,3,3,3,3,2,2,2,2,3,2,2,2,1,2,2,2,2,2,2,2,2,2,2,2,2,2,1,3,3,3,3,2,2,2,3,2,2,3,2,2,3,2,3,2,2,2,2,2,3,3,3,2,3,2,3,2,3,3,2,2,0,2,2,2,2,3,2,2,3,2,2,3,3,2,2,2,3,3,2,3,2,3,2,2,2,2,2,3,2,2,3,3,2,3,2,2,3,3,3,3,3,2,2,2,1,3,2,2,2,2,3,3,3,2,3,3,3,3,3,3,3,2,3,2,2,2,3,2,3,3,2,3,2,2,2,2,2,2,2,3,2,3,2,3,2,3,3,3,2,3,3,3,2,2,2,2,3,2,2,3,2,3,3,3,3,3,3,3,2,3,2,3,3,3,1,2,3,3,3,2,3,2,3,3,3,2,3,3,3,2,2,3,2,3,2,3,3,2,2,3,3,2,3,1,3,2,3,2,3,2,3,3,3,3,2,2,3,2,2,3,2,3,3,1,3,2,3,2,3,2,3,2,3,3,3,3,3,3,3,3,3,2,3,3,3,2,3,2,3,3,3.0,3,3,2,3,3,2,2,3,3,0,2,3,2,2,3,,,3.0,3,3,2,2,3,3,2,2,3,2,2,2,2,2,3,0,2,2,3,4.0,3,2,3,2,2,3,3,3,2,2,2,2,,1,3,2,2,3,3,,3,2,3,3,2,2,,2,3,0,3,3,3,3,3,3,2,2,,3,3,2,4.0,2,2,2,3,2,3,2,3,3,2,2,3,2,2,2,2,2,3,3,3,3,3,3,4,3,3,2,4,3,3,3,3,3,3,3,3,2,2,2,3,2,3,4.0,3,,3,2,3,3,3,3,3,3,2,3,3,3,2,4,3,3,3,3,3,2,3,2,3,2,2,3,3,2,3,3,3,3,2,4,3,3,,3,3,2,3,3,4.0,2,3,3,2,2,3,3,3,3,3,,3,2,3,4.0,3,3,2,2,3,3,3,3,2,3,2,,3,3,3,3,3,2,3,,3,,,3,3,3,3,2,2,3,4.0,2,4,1,3,3,,3,,3,3,3,,3,3,4,,,4.0,,2,4.0,3,3,3,3,2,3,3,2,4.0,3,2,3,,3,3,2,3,4,,,3,3,3,3,2,3,3,,3,3,3,,3,3.0,,3,3,,3,4.0,3,2,3,3,,,3,,3,3,3,3,4.0,2,3,3,,,,3,3,3,3,4.0,3,3,4,3,3,,3,3,3,3,4,4,3,0.0,3,1,3,3,3,3,3,3,3,3,,2,3,3,3,,3.0,3,2,2,3,,3,3,3,3,,3,4.0,3,,3.0,,,,3,3,4.0,3,3,4.0,,3,,,,2,3,3,4.0,,4.0,3,3,4.0,3,3,,,3,4.0,3,,3,,,3,3,3,3,,3,2,2,4.0,3,3,2,3,3,1,3,4.0,2,3,4,3,3.0,1,,3,3,,4.0,2,,2,3,3.0,,2,3,,3,0.0,,,,3,4,,,3.0,2,,3,3,3,,3,4.0,4.0,3,3,2,3,,2,3,,,,,3,3,3,,3,4.0,,3,,4.0,,,3,4,,1,,,3,,3,3,4.0,,3,,,3,,,4,3,,,,3,,,4.0,,3,3,3,3,3,,3,4,3,3,,,2,3,3,,3,3,4.0,3,3,3,3,,3,3,3,2,3,3,3,3,3,,4.0,,3.0,,,,4.0,,3,,2,2,4,4,3,3,4,3,3,4.0,,,,0.0,2,3,,,4,,,3,2,,,3,,3,,4.0,3,3,3,,4,3,,4.0,3,4.0,,2,3,,,3.0,,4.0,4.0,,4.0,0,3,,,3.0,199,3,1.1058061103028705,-0.6752573129069952
