0,1,2,3,4,5,6,7,8,9,10,11,12,13,14,15,16,17,18,19,20,21,22,23,24,25,26,27,28,29,30,31,32,33,34,35,36,37,38,39,40,41,42,43,44,45,46,47,48,49,50,51,52,53,54,55,56,57,58,59,60,61,62,63,64,65,66,67,68,69,70,71,72,73,74,75,76,77,78,79,80,81,82,83,84,85,86,87,88,89,90,91,92,93,94,95,96,97,98,99,100,101,102,103,104,105,106,107,108,109,110,111,112,113,114,115,116,117,118,119,120,121,122,123,124,125,126,127,128,129,130,131,132,133,134,135,136,137,138,139,140,141,142,143,144,145,146,147,148,149,150,151,152,153,154,155,156,157,158,159,160,161,162,163,164,165,166,167,168,169,170,171,172,173,174,175,176,177,178,179,180,181,182,183,184,185,186,187,188,189,190,191,192,193,194,195,196,197,198,199,200,201,202,203,204,205,206,207,208,209,210,211,212,213,214,215,216,217,218,219,220,221,222,223,224,225,226,227,228,229,230,231,232,233,234,235,236,237,238,239,240,241,242,243,244,245,246,247,248,249,250,251,252,253,254,255,256,257,258,259,260,261,262,263,264,265,266,267,268,269,270,271,272,273,274,275,276,277,278,279,280,281,282,283,284,285,286,287,288,289,290,291,292,293,294,295,296,297,298,299,300,301,302,303,304,305,306,307,308,309,310,311,312,313,314,315,316,317,318,319,320,321,322,323,324,325,326,327,328,329,330,331,332,333,334,335,336,337,338,339,340,341,342,343,344,345,346,347,348,349,350,351,352,353,354,355,356,357,358,359,360,361,362,363,364,365,366,367,368,369,370,371,372,373,374,375,376,377,378,379,380,381,382,383,384,385,386,387,388,389,390,391,392,393,394,395,396,397,398,399,400,401,402,403,404,405,406,407,408,409,410,411,412,413,414,415,416,417,418,419,420,421,422,423,424,425,426,427,428,429,430,431,432,433,434,435,436,437,438,439,440,441,442,443,444,445,446,447,448,449,450,451,452,453,454,455,456,457,458,459,460,461,462,463,464,465,466,467,468,469,470,471,472,473,474,475,476,477,478,479,480,481,482,483,484,485,486,487,488,489,490,491,492,493,494,495,496,497,498,499,500,501,502,503,504,505,506,507,508,509,510,511,512,513,514,515,516,517,518,519,520,521,522,523,524,525,526,527,528,529,530,531,532,533,534,535,536,537,538,539,540,541,542,543,544,545,546,547,548,549,550,551,552,553,554,555,556,557,558,559,560,561,562,563,564,565,566,567,568,569,570,571,572,573,574,575,576,577,578,579,580,581,582,583,584,585,586,587,588,589,590,591,592,593,594,595,596,597,598,599,600,601,602,603,604,605,606,607,608,609,610,611,612,613,614,615,616,617,618,619,620,621,622,623,624,625,626,627,628,629,630,631,632,633,634,635,636,637,638,639,640,641,642,643,644,645,646,647,648,649,650,651,652,653,654,655,656,657,658,659,660,661,662,663,664,665,666,667,668,669,670,671,672,673,674,675,676,677,678,679,680,681,682,683,684,685,686,687,688,689,690,691,692,693,694,695,696,697,698,699,700,701,702,703,704,705,706,707,708,709,710,711,712,713,714,715,716,717,718,719,720,721,722,723,724,725,726,727,728,729,730,731,732,733,734,735,736,737,738,739,740,741,742,743,744,745,746,747,748,749,750,751,752,753,754,755,756,757,758,759,760,761,762,763,764,765,766,767,768,769,770,771,772,773,774,775,776,777,778,779,780,781,782,783,784,785,786,787,788,789,790,791,792,793,794,795,796,797,798,799,800,801,802,803,804,805,806,807,808,809,810,811,812,813,814,815,816,817,818,819,820,821,822,823,824,825,826,827,828,829,830,831,832,833,834,835,836,837,838,839,840,841,842,843,844,845,846,847,848,849,850,851,852,853,854,855,856,857,858,859,860,861,862,863,864,865,866,867,868,869,870,871,872,873,874,875,876,877,878,879,880,881,882,883,884,885,886,887,888,889,890,891,892,893,894,895,896,897,898,899,900,901,902,903,904,905,906,907,908,909,910,911,912,913,914,915,916,917,918,919,920,921,922,923,924,925,926,927,928,929,930,931,932,933,934,935,936,937,938,939,940,941,942,943,944,945,946,947,948,949,950,951,952,953,954,955,956,957,958,959,960,961,962,963,964,965,966,967,968,969,970,971,972,973,974,975,976,977,978,979,980,981,982,983,984,985,986,987,988,989,990,991,992,993,994,995,996,997,998,999,1000,1001,1002,1003,1004,1005,1006,1007,1008,1009,1010,1011,1012,1013,1014,1015,1016,1017,1018,1019,1020,1021,1022,1023,1024,1025,1026,1027,1028,1029,1030,1031,1032,1033,1034,1035,1036,1037,1038,1039,1040,1041,1042,1043,1044,1045,1046,1047,1048,1049,1050,1051,1052,1053,1054,1055,1056,1057,1058,1059,1060,1061,1062,1063,1064,1065,1066,1067,1068,1069,1070,1071,1072,1073,1074,1075,1076,1077,1078,1079,1080,1081,1082,1083,1084,1085,1086,1087,1088,1089,1090,1091,1092,1093,1094,1095,1096,1097,1098,1099,1100,1101,1102,1103,1104,1105,1106,1107,1108,1109,1110,1111,1112,1113,1114,1115,1116,1117,1118,1119,1120,1121,1122,1123,1124,1125,1126,1127,1128,1129,1130,1131,1132,1133,1134,1135,1136,1137,1138,1139,1140,1141,1142,1143,1144,1145,1146,1147,1148,1149,1150,1151,1152,1153,1154,1155,1156,1157,1158,1159,1160,1161,1162,1163,1164,1165,1166,1167,1168,1169,1170,1171,1172,1173,1174,1175,1176,1177,1178,1179,1180,1181,1182,1183,1184,1185,1186,1187,1188,1189,1190,1191,1192,1193,1194,1195,1196,1197,1198,1199,1200,1201,1202,1203,1204,1205,1206,1207,1208,1209,1210,1211,1212,1213,1214,1215,1216,1217,1218,1219,1220,1221,1222,1223,1224,1225,1226,1227,1228,1229,1230,1231,1232,1233,1234,1235,1236,1237,1238,1239,1240,1241,1242,1243,1244,1245,1246,1247,1248,1249,1250,1251,1252,1253,1254,1255,1256,1257,1258,1259,1260,1261,1262,1263,1264,1265,1266,1267,1268,1269,1270,1271,1272,1273,1274,1275,1276,1277,1278,1279,1280,1281,1282,1283,1284,1285,1286,1287,1288,1289,1290,1291,1292,1293,1294,1295,1296,1297,1298,1299,1300,1301,1302,1303,1304,1305,1306,1307,1308,1309,1310,1311,1312,1313,1314,1315,1316,1317,1318,1319,1320,1321,1322,1323,1324,1325,1326,1327,1328,1329,1330,1331,1332,1333,1334,1335,1336,1337,1338,1339,1340,1341,1342,1343,1344,1345,1346,1347,1348,1349,1350,1351,1352,1353,1354,1355,1356,1357,1358,1359,1360,1361,1362,1363,1364,1365,1366,1367,1368,1369,1370,1371,1372,1373,1374,1375,1376,1377,1378,1379,1380,1381,1382,1383,1384,1385,1386,1387,1388,1389,1390,1391,1392,1393,1394,1395,1396,1397,1398,1399,1400,1401,1402,1403,1404,1405,1406,1407,1408,1409,1410,1411,1412,1413,1414,1415,1416,1417,1418,1419,1420,1421,1422,1423,1424,1425,1426,1427,1428,1429,1430,1431,1432,1433,1434,1435,1436,1437,1438,1439,1440,1441,1442,1443,1444,1445,1446,1447,1448,1449,1450,1451,1452,1453,1454,1455,1456,1457,1458,1459,1460,1461,1462,1463,1464,1465,1466,1467,1468,1469,1470,1471,1472,1473,1474,1475,1476,1477,1478,1479,1480,1481,1482,1483,1484,1485,1486,1487,1488,1489,1490,1491,1492,1493,1494,1495,1496,1497,1498,1499,1500,1501,1502,1503,1504,1505,1506,1507,1508,1509,1510,1511,1512,1513,1514,1515,1516,1517,1518,1519,1520,1521,1522,1523,1524,1525,1526,1527,1528,1529,1530,1531,1532,1533,1534,1535,1536,1537,1538,1539,1540,1541,1542,1543,1544,1545,1546,1547,1548,1549,1550,1551,1552,1553,1554,1555,1556,1557,1558,1559,1560,1561,1562,1563,1564,1565,1566,1567,1568,1569,1570,1571,1572,1573,1574,1575,1576,1577,1578,1579,1580,1581,1582,1583,1584,1585,1586,1587,1588,1589,1590,1591,1592,1593,1594,1595,1596,1597,1598,1599,1600,1601,1602,1603,1604,1605,1606,1607,1608,1609,1610,1611,1612,1613,1614,1615,1616,1617,1618,1619,1620,1621,1622,1623,1624,1625,1626,1627,1628,1629,1630,1631,1632,1633,1634,1635,1636,1637,1638,1639,1640,1641,1642,1643,1644,1645,1646,1647,1648,1649,1650,1651,1652,1653,1654,1655,1656,1657,1658,1659,1660,1661,1662,1663,1664,1665,1666,1667,1668,1669,1670,1671,1672,1673,1674,1675,1676,1677,1678,1679,1680,1681,1682,1683,1684,1685,1686,1687,1688,1689,1690,1691,1692,1693,1694,1695,1696,1697,1698,1699,1700,1701,1702,1703,1704,1705,1706,1707,1708,1709,1710,1711,1712,1713,1714,1715,1716,1717,1718,1719,1720,1721,1722,1723,1724,1725,1726,1727,1728,1729,1730,1731,1732,1733,1734,1735,1736,1737,1738,1739,1740,1741,1742,1743,1744,1745,1746,1747,1748,1749,1750,1751,1752,1753,1754,1755,1756,1757,1758,1759,1760,1761,1762,1763,1764,1765,1766,1767,1768,1769,1770,1771,1772,1773,1774,1775,1776,1777,1778,1779,1780,1781,1782,1783,1784,1785,1786,1787,1788,1789,1790,1791,1792,1793,1794,1795,1796,1797,1798,1799,1800,1801,1802,1803,1804,1805,1806,1807,1808,1809,1810,1811,1812,1813,1814,1815,1816,1817,1818,1819,1820,1821,1822,1823,1824,1825,1826,1827,1828,1829,1830,1831,1832,1833,1834,1835,1836,1837,1838,1839,1840,1841,1842,1843,1844,1845,1846,1847,1848,1849,1850,1851,1852,1853,1854,1855,1856,1857,1858,1859,1860,1861,1862,1863,1864,1865,1866,1867,1868,1869,1870,1871,1872,1873,1874,1875,1876,1877,1878,1879,1880,1881,1882,1883,1884,1885,1886,1887,1888,1889,1890,1891,1892,1893,1894,1895,1896,1897,1898,1899,1900,1901,1902,1903,1904,1905,1906,1907,1908,1909,1910,1911,1912,1913,1914,1915,1916,1917,1918,1919,1920,1921,1922,1923,1924,1925,1926,1927,1928,1929,1930,1931,1932,1933,1934,1935,1936,1937,1938,1939,1940,1941,1942,1943,1944,1945,1946,1947,1948,1949,1950,1951,1952,1953,1954,1955,1956,1957,1958,1959,1960,1961,1962,1963,1964,1965,1966,1967,1968,1969,1970,1971,1972,1973,1974,1975,1976,1977,1978,1979,1980,1981,1982,1983,1984,1985,1986,1987,1988,1989,1990,1991,1992,1993,1994,1995,1996,1997,1998,1999,2000,2001,2002,2003,2004,2005,2006,2007,2008,2009,2010,2011,2012,2013,2014,2015,2016,2017,2018,2019,2020,2021,2022,2023,2024,2025,2026,2027,2028,2029,2030,2031,2032,2033,2034,2035,2036,2037,2038,2039,2040,2041,2042,2043,2044,2045,2046,2047,2048,2049,2050,2051,2052,2053,2054,2055,2056,2057,2058,2059,2060,2061,2062,2063,2064,2065,2066,2067,2068,2069,2070,2071,2072,2073,2074,2075,2076,2077,2078,2079,2080,2081,2082,2083,2084,2085,2086,2087,2088,2089,2090,2091,2092,2093,2094,2095,2096,2097,2098,2099,2100,2101,2102,2103,2104,2105,2106,2107,2108,2109,2110,2111,2112,2113,2114,2115,2116,2117,2118,2119,2120,2121,2122,2123,2124,2125,2126,2127,2128,2129,2130,2131,2132,2133,2134,2135,2136,2137,2138,2139,2140,2141,2142,2143,2144,2145,2146,2147,2148,2149,2150,2151,2152,2153,2154,2155,2156,2157,2158,2159,2160,2161,2162,2163,2164,2165,2166,2167,2168,2169,2170,2171,2172,2173,2174,2175,2176,2177,2178,2179,2180,2181,2182,2183,2184,2185,2186,2187,2188,2189,2190,2191,2192,2193,2194,2195,2196,2197,2198,2199,2200,2201,2202,2203,2204,2205,2206,2207,2208,2209,2210,2211,2212,2213,2214,2215,2216,2217,2218,2219,2220,2221,2222,2223,2224,2225,2226,2227,2228,2229,2230,2231,2232,2233,2234,2235,2236,2237,2238,2239,2240,2241,2242,2243,2244,2245,2246,2247,2248,2249,2250,2251,2252,2253,2254,2255,2256,2257,2258,2259,2260,2261,2262,2263,2264,2265,2266,2267,2268,2269,2270,2271,2272,2273,2274,2275,2276,2277,2278,2279,2280,2281,2282,2283,2284,2285,2286,2287,2288,2289,2290,2291,2292,2293,2294,2295,2296,2297,2298,2299,2300,2301,2302,2303,2304,2305,2306,2307,2308,2309,2310,2311,2312,2313,2314,2315,2316,2317,2318,2319,2320,2321,2322,2323,2324,2325,2326,2327,2328,2329,2330,2331,2332,2333,2334,2335,2336,2337,2338,2339,2340,2341,2342,2343,2344,2345,2346,2347,2348,2349,2350,2351,2352,2353,2354,2355,2356,2357,2358,2359,2360,2361,2362,2363,2364,2365,2366,2367,2368,2369,2370,2371,2372,2373,2374,2375,2376,2377,2378,2379,2380,2381,2382,2383,2384,2385,2386,2387,2388,2389,2390,2391,2392,2393,2394,2395,2396,2397,2398,2399,2400,2401,2402,2403,2404,2405,2406,2407,2408,2409,2410,2411,2412,2413,2414,2415,2416,2417,2418,2419,2420,2421,2422,2423,2424,2425,2426,2427,2428,2429,2430,2431,2432,2433,2434,2435,2436,2437,2438,2439,2440,2441,2442,2443,2444,2445,2446,2447,2448,2449,2450,2451,2452,2453,2454,2455,2456,2457,2458,2459,2460,2461,2462,2463,2464,2465,2466,2467,2468,2469,2470,2471,2472,2473,2474,2475,2476,2477,2478,2479,2480,2481,2482,2483,2484,2485,2486,2487,2488,2489,2490,2491,2492,2493,2494,2495,2496,2497,2498,2499,2500,2501,2502,2503,2504,2505,2506,2507,2508,2509,2510,2511,2512,2513,2514,2515,2516,2517,2518,2519,2520,2521,2522,2523,2524,2525,2526,2527,2528,2529,2530,2531,2532,2533,2534,2535,2536,2537,2538,2539,2540,2541,2542,2543,2544,2545,2546,2547,2548,2549,2550,2551,2552,2553,2554,2555,2556,2557,2558,2559,2560,2561,2562,2563,2564,2565,2566,2567,2568,2569,2570,2571,2572,2573,2574,2575,2576,2577,2578,2579,2580,2581,2582,2583,2584,2585,2586,2587,2588,2589,2590,2591,2592,2593,2594,2595,2596,2597,2598,2599,2600,2601,2602,2603,2604,2605,2606,2607,2608,2609,2610,2611,2612,2613,2614,2615,2616,2617,2618,2619,2620,2621,2622,2623,2624,2625,2626,2627,2628,2629,2630,2631,2632,2633,2634,2635,2636,2637,2638,2639,2640,2641,2642,2643,2644,2645,2646,2647,2648,2649,2650,2651,2652,2653,2654,2655,2656,2657,2658,2659,2660,2661,2662,2663,2664,2665,2666,2667,2668,2669,2670,2671,2672,2673,2674,2675,2676,2677,2678,2679,2680,2681,2682,2683,2684,2685,2686,2687,2688,2689,2690,2691,2692,2693,2694,2695,2696,2697,2698,2699,2700,2701,2702,2703,2704,2705,2706,2707,2708,2709,2710,2711,2712,2713,2714,2715,2716,2717,2718,2719,2720,2721,2722,2723,2724,2725,2726,2727,2728,2729,2730,2731,2732,2733,2734,2735,2736,2737,2738,2739,2740,2741,2742,2743,2744,2745,2746,2747,2748,2749,2750,2751,2752,2753,2754,2755,2756,2757,2758,2759,2760,2761,2762,2763,2764,2765,2766,2767,2768,2769,2770,2771,2772,2773,2774,2775,2776,2777,2778,2779,2780,2781,2782,2783,2784,2785,2786,2787,2788,2789,2790,2791,2792,2793,2794,2795,2796,2797,2798,2799,2800,2801,2802,2803,2804,2805,2806,2807,2808,2809,2810,2811,2812,2813,2814,2815,2816,2817,2818,2819,2820,2821,2822,2823,2824,2825,2826,2827,2828,2829,2830,2831,2832,2833,2834,2835,2836,2837,2838,2839,2840,2841,2842,2843,2844,2845,2846,2847,2848,2849,2850,2851,2852,2853,2854,2855,2856,2857,2858,2859,2860,2861,2862,2863,2864,2865,2866,2867,2868,2869,2870,2871,2872,2873,2874,2875,2876,2877,2878,2879,2880,2881,2882,2883,2884,2885,2886,2887,2888,2889,2890,2891,2892,2893,2894,2895,2896,2897,2898,2899,2900,2901,2902,2903,2904,2905,2906,2907,2908,2909,2910,2911,2912,2913,2914,2915,2916,2917,2918,2919,2920,2921,2922,2923,2924,2925,2926,2927,2928,2929,2930,2931,2932,2933,2934,2935,2936,2937,2938,2939,2940,2941,2942,2943,2944,2945,2946,2947,2948,2949,2950,2951,2952,2953,2954,2955,2956,2957,2958,2959,2960,2961,2962,2963,2964,2965,2966,2967,2968,2969,2970,2971,2972,2973,2974,2975,2976,2977,2978,2979,2980,2981,2982,2983,2984,2985,2986,2987,2988,2989,2990,2991,2992,2993,2994,2995,2996,2997,2998,2999,seed,complex_param,simple_infection_ratio,EPH,corr
5,6,3,7,5,5,7,6,6,9,4,7,9,4,11,7,6,6,6,11,7,11,0,16,14,10,10,12,11,10,17,10,3,5,14,11,4,13,11,15,19,7.0,16,25,6,12,6,11,11,15,13,10,15,17,18,9,18,18,11,15,8,7,20,16,19.0,15,12,7,12,8,18,16,18,10,11,17,23,24,17,12,18,9,3,16,17,22,12,16,9,13,16,10,19,17,18,16,12,15,16,17,17,16,15,8,0,18,14,18,13,17,7,20.0,18,16,31.0,7,19,26,15,25,15,18,15,21,3,13,20,16.0,14,10,17,15,44.0,10,18,12.0,13,25,13,9,16,11,18,17,12.0,19.0,5,30.0,10,18,8,12,36.0,7,12,24,25,27.0,13,19,19,4,18,27,24,33.0,17,20,18,14,13,53.0,13,12,4,42,20,26.0,13,27.0,16,11,8,21,25,12.0,34.0,8,19,40.0,,14,12,11,20,38,2,9,27.0,21,21,61.0,13,7,28,7,29.0,12,10,57,17,40.0,24,13,18,14,5,11,15,24.0,26.0,15,7,9,51.0,18,18,22,36.0,20,21.0,20.0,15,12,,26,19,14,17.0,24.0,22,19,16,15,16,28.0,23,8,20,9,16,12,20.0,12.0,15,49.0,24.0,26.0,9.0,21,41.0,14,5,28,29.0,28.0,22.0,17.0,22.0,21,20.0,52.0,37.0,20,11,14.0,30,22,9,19.0,15.0,49.0,19,16.0,15,16,24.0,38.0,23,,35.0,11,25,5.0,19,16.0,12.0,50.0,0,17,19.0,25,17,18,33,0,16,17,17,20,21,0,19,12.0,18.0,19,16,16,32.0,25.0,20,20,24,53.0,16,14.0,21,17,26,11,14,42.0,9,36.0,19,18,18.0,27,25,13,32.0,10.0,13,15.0,,41.0,14.0,34.0,11,38.0,13,28,18,18.0,21,52.0,14.0,10,60.0,27.0,17.0,21,4.0,19,27,21,24,18,18,15,18.0,14,40.0,25,14,21,35.0,20,32.0,15,44.0,15,,16,18,27.0,48,35.0,11,17.0,34.0,23,56,27.0,18.0,24.0,20.0,29.0,15,8.0,21.0,24,44.0,17,18,58.0,35.0,18,15.0,28,28.0,,27,22,20,,18,21.0,31.0,17,18.0,19,23.0,20,8,14,27.0,21.0,13,18,21,,19.0,21,25,29.0,15,31.0,33.0,17.0,14.0,35.0,15.0,21.0,52.0,,14.0,18,14,17.0,20.0,28.0,6.0,38.0,21.0,34.0,24.0,10,19,22.0,,0,,0.0,39.0,12.0,20.0,15.0,19,31,32.0,19.0,22.0,16.0,12,25.0,11.0,23.0,55,20,17,29.0,,14.0,25.0,13,14,32.0,26.0,33,16.0,22.0,25,25.0,9.0,28.0,30,24.0,15,17.0,40.0,27.0,10,21.0,25,38.0,21,22,15.0,42.0,37.0,25.0,22,20,18,28.0,26,34.0,23,24,27.0,26,25,62.0,28.0,14,38,23.0,14.0,46.0,46.0,39.0,18.0,14,16.0,18,0,21.0,5.0,33.0,46.0,18.0,2.0,19,30,13.0,53.0,17.0,30.0,23.0,25.0,16,14.0,19,27.0,59.0,22.0,22.0,8,17.0,13,,62.0,22.0,13,30.0,53.0,,29,20,28.0,26.0,20.0,28.0,62.0,19.0,18.0,29.0,54.0,36.0,17.0,17.0,19,10,37.0,,29.0,26,10,17,22,45.0,,20,7,46.0,28.0,19,37.0,42.0,60.0,11,29.0,10.0,51.0,9,35.0,43.0,25.0,44.0,11.0,29.0,25,21.0,10,20.0,14,17,22,20.0,17.0,18.0,54.0,32.0,28.0,55.0,50.0,29.0,19.0,29.0,11,18.0,19.0,23,14.0,25.0,32.0,7.0,27,25.0,,40.0,18,19,,28,23.0,8.0,16.0,,24,6.0,25,19,32.0,9,46.0,22,24.0,16.0,35.0,13,18,11.0,33.0,22,35.0,26,41.0,11,21.0,31.0,19.0,25.0,16.0,26.0,19,24.0,32.0,32.0,,34.0,59.0,16.0,27,14,6.0,18,20,16,9.0,30.0,22.0,31.0,10.0,27.0,23,41.0,,19.0,25,,45.0,16.0,42.0,15.0,16,30.0,27.0,25.0,51.0,20.0,34.0,21.0,44,45.0,,,,,0.0,28.0,15,58.0,19.0,18.0,23.0,17,15,,6.0,21,7.0,58.0,49.0,21,15.0,14.0,7.0,61.0,16,14.0,50.0,28.0,57.0,35.0,29.0,38.0,35.0,14.0,16,21,21.0,35.0,20.0,25.0,34.0,12.0,50.0,57.0,45.0,22.0,28,13,32.0,23,28.0,44.0,5.0,30.0,16,17,27.0,17.0,14.0,22.0,28.0,18.0,27.0,9.0,21.0,10,20.0,46.0,,27.0,21.0,29.0,24,27.0,25.0,13.0,29,,7.0,,24.0,22.0,24.0,21,30.0,29,39.0,19.0,18.0,24.0,22.0,45.0,20.0,45.0,44.0,10.0,,50.0,18.0,16.0,18.0,39.0,,23.0,45.0,26.0,,16,20.0,,17,57.0,,8,19.0,19.0,47.0,18,13,17,31.0,29.0,,33.0,21.0,13.0,39.0,28.0,28.0,30,30.0,15,28.0,15,26,11.0,19,49.0,6.0,18.0,,18,18.0,10.0,37.0,17.0,11.0,,18,36.0,27,12.0,22.0,22.0,30,25.0,19,22,28.0,21.0,,19,43.0,,26,4.0,16.0,16.0,16.0,19.0,22.0,20.0,19.0,19,35.0,19.0,23.0,21.0,,33.0,32.0,10.0,15,0.0,6,14.0,18.0,5.0,33.0,17,21,44.0,28.0,33.0,20.0,31.0,31.0,13.0,18.0,17.0,16,27.0,19.0,34,24,20.0,,15,41.0,36.0,19,27.0,36,21,19,22.0,8.0,48.0,14.0,10.0,58.0,10.0,44.0,32.0,29.0,31.0,41.0,27.0,25.0,20.0,11.0,54.0,38.0,,58.0,,22.0,,24.0,61.0,25.0,,47.0,26.0,27.0,30.0,23.0,22.0,,9.0,24.0,37.0,16.0,28.0,13.0,,23.0,47.0,25.0,37.0,19.0,13.0,38.0,13,12.0,24.0,19.0,0,28.0,12.0,15.0,46.0,43.0,56.0,16.0,25.0,41.0,23.0,17.0,,58.0,25.0,6.0,,22.0,26.0,23.0,0.0,56.0,35.0,20.0,18.0,14.0,25.0,,9.0,10,52.0,0.0,23.0,15,,17.0,,46.0,16.0,40.0,37.0,,0.0,15,23.0,35.0,32.0,39.0,12.0,,27,18,23.0,30.0,20.0,,,54.0,21,35,23.0,,20.0,27.0,24.0,60.0,,23.0,46.0,44.0,8.0,21.0,34.0,24.0,,12.0,19,46.0,20.0,18.0,22.0,53.0,27,58.0,20,61.0,24,17.0,40.0,32.0,61.0,11.0,31.0,26.0,15.0,44.0,5.0,4.0,22.0,13,33.0,25.0,45.0,56.0,15.0,16,38.0,39.0,33.0,8.0,22.0,46.0,56.0,62.0,31.0,8,18,39.0,17.0,12.0,22.0,34.0,15.0,,15.0,0,0.0,51.0,26.0,48.0,27.0,23.0,22.0,27.0,25,21.0,29.0,18.0,24,6,35.0,30.0,43.0,36.0,53.0,19.0,18.0,49.0,49.0,11.0,32.0,18.0,34.0,16.0,,29,18.0,20.0,39.0,52.0,23.0,33,,32.0,36,44.0,21.0,54.0,,18.0,29.0,25.0,21.0,19.0,49.0,24.0,11,15.0,,28.0,21.0,20,14.0,,29.0,27.0,34.0,31.0,27.0,18.0,29.0,17.0,11.0,20.0,16.0,49,21,16.0,10.0,54.0,47.0,28.0,18,34,23.0,10.0,19.0,,0.0,18.0,33.0,34.0,46.0,21.0,28.0,,,19.0,21.0,26,32,22.0,26.0,,,,15,,22.0,49.0,22.0,29.0,21.0,16.0,,55.0,23.0,7.0,,31.0,30.0,41.0,22,26.0,12.0,27,62.0,37.0,38.0,,43.0,22.0,24.0,,,34.0,8.0,,25.0,35.0,20.0,41.0,48.0,53.0,29.0,29.0,9.0,,24.0,31.0,48.0,59.0,,18.0,19.0,,34.0,12.0,7.0,28.0,36.0,18.0,,,26.0,12.0,26.0,11.0,10.0,33.0,37.0,25.0,,25.0,20.0,45.0,13.0,15.0,27.0,34.0,31.0,7.0,7.0,60.0,10.0,48.0,26.0,28,,21.0,27.0,46.0,23.0,12.0,33.0,22.0,47.0,18.0,35.0,29.0,56.0,8.0,40.0,28.0,20.0,22.0,,50.0,37.0,60.0,,20.0,16.0,22.0,23.0,15.0,17.0,25.0,33.0,28.0,35.0,57.0,19.0,24.0,41.0,53.0,37.0,42.0,62.0,,41.0,22.0,39.0,,21,60.0,21.0,15.0,23.0,20.0,41.0,28.0,31.0,23.0,36,4.0,61.0,42.0,,24.0,42.0,23.0,39.0,34.0,43.0,28.0,41.0,21.0,41.0,39.0,28.0,27,49.0,34.0,18.0,,29.0,19.0,22.0,31.0,,17.0,43.0,12.0,22.0,15.0,55.0,21.0,33.0,25.0,50.0,37.0,29.0,60.0,27.0,51.0,15,27,23.0,36.0,39.0,28.0,,,5.0,13.0,52.0,16.0,56.0,36.0,22.0,45.0,31.0,14.0,,17.0,43.0,30.0,44.0,21.0,23.0,52.0,47.0,17.0,36.0,17.0,13.0,26.0,20.0,18.0,12.0,11.0,41.0,,34.0,24.0,,14.0,22.0,15.0,45.0,,28.0,10.0,,29.0,16,42.0,26.0,16.0,,37,,28.0,,34.0,39.0,21.0,35.0,29.0,18,36.0,29.0,23.0,,,25.0,,38,17.0,43.0,38.0,,26,44.0,,46.0,32.0,56.0,15.0,17.0,29.0,34.0,58.0,23.0,,19.0,17.0,26.0,33.0,,35.0,25.0,,51.0,33.0,14.0,24.0,16,,46.0,50.0,,35.0,19.0,53.0,22.0,17.0,20.0,,37.0,23.0,28,28.0,,1.0,43.0,35.0,35.0,,33.0,,26.0,26.0,40.0,27.0,34.0,30.0,20.0,35.0,23.0,12.0,41.0,35.0,18.0,21.0,28.0,37.0,21.0,24.0,57.0,,32.0,31.0,0.0,33.0,41.0,16.0,,19.0,15.0,42.0,26.0,,34.0,,33.0,22.0,29.0,39.0,52.0,29.0,27.0,,46.0,31.0,,31.0,28.0,27.0,,28.0,14.0,8.0,15.0,27.0,23.0,18.0,26.0,25.0,7.0,24.0,25,51.0,,35.0,18.0,26.0,,15.0,29.0,52.0,19.0,46.0,0.0,,30.0,16.0,22.0,27.0,37.0,10.0,,,,14.0,26.0,46.0,9.0,46.0,24.0,31.0,,41.0,28.0,,39.0,6.0,30.0,17.0,16.0,17.0,15.0,,29.0,58.0,,20.0,,18.0,37.0,53.0,,,39.0,10.0,50.0,20.0,23.0,56.0,58.0,21.0,24.0,30.0,50.0,,26.0,,,11.0,12.0,57.0,42.0,,,13.0,0.0,20.0,42.0,30.0,46.0,27.0,26.0,26.0,20.0,33.0,,49.0,8.0,13.0,,61.0,28.0,20.0,20.0,48.0,,30.0,51.0,52.0,28.0,61.0,14.0,,,36.0,,17.0,9.0,12.0,,16.0,23.0,39.0,10.0,30.0,,55.0,11.0,52.0,30.0,23.0,44.0,27.0,27.0,41.0,32.0,,,,,18,53.0,,53.0,,,21.0,34.0,38.0,25.0,47.0,18,0.0,,57.0,16.0,9.0,20.0,25.0,21.0,26,44.0,34.0,32.0,18.0,19.0,,28.0,60.0,59.0,,23.0,18.0,24.0,61.0,,31.0,12.0,17.0,24.0,,,23.0,,32.0,,31.0,12.0,45.0,18.0,45.0,29.0,32.0,58.0,26.0,14.0,38.0,5.0,51.0,24.0,20.0,29.0,26.0,49.0,16.0,,,46.0,,18.0,9.0,11.0,54.0,,35.0,14.0,26.0,36.0,,62.0,13.0,30.0,10.0,17.0,33.0,,26.0,12.0,16.0,34.0,51.0,21.0,41.0,62.0,55.0,,29.0,51.0,,,13.0,18.0,,14.0,,50.0,18.0,4.0,51.0,,52.0,13.0,11.0,14.0,41.0,59.0,20.0,23.0,17.0,42.0,,62.0,8.0,30.0,,51.0,,43.0,44.0,32,33.0,,37.0,,28.0,25.0,15.0,27.0,26.0,28.0,31.0,55.0,,58.0,50.0,37.0,10.0,21.0,22.0,59.0,58.0,58.0,35.0,23.0,,11.0,13.0,57.0,32.0,,21.0,47.0,44.0,,45.0,58.0,,46.0,19.0,55.0,43.0,42.0,11.0,,25.0,,16.0,51.0,,28.0,46.0,23.0,26.0,61.0,30.0,32.0,26.0,46.0,,46.0,,20.0,23.0,42.0,54.0,14.0,52.0,34.0,8.0,,,43.0,26.0,24.0,25.0,54.0,38.0,38.0,18.0,12,38.0,,36,,41.0,,,27.0,26.0,52.0,22.0,33.0,51.0,32.0,,31.0,,32.0,42.0,25.0,,37.0,16.0,33.0,17.0,,34.0,33.0,52.0,10.0,36.0,21.0,51.0,37.0,28.0,,32.0,23.0,29.0,25.0,26.0,34.0,28.0,58.0,50.0,17.0,58.0,53.0,16.0,6.0,55.0,26.0,11.0,17.0,,33.0,19.0,41.0,37.0,,16.0,36.0,56.0,29.0,42.0,51.0,14.0,30.0,59.0,10.0,31.0,46.0,24.0,59.0,21.0,33.0,31.0,32.0,26.0,14.0,52.0,38.0,37.0,15.0,18.0,41.0,25.0,,11.0,50.0,19.0,30.0,17.0,13.0,40.0,,19.0,43.0,15.0,42.0,5.0,,,20.0,30.0,28.0,28.0,48.0,49.0,,10.0,,4.0,24.0,33.0,,39.0,,26.0,54.0,,26.0,,19.0,20.0,29.0,,7.0,29.0,13.0,14.0,41.0,37.0,30.0,28.0,19.0,20.0,32.0,53.0,38.0,31.0,45.0,60.0,,,37.0,26.0,29.0,41.0,28.0,,,36.0,37.0,,19.0,26.0,,12.0,29.0,30.0,31.0,32.0,61.0,0.0,,34.0,25.0,,,20.0,34.0,27.0,47.0,22.0,57.0,18.0,22.0,,32.0,29.0,21.0,61.0,12.0,,,50.0,48.0,17.0,45.0,49.0,,39.0,27.0,,12.0,23.0,54.0,11.0,19.0,54.0,58.0,6.0,,43.0,7.0,,,19.0,27.0,34.0,49.0,53.0,40.0,,27.0,32.0,29.0,27.0,29.0,27.0,18.0,29.0,34.0,,18.0,31.0,25.0,36.0,17.0,26.0,21.0,30.0,31.0,26.0,32.0,42.0,18.0,62.0,,46.0,,13.0,16.0,47.0,19.0,,48.0,17.0,53.0,23.0,51.0,11.0,36.0,,23.0,,39.0,36.0,46.0,61.0,13.0,35.0,10.0,36.0,5.0,53.0,55.0,59.0,16.0,62.0,,23.0,45.0,40.0,16.0,,,57.0,,23.0,,15.0,36.0,41.0,48.0,46.0,25.0,28.0,,,,59.0,37.0,39.0,19.0,24.0,35.0,11.0,16.0,,17.0,36.0,,37.0,41.0,48.0,,,58.0,38.0,28.0,37.0,14.0,21.0,32.0,47.0,25.0,8.0,20.0,,16.0,41.0,48.0,42.0,8.0,,43.0,43.0,16.0,56.0,,53.0,17.0,56.0,,,34.0,20.0,12.0,37.0,50.0,,40.0,,45.0,,35.0,13.0,12.0,53.0,10.0,14.0,49.0,17.0,17.0,43.0,,20.0,19.0,52.0,,,36.0,41.0,25.0,13.0,0.0,,23.0,40.0,29.0,6.0,17.0,50.0,51.0,23.0,29.0,10.0,57.0,,41.0,32.0,,38.0,0.0,,,62.0,,24.0,53.0,31.0,24.0,16.0,19.0,42.0,60.0,,36.0,,12.0,20.0,,50.0,39.0,51.0,29.0,,18.0,,,,,52.0,31.0,,,,,,25.0,61.0,22.0,15.0,24.0,24.0,13.0,32.0,55.0,40.0,27.0,42.0,29.0,49.0,14.0,28.0,33.0,22.0,44.0,,35.0,20.0,47.0,,24.0,57.0,18.0,12.0,26.0,56.0,55.0,29.0,21.0,46.0,19.0,25.0,44.0,19.0,,61.0,11.0,,,45.0,27.0,38.0,24.0,25.0,44.0,,36.0,51.0,35.0,61.0,35.0,,19.0,25.0,38.0,,14.0,29.0,12.0,26.0,56.0,48.0,34.0,32.0,34.0,26.0,29.0,,30.0,60.0,21.0,,53.0,,,40.0,23.0,26.0,8.0,45.0,36.0,,7.0,45.0,62.0,28.0,33.0,,,43.0,7.0,52.0,23.0,45.0,11.0,43.0,,12.0,14.0,,,,19.0,19.0,30.0,,35.0,20.0,21.0,30.0,48.0,,17.0,51.0,51.0,44.0,,20.0,21.0,9.0,10.0,26.0,,,,23.0,10.0,60.0,51.0,40.0,,17.0,20.0,18.0,44.0,16.0,,24.0,,,39.0,,,31.0,50.0,23.0,,30.0,51.0,53.0,45.0,43.0,33.0,26.0,0.0,25.0,24.0,,46.0,33.0,44.0,1.0,31.0,60.0,30.0,16.0,22.0,,57.0,8.0,,,47.0,38.0,60.0,,52.0,9.0,,35.0,49.0,50.0,27.0,55.0,35.0,,36.0,56.0,36.0,17.0,47.0,,34.0,34.0,34.0,36.0,,62.0,23.0,37.0,25.0,44.0,41.0,29.0,,37.0,,25.0,19.0,18.0,36.0,16.0,39.0,56.0,54.0,9.0,47.0,38.0,45.0,54.0,16.0,60.0,31.0,,33.0,62.0,39.0,50.0,19.0,,20.0,34.0,22.0,,37.0,,16.0,,,,45.0,23.0,24.0,41.0,,38.0,17.0,14.0,,,,0.0,19.0,16.0,48.0,,40.0,35.0,31.0,48.0,22.0,35.0,,37.0,5.0,54.0,48.0,15.0,,17.0,,55.0,50.0,,24.0,7.0,55.0,30.0,18.0,37.0,49.0,20.0,39.0,,,19.0,21.0,14.0,24.0,47.0,45.0,37.0,24.0,50.0,,,44.0,48.0,32.0,28.0,21.0,,37.0,41.0,54.0,,7.0,22.0,,57.0,52.0,56.0,56.0,,,20.0,36.0,,41.0,12.0,23.0,14.0,,10.0,,0.0,,,18.0,62.0,10.0,43.0,15.0,35.0,20.0,,36.0,42.0,10.0,,,58.0,25.0,43.0,,,34.0,33.0,17.0,38.0,20.0,15.0,,0.0,,29.0,61.0,,44.0,22.0,51.0,,41.0,15.0,9.0,36.0,47.0,37.0,,,52.0,59.0,59.0,46.0,13.0,53.0,35.0,19.0,19.0,,28.0,25.0,33.0,,62.0,21.0,18.0,20.0,55.0,61.0,18.0,24.0,27.0,32.0,33.0,48.0,25.0,,52.0,,,60.0,,22.0,50.0,,6.0,36.0,24.0,18.0,18.0,42.0,48.0,,,55.0,11.0,31.0,,,,,,31.0,58.0,12.0,17.0,52.0,35.0,,,29.0,41.0,22.0,,22.0,61.0,36.0,27.0,31.0,,50.0,31.0,11.0,,35.0,,15.0,12.0,62.0,40.0,19.0,22.0,30.0,57.0,,33.0,,52.0,7.0,58.0,15.0,16.0,59.0,,15.0,50.0,59.0,15.0,57.0,37.0,29.0,,19.0,51.0,43.0,36.0,16.0,61.0,45.0,29.0,42.0,60.0,24.0,,17.0,22.0,44.0,23.0,,,,37.0,,47.0,,18.0,21.0,35.0,32.0,38.0,46.0,,47.0,,23.0,28.0,,,53.0,,,50.0,,19.0,,35.0,42.0,35.0,23.0,17.0,23.0,,44.0,26.0,60.0,18.0,11.0,,58.0,,,61.0,,,,,54.0,11.0,57.0,,,,40.0,,47.0,11.0,43.0,29.0,29.0,,35.0,,23.0,18.0,,7.0,48.0,28.0,26.0,44.0,,32.0,,23.0,,22.0,35.0,35.0,44.0,10.0,50.0,32.0,35.0,6.0,8.0,25.0,,16.0,,,41.0,39.0,59.0,,8.0,36.0,,,13.0,21.0,,18.0,20.0,41.0,,14.0,32.0,,30.0,53.0,35.0,0.0,57.0,52.0,,8.0,,59.0,,7.0,58.0,26.0,,31.0,61.0,,35.0,44.0,,24.0,33.0,,29.0,,42.0,28.0,,,17.0,23.0,40.0,9.0,62.0,14.0,8.0,22.0,25.0,31.0,,56.0,0.0,,23.0,45.0,52.0,25.0,19.0,,20.0,,,,13.0,34.0,58.0,30.0,,38.0,30.0,15.0,0,3,2.488243430152144,18.740591783970125,-0.3590522607951943
2,3,1,10,5,4,6,8,4,3,4,5,8,4,9,5,8,10,30,26,3,13,6,5,8,15,10,6,0,7,11,11,8,9,9,10,10,10,11,16,10,32.0,9,11,11,0,17,8,7,14,7,12,9,13,14,34,18,11,6,8,12,9,17,12,39.0,8,16,10,7,3,4,12,7,10,5,9,15,16,10,9,16,9,6,4,10,12,8,8,17,13,9,11,32,11,7,10,12,11,12,0,12,4,9,7,9,6,13,10,13,8,13,33.0,14,20,43.0,11,13,15,9,18,8,11,9,9,10,11,0,8.0,17,4,17,15,11.0,11,9,,10,16,7,14,9,19,18,19,10.0,6.0,9,9.0,8,13,4,10,36.0,11,17,9,11,23.0,33,19,21,8,11,16,14,21.0,14,19,18,20,9,14.0,10,27,10,28,15,12.0,20,17.0,11,11,6,13,13,32.0,21.0,8,18,57.0,,11,38,8,15,19,13,11,20.0,12,25,37.0,9,13,14,19,34.0,10,9,5,11,46.0,14,7,15,19,20,19,13,16.0,19.0,12,16,25,21.0,23,16,15,37.0,9,28.0,28.0,13,18,,19,9,12,31.0,25.0,9,18,7,12,22,31.0,7,12,5,15,18,18,26.0,41.0,7,25.0,31.0,30.0,16.0,7,30.0,12,11,42,16.0,24.0,5.0,14.0,13.0,17,22.0,13.0,12.0,3,25,39.0,21,29,23,25.0,44.0,35.0,14,37.0,14,11,21.0,32.0,14,11.0,33.0,5,8,12.0,7,50.0,13.0,0.0,17,18,26.0,0,10,17,37,11,26,15,20,5,13,27,17,25.0,17.0,9,13,17,11.0,18.0,35,27,11,17.0,14,39.0,22,9,24,10,12,23.0,11,29.0,14,21,21.0,15,27,15,12.0,9.0,10,33.0,,30.0,14.0,12.0,13,27.0,24,0,14,26.0,8,26.0,25.0,14,28.0,36.0,35.0,18,7.0,16,15,18,23,14,14,19,10.0,23,6.0,13,6,16,,18,,27,36.0,14,26.0,8,18,5.0,26,28.0,20,15.0,33.0,12,27,0.0,17.0,13.0,56.0,3.0,16,15.0,24.0,12,20.0,10,24,8.0,23.0,16,11.0,14,20.0,36.0,14,14,18,50.0,12,24.0,32.0,22,31.0,12,38.0,19,21,14,8.0,16.0,18,12,15,41.0,22.0,34,16,25.0,41,23.0,11.0,30.0,18.0,24.0,7.0,17.0,26.0,39.0,25.0,14,13,23.0,8.0,16.0,42.0,30.0,51.0,55.0,19.0,5,18,34.0,38.0,14,24.0,,27.0,13.0,29.0,31.0,17,22,33.0,34.0,21.0,14.0,7,,18.0,28.0,19,9,28,38.0,24.0,19.0,10.0,1,21,13.0,42.0,6,25.0,26.0,28,44.0,,34.0,32,12.0,18,11.0,31.0,21.0,17,41.0,20,54.0,11,6,,16.0,10.0,41.0,11,17,26,31.0,31,36.0,10,34,25.0,28,9,7.0,12.0,34,16,29.0,22.0,19.0,22.0,18.0,36.0,20,33.0,10,11,,9.0,27.0,52.0,10.0,15.0,13,21,45.0,37.0,0.0,26.0,18.0,18.0,18,,23,,6.0,26.0,10.0,21,19.0,11,21.0,,39.0,22,29.0,41.0,15.0,20,26,26.0,18.0,9.0,46.0,,21.0,,10.0,16.0,,16.0,21.0,18,13,14.0,26.0,30.0,11,21,20,13,15.0,46.0,18,11,36.0,16.0,17,19.0,26.0,55.0,33,20.0,39.0,20.0,18,40.0,8.0,23.0,55.0,26.0,13.0,10,23.0,19,41.0,7,19,18,55.0,23.0,11.0,38.0,32.0,27.0,23.0,25.0,5.0,34.0,22.0,13,42.0,28.0,26,17.0,34.0,0.0,16.0,14,43.0,,24.0,16,10,5.0,10,17.0,7.0,18.0,11.0,24,46.0,12,27,24.0,6,40.0,13,24.0,30.0,12.0,12,28,6.0,16.0,29,,17,35.0,20,19.0,33.0,,,30.0,12.0,11,1.0,25.0,,24.0,0.0,14.0,40.0,19,17,10.0,18,22,2,49.0,40.0,20.0,,27.0,17.0,29,21.0,18.0,42.0,45,44.0,20.0,32.0,29.0,15.0,21,,22.0,24.0,,4.0,14.0,25.0,27,19.0,33.0,56.0,46.0,3.0,10.0,19.0,16,28.0,21.0,12.0,18.0,16,10,10.0,15.0,12,33.0,36.0,17.0,12,32.0,22.0,11.0,40.0,10,4.0,48.0,28.0,42.0,8.0,27.0,,54.0,18.0,24,20,17.0,25.0,10.0,22.0,34.0,26.0,21.0,16.0,27.0,30.0,23,34,21.0,28,55.0,28.0,21.0,32.0,18,11,14.0,19.0,33.0,20.0,23.0,19.0,47.0,27.0,40.0,33,,40.0,36.0,48.0,45.0,,15,23.0,14.0,15.0,10,26.0,24.0,14.0,19.0,17.0,14.0,30,31.0,49,,28.0,19.0,32.0,48.0,54.0,18.0,24.0,16.0,27.0,28.0,,35.0,,39.0,19.0,27.0,38.0,18.0,9.0,24.0,17,22.0,18.0,5,15.0,,10,19.0,15.0,13.0,16,10,13,13.0,26.0,55.0,33.0,3.0,24.0,31.0,8.0,6.0,24,6.0,15,24.0,32,32,6.0,19,,,18.0,17.0,6,12.0,11.0,18.0,18.0,25.0,,28,,27,7.0,51.0,39.0,20,23.0,19,31,50.0,27.0,24.0,13,13.0,,10,44.0,36.0,50.0,33.0,,18.0,11.0,29.0,25,11.0,12.0,16.0,33.0,51.0,37.0,5.0,22.0,19,38.0,23,18.0,24.0,,34.0,12,19,10.0,13.0,28.0,20.0,45.0,22.0,21.0,5.0,31.0,4,28.0,12.0,46,19,16.0,30.0,13,35.0,31.0,13,11.0,12,15,25,11.0,15.0,24.0,6.0,25.0,26.0,9.0,41.0,39.0,7.0,16.0,45.0,12.0,20.0,10.0,17.0,11.0,27.0,25.0,15.0,33.0,26.0,36.0,18.0,42.0,18.0,36.0,,45.0,32.0,18.0,23.0,26.0,,11.0,,21.0,11.0,42.0,10.0,20.0,37.0,12.0,29.0,31.0,22.0,23.0,26.0,24,12.0,32.0,14.0,13,32.0,32.0,14.0,19.0,43.0,,16.0,39.0,28.0,21.0,17.0,10.0,28.0,26.0,40.0,31.0,24.0,51.0,22.0,17.0,14.0,34.0,35.0,9.0,21.0,39.0,,43.0,24,31.0,17.0,45.0,19,32.0,19.0,19.0,26.0,7.0,46.0,15.0,52.0,57.0,22,24.0,38.0,10.0,24.0,24.0,53.0,13,18,24.0,28.0,20.0,50.0,29.0,8.0,12,11,42.0,27.0,19.0,43.0,,43.0,,15.0,12.0,11.0,9.0,17.0,,33.0,20.0,24.0,11,18.0,26.0,34.0,31.0,35.0,41,33.0,15,15.0,29,38.0,34.0,23.0,48.0,11.0,26.0,22.0,26.0,19.0,16.0,14.0,25.0,11,13.0,,31.0,21.0,,16,21.0,31.0,42.0,12.0,39.0,7.0,36.0,16.0,29.0,0,7,26.0,33.0,31.0,29.0,20.0,9.0,25.0,24.0,15,49.0,30.0,22.0,33.0,21.0,36.0,17.0,44.0,13,44.0,32.0,40.0,11,7,,,6.0,51.0,12.0,38.0,52.0,,,5.0,31.0,20.0,11.0,36.0,21.0,20,21.0,22.0,31.0,16.0,7.0,0,,24.0,8,42.0,35.0,24.0,,48.0,18.0,48.0,52.0,12.0,21.0,,41,21.0,35.0,16.0,24.0,14,27.0,57.0,19.0,11.0,23.0,2.0,31.0,20.0,47.0,,,54.0,19.0,25,35,6.0,40.0,19.0,4.0,35.0,28,11,22.0,33.0,23.0,19.0,23.0,13.0,15.0,40.0,25.0,27.0,20.0,,33.0,13.0,55.0,13,22,35.0,37.0,30.0,25.0,35.0,22,20.0,8.0,26.0,32.0,,18.0,41.0,14.0,45.0,37.0,19.0,47.0,25.0,35.0,44.0,0,16.0,,21,10.0,,27.0,32.0,34.0,33.0,19.0,38.0,9.0,45.0,2.0,57.0,12.0,6.0,,,38.0,26.0,24.0,50.0,,39.0,55.0,23.0,46.0,21.0,,18.0,16.0,23.0,27.0,8.0,,55.0,56.0,26.0,30.0,23.0,17.0,12.0,8.0,19.0,12.0,19.0,30.0,21.0,28.0,45.0,35.0,28.0,24.0,25.0,,27.0,20.0,14.0,56.0,,,41.0,23.0,20,16.0,31.0,20.0,24.0,,53.0,30.0,47.0,21.0,31.0,30.0,11.0,34.0,16.0,10.0,41.0,14.0,13.0,,11.0,41.0,9.0,24.0,24.0,,34.0,38.0,13.0,37.0,,26.0,,33.0,,50.0,28.0,,33.0,,38.0,26.0,,38.0,13.0,37.0,39.0,8,30.0,26.0,30.0,52.0,,,28.0,27.0,23.0,17,10.0,,52.0,55.0,0.0,21.0,12.0,11.0,39.0,52.0,36.0,32.0,21.0,19.0,,29.0,11,25.0,38.0,27.0,34.0,13.0,,22.0,16.0,33.0,15.0,21.0,,56.0,18.0,21.0,16.0,39.0,32.0,16.0,11.0,50.0,,25.0,18.0,9,32,22.0,21.0,24.0,0.0,28.0,,26.0,28.0,,18.0,51.0,20.0,14.0,25.0,31.0,46.0,,10.0,,,14.0,12.0,,55.0,57.0,45.0,51.0,20.0,27.0,22.0,31.0,,,21.0,38.0,42.0,25.0,39.0,,12.0,22.0,53.0,21.0,31.0,14.0,0.0,,12.0,12,31.0,34.0,11.0,29.0,9,12.0,,17.0,28.0,32.0,11.0,5.0,28.0,26,37.0,25.0,36.0,32.0,,4.0,,31,,7.0,28.0,39.0,34,53.0,37.0,41.0,24.0,,3.0,,10.0,44.0,,18.0,,21.0,25.0,,40.0,9.0,29.0,10.0,37.0,25.0,28.0,19.0,22.0,25,32.0,16.0,22.0,,3.0,31.0,12.0,36.0,13.0,11.0,,30.0,,8,12.0,49.0,35.0,35.0,32.0,32.0,53.0,,,,49.0,,29.0,23.0,0.0,57.0,47.0,16.0,43.0,31.0,,,,22.0,15.0,31.0,15.0,20.0,37.0,26.0,29.0,12.0,17.0,15.0,5.0,7.0,,,12.0,33.0,24.0,35.0,15.0,,43.0,19.0,22.0,23.0,44.0,34.0,,38.0,6.0,25.0,47.0,15.0,16.0,26.0,,43.0,7.0,35.0,30.0,53.0,,16.0,38.0,18.0,,8,32.0,50.0,,29.0,14.0,,25.0,,28.0,,14.0,15.0,25.0,7.0,19.0,49.0,27.0,16.0,25.0,47.0,0.0,36.0,11.0,15.0,40.0,19.0,14.0,49.0,,,46.0,0.0,31.0,49.0,,22.0,54.0,49.0,28.0,21.0,51.0,13.0,48.0,51.0,,18.0,,31.0,21.0,,24.0,44.0,14.0,17.0,,17.0,21.0,27.0,39.0,14.0,30.0,,34.0,,13.0,21.0,21.0,17.0,36.0,42.0,40.0,35.0,25.0,31.0,8.0,35.0,,9.0,32.0,17.0,16.0,,45.0,40.0,,10.0,,45.0,23.0,14.0,15.0,13.0,,,37.0,31.0,,,27.0,7.0,46.0,22.0,15.0,,29.0,25.0,57.0,23.0,32.0,32.0,18.0,29.0,46.0,18.0,13.0,10.0,13.0,31.0,16.0,38.0,9.0,,16.0,,,38.0,32.0,23.0,23,36.0,,21.0,37.0,,48.0,23.0,24.0,9.0,35.0,15,,,15.0,36.0,35.0,42.0,47.0,24.0,26,26.0,15.0,17.0,17.0,45.0,38.0,19.0,,,,,27.0,46.0,,34.0,44.0,,13.0,4.0,33.0,50.0,31.0,19.0,34.0,,49.0,11.0,21.0,41.0,33.0,16.0,,12.0,43.0,17.0,26.0,25.0,25.0,43.0,27.0,15.0,55.0,,,24.0,32.0,,30.0,,,13.0,35.0,49.0,17.0,15.0,46.0,27.0,21.0,15.0,,0.0,20.0,11.0,,,38.0,25.0,39.0,22.0,54.0,25.0,24.0,14.0,18.0,19.0,,22.0,,41.0,,33.0,42.0,37.0,24.0,38.0,35.0,,,52.0,37.0,18.0,29.0,,17.0,29.0,,10.0,4.0,8.0,6.0,5.0,56.0,16.0,39.0,37.0,50.0,9.0,34.0,33,43.0,41.0,11.0,,11.0,23.0,,49.0,24.0,,15.0,,53.0,,10.0,12.0,18.0,27.0,42.0,22.0,18.0,44.0,39.0,,55.0,35.0,,10.0,35.0,22.0,35.0,41.0,47.0,53.0,16.0,13.0,46.0,41.0,32.0,,18.0,51.0,13.0,11.0,45.0,7.0,32.0,25.0,45.0,14.0,50.0,30.0,20.0,48.0,32.0,20.0,29.0,34.0,32.0,,32.0,34.0,25.0,18.0,,15.0,47.0,53.0,10.0,30.0,18.0,,15.0,42.0,30.0,45.0,,15.0,27.0,3,52.0,19.0,4,10.0,48.0,18.0,34.0,21.0,34.0,10.0,15.0,25.0,42.0,28.0,23.0,25.0,35.0,14.0,20.0,23.0,38.0,29.0,36.0,46.0,13.0,57.0,17.0,,,8.0,38.0,40.0,33.0,40.0,32.0,22.0,14.0,30.0,55.0,44.0,27.0,32.0,28.0,0.0,45.0,31.0,28.0,8.0,8.0,22.0,23.0,29.0,,,51.0,41.0,,46.0,24.0,25.0,40.0,,5.0,20.0,19.0,29.0,19.0,31.0,53.0,19.0,,31.0,,31.0,18.0,21.0,,,31.0,,23.0,27.0,,21.0,23.0,25.0,35.0,47.0,,31.0,36.0,30.0,22.0,50.0,,24.0,39.0,12.0,,20.0,27.0,40.0,3.0,15.0,30.0,25.0,0.0,,6.0,47.0,13.0,40.0,,0.0,39.0,,42.0,36.0,21.0,25.0,,28.0,17.0,36.0,36.0,48.0,,9.0,14.0,14.0,46.0,35.0,28.0,,34.0,45.0,,51.0,,16.0,13.0,,9.0,55.0,8.0,4.0,15.0,,26.0,14.0,30.0,19.0,50.0,,33.0,13.0,26.0,30.0,,24.0,54.0,48.0,31.0,,,,28.0,9.0,43.0,40.0,52.0,20.0,42.0,0.0,22.0,35.0,9.0,,,43.0,11.0,45.0,,,,14.0,36.0,15.0,25.0,34.0,18.0,38.0,9.0,,,47.0,44.0,36.0,,,43.0,,33.0,24.0,23.0,31.0,8.0,36.0,14.0,10.0,29.0,34.0,,23.0,30.0,11.0,46.0,52.0,55.0,24.0,,30.0,46.0,22.0,46.0,22.0,40.0,23.0,,29.0,23.0,34.0,24.0,18.0,39.0,27.0,15.0,21.0,19.0,32.0,35.0,,53.0,29.0,55.0,,51.0,9.0,34.0,,38.0,22.0,13.0,16.0,55.0,20.0,34.0,25.0,,30.0,17.0,18.0,34.0,11.0,29.0,,57.0,,13.0,14.0,,,23.0,37.0,,52.0,,5.0,,23.0,52.0,19.0,20.0,32.0,33.0,42.0,28.0,19.0,43.0,46.0,54.0,,43.0,,23.0,12.0,30.0,13.0,31.0,,21.0,,22.0,15.0,16.0,11.0,20.0,34.0,17.0,,37.0,52.0,,,,19.0,31.0,33.0,13.0,12.0,42.0,36.0,33.0,18.0,28.0,40.0,23.0,33.0,51.0,16.0,8.0,,51.0,18.0,39.0,5.0,,38.0,18.0,20.0,44.0,39.0,28.0,50.0,19.0,,,9.0,8.0,11.0,36.0,32.0,9.0,27.0,,42.0,,,,4.0,,15.0,55.0,21.0,35.0,38.0,48.0,,,29.0,,25.0,26.0,29.0,46.0,,,12.0,49.0,35.0,29.0,3.0,23.0,,,25.0,,45.0,,,9.0,30.0,31.0,30.0,11.0,52.0,30.0,,47.0,20.0,27.0,32.0,19.0,26.0,15.0,44.0,,,,11.0,,51.0,,37.0,,,51.0,46.0,19.0,17.0,,30.0,50.0,30.0,25.0,21.0,34.0,33.0,26.0,55.0,32.0,31.0,41.0,17.0,22.0,43.0,,,30.0,27.0,52.0,50.0,52.0,,54.0,45.0,45.0,41.0,5.0,,32.0,,56.0,15.0,17.0,47.0,,,29.0,32.0,35.0,51.0,,,,19.0,,6.0,25.0,,,19.0,27.0,28.0,,46.0,,9.0,,,16.0,45.0,17.0,24.0,31.0,48.0,,14.0,,,33.0,14.0,46.0,,19.0,26.0,19.0,,12.0,,38.0,34.0,41.0,24.0,56.0,51.0,39.0,17.0,,,43.0,23.0,56.0,,49.0,27.0,22.0,38.0,51.0,20.0,25.0,50.0,19.0,49.0,26.0,11.0,33.0,44.0,10.0,,44.0,17.0,18.0,55.0,,,40.0,43.0,18.0,,,20.0,12.0,,27.0,43.0,43.0,31.0,21.0,,19.0,29.0,17.0,27.0,25.0,53.0,,33.0,,,11.0,12.0,14.0,41.0,29.0,27.0,21.0,23.0,23.0,25.0,22.0,,39.0,50.0,36.0,35.0,40.0,22.0,22.0,47.0,,21.0,,43.0,,,14.0,18.0,10.0,5.0,53.0,13.0,27.0,28.0,24.0,48.0,,,47.0,30.0,42.0,52.0,56.0,36.0,35.0,44.0,42.0,,39.0,,23.0,26.0,57.0,39.0,40.0,41.0,16.0,20.0,25.0,18.0,,19.0,20.0,49.0,31.0,21.0,27.0,18.0,42.0,,,11.0,46.0,17.0,46.0,20.0,51.0,57.0,54.0,22.0,,7.0,23.0,,31.0,28.0,57.0,15.0,34.0,19.0,,,19.0,24.0,22.0,18.0,16.0,24.0,7.0,25.0,38.0,26.0,40.0,,24.0,32.0,8.0,14.0,49.0,21.0,38.0,12.0,45.0,,31.0,19.0,21.0,,40.0,42.0,25.0,21.0,,11.0,,28.0,17.0,,24.0,14.0,12.0,14.0,18.0,43.0,33.0,29.0,43.0,50.0,34.0,,,,30.0,,17.0,30.0,27.0,56.0,17.0,30.0,15.0,,22.0,55.0,14.0,25.0,46.0,,23.0,26.0,23.0,30.0,16.0,23.0,,17.0,6.0,50.0,22.0,55.0,27.0,28.0,13.0,54.0,0.0,15.0,,,,18.0,20.0,45.0,12.0,,15.0,35.0,,35.0,,28.0,32.0,39.0,21.0,52.0,,,41.0,25.0,,,51.0,53.0,34.0,27.0,19.0,21.0,7.0,29.0,33.0,23.0,25.0,27.0,,,,,10.0,8.0,25.0,,29.0,47.0,34.0,,16.0,,,29.0,48.0,,,42.0,,34.0,,43.0,20.0,23.0,,9.0,43.0,57.0,14.0,37.0,23.0,50.0,6.0,28.0,17.0,26.0,,41.0,15.0,38.0,36.0,37.0,19.0,28.0,46.0,,33.0,,,18.0,,,,38.0,,,,29.0,29.0,0.0,,19.0,23.0,14.0,,19.0,31.0,22.0,,0.0,10.0,,12.0,34.0,,26.0,40.0,39.0,43.0,,16.0,26.0,,,32.0,,39.0,14.0,,7.0,18.0,18.0,28.0,22.0,17.0,20.0,38.0,20.0,,47.0,47.0,16.0,32.0,24.0,21.0,42.0,36.0,14.0,14.0,22.0,28.0,,,,16.0,43.0,,14.0,52.0,,53.0,11.0,13.0,,17.0,,23.0,20.0,46.0,13.0,34.0,34.0,,44.0,,28.0,43.0,36.0,32.0,,,48.0,16.0,13.0,39.0,19.0,49.0,24.0,55.0,,54.0,21.0,40.0,,42.0,21.0,38.0,,27.0,42.0,46.0,,26.0,12.0,12.0,17.0,54.0,0.0,20.0,45.0,8.0,48.0,53.0,41.0,,54.0,28.0,39.0,54.0,38.0,24.0,32.0,38.0,46.0,55.0,29.0,,30.0,16.0,16.0,22.0,22.0,,54.0,53.0,,,10.0,29.0,15.0,31.0,12.0,26.0,,32.0,15.0,,,38.0,13.0,42.0,,,49.0,5.0,,32.0,,54.0,,44.0,,14.0,27.0,24.0,,7.0,33.0,,26.0,,,14.0,21.0,30.0,,14.0,24.0,,28.0,17.0,30.0,53.0,,56.0,30.0,34.0,52.0,,,20.0,46.0,22.0,28.0,30.0,28.0,,33.0,,27.0,,,27.0,11.0,24.0,20.0,44.0,17.0,32.0,21.0,51.0,,30.0,46.0,46.0,,57.0,10.0,,34.0,32.0,43.0,,18.0,,11.0,16.0,43.0,33.0,8.0,41.0,16.0,,6.0,,,46.0,47.0,19.0,13.0,,,18.0,,,,51.0,26.0,0.0,27.0,,15.0,1,3,2.537062937062937,17.919096626643796,-0.3624121496707883
8,9,8,10,7,10,10,11,11,13,10,12,11,9,16,10,11,10,22,17,10,9,17,10,7,10,17,13,9,17,16,12,12,13,14,19,12,18,15,8,19,14.0,15,17,11,17,20,16,18,36,14,10,8,11,16,38,15,15,11,12,17,9,7,10,30.0,13,18,16,9,14,13,6,16,11,13,14,15,23,12,13,9,18,19,9,15,26,18,18,21,18,13,14,26,1,25,17,24,11,16,12,16,19,20,14,19,19,20,21,14,21,18,29.0,20,16,13.0,17,17,20,18,24,14,26,17,5,12,25,15,38.0,27,23,17,12,17.0,18,15,21.0,15,19,19,15,8,20,0,15,20.0,32.0,11,24.0,10,19,22,20,,17,29,12,16,43.0,39,20,13,18,20,14,20,17.0,27,21,18,21,14,0.0,12,25,14,23,21,13.0,19,33.0,20,20,18,30,21,27.0,31.0,18,31,26.0,40.0,17,26,18,23,32,7,27,26.0,34,30,25.0,19,19,18,10,30.0,9,16,23,4,47.0,17,36,21,16,20,21,16,20.0,25.0,17,20,19,42.0,18,27,20,,15,0.0,20.0,12,14,,38,0,14,21.0,21.0,9,16,15,19,21,23.0,26,19,21,23,16,20,26.0,24.0,24,43.0,33.0,30.0,11.0,22,22.0,23,12,20,54.0,28.0,14.0,44.0,45.0,7,18.0,20.0,16.0,19,18,20.0,20,21,38,34.0,40.0,28.0,17,43.0,24,16,18.0,13.0,22,42.0,12.0,19,36,16.0,24,28.0,18.0,42.0,28,18,38.0,16,22,17,26,19,20,21,21,22,31,19,29,28.0,39.0,22,21,23,20.0,22.0,12,35,13,,33,35.0,14,20,13,17,26,,0,,22,2,26.0,24,19,17,,,17,17.0,12.0,48.0,18.0,38.0,28,36.0,38,8,14,20.0,17,52.0,34.0,4,37.0,25.0,,22,21.0,29,15,17,56,12,26,23,30.0,14,23.0,20,20,22,36.0,18,14.0,45,19.0,21,48.0,30,22,21.0,14,47.0,13,35.0,25.0,34,46,24.0,22.0,19.0,33.0,26.0,18,20.0,12.0,35,38.0,25,26,43.0,42.0,21,21.0,27,19.0,20.0,21,34,22,15.0,28,37.0,50.0,13,57.0,19,46.0,12,23,13,10.0,34.0,27,26,15,40.0,24.0,13,28,35.0,19,33.0,20.0,39.0,33.0,,10.0,51.0,54.0,,42.0,17,35,28.0,40.0,10.0,17.0,10.0,28.0,18.0,25.0,21,34,,22.0,16,,20.0,49.0,40.0,13.0,43.0,25,24,57.0,31.0,27.0,46.0,26,,29.0,33.0,46,11,28,58.0,21.0,13.0,45.0,18,22,10.0,35.0,28,13.0,29.0,25,38.0,31.0,23.0,35,25.0,10,34.0,47.0,12.0,18,19.0,23,52.0,21,20,50.0,26.0,26.0,25.0,19,26,26,15.0,16,34.0,11,29,23.0,30,28,37.0,28.0,12,24,,41.0,,,23.0,46.0,17,19.0,20,18,45.0,9.0,45.0,,,54.0,20,9,49.0,20.0,40.0,12.0,18.0,40.0,12,40.0,26,20.0,,18.0,0.0,21,21.0,15,35.0,24.0,28.0,29,27.0,46.0,21.0,40,29,34.0,35.0,46.0,23.0,,13.0,18.0,30.0,32.0,22.0,19.0,35.0,20,28,26.0,25.0,55.0,15,11,20,27,23.0,35.0,26,28,0.0,,17,41.0,34.0,32.0,19,28.0,,33.0,11,32.0,,15.0,40.0,28.0,,25,16.0,19,12.0,23,27,26,30.0,37.0,23.0,,13.0,27.0,12.0,,25.0,40.0,17.0,13,30.0,,34,14.0,57.0,10.0,52.0,24,30.0,20.0,44.0,24,34,41.0,17,20.0,15.0,29.0,,25,44.0,16,25,32.0,21,19.0,32,57.0,,19.0,25,15,32.0,25.0,16,34.0,27,,18,36.0,0.0,36.0,34.0,39.0,12.0,26,12.0,,56.0,39.0,22.0,27.0,22.0,24,24,37.0,20,27,23,16.0,20.0,22.0,37.0,,13.0,36,22.0,26.0,53.0,23,25.0,29.0,42.0,12.0,,16,21.0,54.0,55.0,,33.0,28.0,30.0,32,50.0,18.0,,38.0,16.0,13.0,27.0,22,31.0,,18.0,39.0,17,24,19.0,11.0,35,16.0,54.0,31.0,31,26.0,17.0,18.0,39.0,19,56.0,,24.0,34.0,17.0,19.0,35.0,,35.0,31,43,50.0,56.0,48.0,48.0,,16.0,51.0,,45.0,,46,20,27.0,25,,54.0,15.0,43.0,18,22,42.0,16.0,27.0,50.0,32.0,24.0,47.0,14.0,13.0,19,25.0,15.0,27.0,48.0,30.0,55.0,25,45.0,22.0,17.0,28,,32.0,44.0,33.0,34.0,36.0,2,32.0,47,26.0,19.0,30.0,41.0,28.0,,23.0,40.0,33.0,31.0,,,17.0,,,44.0,56.0,22.0,,26.0,37.0,23,48.0,45.0,19,36.0,28.0,27,24.0,16.0,16.0,24,18,25,19.0,16.0,,,17.0,23.0,15.0,,46.0,27,20.0,30,15.0,14,19,30.0,33,10.0,41.0,19.0,22.0,20,14.0,15.0,12.0,18.0,25.0,14.0,19,32.0,20,9.0,32.0,23.0,23,36.0,10,20,46.0,16.0,49.0,10,21.0,33.0,29,2.0,19.0,26.0,28.0,42.0,30.0,35.0,34.0,23,28.0,12.0,30.0,,16.0,38.0,24.0,13.0,25,47.0,20,19.0,27.0,39.0,27.0,32,16,47.0,29.0,12.0,29.0,33.0,23.0,19.0,20.0,17.0,10,26.0,20.0,35,21,36.0,22.0,18,,16.0,32,27.0,12,20,30,14.0,19.0,42.0,33.0,34.0,22.0,28.0,,33.0,29.0,23.0,6.0,28.0,17.0,25.0,,21.0,13.0,22.0,28.0,28.0,19.0,49.0,20.0,24.0,33.0,,30.0,19.0,16.0,41.0,24.0,25.0,,9.0,40.0,37.0,31.0,5.0,,19.0,44.0,33.0,31.0,51.0,20.0,,46.0,39,18.0,0.0,15.0,33,23.0,58.0,17.0,21.0,46.0,37.0,48.0,23.0,35.0,27.0,24.0,14.0,14.0,39.0,24.0,59.0,23.0,29.0,4.0,36.0,50.0,22.0,56.0,14.0,32.0,26.0,,0.0,36,40.0,57.0,20.0,20,35.0,53.0,12.0,30.0,24.0,29.0,59.0,35.0,16.0,29,55.0,0.0,22.0,59.0,25.0,,20,8,18.0,37.0,14.0,,11.0,,14,19,26.0,60.0,54.0,58.0,51.0,38.0,,,24.0,32.0,10.0,,29.0,33.0,25.0,31.0,27,18.0,13.0,22.0,1.0,31.0,21,23.0,29,,35,57.0,29.0,46.0,32.0,,36.0,21.0,43.0,42.0,26.0,0.0,47.0,14,35.0,,26.0,,48.0,54,17.0,41.0,37.0,21.0,24.0,23.0,24.0,13.0,18.0,17,24,14.0,,,19.0,19.0,,,23.0,35,17.0,39.0,26.0,23.0,48.0,,14.0,18.0,17,3.0,42.0,30.0,17,36,33.0,34.0,26.0,32.0,47.0,27.0,31.0,39.0,33.0,29.0,27.0,15.0,19.0,29.0,13.0,40,30.0,,32.0,45.0,,20,57.0,16.0,15,22.0,25.0,19.0,23.0,43.0,18.0,28.0,31.0,56.0,20.0,29.0,20,26.0,32.0,,45.0,15,49.0,27.0,22.0,9.0,23.0,17.0,22.0,27.0,18.0,40.0,47.0,26.0,56.0,19,27,29.0,27.0,35.0,,24.0,25,22,44.0,45.0,34.0,33.0,20.0,29.0,,21.0,21.0,37.0,,41.0,35.0,,35.0,19,36,28.0,28.0,38.0,39.0,22.0,23,14.0,10.0,24.0,41.0,53.0,29.0,25.0,58.0,19.0,22.0,49.0,34.0,39.0,18.0,52.0,22,,14.0,39,34.0,,48.0,19.0,24.0,47.0,8.0,19.0,18.0,,35.0,41.0,20.0,48.0,19.0,58.0,27.0,33.0,21.0,17.0,51.0,35.0,19.0,25.0,,16.0,50.0,23.0,,22.0,20.0,14.0,29.0,43.0,20.0,38.0,23.0,38.0,12.0,14.0,,7.0,,31.0,,47.0,41.0,52.0,18.0,35.0,48.0,43.0,,46.0,35.0,60.0,53.0,46.0,18.0,,23.0,0,0.0,22.0,39.0,58.0,24.0,8.0,17.0,25.0,41.0,23.0,19.0,51.0,41.0,19.0,,13.0,37.0,24.0,25.0,16.0,28.0,12.0,46.0,55.0,14.0,,38.0,14.0,28.0,45.0,21.0,54.0,39.0,29.0,46.0,,44.0,31.0,11.0,,,25.0,34.0,36.0,53.0,,25,31.0,5.0,28.0,30.0,,27.0,24.0,50.0,20.0,18,36.0,34.0,54.0,33.0,49.0,46.0,17.0,21.0,19.0,10.0,24.0,40.0,37.0,48.0,,55.0,24,23.0,26.0,53.0,35.0,,32.0,24.0,28.0,26.0,44.0,27.0,30.0,12.0,29.0,,27.0,40.0,,35.0,28.0,26.0,25.0,13.0,19.0,26,15,36.0,26.0,21.0,31.0,0.0,51.0,53.0,50.0,0.0,12.0,29.0,,15.0,18.0,47.0,15.0,56.0,29.0,19.0,29.0,39.0,23.0,,59.0,37.0,23.0,38.0,25.0,13.0,18.0,25.0,18.0,13.0,42.0,,39.0,32.0,22.0,56.0,20.0,,,30.0,30.0,0.0,35.0,32.0,30.0,21,25.0,14.0,23.0,20.0,24,,19.0,33.0,32.0,,47.0,20.0,40.0,28,51.0,28.0,26.0,27.0,43.0,21.0,51.0,53,49.0,31.0,50.0,34.0,24,,36.0,13.0,60.0,33.0,24.0,56.0,10.0,21.0,,36.0,47.0,31.0,18.0,22.0,16.0,33.0,38.0,,33.0,18.0,29.0,12.0,14.0,19,34.0,25.0,39.0,26.0,38.0,23.0,45.0,35.0,35.0,33.0,27.0,31.0,20.0,27,47.0,56.0,54.0,33.0,,43.0,50.0,46.0,51.0,,,27.0,31.0,31.0,38.0,57.0,,47.0,37.0,60.0,53.0,,,49.0,32.0,18.0,39.0,53.0,55.0,21.0,39.0,35.0,24.0,17.0,46.0,36.0,25.0,10.0,28.0,35.0,19.0,18.0,29.0,,56.0,,,25.0,58.0,28.0,32.0,55.0,14.0,26.0,,20.0,32.0,28.0,44.0,,15.0,23.0,11.0,,19.0,30.0,21.0,18.0,43.0,37,18.0,,,33.0,,37.0,32.0,,9.0,29.0,23.0,15.0,43.0,45.0,,25.0,22.0,60.0,32.0,36.0,19.0,,14.0,40.0,39.0,28.0,12.0,,39.0,,27.0,48.0,,40.0,19.0,48.0,35.0,45.0,21.0,9.0,38.0,28.0,54.0,30.0,44.0,30.0,15.0,60.0,21.0,23.0,,27.0,22.0,50.0,48.0,27.0,24.0,43.0,56.0,11.0,34.0,,,,32.0,19.0,30.0,35.0,56.0,55.0,12.0,23.0,52.0,37.0,43.0,32.0,46.0,,21.0,58.0,41.0,4.0,25.0,37.0,48.0,38.0,,19.0,,47.0,21.0,59.0,39.0,39.0,56.0,35.0,,26.0,57.0,21.0,37.0,,26.0,40.0,54.0,35.0,25.0,,56.0,55.0,22.0,42.0,41.0,23.0,30.0,24.0,15.0,41.0,25.0,27.0,,26.0,45.0,,32.0,53.0,21.0,20.0,30,28.0,33.0,21.0,32.0,27.0,24.0,19.0,23.0,31.0,33.0,21,46.0,27.0,15.0,48.0,38.0,52.0,53.0,48.0,20,37.0,19.0,37.0,,56.0,37.0,58.0,41.0,38.0,56.0,25.0,21.0,24.0,41.0,,,52.0,39.0,17.0,,25.0,30.0,44.0,34.0,,29.0,58.0,49.0,34.0,39.0,24.0,24.0,,,44.0,58.0,56.0,,0.0,18.0,14.0,25.0,50.0,14.0,13.0,34.0,13.0,38.0,18.0,49.0,17.0,38.0,,51.0,,24.0,27.0,,37.0,55.0,38.0,20.0,48.0,24.0,44.0,,34.0,58.0,55.0,44.0,38.0,23.0,17.0,,,42.0,0.0,,20.0,29.0,27.0,43.0,35.0,44.0,13.0,53.0,16.0,33.0,,16.0,23.0,,28.0,26.0,30.0,21.0,24.0,25.0,15.0,18.0,48.0,14.0,19.0,54.0,39.0,29.0,53.0,14.0,18,34.0,31.0,18.0,25.0,22.0,,,30.0,56.0,,29.0,39.0,51.0,34.0,16.0,24.0,32.0,15.0,28.0,30.0,38.0,,38.0,33.0,51.0,48.0,,44.0,28.0,,15.0,23.0,24.0,33.0,57.0,15.0,30.0,13.0,45.0,42.0,41.0,54.0,49.0,,15.0,53.0,20.0,,51.0,35.0,53.0,21.0,21.0,,28.0,26.0,50.0,37.0,41.0,44.0,24.0,60.0,27.0,18.0,35.0,16.0,,36.0,20.0,,22.0,38.0,44.0,,,45.0,24.0,26.0,60.0,15,17.0,39.0,10,56.0,,25.0,27.0,41.0,43.0,16.0,29.0,14.0,,,16.0,20.0,,31.0,49.0,33.0,41.0,50.0,22.0,37.0,46.0,58.0,26.0,25.0,57.0,60.0,44.0,48.0,16.0,,51.0,,49.0,23.0,60.0,30.0,,,,34.0,57.0,55.0,22.0,42.0,55.0,28.0,27.0,20.0,23.0,47.0,33.0,39.0,,25.0,37.0,23.0,22.0,,24.0,57.0,17.0,15.0,18.0,57.0,,49.0,,48.0,,9.0,47.0,36.0,55.0,36.0,49.0,48.0,26.0,11.0,57.0,,15.0,47.0,47.0,50.0,22.0,24.0,,27.0,35.0,36.0,59.0,,17.0,,,22.0,,47.0,21.0,,21.0,,50.0,12.0,31.0,31.0,24.0,24.0,15.0,,54.0,37.0,30.0,35.0,44.0,,33.0,22.0,44.0,31.0,26.0,0.0,,12.0,42.0,31.0,33.0,14.0,,18.0,19.0,20.0,,42.0,41.0,22.0,41.0,17.0,30.0,20.0,55.0,43.0,,38.0,,17.0,20.0,38.0,41.0,,18.0,,52.0,46.0,25.0,,,,,31.0,,,20.0,21.0,,,46.0,,32.0,59.0,32.0,30.0,,,,,48.0,60.0,34.0,27.0,,37.0,34.0,,31.0,,55.0,,23.0,26.0,13.0,22.0,,41.0,,36.0,17.0,39.0,29.0,50.0,52.0,15.0,39.0,44.0,25.0,46.0,18.0,,,37.0,53.0,22.0,59.0,23.0,40.0,55.0,,59.0,,54.0,36.0,,38.0,42.0,35.0,,27.0,0.0,21.0,39.0,31.0,30.0,32.0,49.0,25.0,,,25.0,,34.0,37.0,37.0,18.0,46.0,24.0,36.0,47.0,,,25.0,,,,24.0,,52.0,31.0,20.0,,14.0,39.0,19.0,54.0,33.0,32.0,21.0,56.0,16.0,29.0,40.0,,19.0,17.0,40.0,24.0,22.0,52.0,31.0,52.0,,60.0,46.0,,,,16.0,24.0,29.0,,,24.0,25.0,27.0,25.0,15.0,13.0,,,40.0,22.0,38.0,24.0,29.0,,37.0,,47.0,15.0,,22.0,,18.0,,29.0,15.0,29.0,37.0,38.0,,23.0,23.0,26.0,43.0,54.0,,16.0,,11.0,50.0,23.0,,36.0,40.0,,36.0,,16.0,19.0,23.0,,16.0,,50.0,56.0,,19.0,59.0,,54.0,30.0,11.0,37.0,31.0,26.0,27.0,49.0,15.0,42.0,,22.0,10.0,41.0,25.0,,50.0,,41.0,32.0,32.0,59.0,32.0,,,44.0,37.0,23.0,26.0,12.0,,55.0,,30.0,33.0,,6.0,27.0,29.0,42.0,31.0,36.0,22.0,41.0,,24.0,20.0,,,33.0,42.0,29.0,31.0,51.0,34.0,26.0,,28.0,46.0,45.0,38.0,,53.0,37.0,47.0,15.0,26.0,38.0,51.0,43.0,,29.0,25.0,,25.0,54.0,,37.0,23.0,24.0,46.0,26.0,39.0,44.0,,54.0,42.0,44.0,,29.0,31.0,28.0,45.0,18.0,35.0,22.0,30.0,50.0,47.0,28.0,,39.0,28.0,,,50.0,48.0,18.0,26.0,14.0,,,36.0,52.0,,39.0,28.0,46.0,,,28.0,,48.0,36.0,51.0,26.0,25.0,36.0,38.0,,22.0,,40.0,,55.0,43.0,0.0,21.0,59.0,55.0,52.0,36.0,,19.0,16.0,,39.0,,41.0,,29.0,19.0,,28.0,49.0,30.0,50.0,47.0,22.0,31.0,,46.0,56.0,19.0,41.0,,57.0,,,31.0,,16.0,21.0,53.0,,48.0,,38.0,,,,,21.0,24.0,32.0,25.0,20.0,41.0,27.0,24.0,39.0,26.0,36.0,25.0,17.0,34.0,,33.0,23.0,53.0,24.0,41.0,39.0,11.0,20.0,,11.0,7.0,12.0,29.0,37.0,46.0,33.0,47.0,12.0,,19.0,38.0,,37.0,18.0,26.0,21.0,60.0,23.0,0.0,18.0,45.0,27.0,47.0,,,44.0,0.0,58.0,37.0,,,30.0,29.0,37.0,57.0,15.0,21.0,,37.0,58.0,24.0,58.0,38.0,0.0,29.0,30.0,56.0,48.0,53.0,31.0,50.0,46.0,22.0,23.0,27.0,23.0,45.0,21.0,35.0,23.0,,46.0,37.0,,57.0,56.0,53.0,60.0,26.0,,32.0,21.0,56.0,,36.0,,38.0,11.0,,54.0,25.0,32.0,,53.0,57.0,15.0,13.0,30.0,31.0,37.0,60.0,54.0,54.0,41.0,,,35.0,19.0,50.0,47.0,40.0,41.0,26.0,31.0,,37.0,,38.0,35.0,43.0,,,36.0,52.0,,35.0,,,40.0,,22.0,,27.0,,,,47.0,,2.0,35.0,13.0,,52.0,,44.0,,,,,,,,,16.0,30.0,,,,25.0,,25.0,47.0,,12.0,16.0,,21.0,57.0,38.0,11.0,31.0,36.0,,30.0,26.0,34.0,36.0,20.0,31.0,45.0,22.0,26.0,28.0,,38.0,27.0,16.0,,,37.0,34.0,41.0,23.0,52.0,,30.0,27.0,49.0,,35.0,29.0,30.0,30.0,,15.0,37.0,,7.0,20.0,,33.0,45.0,,12.0,55.0,,49.0,26.0,,20.0,16.0,34.0,20.0,47.0,47.0,27.0,,29.0,42.0,42.0,,,42.0,,0.0,,49.0,,26.0,28.0,25.0,,41.0,10.0,13.0,20.0,45.0,0.0,21.0,19.0,22.0,,38.0,17.0,,,37.0,45.0,,18.0,19.0,37.0,32.0,37.0,23.0,59.0,59.0,48.0,,,,18.0,40.0,,50.0,42.0,24.0,57.0,15.0,27.0,23.0,38.0,34.0,21.0,,17.0,26.0,44.0,38.0,31.0,10.0,23.0,25.0,48.0,,60.0,,37.0,26.0,57.0,24.0,,43.0,52.0,,11.0,37.0,,,24.0,18.0,8.0,,25.0,26.0,43.0,50.0,19.0,17.0,17.0,,24.0,41.0,16.0,,60.0,43.0,48.0,48.0,18.0,42.0,35.0,19.0,46.0,19.0,51.0,19.0,11.0,26.0,13.0,50.0,29.0,28.0,30.0,,,24.0,34.0,54.0,42.0,17.0,36.0,18.0,,37.0,38.0,53.0,57.0,28.0,,30.0,0.0,43.0,,40.0,,,,46.0,,,38.0,38.0,,24.0,,59.0,36.0,19.0,51.0,,,26.0,13.0,60.0,52.0,51.0,27.0,,29.0,57.0,16.0,28.0,,26.0,,,44.0,39.0,54.0,20.0,34.0,54.0,43.0,44.0,16.0,23.0,45.0,,17.0,56.0,12.0,43.0,,,16.0,,38.0,6.0,55.0,23.0,51.0,18.0,25.0,0.0,34.0,,45.0,36.0,,9.0,39.0,38.0,26.0,20.0,31.0,,14.0,22.0,40.0,3.0,35.0,28.0,41.0,,49.0,24.0,20.0,35.0,52.0,57.0,48.0,28.0,,44.0,13.0,,28.0,,52.0,43.0,58.0,53.0,,,26.0,27.0,,55.0,41.0,27.0,29.0,53.0,,33.0,14.0,,43.0,48.0,20.0,,0.0,,46.0,,,34.0,44.0,42.0,,,16.0,41.0,15.0,44.0,21.0,31.0,18.0,49.0,,,42.0,49.0,,,,51.0,21.0,48.0,30.0,36.0,19.0,55.0,46.0,27.0,39.0,29.0,,36.0,21.0,21.0,32.0,53.0,,,30.0,,20.0,25.0,41.0,30.0,,,28.0,29.0,31.0,55.0,2,3,2.370320855614973,17.55635422656699,-0.34325913966291666
1,3,2,9,3,3,8,7,4,4,4,11,5,4,10,3,4,6,26,15,4,0,7,3,11,15,9,6,9,4,7,8,6,10,13,6,11,12,9,20,14,14.0,10,18,8,10,13,5,10,27,9,6,10,10,3,16,12,9,2,6,12,16,21,13,12.0,11,11,15,3,9,0,8,16,9,4,10,19,14,9,10,16,13,5,14,15,17,11,8,28,10,12,10,16,16,5,11,15,9,8,13,23,8,7,10,12,16,13,12,12,13,13,17.0,21,9,18.0,9,11,11,18,15,11,17,12,12,9,11,10,8.0,25,4,18,23,45.0,10,11,4.0,14,19,7,16,21,13,15,13,10.0,32.0,5,10.0,4,9,7,19,34.0,2,12,11,19,57.0,15,14,25,13,15,17,0,21.0,22,15,14,14,12,29.0,10,27,27,12,20,28.0,18,26.0,16,12,12,16,9,43.0,28.0,16,15,47.0,33.0,7,29,20,14,22,10,5,13.0,23,17,32.0,15,19,20,4,34.0,11,12,21,13,,14,21,6,23,11,7,10,25.0,14.0,19,27,27,15.0,11,22,19,21.0,10,2.0,12.0,25,14,16.0,11,52,24,5.0,33.0,19,18,10,18,24,13.0,24,15,28,12,0,15,14.0,14.0,28,,16.0,26.0,42.0,21,16.0,10,20,13,32.0,4.0,17.0,11.0,14.0,13,31.0,27.0,10.0,2,24,13.0,2,25,15,26.0,49.0,18.0,7,12.0,12,20,17.0,9.0,4,47.0,25.0,6,30,21.0,17,26.0,29.0,,13,4,17.0,13,16,17,25,26,22,20,13,8,16,19,17,12.0,13.0,27,14,10,32.0,17.0,10,34,18,11.0,38,19.0,25,17,20,10,7,16.0,8,9.0,18,15,17.0,19,6,19,,46.0,25,38.0,18.0,17.0,7.0,37.0,1,8.0,16,25,5,24.0,11,51.0,16.0,11,35.0,34.0,24.0,11,44.0,16,21,49,35,36,11,15,17.0,9,7.0,17,15,13,38.0,13,58.0,33,49.0,7,58.0,21,16,,48,24.0,22,49.0,35.0,21,19,29.0,24.0,34.0,12.0,38.0,20,30.0,24.0,29,39.0,18,19,24.0,19.0,13,17.0,23,7.0,29.0,15,10,0,43.0,17,26.0,22.0,25,40.0,5,24.0,19,14,9,20.0,37.0,30,18,22,30.0,18.0,9,11,22.0,15,11.0,14.0,26.0,16.0,5.0,57.0,5.0,24.0,52.0,6.0,17,26,1.0,30.0,35.0,7.0,,17.0,13.0,39.0,11,21,40.0,35.0,13,38.0,45.0,16.0,21.0,24.0,29.0,18,20,,24.0,16.0,15.0,28,55.0,10.0,42.0,30,10,17,,14.0,31.0,11.0,45,23,21.0,13.0,37,23.0,23.0,27,34.0,19.0,14.0,36,32.0,5,39.0,18.0,22.0,24,,18,6.0,22,4,,35.0,13.0,31.0,10,22,29,9.0,21,33.0,16,26,25.0,33,21,27.0,21.0,10,14,41.0,31.0,18.0,24.0,27.0,12.0,14,11.0,15,33,30.0,37.0,46.0,6.0,13.0,6.0,17,12,50.0,32.0,26.0,16.0,33.0,48.0,12,49.0,14,6.0,27.0,14.0,,17,25.0,14,44.0,55.0,32.0,24,19.0,20.0,27.0,13,16,,19.0,41.0,39.0,31.0,35.0,28.0,41.0,12.0,23.0,47.0,31.0,21,19,,15.0,0.0,11,21,20,31,11.0,21.0,16,11,,21.0,14,47.0,35.0,22.0,7,,0.0,43.0,20,34.0,11.0,44.0,6.0,22.0,8.0,12,24.0,17,31.0,20,30,43,15.0,25.0,23.0,,,11.0,15.0,14.0,13.0,24.0,24.0,13,,0.0,30,11.0,,19.0,19.0,8,29.0,21.0,27.0,18,33,12.0,33,19.0,30.0,6.0,46.0,15,22.0,15,28,0.0,10,43.0,14,38.0,,17.0,19,27,6.0,27.0,2,36.0,13,,16,,19.0,,14.0,14.0,45.0,36,15.0,24.0,24.0,23.0,38.0,22.0,55.0,20,15,42.0,13,13,27,,30.0,21.0,11.0,42.0,6.0,18,29.0,23.0,24.0,20,53.0,12.0,44.0,42.0,11.0,15,54.0,22.0,29.0,23.0,29.0,19.0,19.0,41,21.0,21.0,,48.0,29.0,11.0,20.0,5,40.0,34.0,10.0,28.0,20,28,8.0,6.0,12,48.0,13.0,38.0,16,24.0,4.0,17.0,47.0,18,13.0,10.0,22.0,38.0,19.0,23.0,27.0,20.0,16.0,8,24,43.0,30.0,22.0,18.0,18.0,38.0,7.0,12.0,23.0,39.0,18,20,37.0,35,54.0,29.0,40.0,31.0,17,26,32.0,21.0,14.0,7.0,47.0,16.0,24.0,16.0,,19,17.0,5.0,12.0,35.0,32.0,6.0,19,17.0,25.0,21.0,24,31.0,7.0,10.0,50.0,19.0,17.0,27,23.0,34,47.0,55.0,17.0,39.0,,50.0,36.0,22.0,25.0,58.0,23.0,,13.0,18.0,14.0,10.0,36.0,31.0,12.0,,40.0,32,27.0,38.0,23,46.0,39.0,23,11.0,33.0,13.0,17,8,29,,14.0,21.0,,41.0,26.0,38.0,6.0,13.0,20,14.0,8,,6,28,12.0,23,43.0,,19.0,9.0,31,31.0,16.0,14.0,7.0,12.0,51.0,18,58.0,34,21.0,41.0,17.0,33,30.0,10,44,29.0,15.0,48.0,26,41.0,26.0,17,31.0,20.0,52.0,22.0,16.0,13.0,34.0,33.0,15,14.0,26.0,46.0,57.0,42.0,50.0,34.0,7.0,14,23.0,27,9.0,23.0,0.0,48.0,22,25,42.0,21.0,12.0,34.0,7.0,19.0,25.0,27.0,42.0,50,26.0,8.0,31,20,27.0,24.0,15,55.0,24.0,11,24.0,53,24,30,29.0,15.0,,51.0,32.0,29.0,19.0,44.0,41.0,14.0,22.0,34.0,20.0,12.0,33.0,24.0,18.0,13.0,32.0,30.0,28.0,29.0,56.0,26.0,33.0,24.0,17.0,2.0,40.0,13.0,12.0,14.0,33.0,16.0,36.0,55.0,34.0,51.0,22.0,13.0,,8.0,51.0,17.0,11.0,10.0,30.0,45.0,21,29.0,17.0,20.0,3,35.0,12.0,3.0,35.0,42.0,14.0,50.0,15.0,30.0,32.0,20.0,9.0,41.0,,31.0,25.0,16.0,23.0,33.0,18.0,,24.0,,0.0,57.0,24.0,49.0,41.0,28,27.0,33.0,20.0,14,9.0,30.0,20.0,27.0,24.0,31.0,18.0,,34.0,43,36.0,40.0,20.0,43.0,21.0,,10,25,38.0,19.0,17.0,53.0,14.0,24.0,19,34,35.0,30.0,44.0,12.0,37.0,42.0,15.0,30.0,31.0,18.0,30.0,45.0,18.0,34.0,,21.0,21,17.0,14.0,19.0,17.0,50.0,12,,17,51.0,28,35.0,,5.0,48.0,45.0,48.0,21.0,17.0,3.0,52.0,45.0,12.0,9,31.0,,26.0,29.0,11.0,16,,33.0,30.0,,15.0,16.0,32.0,32.0,37.0,44,6,15.0,40.0,,26.0,18.0,,,21.0,31,,26.0,23.0,35.0,29.0,16.0,26.0,14.0,19,8.0,19.0,23.0,16,24,28.0,31.0,12.0,13.0,26.0,27.0,34.0,20.0,,42.0,20.0,23.0,32.0,8.0,,38,34.0,16.0,32.0,55.0,21.0,13,28.0,,20,32.0,15.0,12.0,9.0,33.0,11.0,16.0,18.0,20.0,7.0,31.0,14,12.0,22.0,23.0,30.0,25,39.0,42.0,24.0,50.0,41.0,,39.0,43.0,24.0,21.0,35.0,22.0,25.0,47,20,39.0,9.0,,11.0,41.0,27,27,20.0,,50.0,50.0,37.0,19.0,31.0,19.0,23.0,45.0,29.0,43.0,17.0,4.0,16.0,17,31,22.0,28.0,33.0,,29.0,5,30.0,28.0,8.0,15.0,8.0,14.0,25.0,,,5.0,,32.0,49.0,28.0,,37,18.0,34.0,0,11.0,53.0,47.0,,23.0,16.0,17.0,,16.0,,43.0,50.0,48.0,55.0,,,33.0,31.0,24.0,36.0,,,15.0,20.0,18.0,,40.0,57.0,,33.0,39.0,,22.0,22.0,33.0,26.0,58.0,,17.0,10.0,17.0,25.0,45.0,,53.0,28.0,8.0,46.0,34.0,15.0,21.0,17.0,20.0,,0.0,14.0,7.0,13.0,31.0,11.0,15.0,11,57.0,16.0,,,55.0,6.0,22.0,47.0,45.0,26.0,,18.0,,32.0,9.0,24.0,48.0,17.0,,12.0,42.0,24.0,9.0,19.0,9.0,15.0,54.0,16.0,30.0,23.0,40.0,18.0,22.0,40.0,23.0,40.0,33.0,,16.0,6.0,,,40.0,30.0,,37.0,36,29.0,20.0,,20.0,17.0,,13.0,17.0,51.0,16,34.0,,22.0,24.0,19.0,19.0,44.0,,13.0,36.0,22.0,25.0,,,26.0,37.0,11,14.0,6.0,,16.0,27.0,20.0,38.0,26.0,10.0,8.0,16.0,25.0,55.0,32.0,31.0,23.0,32.0,38.0,43.0,37.0,30.0,,19.0,49.0,19,30,12.0,36.0,,19.0,16.0,48.0,48.0,18.0,54.0,28.0,52.0,,26.0,56.0,29.0,,12.0,28.0,8.0,38.0,4.0,16.0,,15.0,42.0,51.0,47.0,17.0,,6.0,26.0,18.0,14.0,30.0,,,16.0,47.0,43.0,23.0,,39.0,51.0,24.0,29.0,26.0,30.0,55.0,11,5.0,22.0,26.0,35.0,11,30.0,12.0,39.0,9.0,38.0,34.0,53.0,37.0,21,24.0,24.0,,21.0,19.0,18.0,23.0,38,57.0,43.0,,,17,45.0,,,41.0,37.0,8.0,36.0,50.0,12.0,22.0,42.0,29.0,13.0,28.0,,14.0,6.0,25.0,25.0,39.0,43.0,56.0,53.0,49.0,29,0.0,54.0,21.0,,17.0,32.0,16.0,20.0,28.0,,49.0,37.0,10.0,18,51.0,19.0,7.0,,9.0,,14.0,18.0,31.0,30.0,53.0,33.0,14.0,12.0,34.0,13.0,42.0,56.0,19.0,30.0,47.0,3.0,33.0,34.0,,14.0,41.0,45.0,,28.0,40.0,24.0,16.0,56.0,24.0,,33.0,10.0,58.0,33.0,28.0,,,11.0,37.0,14.0,58.0,43.0,,16.0,43.0,20.0,20.0,,39.0,,35.0,12.0,33.0,6.0,34.0,15.0,8.0,39.0,39.0,23.0,26.0,,,30,29.0,56.0,7.0,25.0,,43.0,14.0,30.0,,18.0,52.0,19.0,46.0,31.0,,39.0,45.0,25.0,18.0,26.0,,42.0,19.0,20.0,28.0,,21.0,29.0,6.0,,14.0,,39.0,31.0,23.0,10.0,39.0,30.0,24.0,24.0,,20.0,49.0,25.0,,54.0,32.0,,46.0,12.0,32.0,,18.0,48.0,13.0,31.0,43.0,34.0,,15.0,0.0,,46.0,33.0,,26.0,9.0,10.0,23.0,25.0,,,20.0,11.0,,18.0,37.0,13.0,23.0,13.0,25.0,22.0,9.0,20.0,,12.0,,55.0,26.0,40.0,,,48.0,,7.0,34.0,,49.0,32.0,,54.0,,11.0,,29.0,29.0,11.0,20.0,7.0,48.0,5.0,15.0,15.0,34.0,13.0,13.0,5.0,40.0,19.0,25.0,,19.0,18.0,24.0,30.0,36.0,,52.0,19,20.0,13.0,16.0,53.0,26.0,23.0,31.0,12.0,14.0,32.0,16,35.0,22.0,34.0,8.0,53.0,40.0,23.0,29.0,20,,23.0,0.0,,26.0,,38.0,0.0,15.0,,7.0,28.0,27.0,,,,27.0,32.0,26.0,,55.0,20.0,39.0,,21.0,58.0,13.0,,22.0,,35.0,53.0,26.0,,16.0,33.0,16.0,16.0,23.0,48.0,20.0,23.0,16.0,,,18.0,5.0,,4.0,37.0,15.0,28.0,58.0,54.0,26.0,14.0,53.0,,27.0,17.0,34.0,27.0,31.0,26.0,,53.0,11.0,34.0,42.0,54.0,32.0,12.0,48.0,42.0,16.0,53.0,,34.0,,18.0,25.0,29.0,34.0,35.0,50.0,49.0,44.0,44.0,13.0,30.0,20.0,21.0,,45.0,12.0,35.0,29.0,20.0,26.0,,36.0,37.0,25.0,16.0,32.0,23.0,,15.0,33,41.0,,,20.0,19.0,33.0,,23.0,15.0,,13.0,53.0,51.0,13.0,19.0,19.0,30.0,37.0,24.0,21.0,35.0,55.0,36.0,22.0,,25.0,32.0,32.0,25.0,,5.0,18.0,29.0,28.0,46.0,53.0,26.0,,,,18.0,33.0,,49.0,42.0,34.0,14.0,56.0,,16.0,34.0,27.0,21.0,35.0,7.0,43.0,57.0,28.0,21.0,21.0,35.0,19.0,,49.0,,16.0,,54.0,38.0,43.0,13.0,15.0,14.0,32.0,14.0,,16.0,,,38,42.0,25.0,40,10.0,,48.0,23.0,20.0,46.0,,23.0,27.0,28.0,54.0,,27.0,,14.0,14.0,,,,31.0,32.0,24.0,,,,23.0,18.0,12.0,53.0,24.0,39.0,36.0,,,40.0,29.0,39.0,54.0,20.0,35.0,44.0,10.0,34.0,,9.0,16.0,57.0,17.0,23.0,26.0,,26.0,37.0,36.0,17.0,36.0,,,37.0,20.0,,4.0,18.0,24.0,33.0,24.0,30.0,27.0,36.0,13.0,,26.0,29.0,30.0,12.0,51.0,54.0,12.0,32.0,,48.0,42.0,46.0,40.0,9.0,14.0,,50.0,23.0,41.0,28.0,30.0,19.0,16.0,17.0,,,32.0,,,44.0,19.0,11.0,,30.0,26.0,,15.0,18.0,44.0,55.0,50.0,18.0,26.0,20.0,16.0,,,48.0,18.0,23.0,16.0,,19.0,44.0,38.0,45.0,,39.0,,30.0,23.0,0.0,,33.0,27.0,53.0,11.0,29.0,42.0,29.0,22.0,35.0,42.0,35.0,50.0,32.0,17.0,24.0,46.0,5.0,53.0,,,,51.0,,15.0,31.0,30.0,,,41.0,7.0,58.0,,27.0,43.0,12.0,56.0,0.0,22.0,26.0,,38.0,26.0,22.0,33.0,36.0,29.0,6.0,30.0,30.0,,33.0,13.0,31.0,,58.0,4.0,,21.0,29.0,,32.0,34.0,41.0,30.0,20.0,19.0,31.0,,51.0,45.0,30.0,14.0,23.0,,47.0,8.0,8.0,24.0,38.0,35.0,27.0,47.0,54.0,20.0,,33.0,48.0,,18.0,44.0,44.0,52.0,47.0,20.0,28.0,42.0,33.0,27.0,21.0,53.0,29.0,,0.0,54.0,,53.0,18.0,42.0,32.0,34.0,,12.0,,53.0,10.0,24.0,30.0,35.0,15.0,54.0,0.0,,,55.0,19.0,5.0,23.0,,,38.0,26.0,36.0,19.0,40.0,,21.0,42.0,50.0,22.0,,29.0,22.0,37.0,,25.0,29.0,15.0,,14.0,4.0,58.0,28.0,19.0,39.0,34.0,11.0,40.0,18.0,12.0,32.0,11.0,16.0,27.0,23.0,,,24.0,,50.0,35.0,34.0,,31.0,57.0,21.0,38.0,42.0,,23.0,,28.0,9.0,22.0,,31.0,13.0,,29.0,43.0,,26.0,18.0,,50.0,,,30.0,,28.0,34.0,51.0,57.0,32.0,5.0,12.0,37.0,39.0,40.0,6.0,10.0,21.0,,17.0,,23.0,,15.0,18.0,,,,,33.0,23.0,10.0,28.0,57.0,3.0,38.0,28.0,37.0,47.0,44.0,23.0,45.0,0.0,19.0,53.0,,17.0,17.0,44.0,17.0,42.0,24.0,36.0,,40.0,53.0,42.0,,,,28.0,,,25.0,6.0,,29.0,,58.0,47.0,,,25.0,16.0,26.0,46.0,21.0,21.0,19.0,17.0,39.0,30.0,53.0,52.0,27.0,19.0,29.0,32.0,14.0,,36.0,21.0,14.0,,30.0,56.0,56.0,16.0,15.0,46.0,27.0,57.0,47.0,21.0,29.0,9.0,,41.0,42.0,23.0,52.0,22.0,14.0,43.0,40.0,29.0,0.0,33.0,8.0,15.0,55.0,10.0,,,25.0,23.0,40.0,23.0,30.0,31.0,32.0,3.0,33.0,55.0,44.0,,,47.0,20.0,25.0,,24.0,54.0,,58.0,40.0,41.0,10.0,26.0,44.0,28.0,22.0,,17.0,17.0,,25.0,24.0,,15.0,7.0,0.0,17.0,14.0,34.0,,12.0,40.0,14.0,19.0,19.0,20.0,36.0,16.0,,55.0,21.0,,28.0,45.0,14.0,35.0,19.0,20.0,46.0,5.0,,,,41.0,22.0,56.0,36.0,13.0,,27.0,,,43.0,,24.0,47.0,36.0,,57.0,,16.0,,28.0,16.0,44.0,24.0,23.0,57.0,,7.0,17.0,,,20.0,16.0,52.0,16.0,,35.0,8.0,,21.0,,,,,52.0,21.0,,22.0,8.0,48.0,,31.0,44.0,44.0,16.0,38.0,34.0,53.0,,40.0,45.0,33.0,16.0,17.0,43.0,48.0,33.0,,33.0,47.0,,25.0,51.0,,19.0,,35.0,40.0,57.0,48.0,55.0,26.0,,56.0,29.0,13.0,13.0,,34.0,19.0,24.0,,,14.0,,46.0,24.0,,38.0,12.0,,,,16.0,16.0,52.0,,6.0,20.0,16.0,,,,,20.0,29.0,21.0,47.0,30.0,42.0,46.0,7.0,47.0,14.0,,9.0,,,31.0,16.0,37.0,47.0,29.0,6.0,13.0,25.0,51.0,,24.0,,,38.0,,32.0,,31.0,13.0,18.0,21.0,18.0,,22.0,41.0,5.0,26.0,58.0,,7.0,6.0,25.0,19.0,48.0,30.0,,,15.0,37.0,7.0,,48.0,,31.0,33.0,13.0,34.0,25.0,23.0,29.0,35.0,,,17.0,44.0,57.0,0.0,,,39.0,49.0,46.0,24.0,,42.0,,44.0,27.0,21.0,46.0,,39.0,27.0,37.0,28.0,18.0,48.0,,,,4.0,7.0,,22.0,30.0,12.0,12.0,21.0,20.0,39.0,52.0,40.0,,,35.0,,18.0,,17.0,19.0,23.0,17.0,31.0,0.0,25.0,49.0,41.0,45.0,40.0,23.0,25.0,53.0,17.0,53.0,55.0,,32.0,47.0,,36.0,41.0,55.0,,15.0,15.0,58.0,,10.0,36.0,,50.0,28.0,,44.0,35.0,24.0,19.0,,30.0,35.0,53.0,0.0,,30.0,,,,31.0,38.0,,47.0,33.0,36.0,30.0,,29.0,30.0,,58.0,30.0,51.0,23.0,33.0,35.0,53.0,15.0,,29.0,40.0,6.0,,,23.0,57.0,,25.0,31.0,,,33.0,44.0,29.0,55.0,,29.0,,54.0,,,27.0,,19.0,12.0,18.0,46.0,,,25.0,,22.0,24.0,47.0,37.0,,12.0,16.0,58.0,36.0,46.0,55.0,,13.0,17.0,17.0,33.0,18.0,19.0,25.0,19.0,,29.0,22.0,24.0,,45.0,19.0,0.0,,38.0,36.0,,,37.0,24.0,,,44.0,15.0,6.0,0.0,34.0,51.0,55.0,34.0,50.0,,46.0,7.0,39.0,42.0,10.0,50.0,,16.0,56.0,40.0,24.0,27.0,,34.0,22.0,52.0,45.0,55.0,11.0,,30.0,41.0,,32.0,20.0,33.0,43.0,24.0,20.0,,11.0,,31.0,27.0,43.0,21.0,,11.0,,31.0,,35.0,,30.0,28.0,47.0,,13.0,51.0,23.0,11.0,24.0,33.0,,25.0,,46.0,,,,53.0,14.0,46.0,,36.0,18.0,42.0,34.0,29.0,39.0,,46.0,17.0,55.0,58.0,25.0,28.0,40.0,24.0,,34.0,54.0,41.0,,57.0,37.0,,45.0,,,14.0,23.0,47.0,29.0,38.0,25.0,27.0,28.0,,39.0,10.0,22.0,,13.0,27.0,,42.0,42.0,30.0,21.0,,,13.0,,42.0,30.0,40.0,,25.0,,28.0,58.0,20.0,0.0,50.0,12.0,,58.0,20.0,24.0,,18.0,53.0,17.0,,33.0,33.0,16.0,,,48.0,,51.0,,7.0,34.0,31.0,,9.0,12.0,24.0,43.0,16.0,28.0,35.0,47.0,23.0,54.0,19.0,26.0,26.0,42.0,20.0,19.0,29.0,8.0,9.0,52.0,57.0,,,24.0,6.0,28.0,48.0,39.0,26.0,,30.0,52.0,45.0,23.0,22.0,,33.0,,44.0,43.0,32.0,33.0,57.0,30.0,30.0,,3,3,2.46978021978022,18.557466322728576,-0.32119538916322904
12,10,12,13,13,15,11,12,14,14,11,5,14,13,9,14,16,16,32,30,13,18,14,15,12,23,22,14,10,15,16,15,5,18,15,20,33,16,8,14,19,17.0,15,14,16,13,18,12,21,19,19,17,14,14,10,19,14,23,15,15,15,22,21,13,58.0,16,17,13,18,19,18,20,22,15,15,15,31,30,4,12,18,15,14,18,16,13,19,22,34,21,0,18,21,17,14,19,24,20,13,17,22,29,19,13,11,15,27,24,11,20,31,18.0,9,27,22.0,22,19,19,21,29,11,22,17,20,15,20,19,25.0,20,16,14,22,,19,16,21.0,19,37,13,22,23,19,22,26,28.0,22.0,26,32.0,18,22,13,19,48.0,15,29,19,17,18.0,30,18,25,18,19,35,25,17.0,25,21,15,22,25,16.0,20,31,13,20,23,28.0,28,34.0,21,20,24,24,21,44.0,16.0,24,23,,45.0,18,38,16,20,27,14,15,57.0,26,19,,22,23,32,27,53.0,26,20,22,19,,13,17,34,29,12,19,18,32.0,56.0,31,30,27,23.0,20,30,26,34.0,21,31.0,21.0,27,25,30.0,26,38,26,13.0,57.0,24,18,10,20,20,16.0,26,6,4,19,31,17,29.0,31.0,25,31.0,49.0,30.0,24.0,35,37.0,21,14,32,38.0,50.0,20.0,25.0,32.0,21,43.0,35.0,19.0,16,17,,18,34,29,26.0,0.0,26.0,19,37.0,15,32,0.0,24.0,31,44.0,22.0,18,32,27.0,24,26.0,46.0,32.0,25,26,17.0,26,33,27,51,17,23,16,21,26,35,22,6,19.0,25.0,26,27,15,38.0,31.0,32,36,16,0.0,17,,23,27,16,16,34,0.0,19,20.0,19,21,30.0,17,24,20,62.0,28.0,15,32.0,24.0,24.0,10.0,40.0,28,36.0,14,34,23,29.0,23,26.0,33.0,21,26.0,12.0,20.0,22,46.0,14,30,22,22,22,15,23,44.0,21,17.0,30,23,21,40.0,18,45.0,46,47.0,28,28.0,17,21,0.0,15,25.0,37,36.0,21.0,24,48,44.0,29.0,29.0,22.0,11.0,13,18.0,30.0,31,52.0,23,33,53.0,9.0,14,,25,13.0,20.0,20,41,21,29.0,14,24.0,59.0,16,,23,4.0,27,25,16,20.0,26.0,22,26,27,19.0,28.0,33,26,55.0,16,23.0,19.0,51.0,21.0,50.0,15.0,17.0,35.0,,36.0,9,16,19.0,37.0,43.0,50.0,27.0,,62.0,35.0,21,20,56.0,25.0,23,44.0,53.0,29.0,32.0,28.0,37.0,41,3,,23.0,18.0,26.0,30,,,65.0,49,24,30,44.0,53.0,34.0,25.0,17,18,21.0,,32,54.0,19.0,27,,,22.0,32,38.0,30,30.0,26.0,26.0,33,25.0,30,22.0,16,20,,57.0,40.0,49.0,37,27,21,51.0,23,52.0,20,41,15.0,36,38,46.0,34.0,35,28,28.0,30.0,30.0,10.0,35.0,26.0,26,28.0,22,28,25.0,42.0,25.0,36.0,25.0,18.0,16,36,25.0,23.0,31.0,48.0,39.0,58.0,18,36.0,35,20.0,36.0,19.0,37.0,13,7.0,32,,49.0,26.0,17,30.0,46.0,21.0,22,29,41.0,0.0,,26.0,61.0,24.0,46.0,21.0,25.0,48.0,,23.0,28,28,20.0,25.0,18.0,34,36,24,27,44.0,25.0,20,9,24.0,23.0,17,15.0,31.0,29.0,34,38.0,16.0,65.0,20,60.0,63.0,30.0,33.0,46.0,44.0,35,22.0,28,16.0,19,21,28,23.0,16.0,23.0,,,20.0,20.0,,49.0,30.0,33.0,0,52.0,27.0,21,44.0,27.0,14.0,22.0,21,27.0,25.0,36.0,17,12,21.0,35,32.0,25.0,43.0,10.0,21,15.0,24,16,32.0,20,26.0,25,36.0,16.0,20.0,29,24,,28.0,49,21.0,23,22.0,29,,21.0,28.0,27.0,21.0,13.0,33,26.0,13.0,35.0,38.0,20.0,16.0,53.0,23,21,38.0,33,36,17,25.0,,30.0,33.0,39.0,54.0,31,22.0,31.0,29.0,37,17.0,,26.0,59.0,,25,34.0,39.0,27.0,32.0,24.0,20.0,34.0,35,,,37.0,34.0,47.0,17.0,38.0,36,35.0,29.0,24.0,23.0,10,20,32.0,31.0,34,16.0,43.0,43.0,24,24.0,50.0,21.0,16.0,18,19.0,,30.0,31.0,38.0,31.0,20.0,,18.0,20,26,33.0,34.0,45.0,52.0,44.0,11.0,38.0,32.0,,51.0,41,29,46.0,35,50.0,32.0,23.0,31.0,27,41,36.0,36.0,32.0,29.0,18.0,42.0,24.0,29.0,22.0,28,20.0,26.0,29.0,33.0,43.0,41.0,22,40.0,21.0,27.0,25,,15.0,,40.0,14.0,,50,34.0,35,33.0,17.0,55.0,29.0,,54.0,63.0,31.0,32.0,29.0,49.0,30.0,18.0,,,21.0,,30.0,19.0,32.0,65.0,19,48.0,37.0,19,20.0,47.0,27,25.0,50.0,0.0,15,19,1,42.0,39.0,,55.0,35.0,27.0,18.0,0.0,56.0,37,16.0,33,36.0,20,25,25.0,25,13.0,53.0,25.0,41.0,16,45.0,18.0,25.0,22.0,,29.0,32,56.0,35,35.0,64.0,,34,34.0,24,44,28.0,20.0,61.0,34,19.0,19.0,22,10.0,32.0,,47.0,32.0,19.0,65.0,28.0,31,25.0,25.0,42.0,57.0,30.0,,41.0,42.0,21,33.0,29,66.0,33.0,29.0,36.0,24,34,,44.0,20.0,29.0,20.0,35.0,34.0,34.0,34.0,19,30.0,24.0,25,26,29.0,,36,29.0,44.0,22,31.0,66,33,21,29.0,31.0,,,15.0,24.0,49.0,34.0,50.0,32.0,32.0,20.0,43.0,54.0,57.0,20.0,17.0,38.0,61.0,23.0,42.0,17.0,31.0,10.0,31.0,21.0,51.0,,46.0,32.0,21.0,25.0,28.0,,28.0,22.0,10.0,23.0,53.0,18.0,,38.0,22.0,31.0,26.0,39.0,,32.0,40,35.0,26.0,14.0,15,37.0,20.0,13.0,33.0,34.0,24.0,42.0,41.0,,47.0,34.0,39.0,42.0,41.0,48.0,46.0,34.0,38.0,26.0,,43.0,21.0,23.0,31.0,28.0,32.0,27.0,8.0,26,17.0,30.0,64.0,0,42.0,20.0,20.0,31.0,28.0,44.0,22.0,,26.0,26,39.0,57.0,24.0,,,,29,36,34.0,46.0,27.0,36.0,53.0,,40,23,,66.0,40.0,,38.0,27.0,,17.0,,57.0,59.0,,63.0,61.0,58.0,17.0,4,41.0,18.0,18.0,41.0,14.0,31,34.0,20,46.0,28,41.0,30.0,31.0,46.0,24.0,38.0,43.0,50.0,17.0,34.0,55.0,14.0,34,28.0,40.0,26.0,34.0,58.0,8,49.0,15.0,21.0,56.0,23.0,29.0,,58.0,43.0,16,20,37.0,17.0,44.0,27.0,16.0,58.0,40.0,29.0,20,,45.0,30.0,60.0,33.0,31.0,36.0,38.0,31,46.0,22.0,36.0,16,15,,23.0,56.0,39.0,,45.0,41.0,58.0,,18.0,58.0,25.0,51.0,18.0,22.0,23,17.0,30.0,18.0,23.0,27.0,17,45.0,52.0,18,41.0,62.0,29.0,34.0,49.0,39.0,47.0,14.0,51.0,54.0,25.0,17,32.0,34.0,28.0,42.0,35,66.0,48.0,30.0,25.0,26.0,,51.0,42.0,28.0,32.0,24.0,34.0,26.0,27,16,36.0,30.0,20.0,,43.0,30,20,37.0,26.0,63.0,48.0,50.0,35.0,50.0,38.0,35.0,38.0,28.0,43.0,39.0,15.0,35.0,31,27,19.0,35.0,62.0,30.0,27.0,22,,50.0,,35.0,21.0,33.0,23.0,,24.0,61.0,37.0,,29.0,,21.0,41,53.0,49.0,27,1.0,,45.0,,42.0,,41.0,,36.0,,48.0,42.0,29.0,37.0,21.0,,49.0,36.0,29.0,,30.0,33.0,48.0,36.0,41.0,,,1.0,46.0,17.0,32.0,18.0,24.0,,22.0,30.0,56.0,37.0,16.0,20.0,,25.0,27.0,,,49.0,50.0,35.0,,4.0,16.0,63.0,,35.0,11.0,,60.0,,12.0,,28.0,28,46.0,36.0,32.0,,0.0,18.0,30.0,18.0,21.0,23.0,20.0,40.0,23.0,,42.0,23.0,53.0,21.0,,52.0,29.0,62.0,30.0,50.0,19.0,37.0,37.0,,29.0,59.0,51.0,40.0,25.0,19.0,35.0,26.0,,63.0,,44.0,37.0,23.0,58.0,33.0,24.0,,42,,31.0,29.0,45.0,22.0,,34.0,48.0,,25,10.0,,41.0,,34.0,37.0,29.0,49.0,30.0,34.0,62.0,0.0,37.0,35.0,,,30,56.0,27.0,,,45.0,30.0,52.0,37.0,21.0,38.0,38.0,22.0,16.0,34.0,47.0,28.0,37.0,51.0,37.0,21.0,,18.0,24.0,47.0,32,24,49.0,,57.0,25.0,22.0,18.0,41.0,42.0,33.0,29.0,65.0,,65.0,35.0,46.0,61.0,24.0,26.0,32.0,32.0,28.0,,20.0,23.0,53.0,,,50.0,17.0,22.0,33.0,27.0,32.0,29.0,40.0,27.0,43.0,41.0,24.0,12.0,,,29.0,38.0,29.0,21.0,,26.0,27,36.0,0.0,38.0,,30,38.0,,,48.0,19.0,,35.0,31.0,24,,22.0,57.0,,33.0,17.0,34.0,13,23.0,,48.0,,31,,21.0,32.0,28.0,36.0,27.0,25.0,16.0,20.0,20.0,53.0,57.0,37.0,48.0,44.0,21.0,,50.0,,34.0,47.0,34.0,,66.0,42,54.0,,16.0,21.0,20.0,35.0,,25.0,39.0,32.0,35.0,21.0,17.0,33,24.0,36.0,46.0,24.0,39.0,28.0,31.0,50.0,48.0,11.0,41.0,48.0,,28.0,46.0,63.0,47.0,36.0,,0.0,,34.0,,49.0,22.0,20.0,27.0,33.0,57.0,36.0,36.0,,20.0,,19.0,,27.0,39.0,,19.0,15.0,41.0,12.0,,40.0,16.0,49.0,58.0,35.0,32.0,49.0,38.0,0.0,44.0,54.0,31.0,19.0,65.0,43.0,20.0,19.0,26.0,52.0,54.0,52.0,13.0,54.0,27.0,,28,59.0,,28.0,29.0,45.0,51.0,46.0,38.0,57.0,54.0,40.0,31.0,45.0,47.0,43.0,26.0,54.0,8.0,26.0,35.0,37.0,46.0,31.0,32.0,30.0,20.0,18.0,,58.0,38.0,49.0,12.0,36.0,14.0,29.0,45.0,26.0,43.0,34.0,51.0,40.0,29.0,3.0,30.0,,,64.0,39.0,17.0,35.0,41.0,25.0,62.0,49.0,31.0,39.0,31.0,24.0,42.0,61.0,43.0,52.0,49.0,36.0,21.0,44.0,60.0,22.0,31.0,41.0,24.0,28.0,31.0,31.0,57.0,37.0,47.0,36.0,26.0,62.0,35.0,21.0,,,,31.0,35.0,35.0,31.0,29.0,65.0,35.0,37.0,24.0,53.0,61.0,38.0,26.0,0.0,45.0,26.0,52.0,17.0,39.0,29.0,2.0,,49.0,14.0,37.0,34.0,33.0,64.0,,65.0,33.0,55.0,28.0,36.0,52.0,33.0,,,,39.0,42.0,36.0,,17,33.0,49.0,36.0,23.0,,32.0,36.0,49.0,36.0,36.0,22,25.0,49.0,,27.0,11.0,23.0,23.0,,31,54.0,,,47.0,23.0,53.0,37.0,25.0,32.0,57.0,41.0,24.0,49.0,48.0,14.0,46.0,25.0,44.0,33.0,34.0,36.0,24.0,42.0,51.0,55.0,34.0,33.0,28.0,,,43.0,45.0,22.0,,24.0,40.0,25.0,,35.0,,28.0,53.0,56.0,53.0,,41.0,,,,63.0,32.0,13.0,41.0,,31.0,41.0,,4.0,46.0,52.0,17.0,36.0,40.0,30.0,4.0,46.0,28.0,23.0,43.0,30.0,20.0,32.0,29.0,30.0,46.0,15.0,51.0,47.0,29.0,,25.0,,41.0,17.0,,38.0,15.0,57.0,20.0,37.0,32.0,51.0,37.0,43.0,35.0,63.0,36.0,35.0,35.0,42.0,27.0,19.0,,55.0,50.0,32.0,25.0,24.0,47,23.0,51.0,14.0,,56.0,22.0,50.0,,33.0,25.0,61.0,56.0,44.0,37.0,26.0,,23.0,61.0,58.0,40.0,27.0,50.0,20.0,,48.0,33.0,,0.0,,0.0,17.0,33.0,63.0,,,,17.0,,,,31.0,29.0,30.0,29.0,44.0,47.0,15.0,,29.0,31.0,28.0,34.0,32.0,53.0,46.0,33.0,24.0,,23.0,23.0,57.0,50.0,6.0,41.0,,39.0,38.0,38.0,0.0,,21.0,,18.0,,31.0,14.0,,,26.0,20,56.0,28.0,34,59.0,35.0,60.0,,60.0,23.0,28.0,32.0,23.0,,42.0,30.0,35.0,32.0,36.0,,31.0,25.0,27.0,34.0,40.0,6.0,54.0,30.0,61.0,45.0,62.0,,34.0,58.0,33.0,42.0,57.0,42.0,50.0,,45.0,59.0,48.0,20.0,28.0,52.0,41.0,59.0,36.0,40.0,13.0,22.0,40.0,26.0,35.0,30.0,42.0,41.0,56.0,31.0,33.0,57.0,29.0,,35.0,34.0,58.0,14.0,27.0,25.0,30.0,,32.0,47.0,24.0,51.0,32.0,42.0,58.0,44.0,,,40.0,26.0,28.0,18.0,38.0,45.0,15.0,26.0,58.0,56.0,32.0,,35.0,31.0,37.0,29.0,28.0,,14.0,32.0,62.0,40.0,,36.0,34.0,39.0,59.0,35.0,25.0,16.0,66.0,,23.0,19.0,,35.0,34.0,26.0,53.0,36.0,30.0,,46.0,61.0,,42.0,54.0,32.0,16.0,30.0,24.0,19.0,27.0,30.0,35.0,,51.0,35.0,26.0,17.0,52.0,30.0,43.0,30.0,31.0,23.0,23.0,27.0,44.0,21.0,,42.0,37.0,,14.0,,48.0,33.0,,,32.0,18.0,47.0,21.0,39.0,31.0,21.0,23.0,,,46.0,37.0,36.0,41.0,48.0,57.0,37.0,33.0,19.0,66.0,,26.0,37.0,,8.0,36.0,30.0,32.0,30.0,32.0,25.0,54.0,15.0,7.0,30.0,45.0,,47.0,37.0,13.0,61.0,31.0,7.0,23.0,58.0,33.0,28.0,27.0,34.0,,,41.0,20.0,60.0,34.0,,65.0,43.0,36.0,58.0,,,,35.0,17.0,33.0,13.0,35.0,27.0,38.0,37.0,46.0,18.0,,,0.0,36.0,47.0,19.0,17.0,66.0,21.0,31.0,19.0,,53.0,33.0,36.0,39.0,,43.0,47.0,7.0,,26.0,37.0,17.0,30.0,44.0,,17.0,43.0,18.0,33.0,11.0,,,23.0,22.0,,21.0,38.0,28.0,,34.0,,25.0,31.0,,43.0,28.0,23.0,38.0,39.0,,,25.0,,44.0,24.0,,,,49.0,0.0,21.0,43.0,,42.0,46.0,37.0,57.0,47.0,24.0,,32.0,,,41.0,28.0,49.0,,45.0,40.0,18.0,,14.0,14.0,16.0,23.0,59.0,48.0,,38.0,40.0,,28.0,,35.0,65.0,,43.0,41.0,30.0,38.0,,,,27.0,30.0,45.0,21.0,43.0,16.0,52.0,63.0,63.0,62.0,29.0,59.0,,17.0,63.0,29.0,61.0,44.0,,59.0,23.0,30.0,35.0,54.0,19.0,25.0,43.0,49.0,57.0,32.0,29.0,39.0,,22.0,29.0,,35.0,49.0,17.0,31.0,,35.0,14.0,,16.0,,18.0,13.0,37.0,29.0,0.0,0.0,21.0,,45.0,19.0,,51.0,,51.0,,42.0,55.0,20.0,,8.0,57.0,50.0,,36.0,25.0,8.0,39.0,29.0,,,,17.0,,45.0,46.0,,54.0,,28.0,20.0,33.0,22.0,37.0,21.0,22.0,,,26.0,39.0,17.0,43.0,57.0,42.0,,32.0,31.0,37.0,48.0,29.0,53.0,,44.0,,16.0,,52.0,,41.0,17.0,27.0,,53.0,23.0,30.0,17.0,28.0,,44.0,,46.0,,52.0,,19.0,17.0,31.0,0.0,20.0,26.0,12.0,26.0,60.0,,,43.0,24.0,43.0,,52.0,32.0,62.0,40.0,33.0,,,37.0,28.0,39.0,41.0,,61.0,29.0,50.0,18.0,44.0,30.0,19.0,20.0,62.0,,25.0,28.0,40.0,21.0,34.0,19.0,0.0,,,29.0,64.0,13.0,22.0,64.0,40.0,26.0,45.0,37.0,47.0,53.0,,45.0,41.0,27.0,62.0,,,30.0,62.0,64.0,25.0,,27.0,22.0,,,,8.0,27.0,,66.0,37.0,47.0,44.0,,60.0,20.0,17.0,39.0,59.0,,34.0,,11.0,55.0,50.0,31.0,28.0,25.0,,58.0,47.0,33.0,,60.0,39.0,51.0,21.0,66.0,,52.0,61.0,39.0,20.0,,31.0,54.0,,6.0,42.0,,50.0,,29.0,60.0,,39.0,,46.0,23.0,44.0,,29.0,39.0,50.0,24.0,53.0,,39.0,34.0,51.0,44.0,54.0,24.0,,12.0,46.0,,59.0,20.0,,12.0,23.0,60.0,58.0,,37.0,21.0,32.0,48.0,46.0,,31.0,,54.0,,11.0,,29.0,23.0,5.0,33.0,34.0,62.0,23.0,54.0,21.0,51.0,47.0,14.0,48.0,60.0,52.0,25.0,50.0,15.0,13.0,18.0,18.0,,65.0,21.0,3.0,21.0,62.0,42.0,56.0,43.0,,,37.0,63.0,62.0,58.0,,,54.0,30.0,56.0,,30.0,37.0,26.0,33.0,18.0,36.0,59.0,,23.0,,22.0,,,,,,,28.0,59.0,,,37.0,21.0,18.0,26.0,50.0,,,24.0,36.0,17.0,,,30.0,55.0,20.0,21.0,18.0,60.0,0.0,0.0,38.0,42.0,15.0,58.0,,,54.0,30.0,31.0,,15.0,,34.0,29.0,,22.0,65.0,22.0,,55.0,56.0,48.0,51.0,25.0,,65.0,14.0,,28.0,41.0,33.0,28.0,12.0,36.0,43.0,35.0,35.0,65.0,28.0,60.0,,24.0,21.0,25.0,,48.0,46.0,29.0,54.0,32.0,25.0,49.0,,45.0,,36.0,,20.0,34.0,34.0,26.0,23.0,13.0,53.0,66.0,,7.0,27.0,,,43.0,16.0,,,42.0,40.0,,12.0,,46.0,57.0,49.0,15.0,24.0,60.0,39.0,37.0,61.0,48.0,19.0,17.0,,23.0,63.0,22.0,17.0,,,37.0,21.0,49.0,41.0,51.0,20.0,10.0,42.0,,50.0,28.0,,60.0,28.0,,58.0,52.0,28.0,,,19.0,,8.0,,64.0,30.0,,,52.0,26.0,52.0,34.0,14.0,47.0,19.0,21.0,23.0,54.0,,55.0,,,24.0,,,37.0,42.0,16.0,29.0,,,23.0,,13.0,37.0,20.0,12.0,33.0,21.0,18.0,,,,41.0,,61.0,20.0,40.0,25.0,,,16.0,26.0,24.0,33.0,32.0,44.0,36.0,28.0,24.0,56.0,37.0,26.0,19.0,,,25.0,33.0,,22.0,65.0,45.0,,,41.0,33.0,45.0,37.0,39.0,59.0,,44.0,,20.0,20.0,11.0,50.0,63.0,41.0,28.0,15.0,63.0,32.0,,18.0,,,,46.0,7.0,,21.0,48.0,54.0,,8.0,,30.0,37.0,33.0,0.0,65.0,,,40.0,57.0,,36.0,19.0,34.0,29.0,,,,,50.0,9.0,49.0,32.0,39.0,,29.0,41.0,24.0,,20.0,21.0,41.0,25.0,65.0,31.0,32.0,35.0,40.0,5.0,41.0,41.0,,25.0,29.0,,0.0,34.0,,13.0,,14.0,,,43.0,26.0,33.0,49.0,35.0,32.0,49.0,,,,,,,,10.0,26.0,18.0,38.0,26.0,24.0,35.0,43.0,43.0,,59.0,50.0,15.0,52.0,,64.0,38.0,64.0,31.0,55.0,13.0,66.0,,55.0,45.0,51.0,32.0,52.0,57.0,47.0,23.0,,,43.0,35.0,31.0,46.0,49.0,,31.0,48.0,,32.0,59.0,25.0,,58.0,27.0,28.0,,33.0,,32.0,49.0,25.0,15.0,18.0,,32.0,42.0,43.0,,55.0,61.0,48.0,29.0,58.0,35.0,38.0,37.0,,,49.0,,28.0,55.0,47.0,34.0,,4,3,2.4772413793103447,18.264232317423808,-0.3252403425423078
5,6,5,7,4,8,7,8,7,6,7,8,7,3,12,9,9,6,21,13,9,19,12,10,12,14,11,5,8,11,11,5,9,3,4,5,4,10,6,9,15,12.0,16,11,9,14,11,0,12,40,14,20,13,11,17,15,15,19,10,11,10,11,9,14,23.0,12,15,10,8,13,16,18,13,9,7,13,8,13,17,13,18,11,9,8,14,16,13,15,17,17,16,21,19,9,23,13,14,22,13,17,14,7,4,11,13,17,14,20,18,12,11,16.0,14,15,13.0,9,19,13,17,30,15,18,12,10,10,13,11,32.0,20,9,12,17,16.0,8,14,13.0,13,26,22,15,7,23,8,4,40.0,34.0,13,47.0,9,19,8,13,23.0,16,10,17,21,20.0,16,19,25,16,11,18,17,10.0,20,17,13,24,0,41.0,11,15,13,18,16,22.0,15,13.0,20,19,12,15,19,25.0,17.0,15,16,39.0,,5,12,12,0,38,21,10,16.0,23,15,,12,12,19,7,7.0,21,11,17,13,,15,17,22,15,25,25,12,52.0,6.0,8,21,20,33.0,16,18,7,55.0,10,12.0,13.0,12,23,20.0,25,23,13,16.0,17.0,7,16,16,19,20,11.0,27,18,13,14,15,41,19.0,18.0,14,44.0,34.0,33.0,16.0,24,19.0,21,19,22,18.0,36.0,9.0,49.0,57.0,12,42.0,13.0,12.0,25,10,14.0,7,20,6,16.0,23.0,10.0,9,26.0,14,7,15.0,33.0,6,36.0,21.0,21,21,6.0,21,21.0,50.0,6.0,34,20,54.0,31,22,21,15,14,8,13,23,16,17,10,24,31.0,32.0,34,20,8,32.0,28.0,9,25,19,52.0,16,13.0,14,8,53,10,11,17.0,19,33.0,15,23,39.0,9,23,18,21.0,12.0,12,35.0,,9.0,42.0,0.0,17,9.0,11,19,20,22.0,16,,20.0,19,14.0,16.0,30.0,25,30.0,25,21,12,14,10,31,19,30.0,19,11.0,38,14,19,39.0,14,,36,,15,49.0,34,22,43.0,27,47.0,20,36.0,8.0,32,26,35.0,11.0,12.0,21.0,13.0,21,19.0,20.0,22,,11,22,17.0,54.0,21,36.0,26,25.0,,21,24,30,22.0,15,13.0,40.0,21,35.0,34,9.0,12,16,21,26.0,27.0,35,39,8,,28.0,8,17,25.0,11,10.0,37.0,14.0,22.0,49.0,32.0,20.0,37.0,50.0,17.0,27,39,32.0,57.0,14.0,11.0,17.0,21.0,32.0,25.0,20,18,32.0,54.0,17,55.0,9.0,,14.0,20.0,18.0,14,15,16.0,38.0,8.0,39.0,21,24.0,33.0,25.0,25,17,17,22.0,,14.0,23.0,7,19,13.0,18.0,26,17.0,15.0,30,37.0,22.0,15.0,20,9.0,24,20.0,23.0,12.0,16,17.0,20,20.0,11,23,,13.0,22.0,16.0,20,13,34,22.0,28,33.0,27,19,54.0,17,18,32.0,15.0,20,26,11.0,21.0,48.0,57.0,37.0,13.0,18,28.0,22,15,49.0,15.0,54.0,13.0,18.0,15.0,19,32,10.0,11.0,14.0,14.0,11.0,29.0,7,7.0,49,12.0,8.0,58.0,20.0,26,18.0,37,21.0,56.0,21.0,18,29.0,,41.0,24,24,15.0,59.0,13.0,24.0,22.0,13.0,,44.0,11.0,,10.0,17.0,18,11,31.0,,24.0,20,35,11,7,26.0,33.0,10,11,18.0,,31,24.0,26.0,33.0,13,0.0,31.0,43.0,29,17.0,21.0,12.0,32.0,23.0,16.0,21,12.0,17,31.0,15,13,26,23.0,40.0,18.0,,27.0,32.0,27.0,59.0,13.0,23.0,13.0,21,40.0,17.0,34,32.0,21.0,6.0,19.0,16,17.0,34.0,,41,20,34.0,36,16.0,10.0,29.0,18.0,17,8.0,11,33,10.0,10,42.0,9,27.0,31.0,17.0,38,13,21.0,40.0,29,12.0,21,19.0,18,44.0,42.0,53.0,,29.0,14.0,36,30.0,,19.0,17.0,42.0,18.0,,13,11,16.0,18,48,18,14.0,18.0,30.0,17.0,45.0,21.0,40,19.0,22.0,54.0,6,11.0,43.0,32.0,,25.0,21,,38.0,23.0,22.0,25.0,16.0,18.0,29,59.0,19.0,26.0,17.0,19.0,47.0,29.0,36,28.0,,20.0,15.0,25,49,,,20,49.0,,24.0,8,33.0,28.0,15.0,13.0,20,50.0,36.0,10.0,38.0,25.0,13.0,19.0,42.0,19.0,36,17,21.0,21.0,49.0,39.0,17.0,13.0,20.0,51.0,14.0,40.0,35,15,38.0,24,,14.0,36.0,46.0,24,12,37.0,18.0,26.0,24.0,27.0,32.0,46.0,31.0,25.0,36,18.0,36.0,,48.0,41.0,49.0,21,21.0,49.0,0.0,22,,40.0,0.0,46.0,28.0,20.0,17,41.0,49,28.0,13.0,60.0,48.0,32.0,51.0,37.0,,38.0,12.0,56.0,15.0,18.0,11.0,,16.0,19.0,16.0,34.0,36.0,24.0,21,31.0,35.0,17,27.0,35.0,12,12.0,40.0,41.0,19,12,31,33.0,43.0,43.0,34.0,8.0,37.0,20.0,20.0,58.0,21,36.0,23,41.0,15,20,,22,,34.0,15.0,55.0,12,12.0,24.0,42.0,16.0,44.0,34.0,14,60.0,16,15.0,24.0,19.0,33,35.0,24,39,50.0,10.0,31.0,28,43.0,39.0,26,29.0,45.0,32.0,22.0,33.0,16.0,45.0,40.0,41,22.0,23.0,41.0,31.0,36.0,17.0,39.0,,20,47.0,22,22.0,30.0,,42.0,21,26,14.0,33.0,24.0,36.0,26.0,31.0,15.0,34.0,53.0,14,22.0,25.0,35,25,18.0,15.0,22,14.0,41.0,20,34.0,26,14,35,17.0,24.0,39.0,56.0,37.0,,14.0,,46.0,24.0,53.0,33.0,43.0,24.0,39.0,,14.0,44.0,25.0,17.0,24.0,18.0,55.0,20.0,22.0,15.0,24.0,16.0,10.0,31.0,23.0,54.0,21.0,45.0,27.0,28.0,53.0,11.0,20.0,15.0,36.0,37.0,13.0,,42.0,20.0,29.0,41.0,14,17.0,27.0,23.0,56,17.0,54.0,22.0,42.0,46.0,52.0,20.0,9.0,,31.0,41.0,,39.0,25.0,22.0,,53.0,25.0,26.0,,,,38.0,51.0,32.0,26.0,52.0,44.0,10,42.0,37.0,,24,12.0,40.0,19.0,31.0,13.0,14.0,20.0,14.0,35.0,33,22.0,45.0,45.0,35.0,28.0,31.0,22,23,39.0,12.0,14.0,38.0,24.0,12.0,12,21,35.0,43.0,15.0,18.0,42.0,32.0,41.0,32.0,56.0,37.0,9.0,29.0,16.0,37.0,,33.0,27,20.0,33.0,36.0,17.0,11.0,17,,24,46.0,31,16.0,43.0,44.0,,26.0,36.0,38.0,,18.0,25.0,16.0,26.0,38,,22.0,19.0,29.0,,24,23.0,29.0,12.0,,28.0,47.0,18.0,20.0,13.0,13,20,42.0,8.0,38.0,20.0,59.0,19.0,56.0,42.0,23,54.0,41.0,33.0,,34.0,10.0,22.0,18.0,24,22.0,,21.0,12,18,31.0,40.0,17.0,23.0,8.0,31.0,24.0,26.0,52.0,9.0,40.0,19.0,21.0,26.0,28.0,14,12.0,,,30.0,,28,50.0,25.0,35,20.0,37.0,40.0,12.0,,26.0,30.0,23.0,43.0,24.0,16.0,10,56.0,42.0,46.0,21.0,27,47.0,33.0,26.0,27.0,29.0,,36.0,21.0,29.0,49.0,38.0,36.0,14.0,26,26,10.0,19.0,14.0,23.0,15.0,28,24,36.0,57.0,35.0,,36.0,35.0,,24.0,18.0,53.0,,21.0,59.0,24.0,,17,13,27.0,58.0,31.0,47.0,43.0,18,18.0,49.0,23.0,49.0,12.0,60.0,26.0,19.0,11.0,29.0,,29.0,54.0,42.0,33.0,26,23.0,30.0,24,27.0,,33.0,,16.0,40.0,47.0,,25.0,,12.0,20.0,7.0,31.0,24.0,35.0,26.0,27.0,26.0,33.0,23.0,,,51.0,19.0,38.0,41.0,23.0,13.0,,6.0,9.0,,57.0,25.0,27.0,19.0,0.0,46.0,,,0.0,13.0,46.0,,32.0,22.0,19.0,21.0,19.0,21.0,15.0,19.0,46.0,13.0,,8.0,,29.0,38.0,28.0,25,50.0,14.0,34.0,34.0,,11.0,28.0,5.0,39.0,56.0,6.0,51.0,22.0,30.0,19.0,30.0,53.0,47.0,31.0,49.0,34.0,52.0,24.0,60.0,44.0,0.0,0.0,52.0,26.0,27.0,21.0,,34.0,36.0,29.0,15.0,,,10.0,,15.0,24.0,,16.0,,21.0,25,23.0,8.0,28.0,16.0,37.0,19.0,4.0,,37.0,18,19.0,29.0,17.0,38.0,27.0,,35.0,,10.0,6.0,17.0,26.0,20.0,18.0,49.0,33.0,6,9.0,14.0,28.0,0.0,50.0,16.0,23.0,24.0,10.0,37.0,33.0,21.0,7.0,47.0,,10.0,23.0,,24.0,8.0,8.0,39.0,37.0,18.0,31,12,20.0,11.0,49.0,45.0,30.0,15.0,20.0,17.0,50.0,31.0,32.0,,15.0,34.0,42.0,0.0,49.0,29.0,18.0,20.0,10.0,,39.0,,31.0,,42.0,13.0,,16.0,32.0,35.0,28.0,24.0,26.0,36.0,36.0,40.0,31.0,22.0,,53.0,56.0,28.0,13.0,44.0,40.0,55.0,32,30.0,26.0,31.0,19.0,19,23.0,,38.0,,37.0,37.0,19.0,48.0,29,34.0,16.0,14.0,28.0,,22.0,,51,37.0,33.0,,20.0,21,50.0,45.0,19.0,42.0,37.0,33.0,,0.0,7.0,,31.0,,29.0,26.0,37.0,6.0,,16.0,,,41.0,56.0,23.0,13.0,14,21.0,52.0,50.0,14.0,32.0,10.0,12.0,19.0,35.0,,,,34.0,32,26.0,,59.0,30.0,,50.0,45.0,37.0,,53.0,32.0,31.0,30.0,23.0,,,,28.0,,42.0,51.0,18.0,26.0,38.0,16.0,53.0,44.0,52.0,19.0,41.0,27.0,57.0,12.0,46.0,40.0,10.0,,43.0,9.0,18.0,10.0,27.0,22.0,,24.0,20.0,14.0,,30.0,18.0,21.0,37.0,43.0,0.0,,45.0,,29.0,9.0,4.0,12.0,20.0,10.0,35.0,49.0,14.0,19.0,,13.0,25,57.0,,10.0,16.0,,20.0,37.0,57.0,18.0,,57.0,25.0,22.0,27.0,,39.0,53.0,27.0,16.0,,31.0,46.0,53.0,25.0,,32.0,12.0,55.0,11.0,13.0,43.0,,,48.0,33.0,,48.0,28.0,28.0,20.0,22.0,28.0,,23.0,20.0,26.0,39.0,,26.0,12.0,25.0,34.0,19.0,,18.0,29.0,24.0,,9.0,4.0,52.0,24.0,13.0,50.0,,34.0,28.0,15.0,48.0,48.0,29.0,60.0,24.0,26.0,28.0,56.0,56.0,16.0,26.0,42.0,22.0,34.0,20.0,14.0,13.0,21.0,31.0,55.0,,38.0,,28.0,10.0,58.0,47.0,35.0,28.0,34.0,57.0,43.0,9.0,41.0,,34.0,41.0,33.0,,17.0,11.0,29.0,12.0,26.0,22.0,,,20.0,17.0,,27.0,25.0,29.0,33.0,,0.0,17.0,,48.0,,26,27.0,25.0,18.0,,60.0,36.0,,,30.0,41.0,21,29.0,,34.0,46.0,15.0,37.0,49.0,37.0,22,29.0,51.0,51.0,46.0,50.0,39.0,17.0,57.0,24.0,,28.0,48.0,15.0,59.0,,20.0,23.0,39.0,35.0,,60.0,18.0,34.0,23.0,21.0,,34.0,26.0,16.0,,25.0,17.0,22.0,,43.0,14.0,,14.0,34.0,39.0,35.0,37.0,28.0,19.0,48.0,,33.0,17.0,59.0,28.0,35.0,20.0,53.0,29.0,37.0,44.0,12.0,,13.0,,36.0,34.0,24.0,37.0,,,,44.0,19.0,29.0,47.0,19.0,60.0,27.0,,23.0,,50.0,,37.0,,12.0,30.0,,23.0,31.0,12.0,31.0,21.0,29.0,7.0,32.0,17.0,27.0,23.0,59.0,33.0,19.0,21.0,,38.0,,,,,,52.0,0.0,32,23.0,20.0,,,12.0,21.0,21.0,44.0,31.0,,19.0,48.0,10.0,19.0,11.0,8.0,33.0,11.0,15.0,39.0,,29.0,,50.0,0.0,,,48.0,30.0,32.0,8.0,15.0,51.0,30.0,47.0,,,,16.0,38.0,30.0,14.0,23.0,51.0,53.0,36.0,48.0,,42.0,35.0,20.0,46.0,12.0,48.0,,47.0,42.0,29.0,20.0,26.0,41.0,26.0,39.0,52.0,52.0,54.0,54.0,49.0,20.0,56.0,15.0,28.0,18.0,22.0,,34.0,21.0,33.0,14.0,28,58.0,23.0,22,,15.0,24.0,38.0,37.0,9.0,19.0,60.0,26.0,36.0,54.0,36.0,27.0,23.0,,,0.0,32.0,41.0,39.0,22.0,36.0,,29.0,26.0,,56.0,30.0,35.0,24.0,21.0,,50.0,34.0,,,52.0,16.0,41.0,,52.0,43.0,14.0,,8.0,11.0,25.0,33.0,17.0,53.0,,36.0,46.0,47.0,22.0,59.0,27.0,50.0,50.0,18.0,26.0,11.0,19.0,6.0,35.0,,25.0,25.0,,27.0,21.0,58.0,37.0,18.0,,44.0,44.0,,49.0,,18.0,26.0,38.0,36.0,17.0,10.0,56.0,42.0,52.0,30.0,27.0,,50.0,23.0,21.0,,45.0,34.0,40.0,47.0,,35.0,6.0,50.0,,49.0,17.0,35.0,20.0,49.0,60.0,41.0,,16.0,28.0,12.0,29.0,,55.0,27.0,31.0,36.0,18.0,21.0,,45.0,,57.0,51.0,34.0,29.0,27.0,50.0,24.0,36.0,,23.0,23.0,30.0,24.0,37.0,47.0,40.0,15.0,29.0,43.0,22.0,,34.0,18.0,18.0,,52.0,,30.0,24.0,17.0,,,54.0,,48.0,,,58.0,,44.0,11.0,17.0,30.0,,45.0,,18.0,30.0,,14.0,25.0,30.0,26.0,15.0,,32.0,49.0,33.0,,23.0,17.0,51.0,21.0,20.0,25.0,36.0,13.0,19.0,24.0,48.0,40.0,11.0,26.0,,30.0,13.0,5.0,,,59.0,31.0,,30.0,23.0,18.0,13.0,23.0,50.0,43.0,38.0,50.0,55.0,,21.0,,14.0,55.0,10.0,24.0,15.0,36.0,30.0,,46.0,27.0,38.0,34.0,13.0,19.0,24.0,20.0,32.0,23.0,22.0,43.0,51.0,19.0,17.0,35.0,40.0,,19.0,26.0,41.0,,2.0,38.0,55.0,,17.0,11.0,58.0,57.0,13.0,45.0,,25.0,,5.0,42.0,,25.0,30.0,25.0,51.0,19.0,19.0,20.0,35.0,36.0,39.0,27.0,41.0,39.0,,,,31.0,19.0,,,34.0,44.0,,37.0,49.0,14.0,17.0,21.0,39.0,25.0,7.0,,,23.0,28.0,37.0,,52.0,40.0,19.0,56.0,59.0,41.0,11.0,22.0,,33.0,13.0,36.0,34.0,20.0,23.0,35.0,58.0,39.0,,15.0,16.0,44.0,41.0,13.0,,34.0,13.0,21.0,16.0,47.0,34.0,,49.0,,55.0,0.0,,22.0,20.0,0.0,47.0,27.0,57.0,58.0,,28.0,26.0,22.0,48.0,34.0,,16.0,17.0,,17.0,21.0,24.0,58.0,34.0,,,24.0,17.0,29.0,9.0,,39.0,,,59.0,37.0,36.0,22.0,22.0,,,10.0,60.0,55.0,49.0,33.0,50.0,33.0,37.0,15.0,32.0,10.0,40.0,42.0,14.0,25.0,,,42.0,15.0,37.0,40.0,,26.0,27.0,,26.0,32.0,59.0,26.0,42.0,28.0,,25.0,34.0,,,,,32.0,,,,,16.0,33.0,30.0,34.0,29.0,35.0,36.0,42.0,57.0,,24.0,19.0,28.0,49.0,30.0,57.0,,,12.0,,24.0,18.0,24.0,40.0,57.0,17.0,27.0,28.0,51.0,,,34.0,8.0,25.0,39.0,,52.0,55.0,59.0,,28.0,51.0,34.0,,13.0,42.0,27.0,,23.0,,53.0,,,,,32.0,20.0,48.0,29.0,20.0,,28.0,29.0,20.0,,38.0,22.0,,32.0,,,10.0,,38.0,12.0,15.0,,57.0,,41.0,,19.0,26.0,56.0,37.0,,0.0,33.0,32.0,42.0,0.0,56.0,57.0,27.0,56.0,11.0,14.0,52.0,32.0,6.0,,32.0,31.0,,,35.0,11.0,17.0,17.0,24.0,,35.0,37.0,,,33.0,20.0,24.0,11.0,45.0,35.0,,48.0,,52.0,42.0,,28.0,27.0,14.0,,14.0,23.0,44.0,,14.0,27.0,17.0,,,,59.0,41.0,,29.0,32.0,,48.0,19.0,,28.0,,30.0,59.0,32.0,,43.0,,21.0,48.0,26.0,,8.0,32.0,18.0,20.0,,30.0,32.0,,35.0,60.0,,42.0,,,18.0,41.0,23.0,,22.0,13.0,0.0,9.0,40.0,24.0,33.0,24.0,,37.0,46.0,56.0,0.0,31.0,38.0,25.0,57.0,,,17.0,54.0,36.0,16.0,50.0,,18.0,32.0,58.0,41.0,45.0,59.0,,32.0,33.0,53.0,30.0,19.0,47.0,21.0,16.0,,15.0,26.0,54.0,38.0,32.0,18.0,18.0,54.0,13.0,49.0,59.0,29.0,,,18.0,,31.0,39.0,11.0,29.0,55.0,57.0,,22.0,27.0,17.0,31.0,,21.0,16.0,48.0,21.0,48.0,27.0,40.0,38.0,23.0,7.0,,20.0,29.0,13.0,14.0,,,40.0,19.0,46.0,,53.0,19.0,56.0,,40.0,,13.0,22.0,28.0,59.0,,29.0,24.0,15.0,,29.0,23.0,18.0,,,40.0,24.0,,18.0,60.0,23.0,47.0,,35.0,7.0,,,54.0,51.0,25.0,,31.0,17.0,41.0,42.0,17.0,24.0,,14.0,,35.0,44.0,40.0,35.0,,21.0,17.0,,46.0,47.0,26.0,,27.0,20.0,0.0,50.0,22.0,,,57.0,31.0,17.0,,41.0,,26.0,,9.0,16.0,,,1.0,30.0,40.0,,24.0,25.0,,,32.0,12.0,17.0,,34.0,38.0,13.0,43.0,,30.0,39.0,24.0,,34.0,59.0,,56.0,,22.0,38.0,35.0,26.0,31.0,,40.0,12.0,50.0,44.0,18.0,,21.0,,48.0,29.0,17.0,,,,,51.0,32.0,,28.0,11.0,32.0,35.0,21.0,30.0,,36.0,26.0,14.0,,46.0,53.0,,53.0,8.0,10.0,47.0,37.0,43.0,47.0,42.0,18.0,31.0,19.0,,48.0,59.0,,21.0,49.0,12.0,0.0,22.0,0.0,32.0,33.0,0.0,,25.0,43.0,38.0,47.0,16.0,21.0,,38.0,11.0,18.0,46.0,26.0,,28.0,30.0,45.0,13.0,,,,,47.0,22.0,55.0,,24.0,29.0,,27.0,14.0,48.0,43.0,,38.0,45.0,42.0,39.0,19.0,30.0,,22.0,39.0,32.0,58.0,32.0,,31.0,25.0,23.0,19.0,,34.0,,25.0,19.0,52.0,54.0,29.0,44.0,33.0,55.0,24.0,25.0,40.0,,16.0,23.0,14.0,40.0,,,41.0,49.0,42.0,47.0,,38.0,27.0,50.0,,36.0,54.0,32.0,,,23.0,,42.0,34.0,21.0,26.0,29.0,40.0,,,,49.0,27.0,23.0,,15.0,27.0,52.0,51.0,45.0,59.0,36.0,11.0,31.0,41.0,31.0,,48.0,17.0,,31.0,25.0,42.0,55.0,27.0,47.0,20.0,32.0,0.0,27.0,28.0,35.0,,43.0,29.0,,18.0,44.0,5.0,24.0,,32.0,40.0,10.0,,54.0,36.0,,45.0,55.0,19.0,34.0,52.0,13.0,45.0,46.0,36.0,58.0,43.0,31.0,33.0,32.0,18.0,20.0,15.0,44.0,15.0,25.0,30.0,,34.0,30.0,35.0,36.0,36.0,,,,18.0,,,,,20.0,34.0,,32.0,30.0,,,,,,,,12.0,,28.0,19.0,59.0,18.0,21.0,,43.0,43.0,59.0,23.0,39.0,45.0,57.0,13.0,35.0,46.0,,40.0,,,20.0,37.0,30.0,,39.0,,29.0,21.0,,,44.0,32.0,5,3,2.437926330150068,18.00797720797721,-0.32718762550228114
7,8,7,9,9,9,9,10,10,9,8,10,15,9,9,8,13,12,30,22,2,11,11,15,10,12,15,8,9,14,14,12,10,9,15,13,15,11,15,13,16,16.0,10,19,8,17,13,9,14,27,11,15,11,15,16,16,1,25,12,16,10,10,15,16,12.0,16,16,10,13,13,24,11,15,13,14,11,16,13,13,15,18,14,10,10,17,11,15,15,16,14,11,16,14,16,18,17,34,24,11,23,28,21,21,10,15,18,16,26,22,15,11,42.0,19,16,14.0,15,20,19,21,12,11,22,11,11,13,13,7,37.0,19,18,19,12,18.0,12,14,14.0,10,13,13,17,30,24,34,13,24.0,21.0,13,15.0,11,24,12,20,16.0,15,12,11,21,,32,7,33,15,14,17,22,,23,6,12,23,9,24.0,9,21,18,31,21,24.0,19,29.0,14,13,9,10,23,14.0,18.0,23,19,,22.0,22,13,25,1,24,10,11,14.0,26,18,37.0,15,10,17,25,38.0,27,20,18,17,25.0,28,22,15,20,11,12,14,18.0,13.0,31,8,23,22.0,20,14,18,0.0,26,15.0,32.0,20,1,51.0,27,19,19,13.0,19.0,8,22,21,15,20,12.0,24,14,26,12,21,30,23.0,50.0,11,,22.0,12.0,35.0,7,28.0,25,22,15,18.0,11.0,27.0,,35.0,11,31.0,14.0,56.0,24,21,47.0,29,29,31,21.0,20.0,59.0,19,61.0,45,32,34.0,18.0,24,27.0,30.0,15,31,20.0,15,20.0,50.0,35.0,27,23,22.0,18,41,28,11,32,27,18,25,18,12,30,19,20.0,14.0,27,29,9,33.0,11.0,10,30,20,44.0,34,,20,14,22,14,11,12.0,16,24.0,16,24,37.0,24,19,22,,54.0,28,22.0,,24.0,36.0,25.0,18,30.0,35,17,21,37.0,16,,10.0,11,42.0,21.0,26.0,19,31.0,21,23,14,41,23,18,24,22.0,14,27.0,23,24,32,24.0,12,39.0,47,26.0,29,19.0,26,20,34.0,42,13.0,39,23.0,12.0,18,11,16.0,34.0,29.0,22.0,26.0,23,44.0,39.0,30,0.0,18,14,16.0,49.0,28,14.0,26,19.0,43.0,19,24,24,10.0,22,32.0,,14,17.0,18,51.0,24,33,16,38.0,35.0,24,16,32,43.0,34.0,9,31,27.0,28,28.0,14.0,18.0,58.0,22.0,12.0,25.0,29.0,43.0,10.0,17,26,17.0,10.0,23.0,32.0,28.0,48.0,31.0,35.0,12,19,39.0,,21,,24.0,32.0,21.0,20.0,35.0,22,21,61.0,60.0,29.0,25.0,29,34.0,29.0,13.0,12,7,35,,57.0,18.0,9.0,14,17,23.0,63.0,15,32.0,38.0,23,26.0,44.0,,17,15.0,24,35.0,55.0,31.0,19,28.0,20,26.0,29,14,,28.0,,47.0,14,24,29,12.0,18,38.0,9,22,27.0,16,19,17.0,33.0,20,30,24.0,16.0,28.0,36.0,23.0,,12,37.0,24,17,27.0,24.0,24.0,32.0,,18.0,26,51,15.0,18.0,55.0,34.0,41.0,,43,56.0,12,10.0,39.0,40.0,38.0,15,37.0,32,35.0,21.0,24.0,18,40.0,17.0,27.0,34,22,17.0,23.0,34.0,,,11.0,,,24.0,28.0,54.0,20.0,27,23,30.0,54.0,20.0,12,38,7,27,54.0,27.0,12,14,27.0,51.0,33,19.0,15.0,24.0,19,,16.0,,21,33.0,48.0,33.0,,26.0,14.0,15,29.0,16,22.0,17,24,31,,33.0,16.0,20.0,53.0,,12.0,34.0,64.0,56.0,14.0,31,52.0,19.0,16,20.0,33.0,8.0,22.0,20,23.0,19.0,17.0,18,18,62.0,46,44.0,25.0,21.0,28.0,23,36.0,19,24,55.0,17,17.0,15,40.0,13.0,31.0,34,18,12.0,17.0,25,35.0,33,14.0,15,45.0,27.0,,,32.0,36.0,31,23.0,59.0,,40.0,24.0,39.0,15.0,32,0,20.0,20,20,16,34.0,0.0,55.0,,59.0,19.0,25,27.0,14.0,15.0,36,14.0,32.0,33.0,27.0,21.0,25,27.0,28.0,23.0,,23.0,11.0,13.0,21,30.0,,27.0,,26.0,23.0,54.0,11,33.0,34.0,19.0,,32,23,9.0,,28,23.0,25.0,34.0,16,32.0,38.0,11.0,,20,41.0,21.0,35.0,32.0,,28.0,24.0,43.0,18.0,24,25,,19.0,28.0,3.0,25.0,31.0,22.0,42.0,40.0,36.0,27,16,59.0,33,27.0,32.0,22.0,33.0,20,31,47.0,10.0,20.0,26.0,26.0,44.0,18.0,56.0,26.0,15,35.0,41.0,31.0,35.0,47.0,16.0,23,26.0,25.0,29.0,16,30.0,43.0,28.0,39.0,31.0,35.0,23,21.0,36,39.0,29.0,29.0,45.0,,16.0,43.0,8.0,37.0,23.0,35.0,25.0,21.0,56.0,,18.0,37.0,20.0,11.0,25.0,30.0,44,29.0,37.0,23,25.0,40.0,15,26.0,53.0,35.0,18,23,21,32.0,33.0,37.0,37.0,25.0,11.0,14.0,23.0,36.0,18,22.0,33,43.0,22,23,,23,64.0,,1.0,33.0,23,23.0,12.0,,36.0,64.0,36.0,25,27.0,21,34.0,58.0,24.0,36,31.0,13,13,26.0,22.0,21.0,16,24.0,64.0,18,20.0,10.0,40.0,28.0,23.0,24.0,37.0,40.0,27,29.0,26.0,29.0,41.0,39.0,,,32.0,21,43.0,23,,34.0,37.0,49.0,22,25,33.0,18.0,57.0,19.0,22.0,50.0,20.0,,34.0,24,22.0,30.0,25,37,39.0,36.0,17,,,16,45.0,21,30,33,24.0,29.0,28.0,58.0,26.0,17.0,62.0,10.0,21.0,,29.0,21.0,17.0,30.0,25.0,,45.0,10.0,0.0,26.0,28.0,44.0,17.0,36.0,26.0,31.0,,,38.0,,,27.0,36.0,46.0,13.0,,26.0,30.0,34.0,,15.0,33.0,0.0,26.0,17.0,25.0,36.0,25.0,12,16.0,0.0,18.0,46,25.0,56.0,19.0,30.0,42.0,,33.0,12.0,20.0,27.0,26.0,4.0,30.0,35.0,18.0,21.0,16.0,14.0,26.0,43.0,29.0,54.0,,34.0,0.0,35.0,64.0,57.0,22,40.0,,8.0,18,32.0,59.0,37.0,33.0,53.0,46.0,34.0,55.0,54.0,10,42.0,,11.0,20.0,23.0,51.0,13,18,49.0,16.0,31.0,,23.0,24.0,21,35,29.0,54.0,21.0,19.0,33.0,34.0,18.0,31.0,53.0,,17.0,45.0,36.0,31.0,39.0,27.0,18,19.0,26.0,17.0,23.0,32.0,31,18.0,32,40.0,26,17.0,24.0,63.0,25.0,17.0,45.0,19.0,12.0,49.0,16.0,,30.0,2,28.0,24.0,49.0,11.0,30.0,41,13.0,49.0,18.0,11.0,33.0,,44.0,43.0,28.0,20,24,21.0,26.0,17.0,0.0,44.0,60.0,,15.0,31,24.0,43.0,49.0,19.0,50.0,22.0,27.0,33.0,26,12.0,,45.0,18,19,53.0,45.0,27.0,33.0,51.0,12.0,61.0,,51.0,19.0,,20.0,25.0,40.0,53.0,21,18.0,,25.0,57.0,9.0,14,33.0,47.0,46,14.0,19.0,41.0,39.0,59.0,24.0,41.0,23.0,16.0,36.0,30.0,29,35.0,32.0,23.0,26.0,29,33.0,55.0,20.0,28.0,40.0,38.0,22.0,32.0,40.0,28.0,34.0,27.0,19.0,41,26,,35.0,,27.0,20.0,18,35,39.0,25.0,37.0,43.0,46.0,26.0,24.0,41.0,28.0,33.0,62.0,62.0,42.0,,25.0,47,22,19.0,13.0,1.0,36.0,39.0,34,52.0,62.0,,25.0,,13.0,32.0,,23.0,10.0,13.0,,58.0,51.0,,15,28.0,25.0,41,46.0,,0.0,33.0,21.0,49.0,22.0,,16.0,52.0,24.0,39.0,44.0,35.0,45.0,29.0,39.0,32.0,29.0,,35.0,,40.0,27.0,27.0,41.0,,24.0,25.0,,32.0,29.0,22.0,58.0,36.0,38.0,60.0,49.0,,13.0,,35.0,17.0,40.0,32.0,14.0,36.0,53.0,64.0,14.0,50.0,36.0,32.0,24.0,44.0,32.0,39.0,20.0,19.0,,1.0,42,0.0,19.0,,23.0,37.0,54.0,25.0,20.0,61.0,14.0,11.0,,59.0,25.0,28.0,25.0,61.0,14.0,39.0,30.0,54.0,20.0,34.0,14.0,31.0,21.0,0.0,29.0,37.0,50.0,28.0,,31.0,,56.0,25.0,,37.0,10.0,,21.0,64.0,25.0,29.0,21.0,27.0,16,18.0,20.0,42.0,25.0,59.0,22.0,20.0,11.0,17.0,30,14.0,26.0,20.0,31.0,31.0,44.0,17.0,25.0,16.0,33.0,38.0,26.0,51.0,39.0,62.0,20.0,31,33.0,29.0,,56.0,,47.0,34.0,25.0,31.0,35.0,45.0,23.0,23.0,16.0,,23.0,40.0,36.0,43.0,21.0,42.0,57.0,14.0,31.0,42,24,,23.0,,41.0,16.0,34.0,35.0,,33.0,54.0,28.0,59.0,0.0,61.0,23.0,31.0,22.0,45.0,15.0,53.0,46.0,16.0,,36.0,58.0,25.0,25.0,24.0,0.0,,24.0,7.0,,52.0,64.0,,23.0,43.0,28.0,27.0,53.0,27.0,19.0,29.0,,,52.0,25.0,24,29.0,19.0,21.0,16.0,23,29.0,54.0,55.0,30.0,20.0,53.0,18.0,46.0,27,25.0,21.0,15.0,27.0,,33.0,39.0,40,33.0,48.0,50.0,,21,22.0,37.0,25.0,50.0,34.0,21.0,27.0,63.0,0.0,24.0,30.0,,29.0,47.0,35.0,11.0,3.0,50.0,,,44.0,26.0,17.0,,14,41.0,,31.0,45.0,41.0,57.0,,36.0,,59.0,30.0,20.0,12.0,47,29.0,,47.0,36.0,41.0,31.0,,,29.0,18.0,17.0,28.0,38.0,61.0,57.0,30.0,45.0,51.0,21.0,43.0,46.0,18.0,29.0,51.0,64.0,48.0,44.0,28.0,53.0,37.0,39.0,45.0,25.0,,56.0,31.0,32.0,,44.0,26.0,54.0,42.0,35.0,50.0,37.0,30.0,,,11.0,46.0,40.0,26.0,62.0,20.0,42.0,,34.0,,19.0,45.0,23.0,19.0,33.0,61.0,,28.0,25.0,23.0,,21,16.0,29.0,17.0,36.0,22.0,52.0,30.0,49.0,30.0,28.0,27.0,27.0,19.0,,30.0,,26.0,11.0,16.0,,47.0,,29.0,25.0,41.0,36.0,26.0,33.0,,22.0,30.0,41.0,32.0,36.0,37.0,33.0,24.0,,36.0,37.0,23.0,32.0,61.0,,21.0,34.0,52.0,53.0,42.0,18.0,19.0,54.0,29.0,30.0,,24.0,20.0,0.0,53.0,15.0,45.0,42.0,29.0,45.0,54.0,,33.0,61.0,41.0,,24.0,29.0,,38.0,14.0,17.0,52.0,56.0,25.0,28.0,32.0,19.0,,,,31.0,9.0,37.0,26.0,,30.0,28.0,62.0,41.0,33.0,48.0,,29.0,51.0,31.0,13.0,45.0,23.0,48.0,13.0,22.0,,29.0,12.0,29.0,43.0,53.0,15.0,34.0,,10.0,53.0,46.0,30.0,37.0,16.0,,43.0,,28.0,52.0,40.0,59.0,0,22.0,23.0,,36.0,26.0,15.0,30.0,13.0,17.0,,22,12.0,36.0,64.0,28.0,17.0,49.0,21.0,52.0,22,25.0,30.0,49.0,16.0,19.0,53.0,,,,43.0,26.0,29.0,37.0,,39.0,19.0,48.0,22.0,,48.0,,20.0,36.0,62.0,22.0,30.0,55.0,43.0,62.0,28.0,19.0,31.0,,,,,,,35.0,24.0,46.0,34.0,,20.0,,51.0,16.0,35.0,30.0,12.0,17.0,20.0,60.0,,12.0,,24.0,55.0,32.0,,17.0,33.0,31.0,2.0,,36.0,36.0,11.0,48.0,56.0,34.0,45.0,,25.0,32.0,34.0,29.0,12.0,25.0,,,42.0,15.0,,32.0,49.0,22.0,61.0,34.0,18.0,20.0,27.0,28.0,54.0,50.0,33.0,23.0,,16.0,47.0,12.0,,23.0,56.0,38.0,31.0,,16.0,25,0.0,51.0,34.0,38.0,62.0,40.0,24.0,,,24.0,61.0,37.0,23.0,10.0,12.0,23.0,25.0,33.0,16.0,,46.0,,31.0,30.0,,,46.0,34.0,50.0,41.0,30.0,16.0,29.0,,,46.0,34.0,23.0,0.0,13.0,61.0,19.0,38.0,,,,15.0,14.0,32.0,33.0,30.0,25.0,33.0,,49.0,47.0,18.0,40.0,53.0,,,28.0,37.0,,,38.0,42.0,25.0,36.0,29.0,21.0,31.0,23.0,,,47.0,29.0,,,13,18.0,26.0,24,48.0,21.0,52.0,41.0,13.0,,41.0,,22.0,22.0,31.0,20.0,34.0,18.0,14.0,36.0,52.0,,,58.0,23.0,20.0,,21.0,63.0,,24.0,22.0,,49.0,12.0,18.0,38.0,38.0,26.0,23.0,,36.0,18.0,44.0,43.0,34.0,20.0,40.0,28.0,13.0,28.0,8.0,38.0,42.0,,28.0,25.0,43.0,31.0,53.0,35.0,27.0,25.0,,24.0,29.0,27.0,30.0,23.0,,34.0,,22.0,29.0,,34.0,32.0,,26.0,46.0,57.0,15.0,43.0,,22.0,,30.0,34.0,34.0,17.0,62.0,,35.0,,37.0,53.0,,47.0,,22.0,32.0,56.0,54.0,10.0,,28.0,,,,63.0,30.0,25.0,,16.0,14.0,26.0,36.0,26.0,32.0,30.0,23.0,23.0,26.0,,49.0,32.0,37.0,64.0,26.0,27.0,42.0,,22.0,27.0,37.0,44.0,,33.0,36.0,64.0,15.0,13.0,26.0,54.0,6.0,43.0,55.0,49.0,34.0,47.0,0.0,30.0,45.0,33.0,,0.0,37.0,29.0,60.0,15.0,13.0,40.0,21.0,63.0,51.0,29.0,0.0,34.0,29.0,,,14.0,53.0,53.0,30.0,8.0,19.0,59.0,,15.0,19.0,24.0,53.0,53.0,,,43.0,21.0,62.0,43.0,31.0,,47.0,,,22.0,,46.0,21.0,,19.0,23.0,27.0,57.0,28.0,48.0,10.0,54.0,37.0,47.0,,51.0,,,34.0,39.0,27.0,39.0,,34.0,52.0,,13.0,46.0,36.0,,30.0,54.0,18.0,39.0,10.0,17.0,,43.0,35.0,,43.0,,12.0,31.0,31.0,42.0,46.0,19.0,17.0,62.0,,33.0,13.0,20.0,42.0,18.0,16.0,56.0,37.0,18.0,52.0,,21.0,52.0,7.0,45.0,24.0,40.0,28.0,33.0,53.0,39.0,42.0,38.0,10.0,7.0,25.0,,57.0,,13.0,39.0,25.0,30.0,51.0,34.0,,58.0,26.0,,,,,,30.0,0.0,61.0,,61.0,23.0,62.0,24.0,7.0,27.0,31.0,,0.0,28.0,31.0,19.0,19.0,30.0,,19.0,37.0,,,,48.0,,22.0,27.0,,31.0,18.0,33.0,38.0,,41.0,36.0,41.0,17.0,45.0,30.0,,24.0,37.0,39.0,43.0,26.0,,22.0,,,,,51.0,22.0,45.0,21.0,,53.0,28.0,39.0,48.0,57.0,,58.0,58.0,31.0,39.0,43.0,,,23.0,17.0,43.0,24.0,,,33.0,38.0,36.0,33.0,32.0,0.0,,0.0,38.0,,31.0,50.0,21.0,11.0,64.0,54.0,37.0,,24.0,42.0,,,,18.0,30.0,35.0,22.0,30.0,47.0,44.0,30.0,30.0,62.0,56.0,26.0,30.0,16.0,25.0,24.0,38.0,9.0,18.0,16.0,,22.0,41.0,31.0,,,44.0,36.0,34.0,38.0,26.0,47.0,52.0,,51.0,31.0,42.0,60.0,29.0,37.0,16.0,57.0,,15.0,29.0,58.0,64.0,61.0,34.0,47.0,41.0,23.0,19.0,33.0,3.0,34.0,44.0,10.0,,,28.0,63.0,,19.0,40.0,18.0,22.0,14.0,28.0,37.0,55.0,18.0,26.0,12.0,49.0,34.0,,59.0,50.0,,29.0,38.0,,,52.0,,28.0,24.0,,42.0,,44.0,20.0,32.0,23.0,33.0,32.0,33.0,14.0,38.0,,,,13.0,50.0,,12.0,28.0,18.0,47.0,,28.0,44.0,29.0,8.0,,,,23.0,,64.0,63.0,31.0,20.0,31.0,,,34.0,31.0,45.0,,32.0,52.0,46.0,47.0,15.0,52.0,,55.0,38.0,37.0,24.0,24.0,,,21.0,50.0,45.0,52.0,,17.0,36.0,19.0,34.0,,35.0,26.0,46.0,,52.0,,33.0,21.0,47.0,23.0,12.0,59.0,45.0,18.0,,42.0,20.0,41.0,29.0,16.0,26.0,,,17.0,43.0,,,,31.0,,49.0,22.0,29.0,37.0,,59.0,,,0.0,30.0,63.0,,25.0,22.0,22.0,,10.0,,44.0,22.0,56.0,16.0,14.0,27.0,39.0,48.0,24.0,38.0,24.0,15.0,16.0,,59.0,,,29.0,31.0,,55.0,19.0,,,,34.0,19.0,31.0,26.0,52.0,,57.0,41.0,50.0,25.0,26.0,46.0,44.0,57.0,36.0,22.0,38.0,49.0,,27.0,25.0,,50.0,11.0,34.0,38.0,34.0,,46.0,23.0,59.0,,61.0,52.0,42.0,22.0,20.0,40.0,,27.0,21.0,36.0,,60.0,30.0,36.0,,46.0,52.0,55.0,61.0,21.0,42.0,24.0,62.0,10.0,,38.0,50.0,55.0,49.0,41.0,,,16.0,31.0,,,,30.0,,54.0,18.0,44.0,24.0,,43.0,56.0,14.0,39.0,56.0,55.0,37.0,61.0,,,20.0,0.0,32.0,60.0,19.0,,23.0,51.0,51.0,29.0,,31.0,22.0,22.0,59.0,47.0,,39.0,,48.0,33.0,21.0,0.0,34.0,10.0,32.0,32.0,14.0,43.0,49.0,44.0,55.0,41.0,22.0,57.0,,36.0,,,25.0,,27.0,17.0,36.0,42.0,,34.0,37.0,,,39.0,,38.0,39.0,57.0,32.0,29.0,52.0,,,21.0,,54.0,45.0,37.0,46.0,55.0,,51.0,29.0,37.0,11.0,39.0,,20.0,50.0,47.0,55.0,24.0,37.0,34.0,62.0,31.0,23.0,3.0,21.0,37.0,33.0,38.0,43.0,40.0,21.0,38.0,46.0,41.0,63.0,25.0,,46.0,38.0,6.0,29.0,,33.0,30.0,55.0,,10.0,13.0,,61.0,25.0,49.0,9.0,16.0,27.0,23.0,33.0,,,,37.0,,,51.0,63.0,14.0,22.0,63.0,30.0,,37.0,53.0,22.0,,18.0,6.0,,26.0,24.0,36.0,28.0,,33.0,34.0,49.0,11.0,41.0,,40.0,39.0,20.0,21.0,,46.0,53.0,35.0,2.0,33.0,23.0,32.0,49.0,,15.0,32.0,21.0,16.0,60.0,,42.0,46.0,31.0,42.0,,,32.0,45.0,30.0,36.0,56.0,54.0,25.0,11.0,,37.0,,32.0,25.0,32.0,,28.0,36.0,38.0,,18.0,26.0,20.0,18.0,24.0,19.0,42.0,,,52.0,57.0,,60.0,30.0,11.0,,,16.0,,43.0,46.0,18.0,53.0,27.0,,20.0,34.0,,56.0,30.0,32.0,32.0,47.0,,31.0,35.0,29.0,,,,26.0,38.0,,18.0,61.0,22.0,44.0,28.0,62.0,,36.0,43.0,13.0,33.0,32.0,,,64.0,,40.0,24.0,36.0,,39.0,10.0,46.0,63.0,17.0,33.0,26.0,62.0,41.0,,22.0,49.0,47.0,22.0,27.0,12.0,,,57.0,,41.0,42.0,,22.0,26.0,16.0,,35.0,46.0,13.0,17.0,29.0,38.0,0.0,,38.0,16.0,,35.0,59.0,13.0,11.0,20.0,32.0,,34.0,,44.0,29.0,25.0,18.0,32.0,29.0,24.0,54.0,,,28.0,40.0,,19.0,49.0,35.0,56.0,,12.0,23.0,46.0,31.0,42.0,,,,17.0,25.0,16.0,32.0,27.0,61.0,61.0,37.0,21.0,21.0,38.0,,31.0,17.0,,62.0,29.0,,,,29.0,50.0,2.0,,19.0,28.0,61.0,,15.0,,27.0,35.0,63.0,32.0,,40.0,,,31.0,,,47.0,63.0,36.0,21.0,,,48.0,,,62.0,,46.0,25.0,6,3,2.432065217391304,18.70797227036395,-0.3416503223726719
9,9,10,13,10,11,8,7,10,8,12,11,14,12,10,11,15,11,24,13,9,21,16,13,10,19,12,12,11,13,19,13,6,11,16,14,39,12,15,18,20,23.0,12,13,12,18,10,13,12,16,13,20,7,20,27,10,15,10,16,14,12,17,25,19,27.0,16,17,15,18,14,12,11,14,18,12,19,19,25,17,10,21,17,13,15,13,16,11,15,38,14,11,16,21,15,5,15,17,13,18,20,25,17,18,16,17,20,8,20,19,19,24,12.0,19,22,44.0,11,13,19,16,36,11,34,16,17,19,13,16,30.0,28,15,19,20,17.0,15,20,35.0,20,36,13,19,20,29,14,26,33.0,21.0,13,40.0,10,16,12,18,16.0,14,20,28,10,,13,18,22,19,20,14,20,29.0,15,17,22,30,22,19.0,23,40,12,2,22,16.0,12,44.0,23,12,12,15,17,29.0,23.0,14,20,54.0,20.0,19,39,15,21,48,13,9,29.0,17,23,,15,15,18,13,33.0,21,10,27,19,26.0,23,13,20,40,14,19,18,20.0,33.0,13,18,21,37.0,22,27,41,41.0,1,11.0,17.0,26,21,21.0,16,25,27,14.0,,29,22,12,22,19,30.0,16,14,27,21,30,14,26.0,8.0,18,45.0,26.0,21.0,21.0,23,53.0,13,24,36,35.0,27.0,36.0,,19.0,21,23.0,37.0,29.0,22,18,26.0,12,23,12,21.0,9.0,,23,36.0,19,29,18.0,30.0,24,19.0,14.0,11,20,32.0,12,46.0,15.0,,25,22,14.0,26,15,24,20,17,24,18,14,10,16,38,16,62.0,30.0,28,16,20,21.0,,25,8,21,,21,19.0,28,19,14,22,14,25.0,20,22.0,24,39,10.0,23,29,16,24.0,17.0,22,31.0,31.0,39.0,28.0,,19,22.0,25,22,14,26.0,16,15.0,20.0,21,15.0,26.0,35.0,38,34.0,17,20,24,21,21,15,31,21.0,24,34.0,23,18,20,24.0,25,59.0,28,20.0,12,24.0,24,23,28.0,35,34.0,9,38.0,25.0,17,37,,16.0,36.0,32.0,12.0,21,34.0,24.0,29,21.0,35,11,15.0,18.0,20,44.0,19,12.0,19.0,24,19,28,31.0,21,23.0,59.0,17,22.0,22,17.0,23,22,19,52.0,28.0,38,26,30,34.0,38.0,27,22,34.0,35,40.0,19.0,25.0,17.0,21.0,10.0,,,31.0,36.0,20,29,14.0,53.0,42.0,25.0,13.0,42.0,24.0,33.0,12,25,51.0,41.0,20,20.0,17.0,48.0,40.0,37.0,37.0,31,42,38.0,61.0,22.0,10.0,28,43.0,26.0,23.0,36,14,29,,,22.0,24.0,17,29,55.0,,25,54.0,29.0,29,18.0,13.0,30.0,15,18.0,30,17.0,38.0,5.0,21,40.0,28,58.0,27,28,24.0,37.0,14.0,24.0,14,18,37,31.0,14,19.0,28,32,25.0,21,8,39.0,28.0,36,19,20.0,21.0,23.0,22.0,60.0,23.0,25,18.0,28,15,49.0,63.0,12.0,57.0,46.0,29.0,18,34,39.0,,18.0,29.0,35.0,25.0,20,45.0,21,36.0,,21.0,12.0,13,17.0,27,,26.0,13.0,30,41.0,34.0,52.0,0,22,21.0,23.0,36.0,43.0,,23.0,33.0,14.0,22.0,27.0,24.0,,25,31,0.0,,17.0,29,11,10,13,,15.0,22,21,41.0,53.0,26,24.0,28.0,31.0,35,11.0,55.0,63.0,35,27.0,19.0,,29.0,22.0,50.0,28,29.0,24,25.0,17,36,21,31.0,16.0,20.0,42.0,46.0,11.0,11.0,,39.0,23.0,25.0,21,33.0,59.0,30,32.0,,11.0,21.0,25,41.0,41.0,48.0,51,21,,13,29.0,23.0,27.0,49.0,23,16.0,33,26,,20,52.0,35,37.0,16.0,50.0,27,26,42.0,21.0,29,26.0,13,33.0,23,,49.0,,21.0,0.0,16.0,10,14.0,39.0,26.0,37.0,39.0,52.0,32.0,27,24,31.0,25,22,17,,22.0,48.0,15.0,60.0,41.0,28,26.0,14.0,41.0,27,11.0,,18.0,,,24,38.0,23.0,15.0,15.0,51.0,15.0,57.0,40,46.0,,19.0,0.0,27.0,20.0,47.0,19,39.0,19.0,42.0,27.0,22,21,61.0,,27,37.0,16.0,15.0,36,21.0,35.0,34.0,31.0,12,22.0,52.0,30.0,27.0,51.0,23.0,,61.0,27.0,39,28,23.0,32.0,26.0,19.0,18.0,14.0,42.0,24.0,19.0,50.0,25,37,28.0,7,,45.0,40.0,13.0,15,19,27.0,20.0,19.0,,20.0,17.0,27.0,49.0,15.0,38,20.0,12.0,31.0,31.0,41.0,40.0,23,26.0,15.0,35.0,18,43.0,23.0,,18.0,25.0,19.0,23,43.0,30,54.0,14.0,12.0,5.0,46.0,17.0,28.0,,41.0,21.0,21.0,,12.0,58.0,23.0,37.0,,12.0,,30.0,,18,36.0,35.0,34,27.0,41.0,18,43.0,27.0,,22,20,17,36.0,28.0,,38.0,28.0,33.0,23.0,43.0,35.0,7,13.0,25,33.0,17,21,19.0,22,15.0,42.0,23.0,25.0,35,24.0,14.0,44.0,18.0,,,21,23.0,20,21.0,22.0,18.0,29,30.0,33,23,24.0,30.0,43.0,21,56.0,54.0,16,14.0,,21.0,17.0,47.0,8.0,34.0,31.0,9,40.0,0.0,20.0,,52.0,38.0,20.0,60.0,34,47.0,20,17.0,27.0,52.0,,21,22,11.0,13.0,44.0,24.0,,35.0,28.0,22.0,35.0,23,39.0,9.0,26,24,53.0,59.0,18,28.0,43.0,12,6.0,24,22,38,35.0,17.0,29.0,10.0,30.0,28.0,,,30.0,52.0,56.0,34.0,44.0,24.0,13.0,13.0,12.0,18.0,39.0,27.0,34.0,33.0,48.0,34.0,45.0,30.0,19.0,,50.0,22.0,8.0,53.0,32.0,,28.0,40.0,53.0,20.0,55.0,14.0,57.0,38.0,36.0,20.0,63.0,28.0,50.0,,13,22.0,40.0,28.0,26,34.0,28.0,30.0,28.0,61.0,15.0,23.0,14.0,0.0,31.0,52.0,,25.0,28.0,23.0,31.0,52.0,45.0,19.0,25.0,20.0,19.0,,15.0,20.0,28.0,,30.0,14,31.0,26.0,11.0,21,27.0,23.0,33.0,28.0,,36.0,49.0,,53.0,18,32.0,29.0,27.0,15.0,18.0,37.0,17,32,59.0,26.0,19.0,28.0,26.0,43.0,46,26,60.0,,32.0,16.0,,31.0,,31.0,,40.0,21.0,35.0,36.0,40.0,12.0,23.0,29,21.0,29.0,50.0,47.0,14.0,35,36.0,26,,35,31.0,59.0,29.0,33.0,,12.0,30.0,35.0,41.0,25.0,46.0,29.0,27,19.0,,37.0,36.0,23.0,26,27.0,,43.0,38.0,27.0,13.0,54.0,30.0,29.0,13,23,,26.0,,30.0,29.0,2.0,35.0,37.0,32,40.0,49.0,0.0,49.0,30.0,24.0,18.0,28.0,22,54.0,19.0,38.0,34,17,0.0,,20.0,36.0,,42.0,,,50.0,13.0,60.0,31.0,15.0,40.0,,41,36.0,0.0,,23.0,20.0,17,56.0,28.0,31,24.0,24.0,47.0,60.0,51.0,27.0,24.0,15.0,24.0,36.0,,34,43.0,34.0,17.0,23.0,29,28.0,0.0,17.0,18.0,22.0,25.0,22.0,18.0,37.0,40.0,24.0,34.0,,36,22,17.0,25.0,22.0,28.0,25.0,41,33,26.0,32.0,40.0,,,26.0,34.0,50.0,17.0,27.0,10.0,49.0,41.0,,60.0,28,8,20.0,20.0,38.0,16.0,,25,,13.0,,32.0,43.0,24.0,18.0,63.0,43.0,19.0,29.0,59.0,11.0,49.0,28.0,18,25.0,25.0,24,50.0,37.0,39.0,19.0,25.0,44.0,0.0,24.0,22.0,27.0,55.0,20.0,17.0,55.0,25.0,25.0,39.0,24.0,34.0,29.0,30.0,47.0,57.0,28.0,30.0,,27.0,25.0,42.0,33.0,31.0,27.0,,,25.0,37.0,38.0,36.0,35.0,58.0,33.0,26.0,16.0,,45.0,35.0,60.0,24.0,12.0,24.0,57.0,,41.0,46.0,34.0,49.0,24.0,59.0,33.0,20.0,42.0,25,16.0,33.0,26.0,50.0,30.0,16.0,10.0,44.0,14.0,,17.0,31.0,26.0,24.0,39.0,0.0,56.0,27.0,45.0,27.0,35.0,54.0,47.0,26.0,36.0,,49.0,,36.0,,32.0,,31.0,24.0,24.0,35.0,41.0,44.0,40.0,57.0,19.0,,,28.0,15.0,40.0,11,46.0,29.0,30.0,39.0,,55.0,21.0,30.0,,19,19.0,,9.0,33.0,,19.0,32.0,31.0,41.0,41.0,,,33.0,29.0,,,22,32.0,14.0,,50.0,19.0,63.0,19.0,43.0,24.0,,45.0,17.0,15.0,,30.0,36.0,49.0,20.0,43.0,8.0,21.0,,13.0,21.0,6,20,19.0,7.0,16.0,25.0,,0.0,33.0,24.0,31.0,21.0,38.0,29.0,31.0,,26.0,17.0,19.0,13.0,40.0,37.0,13.0,46.0,,49.0,,44.0,51.0,37.0,27.0,28.0,40.0,63.0,33.0,20.0,,27.0,40.0,41.0,17.0,20.0,,,27.0,18.0,0.0,38.0,25.0,20.0,34,54.0,21.0,21.0,0.0,21,22.0,32.0,49.0,39.0,25.0,,21.0,7.0,16,,23.0,47.0,44.0,26.0,27.0,22.0,25,,15.0,30.0,,27,47.0,19.0,34.0,50.0,48.0,19.0,57.0,45.0,17.0,0.0,14.0,58.0,39.0,21.0,,40.0,36.0,46.0,32.0,,37.0,58.0,27.0,,26,28.0,,16.0,28.0,28.0,58.0,,44.0,37.0,33.0,24.0,33.0,12.0,26,19.0,24.0,32.0,21.0,62.0,19.0,,46.0,23.0,11.0,19.0,24.0,36.0,13.0,,,,63.0,20.0,12.0,41.0,34.0,51.0,22.0,23.0,34.0,29.0,57.0,32.0,36.0,28.0,25.0,35.0,18.0,37.0,31.0,,35.0,22.0,20.0,38.0,39.0,11.0,46.0,31.0,30.0,24.0,,,27.0,25.0,22.0,44.0,21.0,,,23.0,28.0,11.0,33.0,23.0,,30.0,46.0,23.0,27.0,36.0,31.0,16.0,22,16.0,50.0,47.0,28.0,28.0,40.0,39.0,53.0,37.0,57.0,26.0,23.0,21.0,26.0,15.0,37.0,30.0,,34.0,63.0,19.0,,56.0,42.0,,31.0,20.0,53.0,41.0,,47.0,27.0,,51.0,21.0,19.0,19.0,6.0,20.0,35.0,39.0,33.0,,11.0,,19.0,,28.0,31.0,32.0,49.0,37.0,35.0,24.0,41.0,27.0,14.0,61.0,38.0,36.0,16.0,45.0,55.0,26.0,34.0,44.0,40.0,28.0,23.0,46.0,15.0,63.0,15.0,36.0,9.0,19.0,53.0,,16.0,38.0,43.0,63.0,24.0,40.0,16.0,22.0,26.0,39.0,43.0,27.0,,31.0,44.0,,19.0,33.0,41.0,30.0,59.0,41.0,29.0,30.0,,51.0,12.0,13.0,10.0,40.0,20.0,50.0,13.0,16.0,19.0,43.0,,29.0,20.0,3.0,15.0,26.0,37.0,40.0,0.0,,62.0,,36.0,20.0,17,30.0,13.0,24.0,35.0,63.0,17.0,57.0,46.0,46.0,22.0,35,52.0,35.0,25.0,31.0,29.0,38.0,18.0,28.0,30,18.0,31.0,17.0,41.0,15.0,40.0,36.0,23.0,,22.0,26.0,23.0,31.0,21.0,33.0,39.0,29.0,23.0,33.0,,0.0,35.0,34.0,,,55.0,35.0,31.0,,52.0,50.0,31.0,,58.0,19.0,32.0,47.0,24.0,56.0,61.0,27.0,37.0,49.0,,,59.0,32.0,13.0,,50.0,27.0,,34.0,38.0,40.0,18.0,21.0,43.0,21.0,62.0,34.0,26.0,28.0,16.0,,37.0,30.0,30.0,33.0,36.0,28.0,35.0,36.0,18.0,40.0,,26.0,28.0,44.0,27.0,,27.0,52.0,50.0,54.0,41.0,,25.0,37.0,,30.0,19.0,59.0,25.0,12.0,37.0,26.0,51.0,39.0,,56.0,36.0,31.0,27.0,33.0,42.0,52.0,,16,,32.0,29.0,62.0,25.0,36.0,48.0,20.0,,,30.0,43.0,,61.0,35.0,36.0,60.0,,,0.0,17.0,,57.0,45.0,51.0,43.0,27.0,56.0,36.0,55.0,37.0,24.0,31.0,49.0,35.0,27.0,25.0,,27.0,,40.0,21.0,,54.0,34.0,,23.0,43.0,42.0,51.0,44.0,18.0,30.0,55.0,,,56.0,27.0,37.0,29.0,,30.0,,0.0,53.0,14.0,,20.0,24.0,19.0,55.0,33.0,20.0,31.0,25.0,30.0,35.0,,28.0,16,52.0,20.0,19,34.0,37.0,,,26.0,,30.0,18.0,19.0,48.0,52.0,32.0,35.0,38.0,29.0,31.0,60.0,,41.0,,26.0,,59.0,36.0,36.0,42.0,21.0,13.0,33.0,56.0,22.0,49.0,37.0,38.0,56.0,21.0,,14.0,35.0,61.0,29.0,46.0,,59.0,19.0,22.0,14.0,43.0,55.0,18.0,43.0,18.0,22.0,,38.0,56.0,15.0,34.0,27.0,26.0,23.0,,39.0,56.0,18.0,41.0,46.0,35.0,,38.0,,40.0,50.0,23.0,19.0,47.0,24.0,57.0,,48.0,27.0,24.0,18.0,62.0,,11.0,,,36.0,63.0,60.0,40.0,16.0,45.0,46.0,,24.0,23.0,42.0,12.0,22.0,42.0,20.0,33.0,59.0,46.0,13.0,20.0,41.0,16.0,23.0,,19.0,35.0,54.0,20.0,,,26.0,8.0,0.0,34.0,49.0,32.0,,26.0,17.0,16.0,23.0,55.0,35.0,,46.0,,,55.0,17.0,24.0,32.0,,26.0,22.0,14.0,51.0,43.0,27.0,20.0,46.0,45.0,59.0,,38.0,30.0,12.0,,,61.0,59.0,17.0,26.0,39.0,48.0,37.0,36.0,41.0,,,10.0,28.0,56.0,15.0,29.0,31.0,0.0,,43.0,43.0,11.0,28.0,,20.0,34.0,22.0,26.0,39.0,16.0,30.0,,,25.0,45.0,19.0,39.0,,32.0,,,17.0,11.0,24.0,,,27.0,38.0,30.0,36.0,18.0,,,19.0,24.0,57.0,23.0,46.0,30.0,36.0,,36.0,,39.0,,26.0,,39.0,33.0,35.0,,23.0,,,33.0,28.0,35.0,19.0,23.0,46.0,26.0,50.0,27.0,,44.0,36.0,21.0,52.0,14.0,19.0,,31.0,,13.0,16.0,63.0,24.0,9.0,21.0,56.0,38.0,56.0,52.0,,,13.0,0.0,,50.0,37.0,11.0,,48.0,39.0,40.0,,48.0,,31.0,38.0,46.0,,52.0,22.0,30.0,10.0,55.0,21.0,,52.0,43.0,38.0,58.0,22.0,21.0,36.0,39.0,,19.0,44.0,46.0,0.0,35.0,54.0,55.0,,22.0,16.0,32.0,,19.0,56.0,14.0,50.0,46.0,,21.0,29.0,,17.0,26.0,39.0,17.0,44.0,44.0,8.0,26.0,25.0,16.0,19.0,,18.0,42.0,59.0,,,21.0,30.0,,34.0,15.0,39.0,58.0,30.0,49.0,27.0,,39.0,12.0,25.0,50.0,0.0,,27.0,61.0,53.0,15.0,32.0,23.0,,34.0,29.0,21.0,42.0,50.0,,57.0,60.0,22.0,,16.0,,32.0,19.0,26.0,58.0,56.0,33.0,15.0,14.0,40.0,21.0,39.0,21.0,50.0,13.0,55.0,,,39.0,,23.0,23.0,,27.0,40.0,,32.0,30.0,,18.0,,,27.0,34.0,29.0,,19.0,22.0,61.0,23.0,44.0,19.0,27.0,,,36.0,,21.0,31.0,54.0,,48.0,27.0,34.0,31.0,,,60.0,43.0,35.0,30.0,39.0,60.0,38.0,31.0,38.0,54.0,32.0,,47.0,18.0,24.0,44.0,26.0,26.0,25.0,,16.0,11.0,36.0,30.0,10.0,59.0,37.0,34.0,29.0,,28.0,44.0,34.0,37.0,45.0,,27.0,25.0,48.0,,63.0,24.0,40.0,39.0,,17.0,,,42.0,,,25.0,24.0,,,29.0,23.0,,,33.0,,,24.0,26.0,,56.0,38.0,12.0,25.0,,,,50.0,39.0,,20.0,31.0,,,28.0,41.0,49.0,39.0,48.0,33.0,28.0,34.0,,27.0,32.0,50.0,,42.0,,12.0,50.0,23.0,59.0,26.0,49.0,27.0,57.0,,,41.0,,27.0,22.0,46.0,13.0,45.0,21.0,,,33.0,,63.0,33.0,,27.0,26.0,40.0,50.0,58.0,,40.0,28.0,47.0,35.0,58.0,,,23.0,37.0,,55.0,,,47.0,38.0,18.0,,36.0,21.0,43.0,27.0,46.0,,49.0,,21.0,,50.0,42.0,40.0,53.0,,0.0,16.0,35.0,26.0,21.0,,28.0,29.0,,39.0,28.0,,21.0,,22.0,,,42.0,37.0,63.0,,45.0,60.0,48.0,26.0,28.0,44.0,44.0,14.0,56.0,,56.0,28.0,32.0,29.0,,13.0,29.0,47.0,42.0,26.0,29.0,44.0,58.0,7.0,18.0,,11.0,22.0,34.0,,52.0,27.0,35.0,28.0,,22.0,,59.0,,,30.0,33.0,,,39.0,24.0,14.0,36.0,20.0,63.0,,,,19.0,,,11.0,42.0,,31.0,,,55.0,43.0,25.0,42.0,14.0,16.0,20.0,26.0,37.0,33.0,47.0,51.0,22.0,17.0,26.0,,27.0,51.0,17.0,18.0,,41.0,16.0,,59.0,16.0,56.0,15.0,,62.0,40.0,,47.0,41.0,,34.0,22.0,26.0,22.0,,,,16.0,23.0,33.0,37.0,31.0,,36.0,26.0,21.0,57.0,32.0,,38.0,18.0,60.0,10.0,30.0,29.0,60.0,,,,51.0,44.0,26.0,,42.0,42.0,63.0,38.0,,,35.0,50.0,28.0,60.0,31.0,45.0,,18.0,21.0,59.0,,35.0,20.0,36.0,,,26.0,44.0,20.0,21.0,,44.0,22.0,34.0,37.0,35.0,21.0,24.0,25.0,54.0,24.0,,56.0,24.0,,34.0,50.0,51.0,,33.0,,60.0,23.0,35.0,52.0,,,,21.0,26.0,32.0,21.0,41.0,22.0,60.0,,16.0,18.0,22.0,34.0,22.0,29.0,18.0,41.0,,,48.0,56.0,19.0,,27.0,37.0,20.0,,15.0,0.0,38.0,,24.0,18.0,31.0,,54.0,14.0,27.0,53.0,,30.0,43.0,,,,13.0,,,24.0,30.0,18.0,46.0,20.0,19.0,48.0,31.0,29.0,34.0,33.0,26.0,,43.0,,,57.0,26.0,14.0,50.0,,58.0,38.0,53.0,32.0,,34.0,,19.0,12.0,38.0,15.0,21.0,0.0,,19.0,53.0,,33.0,51.0,,37.0,43.0,27.0,14.0,62.0,22.0,10.0,11.0,,,,,0.0,38.0,20.0,38.0,29.0,50.0,44.0,35.0,56.0,40.0,,29.0,,41.0,22.0,63.0,54.0,28.0,,30.0,19.0,53.0,58.0,,47.0,35.0,,30.0,47.0,48.0,8.0,0.0,53.0,39.0,46.0,18.0,29.0,,22.0,22.0,18.0,21.0,30.0,,21.0,,34.0,,,5.0,34.0,35.0,32.0,51.0,33.0,21.0,,,,,35.0,39.0,32.0,57.0,27.0,,37.0,,63.0,22.0,44.0,21.0,,,26.0,40.0,38.0,38.0,27.0,48.0,57.0,,,20.0,,38.0,34.0,47.0,33.0,33.0,28.0,25.0,53.0,,,59.0,,23.0,22.0,,36.0,63.0,21.0,,34.0,50.0,17.0,43.0,,23.0,54.0,25.0,55.0,,,22.0,,30.0,,32.0,56.0,32.0,32.0,25.0,51.0,39.0,56.0,,,,,23.0,17.0,54.0,,63.0,24.0,54.0,22.0,,21.0,36.0,,28.0,9.0,,,26.0,47.0,29.0,27.0,22.0,57.0,44.0,51.0,,62.0,28.0,,29.0,34.0,,23.0,,,42.0,19.0,30.0,21.0,30.0,,36.0,,47.0,,38.0,24.0,40.0,8.0,27.0,31.0,30.0,40.0,25.0,33.0,24.0,,29.0,56.0,62.0,38.0,32.0,15.0,59.0,,62.0,26.0,7,3,2.4359673024523163,17.443185038254462,-0.3509267432706273
9,8,4,11,9,10,11,10,9,3,7,15,11,10,16,6,16,11,19,15,9,13,10,9,10,18,16,11,8,12,10,10,5,11,10,11,16,11,12,10,15,16.0,16,19,12,10,12,11,14,12,10,14,9,11,13,21,7,11,13,10,12,17,10,9,10.0,12,14,13,14,11,15,23,17,3,14,11,23,19,15,10,16,2,14,20,16,18,7,9,22,2,16,13,17,13,15,7,29,12,13,14,13,9,14,13,18,15,17,25,15,19,14,11.0,17,20,37.0,15,23,24,13,24,15,18,12,18,8,28,17,9.0,16,14,17,10,21.0,12,19,11.0,17,22,12,17,12,13,19,19,18.0,24.0,14,27.0,12,10,7,18,30.0,17,20,11,18,36.0,22,19,24,17,19,33,16,18.0,16,23,13,18,12,,11,15,9,24,35,31.0,18,27.0,18,14,15,19,22,20.0,24.0,19,30,13.0,26.0,13,16,13,12,31,15,2,14.0,17,13,15.0,19,14,22,22,38.0,14,18,33,18,43.0,19,19,17,14,16,17,18,46.0,43.0,13,21,20,19.0,14,15,19,,14,13.0,21.0,24,22,38.0,15,18,23,26.0,,27,12,17,23,17,15.0,26,16,18,15,11,13,14.0,27.0,14,,27.0,21.0,11.0,36,40.0,13,21,20,24.0,47.0,6.0,24.0,11.0,14,12.0,45.0,14.0,18,19,17.0,10,18,20,26.0,46.0,44.0,16,24.0,27,14,17.0,12.0,18,21.0,16.0,18,16,19.0,21,27.0,54.0,36.0,23,24,26.0,2,18,23,20,22,11,13,20,15,15,25,14,0.0,2.0,5,19,17,18.0,14.0,9,21,24,5.0,27,32.0,28,16,24,10,29,17.0,14,18.0,19,32,19.0,12,13,20,46.0,36.0,17,14.0,17.0,11.0,30.0,23.0,19,50.0,23,32,14,14.0,19,54.0,26.0,21,12.0,17.0,8.0,17,33.0,15,19,12,18,38,16,17,20.0,20,20.0,22,23,9,41.0,16,46.0,23,30.0,13,,30,20,19.0,15,31.0,9,28.0,25.0,13,44,,33.0,34.0,44.0,22.0,21,35.0,5.0,17,0.0,19,17,,45.0,14,57.0,45,47.0,19.0,31,23,17,31.0,24,41.0,23.0,25,42.0,18,,17,28,16,25.0,44.0,20,22,21,10.0,29.0,61,30,44.0,24,1.0,22.0,41.0,25.0,40.0,14.0,18.0,,25.0,25.0,14,10,23.0,39.0,18.0,13.0,0.0,,48.0,29.0,41,14,18.0,22.0,16,,11.0,,41.0,21.0,37.0,18,18,40.0,12.0,48.0,18.0,17,18.0,34.0,13.0,43,23,0,37.0,14.0,49.0,38.0,31,15,18.0,44.0,22,37.0,27.0,27,42.0,21.0,27.0,22,0.0,26,30.0,49.0,11.0,15,30.0,24,24.0,13,22,26.0,33.0,,14.0,26,28,24,32.0,24,26.0,10,25,25.0,39,8,20.0,10.0,23,23,16.0,33.0,56.0,34.0,31.0,19.0,18,8.0,19,17,34.0,49.0,23.0,59.0,,58.0,17,23,13.0,36.0,10.0,19.0,,18.0,25,24.0,14,45.0,4.0,45.0,10.0,17,44.0,21,16.0,24.0,20.0,26,16.0,23.0,15.0,24,14,21.0,32.0,20.0,43.0,27.0,44.0,21.0,61.0,16.0,23.0,,20.0,29,25,15.0,10.0,48.0,8,26,9,20,,52.0,18,12,42.0,36.0,17,45.0,19.0,45.0,24,15.0,29.0,19.0,13,28.0,19.0,17.0,14.0,43.0,22.0,16,36.0,23,24.0,11,27,17,26.0,40.0,15.0,31.0,,22.0,27.0,16.0,19.0,42.0,31.0,21,22.0,13.0,21,14.0,32.0,15.0,59.0,13,19.0,28.0,36.0,19,39,13.0,9,3.0,25.0,19.0,25.0,23,36.0,23,23,41.0,42,39.0,14,23.0,12.0,14.0,21,17,10.0,12.0,18,59.0,27,47.0,24,19.0,23.0,43.0,31.0,34.0,20.0,27,16.0,23.0,22.0,15.0,18.0,52.0,25.0,17,12,34.0,24,13,13,,22.0,35.0,17.0,24.0,37.0,27,22.0,44.0,43.0,16,12.0,18.0,23.0,41.0,14.0,17,16.0,39.0,30.0,,22.0,4.0,24.0,13,42.0,,10.0,26.0,14.0,25.0,34.0,40,26.0,52.0,21.0,46.0,20,10,28.0,55.0,20,54.0,17.0,12.0,9,27.0,26.0,15.0,21.0,19,33.0,53.0,14.0,23.0,42.0,24.0,26.0,,9.0,24,29,,36.0,28.0,0.0,54.0,40.0,,,,38.0,31,15,21.0,30,12.0,34.0,9.0,23.0,16,25,17.0,10.0,28.0,31.0,27.0,16.0,45.0,36.0,0.0,10,25.0,30.0,,11.0,61.0,18.0,19,32.0,30.0,13.0,20,56.0,,43.0,27.0,51.0,29.0,24,19.0,15,47.0,44.0,46.0,18.0,33.0,51.0,21.0,0.0,9.0,14.0,33.0,,20.0,,29.0,22.0,,6.0,25.0,30.0,28.0,26,30.0,61.0,25,24.0,42.0,32,22.0,48.0,29.0,18,22,26,58.0,14.0,,28.0,17.0,10.0,18.0,56.0,,13,18.0,17,22.0,24,34,30.0,25,25.0,59.0,40.0,10.0,26,35.0,14.0,13.0,36.0,40.0,,30,40.0,38,19.0,15.0,,16,21.0,5,25,15.0,0.0,17.0,30,46.0,43.0,20,22.0,19.0,48.0,17.0,16.0,7.0,18.0,25.0,31,26.0,35.0,25.0,30.0,30.0,32.0,35.0,44.0,7,31.0,10,16.0,35.0,,21.0,24,21,13.0,34.0,0.0,19.0,57.0,22.0,17.0,29.0,18.0,25,31.0,27.0,39,14,6.0,11.0,15,,19.0,11,23.0,17,19,41,26.0,26.0,38.0,54.0,50.0,41.0,25.0,61.0,27.0,42.0,26.0,23.0,33.0,33.0,23.0,3.0,44.0,15.0,16.0,26.0,21.0,34.0,32.0,45.0,27.0,41.0,14.0,19.0,19.0,20.0,42.0,33.0,21.0,14.0,19.0,0.0,47.0,31.0,36.0,25.0,19.0,14.0,25.0,31.0,29.0,15.0,38.0,29.0,19,31.0,28.0,9.0,21,,18.0,59.0,17.0,33.0,25.0,,4.0,14.0,29.0,24.0,36.0,13.0,58.0,24.0,14.0,36.0,26.0,34.0,,32.0,20.0,35.0,14.0,19.0,,17.0,,37,43.0,52.0,32.0,18,15.0,21.0,14.0,22.0,19.0,60.0,26.0,,52.0,20,21.0,13.0,,49.0,15.0,31.0,21,19,12.0,25.0,29.0,19.0,,11.0,17,20,49.0,42.0,35.0,27.0,26.0,43.0,,33.0,,0.0,42.0,37.0,46.0,12.0,28.0,20.0,8,43.0,44.0,23.0,35.0,30.0,20,36.0,40,26.0,25,29.0,,48.0,58.0,29.0,26.0,6.0,,12.0,41.0,11.0,33.0,19,16.0,34.0,40.0,33.0,39.0,18,22.0,,36.0,55.0,46.0,,52.0,43.0,29.0,30,22,,14.0,,32.0,17.0,18.0,38.0,30.0,34,,42.0,32.0,24.0,31.0,8.0,27.0,17.0,35,15.0,25.0,,22,25,16.0,53.0,,19.0,,34.0,44.0,21.0,,,,24.0,24.0,59.0,17.0,15,43.0,27.0,20.0,21.0,,19,52.0,15.0,14,38.0,15.0,14.0,19.0,27.0,43.0,34.0,13.0,22.0,41.0,39.0,23,26.0,45.0,60.0,17.0,43,28.0,41.0,46.0,46.0,27.0,,30.0,39.0,33.0,37.0,24.0,23.0,21.0,25,18,43.0,15.0,0.0,13.0,,19,24,25.0,41.0,27.0,22.0,17.0,22.0,23.0,17.0,25.0,25.0,,21.0,44.0,32.0,13.0,17,16,17.0,,19.0,10.0,,24,19.0,53.0,15.0,47.0,30.0,18.0,19.0,40.0,25.0,,28.0,33.0,25.0,36.0,42.0,37,34.0,33.0,24,24.0,9.0,22.0,30.0,16.0,,13.0,,28.0,38.0,31.0,49.0,24.0,23.0,,25.0,23.0,48.0,24.0,14.0,35.0,,,,17.0,29.0,,20.0,22.0,48.0,,,61.0,21.0,15.0,19.0,,25.0,,25.0,23.0,20.0,27.0,,49.0,31.0,,,15.0,9.0,8.0,12.0,,34.0,11.0,,35.0,,11.0,45.0,51.0,23,26.0,,49.0,48.0,,14.0,46.0,53.0,,27.0,12.0,32.0,4.0,29.0,25.0,14.0,,41.0,,16.0,32.0,,44.0,12.0,24.0,30.0,33.0,54.0,0.0,,53.0,26.0,26.0,17.0,36.0,16.0,31.0,,55.0,35.0,20.0,,,29.0,,23.0,36,,24.0,24.0,24.0,17.0,,28.0,23.0,,27,9.0,,15.0,35.0,,21.0,19.0,24.0,24.0,44.0,,33.0,15.0,32.0,,20.0,41,47.0,12.0,1.0,38.0,50.0,26.0,48.0,47.0,24.0,48.0,55.0,,25.0,50.0,36.0,29.0,49.0,48.0,7.0,3.0,46.0,,9.0,28.0,9,13,18.0,40.0,18.0,25.0,46.0,21.0,55.0,17.0,21.0,50.0,35.0,,45.0,48.0,37.0,44.0,,45.0,22.0,53.0,13.0,40.0,46.0,,26.0,35.0,51.0,22.0,18.0,58.0,50.0,14.0,30.0,32.0,,25.0,23.0,44.0,17.0,21.0,37.0,41.0,28.0,51.0,,20.0,26.0,28.0,32,41.0,15.0,33.0,,20,12.0,61.0,54.0,11.0,29.0,46.0,14.0,,15,,34.0,44.0,0.0,58.0,27.0,,33,42.0,32.0,1.0,27.0,23,50.0,34.0,28.0,40.0,45.0,26.0,16.0,21.0,31.0,,14.0,38.0,17.0,13.0,56.0,37.0,58.0,40.0,35.0,53.0,44.0,36.0,16.0,24.0,20,27.0,46.0,,26.0,51.0,57.0,19.0,,,,7.0,34.0,16.0,36,51.0,26.0,38.0,20.0,61.0,15.0,32.0,32.0,,32.0,34.0,32.0,18.0,34.0,45.0,31.0,29.0,32.0,28.0,33.0,,12.0,,0.0,45.0,,25.0,47.0,,40.0,29.0,37.0,9.0,,8.0,33.0,,,39.0,19.0,10.0,36.0,,,24.0,32.0,43.0,,22.0,35.0,59.0,56.0,47.0,,0.0,35.0,,16.0,14.0,14.0,19.0,28.0,28.0,42.0,,37.0,24.0,52.0,,18,34.0,58.0,52.0,1.0,0.0,,35.0,30.0,59.0,45.0,31.0,35.0,42.0,4.0,23.0,,23.0,25.0,21.0,55.0,52.0,,25.0,59.0,10.0,,21.0,51.0,,31.0,,18.0,,0.0,9.0,23.0,15.0,46.0,40.0,33.0,38.0,18.0,56.0,,,25.0,47.0,,20.0,,36.0,61.0,,27.0,58.0,32.0,28.0,,28.0,24.0,33.0,,,16.0,33.0,45.0,12.0,5.0,26.0,,36.0,22.0,,19.0,25.0,22.0,52.0,,18.0,19.0,29.0,59.0,,14.0,,11.0,30.0,37.0,58.0,39.0,39.0,12.0,34.0,56.0,28.0,19.0,,47.0,60.0,41.0,31.0,25.0,14.0,,36.0,25.0,0.0,24.0,49.0,34.0,60.0,31.0,24.0,33.0,42.0,29.0,57.0,18.0,27.0,49.0,25.0,17.0,21.0,19.0,34.0,,,42.0,36,42.0,31.0,16.0,,40.0,19.0,20.0,,4.0,25.0,24,48.0,1.0,40.0,39.0,,47.0,23.0,26.0,21,52.0,49.0,41.0,50.0,19.0,43.0,56.0,39.0,42.0,29.0,,24.0,15.0,,35.0,16.0,17.0,36.0,33.0,11.0,49.0,15.0,60.0,,22.0,,20.0,27.0,45.0,48.0,31.0,54.0,,51.0,43.0,34.0,60.0,22.0,54.0,50.0,35.0,41.0,61.0,,16.0,43.0,26.0,18.0,12.0,33.0,16.0,46.0,41.0,30.0,25.0,16.0,42.0,20.0,,,48.0,36.0,40.0,43.0,,,34.0,,50.0,29.0,27.0,0.0,27.0,27.0,6.0,23.0,30.0,34.0,26.0,36.0,35.0,,27.0,21.0,45.0,58.0,20.0,57.0,,33.0,15.0,54.0,16.0,30.0,,,22.0,23.0,51.0,,,35.0,32.0,,,50.0,,,24,,57.0,,41.0,34.0,40.0,27.0,,22.0,48.0,18.0,,31.0,24.0,52.0,26.0,43.0,47.0,41.0,,,17.0,31.0,,43.0,23.0,31.0,29.0,44.0,,21.0,15.0,25.0,19.0,58.0,25.0,14.0,20.0,,34.0,11.0,21.0,47.0,17.0,36.0,,40.0,14.0,35.0,24.0,41.0,44.0,18.0,61.0,53.0,39.0,,54.0,26.0,32.0,22.0,35.0,13.0,36.0,,26.0,55.0,20.0,42.0,24.0,23.0,54.0,11.0,33.0,,,24.0,,,22,22.0,52.0,12,13.0,36.0,54.0,35.0,33.0,41.0,43.0,29.0,16.0,44.0,44.0,26.0,47.0,,26.0,15.0,39.0,14.0,20.0,17.0,29.0,39.0,20.0,29.0,26.0,,42.0,25.0,15.0,,18.0,,50.0,23.0,53.0,25.0,18.0,5.0,21.0,,32.0,16.0,48.0,36.0,25.0,53.0,8.0,11.0,30.0,61.0,,54.0,39.0,,32.0,31.0,29.0,43.0,58.0,39.0,42.0,,57.0,55.0,16.0,26.0,38.0,18.0,52.0,30.0,12.0,61.0,25.0,17.0,26.0,,24.0,13.0,46.0,34.0,13.0,42.0,44.0,32.0,12.0,35.0,,57.0,49.0,,,30.0,,26.0,,61.0,32.0,30.0,,,,46.0,,38.0,31.0,46.0,56.0,33.0,,43.0,58.0,39.0,28.0,47.0,47.0,30.0,51.0,45.0,21.0,0.0,52.0,32.0,,54.0,40.0,28.0,61.0,13.0,21.0,33.0,13.0,32.0,,27.0,60.0,,19.0,13.0,35.0,,7.0,25.0,26.0,7.0,11.0,43.0,,39.0,,52.0,,30.0,39.0,51.0,,40.0,16.0,51.0,50.0,25.0,,,40.0,40.0,,24.0,44.0,12.0,,20.0,23.0,7.0,45.0,39.0,,26.0,12.0,52.0,49.0,4.0,23.0,35.0,27.0,25.0,2.0,55.0,32.0,54.0,54.0,59.0,28.0,13.0,0.0,,30.0,41.0,47.0,61.0,42.0,49.0,26.0,,,42.0,33.0,,40.0,45.0,35.0,47.0,36.0,58.0,19.0,50.0,24.0,,,44.0,,,15.0,,31.0,55.0,57.0,39.0,25.0,17.0,34.0,,49.0,,51.0,47.0,17.0,38.0,24.0,33.0,25.0,21.0,19.0,37.0,34.0,33.0,7.0,19.0,21.0,,26.0,31.0,48.0,49.0,18.0,,37.0,,,24.0,11.0,24.0,42.0,45.0,,20.0,,21.0,22.0,55.0,,14.0,,48.0,,56.0,48.0,55.0,43.0,61.0,7.0,20.0,58.0,35.0,33.0,52.0,46.0,20.0,33.0,36.0,,18.0,40.0,27.0,13.0,27.0,16.0,23.0,,50.0,24.0,22.0,25.0,28.0,,46.0,29.0,,25.0,18.0,,35.0,59.0,50.0,43.0,17.0,37.0,10.0,36.0,51.0,2.0,50.0,55.0,33.0,45.0,,49.0,39.0,45.0,18.0,,39.0,27.0,46.0,17.0,,,28.0,24.0,46.0,24.0,15.0,27.0,29.0,47.0,13.0,20.0,,,,,50.0,13.0,,,30.0,32.0,44.0,7.0,52.0,24.0,43.0,26.0,48.0,61.0,32.0,28.0,41.0,57.0,,18.0,,38.0,29.0,,33.0,22.0,20.0,46.0,,50.0,12.0,,6.0,30.0,57.0,21.0,,52.0,33.0,,40.0,24.0,,26.0,23.0,,57.0,49.0,31.0,48.0,22.0,50.0,47.0,18.0,16.0,,,23.0,22.0,18.0,,18.0,31.0,49.0,55.0,57.0,41.0,59.0,58.0,24.0,50.0,34.0,0.0,24.0,,50.0,42.0,28.0,57.0,,,38.0,59.0,59.0,,49.0,35.0,26.0,,28.0,23.0,33.0,15.0,39.0,59.0,,31.0,,19.0,19.0,24.0,50.0,18.0,31.0,39.0,37.0,39.0,18.0,24.0,47.0,60.0,50.0,43.0,46.0,39.0,17.0,,,24.0,48.0,43.0,29.0,10.0,21.0,45.0,27.0,,,32.0,37.0,40.0,23.0,61.0,,55.0,35.0,45.0,27.0,44.0,27.0,37.0,,36.0,,16.0,,16.0,,32.0,54.0,15.0,14.0,27.0,,28.0,20.0,41.0,46.0,,,18.0,60.0,47.0,15.0,56.0,19.0,,47.0,25.0,27.0,18.0,41.0,56.0,,,15.0,,5.0,35.0,52.0,36.0,,29.0,,49.0,41.0,19.0,30.0,,57.0,16.0,,42.0,16.0,13.0,49.0,27.0,46.0,,41.0,25.0,39.0,19.0,,27.0,14.0,24.0,23.0,23.0,,30.0,29.0,60.0,16.0,36.0,27.0,13.0,,,26.0,12.0,23.0,,35.0,,26.0,58.0,25.0,37.0,,36.0,45.0,,20.0,39.0,54.0,25.0,27.0,0.0,41.0,23.0,,19.0,26.0,,48.0,47.0,,38.0,,36.0,46.0,17.0,54.0,27.0,15.0,,56.0,9.0,32.0,13.0,33.0,,32.0,32.0,42.0,23.0,14.0,29.0,60.0,21.0,15.0,29.0,24.0,28.0,,,,,41.0,23.0,43.0,,37.0,56.0,47.0,31.0,15.0,35.0,43.0,,23.0,44.0,29.0,0.0,40.0,,,26.0,17.0,14.0,59.0,14.0,5.0,25.0,43.0,12.0,22.0,20.0,,14.0,16.0,,56.0,23.0,40.0,,,36.0,25.0,18.0,58.0,60.0,,11.0,14.0,41.0,35.0,,24.0,36.0,48.0,41.0,24.0,,36.0,27.0,19.0,54.0,16.0,,,26.0,38.0,37.0,,32.0,35.0,37.0,,42.0,39.0,54.0,11.0,21.0,21.0,43.0,59.0,42.0,31.0,20.0,18.0,23.0,28.0,,41.0,,,36.0,50.0,,54.0,24.0,,,46.0,48.0,0.0,,42.0,24.0,,53.0,14.0,35.0,43.0,48.0,5.0,20.0,37.0,30.0,27.0,18.0,20.0,40.0,54.0,31.0,29.0,11.0,35.0,60.0,60.0,37.0,,35.0,7.0,53.0,16.0,,,15.0,38.0,26.0,,20.0,20.0,30.0,,,48.0,55.0,23.0,23.0,29.0,25.0,34.0,40.0,42.0,,24.0,28.0,14.0,,23.0,43.0,24.0,55.0,30.0,50.0,33.0,51.0,28.0,39.0,,32.0,39.0,35.0,,,58.0,,44.0,26.0,43.0,37.0,24.0,39.0,,32.0,,25.0,,,,20.0,,,48.0,18.0,27.0,21.0,21.0,59.0,,39.0,25.0,49.0,18.0,40.0,,32.0,,,48.0,41.0,,47.0,19.0,25.0,53.0,37.0,43.0,38.0,,21.0,,16.0,,51.0,20.0,16.0,57.0,33.0,43.0,,54.0,17.0,,,56.0,32.0,,24.0,,56.0,42.0,13.0,,24.0,31.0,,,,30.0,,30.0,20.0,11.0,,35.0,41.0,27.0,0.0,13.0,31.0,26.0,,,1.0,,50.0,57.0,,21.0,29.0,,,,34.0,40.0,51.0,17.0,17.0,,31.0,47.0,14.0,39.0,14.0,35.0,37.0,38.0,45.0,32.0,42.0,29.0,54.0,,22.0,,,46.0,30.0,34.0,52.0,,14.0,17.0,51.0,13.0,30.0,,,,31.0,34.0,,19.0,,18.0,,56.0,43.0,27.0,46.0,31.0,0.0,61.0,30.0,,43.0,26.0,36.0,57.0,16.0,15.0,0.0,45.0,15.0,28.0,30.0,53.0,26.0,,12.0,31.0,44.0,30.0,32.0,,29.0,,21.0,41.0,47.0,26.0,53.0,,,22.0,,44.0,44.0,42.0,19.0,50.0,22.0,,20.0,28.0,,54.0,54.0,34.0,,,35.0,27.0,49.0,,50.0,,59.0,39.0,,42.0,46.0,21.0,50.0,,,33.0,59.0,46.0,,27.0,43.0,27.0,,16.0,57.0,,,16.0,,32.0,33.0,56.0,,31.0,45.0,32.0,46.0,22.0,13.0,40.0,,28.0,14.0,32.0,,19.0,45.0,35.0,,31.0,52.0,22.0,29.0,35.0,35.0,27.0,,,46.0,16.0,32.0,55.0,,33.0,,12.0,18.0,10.0,58.0,21.0,35.0,20.0,,23.0,27.0,27.0,,,20.0,25.0,,51.0,42.0,10.0,,17.0,25.0,18.0,8,3,2.411843876177658,18.121532742350585,-0.35048981189305256
7,9,8,14,9,8,9,10,11,2,8,11,10,10,11,10,14,10,47,3,10,12,11,14,10,14,12,11,7,11,13,10,11,9,11,11,18,14,12,4,18,32.0,10,11,13,20,17,11,13,12,14,13,7,10,17,12,9,14,9,14,11,16,12,11,40.0,11,20,18,12,14,16,9,14,13,15,15,6,13,15,6,16,12,14,15,1,11,14,13,19,14,16,8,13,13,15,15,19,15,0,15,20,17,16,16,12,17,13,17,0,12,11,46.0,13,18,14.0,18,26,16,14,17,17,17,15,10,15,15,14,45.0,31,10,14,19,5.0,15,16,22.0,14,31,44,18,25,19,14,25,24.0,14.0,14,34.0,15,13,16,13,39.0,15,16,20,6,18.0,14,19,22,23,13,30,17,26.0,1,20,13,22,12,12.0,10,9,12,21,30,26.0,19,31.0,14,16,13,9,34,,25.0,27,20,,45.0,17,42,27,17,32,13,13,16.0,30,17,,20,17,16,19,31.0,24,22,0,17,28.0,19,18,32,20,22,17,16,21.0,29.0,14,17,11,23.0,19,6,15,23.0,15,15.0,44.0,17,9,22.0,36,21,16,9.0,,12,17,23,11,22,31.0,15,19,18,16,20,44,39.0,24.0,12,,51.0,34.0,22.0,31,32.0,16,19,17,20.0,30.0,40.0,58.0,23.0,16,45.0,19.0,26.0,11,28,19.0,11,46,13,14.0,33.0,,17,53.0,12,13,17.0,21.0,14,,26.0,15,15,28.0,17,32.0,49.0,14.0,14,17,53.0,24,24,18,19,28,19,12,18,23,22,8,10,11.0,39.0,20,22,14,34.0,27.0,25,29,16,45.0,28,20.0,25,19,34,14,24,,18,21.0,18,23,29.0,8,30,12,15.0,,23,21.0,30.0,0.0,3.0,15.0,24,26.0,22,29,27,23.0,23,27.0,20.0,19,13.0,15.0,49.0,16,19.0,22,28,11,24,0,31,21,19.0,15,33.0,19,26,16,51.0,25,44.0,32,28.0,8,49.0,14,24,20.0,17,31.0,40,31.0,17.0,18,0,48.0,,9.0,43.0,,19,12.0,18.0,16,15.0,16,9,9.0,,19,20.0,29,25.0,33.0,16,46,12,5.0,26,29.0,28.0,15,11.0,12,16.0,16,21,21,21.0,27.0,26,18,27,,28.0,24,25,28.0,16,10.0,11.0,17.0,21.0,21.0,23.0,15.0,25.0,31.0,40.0,4,10,32.0,24.0,31.0,28.0,23.0,11.0,53.0,18.0,15,19,12.0,23.0,20,49.0,18.0,52.0,32.0,20.0,31.0,12,15,,39.0,13.0,22.0,17,20.0,21.0,17.0,5,22,24,54.0,61.0,0.0,21.0,13,21,48.0,,21,30.0,29.0,12,47.0,18.0,12.0,14,29.0,21,29.0,17.0,45.0,28,14.0,18,17.0,20,21,41.0,6.0,19.0,29.0,26,25,25,16.0,15,43.0,22,29,33.0,22,12,57.0,16.0,16,12,29.0,14.0,20.0,58.0,33.0,19.0,26,,14,22,48.0,12.0,50.0,24.0,50.0,55.0,20,33,7.0,49.0,34.0,17.0,21.0,21.0,18,38.0,28,28.0,7.0,58.0,46.0,21,18.0,20,28.0,37.0,6.0,38,7.0,57.0,18.0,30,16,33.0,53.0,39.0,34.0,54.0,21.0,26.0,,28.0,45.0,,20.0,26,37,28.0,24.0,26.0,13,39,16,24,19.0,,17,15,27.0,29.0,24,28.0,17.0,42.0,12,37.0,19.0,59.0,34,31.0,25.0,18.0,20.0,30.0,45.0,23,24.0,17,16.0,25,18,22,27.0,28.0,14.0,33.0,,43.0,43.0,,20.0,27.0,51.0,12,46.0,19.0,20,28.0,25.0,15.0,19.0,20,27.0,11.0,24.0,25,33,20.0,27,19.0,20.0,39.0,45.0,18,37.0,24,27,25.0,16,20.0,22,32.0,27.0,22.0,19,28,57.0,47.0,20,21.0,30,21.0,18,52.0,16.0,,,37.0,24.0,22,17.0,,21.0,17.0,41.0,,34.0,2,19,23.0,23,27,17,16.0,36.0,24.0,11.0,28.0,21.0,36,31.0,32.0,35.0,25,16.0,16.0,36.0,33.0,,27,,41.0,25.0,37.0,26.0,49.0,35.0,18,37.0,59.0,22.0,61.0,,37.0,23.0,24,30.0,,21.0,28.0,2,17,45.0,19.0,28,46.0,16.0,20.0,46,27.0,41.0,45.0,22.0,13,,23.0,27.0,18.0,22.0,18.0,39.0,61.0,,32,33,,27.0,34.0,21.0,44.0,29.0,35.0,,,23.0,20,34,,26,32.0,30.0,53.0,23.0,22,12,34.0,26.0,24.0,18.0,24.0,25.0,40.0,51.0,16.0,35,24.0,,20.0,45.0,16.0,21.0,31,21.0,28.0,18.0,18,31.0,35.0,17.0,60.0,21.0,15.0,21,12.0,46,41.0,31.0,12.0,10.0,,18.0,24.0,7.0,40.0,29.0,57.0,11.0,20.0,41.0,33.0,18.0,,16.0,26.0,,40.0,28,27.0,14.0,16,13.0,54.0,17,42.0,24.0,21.0,17,14,10,33.0,35.0,50.0,44.0,25.0,11.0,,18.0,22.0,28,21.0,20,16.0,26,22,21.0,19,61.0,11.0,48.0,,27,58.0,25.0,18.0,33.0,23.0,38.0,35,,21,10.0,43.0,25.0,26,38.0,27,30,47.0,16.0,,11,29.0,18.0,13,29.0,11.0,28.0,40.0,22.0,38.0,25.0,30.0,14,55.0,26.0,40.0,49.0,8.0,37.0,,46.0,18,38.0,11,24.0,30.0,31.0,22.0,27,23,39.0,18.0,30.0,27.0,,32.0,50.0,37.0,24.0,39,22.0,18.0,20,23,21.0,,32,21.0,20.0,22,22.0,20,45,43,19.0,19.0,0.0,22.0,,56.0,56.0,0.0,,31.0,52.0,31.0,17.0,20.0,26.0,43.0,13.0,40.0,13.0,15.0,,19.0,30.0,23.0,39.0,,44.0,14.0,27.0,56.0,39.0,28.0,19.0,26.0,14.0,46.0,29.0,,29.0,25.0,30.0,36.0,,34.0,,14.0,49.0,50.0,40,27.0,50.0,35.0,16,15.0,,37.0,30.0,39.0,42.0,37.0,24.0,52.0,27.0,29.0,39.0,50.0,24.0,46.0,38.0,45.0,33.0,25.0,,18.0,24.0,,23.0,37.0,29.0,,0.0,19,54.0,32.0,19.0,6,33.0,22.0,22.0,17.0,18.0,37.0,27.0,,22.0,29,44.0,,23.0,22.0,26.0,40.0,5,26,13.0,23.0,26.0,,,25.0,29,19,13.0,40.0,9.0,,51.0,28.0,30.0,25.0,34.0,,28.0,,36.0,11.0,10.0,36.0,15,21.0,15.0,34.0,28.0,40.0,18,,44,45.0,27,49.0,22.0,34.0,48.0,11.0,29.0,38.0,41.0,10.0,16.0,34.0,36.0,9,7.0,0.0,30.0,27.0,47.0,32,26.0,46.0,21.0,25.0,28.0,,,33.0,40.0,12,13,30.0,17.0,16.0,61.0,10.0,5.0,18.0,31.0,11,34.0,53.0,45.0,17.0,46.0,39.0,25.0,15.0,14,20.0,17.0,33.0,25,25,16.0,31.0,37.0,35.0,30.0,47.0,61.0,39.0,17.0,18.0,53.0,14.0,21.0,30.0,,11,20.0,48.0,24.0,25.0,26.0,13,,,33,42.0,21.0,42.0,36.0,39.0,54.0,28.0,40.0,38.0,27.0,,15,20.0,33.0,32.0,9.0,22,,40.0,55.0,27.0,26.0,,38.0,48.0,48.0,,23.0,36.0,30.0,20,25,,27.0,26.0,33.0,24.0,9,14,45.0,,,24.0,13.0,19.0,,28.0,20.0,52.0,,49.0,50.0,27.0,51.0,24,20,27.0,32.0,56.0,54.0,23.0,16,16.0,48.0,,44.0,12.0,46.0,14.0,26.0,54.0,22.0,38.0,29.0,40.0,22.0,,16,19.0,34.0,35,29.0,27.0,33.0,45.0,35.0,,12.0,,35.0,29.0,55.0,41.0,21.0,23.0,15.0,50.0,45.0,16.0,31.0,35.0,39.0,,31.0,38.0,25.0,27.0,28.0,26.0,55.0,27.0,42.0,13.0,28.0,25.0,25.0,28.0,,38.0,14.0,15.0,,15.0,25.0,26.0,30.0,26.0,48.0,,32.0,33.0,33.0,19.0,27.0,,13.0,36.0,,61.0,11.0,58.0,27.0,34,27.0,26.0,,58.0,17.0,41.0,28.0,41.0,31.0,21.0,12.0,22.0,0.0,53.0,17.0,12.0,31.0,22.0,52.0,37.0,32.0,41.0,38.0,37.0,31.0,38.0,28.0,,20.0,20.0,12.0,46.0,35.0,61.0,16.0,30.0,17.0,27.0,55.0,55.0,44.0,26.0,,29.0,42.0,,17,32.0,40.0,15.0,15.0,38.0,33.0,33.0,,19.0,18,37.0,14.0,34.0,20.0,24.0,17.0,26.0,19.0,26.0,16.0,30.0,32.0,22.0,32.0,39.0,19.0,23,41.0,18.0,33.0,40.0,44.0,18.0,31.0,31.0,22.0,56.0,19.0,32.0,14.0,42.0,21.0,24.0,24.0,18.0,43.0,43.0,50.0,19.0,15.0,11.0,14,24,29.0,44.0,38.0,23.0,33.0,0.0,16.0,57.0,31.0,,33.0,30.0,12.0,61.0,23.0,50.0,37.0,42.0,33.0,38.0,,33.0,,25.0,22.0,34.0,27.0,21.0,49.0,27.0,42.0,,1.0,,30.0,33.0,31.0,39.0,40.0,7.0,26.0,26.0,35.0,,,27.0,,18.0,36,26.0,14.0,35.0,26.0,34,39.0,34.0,26.0,56.0,37.0,32.0,21.0,50.0,13,34.0,39.0,,,,19.0,,42,20.0,38.0,38.0,30.0,19,41.0,17.0,13.0,60.0,19.0,20.0,43.0,8.0,19.0,,23.0,,57.0,37.0,34.0,25.0,29.0,18.0,,,28.0,26.0,,38.0,33,59.0,22.0,27.0,19.0,41.0,55.0,20.0,24.0,,24.0,48.0,43.0,45.0,19,28.0,27.0,33.0,15.0,34.0,29.0,20.0,,,,21.0,43.0,55.0,36.0,57.0,,,27.0,24.0,50.0,19.0,21.0,11.0,39.0,33.0,50.0,1.0,53.0,37.0,6.0,32.0,25.0,46.0,14.0,61.0,24.0,13.0,35.0,33.0,39.0,55.0,20.0,17.0,46.0,45.0,24.0,34.0,42.0,21.0,38.0,,40.0,35.0,54.0,,24.0,32.0,23.0,23.0,30.0,21.0,46.0,25.0,50.0,44.0,20.0,33.0,,53.0,35,45.0,57.0,47.0,25.0,22.0,45.0,38.0,,,,34.0,31.0,29.0,9.0,32.0,31.0,20.0,21.0,43.0,56.0,36.0,,,25.0,24.0,,22.0,34.0,9.0,17.0,29.0,19.0,28.0,25.0,16.0,19.0,13.0,30.0,,21.0,22.0,29.0,,11.0,29.0,53.0,,37.0,,,29.0,,19.0,13.0,,25.0,45.0,55.0,48.0,17.0,39.0,,,43.0,57.0,32.0,,24.0,20.0,,11.0,,42.0,48.0,21.0,17.0,57.0,29.0,40.0,56.0,37.0,28.0,17.0,24.0,,29.0,,,,36.0,27.0,33.0,37.0,,34.0,35.0,,26.0,13.0,23.0,,,,27.0,15.0,20.0,45.0,15.0,58.0,37.0,,29.0,23.0,43.0,42.0,31.0,19.0,41.0,,57.0,21.0,30.0,25.0,18.0,30.0,,51.0,16.0,24,23.0,,21.0,13.0,46.0,15.0,,17.0,23.0,42.0,0,18.0,,54.0,24.0,42.0,3.0,38.0,51.0,29,37.0,31.0,43.0,54.0,32.0,38.0,53.0,34.0,,,,20.0,26.0,44.0,,54.0,54.0,57.0,36.0,19.0,,17.0,8.0,,,35.0,34.0,59.0,,19.0,34.0,28.0,,,21.0,,,,39.0,44.0,22.0,35.0,34.0,48.0,,49.0,27.0,,,46.0,36.0,11.0,49.0,,,57.0,22.0,11.0,31.0,,34.0,19.0,46.0,18.0,,55.0,19.0,50.0,27.0,26.0,25.0,30.0,14.0,44.0,17.0,50.0,,22.0,,22.0,,,27.0,17.0,22.0,60.0,13.0,27.0,22.0,35.0,19.0,27.0,19.0,18.0,31.0,21.0,,25.0,28.0,60.0,21.0,51.0,39.0,40.0,45.0,,42.0,53.0,27,20.0,,0.0,45.0,57.0,36.0,38.0,22.0,1.0,31.0,21.0,,25.0,15.0,,18.0,18.0,36.0,9.0,44.0,,36.0,29.0,,45.0,22.0,,,33.0,,13.0,44.0,20.0,37.0,43.0,0.0,44.0,20.0,41.0,,13.0,43.0,17.0,,24.0,,21.0,22.0,,19.0,44.0,29.0,43.0,52.0,28.0,43.0,11.0,52.0,54.0,26.0,35.0,29.0,5.0,,,,,22.0,45.0,,18.0,36.0,53.0,38.0,,47.0,28.0,,13.0,13,,15.0,16,22.0,,23.0,,41.0,27.0,,20.0,28.0,56.0,19.0,38.0,,,39.0,20.0,44.0,,35.0,27.0,30.0,19.0,,45.0,31.0,32.0,42.0,17.0,30.0,39.0,38.0,38.0,20.0,44.0,40.0,,,25.0,49.0,,,24.0,59.0,59.0,32.0,21.0,36.0,44.0,57.0,22.0,21.0,45.0,38.0,37.0,58.0,32.0,,33.0,17.0,22.0,24.0,22.0,,10.0,31.0,51.0,44.0,,,34.0,47.0,38.0,21.0,,28.0,,18.0,32.0,11.0,38.0,48.0,42.0,57.0,23.0,43.0,11.0,55.0,59.0,28.0,,47.0,,,34.0,10.0,13.0,23.0,16.0,27.0,8.0,24.0,14.0,22.0,49.0,20.0,28.0,,21.0,28.0,23.0,32.0,18.0,10.0,34.0,,27.0,11.0,28.0,38.0,,50.0,22.0,40.0,38.0,60.0,25.0,,25.0,20.0,,17.0,34.0,,56.0,60.0,38.0,,26.0,18.0,19.0,39.0,29.0,36.0,32.0,54.0,,,0.0,25.0,57.0,21.0,51.0,,24.0,,33.0,,,55.0,59.0,54.0,,59.0,35.0,17.0,0.0,28.0,14.0,30.0,,,,56.0,33.0,,,60.0,37.0,,46.0,,25.0,,26.0,40.0,33.0,59.0,29.0,34.0,42.0,24.0,6.0,49.0,54.0,17.0,30.0,6.0,19.0,40.0,30.0,26.0,,,,48.0,25.0,45.0,25.0,,,35.0,18.0,40.0,45.0,31.0,20.0,36.0,28.0,61.0,46.0,,61.0,,49.0,20.0,45.0,,23.0,,39.0,32.0,57.0,33.0,,15.0,,31.0,,0.0,10.0,,48.0,54.0,36.0,,19.0,15.0,,47.0,31.0,10.0,,20.0,16.0,46.0,34.0,29.0,9.0,58.0,,14.0,28.0,34.0,55.0,,47.0,21.0,,24.0,15.0,40.0,39.0,14.0,,,33.0,,47.0,20.0,21.0,26.0,,20.0,20.0,11.0,26.0,21.0,44.0,35.0,,,,47.0,26.0,25.0,50.0,18.0,30.0,27.0,,51.0,,54.0,13.0,19.0,24.0,16.0,,16.0,,,1.0,20.0,21.0,53.0,20.0,23.0,23.0,24.0,31.0,39.0,46.0,55.0,,,29.0,34.0,45.0,35.0,56.0,28.0,,,41.0,28.0,24.0,,48.0,61.0,33.0,26.0,31.0,24.0,15.0,,12.0,26.0,36.0,29.0,16.0,0.0,36.0,4.0,20.0,,49.0,22.0,30.0,30.0,,,13.0,38.0,14.0,26.0,,37.0,56.0,16.0,,,,23.0,42.0,,8.0,20.0,47.0,12.0,,59.0,29.0,,46.0,,49.0,30.0,29.0,14.0,36.0,32.0,10.0,9.0,,21.0,51.0,43.0,54.0,51.0,33.0,31.0,17.0,33.0,26.0,27.0,24.0,22.0,,57.0,32.0,24.0,,33.0,35.0,,,,,0.0,,29.0,55.0,45.0,38.0,45.0,46.0,0.0,51.0,24.0,34.0,27.0,40.0,,,43.0,18.0,,32.0,54.0,22.0,37.0,27.0,,23.0,30.0,50.0,18.0,41.0,19.0,61.0,20.0,35.0,,,27.0,33.0,,43.0,25.0,,,30.0,32.0,49.0,17.0,17.0,21.0,52.0,27.0,41.0,34.0,,22.0,,,15.0,18.0,43.0,,40.0,21.0,58.0,40.0,,29.0,33.0,,,33.0,25.0,26.0,34.0,,,37.0,,,29.0,45.0,9.0,9.0,57.0,,27.0,45.0,26.0,23.0,,0.0,23.0,42.0,32.0,23.0,58.0,24.0,53.0,43.0,,26.0,23.0,40.0,26.0,24.0,53.0,53.0,,,33.0,15.0,19.0,,12.0,26.0,25.0,,43.0,,27.0,49.0,44.0,,,59.0,34.0,44.0,45.0,50.0,44.0,34.0,15.0,,34.0,,28.0,27.0,16.0,36.0,,21.0,41.0,56.0,50.0,,26.0,27.0,,39.0,20.0,19.0,12.0,33.0,34.0,24.0,,52.0,10.0,16.0,26.0,26.0,16.0,,35.0,22.0,39.0,59.0,,,36.0,17.0,35.0,,30.0,,28.0,37.0,54.0,23.0,42.0,14.0,47.0,23.0,60.0,,49.0,,27.0,51.0,24.0,25.0,25.0,31.0,47.0,49.0,29.0,44.0,21.0,35.0,43.0,,,,37.0,37.0,28.0,38.0,,10.0,6.0,15.0,57.0,26.0,48.0,32.0,12.0,37.0,43.0,,,24.0,0.0,27.0,23.0,15.0,42.0,18.0,51.0,31.0,20.0,47.0,21.0,17.0,58.0,12.0,45.0,0.0,16.0,38.0,50.0,25.0,42.0,51.0,40.0,22.0,43.0,30.0,24.0,15.0,28.0,15.0,33.0,,,22.0,,23.0,,29.0,27.0,23.0,,,44.0,25.0,,48.0,32.0,35.0,23.0,45.0,,,45.0,22.0,44.0,,,33.0,,54.0,29.0,,44.0,,12.0,,28.0,37.0,28.0,,29.0,28.0,9.0,33.0,,20.0,,61.0,17.0,42.0,19.0,42.0,14.0,44.0,19.0,34.0,61.0,14.0,,,49.0,58.0,8.0,37.0,44.0,,56.0,37.0,43.0,28.0,23.0,25.0,,30.0,27.0,15.0,38.0,41.0,45.0,,,26.0,30.0,,,44.0,25.0,,,35.0,20.0,,59.0,,33.0,19.0,45.0,22.0,29.0,37.0,,60.0,15.0,40.0,31.0,25.0,31.0,,40.0,18.0,30.0,58.0,33.0,46.0,61.0,23.0,16.0,37.0,30.0,48.0,13.0,13.0,,,0.0,37.0,25.0,,,39.0,13.0,,26.0,37.0,34.0,,58.0,38.0,10.0,20.0,,27.0,,44.0,16.0,44.0,,15.0,25.0,,14.0,52.0,19.0,,56.0,44.0,27.0,19.0,42.0,29.0,19.0,25.0,57.0,40.0,22.0,41.0,,9.0,26.0,37.0,43.0,50.0,24.0,52.0,22.0,,42.0,18.0,61.0,56.0,18.0,15.0,11.0,21.0,44.0,,34.0,37.0,49.0,36.0,27.0,,24.0,47.0,49.0,25.0,,30.0,42.0,21.0,48.0,,31.0,,27.0,23.0,29.0,40.0,38.0,35.0,27.0,13.0,29.0,22.0,,15.0,52.0,60.0,31.0,,29.0,,,31.0,,44.0,48.0,41.0,40.0,27.0,26.0,19.0,32.0,60.0,41.0,43.0,28.0,23.0,19.0,22.0,58.0,40.0,35.0,21.0,27.0,59.0,,26.0,,27.0,42.0,,50.0,,43.0,21.0,16.0,28.0,28.0,29.0,27.0,,,25.0,45.0,47.0,,55.0,47.0,36.0,10.0,47.0,17.0,,19.0,,56.0,,,,23.0,23.0,0.0,52.0,,,6.0,,,,19.0,12.0,59.0,39.0,56.0,45.0,17.0,,25.0,25.0,,59.0,30.0,16.0,36.0,50.0,56.0,16.0,44.0,14.0,57.0,,27.0,32.0,34.0,35.0,10.0,46.0,20.0,,,31.0,15.0,,24.0,23.0,32.0,43.0,14.0,49.0,,47.0,19.0,57.0,37.0,,38.0,14.0,12.0,,44.0,,33.0,,0.0,,23.0,50.0,,10.0,41.0,,15.0,47.0,44.0,36.0,59.0,17.0,24.0,57.0,48.0,13.0,14.0,54.0,25.0,35.0,,32.0,15.0,10.0,29.0,0.0,17.0,57.0,29.0,34.0,16.0,,51.0,32.0,55.0,27.0,23.0,0.0,,30.0,17.0,54.0,,,28.0,49.0,,,25.0,45.0,40.0,36.0,,29.0,,21.0,,,,29.0,29.0,,32.0,20.0,,,,39.0,9,3,2.4359673024523163,17.979650329607338,-0.3370900328775167
6,4,6,5,7,7,7,8,8,5,3,4,7,7,9,9,8,8,30,22,7,14,8,10,8,16,10,10,6,0,18,13,7,8,8,7,9,14,13,12,12,14.0,12,17,6,8,11,11,1,16,9,13,9,8,7,20,5,21,13,9,8,11,17,16,14.0,10,18,13,14,6,11,11,11,12,9,6,13,15,12,7,18,8,12,11,10,16,16,5,13,11,13,13,15,11,18,15,15,8,17,11,14,19,12,11,16,17,17,22,0,12,9,17.0,15,9,30.0,16,19,13,3,16,15,12,12,15,6,17,14,8.0,10,13,12,17,17.0,10,14,10.0,10,2,10,17,8,13,16,8,13.0,0.0,9,15.0,10,20,10,21,,2,10,9,16,14.0,19,10,12,19,6,39,12,47.0,21,18,9,8,18,,9,29,10,19,22,17.0,18,25.0,17,17,11,15,30,,14.0,15,33,14.0,30.0,11,24,8,9,34,3,14,17.0,23,24,24.0,8,10,7,7,,18,15,28,14,6.0,11,24,19,17,12,19,8,36.0,29.0,18,12,5,20.0,33,16,18,46.0,15,12.0,24.0,8,19,57.0,7,13,2,15.0,38.0,12,0,16,18,22,0.0,22,5,7,7,17,24,15.0,22.0,12,54.0,10.0,18.0,15.0,29,9.0,15,20,36,,46.0,50.0,,29.0,10,26.0,19.0,,13,19,15.0,14,29,20,21.0,16.0,22.0,0,37.0,18,17,24.0,16.0,21,16.0,23.0,9,22,27.0,15,13.0,11.0,,20,15,,13,10,16,9,11,19,11,9,20,14,31,19,20.0,19.0,16,19,13,23.0,23.0,9,26,9,,26,56.0,8,9,17,13,16,24.0,8,6.0,7,9,32.0,16,24,14,,0.0,19,24.0,,36.0,17.0,40.0,24,34.0,30,40,18,16.0,12,13.0,34.0,15,17.0,44.0,19.0,18,24.0,19,8,16,18,10,17,15,14.0,18,31.0,19,16,4,14.0,16,,18,44.0,18,33.0,4,32,15.0,10,49.0,27,27.0,21.0,23,18,32.0,38.0,10.0,15.0,55.0,13,20.0,27.0,21,40.0,11,15,11.0,,18,20.0,18,0.0,24.0,16,22,18,,20,31.0,48.0,5,11.0,24,25.0,6,14,14,,46.0,31,26,16,,19.0,8,15,31.0,9,22.0,36.0,3.0,15.0,8.0,7.0,8.0,15.0,,14.0,16,15,19.0,36.0,17.0,14.0,,20.0,,26.0,23,18,25.0,28.0,13,,19.0,58.0,16.0,19.0,17.0,7,22,0.0,34.0,26.0,15.0,22,29.0,20.0,27.0,7,17,20,,,14.0,18.0,8,19,16.0,55.0,14,11.0,18.0,27,29.0,48.0,9.0,41,5.0,5,25.0,37.0,46.0,10,23.0,20,15.0,9,33,31.0,52.0,15.0,6.0,34,18,30,38.0,31,7.0,8,18,14.0,16,27,15.0,18.0,41,21,20.0,42.0,27.0,11.0,27.0,13.0,18,21.0,21,9,20.0,34.0,,20.0,14.0,15.0,0,13,13.0,11.0,22.0,27.0,57.0,20.0,31,27.0,28,11.0,12.0,41.0,25.0,33,24.0,16,42.0,48.0,37.0,17,21.0,,25.0,17,23,53.0,21.0,8.0,5.0,,28.0,17.0,,8.0,34.0,,9.0,28,16,16.0,19.0,16.0,10,26,12,14,29.0,,16,13,17.0,36.0,16,31.0,22.0,14.0,42,55.0,35.0,,11,22.0,,22.0,15.0,17.0,29.0,14,18.0,16,8.0,19,23,32,51.0,32.0,13.0,,20.0,56.0,,14.0,17.0,22.0,41.0,18,48.0,13.0,11,25.0,50.0,11.0,38.0,14,29.0,22.0,,22,14,49.0,35,16.0,14.0,21.0,24.0,22,16.0,11,22,38.0,24,18.0,24,7.0,47.0,10.0,25,9,6.0,28.0,25,42.0,15,,9,55.0,51.0,46.0,,22.0,27.0,25,21.0,5.0,29.0,48.0,22.0,21.0,28.0,13,14,22.0,15,27,6,19.0,11.0,18.0,31.0,25.0,8.0,17,15.0,29.0,30.0,16,,45.0,32.0,53.0,40.0,40,,31.0,18.0,30.0,10.0,,23.0,13,52.0,,7.0,,10.0,14.0,33.0,22,19.0,13.0,8.0,,17,15,,,23,26.0,,14.0,23,34.0,10.0,11.0,20.0,4,31.0,28.0,34.0,12.0,,33.0,37.0,,8.0,15,34,31.0,28.0,2.0,20.0,38.0,19.0,28.0,49.0,25.0,26.0,8,26,40.0,25,23.0,23.0,49.0,39.0,17,12,43.0,25.0,12.0,10.0,34.0,29.0,36.0,19.0,20.0,27,11.0,18.0,,35.0,28.0,14.0,25,26.0,19.0,24.0,16,20.0,34.0,22.0,29.0,24.0,20.0,36,13.0,28,49.0,25.0,26.0,23.0,,26.0,7.0,23.0,10.0,31.0,15.0,43.0,18.0,21.0,57.0,18.0,33.0,36.0,7.0,32.0,25.0,32,34.0,19.0,12,58.0,50.0,33,26.0,10.0,30.0,17,8,9,38.0,22.0,58.0,28.0,28.0,43.0,3.0,51.0,28.0,26,17.0,27,19.0,22,15,31.0,19,18.0,0.0,17.0,36.0,24,25.0,21.0,20.0,39.0,,20.0,35,14.0,9,,26.0,36.0,5,20.0,21,14,32.0,20.0,38.0,17,,,18,33.0,25.0,32.0,22.0,12.0,20.0,33.0,15.0,26,19.0,32.0,22.0,11.0,,21.0,27.0,11.0,15,33.0,10,7.0,32.0,21.0,17.0,9,20,15.0,27.0,16.0,25.0,47.0,12.0,11.0,25.0,,38,32.0,27.0,19,22,15.0,22.0,26,13.0,49.0,17,29.0,46,28,22,32.0,28.0,53.0,17.0,18.0,,10.0,29.0,29.0,22.0,38.0,34.0,26.0,19.0,14.0,23.0,17.0,46.0,44.0,17.0,,19.0,,23.0,24.0,,14.0,36.0,20.0,22.0,16.0,,14.0,41.0,34.0,57.0,37.0,,10.0,38.0,26.0,29.0,,36.0,,8.0,,,21,20.0,,9.0,12,22.0,29.0,44.0,27.0,32.0,,26.0,18.0,,3.0,15.0,8.0,27.0,20.0,0.0,39.0,,30.0,40.0,41.0,27.0,26.0,12.0,10.0,30.0,34.0,53.0,32.0,0,,36.0,,32,46.0,17.0,26.0,31.0,52.0,17.0,12.0,,20.0,21,43.0,28.0,41.0,37.0,14.0,31.0,16,20,,34.0,29.0,25.0,15.0,37.0,2,6,43.0,39.0,9.0,3.0,,22.0,42.0,17.0,58.0,25.0,19.0,48.0,38.0,33.0,25.0,8.0,25,21.0,21.0,19.0,10.0,12.0,37,12.0,29,,28,24.0,25.0,29.0,46.0,39.0,34.0,24.0,34.0,14.0,11.0,42.0,34.0,30,18.0,50.0,0.0,22.0,23.0,27,27.0,38.0,29.0,13.0,26.0,33.0,37.0,30.0,34.0,14,17,28.0,23.0,10.0,12.0,16.0,12.0,39.0,18.0,8,44.0,,31.0,18.0,32.0,,9.0,49.0,10,33.0,43.0,25.0,13,17,25.0,23.0,38.0,50.0,11.0,42.0,20.0,14.0,58.0,24.0,56.0,7.0,27.0,11.0,,16,,28.0,16.0,6.0,25.0,24,,20.0,24,,16.0,,,53.0,45.0,42.0,18.0,17.0,,37.0,8,13.0,31.0,13.0,38.0,21,10.0,31.0,2.0,13.0,32.0,,53.0,11.0,15.0,36.0,37.0,21.0,19.0,12,18,47.0,7.0,0.0,25.0,43.0,16,24,27.0,19.0,26.0,,11.0,13.0,26.0,48.0,20.0,,9.0,0.0,33.0,25.0,46.0,21,20,11.0,21.0,43.0,30.0,54.0,17,,10.0,11.0,33.0,14.0,24.0,0.0,24.0,18.0,54.0,18.0,,31.0,19.0,45.0,16,35.0,24.0,24,,29.0,,33.0,45.0,22.0,30.0,,13.0,12.0,17.0,,7.0,26.0,19.0,,23.0,47.0,22.0,10.0,44.0,,41.0,54.0,47.0,,19.0,48.0,11.0,23.0,18.0,,10.0,35.0,5.0,28.0,8.0,47.0,39.0,11.0,48.0,47.0,44.0,47.0,,33.0,,0.0,10.0,33.0,21.0,24.0,25.0,48.0,21.0,13.0,30.0,22.0,16.0,18.0,26.0,23,23.0,18.0,,36.0,38.0,31.0,22.0,,42.0,16.0,21.0,21.0,,25.0,29.0,10.0,52.0,32.0,31.0,25.0,32.0,33.0,16.0,31.0,44.0,,37.0,21.0,37.0,31.0,37.0,44.0,35.0,10.0,26.0,19.0,32.0,,19.0,28.0,0.0,39.0,57.0,24.0,17.0,56.0,33,,17.0,28.0,43.0,,51.0,17.0,13.0,40.0,16,8.0,30.0,53.0,2.0,38.0,13.0,22.0,26.0,31.0,30.0,17.0,,21.0,42.0,15.0,14.0,24,45.0,22.0,34.0,36.0,9.0,21.0,17.0,16.0,,37.0,10.0,,43.0,22.0,20.0,17.0,47.0,22.0,22.0,,24.0,27.0,17.0,21.0,40,27,19.0,,24.0,25.0,,20.0,27.0,22.0,0.0,23.0,56.0,28.0,48.0,,,9.0,37.0,,22.0,39.0,19.0,31.0,16.0,27.0,,21.0,33.0,12.0,,31.0,,53.0,50.0,47.0,30.0,36.0,14.0,23.0,31.0,12.0,,,28.0,39.0,48.0,28.0,44.0,30.0,25,38.0,43.0,36.0,,23,45.0,31.0,22.0,21.0,56.0,26.0,,,23,32.0,35.0,30.0,29.0,,7.0,,26,,28.0,25.0,20.0,12,50.0,49.0,30.0,24.0,,57.0,,17.0,12.0,29.0,31.0,22.0,7.0,43.0,,38.0,32.0,55.0,49.0,27.0,35.0,46.0,16.0,39.0,27,22.0,47.0,18.0,26.0,36.0,,28.0,38.0,,27.0,,25.0,9.0,39,18.0,34.0,36.0,31.0,35.0,22.0,12.0,50.0,31.0,16.0,25.0,25.0,42.0,,35.0,23.0,,,36.0,38.0,45.0,,17.0,34.0,18.0,7.0,23.0,37.0,,16.0,11.0,11.0,49.0,41.0,14.0,21.0,,43.0,,25.0,35.0,37.0,9.0,22.0,42.0,19.0,13.0,,12.0,20.0,,44.0,5.0,,,,44.0,26.0,13.0,52.0,36.0,57.0,39.0,12.0,50.0,20.0,43.0,18.0,2.0,24,12.0,26.0,15.0,19.0,26.0,35.0,17.0,,37.0,27.0,21.0,14.0,45.0,47.0,,39.0,3.0,37.0,29.0,18.0,22.0,54.0,5.0,53.0,10.0,,33.0,23.0,55.0,19.0,,41.0,19.0,11.0,18.0,9.0,,25.0,18.0,44.0,19.0,27.0,,7.0,20.0,,5.0,,13.0,23.0,24.0,56.0,13.0,20.0,,20.0,37.0,,23.0,23.0,53.0,,31.0,,22.0,26.0,12.0,32.0,19.0,32.0,17.0,23.0,46.0,21.0,21.0,45.0,38.0,,31.0,26.0,36.0,51.0,32.0,30.0,45.0,17.0,,36.0,19.0,44.0,21.0,42.0,,46.0,56.0,54.0,,53.0,,5.0,18.0,34.0,,18.0,15.0,8.0,17.0,,,39.0,,40.0,18.0,34.0,39.0,29.0,15.0,,17.0,45.0,17.0,38.0,43.0,,,39.0,57.0,20.0,54,17.0,21.0,,42.0,56.0,23.0,10.0,33.0,2.0,19.0,20,12.0,,31.0,35.0,12.0,33.0,34.0,30.0,25,52.0,22.0,50.0,14.0,23.0,22.0,19.0,37.0,30.0,,36.0,19.0,15.0,55.0,41.0,24.0,39.0,26.0,17.0,14.0,,26.0,18.0,11.0,9.0,21.0,26.0,48.0,54.0,,0.0,49.0,39.0,,32.0,35.0,35.0,55.0,47.0,52.0,38.0,46.0,32.0,18.0,23.0,34.0,47.0,,27.0,,19.0,20.0,,,0.0,21.0,27.0,32.0,31.0,23.0,11.0,21.0,,7.0,,,21.0,,41.0,32.0,25.0,42.0,54.0,24.0,30.0,23.0,27.0,25.0,,46.0,35.0,19.0,11.0,8.0,23.0,45.0,,,,40.0,31.0,,,,18.0,19.0,21.0,47.0,41.0,57.0,24.0,24.0,30.0,12.0,45.0,38.0,,21.0,26,14.0,47.0,26.0,57.0,15.0,,52.0,24.0,10.0,,36.0,43.0,32.0,,9.0,8.0,26.0,42.0,,47.0,13.0,,30.0,27.0,29.0,39.0,13.0,,25.0,,22.0,38.0,45.0,38.0,57.0,53.0,,4.0,26.0,20.0,9.0,30.0,15.0,40.0,42.0,,16.0,21.0,,21.0,29.0,43.0,14.0,23.0,30.0,11.0,43.0,,54.0,,50.0,25.0,34.0,30.0,57.0,6.0,,,,7.0,25.0,44.0,31.0,,17.0,23.0,,,13.0,20,6.0,48.0,21,12.0,,36.0,31.0,26.0,37.0,15.0,30.0,,28.0,33.0,42.0,19.0,28.0,,,21.0,47.0,,49.0,26.0,55.0,27.0,10.0,,45.0,24.0,8.0,21.0,,38.0,30.0,31.0,24.0,,57.0,50.0,15.0,,27.0,46.0,38.0,,40.0,,12.0,11.0,15.0,10.0,32.0,38.0,35.0,34.0,58.0,51.0,39.0,27.0,25.0,28.0,27.0,10.0,55.0,50.0,,26.0,23.0,0.0,56.0,,24.0,55.0,31.0,17.0,43.0,,,13.0,29.0,,33.0,24.0,32.0,30.0,25.0,38.0,31.0,,,,,12.0,38.0,,20.0,14.0,56.0,,18.0,,,24.0,15.0,27.0,22.0,,19.0,45.0,25.0,13.0,15.0,17.0,,37.0,21.0,45.0,28.0,52.0,,45.0,,26.0,29.0,16.0,0.0,12.0,38.0,21.0,,19.0,24.0,46.0,27.0,,20.0,45.0,,17.0,45.0,0.0,32.0,7.0,15.0,55.0,,46.0,29.0,,24.0,28.0,45.0,18.0,30.0,18.0,32.0,,1.0,51.0,,,48.0,,,19.0,14.0,26.0,28.0,29.0,43.0,28.0,36.0,55.0,35.0,52.0,9.0,,9.0,44.0,17.0,34.0,49.0,19.0,16.0,3.0,,44.0,16.0,14.0,,,16.0,21.0,,31.0,56.0,49.0,,35.0,,33.0,27.0,29.0,44.0,44.0,34.0,,44.0,49.0,55.0,,16.0,29.0,37.0,17.0,33.0,14.0,4.0,,28.0,,52.0,48.0,43.0,8.0,17.0,28.0,48.0,24.0,18.0,9.0,58.0,43.0,8.0,34.0,22.0,13.0,12.0,,,25.0,41.0,42.0,21.0,42.0,34.0,38.0,44.0,18.0,12.0,42.0,,27.0,33.0,32.0,24.0,50.0,40.0,,15.0,39.0,,46.0,42.0,26.0,,,39.0,37.0,38.0,,,43.0,,22.0,19.0,45.0,48.0,53.0,37.0,25.0,54.0,21.0,54.0,51.0,33.0,31.0,46.0,31.0,26.0,,22.0,16.0,39.0,16.0,27.0,24.0,17.0,7.0,,27.0,11.0,39.0,16.0,,26.0,52.0,,57.0,20.0,33.0,50.0,17.0,41.0,29.0,,,50.0,20.0,10.0,20.0,28.0,,48.0,32.0,,14.0,31.0,22.0,38.0,,18.0,28.0,23.0,16.0,37.0,33.0,,,26.0,41.0,22.0,45.0,,29.0,19.0,0.0,15.0,17.0,,26.0,,14.0,,31.0,25.0,16.0,,28.0,38.0,21.0,42.0,16.0,7.0,,30.0,31.0,11.0,30.0,,,44.0,41.0,46.0,27.0,28.0,4.0,56.0,27.0,,38.0,21.0,22.0,42.0,40.0,,49.0,,,16.0,42.0,,24.0,10.0,56.0,14.0,40.0,33.0,36.0,21.0,12.0,,,26.0,,,16.0,47.0,30.0,14.0,47.0,,,,,33.0,21.0,16.0,25.0,52.0,35.0,42.0,25.0,53.0,14.0,21.0,33.0,20.0,31.0,,,11.0,34.0,30.0,48.0,23.0,46.0,,41.0,,31.0,,34.0,28.0,33.0,16.0,39.0,31.0,34.0,,28.0,38.0,23.0,24.0,25.0,,23.0,24.0,,41.0,,47.0,36.0,20.0,,31.0,19.0,,27.0,54.0,36.0,28.0,16.0,,36.0,,9.0,29.0,,34.0,58.0,21.0,,21.0,56.0,47.0,38.0,45.0,21.0,23.0,55.0,48.0,50.0,42.0,,11.0,24.0,43.0,,,,11.0,41.0,47.0,43.0,23.0,9.0,12.0,,23.0,24.0,25.0,,,37.0,27.0,24.0,,19.0,32.0,36.0,12.0,57.0,32.0,47.0,,52.0,44.0,,38.0,21.0,10.0,46.0,14.0,41.0,13.0,35.0,25.0,25.0,19.0,57.0,,,26.0,9.0,50.0,45.0,,18.0,33.0,35.0,17.0,28.0,24.0,,3.0,17.0,45.0,,31.0,30.0,13.0,50.0,43.0,56.0,14.0,44.0,49.0,53.0,15.0,34.0,42.0,32.0,,32.0,,31.0,31.0,44.0,27.0,17.0,33.0,38.0,,,30.0,13.0,53.0,12.0,21.0,54.0,,55.0,19.0,55.0,15.0,52.0,,37.0,,23.0,22.0,24.0,28.0,45.0,,57.0,19.0,25.0,36.0,,16.0,,20.0,,34.0,28.0,,,33.0,27.0,14.0,51.0,33.0,,35.0,,45.0,0.0,32.0,,,29.0,53.0,36.0,29.0,37.0,38.0,34.0,,22.0,15.0,32.0,,,40.0,37.0,54.0,30.0,,29.0,43.0,27.0,17.0,52.0,50.0,40.0,42.0,23.0,18.0,53.0,,,,17.0,16.0,19.0,44.0,10.0,,0.0,34.0,41.0,27.0,12.0,36.0,36.0,21.0,27.0,28.0,37.0,,19.0,,17.0,,17.0,,,,10.0,18.0,,12.0,,14.0,,,36.0,41.0,50.0,23.0,13.0,22.0,20.0,32.0,0.0,22.0,17.0,21.0,52.0,11.0,49.0,43.0,24.0,,21.0,4.0,,35.0,6.0,,,52.0,52.0,35.0,51.0,,,40.0,12.0,46.0,,,58.0,37.0,43.0,44.0,20.0,43.0,5.0,56.0,51.0,21.0,17.0,19.0,19.0,18.0,24.0,52.0,,,15.0,24.0,,21.0,25.0,13.0,24.0,,29.0,,56.0,28.0,26.0,38.0,25.0,20.0,33.0,25.0,25.0,,22.0,47.0,24.0,56.0,,35.0,29.0,,36.0,,47.0,17.0,57.0,,54.0,22.0,17.0,31.0,,39.0,,46.0,41.0,28.0,30.0,24.0,13.0,,,33.0,20.0,,9.0,16.0,,26.0,,33.0,12.0,22.0,12.0,34.0,31.0,40.0,40.0,21.0,20.0,47.0,18.0,29.0,,9.0,,,25.0,35.0,38.0,48.0,10.0,54.0,21.0,,57.0,,16.0,13.0,11.0,30.0,54.0,40.0,47.0,40.0,,29.0,28.0,40.0,24.0,20.0,31.0,,,15.0,58.0,45.0,,22.0,0.0,,51.0,5.0,19.0,43.0,57.0,49.0,,17.0,41.0,14.0,33.0,15.0,55.0,56.0,19.0,37.0,23.0,,49.0,,,36.0,11.0,9.0,44.0,5.0,16.0,30.0,51.0,20.0,,40.0,6.0,27.0,51.0,15.0,15.0,56.0,,24.0,17.0,,53.0,26.0,,,58.0,9.0,23.0,32.0,28.0,25.0,25.0,37.0,26.0,,14.0,37.0,15.0,23.0,28.0,23.0,27.0,,50.0,52.0,32.0,1.0,18.0,37.0,14.0,52.0,46.0,,13.0,,,40.0,33.0,,33.0,42.0,10.0,17.0,39.0,,26.0,34.0,34.0,11.0,17.0,12.0,31.0,21.0,44.0,,30.0,45.0,,16.0,24.0,32.0,26.0,20.0,,20.0,52.0,14.0,9.0,27.0,22.0,24.0,22.0,,24.0,24.0,14.0,15.0,22.0,4.0,,21.0,,25.0,32.0,,35.0,57.0,55.0,13.0,26.0,49.0,6.0,27.0,30.0,27.0,45.0,53.0,19.0,8.0,,,30.0,31.0,35.0,,37.0,37.0,35.0,11.0,12.0,36.0,,42.0,,31.0,34.0,,30.0,16.0,19.0,,30.0,56.0,55.0,40.0,46.0,41.0,39.0,56.0,12.0,,25.0,45.0,15.0,,46.0,51.0,32.0,,19.0,44.0,55.0,8.0,19.0,30.0,,30.0,,51.0,20.0,23.0,,,17.0,19.0,39.0,47.0,10.0,30.0,,39.0,17.0,16.0,40.0,45.0,15.0,56.0,57.0,,26.0,,11.0,39.0,,34.0,44.0,16.0,25.0,24.0,30.0,52.0,,25.0,,10,3,2.4208389715832204,17.728155339805824,-0.3441865630827409
5,6,5,6,3,9,6,2,7,10,7,7,7,4,10,3,12,7,15,19,9,7,8,4,7,13,9,12,8,12,2,10,6,11,11,9,12,8,9,11,19,12.0,15,21,10,6,20,5,11,35,12,6,10,12,12,15,15,15,16,2,15,21,21,13,,11,12,10,17,19,9,13,12,11,10,18,10,21,16,9,15,9,10,0,10,6,12,12,16,12,17,14,29,12,16,26,11,0,18,11,19,15,13,12,10,12,12,16,12,11,19,19.0,12,16,6.0,15,12,13,13,22,16,12,13,12,11,12,3,59.0,14,17,12,11,30.0,8,22,29.0,19,20,14,12,21,7,18,15,27.0,52.0,11,14.0,13,14,12,12,24.0,13,19,12,20,21.0,22,23,28,11,12,15,0,26.0,13,22,16,13,14,23.0,12,18,24,23,11,23.0,13,16.0,8,13,12,0,18,24.0,21.0,23,10,18.0,24.0,13,44,24,12,16,11,19,18.0,4,0,,19,13,14,15,10.0,13,17,20,18,28.0,17,30,4,12,21,16,12,26.0,24.0,16,15,23,19.0,20,14,28,,18,7.0,14.0,23,19,13.0,31,28,22,34.0,48.0,11,17,17,17,17,18.0,23,14,18,16,15,12,18.0,28.0,11,44.0,26.0,18.0,30.0,10,20.0,17,5,25,18.0,30.0,19.0,,16.0,15,26.0,34.0,14.0,15,18,41.0,8,21,21,18.0,45.0,20.0,18,14.0,34,15,23.0,11.0,21,21.0,11.0,10,22,28.0,11,31.0,15.0,35.0,37,15,9.0,17,16,16,31,25,23,12,22,16,17,22,16,49.0,16.0,17,18,20,18.0,27.0,9,29,15,35.0,11,21.0,23,24,19,15,11,40.0,14,32.0,15,30,42.0,22,24,26,19.0,,25,40.0,,28.0,20.0,18.0,20,19.0,11,28,11,35.0,12,22.0,11.0,19,,19.0,,22,13.0,13,21,22,24,39,10,36,10.0,13,10.0,18,22,18,21.0,15,,20,28.0,13,16.0,15,25,15.0,24,,24,20.0,28.0,15,33,33.0,31.0,31.0,15.0,9.0,25,38.0,21.0,16,22.0,21,11,15.0,56.0,20,14.0,9,18.0,35.0,14,17,10,51.0,12,18.0,11.0,21,44.0,14,22.0,18,8,11,7.0,18.0,18,13,28,14.0,11.0,23,18,23.0,26,39.0,24.0,33.0,14.0,27.0,37.0,18.0,10.0,21.0,11.0,17,34,44.0,14.0,27.0,39.0,17.0,18.0,49.0,28.0,11,20,33.0,19.0,14,,6.0,56.0,0.0,43.0,40.0,18,33,29.0,38.0,46.0,19.0,15,32.0,20.0,15.0,34,21,14,13.0,23.0,28.0,22.0,22,18,13.0,17.0,0,14.0,17.0,24,31.0,34.0,8.0,30,35.0,19,8.0,27.0,39.0,23,30.0,19,36.0,22,20,,32.0,33.0,39.0,21,18,23,15.0,23,30.0,23,30,18.0,22,27,36.0,32.0,14,21,36.0,24.0,52.0,51.0,15.0,17.0,13,36.0,27,22,14.0,49.0,43.0,,,10.0,10,34,14.0,31.0,22.0,31.0,30.0,37.0,19,8.0,16,30.0,9.0,48.0,,22,7.0,31,18.0,27.0,38.0,20,34.0,31.0,,28,15,,,42.0,,40.0,49.0,15.0,30.0,16.0,10.0,35.0,21.0,25,19,,12.0,34.0,20,29,11,22,35.0,32.0,19,12,30.0,22.0,30,26.0,24.0,36.0,0,42.0,57.0,48.0,8,29.0,23.0,42.0,11.0,12.0,46.0,21,30.0,16,14.0,12,18,14,9.0,39.0,13.0,32.0,22.0,13.0,22.0,29.0,22.0,51.0,33.0,15,13.0,53.0,27,29.0,25.0,57.0,27.0,20,24.0,25.0,,0,22,35.0,30,31.0,10.0,25.0,59.0,20,39.0,13,7,31.0,12,,19,25.0,44.0,20.0,28,31,21.0,53.0,22,,25,30.0,15,34.0,23.0,14.0,,52.0,13.0,28,21.0,52.0,17.0,8.0,36.0,56.0,13.0,16,18,43.0,17,15,19,32.0,37.0,24.0,20.0,18.0,8.0,35,31.0,,43.0,21,42.0,30.0,26.0,35.0,26.0,24,40.0,24.0,20.0,,56.0,26.0,19.0,20,25.0,,33.0,44.0,,33.0,35.0,21,42.0,23.0,23.0,,19,11,16.0,30.0,31,29.0,54.0,42.0,18,31.0,,46.0,,16,,19.0,18.0,23.0,20.0,24.0,31.0,39.0,29.0,20,19,32.0,24.0,,43.0,44.0,25.0,14.0,36.0,40.0,43.0,16,14,31.0,28,,24.0,12.0,21.0,11,28,33.0,17.0,18.0,31.0,,21.0,,23.0,,27,30.0,14.0,18.0,28.0,30.0,10.0,22,30.0,37.0,12.0,10,,12.0,22.0,34.0,20.0,19.0,21,24.0,27,45.0,26.0,25.0,48.0,41.0,25.0,46.0,40.0,35.0,33.0,,20.0,41.0,55.0,11.0,29.0,27.0,37.0,14.0,15.0,29.0,33,32.0,36.0,22,47.0,15.0,20,53.0,13.0,20.0,26,26,24,19.0,32.0,,,21.0,16.0,18.0,12.0,50.0,15,35.0,17,23.0,9,20,11.0,17,34.0,30.0,16.0,47.0,16,58.0,9.0,20.0,27.0,,,10,27.0,21,55.0,19.0,43.0,19,33.0,20,16,26.0,4.0,41.0,11,49.0,,27,32.0,19.0,15.0,17.0,,39.0,35.0,16.0,21,26.0,27.0,45.0,32.0,50.0,19.0,52.0,,19,11.0,16,13.0,29.0,0.0,14.0,5,25,43.0,45.0,32.0,25.0,24.0,40.0,32.0,21.0,56.0,38,21.0,16.0,30,0,35.0,7.0,15,23.0,21.0,18,18.0,27,20,32,23.0,25.0,49.0,35.0,44.0,22.0,57.0,42.0,25.0,40.0,27.0,25.0,44.0,17.0,12.0,50.0,33.0,33.0,36.0,24.0,49.0,39.0,34.0,48.0,43.0,54.0,,,8.0,,33.0,25.0,35.0,28.0,13.0,23.0,25.0,,13.0,48.0,38.0,33.0,39.0,14.0,9.0,36.0,19.0,42.0,22,33.0,18.0,17.0,35,20.0,12.0,12.0,14.0,19.0,28.0,21.0,18.0,15.0,16.0,22.0,13.0,25.0,15.0,28.0,32.0,30.0,32.0,21.0,13.0,26.0,26.0,20.0,17.0,34.0,41.0,39.0,31.0,22,17.0,34.0,,23,19.0,25.0,47.0,27.0,38.0,58.0,22.0,,14.0,22,23.0,13.0,21.0,35.0,50.0,,19,19,61.0,3.0,20.0,33.0,25.0,,17,25,23.0,23.0,,14.0,22.0,25.0,20.0,51.0,17.0,,34.0,13.0,26.0,38.0,17.0,18.0,31,8.0,36.0,19.0,14.0,12.0,24,,31,46.0,16,38.0,35.0,22.0,28.0,23.0,41.0,21.0,12.0,17.0,15.0,28.0,14.0,9,34.0,17.0,29.0,35.0,17.0,16,18.0,26.0,30.0,8.0,24.0,60.0,37.0,,32.0,21,24,,,20.0,14.0,34.0,24.0,46.0,29.0,42,12.0,,17.0,18.0,26.0,11.0,17.0,36.0,17,14.0,16.0,20.0,13,11,58.0,57.0,60.0,54.0,,13.0,29.0,56.0,59.0,16.0,34.0,23.0,17.0,,27.0,13,48.0,21.0,,26.0,49.0,9,54.0,19.0,27,34.0,12.0,,20.0,56.0,17.0,26.0,46.0,20.0,46.0,36.0,25,28.0,,13.0,,24,27.0,,17.0,28.0,27.0,14.0,13.0,27.0,43.0,23.0,20.0,29.0,39.0,25,19,15.0,36.0,60.0,32.0,,18,43,30.0,36.0,43.0,,22.0,,10.0,,22.0,35.0,,28.0,17.0,34.0,59.0,15,31,12.0,,35.0,21.0,47.0,14,15.0,10.0,35.0,29.0,12.0,32.0,20.0,21.0,13.0,,12.0,25.0,48.0,24.0,,18,18.0,9.0,30,23.0,21.0,45.0,,48.0,33.0,18.0,,0.0,,20.0,13.0,17.0,57.0,,15.0,29.0,36.0,28.0,40.0,25.0,6.0,,12.0,22.0,28.0,47.0,26.0,23.0,24.0,10.0,32.0,,,26.0,23.0,19.0,31.0,34.0,9.0,18.0,17.0,19.0,42.0,27.0,33.0,16.0,,34.0,12.0,18.0,43.0,,61.0,7.0,32.0,,26.0,18.0,18.0,,29,20.0,16.0,38.0,34.0,59.0,52.0,16.0,27.0,19.0,59.0,24.0,18.0,,8.0,28.0,18.0,20.0,14.0,40.0,27.0,,6.0,20.0,26.0,12.0,30.0,34.0,,36.0,43.0,20.0,44.0,30.0,44.0,50.0,35.0,34.0,57.0,36.0,35.0,30.0,50.0,42.0,32.0,,53.0,14,47.0,28.0,27.0,16.0,37.0,15.0,13.0,48.0,0.0,25,22.0,,47.0,52.0,21.0,23.0,9.0,21.0,17.0,45.0,18.0,41.0,28.0,47.0,,26.0,16,16.0,30.0,30.0,,33.0,12.0,27.0,13.0,15.0,28.0,50.0,11.0,33.0,22.0,21.0,48.0,,22.0,30.0,30.0,,27.0,40.0,33.0,17,14,20.0,32.0,20.0,15.0,25.0,22.0,20.0,13.0,,,20.0,35.0,,40.0,,,,46.0,30.0,44.0,14.0,25.0,,,14.0,45.0,43.0,11.0,31.0,15.0,50.0,,38.0,50.0,19.0,45.0,19.0,51.0,18.0,18.0,14.0,43.0,21.0,35.0,30.0,14.0,27.0,32.0,15,31.0,22.0,14.0,22.0,20,32.0,29.0,35.0,47.0,9.0,0.0,,49.0,24,,11.0,25.0,,38.0,17.0,,25,53.0,18.0,30.0,51.0,11,,41.0,55.0,24.0,22.0,16.0,,17.0,24.0,14.0,40.0,16.0,31.0,23.0,49.0,19.0,12.0,32.0,13.0,,33.0,32.0,24.0,41.0,16,27.0,,38.0,21.0,25.0,,20.0,29.0,,16.0,40.0,30.0,14.0,18,27.0,38.0,34.0,,21.0,,,15.0,,44.0,52.0,12.0,28.0,24.0,,22.0,23.0,,21.0,51.0,34.0,28.0,,59.0,,55.0,5.0,46.0,,32.0,51.0,,43.0,20.0,45.0,60.0,,,59.0,21.0,37.0,23.0,34.0,47.0,12.0,50.0,52.0,,13.0,45.0,35.0,23.0,6.0,19.0,32.0,13.0,32.0,45.0,26.0,,14.0,28.0,10.0,,35.0,31.0,21.0,46.0,44.0,10,23.0,,29.0,27.0,,33.0,11.0,,9.0,26.0,38.0,28.0,,25.0,31.0,,6.0,28.0,31.0,55.0,23.0,,6.0,16.0,24.0,18.0,26.0,12.0,,43.0,29.0,25.0,,,11.0,15.0,,49.0,,30.0,44.0,32.0,,,23.0,36.0,12.0,,26.0,41.0,19.0,,10.0,44.0,40.0,37.0,30.0,49.0,45.0,30.0,20.0,19.0,34.0,33.0,45.0,31.0,34.0,29.0,27.0,38.0,17.0,17.0,39.0,13.0,56.0,19.0,,49.0,27.0,,14.0,,50.0,38.0,60.0,11.0,,32.0,21.0,18.0,14.0,32.0,50.0,48.0,29.0,29.0,30.0,35.0,28.0,44.0,49.0,34.0,37.0,52.0,33.0,26.0,48.0,,25.0,34.0,,22.0,,12.0,22.0,44.0,26.0,47.0,19.0,,33.0,14.0,19.0,,,31.0,28.0,28.0,16,54.0,53.0,,15.0,28.0,0.0,35.0,33.0,16.0,24.0,21,8.0,12.0,33.0,35.0,24.0,29.0,,34.0,23,31.0,38.0,47.0,22.0,39.0,50.0,33.0,,21.0,56.0,23.0,18.0,42.0,,28.0,61.0,,57.0,20.0,37.0,29.0,32.0,37.0,34.0,,,16.0,49.0,61.0,33.0,36.0,17.0,56.0,,20.0,,18.0,10.0,27.0,39.0,13.0,59.0,11.0,18.0,1.0,61.0,41.0,,,25.0,25.0,7.0,,21.0,43.0,,33.0,34.0,,8.0,30.0,17.0,23.0,23.0,,22.0,37.0,39.0,24.0,25.0,23.0,44.0,,18.0,,13.0,33.0,19.0,42.0,27.0,59.0,24.0,41.0,11.0,10.0,30.0,34.0,34.0,19.0,20.0,14.0,7.0,23.0,,7.0,57.0,37.0,39.0,29.0,28.0,56.0,11.0,34.0,22.0,,,48.0,39.0,19,54.0,12.0,,42.0,28.0,14.0,10.0,,,42.0,43.0,47.0,24.0,,17.0,52.0,0.0,30.0,30.0,54.0,53.0,34.0,46.0,,44.0,21.0,37.0,35.0,39.0,23.0,11.0,32.0,59.0,17.0,22.0,32.0,25.0,,21.0,,41.0,7.0,,,18.0,16.0,33.0,,29.0,15.0,23.0,24.0,21.0,55.0,59.0,10.0,8.0,40.0,61.0,18.0,22.0,27.0,61.0,48.0,58.0,27.0,22.0,,40.0,6.0,24.0,55.0,14.0,,20.0,32.0,22.0,13.0,16.0,11,16.0,22.0,10,31.0,44.0,38.0,43.0,12.0,13.0,,28.0,29.0,,,31.0,39.0,44.0,41.0,58.0,26.0,,18.0,26.0,32.0,0.0,29.0,46.0,,,30.0,,58.0,28.0,6.0,35.0,19.0,,,11.0,41.0,,,41.0,30.0,34.0,,42.0,29.0,23.0,60.0,22.0,14.0,35.0,42.0,29.0,34.0,,25.0,20.0,12.0,54.0,25.0,33.0,26.0,11.0,25.0,41.0,15.0,23.0,15.0,32.0,13.0,,13.0,22.0,,,13.0,24.0,37.0,27.0,10.0,19.0,19.0,46.0,15.0,27.0,31.0,12.0,22.0,29.0,6.0,54.0,45.0,,55.0,17.0,13.0,36.0,17.0,23.0,,14.0,,,9.0,,13.0,,55.0,32.0,61.0,25.0,,23.0,14.0,16.0,,15.0,35.0,,12.0,27.0,22.0,24.0,9.0,61.0,56.0,22.0,,12.0,16.0,,32.0,29.0,37.0,19.0,56.0,,47.0,38.0,14.0,11.0,36.0,38.0,17.0,29.0,46.0,50.0,57.0,,,35.0,56.0,27.0,25.0,34.0,,,18.0,,21.0,,,40.0,24.0,43.0,32.0,13.0,41.0,6.0,43.0,48.0,53.0,,43.0,38.0,,17.0,50.0,54.0,,53.0,,33.0,34.0,51.0,60.0,27.0,48.0,,52.0,32.0,26.0,,33.0,14.0,60.0,50.0,42.0,59.0,8.0,21.0,36.0,28.0,11.0,21.0,,46.0,14.0,44.0,59.0,34.0,6.0,26.0,36.0,35.0,42.0,30.0,,31.0,29.0,37.0,49.0,13.0,12.0,60.0,40.0,,53.0,41.0,15.0,35.0,29.0,36.0,28.0,9.0,,23.0,14.0,35.0,30.0,37.0,48.0,20.0,,61.0,19.0,52.0,,34.0,45.0,22.0,29.0,,9.0,18.0,57.0,29.0,18.0,,49.0,25.0,6.0,26.0,17.0,,45.0,10.0,34.0,20.0,11.0,39.0,17.0,,34.0,20.0,26.0,28.0,,,25.0,35.0,7.0,58.0,21.0,31.0,,,0.0,60.0,43.0,,49.0,0.0,14.0,42.0,12.0,24.0,25.0,22.0,13.0,59.0,50.0,24.0,13.0,20.0,59.0,,,31.0,,33.0,28.0,52.0,21.0,49.0,21.0,50.0,17.0,26.0,35.0,17.0,39.0,11.0,,19.0,50.0,20.0,10.0,47.0,27.0,,18.0,16.0,37.0,,53.0,36.0,,20.0,0.0,47.0,42.0,,51.0,,9.0,19.0,10.0,0.0,5.0,,21.0,27.0,44.0,46.0,29.0,,26.0,,20.0,43.0,54.0,10.0,34.0,13.0,,19.0,37.0,13.0,47.0,10.0,40.0,59.0,,36.0,58.0,22.0,35.0,,28.0,,,51.0,47.0,34.0,25.0,,,23.0,,,23.0,26.0,,36.0,,,52.0,24.0,22.0,,23.0,39.0,24.0,36.0,50.0,,38.0,40.0,12.0,52.0,,,39.0,23.0,34.0,12.0,58.0,,,29.0,46.0,34.0,43.0,52.0,10.0,57.0,36.0,28.0,49.0,0.0,34.0,32.0,13.0,,,,49.0,,35.0,25.0,61.0,36.0,23.0,,29.0,0.0,29.0,41.0,14.0,22.0,,11.0,13.0,17.0,45.0,48.0,38.0,37.0,12.0,29.0,,15.0,,31.0,,30.0,,29.0,,37.0,14.0,9.0,20.0,29.0,43.0,28.0,30.0,27.0,60.0,30.0,16.0,21.0,22.0,,23.0,,,8.0,10.0,39.0,0.0,33.0,57.0,,,,,50.0,47.0,9.0,61.0,37.0,,,30.0,52.0,50.0,9.0,51.0,42.0,18.0,47.0,35.0,,33.0,38.0,13.0,34.0,31.0,48.0,18.0,8.0,,,54.0,33.0,26.0,44.0,,29.0,11.0,,38.0,17.0,30.0,36.0,39.0,,31.0,36.0,,57.0,40.0,35.0,27.0,41.0,30.0,45.0,0.0,34.0,59.0,15.0,10.0,16.0,51.0,15.0,40.0,31.0,55.0,37.0,38.0,29.0,,17.0,22.0,47.0,,48.0,18.0,,37.0,47.0,54.0,58.0,56.0,14.0,40.0,41.0,42.0,41.0,44.0,48.0,33.0,34.0,38.0,10.0,25.0,58.0,26.0,,57.0,25.0,,,51.0,32.0,50.0,,,,7.0,26.0,29.0,54.0,15.0,21.0,18.0,,26.0,12.0,,,21.0,52.0,25.0,,12.0,40.0,32.0,,15.0,32.0,5.0,24.0,22.0,13.0,9.0,47.0,,25.0,42.0,54.0,26.0,27.0,15.0,,21.0,23.0,,48.0,30.0,,47.0,19.0,17.0,30.0,48.0,36.0,11.0,22.0,,22.0,,46.0,,,,,27.0,17.0,23.0,,18.0,47.0,40.0,,28.0,34.0,18.0,,,56.0,16.0,,25.0,27.0,,43.0,,53.0,,,45.0,,,,42.0,,,20.0,35.0,46.0,24.0,33.0,33.0,34.0,,57.0,39.0,55.0,26.0,,,,61.0,26.0,39.0,15.0,,,23.0,26.0,19.0,,48.0,57.0,38.0,23.0,28.0,,55.0,25.0,29.0,23.0,53.0,16.0,,41.0,41.0,56.0,24.0,36.0,,,46.0,,,31.0,16.0,27.0,36.0,54.0,52.0,47.0,52.0,,31.0,26.0,47.0,35.0,3.0,50.0,,14.0,58.0,16.0,9.0,,32.0,47.0,34.0,41.0,13.0,31.0,22.0,,14.0,12.0,14.0,24.0,19.0,24.0,29.0,42.0,,25.0,40.0,54.0,,47.0,,,41.0,25.0,41.0,,,47.0,45.0,44.0,25.0,19.0,,42.0,32.0,41.0,17.0,60.0,,,42.0,26.0,46.0,24.0,,35.0,47.0,24.0,,61.0,20.0,36.0,12.0,13.0,39.0,28.0,50.0,36.0,26.0,26.0,25.0,17.0,61.0,,16.0,,,0.0,41.0,,30.0,28.0,,,37.0,27.0,39.0,,,,33.0,,35.0,28.0,32.0,43.0,36.0,56.0,28.0,33.0,12.0,29.0,32.0,58.0,43.0,25.0,28.0,48.0,21.0,2.0,11.0,4.0,11.0,,33.0,11.0,32.0,,46.0,53.0,50.0,52.0,21.0,29.0,,25.0,55.0,,49.0,57.0,0.0,12.0,28.0,7.0,18.0,9.0,33.0,,20.0,28.0,59.0,36.0,34.0,14.0,,,13.0,33.0,12.0,,34.0,30.0,,,39.0,9.0,33.0,28.0,32.0,,16.0,25.0,47.0,25.0,36.0,,,,37.0,27.0,0.0,32.0,,,,27.0,,46.0,,,22.0,55.0,53.0,,27.0,,32.0,24.0,29.0,49.0,27.0,,30.0,42.0,8.0,,33.0,49.0,51.0,24.0,,,51.0,23.0,49.0,28.0,18.0,32.0,50.0,,10.0,,36.0,,23.0,,10.0,,,20.0,14.0,29.0,,13.0,,,31.0,59.0,32.0,46.0,51.0,10.0,32.0,57.0,22.0,0.0,,,33.0,35.0,26.0,36.0,,23.0,28.0,12.0,27.0,,35.0,48.0,18.0,18.0,,15.0,51.0,25.0,,,,,49.0,38.0,27.0,,,29.0,46.0,,10.0,,24.0,51.0,20.0,,31.0,36.0,47.0,27.0,5.0,55.0,17.0,15.0,8.0,46.0,25.0,43.0,52.0,,35.0,,41.0,20.0,26.0,22.0,,31.0,28.0,,61.0,25.0,46.0,22.0,,30.0,,33.0,16.0,38.0,27.0,48.0,18.0,21.0,,37.0,35.0,,9.0,,57.0,17.0,30.0,19.0,39.0,13.0,59.0,,,32.0,,0.0,26.0,,40.0,11,3,2.459016393442623,18.003138373751785,-0.33872544975084806
3,4,2,7,4,7,6,6,5,3,6,11,5,9,5,10,14,9,6,25,8,2,9,9,6,8,6,11,7,8,11,5,9,10,10,11,11,6,1,11,11,8.0,6,17,17,6,18,14,4,41,13,8,12,16,32,5,9,19,9,11,7,13,18,15,35.0,13,5,9,15,9,22,13,18,10,8,7,13,7,1,15,23,11,19,12,17,29,5,12,23,3,4,6,16,17,7,21,19,17,12,21,12,14,14,8,12,18,11,20,16,11,22,8.0,15,18,52.0,16,12,17,11,6,5,12,5,14,16,11,15,22.0,15,11,29,12,31.0,10,17,17.0,16,29,12,9,25,18,17,19,22.0,,10,17.0,18,18,9,18,22.0,17,17,21,16,,12,15,36,13,12,34,18,6.0,17,14,10,20,12,9.0,10,24,16,15,24,18.0,12,9.0,20,13,16,30,16,4.0,37.0,25,24,17.0,35.0,13,18,15,17,25,8,10,20.0,28,14,17.0,17,15,31,10,,9,5,14,15,51.0,13,12,33,0,12,15,17,19.0,32.0,11,24,9,20.0,15,0,12,,15,7.0,17.0,12,13,15.0,14,20,14,22.0,,16,9,7,21,19,7.0,16,14,0,11,11,19,14.0,39.0,17,12.0,38.0,,27.0,43,30.0,16,21,0,23.0,15.0,23.0,52.0,37.0,15,14.0,20.0,54.0,5,17,17.0,10,18,6,56.0,12.0,25.0,12,,10,16,18.0,17.0,11,24.0,35.0,11,12,8.0,12,31.0,15.0,28.0,28,16,8.0,16,20,17,37,17,9,14,33,20,20,34,18,14.0,19.0,17,16,17,22.0,,7,29,8,10.0,20,,38,13,22,16,12,25.0,13,12.0,23,21,13.0,10,13,22,11.0,17.0,9,29.0,17.0,37.0,17.0,24.0,12,16.0,13,33,19,41.0,16,14.0,28.0,21,11.0,23.0,,19,17.0,17,30,30,26,30,17,21,31.0,13,10.0,20,24,7,,9,8.0,23,16.0,0,,29,29,38.0,32,24.0,10,12.0,7.0,14,19,30.0,11.0,11.0,24.0,54.0,34,47.0,45.0,14,43.0,8,16,29.0,21.0,15,18.0,29,25.0,,26,34,20,40.0,19,41.0,33.0,18,21.0,18,44.0,13,16,7,7.0,28.0,36,16,21,,29.0,6,24,31.0,25,55.0,4.0,40.0,23.0,37.0,8.0,16.0,10.0,46.0,13.0,18,40,17.0,30.0,11.0,23.0,31.0,33.0,,18.0,22,17,8.0,7.0,18,,31.0,26.0,33.0,,22.0,21,28,12.0,23.0,16.0,8.0,15,34.0,20.0,22.0,12,15,23,49.0,29.0,31.0,28.0,16,9,17.0,25.0,14,14.0,16.0,18,14.0,24.0,25.0,14,30.0,22,29.0,36.0,24.0,25,40.0,12,42.0,12,16,15.0,56.0,48.0,33.0,22,25,35,,31,36.0,28,20,31.0,29,22,15.0,18.0,12,32,19.0,25.0,,34.0,15.0,18.0,22,50.0,16,19,28.0,31.0,26.0,,28.0,22.0,17,14,22.0,36.0,13.0,19.0,6.0,21.0,4,52.0,13,19.0,19.0,8.0,10.0,27,18.0,16,,13.0,57.0,10,28.0,,8.0,6,13,33.0,55.0,31.0,17.0,33.0,22.0,21.0,35.0,14.0,10.0,44.0,39.0,26,24,36.0,27.0,27.0,20,5,11,19,9.0,52.0,16,21,28.0,,9,30.0,35.0,41.0,13,10.0,45.0,53.0,10,18.0,38.0,23.0,23.0,0.0,36.0,21,39.0,23,24.0,17,57,15,43.0,48.0,21.0,31.0,49.0,51.0,7.0,,17.0,30.0,11.0,15,42.0,,27,27.0,40.0,17.0,37.0,18,33.0,36.0,,15,15,38.0,5,48.0,16.0,37.0,,15,11.0,17,10,45.0,21,,10,30.0,10.0,29.0,27,25,45.0,13.0,19,9.0,16,20.0,22,23.0,18.0,23.0,54.0,47.0,39.0,0,42.0,,,10.0,18.0,30.0,21.0,18,23,37.0,41,12,15,32.0,14.0,41.0,1.0,26.0,33.0,41,2.0,20.0,37.0,17,54.0,,35.0,29.0,26.0,28,29.0,29.0,19.0,52.0,32.0,16.0,28.0,30,42.0,34.0,31.0,39.0,,,42.0,23,29.0,,34.0,26.0,17,4,43.0,,17,20.0,45.0,31.0,6,35.0,,18.0,47.0,17,29.0,45.0,30.0,17.0,47.0,23.0,19.0,53.0,10.0,17,31,10.0,29.0,44.0,45.0,35.0,14.0,33.0,,0.0,46.0,29,16,13.0,19,54.0,22.0,49.0,14.0,30,12,23.0,44.0,23.0,22.0,14.0,22.0,57.0,40.0,23.0,5,13.0,44.0,21.0,39.0,23.0,38.0,18,37.0,20.0,33.0,10,16.0,14.0,,,14.0,23.0,16,,38,36.0,39.0,42.0,30.0,19.0,32.0,32.0,56.0,25.0,49.0,,19.0,35.0,39.0,,22.0,,58.0,11.0,23.0,36.0,10,42.0,18.0,34,49.0,50.0,10,24.0,16.0,17.0,28,14,22,35.0,17.0,48.0,52.0,16.0,16.0,17.0,,38.0,14,16.0,16,16.0,19,6,45.0,10,17.0,10.0,20.0,12.0,56,28.0,20.0,47.0,22.0,0.0,15.0,36,40.0,18,13.0,21.0,50.0,10,33.0,15,28,39.0,21.0,21.0,21,36.0,51.0,27,30.0,36.0,22.0,19.0,44.0,21.0,52.0,16.0,38,30.0,34.0,16.0,26.0,41.0,27.0,27.0,44.0,24,35.0,25,24.0,22.0,18.0,,9,23,30.0,23.0,30.0,11.0,39.0,2.0,24.0,41.0,47.0,27,14.0,32.0,27,20,52.0,15.0,9,13.0,46.0,18,46.0,31,26,36,15.0,31.0,18.0,16.0,28.0,13.0,17.0,,57.0,,27.0,31.0,22.0,32.0,41.0,11.0,50.0,11.0,34.0,23.0,32.0,48.0,21.0,44.0,15.0,16.0,16.0,25.0,25.0,9.0,,29.0,22.0,,26.0,,18.0,16.0,34.0,19.0,54.0,55.0,28.0,37.0,39.0,,18.0,25.0,16,16.0,22.0,33.0,32,19.0,6.0,20.0,14.0,34.0,18.0,44.0,24.0,,22.0,36.0,25.0,15.0,,,30.0,30.0,32.0,29.0,9.0,32.0,16.0,,15.0,48.0,37.0,,29.0,12,,35.0,8.0,31,26.0,,43.0,26.0,44.0,24.0,30.0,34.0,,18,27.0,26.0,21.0,37.0,33.0,51.0,16,27,47.0,42.0,15.0,7.0,,6.0,25,21,,,39.0,,19.0,23.0,17.0,47.0,21.0,24.0,17.0,24.0,28.0,21.0,9.0,47.0,20,29.0,20.0,37.0,,13.0,13,,25,,17,9.0,,25.0,29.0,31.0,33.0,30.0,39.0,57.0,25.0,48.0,26.0,44,46.0,8.0,30.0,15.0,48.0,22,46.0,21.0,51.0,40.0,29.0,12.0,24.0,49.0,35.0,28,12,13.0,0.0,,39.0,21.0,4.0,19.0,30.0,14,32.0,,45.0,38.0,44.0,29.0,28.0,28.0,30,32.0,10.0,49.0,9,37,28.0,39.0,,29.0,,,46.0,35.0,0.0,19.0,18.0,18.0,36.0,16.0,45.0,17,21.0,24.0,32.0,24.0,34.0,14,30.0,57.0,6,23.0,50.0,40.0,31.0,,44.0,35.0,,18.0,11.0,23.0,24,43.0,40.0,10.0,51.0,24,20.0,45.0,24.0,3.0,11.0,25.0,25.0,18.0,10.0,40.0,24.0,29.0,9.0,33,46,26.0,5.0,22.0,35.0,22.0,24,35,11.0,56.0,15.0,,,29.0,35.0,27.0,18.0,23.0,0.0,42.0,13.0,4.0,31.0,27,19,16.0,,37.0,23.0,21.0,21,40.0,6.0,45.0,15.0,,32.0,18.0,35.0,29.0,,38.0,34.0,32.0,,0.0,7,31.0,25.0,18,29.0,12.0,11.0,23.0,38.0,51.0,17.0,30.0,22.0,31.0,27.0,28.0,22.0,43.0,22.0,43.0,20.0,17.0,24.0,,12.0,,54.0,20.0,52.0,34.0,22.0,32.0,25.0,16.0,33.0,,42.0,27.0,28.0,34.0,26.0,,23.0,20.0,49.0,26.0,36.0,34.0,,40.0,23.0,8.0,23.0,15.0,22.0,50.0,38.0,23.0,36.0,,28.0,25.0,,21.0,,17,18.0,17.0,,,,17.0,25.0,18.0,19.0,11.0,40.0,33.0,,8.0,23.0,29.0,26.0,47.0,24.0,6.0,31.0,30.0,27.0,19.0,24.0,28.0,31.0,14.0,35.0,43.0,37.0,37.0,34.0,16.0,0.0,29.0,,34.0,9.0,,16.0,,36.0,32.0,20.0,,10,47.0,22.0,18.0,35.0,22.0,0.0,19.0,20.0,17.0,22,20.0,47.0,,31.0,38.0,32.0,20.0,16.0,21.0,21.0,58.0,43.0,26.0,51.0,18.0,26.0,16,17.0,8.0,26.0,,9.0,10.0,30.0,14.0,37.0,14.0,23.0,,5.0,29.0,,24.0,30.0,,49.0,6.0,43.0,33.0,14.0,55.0,21,9,31.0,20.0,38.0,39.0,,30.0,18.0,19.0,38.0,29.0,38.0,21.0,25.0,,30.0,,29.0,16.0,17.0,,22.0,56.0,,16.0,0.0,19.0,34.0,16.0,50.0,17.0,49.0,37.0,50.0,33.0,12.0,,16.0,13.0,,8.0,12.0,20.0,17.0,13.0,17.0,23.0,,43.0,11,41.0,44.0,29.0,19.0,15,0.0,,,54.0,26.0,,33.0,32.0,13,,25.0,47.0,,,25.0,,35,23.0,,58.0,11.0,22,31.0,26.0,,32.0,12.0,11.0,23.0,16.0,,13.0,14.0,,19.0,,32.0,32.0,,,50.0,,19.0,45.0,47.0,26.0,20,34.0,32.0,19.0,38.0,16.0,34.0,,34.0,16.0,34.0,15.0,34.0,38.0,13,11.0,46.0,31.0,,54.0,55.0,,,,56.0,36.0,30.0,,42.0,31.0,27.0,27.0,18.0,,,39.0,25.0,47.0,,14.0,38.0,31.0,,15.0,16.0,24.0,47.0,24.0,57.0,31.0,,54.0,43.0,33.0,18.0,16.0,39.0,30.0,28.0,39.0,48.0,31.0,,21.0,27.0,26.0,28.0,8.0,50.0,,49.0,24.0,26.0,30.0,41.0,39.0,16.0,,37.0,47.0,25.0,16.0,10.0,21.0,31,23.0,19.0,23.0,39.0,41.0,34.0,25.0,50.0,36.0,,41.0,18.0,29.0,,50.0,12.0,13.0,15.0,34.0,38.0,57.0,57.0,40.0,34.0,33.0,42.0,18.0,43.0,,,,37.0,48.0,39.0,13.0,30.0,33.0,,12.0,45.0,16.0,19.0,,26.0,6.0,55.0,15.0,,37.0,33.0,31.0,35.0,24.0,54.0,,40.0,57.0,51.0,19.0,43.0,32.0,,18.0,,,,21.0,13.0,30.0,24.0,28.0,,10.0,24.0,,31.0,,,24.0,38.0,7.0,49.0,15.0,18.0,29.0,34.0,38.0,43.0,14.0,56.0,27.0,22.0,51.0,,40.0,31.0,,15.0,57.0,37.0,,30.0,38.0,55.0,26.0,29.0,,19.0,10.0,42.0,12.0,34.0,37.0,13.0,52.0,24.0,7.0,28.0,28.0,23.0,17.0,37.0,23.0,39.0,35.0,40.0,,,39,34.0,39.0,28.0,36.0,28.0,21.0,40.0,51.0,24.0,29.0,41,11.0,28.0,10.0,32.0,20.0,42.0,26.0,,20,30.0,39.0,35.0,17.0,57.0,22.0,31.0,,15.0,13.0,19.0,22.0,16.0,22.0,53.0,38.0,22.0,47.0,43.0,,42.0,28.0,0.0,29.0,,,,45.0,20.0,25.0,31.0,46.0,,,26.0,26.0,34.0,13.0,21.0,,26.0,,58.0,48.0,46.0,45.0,30.0,45.0,12.0,28.0,16.0,55.0,25.0,36.0,,11.0,32.0,27.0,23.0,,33.0,27.0,,,,31.0,28.0,12.0,,22.0,31.0,30.0,47.0,27.0,15.0,37.0,31.0,22.0,26.0,,,23.0,,46.0,16.0,33.0,42.0,,46.0,34.0,10.0,26.0,20.0,23.0,53.0,6.0,21.0,56.0,34.0,18.0,46.0,34.0,,,18.0,12.0,,,58,12.0,41.0,,26.0,26.0,24.0,56.0,38.0,44.0,47.0,20.0,39.0,21.0,50.0,,22.0,32.0,29.0,8.0,31.0,48.0,12.0,19.0,22.0,40.0,38.0,,,28.0,23.0,41.0,48.0,51.0,29.0,51.0,,45.0,27.0,31.0,,56.0,14.0,18.0,44.0,31.0,14.0,23.0,34.0,50.0,35.0,20.0,44.0,17.0,51.0,23.0,13.0,20.0,35.0,27.0,,17.0,47.0,22.0,,33.0,41.0,37.0,32.0,23.0,30.0,34.0,,30.0,27.0,10.0,50.0,17.0,36.0,32.0,14,40.0,31.0,34,23.0,48.0,14.0,24.0,43.0,19.0,49.0,44.0,20.0,45.0,42.0,21.0,31.0,,21.0,31.0,20.0,17.0,,33.0,20.0,44.0,33.0,,36.0,47.0,17.0,24.0,28.0,45.0,35.0,30.0,20.0,33.0,,,34.0,9.0,28.0,14.0,38.0,10.0,16.0,44.0,55.0,25.0,57.0,48.0,25.0,18.0,37.0,13.0,,,55.0,30.0,,41.0,23.0,31.0,22.0,44.0,33.0,48.0,31.0,,38.0,20.0,21.0,24.0,25.0,,37.0,,18.0,43.0,,49.0,,55.0,21.0,44.0,23.0,48.0,,4.0,22.0,32.0,48.0,24.0,26.0,25.0,,55.0,,24.0,30.0,14.0,37.0,11.0,27.0,,,32.0,17.0,14.0,,15.0,51.0,49.0,44.0,52.0,23.0,12.0,35.0,14.0,22.0,49.0,49.0,,33.0,49.0,24.0,,,21.0,15.0,37.0,32.0,58.0,46.0,21.0,,,46.0,31.0,23.0,19.0,49.0,42.0,,36.0,10.0,26.0,11.0,40.0,12.0,28.0,25.0,,38.0,45.0,,58.0,42.0,9.0,,30.0,39.0,,48.0,27.0,,,38.0,30.0,,12.0,,37.0,,28.0,27.0,27.0,,27.0,22.0,33.0,28.0,11.0,,,45.0,17.0,,38.0,39.0,27.0,37.0,11.0,,,22.0,56.0,,46.0,53.0,,,11.0,30.0,,19.0,14.0,22.0,52.0,,34.0,,,18.0,36.0,11.0,24.0,,45.0,,49.0,,36.0,,,34.0,32.0,36.0,47.0,20.0,27.0,,23.0,32.0,15.0,45.0,12.0,8.0,34.0,36.0,20.0,37.0,38.0,47.0,42.0,,,,,13.0,43.0,58.0,20.0,15.0,25.0,29.0,15.0,9.0,29.0,19.0,,46.0,,23.0,,17.0,30.0,32.0,45.0,37.0,0.0,45.0,43.0,52.0,,,20.0,49.0,18.0,51.0,,51.0,,11.0,49.0,36.0,38.0,46.0,,46.0,,26.0,17.0,,35.0,18.0,55.0,45.0,34.0,52.0,19.0,38.0,12.0,28.0,11.0,45.0,44.0,43.0,14.0,21.0,42.0,39.0,48.0,27.0,,24.0,35.0,45.0,33.0,57.0,,52.0,24.0,,,20.0,43.0,21.0,20.0,53.0,23.0,11.0,35.0,,31.0,44.0,41.0,26.0,,8.0,,,,,43.0,39.0,19.0,,11.0,10.0,,29.0,,35.0,24.0,38.0,53.0,,52.0,32.0,35.0,,,20.0,4.0,56.0,11.0,15.0,29.0,53.0,,42.0,57.0,,33.0,,,55.0,,33.0,23.0,21.0,16.0,,,51.0,,,10.0,52.0,28.0,,,19.0,,,47.0,31.0,,26.0,29.0,50.0,,44.0,43.0,19.0,11.0,,,38.0,28.0,,,52.0,46.0,26.0,,46.0,22.0,11.0,51.0,26.0,34.0,,58.0,7.0,,21.0,32.0,23.0,22.0,17.0,,57.0,17.0,14.0,40.0,,,46.0,50.0,,0.0,,14.0,19.0,51.0,58.0,58.0,23.0,,12.0,48.0,,18.0,45.0,34.0,53.0,7.0,39.0,32.0,9.0,34.0,33.0,,,20.0,30.0,34.0,17.0,,,33.0,36.0,8.0,48.0,32.0,,26.0,47.0,27.0,0.0,54.0,24.0,24.0,,55.0,28.0,,,18.0,39.0,30.0,42.0,36.0,24.0,28.0,0.0,14.0,34.0,29.0,54.0,32.0,30.0,,14.0,54.0,27.0,0.0,53.0,55.0,,51.0,,58.0,20.0,42.0,13.0,48.0,,52.0,,18.0,15.0,,,,16.0,14.0,23.0,46.0,19.0,25.0,7.0,30.0,,46.0,,23.0,2.0,41.0,27.0,51.0,47.0,19.0,50.0,33.0,27.0,44.0,40.0,27.0,53.0,33.0,50.0,22.0,15.0,13.0,33.0,,19.0,27.0,,12.0,,,,37.0,32.0,52.0,39.0,24.0,23.0,53.0,31.0,,18.0,,,12.0,29.0,56.0,44.0,,41.0,,51.0,58.0,44.0,38.0,48.0,58.0,,21.0,,16.0,42.0,,,35.0,,35.0,,7.0,37.0,52.0,,55.0,50.0,36.0,21.0,0.0,53.0,13.0,40.0,38.0,35.0,21.0,47.0,51.0,27.0,41.0,,9.0,13.0,,41.0,10.0,21.0,42.0,28.0,33.0,18.0,30.0,20.0,57.0,8.0,30.0,13.0,38.0,47.0,,56.0,,18.0,26.0,0.0,,56.0,57.0,,30.0,17.0,,8.0,,12.0,24.0,30.0,8.0,43.0,16.0,45.0,39.0,28.0,10.0,25.0,,,,50.0,31.0,16.0,37.0,,29.0,14.0,26.0,20.0,38.0,29.0,22.0,48.0,15.0,10.0,,25.0,10.0,,18.0,49.0,15.0,50.0,55.0,34.0,20.0,,18.0,13.0,32.0,46.0,,23.0,24.0,40.0,18.0,40.0,27.0,35.0,,28.0,42.0,,15.0,26.0,15.0,40.0,35.0,36.0,26.0,,15.0,,18.0,19.0,,,,22.0,47.0,5.0,35.0,19.0,12.0,30.0,31.0,41.0,0.0,15.0,17.0,41.0,,31.0,21.0,,26.0,46.0,49.0,,36.0,8.0,12.0,30.0,47.0,48.0,37.0,25.0,34.0,5.0,43.0,8.0,33.0,12.0,57.0,48.0,,21.0,52.0,18.0,40.0,37.0,28.0,28.0,27.0,35.0,,39.0,36.0,31.0,,26.0,23.0,,40.0,31.0,18.0,,,36.0,,40.0,25.0,37.0,21.0,30.0,58.0,,49.0,25.0,47.0,21.0,26.0,,17.0,34.0,31.0,31.0,43.0,30.0,58.0,31.0,27.0,26.0,54.0,29.0,39.0,17.0,33.0,23.0,,26.0,,,26.0,22.0,21.0,,48.0,,19.0,43.0,,35.0,28.0,57.0,7.0,42.0,,32.0,7.0,0.0,23.0,14.0,37.0,56.0,,54.0,14.0,40.0,56.0,,54.0,43.0,12.0,15.0,36.0,34.0,36.0,54.0,,22.0,43.0,14.0,24.0,42.0,15.0,40.0,22.0,23.0,3.0,23.0,34.0,44.0,,41.0,,1.0,,42.0,,41.0,52.0,38.0,,10.0,8.0,,38.0,39.0,15.0,,22.0,18.0,,21.0,,19.0,48.0,20.0,47.0,28.0,32.0,,48.0,22.0,,11.0,17.0,32.0,27.0,46.0,31.0,54.0,38.0,42.0,,42.0,24.0,34.0,,,,,42.0,36.0,34.0,14.0,,32.0,13.0,30.0,,48.0,36.0,,45.0,36.0,55.0,39.0,,28.0,49.0,42.0,,44.0,36.0,,26.0,,45.0,,34.0,32.0,,,31.0,44.0,23.0,17.0,30.0,30.0,58.0,51.0,36.0,18.0,7.0,0.0,,19.0,,,,7.0,27.0,42.0,13.0,,,,,55.0,,13.0,,20.0,31.0,56.0,20.0,,13.0,23.0,36.0,,58.0,16.0,35.0,21.0,29.0,52.0,,35.0,,52.0,,17.0,31.0,,27.0,,33.0,41.0,10.0,34.0,24.0,,21.0,48.0,21.0,,,29.0,,24.0,,45.0,52.0,43.0,29.0,,,36.0,55.0,10.0,,,,,33.0,44.0,34.0,,,9.0,25.0,,0.0,44.0,,,23.0,14.0,15.0,48.0,45.0,32.0,38.0,,7.0,51.0,23.0,20.0,40.0,20.0,28.0,41.0,4.0,39.0,49.0,7.0,15.0,47.0,26.0,48.0,15.0,0.0,,,26.0,57.0,38.0,58.0,,49.0,31.0,,48.0,7.0,12,3,2.39622641509434,18.536585365853657,-0.3202143121176034
7,11,6,12,9,12,12,13,16,12,12,13,14,11,12,12,18,6,10,28,11,8,4,16,12,14,13,18,11,13,19,13,7,8,15,13,20,19,16,16,17,15.0,18,18,13,24,24,22,14,29,17,10,10,18,22,27,0,21,8,17,17,13,21,17,24.0,17,25,12,21,13,18,11,15,10,15,17,17,24,15,6,16,12,11,18,14,18,12,16,19,26,17,15,29,15,20,19,28,19,18,17,19,20,20,18,18,13,19,28,16,18,16,36.0,18,8,29.0,17,12,27,19,27,18,25,18,18,18,15,16,59.0,15,17,16,17,59.0,14,20,23.0,10,13,34,10,21,14,37,8,11.0,30.0,21,33.0,19,25,16,11,22.0,19,23,17,24,33.0,26,17,16,20,17,37,21,24.0,26,16,10,13,19,24.0,13,28,15,30,0,14.0,20,41.0,18,7,14,17,28,46.0,37.0,20,10,21.0,33.0,21,33,25,34,0,14,13,14.0,31,29,32.0,14,17,0,14,25.0,18,16,31,16,44.0,18,18,29,12,19,21,19,19.0,10.0,23,20,14,25.0,17,27,29,54.0,14,29.0,30.0,22,15,16.0,19,19,17,52.0,56.0,22,18,17,19,34,16.0,17,15,18,19,25,20,28.0,29.0,19,18.0,39.0,7.0,51.0,22,54.0,22,22,18,27.0,26.0,16.0,51.0,22.0,13,21.0,26.0,33.0,13,23,50.0,17,22,25,21.0,19.0,41.0,29,59.0,19,22,48.0,39.0,23,55.0,33.0,12,59,21.0,15,20.0,37.0,28.0,23,13,19.0,27,20,19,21,25,18,23,20,12,14,34,16,27.0,22.0,27,20,20,18.0,33.0,14,31,6,,26,36.0,32,17,25,9,20,55.0,19,20.0,33,23,36.0,20,19,20,,51.0,12,32.0,,19.0,18.0,16.0,24,18.0,34,36,17,25.0,34,14.0,23.0,25,16.0,26.0,37.0,32,26.0,28,21,34,22,19,25,18,20.0,15,49.0,17,21,35,27.0,23,19.0,26,29.0,21,53.0,25,21,27.0,35,20.0,22,34.0,43.0,23,48,,29.0,15.0,27.0,26.0,21,16.0,11.0,58,0.0,24,33,43.0,29.0,20,16.0,20,29.0,14.0,22,26,29,27.0,28,22.0,,29,20.0,10,51.0,24,27,0,28.0,56.0,34,20,24,18.0,28.0,13,23,0.0,25,18.0,19.0,19.0,38.0,,56.0,24.0,12.0,57.0,15.0,19,28,24.0,23.0,28.0,14.0,28.0,35.0,51.0,30.0,17,24,43.0,0.0,18,43.0,9.0,19.0,29.0,18.0,25.0,15,31,22.0,48.0,14.0,39.0,57,18.0,27.0,34.0,47,33,19,29.0,21.0,45.0,34.0,15,34,17.0,29.0,22,33.0,22.0,24,0.0,31.0,15.0,32,18.0,13,56.0,18.0,21.0,29,39.0,33,29.0,16,20,18.0,16.0,14.0,24.0,27,21,33,26.0,33,29.0,16,26,23.0,16,33,20.0,28.0,16,26,25.0,18.0,13.0,22.0,4.0,56.0,22,27.0,16,8,21.0,9.0,52.0,46.0,30.0,6.0,18,23,31.0,30.0,21.0,27.0,14.0,33.0,24,11.0,18,13.0,12.0,31.0,18.0,18,17.0,13,42.0,44.0,35.0,35,32.0,32.0,,21,28,29.0,34.0,23.0,,35.0,20.0,19.0,19.0,41.0,17.0,45.0,,22,23,57.0,37.0,51.0,14,23,23,35,18.0,26.0,24,24,56.0,48.0,22,20.0,35.0,28.0,14,,34.0,19.0,33,42.0,,21.0,38.0,26.0,23.0,23,33.0,25,16.0,20,56,17,10.0,21.0,31.0,14.0,24.0,29.0,23.0,38.0,,31.0,16.0,21,43.0,11.0,22,,48.0,29.0,45.0,27,21.0,15.0,36.0,22,18,,23,26.0,27.0,21.0,32.0,23,29.0,34,15,34.0,18,22.0,13,23.0,36.0,28.0,19,34,40.0,22.0,30,28.0,38,27.0,24,38.0,15.0,26.0,48.0,46.0,19.0,27,20.0,58.0,57.0,59.0,53.0,,22.0,17,24,19.0,26,26,18,41.0,36.0,29.0,24.0,25.0,45.0,36,16.0,31.0,36.0,12,55.0,42.0,22.0,,16.0,22,,26.0,11.0,30.0,29.0,29.0,20.0,34,,27.0,3.0,20.0,54.0,26.0,41.0,50,49.0,40.0,20.0,42.0,32,18,23.0,17.0,21,24.0,32.0,28.0,12,10.0,15.0,21.0,20.0,25,,,24.0,54.0,29.0,22.0,34.0,,38.0,22,20,26.0,0.0,,18.0,,26.0,19.0,25.0,54.0,29.0,26,22,21.0,32,,,34.0,23.0,24,18,38.0,41.0,20.0,23.0,64.0,41.0,39.0,28.0,,23,33.0,13.0,19.0,25.0,32.0,35.0,24,13.0,28.0,17.0,16,19.0,23.0,,27.0,31.0,12.0,18,13.0,24,35.0,39.0,,31.0,53.0,33.0,29.0,35.0,35.0,27.0,38.0,,37.0,33.0,19.0,44.0,0.0,34.0,25.0,18.0,35.0,23,27.0,35.0,19,19.0,33.0,13,19.0,,54.0,32,17,26,14.0,0.0,19.0,28.0,30.0,33.0,28.0,31.0,52.0,42,25.0,18,30.0,26,28,36.0,29,24.0,25.0,33.0,16.0,55,32.0,21.0,15.0,30.0,,,17,22.0,14,,33.0,54.0,16,57.0,17,19,21.0,17.0,55.0,20,40.0,23.0,17,22.0,,53.0,18.0,,19.0,42.0,35.0,13,0.0,37.0,35.0,42.0,26.0,60.0,40.0,21.0,23,25.0,39,35.0,38.0,39.0,43.0,30,13,24.0,35.0,37.0,55.0,29.0,35.0,30.0,24.0,,24,26.0,20.0,36,24,37.0,33.0,16,50.0,26.0,14,32.0,11,31,32,34.0,63.0,57.0,17.0,27.0,30.0,20.0,59.0,,30.0,40.0,28.0,34.0,37.0,,18.0,25.0,48.0,28.0,17.0,31.0,23.0,36.0,34.0,32.0,24.0,21.0,62.0,21.0,9.0,18.0,29.0,38.0,34.0,62.0,53.0,17.0,22.0,46.0,22.0,29.0,61.0,23.0,0.0,49.0,,37.0,51.0,24,30.0,34.0,21.0,19,29.0,18.0,56.0,25.0,35.0,,42.0,22.0,62.0,23.0,40.0,23.0,19.0,20.0,26.0,37.0,26.0,18.0,20.0,38.0,64.0,17.0,,20.0,28.0,43.0,20.0,44.0,15,34.0,20.0,9.0,50,20.0,26.0,35.0,20.0,24.0,33.0,30.0,41.0,25.0,33,26.0,,34.0,58.0,25.0,29.0,23,23,57.0,34.0,30.0,21.0,14.0,22.0,30,31,36.0,,50.0,16.0,40.0,42.0,60.0,48.0,56.0,,31.0,25.0,21.0,34.0,38.0,23.0,26,30.0,33.0,,30.0,12.0,20,56.0,33,,33,20.0,16.0,56.0,35.0,29.0,43.0,26.0,34.0,36.0,24.0,43.0,36.0,23,32.0,,36.0,34.0,33.0,27,64.0,42.0,30.0,,26.0,32.0,54.0,37.0,18.0,28,29,63.0,,56.0,31.0,23.0,25.0,60.0,22.0,22,44.0,,33.0,,52.0,30.0,,25.0,32,19.0,4.0,20.0,35,49,35.0,29.0,23.0,24.0,,56.0,28.0,22.0,29.0,25.0,23.0,0.0,14.0,28.0,35.0,25,19.0,,,32.0,37.0,22,48.0,54.0,25,,35.0,,27.0,61.0,55.0,36.0,19.0,33.0,20.0,22.0,35,14.0,39.0,23.0,37.0,18,,53.0,36.0,14.0,30.0,25.0,28.0,17.0,26.0,41.0,38.0,29.0,22.0,25,21,53.0,19.0,26.0,19.0,49.0,49,26,40.0,20.0,54.0,,16.0,24.0,60.0,24.0,28.0,26.0,,32.0,33.0,39.0,40.0,31,27,1.0,22.0,23.0,10.0,,20,64.0,36.0,,34.0,17.0,37.0,33.0,,22.0,,,,44.0,16.0,39.0,31,38.0,39.0,24,53.0,60.0,43.0,23.0,25.0,27.0,22.0,29.0,,,30.0,26.0,,32.0,64.0,44.0,38.0,13.0,26.0,37.0,29.0,26.0,35.0,35.0,20.0,,23.0,,22.0,63.0,20.0,,22.0,22.0,30.0,26.0,38.0,36.0,,27.0,19.0,51.0,,43.0,37.0,23.0,53.0,36.0,52.0,44.0,22.0,56.0,25.0,19.0,54.0,,50.0,41.0,53.0,5.0,46.0,16,41.0,28.0,44.0,,49.0,59.0,23.0,19.0,14.0,28.0,37.0,41.0,54.0,14.0,43.0,15.0,49.0,10.0,52.0,17.0,55.0,61.0,35.0,32.0,12.0,,50.0,20.0,33.0,50.0,38.0,39.0,49.0,51.0,28.0,23.0,49.0,64.0,14.0,24.0,20.0,55.0,42.0,44.0,14.0,33.0,30,35.0,33.0,28.0,49.0,47.0,31.0,16.0,9.0,,33,30.0,,35.0,31.0,27.0,3.0,36.0,52.0,23.0,34.0,32.0,40.0,16.0,18.0,,40.0,21,36.0,27.0,25.0,,27.0,44.0,40.0,16.0,15.0,21.0,26.0,24.0,17.0,14.0,,,54.0,33.0,,55.0,64.0,,18.0,39.0,19,20,29.0,54.0,34.0,21.0,34.0,31.0,35.0,11.0,,29.0,,19.0,,,31.0,,33.0,15.0,31.0,42.0,18.0,25.0,40.0,35.0,37.0,39.0,46.0,18.0,16.0,49.0,,27.0,22.0,13.0,48.0,41.0,37.0,33.0,,16.0,38.0,39.0,32.0,43.0,61.0,53.0,38.0,19.0,19,53.0,26.0,27.0,43.0,24,,48.0,,13.0,26.0,,,21.0,29,38.0,38.0,43.0,,17.0,56.0,38.0,29,46.0,35.0,51.0,41.0,34,45.0,17.0,,28.0,53.0,19.0,,24.0,20.0,14.0,8.0,60.0,23.0,24.0,,15.0,12.0,28.0,50.0,55.0,25.0,48.0,19.0,46.0,17,0.0,49.0,33.0,,40.0,61.0,44.0,16.0,36.0,26.0,57.0,45.0,62.0,32,40.0,21.0,33.0,46.0,25.0,48.0,31.0,35.0,27.0,,32.0,40.0,32.0,,,26.0,56.0,,19.0,45.0,,23.0,,46.0,16.0,12.0,25.0,39.0,63.0,31.0,37.0,,27.0,42.0,59.0,,,17.0,34.0,44.0,49.0,57.0,56.0,,37.0,47.0,37.0,56.0,38.0,30.0,,43.0,62.0,41.0,47.0,30.0,51.0,19.0,31.0,64.0,34.0,12.0,25.0,,21.0,21.0,44.0,,,23,22.0,45.0,11.0,37.0,,59.0,21.0,31.0,34.0,64.0,24.0,47.0,30.0,42.0,27.0,46.0,22.0,,37.0,29.0,33.0,36.0,39.0,,,32.0,0.0,59.0,22.0,50.0,,26.0,25.0,36.0,60.0,,,,23.0,22.0,10.0,27.0,50.0,19.0,,62.0,,,53.0,14.0,0.0,,12.0,38.0,,21.0,38.0,25.0,34.0,13.0,,24.0,27.0,25.0,23.0,,,11.0,39.0,33.0,48.0,32.0,14.0,30.0,33.0,32.0,41.0,34.0,43.0,22.0,42.0,40.0,46.0,,,24.0,29.0,40.0,29.0,57.0,54.0,37.0,31.0,45.0,43.0,,,21.0,,22.0,25.0,52.0,25.0,24.0,50.0,27.0,28.0,50.0,18.0,52.0,20.0,29.0,30.0,44.0,22.0,,47.0,30.0,26.0,60.0,29.0,28.0,4.0,20.0,,22.0,60.0,42.0,28,43.0,,63.0,30.0,29.0,18.0,38.0,,29.0,,26,30.0,52.0,15.0,38.0,23.0,57.0,47.0,,20,,36.0,,24.0,31.0,63.0,37.0,25.0,41.0,32.0,28.0,36.0,0.0,22.0,40.0,26.0,18.0,52.0,44.0,,43.0,30.0,25.0,,25.0,24.0,33.0,53.0,28.0,30.0,15.0,38.0,,24.0,18.0,55.0,22.0,23.0,47.0,24.0,31.0,38.0,18.0,15.0,33.0,32.0,38.0,48.0,0.0,42.0,32.0,20.0,37.0,0.0,23.0,7.0,54.0,30.0,56.0,50.0,36.0,44.0,27.0,51.0,,56.0,17.0,15.0,37.0,,37.0,28.0,,37.0,,17.0,18.0,35.0,32.0,56.0,32.0,34.0,29.0,,25.0,26.0,,36.0,,20.0,21.0,8.0,48.0,,33.0,43.0,,24.0,37.0,,12.0,63.0,,,37.0,15.0,,10.0,21,19.0,42.0,31.0,51.0,23.0,19.0,28.0,50.0,57.0,18.0,,40.0,45.0,34.0,49.0,16.0,23.0,33.0,8.0,27.0,34.0,23.0,19.0,42.0,59.0,35.0,25.0,,34.0,26.0,20.0,28.0,50.0,24.0,45.0,41.0,19.0,28.0,28.0,32.0,12.0,33.0,15.0,46.0,21.0,40.0,53.0,55.0,48.0,55.0,,25.0,27.0,37.0,49.0,12.0,26.0,,48.0,46.0,,20.0,28.0,40.0,34.0,18.0,43.0,,63.0,8.0,32.0,56.0,,36.0,40.0,18.0,53.0,11.0,63.0,26,,18.0,11,47.0,,,23.0,37.0,17.0,,35.0,19.0,21.0,27.0,57.0,30.0,39.0,18.0,,16.0,,39.0,44.0,16.0,16.0,24.0,54.0,56.0,23.0,6.0,36.0,37.0,25.0,55.0,37.0,23.0,58.0,,,32.0,33.0,29.0,13.0,36.0,38.0,15.0,,32.0,21.0,10.0,32.0,21.0,21.0,50.0,,39.0,43.0,38.0,,,38.0,44.0,62.0,21.0,10.0,33.0,35.0,21.0,,41.0,,61.0,18.0,56.0,42.0,54.0,24.0,,41.0,45.0,10.0,54.0,22.0,,31.0,52.0,63.0,29.0,34.0,,39.0,,59.0,,21.0,22.0,25.0,23.0,46.0,32.0,23.0,,16.0,27.0,4.0,,,33.0,30.0,51.0,34.0,22.0,56.0,26.0,27.0,0.0,50.0,58.0,37.0,,,23.0,9.0,22.0,27.0,10.0,43.0,45.0,25.0,28.0,15.0,25.0,18.0,16.0,22.0,21.0,,43.0,,44.0,,50.0,39.0,7.0,39.0,16.0,50.0,62.0,21.0,24.0,57.0,34.0,,,35.0,18.0,53.0,39.0,,47.0,,37.0,,,20.0,28.0,35.0,,61.0,50.0,28.0,,40.0,,,,14.0,14.0,63.0,28.0,41.0,55.0,,,,34.0,,43.0,11.0,42.0,27.0,45.0,43.0,,51.0,48.0,40.0,19.0,57.0,18.0,23.0,51.0,33.0,36.0,33.0,14.0,45.0,55.0,,30.0,31.0,,28.0,60.0,44.0,26.0,54.0,39.0,15.0,40.0,22.0,53.0,23.0,,,18.0,18.0,56.0,39.0,,31.0,20.0,47.0,44.0,,22.0,19.0,36.0,42.0,31.0,13.0,,44.0,37.0,59.0,14.0,50.0,,36.0,30.0,18.0,27.0,64.0,48.0,,36.0,,61.0,,42.0,44.0,7.0,14.0,10.0,22.0,29.0,26.0,35.0,21.0,39.0,60.0,,32.0,48.0,50.0,,,14.0,50.0,20.0,,,19.0,37.0,,,,60.0,,,15.0,23.0,55.0,,42.0,32.0,56.0,59.0,20.0,18.0,,33.0,,41.0,37.0,,28.0,,61.0,51.0,17.0,,28.0,39.0,48.0,26.0,,53.0,35.0,25.0,56.0,32.0,27.0,16.0,37.0,27.0,,15.0,25.0,56.0,38.0,,62.0,40.0,31.0,33.0,48.0,,18.0,19.0,,32.0,,46.0,54.0,,23.0,54.0,29.0,42.0,51.0,64.0,17.0,31.0,42.0,25.0,,,55.0,15.0,,49.0,,,60.0,23.0,6.0,,30.0,,,47.0,25.0,29.0,42.0,45.0,36.0,42.0,17.0,35.0,32.0,18.0,,30.0,21.0,28.0,12.0,,33.0,25.0,55.0,45.0,,35.0,25.0,,39.0,,44.0,53.0,48.0,23.0,19.0,10.0,61.0,,,,,64.0,15.0,35.0,36.0,,25.0,54.0,40.0,49.0,22.0,36.0,,,35.0,37.0,28.0,,20.0,57.0,,,24.0,,38.0,42.0,,,56.0,,58.0,54.0,51.0,32.0,,,41.0,20.0,34.0,,20.0,,,,17.0,63.0,52.0,27.0,63.0,,45.0,,25.0,47.0,,,32.0,,,,21.0,58.0,,,38.0,36.0,46.0,,,35.0,43.0,48.0,48.0,52.0,41.0,19.0,57.0,,13.0,8.0,23.0,,20.0,27.0,,30.0,38.0,48.0,36.0,,63.0,59.0,27.0,34.0,31.0,32.0,,,0.0,15.0,19.0,26.0,24.0,34.0,35.0,36.0,59.0,55.0,60.0,,,,53.0,24.0,59.0,19.0,29.0,57.0,,21.0,20.0,62.0,59.0,21.0,17.0,35.0,25.0,46.0,44.0,36.0,19.0,41.0,,28.0,,49.0,20.0,49.0,34.0,21.0,35.0,49.0,,50.0,,29.0,,21.0,38.0,41.0,45.0,30.0,28.0,33.0,0.0,46.0,35.0,11.0,16.0,13.0,,,20.0,56.0,,37.0,47.0,28.0,40.0,32.0,,62.0,30.0,1.0,55.0,,,27.0,47.0,44.0,53.0,19.0,35.0,23.0,51.0,33.0,29.0,,,50.0,56.0,35.0,,30.0,54.0,38.0,,37.0,53.0,52.0,42.0,,22.0,32.0,,17.0,36.0,,48.0,57.0,58.0,29.0,,,5.0,6.0,,34.0,64.0,,62.0,,27.0,25.0,37.0,56.0,49.0,25.0,,,45.0,54.0,64.0,16.0,53.0,,25.0,39.0,50.0,31.0,38.0,,20.0,17.0,24.0,22.0,,,26.0,27.0,17.0,20.0,41.0,43.0,,29.0,,,,,,22.0,22.0,15.0,14.0,13.0,36.0,,24.0,,,48.0,61.0,54.0,2.0,53.0,40.0,52.0,42.0,28.0,18.0,30.0,18.0,37.0,25.0,23.0,,,45.0,49.0,39.0,48.0,37.0,,,32.0,54.0,37.0,,47.0,36.0,29.0,30.0,,,62.0,46.0,,,31.0,53.0,27.0,34.0,35.0,,19.0,31.0,31.0,43.0,31.0,27.0,,,,60.0,,41.0,,39.0,35.0,,30.0,45.0,21.0,28.0,49.0,24.0,36.0,,40.0,,0.0,25.0,25.0,25.0,24.0,49.0,27.0,43.0,,26.0,,26.0,,,37.0,32.0,24.0,56.0,34.0,,19.0,53.0,11.0,,46.0,0.0,46.0,18.0,41.0,63.0,,,,31.0,25.0,,31.0,,19.0,,,45.0,56.0,44.0,,52.0,44.0,47.0,,53.0,26.0,,,,31.0,59.0,32.0,27.0,22.0,18.0,54.0,49.0,57.0,34.0,38.0,36.0,53.0,41.0,,30.0,61.0,,0.0,49.0,64.0,29.0,,24.0,17.0,42.0,,58.0,0.0,56.0,52.0,18.0,21.0,0.0,,13.0,55.0,48.0,,40.0,24.0,,,0.0,30.0,,,49.0,22.0,60.0,43.0,31.0,,20.0,61.0,32.0,27.0,32.0,,36.0,52.0,46.0,,56.0,28.0,,62.0,20.0,36.0,48.0,48.0,,48.0,30.0,45.0,29.0,,16.0,,31.0,27.0,15.0,,28.0,32.0,,36.0,45.0,29.0,35.0,,,20.0,58.0,,42.0,29.0,53.0,33.0,26.0,18.0,51.0,,15.0,,31.0,61.0,,,41.0,36.0,40.0,,45.0,,,21.0,16.0,58.0,,35.0,41.0,,27.0,48.0,,44.0,34.0,19.0,42.0,61.0,,,62.0,41.0,32.0,17.0,,,,52.0,45.0,,19.0,23.0,24.0,30.0,,51.0,38.0,43.0,,50.0,39.0,,21.0,29.0,50.0,41.0,20.0,,19.0,,14.0,18.0,,48.0,,,15.0,,38.0,35.0,14.0,41.0,54.0,33.0,17.0,,15.0,35.0,24.0,,,60.0,21.0,53.0,22.0,,37.0,21.0,47.0,33.0,58.0,63.0,27.0,46.0,35.0,36.0,,39.0,29.0,51.0,63.0,,30.0,24.0,,20.0,35.0,53.0,45.0,,52.0,,23.0,32.0,32.0,40.0,,24.0,36.0,35.0,34.0,33.0,40.0,56.0,49.0,16.0,,11.0,13.0,35.0,34.0,49.0,,19.0,,59.0,64.0,,34.0,27.0,,,46.0,24.0,37.0,51.0,56.0,,,25.0,,,51.0,36.0,63.0,21.0,21.0,51.0,,16.0,30.0,48.0,32.0,21.0,,32.0,,,,39.0,19.0,22.0,41.0,29.0,31.0,44.0,44.0,29.0,,31.0,13,3,2.4636488340192044,18.22537227949599,-0.3336009275466011
4,4,2,5,8,3,5,7,10,5,2,3,10,8,8,9,18,11,32,13,3,16,6,11,11,14,7,9,1,11,12,9,8,5,9,12,7,10,10,9,1,45.0,11,14,7,7,12,9,6,24,15,15,10,17,14,31,4,6,8,10,17,9,0,16,54.0,14,12,9,16,7,17,8,14,10,13,14,15,19,14,16,20,14,18,11,15,19,9,14,22,14,15,24,50,12,19,14,19,10,13,16,14,5,10,2,14,17,12,22,15,8,29,,13,22,12.0,4,23,21,15,20,15,19,12,13,6,17,9,13.0,15,7,6,14,,12,15,33.0,16,8,11,16,28,18,3,23,32.0,9.0,13,19.0,8,13,16,8,32.0,17,3,23,16,18.0,32,14,13,16,11,27,18,14.0,18,15,5,23,10,37.0,11,12,26,19,17,27.0,13,16.0,23,12,13,20,18,51.0,12.0,20,29,12.0,18.0,12,22,16,7,30,12,12,27.0,18,12,,12,14,14,5,17.0,18,10,11,15,,20,15,17,19,21,19,10,24.0,26.0,8,21,3,24.0,32,17,3,,14,9.0,47.0,16,9,,10,19,15,12.0,48.0,23,16,4,22,16,44.0,23,13,10,7,14,17,18.0,25.0,16,18.0,39.0,33.0,18.0,35,35.0,11,12,25,29.0,8.0,29.0,,26.0,14,18.0,16.0,10.0,11,7,27.0,23,31,12,23.0,21.0,22.0,20,15.0,16,21,16.0,21.0,20,0.0,18.0,17,22,19.0,6,17.0,7.0,29.0,19,17,25.0,15,20,23,16,25,13,12,13,19,16,10,7,29.0,44.0,11,13,17,33.0,25.0,8,17,16,21.0,18,4.0,32,18,17,16,34,16.0,11,40.0,12,32,26.0,11,11,17,0.0,0.0,18,13.0,28.0,13.0,19.0,33.0,16,33.0,12,26,24,25.0,21,18.0,10.0,16,,34.0,14.0,17,,8,26,34,27,18,22,24,25.0,17,34.0,27,19,5,56.0,22,,30,16.0,11,,27,21,43.0,35,18.0,20,20.0,15.0,8,30,13.0,20.0,14.0,25.0,22.0,20,24.0,13.0,21,,20,22,31.0,36.0,22,24.0,12,20.0,,23,23,24,22.0,0,21.0,38.0,11,24.0,18,12.0,19,21,18,43.0,40.0,4,28,18,45.0,22.0,7,21,18.0,13,22.0,27.0,22.0,13.0,43.0,14.0,3.0,21.0,0.0,27.0,22,23,21.0,14.0,13.0,48.0,42.0,31.0,13.0,15.0,16,2,20.0,22.0,16,,9.0,39.0,21.0,37.0,26.0,32,18,31.0,22.0,27.0,16.0,22,46.0,18.0,23.0,29,25,17,12.0,35.0,12.0,32.0,16,11,21.0,,22,44.0,18.0,24,16.0,11.0,35.0,29,27.0,10,19.0,12.0,56.0,21,14.0,25,6.0,50,18,13.0,43.0,,,27,20,21,22.0,42,15.0,22,17,18.0,12,20,24.0,38.0,18,23,27.0,40.0,36.0,23.0,17.0,6.0,9,49.0,18,28,43.0,3.0,14.0,44.0,11.0,24.0,18,10,30.0,17.0,14.0,39.0,13.0,0.0,20,,23,45.0,10.0,20.0,,20,40.0,28,,16.0,24.0,17,23.0,52.0,19.0,20,22,,52.0,29.0,,0.0,36.0,24.0,40.0,37.0,,23.0,15.0,41,18,19.0,4.0,25.0,12,47,15,48,50.0,15.0,18,25,31.0,,29,44.0,21.0,26.0,12,36.0,,25.0,26,24.0,33.0,22.0,,22.0,35.0,51,33.0,15,43.0,17,18,17,21.0,30.0,9.0,27.0,48.0,46.0,18.0,52.0,26.0,28.0,27.0,14,22.0,36.0,26,22.0,34.0,19.0,32.0,30,28.0,29.0,,18,12,38.0,35,15.0,23.0,,21.0,19,25.0,20,20,40.0,22,31.0,29,28.0,,25.0,27,14,30.0,22.0,23,37.0,13,52.0,14,,19.0,24.0,51.0,30.0,0.0,47,18.0,25.0,20.0,15.0,39.0,5.0,10.0,24,17,29.0,16,39,15,37.0,15.0,50.0,36.0,28.0,16.0,49,14.0,52.0,26.0,17,23.0,51.0,26.0,,17.0,20,49.0,30.0,28.0,,35.0,21.0,23.0,21,54.0,30.0,36.0,38.0,14.0,25.0,29.0,26,22.0,30.0,38.0,,16,21,43.0,,19,25.0,13.0,19.0,28,14.0,9.0,5.0,34.0,15,51.0,10.0,15.0,16.0,,13.0,19.0,48.0,9.0,27,30,12.0,29.0,49.0,35.0,41.0,55.0,19.0,25.0,,43.0,38,21,21.0,29,22.0,14.0,24.0,38.0,17,11,,19.0,31.0,33.0,39.0,52.0,49.0,49.0,5.0,32,49.0,29.0,26.0,34.0,26.0,35.0,21,39.0,22.0,22.0,32,22.0,45.0,39.0,24.0,26.0,24.0,24,31.0,50,26.0,33.0,11.0,25.0,27.0,53.0,52.0,23.0,18.0,33.0,42.0,35.0,17.0,7.0,24.0,31.0,21.0,23.0,,8.0,,19,43.0,27.0,11,32.0,23.0,19,38.0,24.0,47.0,0,13,21,34.0,29.0,59.0,21.0,23.0,10.0,15.0,21.0,50.0,21,8.0,21,17.0,15,23,14.0,20,2.0,43.0,20.0,30.0,16,56.0,39.0,17.0,27.0,34.0,,23,29.0,29,4.0,29.0,,44,45.0,5,21,51.0,0.0,41.0,23,37.0,32.0,15,20.0,6.0,46.0,21.0,,20.0,17.0,22.0,13,12.0,19.0,30.0,29.0,21.0,41.0,34.0,39.0,18,20.0,20,21.0,30.0,35.0,52.0,17,15,28.0,18.0,50.0,15.0,25.0,31.0,25.0,17.0,22.0,7,17.0,18.0,27,16,52.0,,40,16.0,,23,23.0,26,51,28,22.0,24.0,16.0,52.0,48.0,27.0,28.0,40.0,24.0,21.0,19.0,12.0,17.0,20.0,24.0,,11.0,14.0,16.0,22.0,43.0,23.0,,39.0,50.0,,16.0,25.0,46.0,27.0,12.0,28.0,6.0,46.0,10.0,28.0,23.0,43.0,43.0,10.0,,33.0,24.0,24.0,41.0,37.0,23.0,13.0,18,18.0,36.0,39.0,27,36.0,18.0,26.0,24.0,16.0,18.0,35.0,,,54.0,53.0,23.0,26.0,38.0,,,29.0,44.0,19.0,16.0,30.0,46.0,,14.0,32.0,38.0,47.0,,36,15.0,36.0,,6,48.0,20.0,38.0,26.0,26.0,43.0,29.0,27.0,49.0,23,21.0,17.0,24.0,16.0,,42.0,23,19,16.0,28.0,11.0,,27.0,,30,0,18.0,,53.0,59.0,36.0,22.0,39.0,5.0,49.0,19.0,6.0,35.0,52.0,21.0,17.0,30.0,13,7.0,7.0,40.0,37.0,,16,20.0,29,56.0,14,27.0,25.0,17.0,21.0,50.0,23.0,21.0,39.0,18.0,59.0,36.0,34.0,34,17.0,31.0,11.0,28.0,48.0,11,11.0,25.0,17.0,45.0,21.0,43.0,34.0,29.0,24.0,15,22,38.0,32.0,11.0,33.0,51.0,48.0,33.0,23.0,16,33.0,,30.0,22.0,29.0,26.0,25.0,26.0,15,13.0,23.0,,16,19,8.0,30.0,27.0,27.0,8.0,,19.0,6.0,,34.0,23.0,50.0,0.0,20.0,18.0,22,35.0,53.0,24.0,29.0,24.0,18,,20.0,32,,18.0,8.0,,52.0,42.0,18.0,19.0,26.0,,24.0,24,37.0,53.0,,18.0,16,14.0,37.0,,20.0,22.0,26.0,28.0,13.0,37.0,16.0,25.0,34.0,34.0,36,30,14.0,13.0,15.0,18.0,33.0,21,14,,42.0,51.0,44.0,20.0,32.0,26.0,22.0,44.0,52.0,21.0,32.0,28.0,11.0,48.0,38,16,25.0,32.0,23.0,7.0,31.0,18,14.0,,,28.0,13.0,44.0,34.0,28.0,18.0,19.0,,17.0,41.0,26.0,47.0,14,13.0,34.0,21,32.0,17.0,13.0,59.0,32.0,25.0,37.0,59.0,20.0,57.0,19.0,39.0,14.0,39.0,3.0,,47.0,7.0,13.0,15.0,26.0,25.0,30.0,23.0,33.0,22.0,,46.0,15.0,22.0,56.0,42.0,51.0,16.0,25.0,29.0,11.0,38.0,54.0,21.0,22.0,6.0,19.0,15.0,37.0,44.0,,22.0,20.0,35.0,45.0,32.0,,22.0,51.0,17.0,48.0,,23.0,17.0,,21,19.0,35.0,,45.0,18.0,36.0,15.0,,17.0,14.0,28.0,12.0,53.0,41.0,36.0,12.0,39.0,38.0,,,36.0,,,25.0,13.0,,48.0,9.0,28.0,,19.0,36.0,49.0,25.0,21.0,26.0,22.0,47.0,0.0,26.0,39.0,35.0,37.0,26.0,,,15,18.0,3.0,22.0,14.0,0.0,59.0,10.0,12.0,23.0,28,19.0,28.0,31.0,54.0,21.0,24.0,14.0,23.0,29.0,,26.0,11.0,25.0,29.0,19.0,42.0,17,16.0,5.0,22.0,,,34.0,13.0,14.0,19.0,,27.0,55.0,3.0,27.0,,19.0,21.0,,,41.0,59.0,29.0,32.0,27.0,22,27,26.0,40.0,15.0,40.0,24.0,24.0,42.0,32.0,,13.0,27.0,,28.0,50.0,35.0,,17.0,50.0,0.0,59.0,,48.0,52.0,46.0,30.0,20.0,19.0,52.0,51.0,,7.0,45.0,8.0,,41.0,,26.0,29.0,18.0,12.0,41.0,23.0,40.0,50.0,37.0,,,15.0,15,34.0,15.0,36.0,49.0,24,16.0,,24.0,33.0,29.0,56.0,18.0,49.0,19,,11.0,29.0,37.0,,28.0,48.0,12,38.0,13.0,38.0,,24,,29.0,55.0,32.0,47.0,10.0,,14.0,,36.0,16.0,56.0,33.0,,23.0,28.0,52.0,21.0,21.0,,10.0,23.0,19.0,21.0,39,,23.0,23.0,,57.0,19.0,34.0,24.0,,20.0,38.0,57.0,12.0,23,33.0,17.0,26.0,20.0,54.0,9.0,15.0,44.0,58.0,27.0,40.0,33.0,,22.0,,33.0,31.0,38.0,16.0,29.0,25.0,32.0,,37.0,11.0,15.0,22.0,23.0,19.0,18.0,40.0,,28.0,47.0,,24.0,17.0,49.0,,29.0,25.0,27.0,12.0,49.0,29.0,22.0,27.0,,59.0,42.0,,29.0,26.0,29.0,33.0,35.0,9.0,34.0,3.0,,13.0,49.0,23.0,50.0,,29.0,11.0,18.0,20.0,31,11.0,21.0,18.0,22.0,41.0,29.0,36.0,41.0,15.0,25.0,19.0,30.0,,12.0,14.0,,53.0,45.0,45.0,29.0,32.0,,29.0,8.0,22.0,,14.0,41.0,36.0,37.0,,,54.0,,24.0,39.0,,15.0,36.0,21.0,38.0,20.0,0.0,,28.0,43.0,23.0,52.0,44.0,34.0,,46.0,,26.0,,20.0,,39.0,26.0,10.0,26.0,,,,56.0,12.0,9.0,15.0,31.0,,11.0,25.0,31.0,25.0,49.0,21.0,58.0,,28.0,34.0,,39.0,,21.0,46.0,47.0,31.0,,,15.0,39.0,,,24.0,30.0,36.0,,19.0,31.0,11.0,21.0,,51.0,,3.0,22.0,14.0,37.0,37.0,12.0,42.0,35.0,,58.0,53.0,28.0,27.0,45.0,37.0,36.0,37.0,,41.0,,27.0,40.0,58.0,,18,30.0,,29.0,,33.0,23.0,44.0,38.0,17.0,12.0,5,47.0,,18.0,35.0,,,26.0,42.0,27,11.0,51.0,21.0,29.0,8.0,28.0,39.0,,22.0,59.0,32.0,23.0,16.0,59.0,,55.0,,55.0,57.0,26.0,34.0,5.0,43.0,51.0,13.0,21.0,44.0,35.0,,43.0,28.0,41.0,,,,37.0,,25.0,39.0,43.0,36.0,,20.0,,53.0,42.0,26.0,,25.0,55.0,16.0,22.0,,,15.0,34.0,16.0,13.0,8.0,,18.0,29.0,12.0,,22.0,,21.0,28.0,18.0,30.0,30.0,30.0,23.0,,,10.0,,3.0,49.0,,41.0,33.0,25.0,12.0,12.0,32.0,9.0,29.0,29.0,35.0,34.0,14.0,,,39.0,59.0,37.0,,41.0,19.0,27.0,45.0,18.0,33.0,,55.0,,,26,,21.0,17.0,35.0,12.0,,19.0,,44.0,,,32.0,,35.0,37.0,9.0,50.0,52.0,12.0,55.0,19.0,27.0,20.0,46.0,,,18.0,31.0,27.0,,28.0,45.0,27.0,,38.0,,15.0,23.0,13.0,48.0,24.0,,21.0,59.0,16.0,26.0,11.0,20.0,27.0,41.0,,17.0,40.0,31.0,8.0,,57.0,,24.0,10.0,25.0,31.0,34.0,30.0,,36.0,53.0,,27.0,59.0,55.0,32.0,0.0,33.0,39.0,,57.0,40.0,52.0,17,19.0,0.0,17,41.0,13.0,23.0,,20.0,28.0,59.0,27.0,22.0,30.0,40.0,58.0,37.0,32.0,45.0,23.0,30.0,12.0,,46.0,8.0,13.0,,,38.0,43.0,20.0,31.0,22.0,,31.0,27.0,34.0,52.0,44.0,52.0,45.0,20.0,44.0,28.0,19.0,35.0,36.0,,25.0,52.0,38.0,,14.0,,,26.0,14.0,39.0,42.0,23.0,33.0,37.0,39.0,20.0,52.0,12.0,27.0,6.0,17.0,43.0,19.0,24.0,23.0,,20.0,55.0,40.0,26.0,24.0,26.0,26.0,38.0,,0.0,50.0,23.0,50.0,26.0,53.0,20.0,15.0,,23.0,26.0,,,30.0,25.0,38.0,39.0,16.0,41.0,,24.0,15.0,21.0,33.0,42.0,,28.0,,21.0,,22.0,42.0,,25.0,46.0,,12.0,28.0,36.0,40.0,9.0,,7.0,51.0,,56.0,47.0,44.0,11.0,16.0,49.0,26.0,12.0,21.0,37.0,44.0,30.0,,,47.0,40.0,18.0,15.0,25.0,17.0,,39.0,,35.0,54.0,39.0,35.0,34.0,,22.0,,,16.0,,26.0,,44.0,42.0,55.0,48.0,32.0,21.0,,8.0,57.0,,33.0,48.0,40.0,49.0,36.0,27.0,27.0,34.0,20.0,43.0,3.0,59.0,37.0,20.0,38.0,25.0,44.0,33.0,37.0,17.0,34.0,30.0,33.0,57.0,14.0,29.0,,38.0,36.0,15.0,24.0,39.0,,21.0,37.0,,6.0,35.0,51.0,,26.0,31.0,43.0,30.0,44.0,59.0,44.0,11.0,,19.0,50.0,51.0,42.0,27.0,13.0,40.0,49.0,33.0,56.0,,31.0,18.0,28.0,31.0,16.0,29.0,25.0,28.0,,30.0,43.0,27.0,19.0,45.0,,16.0,10.0,33.0,,36.0,20.0,19.0,27.0,,27.0,24.0,36.0,56.0,39.0,,6.0,12.0,10.0,30.0,37.0,16.0,35.0,15.0,13.0,,48.0,20.0,33.0,59.0,5.0,26.0,,45.0,55.0,19.0,36.0,28.0,20.0,39.0,26.0,,,11.0,23.0,20.0,55.0,,23.0,11.0,20.0,21.0,9.0,58.0,41.0,43.0,29.0,18.0,27.0,47.0,54.0,48.0,22.0,44.0,37.0,31.0,5.0,36.0,20.0,,,23.0,21.0,,29.0,46.0,15.0,24.0,,36.0,,32.0,24.0,,,28.0,51.0,21.0,40.0,,40.0,55.0,36.0,14.0,23.0,17.0,29.0,28.0,31.0,59.0,12.0,12.0,8.0,36.0,,20.0,23.0,8.0,31.0,,35.0,25.0,26.0,51.0,29.0,21.0,,12.0,36.0,25.0,,23.0,31.0,15.0,,7.0,19.0,20.0,,44.0,38.0,34.0,38.0,14.0,40.0,43.0,12.0,,40.0,20.0,,45.0,12.0,28.0,25.0,,34.0,,39.0,,18.0,30.0,,29.0,8.0,56.0,32.0,12.0,19.0,24.0,54.0,,16.0,,38.0,,26.0,36.0,36.0,33.0,18.0,15.0,41.0,49.0,49.0,28.0,,21.0,24.0,38.0,45.0,53.0,29.0,,49.0,20.0,30.0,22.0,20.0,53.0,17.0,,,22.0,19.0,,41.0,14.0,10.0,,34.0,21.0,19.0,25.0,26.0,,,37.0,50.0,30.0,,20.0,16.0,52.0,12.0,45.0,45.0,,39.0,,,39.0,11.0,,,26.0,,27.0,,37.0,,58.0,0.0,48.0,,,38.0,27.0,,27.0,22.0,,44.0,56.0,55.0,41.0,51.0,50.0,7.0,43.0,44.0,11.0,26.0,,32.0,29.0,,42.0,48.0,21.0,27.0,57.0,59.0,50.0,39.0,28.0,,19.0,31.0,20.0,20.0,22.0,,,49.0,37.0,29.0,,9.0,,22.0,46.0,43.0,25.0,34.0,10.0,,5.0,,,18.0,19.0,,28.0,24.0,,54.0,18.0,59.0,25.0,49.0,11.0,34.0,37.0,,,,28.0,47.0,18.0,13.0,22.0,,50.0,24.0,,29.0,55.0,52.0,41.0,30.0,19.0,42.0,58.0,46.0,20.0,46.0,35.0,56.0,49.0,17.0,46.0,25.0,27.0,34.0,34.0,26.0,18.0,,53.0,32.0,23.0,27.0,28.0,38.0,22.0,20.0,36.0,,27.0,51.0,34.0,59.0,29.0,20.0,35.0,,,,49.0,23.0,38.0,53.0,18.0,38.0,23.0,30.0,24.0,29.0,9.0,25.0,37.0,24.0,21.0,17.0,32.0,22.0,12.0,,50.0,15.0,41.0,26.0,,51.0,32.0,50.0,32.0,43.0,11.0,45.0,34.0,59.0,17.0,7.0,29.0,19.0,,52.0,53.0,50.0,,56.0,34.0,8.0,13.0,,,29.0,0.0,,17.0,23.0,19.0,33.0,,45.0,21.0,16.0,9.0,0.0,,51.0,25.0,36.0,53.0,,35.0,23.0,,33.0,52.0,56.0,16.0,26.0,42.0,16.0,20.0,18.0,,20.0,,,51.0,18.0,18.0,,,36.0,18.0,37.0,54.0,56.0,,45.0,55.0,0.0,,13.0,,19.0,36.0,12.0,13.0,45.0,40.0,31.0,21.0,,33.0,15.0,21.0,,12.0,59.0,20.0,24.0,14.0,30.0,10.0,,29.0,14.0,,,42.0,56.0,25.0,11.0,32.0,41.0,37.0,19.0,30.0,,,,42.0,22.0,20.0,19.0,20.0,,31.0,,,,50.0,24.0,42.0,51.0,,57.0,54.0,48.0,45.0,41.0,,,38.0,,36.0,,,23.0,,31.0,,21.0,23.0,34.0,,,58.0,,27.0,34.0,,51.0,48.0,28.0,24.0,17.0,31.0,28.0,48.0,6.0,,,42.0,19.0,29.0,54.0,57.0,29.0,19.0,28.0,51.0,13.0,18.0,17.0,18.0,30.0,47.0,,27.0,,,45.0,,,22.0,18.0,,40.0,,,,,16.0,24.0,53.0,42.0,29.0,15.0,0.0,28.0,26.0,35.0,40.0,22.0,0.0,,46.0,20.0,53.0,,48.0,50.0,17.0,57.0,56.0,,29.0,22.0,30.0,38.0,,24.0,29.0,58.0,31.0,11.0,,47.0,21.0,,11.0,,,19.0,44.0,23.0,37.0,27.0,24.0,0.0,19.0,,53.0,51.0,48.0,31.0,28.0,24.0,7.0,43.0,,58.0,10.0,,24.0,46.0,26.0,42.0,35.0,12.0,35.0,,26.0,11.0,18.0,,40.0,,28.0,39.0,,14.0,29.0,19.0,48.0,14.0,52.0,30.0,43.0,47.0,51.0,54.0,,31.0,,20.0,48.0,,26.0,22.0,21.0,,44.0,38.0,,25.0,,37.0,,42.0,,29.0,27.0,46.0,46.0,10.0,28.0,,37.0,37.0,52.0,34.0,34.0,23.0,49.0,,55.0,30.0,11.0,14.0,41.0,0.0,32.0,,34.0,41.0,25.0,39.0,17.0,9.0,24.0,39.0,9.0,57.0,39.0,20.0,35.0,20.0,11.0,46.0,39.0,41.0,19.0,47.0,24.0,23.0,56.0,34.0,31.0,,,48.0,47.0,,55.0,34.0,18.0,,,8.0,,19.0,35.0,29.0,13.0,52.0,5.0,50.0,40.0,49.0,31.0,24.0,,,,39.0,9.0,,3.0,19.0,34.0,16.0,,19.0,50.0,35.0,38.0,11.0,,22.0,17.0,8.0,53.0,22.0,17.0,59.0,16.0,31.0,15.0,,0.0,16.0,52.0,25.0,,,24.0,30.0,,,6.0,,,50.0,,16.0,0.0,34.0,11.0,,49.0,21.0,47.0,39.0,12.0,22.0,49.0,23.0,24.0,8.0,50.0,20.0,33.0,47.0,33.0,,26.0,17.0,48.0,,,,21.0,55.0,54.0,,21.0,,46.0,,,16.0,14,3,2.461118690313779,18.161225658648338,-0.3346191754114332
5,3,6,6,6,6,9,8,4,1,9,10,8,6,7,7,7,6,18,8,8,11,10,5,11,4,6,8,11,9,13,11,11,12,7,12,13,13,13,10,14,14.0,12,19,10,12,17,25,1,13,10,10,12,10,34,12,0,13,8,9,6,15,21,12,26.0,14,13,14,11,10,25,17,14,17,9,11,11,14,10,12,13,16,7,13,13,12,2,18,11,10,12,12,19,1,11,14,22,7,12,26,13,17,23,12,14,16,13,14,14,12,4,22.0,19,17,41.0,10,19,12,17,34,8,26,12,15,14,3,12,23.0,16,22,18,16,32.0,13,23,24.0,11,9,17,5,15,16,10,16,13.0,25.0,9,18.0,16,12,13,13,13.0,12,19,18,18,44.0,11,26,18,15,13,12,24,41.0,13,25,5,15,9,56.0,10,19,5,24,14,11.0,22,8.0,13,12,12,22,18,29.0,56.0,9,24,,17.0,24,30,13,16,35,13,12,13.0,11,29,37.0,11,22,19,12,33.0,17,11,17,13,,21,9,16,23,11,9,13,,12.0,13,18,18,21.0,15,11,8,52.0,13,11.0,35.0,17,19,23.0,14,22,16,12.0,26.0,4,18,10,24,9,13.0,6,11,4,18,11,15,19.0,15.0,11,27.0,42.0,20.0,46.0,26,10.0,19,18,15,,25.0,43.0,,37.0,16,44.0,25.0,13.0,13,22,14.0,14,17,12,25.0,55.0,22.0,26,,31,12,32.0,24.0,15,16.0,8.0,11,41,37.0,16,17.0,22.0,,30,12,18.0,28,12,14,19,23,12,19,29,17,15,14,18,17.0,17.0,31,15,18,17.0,17.0,17,16,11,24.0,13,49.0,17,16,19,18,9,13.0,17,16.0,14,24,21.0,23,6,16,34.0,,22,22.0,19.0,5.0,32.0,16.0,18,24.0,26,22,19,22.0,27,14.0,34.0,21,15.0,18.0,32.0,14,15.0,17,18,22,24,12,14,9,23.0,14,10.0,23,16,15,35.0,9,30.0,18,,14,26.0,18,11,11.0,25,20.0,18,27.0,20.0,19,40,8.0,34.0,15.0,15.0,,24,9.0,35.0,40,20.0,25,29,57.0,,13,37.0,38,10.0,13.0,23,11,8,12.0,18,28.0,33.0,13,0.0,16,40.0,18,21,10,15.0,26.0,20,23,17,30.0,22.0,16,28,37.0,12,26.0,21.0,24.0,14.0,13.0,23.0,11.0,35.0,43.0,15.0,22,13,12.0,51.0,7.0,36.0,30.0,,42.0,34.0,19,20,16.0,,15,37.0,33.0,,46.0,23.0,0.0,13,52,55.0,23.0,11.0,14.0,41,21.0,20.0,15.0,39,26,17,24.0,20.0,12.0,34.0,8,18,33.0,44.0,32,16.0,22.0,21,,23.0,23.0,20,17.0,23,13.0,18.0,17.0,23,21.0,25,9.0,19,17,14.0,14.0,,42.0,7,13,0,22.0,5,11.0,17,20,18.0,28,29,15.0,25.0,15,13,21.0,15.0,24.0,9.0,34.0,28.0,17,21.0,28,9,,10.0,33.0,34.0,30.0,32.0,20,16,24.0,21.0,56.0,26.0,38.0,31.0,21,32.0,15,15.0,12.0,31.0,50.0,5,24.0,16,17.0,33.0,24.0,17,53.0,18.0,30.0,25,30,24.0,44.0,3.0,23.0,33.0,48.0,26.0,,17.0,19.0,,,18,19,38.0,29.0,15.0,19,20,23,19,32.0,30.0,15,12,12.0,18.0,15,25.0,12.0,30.0,14,13.0,0.0,18.0,28,30.0,,26.0,36.0,26.0,0.0,18,18.0,15,11.0,13,16,17,21.0,27.0,33.0,,,37.0,,52.0,13.0,21.0,43.0,16,42.0,23.0,39,32.0,25.0,8.0,46.0,13,19.0,,55.0,50,22,32.0,15,11.0,18.0,13.0,,6,48.0,28,14,14.0,18,,14,25.0,,21.0,24,13,28.0,40.0,9,18.0,25,36.0,14,20.0,34.0,,43.0,32.0,19.0,30,46.0,30.0,27.0,13.0,45.0,24.0,56.0,19,17,25.0,18,16,20,26.0,25.0,24.0,29.0,46.0,25.0,26,12.0,20.0,41.0,21,7.0,32.0,54.0,11.0,28.0,7,12.0,19.0,10.0,20.0,33.0,7.0,42.0,57,38.0,24.0,16.0,14.0,17.0,22.0,36.0,24,58.0,26.0,28.0,15.0,15,7,54.0,40.0,32,26.0,,27.0,15,26.0,,28.0,30.0,17,17.0,9.0,17.0,38.0,20.0,25.0,,13.0,10.0,21,25,,31.0,24.0,24.0,0.0,35.0,33.0,40.0,,23.0,16,31,47.0,0,40.0,29.0,15.0,24.0,11,12,41.0,16.0,23.0,25.0,,16.0,19.0,23.0,16.0,30,22.0,17.0,,21.0,43.0,14.0,29,33.0,14.0,31.0,17,25.0,9.0,,35.0,10.0,13.0,40,16.0,22,51.0,22.0,16.0,23.0,14.0,22.0,50.0,25.0,37.0,15.0,53.0,,23.0,8.0,34.0,13.0,,16.0,37.0,58.0,59.0,30,44.0,23.0,19,16.0,13.0,19,27.0,33.0,,31,25,23,19.0,24.0,55.0,38.0,32.0,19.0,19.0,24.0,38.0,28,19.0,12,15.0,17,27,18.0,24,,17.0,18.0,10.0,9,19.0,38.0,47.0,15.0,,31.0,21,54.0,27,0.0,10.0,10.0,21,,25,19,23.0,38.0,,23,38.0,23.0,23,18.0,18.0,19.0,10.0,20.0,21.0,17.0,,12,30.0,28.0,18.0,45.0,27.0,43.0,41.0,22.0,18,,19,13.0,23.0,16.0,30.0,23,31,0.0,40.0,22.0,20.0,,19.0,44.0,18.0,31.0,28,18.0,14.0,36,21,21.0,22.0,0,27.0,0.0,28,20.0,18,18,22,51.0,19.0,18.0,13.0,14.0,31.0,27.0,48.0,18.0,20.0,59.0,31.0,39.0,19.0,,16.0,10.0,36.0,9.0,29.0,56.0,27.0,32.0,49.0,45.0,19.0,18.0,38.0,11.0,55.0,12.0,15.0,42.0,15.0,23.0,18.0,,45.0,24.0,21.0,30.0,28.0,33.0,20.0,,20.0,22.0,34.0,25,18.0,36.0,35.0,23,28.0,32.0,33.0,25.0,,0.0,18.0,25.0,,24.0,31.0,,55.0,,21.0,13.0,0.0,13.0,38.0,19.0,27.0,24.0,43.0,8.0,14.0,26.0,29.0,34.0,19,27.0,31.0,11.0,0,33.0,21.0,48.0,23.0,21.0,52.0,14.0,,56.0,14,25.0,,44.0,10.0,14.0,,20,24,35.0,24.0,29.0,,10.0,,25,27,58.0,,23.0,11.0,35.0,22.0,23.0,24.0,22.0,56.0,17.0,,25.0,46.0,9.0,11.0,21,15.0,37.0,16.0,19.0,13.0,16,22.0,22,43.0,22,24.0,,19.0,,26.0,16.0,27.0,,18.0,18.0,59.0,22.0,25,44.0,21.0,42.0,,34.0,26,20.0,,41.0,,22.0,11.0,,19.0,39.0,7,23,,36.0,,14.0,,26.0,17.0,10.0,16,28.0,,33.0,23.0,41.0,27.0,12.0,11.0,7,17.0,0.0,43.0,29,17,,39.0,,17.0,35.0,48.0,43.0,56.0,22.0,48.0,46.0,37.0,18.0,14.0,14.0,24,,59.0,11.0,32.0,28.0,16,,38.0,13,24.0,33.0,54.0,32.0,,30.0,13.0,53.0,31.0,23.0,,21,18.0,24.0,11.0,21.0,30,18.0,11.0,42.0,25.0,27.0,,41.0,22.0,39.0,16.0,30.0,59.0,17.0,26,16,42.0,13.0,44.0,,17.0,59,44,31.0,13.0,26.0,49.0,16.0,29.0,32.0,27.0,13.0,17.0,53.0,20.0,31.0,14.0,13.0,18,27,12.0,20.0,0.0,12.0,16.0,13,59.0,21.0,41.0,25.0,11.0,,17.0,,29.0,10.0,0.0,8.0,,33.0,36.0,24,36.0,8.0,16,49.0,,26.0,12.0,23.0,22.0,18.0,42.0,22.0,49.0,20.0,34.0,20.0,,15.0,24.0,36.0,25.0,38.0,24.0,6.0,,32.0,50.0,40.0,31.0,52.0,32.0,20.0,16.0,41.0,,17.0,49.0,28.0,33.0,17.0,28.0,16.0,11.0,36.0,11.0,20.0,43.0,43.0,45.0,,35.0,12.0,38.0,21.0,21.0,24.0,19.0,44.0,42.0,50.0,16.0,25.0,18.0,19.0,15,44.0,19.0,,35.0,34.0,28.0,20.0,43.0,24.0,15.0,36.0,23.0,41.0,8.0,16.0,47.0,26.0,15.0,44.0,35.0,14.0,49.0,33.0,42.0,21.0,44.0,39.0,5.0,34.0,,41.0,12.0,25.0,54.0,33.0,42.0,0.0,28.0,9.0,21.0,49.0,,15.0,33.0,8.0,23.0,23,23.0,54.0,19.0,35.0,22.0,32.0,23.0,26.0,36.0,32,34.0,20.0,51.0,16.0,38.0,30.0,26.0,32.0,11.0,44.0,,19.0,32.0,,,,23,28.0,22.0,20.0,15.0,9.0,,42.0,15.0,21.0,57.0,58.0,,21.0,22.0,40.0,26.0,26.0,35.0,31.0,19.0,,15.0,35.0,32.0,11,12,34.0,,3.0,29.0,42.0,29.0,30.0,19.0,40.0,24.0,,33.0,37.0,26.0,35.0,13.0,,38.0,28.0,36.0,47.0,34.0,,46.0,25.0,48.0,53.0,48.0,,11.0,31.0,,31.0,,29.0,56.0,25.0,15.0,53.0,14.0,47.0,27.0,39.0,29.0,53.0,25.0,51.0,14.0,12,3.0,52.0,14.0,,21,35.0,,,,27.0,40.0,7.0,20.0,14,43.0,46.0,28.0,34.0,30.0,43.0,38.0,19,35.0,50.0,15.0,,24,37.0,25.0,,56.0,,13.0,21.0,28.0,17.0,11.0,18.0,,25.0,,50.0,26.0,32.0,,,,55.0,43.0,30.0,34.0,18,,31.0,41.0,18.0,20.0,27.0,22.0,15.0,,27.0,,37.0,24.0,26,28.0,,41.0,24.0,,53.0,34.0,,35.0,17.0,32.0,0.0,32.0,53.0,,29.0,28.0,,12.0,48.0,17.0,23.0,26.0,35.0,25.0,11.0,21.0,58.0,,31.0,5.0,18.0,44.0,37.0,2.0,32.0,14.0,,,25.0,26.0,35.0,42.0,6.0,26.0,19.0,,33.0,33.0,17.0,52.0,52.0,13.0,18.0,43.0,30.0,23.0,29.0,17.0,40.0,55.0,54.0,43.0,58.0,16.0,19.0,38.0,11.0,19.0,18,52.0,52.0,37.0,18.0,24.0,,20.0,,17.0,23.0,38.0,14.0,25.0,49.0,,22.0,36.0,25.0,26.0,,16.0,43.0,31.0,17.0,25.0,,35.0,37.0,42.0,,50.0,36.0,36.0,,0.0,17.0,20.0,32.0,16.0,35.0,45.0,38.0,37.0,15.0,34.0,17.0,55.0,,46.0,0.0,26.0,56.0,,31.0,,18.0,13.0,35.0,38.0,30.0,51.0,32.0,58.0,36.0,,35.0,,11.0,18.0,,46.0,,12.0,23.0,10.0,23.0,35.0,21.0,24.0,24.0,23.0,37.0,21.0,37.0,25.0,32.0,17.0,35.0,,27.0,30.0,40.0,,,39.0,21.0,,26.0,,56.0,54.0,,31.0,42.0,14.0,22.0,0.0,26.0,10.0,0.0,,24.0,25.0,36.0,19.0,44.0,,24.0,15.0,28.0,29.0,,,33.0,44.0,38.0,25.0,4.0,22,37.0,8.0,22.0,,,14.0,32.0,,29.0,,26,,17.0,24.0,40.0,15.0,,,,17,45.0,47.0,25.0,18.0,13.0,8.0,26.0,40.0,13.0,,23.0,24.0,20.0,32.0,23.0,32.0,10.0,23.0,34.0,29.0,37.0,36.0,33.0,21.0,56.0,23.0,,41.0,43.0,22.0,6.0,25.0,23.0,,,36.0,22.0,18.0,56.0,26.0,35.0,,32.0,,0.0,30.0,12.0,56.0,20.0,17.0,10.0,43.0,,17.0,41.0,54.0,23.0,51.0,,22.0,27.0,22.0,57.0,16.0,30.0,22.0,28.0,33.0,32.0,31.0,20.0,,11.0,13.0,22.0,17.0,34.0,32.0,,,28.0,50.0,,,13.0,,9.0,35.0,33.0,46.0,15.0,35.0,10.0,0.0,17.0,,30.0,29.0,37.0,25.0,33.0,32.0,18.0,28.0,35.0,12.0,44.0,20.0,18,46.0,41.0,40.0,,29.0,22.0,15.0,45.0,18.0,54.0,21.0,9.0,18.0,30.0,20.0,26.0,29.0,41.0,14.0,59.0,,40.0,35.0,,,22.0,28.0,25.0,20.0,,43.0,17.0,,,22.0,45.0,31.0,14.0,42.0,,47.0,24.0,14.0,,27.0,,11.0,32.0,,45.0,30.0,38.0,18.0,,25.0,28.0,35.0,,27.0,10.0,,15.0,28.0,36.0,21.0,50.0,,26.0,33.0,11.0,49.0,31.0,,26.0,52.0,26.0,8.0,15.0,11.0,15,40.0,10.0,27,5.0,,,13.0,19.0,,45.0,17.0,20.0,22.0,,,46.0,29.0,26.0,,37.0,,,14.0,28.0,27.0,46.0,15.0,36.0,33.0,28.0,17.0,43.0,58.0,35.0,22.0,28.0,38.0,18.0,16.0,12.0,10.0,8.0,22.0,33.0,43.0,22.0,55.0,,42.0,53.0,11.0,40.0,37.0,27.0,30.0,46.0,36.0,41.0,19.0,18.0,35.0,21.0,16.0,46.0,,20.0,18.0,,31.0,22.0,,32.0,5.0,,36.0,53.0,,26.0,20.0,17.0,36.0,7.0,45.0,23.0,10.0,24.0,36.0,35.0,3.0,,,45.0,16.0,22.0,51.0,39.0,29.0,,23.0,,45.0,40.0,,,12.0,38.0,22.0,26.0,45.0,47.0,23.0,22.0,32.0,35.0,34.0,34.0,24.0,,30.0,,46.0,29.0,14.0,16.0,32.0,36.0,33.0,23.0,35.0,,40.0,31.0,52.0,9.0,37.0,49.0,30.0,20.0,50.0,33.0,37.0,48.0,16.0,14.0,43.0,,52.0,23.0,,49.0,32.0,49.0,28.0,,40.0,13.0,32.0,27.0,,,16.0,31.0,40.0,30.0,,34.0,27.0,13.0,,30.0,,45.0,,47.0,41.0,,19.0,36.0,58.0,,35.0,48.0,22.0,,42.0,26.0,,47.0,,33.0,,34.0,26.0,32.0,,50.0,20.0,9.0,17.0,24.0,58.0,49.0,20.0,,,58.0,55.0,23.0,33.0,28.0,57.0,51.0,31.0,27.0,45.0,23.0,50.0,,57.0,19.0,,,51.0,33.0,,12.0,34.0,27.0,55.0,22.0,36.0,16.0,57.0,30.0,37.0,14.0,19.0,24.0,27.0,33.0,27.0,31.0,40.0,21.0,30.0,11.0,39.0,28.0,50.0,57.0,19.0,31.0,11.0,24.0,,28.0,,,55.0,32.0,30.0,16.0,28.0,29.0,37.0,,44.0,,9.0,34.0,45.0,44.0,56.0,,44.0,11.0,26.0,35.0,57.0,59.0,53.0,20.0,22.0,21.0,22.0,25.0,,37.0,37.0,48.0,8.0,,29.0,30.0,,17.0,37.0,33.0,37.0,14.0,53.0,,31.0,,0.0,,31.0,51.0,49.0,,54.0,57.0,47.0,11.0,33.0,24.0,39.0,51.0,,37.0,35.0,35.0,,,26.0,29.0,,46.0,41.0,49.0,34.0,55.0,17.0,,,,14.0,,,26.0,28.0,,24.0,20.0,21.0,41.0,38.0,26.0,,,18.0,20.0,51.0,44.0,13.0,,,17.0,48.0,27.0,36.0,55.0,52.0,42.0,39.0,,33.0,,28.0,,58.0,55.0,16.0,,34.0,,35.0,,13.0,42.0,28.0,53.0,,29.0,,7.0,42.0,56.0,35.0,57.0,36.0,12.0,27.0,30.0,27.0,34.0,38.0,36.0,,,53.0,45.0,,13.0,22.0,41.0,28.0,53.0,39.0,44.0,21.0,40.0,50.0,,,27.0,,37.0,28.0,,58.0,45.0,,46.0,21.0,,8.0,28.0,36.0,18.0,24.0,36.0,43.0,37.0,28.0,48.0,,59.0,47.0,20.0,,34.0,41.0,,23.0,22.0,,29.0,12.0,20.0,26.0,15.0,,,39.0,42.0,55.0,25.0,10.0,27.0,56.0,,47.0,,,57.0,29.0,30.0,16.0,57.0,16.0,24.0,26.0,32.0,24.0,16.0,53.0,15.0,21.0,59.0,24.0,,,35.0,42.0,,22.0,30.0,21.0,52.0,36.0,23.0,31.0,58.0,,15.0,50.0,55.0,,34.0,,58.0,,5.0,,39.0,52.0,,27.0,,27.0,52.0,28.0,22.0,38.0,,,,31.0,17.0,,,20.0,17.0,45.0,,20.0,,41.0,23.0,53.0,55.0,12.0,42.0,46.0,34.0,2.0,57.0,21.0,31.0,50.0,49.0,23.0,,36.0,5.0,,50.0,,,,,19.0,,21.0,,14.0,29.0,20.0,0.0,46.0,15.0,35.0,41.0,,30.0,,49.0,37.0,27.0,41.0,47.0,19.0,51.0,,42.0,,,7.0,,33.0,8.0,17.0,54.0,52.0,41.0,48.0,41.0,54.0,11.0,38.0,31.0,28.0,,20.0,,54.0,30.0,33.0,59.0,57.0,45.0,11.0,25.0,56.0,36.0,24.0,,34.0,46.0,43.0,26.0,15.0,31.0,51.0,29.0,55.0,26.0,,19.0,18.0,25.0,8.0,15.0,48.0,21.0,12.0,0.0,27.0,,28.0,48.0,49.0,23.0,34.0,39.0,42.0,,51.0,,51.0,,35.0,50.0,42.0,,,51.0,25.0,42.0,26.0,7.0,33.0,,23.0,18.0,45.0,27.0,,46.0,57.0,58.0,,44.0,,17.0,,,,,41.0,36.0,,,33.0,16.0,33.0,30.0,,53.0,23.0,24.0,39.0,16.0,19.0,15.0,42.0,,18.0,,16.0,19.0,40.0,46.0,35.0,39.0,25.0,36.0,36.0,,24.0,,48.0,17.0,30.0,37.0,22.0,,29.0,10.0,20.0,44.0,19.0,,,41.0,32.0,9.0,46.0,20.0,59.0,41.0,37.0,58.0,9.0,43.0,,24.0,,38.0,47.0,11.0,23.0,10.0,34.0,7.0,2.0,,44.0,48.0,20.0,,36.0,21.0,,14.0,59.0,,44.0,19.0,29.0,,39.0,27.0,,19.0,,47.0,47.0,,58.0,36.0,40.0,28.0,,,10.0,,34.0,20.0,58.0,18.0,49.0,41.0,14.0,20.0,59.0,36.0,22.0,28.0,47.0,26.0,42.0,27.0,16.0,,21.0,12.0,,,26.0,20.0,17.0,45.0,29.0,14.0,31.0,,26.0,14.0,,44.0,,,54.0,24.0,29.0,19.0,20.0,,57.0,7.0,34.0,6.0,55.0,,25.0,19.0,33.0,39.0,,,24.0,31.0,,43.0,,33.0,12.0,33.0,31.0,48.0,44.0,,20.0,,25.0,43.0,41.0,18.0,29.0,,23.0,50.0,30.0,20.0,31.0,24.0,53.0,39.0,51.0,44.0,42.0,12.0,17.0,57.0,39.0,45.0,,46.0,53.0,27.0,19.0,40.0,12.0,51.0,51.0,12.0,16.0,24.0,,38.0,,44.0,26.0,,43.0,49.0,,,39.0,,52.0,10.0,,,11.0,,50.0,21.0,40.0,47.0,11.0,22.0,,21.0,25.0,43.0,24.0,50.0,18.0,32.0,,12.0,53.0,,18.0,33.0,14.0,34.0,16.0,36.0,39.0,,29.0,55.0,,,34.0,19.0,,21.0,21.0,,53.0,34.0,39.0,,27.0,,,35.0,27.0,52.0,40.0,,12.0,48.0,,,,,57.0,51.0,8.0,49.0,12.0,33.0,40.0,45.0,,30.0,41.0,10.0,44.0,,46.0,,23.0,33.0,16.0,37.0,,32.0,,43.0,,15.0,52.0,32.0,,,26.0,25.0,19.0,20.0,21.0,30.0,35.0,,42.0,20.0,,41.0,,42.0,31.0,50.0,,16.0,,48.0,,,44.0,7.0,,42.0,33.0,47.0,21.0,,36.0,59.0,30.0,,,,,33.0,34.0,24.0,31.0,,32.0,35.0,34.0,,,,16.0,21.0,8.0,26.0,,15.0,54.0,,,15.0,51.0,18.0,19.0,,33.0,9.0,,48.0,23.0,22.0,,36.0,15.0,,32.0,,,47.0,13.0,29.0,,22.0,38.0,39.0,45.0,,18.0,30.0,14.0,8.0,51.0,,16.0,26.0,12.0,41.0,,0.0,48.0,,,20.0,34.0,6.0,,,25.0,37.0,,18.0,,3.0,52.0,,,24.0,15,3,2.5,17.923519263944797,-0.3575639516498983
4,5,6,6,5,0,6,5,6,8,7,13,8,6,12,6,6,5,25,12,6,18,8,6,10,12,12,6,8,9,10,9,3,7,11,8,23,11,10,14,12,19.0,10,7,5,11,18,6,13,34,8,17,10,7,14,18,13,6,15,7,13,10,16,13,11.0,9,10,3,16,8,17,11,15,10,17,12,16,18,16,9,29,11,5,11,15,17,10,0,24,10,15,9,17,2,6,12,10,12,9,16,30,10,12,7,0,24,1,13,17,10,12,6.0,9,16,21.0,13,14,12,10,24,9,17,11,11,8,12,15,11.0,11,14,13,16,8.0,9,13,21.0,13,30,15,11,6,14,29,8,16.0,25.0,17,22.0,7,3,7,11,0.0,8,19,15,13,31.0,17,18,16,23,12,29,13,17.0,18,13,13,17,7,13.0,14,11,18,13,12,17.0,11,41.0,18,10,15,16,17,19.0,27.0,9,28,,,11,32,20,12,29,19,9,12.0,18,6,31.0,7,16,20,15,25.0,27,17,9,14,7.0,16,26,11,12,18,7,14,17.0,14.0,11,14,17,28.0,13,18,21,11.0,15,22.0,15.0,18,9,58.0,14,11,15,13.0,47.0,17,13,16,10,8,18.0,17,8,13,21,15,6,28.0,17.0,16,18.0,17.0,11.0,8.0,22,16.0,13,13,21,20.0,45.0,16.0,36.0,12.0,12,21.0,30.0,36.0,17,29,29.0,10,24,18,4.0,9.0,56.0,13,21.0,19,10,5.0,35.0,20,22.0,42.0,10,16,23.0,18,25.0,6.0,41.0,35,20,19.0,20,26,19,22,21,29,13,19,7,11,10,14,12.0,9.0,18,8,8,27.0,20.0,17,12,10,11.0,12,,16,13,16,11,13,16.0,12,30.0,15,21,18.0,30,18,15,25.0,30.0,7,49.0,59.0,19.0,15.0,17.0,21,15.0,43,31,15,31.0,5,19.0,22.0,15,34.0,11.0,45.0,11,,17,24,27,22,9,20,15,17.0,13,10.0,14,10,15,,3,17.0,8,32.0,3,19.0,24,14,13.0,28,15.0,0,5.0,27.0,25,28,6.0,11.0,1.0,10.0,13.0,16,11.0,17.0,12,,16,13,10.0,49.0,10,9.0,33,32.0,4.0,29,42,9,41.0,16,10.0,17.0,10,16.0,7,21.0,9,17,13,22.0,23.0,28,19,15,,18.0,19,18,34.0,10,18.0,28.0,47.0,19.0,,26.0,24.0,27.0,21.0,27.0,17,33,16.0,54.0,26.0,18.0,34.0,,58.0,37.0,18,15,21.0,21.0,22,,30.0,,24.0,25.0,26.0,11,21,20.0,,31.0,26.0,19,45.0,12.0,0.0,41,17,13,19.0,22.0,19.0,18.0,12,9,20.0,31.0,35,31.0,28.0,18,16.0,18.0,,3,14.0,14,26.0,29.0,8.0,22,21.0,20,21.0,19,17,49.0,14.0,38.0,29.0,11,30,27,30.0,20,11.0,25,17,17.0,39,15,35.0,18.0,16,20,16.0,21.0,,21.0,25.0,13.0,6,12.0,46,13,26.0,17.0,42.0,38.0,21.0,37.0,12,26,13.0,,9.0,17.0,41.0,22.0,23,,18,53.0,50.0,40.0,33.0,24,37.0,15,17.0,36.0,23.0,5,20.0,,,12,17,,31.0,17.0,43.0,27.0,34.0,55.0,59.0,10.0,11.0,11.0,9.0,31,7,27.0,17.0,32.0,9,16,10,16,18.0,,9,19,16.0,,16,19.0,17.0,9.0,15,33.0,7.0,,15,31.0,19.0,26.0,,28.0,41.0,17,17.0,0,16.0,17,11,16,26.0,27.0,20.0,27.0,29.0,22.0,,,48.0,55.0,34.0,16,18.0,24.0,33,43.0,,25.0,24.0,18,14.0,39.0,,14,36,,11,43.0,15.0,55.0,28.0,8,10.0,48,28,29.0,19,53.0,17,56.0,,33.0,14,47,43.0,12.0,19,19.0,30,42.0,9,,30.0,35.0,30.0,22.0,19.0,15,14.0,29.0,,38.0,30.0,25.0,22.0,45,17,12.0,12,19,17,24.0,59.0,18.0,18.0,26.0,20.0,34,21.0,50.0,17.0,30,24.0,18.0,22.0,17.0,22.0,7,9.0,43.0,11.0,58.0,12.0,20.0,22.0,32,,58.0,43.0,,,7.0,31.0,29,33.0,,28.0,29.0,19,18,,8.0,15,42.0,57.0,12.0,28,10.0,46.0,20.0,9.0,12,,9.0,30.0,,23.0,15.0,51.0,14.0,39.0,21,29,22.0,19.0,,12.0,28.0,24.0,21.0,36.0,38.0,48.0,25,15,34.0,23,17.0,18.0,45.0,18.0,14,7,23.0,12.0,56.0,25.0,38.0,19.0,51.0,31.0,40.0,14,16.0,,,38.0,20.0,19.0,48,26.0,10.0,9.0,19,,12.0,32.0,43.0,29.0,41.0,20,44.0,37,30.0,50.0,29.0,48.0,13.0,26.0,40.0,19.0,34.0,17.0,59.0,22.0,39.0,12.0,25.0,35.0,56.0,22.0,7.0,,56.0,23,16.0,,18,19.0,44.0,50,27.0,32.0,36.0,22,12,11,26.0,22.0,,20.0,31.0,8.0,19.0,,20.0,14,8.0,17,47.0,26,18,18.0,26,16.0,7.0,14.0,11.0,17,16.0,16.0,13.0,13.0,28.0,,25,,38,9.0,6.0,55.0,36,54.0,17,26,18.0,21.0,19.0,16,18.0,12.0,4,24.0,,20.0,24.0,,35.0,12.0,21.0,17,18.0,30.0,47.0,,40.0,52.0,35.0,13.0,15,25.0,13,18.0,35.0,23.0,23.0,25,12,10.0,9.0,10.0,23.0,42.0,25.0,33.0,8.0,30.0,17,17.0,7.0,36,23,20.0,,15,31.0,21.0,25,24.0,10,6,24,17.0,15.0,41.0,,24.0,50.0,20.0,0.0,17.0,8.0,24.0,30.0,8.0,6.0,27.0,16.0,52.0,24.0,12.0,19.0,,24.0,33.0,38.0,,,24.0,,22.0,25.0,7.0,47.0,18.0,21.0,33.0,33.0,16.0,24.0,30.0,17.0,51.0,20.0,15.0,26.0,34.0,52.0,34.0,43.0,24,24.0,17.0,,15,37.0,45.0,28.0,18.0,32.0,23.0,33.0,29.0,23.0,0.0,25.0,23.0,37.0,26.0,59.0,10.0,46.0,33.0,26.0,40.0,23.0,,36.0,25.0,21.0,37.0,,21.0,11,24.0,16.0,14.0,25,14.0,31.0,23.0,26.0,9.0,15.0,23.0,,22.0,19,25.0,19.0,40.0,9.0,19.0,36.0,25,27,38.0,48.0,41.0,31.0,33.0,39.0,32,8,27.0,40.0,16.0,,0.0,14.0,,8.0,38.0,50.0,35.0,,34.0,23.0,40.0,20.0,18,14.0,27.0,,40.0,27.0,20,,21,14.0,24,32.0,,28.0,36.0,19.0,18.0,19.0,23.0,16.0,10.0,16.0,17.0,21,48.0,,22.0,,31.0,26,,34.0,20.0,,41.0,0.0,15.0,53.0,26.0,8,16,38.0,18.0,37.0,32.0,21.0,9.0,18.0,39.0,15,19.0,57.0,43.0,57.0,44.0,16.0,28.0,27.0,36,,22.0,13.0,49,15,24.0,32.0,17.0,40.0,13.0,,36.0,22.0,39.0,26.0,19.0,14.0,16.0,15.0,25.0,9,33.0,27.0,21.0,14.0,19.0,14,25.0,40.0,7,28.0,17.0,14.0,13.0,43.0,22.0,21.0,55.0,19.0,57.0,17.0,16,,49.0,31.0,26.0,15,38.0,29.0,31.0,20.0,52.0,,36.0,29.0,25.0,8.0,51.0,25.0,30.0,22,20,,19.0,35.0,16.0,15.0,27,22,45.0,42.0,24.0,17.0,,45.0,13.0,27.0,30.0,20.0,,53.0,31.0,22.0,49.0,24,23,12.0,17.0,36.0,44.0,,20,16.0,21.0,,19.0,19.0,53.0,26.0,8.0,23.0,27.0,20.0,51.0,26.0,58.0,23.0,16,18.0,30.0,0,35.0,34.0,15.0,36.0,13.0,17.0,49.0,,8.0,,11.0,39.0,14.0,24.0,41.0,14.0,55.0,16.0,47.0,,12.0,49.0,34.0,39.0,,42.0,,38.0,27.0,28.0,23.0,10.0,17.0,,45.0,24.0,,37.0,14.0,21.0,49.0,57.0,34.0,26.0,,15.0,55.0,0.0,20.0,14.0,14.0,17.0,50.0,53.0,7.0,16.0,36.0,12.0,15.0,,45.0,16,,16.0,,31.0,11.0,,10.0,,31.0,51.0,,24.0,52.0,16.0,34.0,12.0,6.0,8.0,19.0,16.0,15.0,49.0,0.0,18.0,48.0,13.0,18.0,13.0,34.0,33.0,49.0,23.0,14.0,49.0,15.0,15.0,44.0,,35.0,34.0,42.0,36.0,36.0,39.0,38.0,,27,43.0,23.0,12.0,26.0,,17.0,29.0,18.0,,15,33.0,34.0,15.0,38.0,15.0,21.0,50.0,17.0,13.0,31.0,19.0,42.0,52.0,39.0,34.0,32.0,11,10.0,16.0,34.0,40.0,34.0,37.0,38.0,10.0,6.0,54.0,13.0,28.0,9.0,19.0,26.0,31.0,,,44.0,7.0,,,10.0,18.0,27,17,20.0,24.0,6.0,19.0,,16.0,13.0,26.0,24.0,16.0,33.0,47.0,58.0,,42.0,29.0,39.0,49.0,25.0,31.0,10.0,24.0,45.0,23.0,43.0,0.0,37.0,16.0,,27.0,43.0,13.0,17.0,,12.0,27.0,25.0,47.0,14.0,28.0,48.0,52.0,19.0,32.0,19.0,51.0,58.0,14.0,27,18.0,15.0,34.0,25.0,30,23.0,21.0,48.0,21.0,35.0,,35.0,,11,58.0,18.0,21.0,23.0,,20.0,21.0,25,,,22.0,30.0,27,,21.0,46.0,23.0,,,55.0,20.0,17.0,30.0,40.0,54.0,16.0,14.0,,25.0,33.0,,48.0,28.0,29.0,40.0,21.0,25.0,23,29.0,24.0,16.0,39.0,37.0,34.0,,31.0,16.0,10.0,19.0,26.0,16.0,18,19.0,28.0,14.0,37.0,19.0,12.0,27.0,9.0,19.0,,24.0,29.0,35.0,34.0,,58.0,35.0,49.0,,23.0,,20.0,,24.0,17.0,56.0,22.0,25.0,50.0,38.0,24.0,,17.0,45.0,52.0,,17.0,,,40.0,25.0,,13.0,,25.0,10.0,,21.0,16.0,10.0,41.0,53.0,10.0,,47.0,19.0,24.0,13.0,18.0,18.0,52.0,49.0,9.0,20.0,24.0,1.0,0.0,36.0,,16,18.0,,9.0,,,29.0,22.0,35.0,30.0,58.0,14.0,,27.0,36.0,12.0,38.0,,33.0,40.0,15.0,58.0,54.0,27.0,37.0,19.0,54.0,10.0,15.0,27.0,,54.0,23.0,,,50.0,7.0,32.0,27.0,46.0,,,24.0,51.0,31.0,39.0,16.0,,23.0,17.0,16.0,49.0,46.0,20.0,17.0,29.0,19.0,23.0,30.0,53.0,7.0,38.0,,,58.0,17.0,25.0,16.0,37.0,32.0,,22.0,39.0,13.0,16.0,23.0,26.0,25.0,11.0,39.0,23.0,46.0,27.0,,56.0,35.0,22.0,23.0,23.0,20.0,36.0,35.0,22.0,,41.0,11.0,28.0,,29.0,34.0,30.0,9.0,41.0,30.0,37.0,28.0,12.0,17.0,35.0,,22.0,37.0,58.0,46.0,21.0,,16.0,20.0,17.0,27.0,,29.0,,,35.0,,19.0,,26.0,31,,,24.0,56.0,39.0,16.0,29.0,55.0,22.0,8.0,35,43.0,33.0,11.0,31.0,18.0,52.0,18.0,12.0,23,43.0,40.0,39.0,,52.0,46.0,55.0,22.0,48.0,39.0,36.0,23.0,29.0,35.0,40.0,58.0,,2.0,27.0,54.0,31.0,26.0,,,37.0,5.0,16.0,38.0,32.0,,6.0,58.0,23.0,59.0,7.0,34.0,7.0,37.0,18.0,39.0,12.0,24.0,20.0,42.0,14.0,30.0,7.0,34.0,6.0,,34.0,,36.0,,13.0,24.0,32.0,50.0,0.0,57.0,37.0,57.0,46.0,20.0,,40.0,34.0,32.0,17.0,36.0,23.0,21.0,10.0,22.0,43.0,12.0,36.0,28.0,,38.0,13.0,41.0,59.0,8.0,,37.0,26.0,20.0,42.0,,14.0,17.0,20.0,26.0,56.0,25.0,23.0,51.0,32.0,,20.0,24.0,15.0,19.0,,31.0,12.0,6.0,18,24.0,17.0,2.0,,29.0,45.0,,50.0,,14.0,,22.0,,,28.0,26.0,17.0,39.0,34.0,,47.0,20.0,20.0,39.0,,18.0,37.0,35.0,26.0,59.0,46.0,28.0,16.0,43.0,16.0,41.0,29.0,24.0,13.0,29.0,11.0,21.0,38.0,58.0,32.0,,35.0,29.0,,36.0,20.0,33.0,30.0,32.0,30.0,49.0,8.0,30.0,26.0,29.0,55.0,23.0,28.0,,,,59.0,34.0,47.0,25.0,26.0,21.0,22.0,18.0,46.0,52.0,9.0,22.0,,14,23.0,22.0,17,20.0,43.0,44.0,41.0,14.0,33.0,23.0,17.0,16.0,26.0,0.0,,37.0,15.0,58.0,23.0,52.0,32.0,33.0,,24.0,,23.0,13.0,46.0,,49.0,25.0,25.0,33.0,39.0,27.0,28.0,15.0,,55.0,33.0,52.0,35.0,35.0,,21.0,,23.0,35.0,17.0,42.0,17.0,28.0,,,31.0,26.0,29.0,30.0,18.0,43.0,,35.0,0.0,34.0,46.0,31.0,18.0,42.0,7.0,21.0,27.0,12.0,,,41.0,37.0,,18.0,32.0,,8.0,22.0,29.0,21.0,23.0,15.0,37.0,,15.0,34.0,36.0,33.0,50.0,,36.0,19.0,13.0,18.0,50.0,,39.0,20.0,13.0,15.0,32.0,11.0,55.0,46.0,28.0,,6.0,26.0,29.0,26.0,54.0,,25.0,25.0,40.0,,,42.0,26.0,21.0,36.0,24.0,51.0,,,35.0,39.0,13.0,43.0,16.0,24.0,,45.0,54.0,,22.0,,39.0,51.0,7.0,31.0,42.0,30.0,22.0,41.0,20.0,30.0,20.0,42.0,12.0,20.0,18.0,59.0,,42.0,36.0,,,,,32.0,59.0,12.0,,,,21.0,17.0,45.0,27.0,23.0,17.0,11.0,8.0,54.0,42.0,58.0,13.0,28.0,19.0,38.0,42.0,31.0,25.0,30.0,35.0,,,31.0,9.0,18.0,37.0,14.0,25.0,,,12.0,49.0,23.0,22.0,,10.0,38.0,0.0,,35.0,32.0,,37.0,47.0,23.0,24.0,47.0,24.0,27.0,28.0,24.0,46.0,22.0,0.0,,18.0,27.0,17.0,57.0,10.0,23.0,39.0,45.0,38.0,47.0,,10.0,17.0,15.0,13.0,26.0,46.0,,53.0,46.0,44.0,29.0,58.0,,46.0,57.0,38.0,12.0,12.0,,3.0,21.0,48.0,51.0,18.0,,10.0,18.0,15.0,32.0,,,47.0,29.0,51.0,,53.0,6.0,,36.0,25.0,30.0,43.0,16.0,31.0,,26.0,32.0,,,37.0,57.0,0.0,16.0,,17.0,27.0,44.0,20.0,15.0,28.0,24.0,15.0,48.0,19.0,29.0,12.0,28.0,20.0,31.0,34.0,17.0,21.0,15.0,,,57.0,38.0,44.0,40.0,14.0,58.0,30.0,34.0,12.0,32.0,40.0,,40.0,24.0,45.0,45.0,32.0,,,21.0,16.0,20.0,16.0,,41.0,49.0,55.0,45.0,,35.0,24.0,47.0,,14.0,24.0,36.0,14.0,,31.0,18.0,,22.0,27.0,,15.0,13.0,,,50.0,,37.0,,42.0,39.0,,24.0,,15.0,21.0,20.0,12.0,,29.0,20.0,37.0,,20.0,8.0,,28.0,20.0,19.0,9.0,41.0,12.0,13.0,33.0,,,23.0,27.0,17.0,54.0,39.0,,34.0,46.0,22.0,19.0,22.0,,16.0,,28.0,18.0,51.0,32.0,,49.0,10.0,19.0,,26.0,,33.0,35.0,27.0,0.0,22.0,30.0,,11.0,25.0,,21.0,26.0,39.0,,19.0,12.0,36.0,29.0,47.0,22.0,53.0,42.0,30.0,41.0,52.0,0.0,19.0,23.0,59.0,15.0,18.0,38.0,,,50.0,,31.0,21.0,45.0,,,58.0,52.0,24.0,27.0,51.0,47.0,,36.0,11.0,20.0,40.0,,47.0,26.0,54.0,32.0,,21.0,,22.0,34.0,54.0,56.0,23.0,19.0,21.0,11.0,,21.0,14.0,,17.0,44.0,,0.0,50.0,19.0,25.0,,57.0,,52.0,11.0,25.0,13.0,48.0,32.0,41.0,47.0,29.0,11.0,29.0,34.0,,43.0,32.0,39.0,39.0,38.0,36.0,,28.0,21.0,55.0,,13.0,10.0,11.0,,,47.0,18.0,50.0,45.0,7.0,32.0,,37.0,31.0,27.0,43.0,51.0,0.0,39.0,33.0,51.0,17.0,,55.0,,26.0,42.0,34.0,,19.0,22.0,37.0,22.0,57.0,9.0,29.0,10.0,,6.0,16.0,38.0,16.0,,15.0,,14.0,15.0,47.0,26.0,47.0,38.0,32.0,,,48.0,,,16.0,28.0,46.0,17.0,,23.0,40.0,44.0,20.0,49.0,36.0,6.0,,36.0,32.0,51.0,12.0,,27.0,,15.0,,51.0,43.0,35.0,25.0,10.0,49.0,53.0,45.0,40.0,20.0,,35.0,30.0,35.0,38.0,36.0,37.0,28.0,44.0,42.0,,58.0,,,,44.0,,23.0,27.0,42.0,,33.0,28.0,23.0,55.0,24.0,18.0,57.0,,23.0,17.0,32.0,,23.0,20.0,,50.0,28.0,39.0,40.0,38.0,8.0,44.0,,21.0,35.0,25.0,18.0,19.0,22.0,41.0,31.0,40.0,13.0,19.0,47.0,,34.0,32.0,,40.0,44.0,45.0,47.0,54.0,54.0,11.0,45.0,,27.0,20.0,32.0,,20.0,31.0,9.0,28.0,45.0,17.0,0.0,45.0,23.0,,,27.0,,35.0,59.0,,34.0,0.0,34.0,30.0,13.0,45.0,17.0,26.0,,,17.0,42.0,37.0,22.0,26.0,13.0,23.0,18.0,35.0,51.0,55.0,50.0,21.0,16.0,55.0,52.0,,35.0,44.0,,34.0,27.0,13.0,,54.0,32.0,18.0,26.0,53.0,,34.0,24.0,,8.0,19.0,23.0,28.0,,52.0,50.0,,15.0,51.0,39.0,38.0,,49.0,,13.0,56.0,33.0,,,8.0,41.0,31.0,,0.0,,,28.0,,40.0,46.0,26.0,16.0,54.0,,,23.0,,28.0,36.0,29.0,17.0,,,,23.0,23.0,,,30.0,32.0,50.0,,26.0,40.0,13.0,57.0,18.0,57.0,,47.0,44.0,,34.0,8.0,45.0,3.0,,27.0,18.0,,17.0,22.0,25.0,,56.0,47.0,26.0,,33.0,56.0,,35.0,,38.0,20.0,4.0,51.0,31.0,33.0,,,19.0,31.0,39.0,,30.0,11.0,20.0,7.0,24.0,22.0,32.0,46.0,18.0,,,54.0,44.0,,50.0,,17.0,45.0,,52.0,37.0,16.0,,31.0,55.0,,47.0,13.0,28.0,7.0,53.0,30.0,24.0,38.0,54.0,,,,,28.0,18.0,34.0,,,41.0,36.0,9.0,15.0,38.0,33.0,27.0,47.0,,39.0,,25.0,47.0,11.0,29.0,27.0,,,19.0,24.0,45.0,21.0,,,,27.0,9.0,11.0,,45.0,39.0,,33.0,,,28.0,26.0,8.0,32.0,39.0,,54.0,9.0,,,47.0,36.0,8.0,43.0,20.0,42.0,38.0,,51.0,44.0,51.0,,,38.0,20.0,10.0,,,,,19.0,23.0,47.0,33.0,21.0,52.0,49.0,25.0,31.0,59.0,17.0,,,23.0,,,,,22.0,16.0,52.0,,19.0,20.0,,11.0,,,13.0,39.0,45.0,,41.0,48.0,,10.0,32.0,,51.0,20.0,33.0,,,14.0,,,,22.0,14.0,9.0,51.0,,40.0,28.0,43.0,,14.0,8.0,,,32.0,,54.0,,15.0,35.0,34.0,18.0,31.0,,,24.0,9.0,,35.0,0.0,,37.0,13.0,21.0,22.0,23.0,57.0,,58.0,59.0,,,33.0,50.0,,,18.0,54.0,11.0,12.0,58.0,43.0,,,,36.0,26.0,43.0,5.0,46.0,10.0,46.0,18.0,46.0,6.0,,55.0,25.0,39.0,,,47.0,59.0,34.0,12.0,21.0,25.0,,,,28.0,22.0,,22.0,,30.0,40.0,42.0,21.0,,30.0,,34.0,16,3,2.5858156028368797,17.98030821917808,-0.36475777255754077
2,1,3,8,1,5,3,6,2,4,5,7,6,3,7,4,10,5,15,6,0,4,6,4,4,7,8,7,4,7,5,8,5,9,7,5,10,9,9,0,10,8.0,11,7,9,8,6,9,9,17,9,2,8,4,18,30,10,10,5,7,5,6,8,10,15.0,9,25,8,6,4,19,13,10,8,6,13,10,18,4,5,5,7,5,7,9,13,8,10,23,12,11,8,15,8,15,8,12,7,16,18,24,11,7,4,10,6,15,9,17,9,1,9.0,11,15,7.0,16,14,12,11,24,10,12,1,10,10,11,8,4.0,16,9,25,10,8.0,7,27,23.0,18,9,16,8,16,10,20,20,9.0,45.0,4,44.0,9,11,7,8,18.0,9,12,22,8,11.0,31,17,16,10,10,7,19,24.0,18,9,16,17,11,,9,21,14,20,0,13.0,16,11.0,10,12,8,12,14,10.0,19.0,5,19,50.0,,10,29,19,10,20,13,14,10.0,12,6,,13,5,15,7,31.0,15,7,15,17,,12,12,7,21,13,14,9,29.0,28.0,6,22,6,18.0,11,13,33,45.0,12,15.0,30.0,7,0,37.0,15,28,8,5.0,,12,14,9,9,24,24.0,22,13,8,10,7,8,14.0,21.0,12,12.0,22.0,14.0,16.0,6,25.0,0,10,7,32.0,23.0,11.0,24.0,4.0,17,22.0,14.0,21.0,13,9,43.0,2,22,32,16.0,0.0,,28,13.0,16,13,12.0,27.0,17,13.0,23.0,11,0,26.0,10,15.0,7.0,36.0,19,16,,14,14,16,11,22,23,0,16,4,13,4,9,15.0,19.0,17,18,12,19.0,27.0,13,20,6,,30,21.0,11,14,7,7,12,54.0,6,19.0,11,18,17.0,10,9,22,41.0,14.0,15,12.0,,9.0,18.0,13.0,11,8.0,20,18,5,25.0,8,28.0,15.0,21,,14.0,35.0,23,41.0,10,14,15,16,8,28,17,7.0,15,10.0,18,7,11,22.0,24,43.0,17,22.0,16,20.0,13,10,13.0,27,31.0,10,22.0,13.0,13,31,15.0,37.0,23.0,9.0,25.0,26,25.0,18.0,13,21.0,11,12,2.0,11.0,17,33.0,8,6.0,,14,22,11,28.0,4,20.0,35.0,17,11.0,24,,9,11,11,23.0,52.0,3,25,45,17.0,39.0,12,27,29.0,6,3.0,,27.0,23.0,42.0,8.0,6.0,,42.0,29.0,17,16,27.0,8.0,35.0,27.0,36.0,31.0,17.0,13.0,19,7,7.0,6.0,20,48.0,6.0,35.0,0.0,39.0,28.0,18,11,,21.0,53.0,26.0,7,9.0,20.0,22.0,30,10,16,35.0,19.0,48.0,27.0,12,25,41.0,28.0,28,20.0,22.0,21,,23.0,36.0,7,27.0,21,31.0,29.0,31.0,10,34.0,23,15.0,13,5,23.0,22.0,24.0,30.0,21,16,13,15.0,14,15.0,21,0,,15,21,8.0,19.0,16,33,15.0,22.0,57.0,23.0,8.0,14.0,21,26.0,10,13,54.0,7.0,42.0,54.0,17.0,11.0,14,16,6.0,11.0,12.0,21.0,29.0,31.0,28,,16,22.0,13.0,,12.0,22,17.0,29,44.0,12.0,28.0,26,29.0,18.0,14.0,16,23,15.0,29.0,32.0,55.0,,0.0,20.0,24.0,18.0,14.0,49.0,,23,20,49.0,,19.0,7,9,7,20,15.0,46.0,12,9,25.0,,25,18.0,31.0,8.0,13,,48.0,,28,26.0,52.0,20.0,,16.0,30.0,10,19.0,15,18.0,34,15,23,11.0,22.0,32.0,,23.0,48.0,10.0,25.0,9.0,15.0,16.0,9,22.0,38.0,12,,14.0,19.0,11.0,16,24.0,15.0,18.0,7,15,14.0,7,10.0,10.0,4.0,35.0,17,35.0,7,21,18.0,18,12.0,14,14.0,30.0,12.0,26,22,52.0,44.0,32,,21,9.0,14,24.0,16.0,21.0,28.0,33.0,8.0,16,33.0,37.0,19.0,,13.0,46.0,48.0,10,14,12.0,14,15,11,29.0,,15.0,55.0,,48.0,19,14.0,11.0,6.0,9,17.0,24.0,23.0,,14.0,20,41.0,18.0,12.0,,42.0,22.0,21.0,24,30.0,,17.0,30.0,25.0,9.0,16.0,37,23.0,42.0,12.0,6.0,13,9,36.0,46.0,17,15.0,13.0,16.0,15,15.0,,10.0,38.0,9,22.0,12.0,13.0,6.0,36.0,22.0,,20.0,6.0,14,18,9.0,29.0,,29.0,11.0,18.0,29.0,29.0,11.0,30.0,12,17,45.0,21,,0.0,37.0,28.0,24,15,17.0,11.0,12.0,25.0,,21.0,,14.0,45.0,16,33.0,34.0,24.0,21.0,23.0,38.0,20,28.0,23.0,14.0,34,48.0,17.0,48.0,21.0,19.0,12.0,31,35.0,20,52.0,29.0,35.0,18.0,36.0,14.0,30.0,23.0,0.0,16.0,24.0,40.0,16.0,48.0,35.0,29.0,,9.0,42.0,,5.0,29,18.0,21.0,20,24.0,,8,32.0,17.0,11.0,26,12,10,31.0,31.0,50.0,,11.0,26.0,15.0,23.0,19.0,20,6.0,17,22.0,25,22,8.0,15,,17.0,6.0,19.0,14,11.0,12.0,36.0,35.0,36.0,11.0,9,17.0,20,50.0,23.0,38.0,45,43.0,11,14,33.0,11.0,,18,6.0,27.0,25,32.0,,,24.0,10.0,42.0,,21.0,17,8.0,18.0,,16.0,27.0,18.0,43.0,26.0,15,21.0,32,30.0,26.0,31.0,33.0,10,15,31.0,2.0,16.0,20.0,23.0,15.0,17.0,38.0,49.0,7,22.0,27.0,20,21,15.0,57.0,29,34.0,35.0,6,,29,23,12,16.0,28.0,14.0,,49.0,45.0,16.0,35.0,46.0,18.0,28.0,33.0,43.0,24.0,36.0,,36.0,,16.0,27.0,0.0,24.0,57.0,18.0,24.0,,1.0,,5.0,10.0,20.0,21.0,22.0,44.0,17.0,23.0,28.0,20.0,47.0,29.0,13.0,15.0,23.0,38.0,51.0,34.0,57.0,47.0,49,16.0,28.0,56.0,13,19.0,28.0,5.0,20.0,24.0,39.0,7.0,12.0,,26.0,45.0,,25.0,29.0,16.0,15.0,16.0,13.0,17.0,6.0,29.0,12.0,,26.0,30.0,22.0,29.0,31.0,4,0.0,34.0,36.0,23,31.0,33.0,14.0,20.0,9.0,11.0,38.0,48.0,47.0,21,19.0,45.0,12.0,18.0,26.0,,17,16,16.0,7.0,28.0,,33.0,33.0,27,12,19.0,47.0,19.0,,29.0,20.0,,15.0,29.0,6.0,17.0,36.0,,32.0,19.0,30.0,23,12.0,10.0,55.0,51.0,,8,9.0,5,30.0,34,48.0,16.0,28.0,,48.0,21.0,15.0,30.0,6.0,24.0,31.0,8.0,5,43.0,32.0,,13.0,,13,24.0,,6.0,35.0,15.0,3.0,36.0,37.0,14.0,34,30,,15.0,6.0,12.0,8.0,25.0,41.0,38.0,7,,21.0,,13.0,45.0,42.0,49.0,23.0,5,18.0,39.0,25.0,7,19,9.0,40.0,8.0,22.0,34.0,52.0,30.0,27.0,22.0,20.0,29.0,26.0,17.0,,23.0,25,33.0,27.0,57.0,31.0,,24,31.0,40.0,0,31.0,23.0,56.0,,43.0,53.0,19.0,43.0,23.0,8.0,30.0,10,52.0,44.0,16.0,9.0,16,36.0,,34.0,22.0,15.0,,22.0,14.0,,4.0,32.0,25.0,,26,22,,,30.0,47.0,13.0,18,19,10.0,,21.0,,0.0,18.0,17.0,22.0,22.0,,15.0,32.0,26.0,27.0,30.0,9,15,29.0,10.0,15.0,3.0,28.0,14,,2.0,26.0,27.0,13.0,42.0,12.0,48.0,3.0,31.0,5.0,18.0,43.0,53.0,27.0,23,30.0,7.0,25,,9.0,11.0,35.0,0.0,36.0,20.0,,8.0,46.0,35.0,47.0,25.0,40.0,55.0,27.0,24.0,11.0,30.0,,,42.0,35.0,13.0,,57.0,,25.0,23.0,24.0,42.0,44.0,,,23.0,33.0,31.0,,13.0,52.0,31.0,21.0,38.0,,44.0,15.0,,55.0,43.0,,0.0,11.0,48.0,30.0,25.0,7.0,,6.0,21.0,,23.0,26,21.0,10.0,30.0,54.0,14.0,31.0,32.0,11.0,11.0,36.0,38.0,35.0,50.0,28.0,34.0,18.0,,8.0,,41.0,26.0,15.0,26.0,22.0,27.0,57.0,30.0,,16.0,,32.0,,17.0,24.0,29.0,25.0,,43.0,,34.0,30.0,24.0,30.0,24.0,54.0,,22,15.0,33.0,28.0,35.0,20.0,28.0,22.0,33.0,39.0,3,31.0,,20.0,45.0,31.0,19.0,16.0,18.0,15.0,18.0,39.0,41.0,,,27.0,,13,12.0,11.0,22.0,20.0,22.0,4.0,39.0,32.0,3.0,12.0,20.0,20.0,,23.0,16.0,15.0,21.0,27.0,12.0,13.0,48.0,,11.0,12.0,12,27,21.0,31.0,19.0,26.0,17.0,30.0,18.0,43.0,44.0,12.0,,26.0,5.0,13.0,48.0,13.0,32.0,,26.0,29.0,20.0,19.0,32.0,44.0,53.0,33.0,42.0,8.0,33.0,27.0,7.0,,48.0,21.0,,,29.0,,9.0,16.0,47.0,48.0,52.0,21.0,49.0,20.0,33.0,13.0,11,18.0,24.0,15.0,,10,,30.0,26.0,52.0,29.0,44.0,18.0,44.0,27,27.0,14.0,27.0,,,17.0,,26,16.0,12.0,10.0,25.0,22,28.0,39.0,15.0,35.0,24.0,22.0,,34.0,0.0,,22.0,,18.0,25.0,39.0,11.0,44.0,32.0,37.0,27.0,10.0,15.0,25.0,,30,51.0,45.0,26.0,21.0,46.0,,15.0,11.0,9.0,12.0,29.0,14.0,21.0,18,23.0,20.0,30.0,,,47.0,31.0,32.0,33.0,34.0,40.0,36.0,,11.0,42.0,33.0,17.0,39.0,34.0,32.0,23.0,,,14.0,43.0,26.0,20.0,,34.0,24.0,17.0,41.0,15.0,,3.0,47.0,48.0,29.0,,32.0,15.0,,3.0,,13.0,17.0,18.0,51.0,,10.0,53.0,32.0,0.0,10.0,36.0,,27.0,48.0,22.0,23.0,31.0,37.0,9.0,31.0,32.0,22.0,48.0,28.0,37.0,33,13.0,55.0,34.0,33.0,10.0,22.0,19.0,,34.0,35.0,53.0,18.0,12.0,44.0,33.0,24.0,27.0,23.0,55.0,19.0,29.0,,43.0,20.0,39.0,,22.0,,32.0,,30.0,38.0,,11.0,,31.0,25.0,29.0,18.0,22.0,5.0,52.0,,4.0,56.0,29.0,,26.0,12.0,,53.0,,20.0,11.0,53.0,28.0,12.0,49.0,,15.0,20.0,30.0,,19.0,43.0,18.0,41.0,18.0,,37.0,,,16.0,24.0,26.0,,34.0,23.0,9.0,10.0,26.0,15.0,10.0,31.0,16.0,11.0,,24.0,23.0,32.0,,16.0,,43.0,47.0,21.0,25.0,31.0,,0.0,22.0,30.0,51.0,37.0,48.0,14.0,,49.0,18.0,45.0,,,27.0,33.0,53.0,22.0,19.0,30.0,51.0,12.0,52.0,34.0,18.0,8.0,28.0,44.0,41.0,11.0,8,15.0,9.0,21.0,23.0,24.0,18.0,42.0,14.0,20.0,44.0,26,,15.0,16.0,32.0,12.0,43.0,34.0,39.0,13,14.0,30.0,15.0,22.0,,50.0,20.0,27.0,,21.0,26.0,10.0,,18.0,,,12.0,26.0,44.0,12.0,,20.0,48.0,29.0,21.0,13.0,21.0,10.0,23.0,32.0,26.0,14.0,44.0,20.0,47.0,16.0,33.0,31.0,57.0,39.0,19.0,17.0,28.0,38.0,18.0,27.0,53.0,,50.0,29.0,29.0,39.0,49.0,,,35.0,9.0,21.0,52.0,,54.0,13.0,2.0,13.0,24.0,23.0,36.0,49.0,11.0,30.0,12.0,12.0,19.0,13.0,24.0,15.0,40.0,16.0,16.0,34.0,15.0,,38.0,15.0,3.0,29.0,39.0,,47.0,26.0,6.0,,25.0,36.0,,25.0,20.0,,,,44.0,27.0,21.0,33.0,56.0,20.0,16.0,10.0,26,21.0,,32.0,,,31.0,,54.0,34.0,24.0,,7.0,55.0,25.0,6.0,18.0,9.0,40.0,10.0,57.0,42.0,23.0,51.0,,37.0,51.0,39.0,,22.0,50.0,24.0,40.0,13.0,,39.0,48.0,38.0,35.0,17.0,25.0,25.0,18.0,27.0,28.0,32.0,,4.0,,12.0,32.0,23.0,30.0,21.0,43.0,,23.0,31.0,40.0,13.0,12.0,21.0,19.0,0.0,28.0,21.0,,47.0,24.0,10.0,34.0,13.0,,21.0,43.0,20.0,5.0,23.0,42.0,17.0,11,8.0,21.0,19,46.0,,,,9.0,41.0,48.0,12.0,6.0,46.0,56.0,17.0,,13.0,,36.0,,20.0,35.0,,23.0,13.0,34.0,27.0,,,53.0,17.0,21.0,17.0,8.0,20.0,,13.0,,,,,,14.0,38.0,34.0,17.0,22.0,12.0,15.0,,13.0,33.0,43.0,50.0,,46.0,,33.0,15.0,6.0,19.0,56.0,34.0,,15.0,33.0,30.0,44.0,,19.0,,23.0,8.0,,33.0,33.0,46.0,48.0,13.0,32.0,,18.0,,21.0,21.0,37.0,48.0,26.0,26.0,32.0,56.0,32.0,21.0,,27.0,28.0,25.0,,,,30.0,,19.0,,31.0,,,32.0,41.0,41.0,20.0,12.0,23.0,,27.0,21.0,27.0,40.0,27.0,32.0,24.0,,26.0,,27.0,37.0,,,27.0,28.0,10.0,10.0,,22.0,31.0,12.0,31.0,14.0,,18.0,16.0,31.0,19.0,15.0,,,,,42.0,22.0,45.0,,7.0,6.0,9.0,9.0,16.0,46.0,23.0,,23.0,,39.0,52.0,53.0,38.0,18.0,48.0,33.0,44.0,14.0,14.0,32.0,,25.0,26.0,24.0,26.0,33.0,14.0,22.0,17.0,,6.0,,20.0,51.0,,37.0,24.0,,32.0,12.0,30.0,,15.0,,,,29.0,,7.0,10.0,0.0,30.0,10.0,21.0,44.0,45.0,17.0,,,10.0,21.0,21.0,20.0,46.0,,52.0,,38.0,52.0,31.0,,18.0,6.0,19.0,40.0,18.0,18.0,27.0,50.0,23.0,53.0,38.0,52.0,29.0,21.0,24.0,24.0,13.0,30.0,,17.0,22.0,26.0,46.0,43.0,24.0,50.0,44.0,29.0,29.0,9.0,35.0,37.0,,19.0,49.0,49.0,,40.0,15.0,31.0,29.0,26.0,27.0,23.0,2.0,16.0,41.0,28.0,26.0,31.0,31.0,7.0,20.0,9.0,,27.0,,20.0,34.0,19.0,,23.0,18.0,36.0,20.0,23.0,25.0,18.0,32.0,25.0,1.0,38.0,13.0,10.0,,56.0,28.0,,29.0,28.0,,53.0,17.0,30.0,,,13.0,,40.0,,18.0,28.0,25.0,23.0,20.0,12.0,31.0,27.0,54.0,,14.0,50.0,,19.0,,15.0,14.0,17.0,38.0,20.0,24.0,,10.0,55.0,26.0,28.0,7.0,27.0,0.0,,,,24.0,9.0,46.0,32.0,15.0,5.0,,33.0,40.0,43.0,24.0,49.0,37.0,11.0,38.0,42.0,48.0,8.0,33.0,4.0,13.0,37.0,50.0,,11.0,25.0,0.0,22.0,53.0,55.0,54.0,38.0,37.0,33.0,15.0,,48.0,37.0,34.0,,,32.0,,,16.0,16.0,22.0,25.0,32.0,30.0,17.0,11.0,26.0,11.0,26.0,17.0,37.0,,27.0,50.0,31.0,4.0,,33.0,,34.0,,33.0,36.0,35.0,28.0,28.0,23.0,47.0,20.0,32.0,46.0,19.0,25.0,,15.0,6.0,,27.0,,18.0,20.0,34.0,39.0,49.0,,20.0,10.0,47.0,,42.0,28.0,26.0,43.0,22.0,11.0,36.0,24.0,47.0,36.0,16.0,,31.0,40.0,9.0,28.0,,30.0,33.0,11.0,,,36.0,,,23.0,30.0,13.0,19.0,36.0,28.0,28.0,15.0,48.0,,55.0,13.0,36.0,54.0,,54.0,20.0,14.0,28.0,,49.0,29.0,31.0,54.0,15.0,28.0,,,,13.0,44.0,39.0,22.0,34.0,,36.0,30.0,49.0,,20.0,45.0,57.0,33.0,,13.0,44.0,26.0,19.0,50.0,,39.0,,48.0,48.0,53.0,40.0,,16.0,56.0,20.0,,8.0,13.0,,32.0,43.0,20.0,34.0,46.0,,27.0,22.0,30.0,18.0,23.0,16.0,38.0,,38.0,42.0,,,44.0,22.0,21.0,36.0,10.0,,29.0,12.0,28.0,57.0,27.0,29.0,25.0,51.0,35.0,26.0,35.0,37.0,8.0,16.0,39.0,42.0,14.0,30.0,,52.0,25.0,16.0,38.0,27.0,,56.0,33.0,28.0,44.0,23.0,19.0,,49.0,,28.0,28.0,19.0,51.0,,24.0,44.0,31.0,29.0,30.0,26.0,16.0,45.0,45.0,7.0,26.0,6.0,29.0,52.0,52.0,25.0,,29.0,20.0,5.0,36.0,36.0,24.0,10.0,31.0,0.0,,6.0,19.0,15.0,34.0,,15.0,,52.0,,,29.0,,32.0,35.0,39.0,39.0,47.0,33.0,,11.0,54.0,,15.0,,12.0,,34.0,28.0,,32.0,53.0,9.0,9.0,8.0,18.0,24.0,10.0,13.0,53.0,24.0,18.0,53.0,29.0,43.0,36.0,28.0,14.0,25.0,,,49.0,19.0,15.0,,39.0,,,,,,11.0,,,27.0,20.0,34.0,,36.0,,18.0,47.0,41.0,37.0,15.0,32.0,,17.0,27.0,15.0,33.0,,,44.0,36.0,54.0,31.0,21.0,,34.0,13.0,11.0,34.0,43.0,37.0,,40.0,46.0,7.0,42.0,22.0,14.0,57.0,39.0,42.0,10.0,25.0,,57.0,52.0,,,20.0,19.0,48.0,15.0,54.0,37.0,,11.0,,27.0,,0.0,41.0,6.0,27.0,,,18.0,14.0,30.0,57.0,31.0,11.0,44.0,28.0,,19.0,19.0,5.0,41.0,16.0,,35.0,,19.0,19.0,24.0,47.0,9.0,24.0,48.0,48.0,20.0,,44.0,21.0,,38.0,,,24.0,52.0,23.0,47.0,21.0,13.0,54.0,,48.0,38.0,21.0,21.0,,18.0,33.0,54.0,36.0,41.0,9.0,,17.0,49.0,29.0,30.0,38.0,3.0,17.0,35.0,,40.0,22.0,,2.0,34.0,46.0,10.0,,,31.0,24.0,22.0,,49.0,21.0,,24.0,8.0,25.0,39.0,26.0,20.0,41.0,46.0,13.0,33.0,45.0,,12.0,9.0,16.0,19.0,41.0,25.0,49.0,38.0,24.0,,,26.0,,31.0,,,33.0,49.0,,,23.0,16.0,43.0,,18.0,43.0,15.0,38.0,32.0,9.0,24.0,26.0,37.0,12.0,22.0,20.0,23.0,,48.0,44.0,,49.0,45.0,,,9.0,6.0,20.0,15.0,12.0,,42.0,51.0,24.0,9.0,22.0,32.0,14.0,30.0,36.0,,,,25.0,,8.0,39.0,30.0,21.0,,10.0,14.0,11.0,21.0,44.0,22.0,,,15.0,14.0,,11.0,44.0,,51.0,17.0,,31.0,39.0,21.0,,20.0,41.0,26.0,,35.0,38.0,29.0,20.0,48.0,56.0,24.0,15.0,32.0,33.0,30.0,52.0,44.0,33.0,12.0,24.0,47.0,47.0,44.0,,,,24.0,34.0,30.0,14.0,,5.0,24.0,17.0,22.0,43.0,,52.0,,,,38.0,48.0,23.0,,,44.0,47.0,19.0,15.0,45.0,35.0,5.0,24.0,33.0,,,21.0,24.0,37.0,,23.0,42.0,,,14.0,25.0,21.0,,17.0,48.0,20.0,35.0,,16.0,0.0,26.0,28.0,17.0,15.0,48.0,6.0,5.0,,54.0,54.0,,,40.0,,38.0,,,,7.0,20.0,47.0,17.0,42.0,39.0,,31.0,42.0,18.0,34.0,20.0,18.0,,27.0,48.0,19.0,,30.0,0.0,43.0,17.0,11.0,13.0,26.0,,18.0,,,6.0,,7.0,53.0,6.0,16.0,22.0,9.0,32.0,,,,7.0,16.0,53.0,19.0,40.0,27.0,12.0,10.0,49.0,46.0,24.0,,16.0,15.0,31.0,,,,30.0,29.0,23.0,29.0,17,3,2.507628294036061,17.88188302425107,-0.380001711140929
1,5,8,6,7,7,6,8,8,7,9,10,14,8,7,12,8,6,43,18,9,10,10,8,13,19,8,8,1,15,12,11,9,13,15,7,16,14,15,20,14,16.0,9,16,8,10,20,7,10,19,12,9,12,10,16,20,16,11,13,13,13,9,23,11,,13,22,7,11,14,20,13,18,10,15,14,21,20,16,14,20,12,10,15,19,15,11,3,19,15,15,14,42,17,13,18,9,15,6,19,19,20,14,12,10,17,14,18,13,16,14,50.0,8,20,16.0,9,8,19,8,22,9,7,13,19,14,11,18,10.0,13,15,27,19,50.0,0,15,15.0,17,30,24,18,20,20,18,12,21.0,,13,15.0,20,16,11,16,19.0,15,24,14,20,45.0,21,7,17,24,17,21,16,22.0,10,2,17,19,12,14.0,18,19,13,9,19,24.0,21,17.0,13,9,14,20,14,59.0,30.0,27,19,29.0,38.0,13,16,17,19,16,15,11,20.0,16,12,13.0,12,20,33,19,14.0,17,18,27,16,36.0,18,31,16,20,20,0,17,14.0,24.0,17,18,10,18.0,13,20,9,5.0,11,8.0,49.0,24,2,25.0,14,14,25,22.0,14.0,27,19,17,6,14,9.0,9,10,18,30,9,24,26.0,38.0,14,18.0,14.0,34.0,56.0,26,25.0,14,15,42,47.0,43.0,10.0,,13.0,16,24.0,13.0,8.0,16,18,22.0,6,42,12,29.0,1.0,8.0,19,23.0,12,16,13.0,19.0,18,27.0,42.0,16,14,38.0,19,30.0,11.0,25.0,21,23,25.0,5,16,22,31,16,18,21,33,12,25,31,16,15.0,12.0,40,15,15,31.0,31.0,25,24,21,22.0,38,54.0,26,15,24,13,25,17.0,9,33.0,18,18,39.0,31,27,18,,,2,46.0,12.0,8.0,20.0,26.0,23,0.0,16,20,18,21.0,8,,9.0,17,52.0,21.0,17.0,4,39.0,15,32,24,20,11,14,18,30.0,17,31.0,15,28,18,25.0,11,6.0,22,40.0,21,,30,34,25.0,24,30.0,11,30.0,12.0,21,55,59.0,22.0,34.0,10.0,32.0,16,13.0,46.0,11,,14,24,25.0,23.0,23,19.0,32,14.0,44.0,23,20,13,27.0,4,30.0,23.0,19,20.0,16,0.0,20,19,16,28.0,41.0,10,23,21,,23.0,24,19,31.0,23,23.0,48.0,15.0,28.0,,35.0,17.0,13.0,55.0,42.0,18,31,20.0,25.0,46.0,48.0,18.0,17.0,23.0,13.0,29,22,48.0,31.0,16,49.0,32.0,14.0,25.0,21.0,43.0,9,14,35.0,40.0,17.0,23.0,34,23.0,33.0,0.0,54,14,19,,,17.0,15.0,16,21,24.0,24.0,22,46.0,17.0,23,15.0,44.0,36.0,18,39.0,20,49.0,55.0,19.0,12,23.0,30,8.0,14,17,,40.0,16.0,,8,22,30,36.0,25,9.0,12,23,25.0,40,21,20.0,14.0,30,14,23.0,59.0,40.0,17.0,19.0,19.0,13,22.0,27,28,52.0,9.0,26.0,26.0,47.0,53.0,18,19,26.0,,22.0,21.0,38.0,28.0,6,28.0,12,15.0,56.0,59.0,21.0,21,23.0,17,,39.0,24.0,22,11.0,41.0,43.0,15,14,15.0,0.0,21.0,,30.0,26.0,,37.0,15.0,21.0,,17.0,21,21,38.0,54.0,15.0,15,25,21,24,57.0,42.0,17,14,27.0,20.0,27,33.0,26.0,7.0,29,14.0,,53.0,59,23.0,33.0,22.0,19.0,16.0,31.0,12,20.0,19,23.0,16,23,15,45.0,30.0,27.0,13.0,42.0,48.0,27.0,24.0,15.0,58.0,46.0,21,23.0,59.0,24,17.0,44.0,10.0,22.0,19,20.0,22.0,,15,23,45.0,24,22.0,45.0,,21.0,10,24.0,0,13,38.0,28,,18,31.0,15.0,33.0,26,27,48.0,22.0,15,17.0,14,13.0,16,41.0,29.0,32.0,8.0,21.0,28.0,26,16.0,,18.0,23.0,12.0,,12.0,21,19,27.0,28,11,17,38.0,18.0,15.0,20.0,15.0,23.0,30,46.0,40.0,28.0,21,,24.0,25.0,26.0,33.0,34,45.0,55.0,23.0,,41.0,16.0,26.0,10,43.0,,,,53.0,20.0,33.0,30,15.0,34.0,34.0,30.0,20,39,20.0,16.0,17,35.0,30.0,,17,18.0,28.0,10.0,60.0,13,32.0,23.0,18.0,23.0,30.0,22.0,19.0,20.0,53.0,22,24,,,24.0,25.0,18.0,53.0,49.0,43.0,12.0,,29,20,19.0,25,22.0,,23.0,37.0,26,9,23.0,25.0,50.0,19.0,,50.0,23.0,30.0,22.0,21,43.0,18.0,26.0,22.0,33.0,14.0,22,28.0,14.0,24.0,18,20.0,16.0,48.0,39.0,29.0,21.0,16,20.0,21,58.0,27.0,31.0,47.0,33.0,22.0,23.0,24.0,32.0,17.0,,,51.0,52.0,,31.0,,41.0,51.0,32.0,,9,37.0,28.0,16,12.0,33.0,27,30.0,19.0,19.0,29,21,14,30.0,19.0,,34.0,13.0,28.0,20.0,15.0,16.0,25,18.0,15,30.0,11,20,28.0,22,6.0,27.0,22.0,19.0,26,32.0,19.0,13.0,19.0,30.0,,11,27.0,39,38.0,48.0,10.0,20,16.0,31,60,17.0,27.0,48.0,16,40.0,26.0,15,16.0,,20.0,34.0,22.0,40.0,41.0,26.0,36,38.0,23.0,18.0,47.0,33.0,51.0,19.0,36.0,20,21.0,16,,31.0,51.0,,21,28,20.0,14.0,24.0,26.0,0.0,22.0,47.0,19.0,37.0,25,18.0,10.0,25,34,32.0,54.0,17,25.0,26.0,17,23.0,40,41,31,46.0,19.0,59.0,42.0,,38.0,44.0,47.0,28.0,29.0,58.0,11.0,14.0,36.0,20.0,,30.0,18.0,19.0,16.0,38.0,27.0,20.0,51.0,35.0,32.0,,54.0,24.0,19.0,,35.0,19.0,32.0,38.0,,19.0,18.0,45.0,25.0,60.0,22.0,24.0,22.0,40.0,37.0,56.0,33.0,18,19.0,13.0,37.0,14,45.0,8.0,,15.0,4.0,53.0,25.0,16.0,,50.0,11.0,46.0,12.0,32.0,21.0,34.0,43.0,29.0,42.0,32.0,0.0,55.0,,24.0,15.0,30.0,,23.0,7,39.0,25.0,17.0,14,17.0,45.0,52.0,26.0,,32.0,17.0,41.0,24.0,15,21.0,,24.0,36.0,13.0,33.0,7,30,37.0,41.0,18.0,55.0,28.0,11.0,18,9,,47.0,32.0,49.0,37.0,38.0,18.0,37.0,56.0,0.0,18.0,52.0,27.0,44.0,18.0,27.0,12,19.0,49.0,38.0,17.0,38.0,43,12.0,33,22.0,22,23.0,36.0,54.0,39.0,,16.0,36.0,41.0,40.0,19.0,43.0,22.0,25,37.0,41.0,32.0,53.0,39.0,31,,9.0,13.0,15.0,43.0,32.0,26.0,,6.0,11,15,38.0,27.0,21.0,23.0,,9.0,11.0,24.0,36,22.0,38.0,22.0,33.0,40.0,54.0,31.0,,21,21.0,22.0,21.0,19,17,29.0,33.0,21.0,,11.0,19.0,57.0,,21.0,35.0,37.0,24.0,30.0,,52.0,19,25.0,53.0,14.0,32.0,42.0,16,27.0,30.0,21,15.0,27.0,17.0,22.0,32.0,41.0,,48.0,23.0,20.0,49.0,22,35.0,39.0,,9.0,27,24.0,43.0,20.0,23.0,15.0,49.0,30.0,30.0,21.0,40.0,44.0,21.0,33.0,27,28,41.0,46.0,34.0,33.0,58.0,18,12,24.0,8.0,29.0,20.0,15.0,35.0,,,23.0,24.0,17.0,36.0,20.0,24.0,50.0,25,27,19.0,24.0,26.0,22.0,23.0,21,29.0,6.0,26.0,44.0,21.0,23.0,22.0,23.0,45.0,12.0,38.0,60.0,33.0,18.0,49.0,18,35.0,,26,17.0,34.0,53.0,12.0,41.0,28.0,12.0,,36.0,,13.0,49.0,20.0,36.0,21.0,20.0,36.0,25.0,28.0,,15.0,60.0,,23.0,29.0,,36.0,30.0,29.0,31.0,54.0,30.0,11.0,20.0,31.0,43.0,17.0,22.0,22.0,27.0,27.0,31.0,35.0,0.0,23.0,36.0,45.0,46.0,,24.0,21.0,27.0,47.0,,14.0,28.0,21.0,16.0,8.0,48.0,24.0,27,21.0,44.0,49.0,35.0,26.0,8.0,15.0,16.0,19.0,33.0,13.0,22.0,0.0,14.0,50.0,14.0,42.0,23.0,19.0,35.0,42.0,46.0,42.0,35.0,14.0,53.0,40.0,46.0,42.0,,,16.0,21.0,37.0,40.0,24.0,40.0,,18.0,,27.0,47.0,,16.0,0.0,10.0,13,29.0,37.0,16.0,26.0,39.0,31.0,17.0,51.0,39.0,38,28.0,53.0,44.0,21.0,40.0,34.0,18.0,39.0,17.0,42.0,26.0,57.0,,46.0,33.0,23.0,15,43.0,30.0,,20.0,32.0,,29.0,10.0,54.0,,,,19.0,58.0,21.0,23.0,,29.0,34.0,10.0,40.0,35.0,19.0,23.0,39,16,18.0,28.0,20.0,23.0,,43.0,31.0,17.0,39.0,20.0,14.0,49.0,30.0,,,32.0,,45.0,17.0,37.0,18.0,22.0,47.0,14.0,25.0,20.0,15.0,36.0,14.0,,14.0,30.0,20.0,58.0,38.0,17.0,36.0,40.0,24.0,22.0,26.0,26.0,46.0,,,,,40.0,25,24.0,21.0,24.0,24.0,14,,,,37.0,31.0,43.0,11.0,48.0,18,27.0,9.0,29.0,,31.0,,41.0,31,45.0,,45.0,22.0,31,,11.0,,45.0,22.0,13.0,4.0,36.0,45.0,8.0,,56.0,36.0,12.0,20.0,18.0,54.0,47.0,34.0,19.0,10.0,39.0,14.0,25.0,37,,35.0,45.0,18.0,27.0,16.0,21.0,46.0,48.0,,13.0,32.0,34.0,40,28.0,30.0,36.0,42.0,56.0,,0.0,55.0,28.0,35.0,25.0,,,34.0,,,21.0,35.0,39.0,,44.0,57.0,30.0,44.0,32.0,39.0,33.0,57.0,23.0,26.0,26.0,55.0,19.0,30.0,,16.0,16.0,,28.0,16.0,11.0,37.0,44.0,56.0,,36.0,49.0,36.0,25.0,16.0,27.0,56.0,15.0,31.0,,26.0,16.0,19.0,46.0,57.0,11.0,21.0,35.0,55.0,25.0,13.0,14.0,,,15,38.0,19.0,,20.0,43.0,20.0,,19.0,27.0,44.0,48.0,40.0,23.0,42.0,,9.0,29.0,30.0,53.0,13.0,37.0,,,20.0,16.0,41.0,28.0,17.0,45.0,12.0,,29.0,,51.0,6.0,37.0,40.0,50.0,34.0,,28.0,37.0,56.0,25.0,10.0,41.0,,,39.0,58.0,36.0,,,22.0,31.0,47.0,40.0,45.0,55.0,39.0,0.0,42.0,,25.0,22.0,49.0,16.0,24.0,29.0,,60.0,58.0,4.0,18.0,29.0,34.0,54.0,20.0,26.0,35.0,50.0,37.0,54.0,,46.0,13.0,,24.0,25.0,48.0,48.0,,30.0,33.0,16.0,47.0,,22.0,,52.0,35.0,46.0,47.0,40.0,5.0,4.0,42.0,51.0,38.0,13.0,11.0,14.0,38.0,23.0,44.0,60.0,39.0,25.0,41.0,21.0,44.0,28.0,13.0,33.0,16.0,,34.0,42.0,25,57.0,16.0,22.0,28.0,20.0,19.0,,32.0,26.0,25.0,10,21.0,16.0,38.0,25.0,29.0,34.0,38.0,34.0,28,34.0,54.0,,22.0,46.0,49.0,31.0,,45.0,47.0,,20.0,31.0,,37.0,25.0,12.0,36.0,18.0,,,30.0,43.0,25.0,,15.0,51.0,39.0,30.0,25.0,38.0,,41.0,47.0,15.0,18.0,41.0,17.0,36.0,15.0,32.0,48.0,48.0,20.0,,35.0,43.0,50.0,3.0,,10.0,28.0,,47.0,59.0,10.0,21.0,32.0,11.0,57.0,22.0,3.0,12.0,44.0,20.0,,35.0,21.0,11.0,46.0,21.0,25.0,46.0,36.0,38.0,,34.0,33.0,34.0,33.0,36.0,21.0,19.0,32.0,14.0,38.0,14.0,,40.0,14.0,14.0,4.0,37.0,,19.0,36.0,27.0,,21.0,45.0,,,0.0,36.0,35.0,,,11.0,17,47.0,16.0,23.0,26.0,37.0,49.0,,50.0,15.0,,46.0,39.0,23.0,36.0,38.0,21.0,33.0,28.0,15.0,36.0,55.0,21.0,28.0,48.0,49.0,24.0,59.0,,34.0,43.0,20.0,27.0,55.0,16.0,12.0,,,27.0,27.0,28.0,39.0,9.0,8.0,48.0,17.0,56.0,46.0,47.0,24.0,48.0,,18.0,42.0,,11.0,51.0,20.0,51.0,14.0,16.0,39.0,34.0,33.0,41.0,23.0,40.0,53.0,41.0,30.0,,53.0,16.0,,35.0,,40.0,14.0,52.0,20.0,4,,,22,,16.0,23.0,30.0,35.0,41.0,38.0,,27.0,,40.0,37.0,,29.0,47.0,43.0,54.0,7.0,,59.0,31.0,22.0,,17.0,,,21.0,20.0,,,22.0,52.0,46.0,0.0,17.0,49.0,,29.0,55.0,58.0,29.0,38.0,37.0,,13.0,14.0,12.0,26.0,22.0,35.0,32.0,,26.0,,41.0,20.0,,46.0,25.0,45.0,40.0,,26.0,38.0,25.0,16.0,,,,26.0,23.0,15.0,47.0,27.0,23.0,27.0,9.0,7.0,38.0,30.0,37.0,26.0,29.0,42.0,29.0,14.0,49.0,49.0,22.0,,23.0,0.0,,27.0,27.0,,58.0,,24.0,,36.0,50.0,9.0,22.0,32.0,,,25.0,37.0,31.0,8.0,32.0,32.0,30.0,,43.0,,39.0,41.0,,18.0,18.0,37.0,32.0,19.0,,60.0,17.0,22.0,52.0,26.0,27.0,54.0,12.0,,2.0,11.0,18.0,26.0,15.0,55.0,27.0,0.0,,9.0,49.0,12.0,41.0,57.0,,24.0,,,35.0,33.0,16.0,,,45.0,56.0,38.0,,,47.0,22.0,46.0,,11.0,59.0,40.0,,26.0,19.0,39.0,49.0,,13.0,28.0,40.0,11.0,52.0,60.0,17.0,20.0,23.0,15.0,34.0,48.0,41.0,44.0,,49.0,27.0,,37.0,,37.0,11.0,26.0,,51.0,,40.0,37.0,50.0,35.0,23.0,16.0,20.0,,22.0,21.0,8.0,39.0,58.0,21.0,21.0,,15.0,,36.0,7.0,16.0,22.0,58.0,48.0,36.0,28.0,,58.0,17.0,13.0,28.0,27.0,22.0,23.0,,8.0,,,52.0,30.0,,44.0,12.0,50.0,,22.0,,21.0,24.0,44.0,19.0,25.0,21.0,45.0,52.0,48.0,33.0,52.0,16.0,,21.0,44.0,28.0,31.0,30.0,23.0,21.0,,,43.0,,,,31.0,52.0,39.0,28.0,44.0,11.0,40.0,28.0,32.0,17.0,,17.0,,46.0,24.0,,35.0,,26.0,,31.0,32.0,55.0,48.0,37.0,59.0,32.0,39.0,19.0,15.0,39.0,21.0,35.0,17.0,17.0,,27.0,16.0,21.0,24.0,16.0,13.0,37.0,,,29.0,23.0,53.0,39.0,54.0,55.0,,12.0,26.0,54.0,49.0,18.0,18.0,17.0,26.0,,24.0,,6.0,52.0,20.0,,27.0,19.0,19.0,19.0,23.0,,,42.0,37.0,4.0,10.0,28.0,,,26.0,59.0,31.0,,,15.0,,20.0,13.0,,,,,51.0,,44.0,,,19.0,52.0,20.0,,13.0,13.0,48.0,19.0,,30.0,15.0,16.0,11.0,31.0,34.0,,22.0,28.0,19.0,41.0,28.0,,24.0,0.0,21.0,23.0,0.0,38.0,,26.0,29.0,,12.0,28.0,34.0,,37.0,,34.0,15.0,48.0,38.0,50.0,,52.0,,60.0,38.0,23.0,27.0,7.0,,45.0,26.0,,28.0,32.0,37.0,,,26.0,39.0,18.0,23.0,20.0,44.0,42.0,,,29.0,22.0,34.0,17.0,,0.0,45.0,57.0,,22.0,54.0,17.0,53.0,13.0,16.0,23.0,,33.0,46.0,56.0,39.0,53.0,38.0,17.0,22.0,39.0,20.0,21.0,54.0,36.0,0.0,14.0,11.0,30.0,26.0,,16.0,,,37.0,53.0,,37.0,25.0,14.0,59.0,54.0,57.0,,20.0,41.0,25.0,16.0,38.0,,,41.0,20.0,,,22.0,27.0,49.0,29.0,25.0,,,53.0,52.0,49.0,,45.0,,42.0,30.0,44.0,,,40.0,,39.0,33.0,30.0,59.0,46.0,,15.0,,28.0,27.0,42.0,26.0,30.0,,14.0,,53.0,54.0,38.0,52.0,,18.0,,7.0,37.0,22.0,38.0,28.0,0.0,20.0,43.0,45.0,20.0,,35.0,0.0,28.0,33.0,,22.0,,22.0,29.0,,33.0,19.0,,26.0,18.0,60.0,37.0,16.0,10.0,,30.0,,18.0,0.0,,,,16.0,39.0,13.0,,38.0,20.0,,,,,46.0,15.0,23.0,41.0,45.0,29.0,,17.0,54.0,54.0,46.0,24.0,,33.0,55.0,,31.0,,27.0,26.0,23.0,40.0,,,,,41.0,,21.0,23.0,44.0,41.0,18.0,,39.0,18.0,46.0,,18.0,,,48.0,25.0,46.0,27.0,25.0,,31.0,,23.0,,52.0,36.0,,22.0,27.0,59.0,24.0,17.0,19.0,33.0,28.0,,19.0,47.0,,30.0,,28.0,16.0,20.0,33.0,,53.0,37.0,21.0,,30.0,25.0,15.0,,37.0,39.0,,21.0,30.0,,28.0,,48.0,,39.0,,,15.0,27.0,46.0,40.0,23.0,,,10.0,37.0,,52.0,48.0,14.0,44.0,11.0,26.0,32.0,22.0,14.0,,49.0,,15.0,16.0,50.0,,13.0,37.0,37.0,35.0,41.0,,36.0,40.0,36.0,49.0,,51.0,53.0,,45.0,38.0,,20.0,,38.0,32.0,27.0,,17.0,,20.0,,14.0,25.0,19.0,39.0,41.0,46.0,45.0,51.0,33.0,,,13.0,,17.0,,0.0,33.0,60.0,1.0,,50.0,,55.0,18.0,45.0,33.0,20.0,55.0,,11.0,22.0,25.0,41.0,40.0,30.0,,49.0,11.0,54.0,28.0,33.0,17.0,59.0,21.0,33.0,40.0,56.0,18.0,26.0,21.0,29.0,,,,21.0,44.0,40.0,,12.0,34.0,,48.0,43.0,39.0,29.0,,16.0,27.0,24.0,,44.0,20.0,49.0,,23.0,9.0,29.0,33.0,59.0,35.0,20.0,11.0,35.0,25.0,,17.0,19.0,37.0,13.0,26.0,53.0,22.0,19.0,15.0,0.0,57.0,59.0,57.0,,60.0,34.0,21.0,34.0,52.0,54.0,12.0,19.0,35.0,,24.0,15.0,59.0,,,49.0,,38.0,,19.0,40.0,,29.0,42.0,11.0,44.0,36.0,18.0,16.0,47.0,44.0,31.0,,,1.0,54.0,34.0,10.0,36.0,,,4.0,35.0,8.0,25.0,,51.0,44.0,34.0,53.0,18.0,,,24.0,,26.0,18.0,28.0,21.0,,27.0,,37.0,,33.0,46.0,,18.0,15.0,33.0,25.0,26.0,19.0,,52.0,,12.0,43.0,19.0,25.0,20.0,26.0,33.0,,37.0,36.0,17.0,17.0,24.0,43.0,19.0,,54.0,37.0,37.0,,23.0,,19.0,,47.0,13.0,23.0,12.0,,41.0,24.0,31.0,22.0,38.0,23.0,26.0,,22.0,47.0,54.0,17.0,13.0,,,19.0,17.0,,,22.0,46.0,26.0,32.0,53.0,16.0,,28.0,19.0,58.0,15.0,19.0,18.0,,26.0,11.0,16.0,,23.0,22.0,,30.0,,37.0,26.0,26.0,36.0,41.0,13.0,25.0,38.0,34.0,,13.0,,25.0,21.0,21.0,21.0,26.0,52.0,28.0,,,37.0,24.0,,10.0,10.0,56.0,41.0,46.0,20.0,22.0,,48.0,27.0,,39.0,46.0,24.0,30.0,22.0,,14.0,16.0,57.0,57.0,52.0,,32.0,,,0.0,16.0,41.0,51.0,19.0,36.0,28.0,31.0,22.0,21.0,44.0,,35.0,0.0,42.0,60.0,45.0,14.0,,,34.0,44.0,40.0,17.0,9.0,45.0,46.0,50.0,45.0,54.0,,,,60.0,17.0,13.0,,,46.0,58.0,41.0,53.0,,,,,18,3,2.4375,18.1080308659617,-0.32804768707246235
6,3,5,11,6,11,6,7,2,6,6,12,12,5,8,1,11,6,44,17,4,9,7,10,5,9,12,7,6,12,11,7,6,6,20,4,9,12,20,8,21,20.0,8,14,10,8,7,6,14,13,8,8,6,11,26,11,19,8,10,11,8,12,20,10,8.0,13,11,14,14,12,7,21,15,8,12,11,7,8,13,15,9,0,10,7,16,11,18,8,20,13,14,22,13,9,7,13,17,12,18,9,13,15,9,6,14,17,11,7,15,12,7,28.0,19,20,14.0,15,21,12,9,18,9,8,11,18,11,17,19,8.0,13,11,15,13,25.0,12,19,21.0,19,34,17,13,18,23,16,19,50.0,38.0,10,14.0,12,17,12,11,13.0,14,8,13,17,39.0,12,16,3,15,15,16,15,15.0,16,9,8,24,16,26.0,16,16,16,28,13,17.0,17,14.0,9,19,15,1,23,26.0,31.0,21,29,29.0,13.0,8,16,15,11,30,13,7,21.0,13,22,27.0,0,14,24,17,9.0,6,20,7,20,7.0,15,19,38,14,15,12,10,8.0,22.0,13,19,7,25.0,11,15,32,,19,38.0,14.0,21,7,49.0,18,20,20,14.0,38.0,11,10,19,5,8,9.0,17,20,16,12,11,40,15.0,17.0,16,24.0,29.0,23.0,12.0,3,16.0,19,13,23,20.0,16.0,20.0,21.0,20.0,2,41.0,25.0,8.0,7,22,51.0,14,43,16,21.0,42.0,,23,12.0,16,16,13.0,20.0,15,37.0,15.0,11,17,20.0,13,19.0,23.0,49.0,37,14,30.0,27,21,13,54,17,8,18,0,19,21,31,18,26.0,43.0,17,16,12,21.0,29.0,14,28,22,36.0,22,4.0,23,15,12,9,26,15.0,9,41.0,19,25,16.0,17,16,21,,,13,33.0,11.0,59.0,23.0,29.0,16,27.0,17,15,22,34.0,1,41.0,8.0,22,21.0,19.0,34.0,20,39.0,19,31,21,19,11,14,24,10.0,19,37.0,16,20,19,14.0,14,20.0,10,7.0,12,30.0,22,23,15.0,24,20.0,11,2.0,11.0,18,0,7.0,48.0,12.0,13.0,16.0,22,23.0,28.0,16,36.0,20,16,15.0,15.0,22,22.0,9,,22.0,22,18,20,43.0,10,19.0,41.0,35,16.0,18,32.0,16,18,9,23.0,25.0,31,12,20,39.0,20.0,13,11,50.0,21,21.0,16.0,28.0,33.0,13.0,,14.0,26.0,3.0,11.0,30,12,39.0,31.0,,18.0,0.0,,29.0,16.0,20,19,15.0,13.0,15,30.0,21.0,15.0,20.0,23.0,21.0,11,39,51.0,21.0,24.0,16.0,41,,34.0,51.0,17,0,27,59.0,52.0,41.0,33.0,21,21,22.0,9.0,10,9.0,23.0,27,28.0,45.0,43.0,23,14.0,16,21.0,,41.0,12,31.0,22,9.0,10,18,,0.0,24.0,17.0,46,27,30,57.0,18,55.0,13,34,25.0,28,14,16.0,0.0,22,20,17.0,14.0,25.0,29.0,31.0,33.0,18,39.0,9,15,,8.0,18.0,22.0,12.0,40.0,20,8,39.0,,26.0,25.0,16.0,18.0,21,10.0,8,35.0,14.0,9.0,11.0,25,23.0,49,18.0,,18.0,22,46.0,29.0,,27,24,26.0,,23.0,,,15.0,12.0,59.0,23.0,44.0,,23.0,26,15,,30.0,,17,10,15,32,16.0,,22,16,,25.0,13,24.0,14.0,,21,13.0,24.0,22.0,16,31.0,53.0,17.0,32.0,12.0,19.0,16,24.0,19,31.0,14,23,3,10.0,25.0,14.0,9.0,38.0,9.0,9.0,,28.0,12.0,20.0,33,41.0,40.0,17,8.0,45.0,55.0,18.0,6,15.0,41.0,48.0,16,20,33.0,25,2.0,18.0,9.0,31.0,23,9.0,17,26,28.0,11,14.0,11,33.0,54.0,54.0,26,5,24.0,19.0,23,8.0,17,14.0,18,45.0,16.0,,,41.0,17.0,27,49.0,,32.0,4.0,10.0,20.0,,35,35,49.0,20,7,17,,22.0,27.0,,14.0,18.0,31,21.0,14.0,16.0,9,,54.0,39.0,,53.0,22,,19.0,15.0,26.0,,15.0,18.0,25,41.0,46.0,,19.0,,23.0,28.0,32,18.0,30.0,15.0,15.0,34,19,9.0,,22,21.0,10.0,38.0,10,27.0,22.0,12.0,48.0,20,49.0,31.0,30.0,47.0,21.0,7.0,47.0,26.0,8.0,16,28,,22.0,,29.0,21.0,14.0,25.0,38.0,8.0,,23,16,,29,20.0,47.0,17.0,0.0,20,6,24.0,17.0,31.0,32.0,23.0,26.0,30.0,27.0,19.0,15,18.0,43.0,30.0,29.0,42.0,22.0,15,24.0,24.0,24.0,14,35.0,36.0,13.0,28.0,35.0,37.0,24,15.0,30,,24.0,16.0,32.0,33.0,17.0,15.0,24.0,26.0,23.0,28.0,13.0,19.0,8.0,,22.0,33.0,33.0,15.0,9.0,20.0,22,35.0,44.0,13,30.0,26.0,35,43.0,24.0,22.0,14,13,19,20.0,50.0,15.0,42.0,6.0,56.0,8.0,,12.0,10,36.0,17,17.0,11,36,6.0,30,15.0,36.0,48.0,,17,,35.0,50.0,36.0,49.0,,29,,27,18.0,50.0,45.0,22,33.0,23,18,35.0,32.0,,29,,54.0,13,21.0,18.0,28.0,19.0,19.0,12.0,46.0,43.0,27,33.0,24.0,20.0,32.0,42.0,,16.0,0.0,36,11.0,31,34.0,23.0,32.0,15.0,29,9,24.0,13.0,,17.0,26.0,10.0,21.0,39.0,17.0,8,,15.0,24,21,29.0,23.0,23,30.0,35.0,32,20.0,12,44,14,17.0,28.0,17.0,18.0,31.0,33.0,22.0,23.0,33.0,34.0,44.0,23.0,10.0,33.0,22.0,55.0,30.0,30.0,12.0,15.0,33.0,22.0,17.0,22.0,34.0,,38.0,32.0,35.0,18.0,29.0,14.0,27.0,32.0,,40.0,6.0,,50.0,34.0,22.0,20.0,15.0,28.0,19.0,37.0,46.0,17.0,17,15.0,,26.0,36,26.0,57.0,,13.0,24.0,43.0,21.0,40.0,20.0,54.0,28.0,38.0,9.0,,24.0,26.0,,35.0,21.0,33.0,,46.0,38.0,9.0,23.0,32.0,40.0,41.0,21,31.0,28.0,17.0,26,22.0,26.0,23.0,27.0,4.0,34.0,19.0,14.0,19.0,11,23.0,55.0,54.0,46.0,23.0,22.0,24,22,36.0,36.0,49.0,29.0,20.0,17.0,22,39,17.0,16.0,14.0,20.0,,20.0,30.0,20.0,45.0,46.0,16.0,24.0,13.0,30.0,25.0,26.0,20,12.0,49.0,14.0,16.0,34.0,3,9.0,13,29.0,26,14.0,26.0,27.0,,48.0,16.0,26.0,19.0,39.0,20.0,,45.0,26,27.0,59.0,32.0,43.0,53.0,41,,26.0,13.0,21.0,22.0,19.0,,33.0,33.0,26,19,42.0,22.0,,,22.0,26.0,51.0,19.0,36,12.0,,21.0,,13.0,27.0,23.0,36.0,21,12.0,47.0,26.0,32,10,,15.0,,38.0,,29.0,52.0,42.0,30.0,41.0,36.0,21.0,16.0,38.0,35.0,15,59.0,26.0,18.0,36.0,9.0,12,,,33,,38.0,45.0,13.0,37.0,24.0,39.0,20.0,22.0,,,20,31.0,17.0,21.0,,30,52.0,36.0,,16.0,24.0,37.0,14.0,,24.0,11.0,17.0,37.0,29.0,23,25,18.0,0.0,42.0,26.0,32.0,31,53,55.0,57.0,1.0,,23.0,,48.0,27.0,32.0,48.0,,,23.0,8.0,34.0,27,16,44.0,59.0,17.0,,49.0,20,22.0,22.0,,,15.0,,35.0,,,,,,12.0,,43.0,18,50.0,0.0,26,46.0,,54.0,24.0,,26.0,9.0,19.0,20.0,35.0,32.0,0.0,13.0,52.0,18.0,31.0,21.0,34.0,20.0,0.0,35.0,28.0,38.0,53.0,,,38.0,27.0,21.0,,15.0,18.0,12.0,49.0,38.0,33.0,13.0,14.0,19.0,57.0,34.0,30.0,,,58.0,36.0,58.0,,33.0,32.0,28.0,0.0,,19.0,25.0,15.0,43.0,,29.0,55.0,,28,18.0,19.0,47.0,50.0,55.0,42.0,14.0,12.0,41.0,46.0,34.0,28.0,47.0,12.0,21.0,16.0,4.0,24.0,23.0,7.0,35.0,14.0,34.0,27.0,8.0,28.0,44.0,36.0,32.0,31.0,30.0,46.0,28.0,32.0,35.0,12.0,46.0,36.0,54.0,44.0,24.0,,31.0,41.0,25.0,28.0,14,31.0,43.0,45.0,40.0,20.0,25.0,7.0,33.0,5.0,12,33.0,52.0,,28.0,28.0,23.0,33.0,21.0,22.0,27.0,51.0,20.0,38.0,24.0,30.0,,28,29.0,16.0,33.0,36.0,55.0,52.0,38.0,14.0,28.0,21.0,14.0,31.0,24.0,16.0,37.0,28.0,26.0,42.0,43.0,34.0,,34.0,33.0,32.0,12,13,28.0,35.0,32.0,20.0,20.0,28.0,33.0,10.0,17.0,31.0,57.0,35.0,29.0,53.0,18.0,,49.0,,59.0,20.0,12.0,28.0,25.0,19.0,,,15.0,12.0,45.0,15.0,26.0,34.0,25.0,13.0,32.0,4.0,34.0,15.0,38.0,14.0,,,29.0,29.0,,13.0,28.0,16.0,53,37.0,20.0,54.0,33.0,23,55.0,53.0,,33.0,26.0,,54.0,39.0,23,52.0,16.0,24.0,22.0,48.0,7.0,32.0,48,,24.0,17.0,,14,,20.0,,21.0,46.0,1.0,12.0,,11.0,8.0,36.0,,25.0,48.0,26.0,21.0,0.0,35.0,46.0,33.0,34.0,0.0,19.0,33.0,25,27.0,,,31.0,20.0,10.0,47.0,20.0,20.0,44.0,,47.0,16.0,40,15.0,13.0,35.0,,12.0,43.0,28.0,44.0,,22.0,54.0,41.0,9.0,42.0,10.0,,29.0,34.0,21.0,42.0,33.0,20.0,39.0,27.0,12.0,32.0,50.0,43.0,35.0,24.0,30.0,,23.0,39.0,0.0,56.0,47.0,33.0,31.0,32.0,18.0,33.0,,47.0,16.0,17.0,14.0,35.0,,49.0,,53.0,7.0,48.0,49.0,32.0,36.0,,4.0,16.0,49.0,16.0,58.0,40.0,34.0,23.0,31.0,14.0,23.0,28,7.0,37.0,0.0,28.0,35.0,,22.0,24.0,19.0,15.0,34.0,47.0,44.0,31.0,40.0,34.0,33.0,26.0,10.0,27.0,25.0,,28.0,31.0,43.0,,58.0,27.0,14.0,57.0,15.0,36.0,19.0,17.0,,20.0,44.0,34.0,,30.0,47.0,19.0,30.0,14.0,30.0,18.0,41.0,35.0,22.0,,26.0,,51.0,31.0,30.0,35.0,34.0,38.0,15.0,23.0,52.0,38.0,48.0,18.0,41.0,35.0,41.0,56.0,19.0,,15.0,56.0,18.0,26.0,,13.0,56.0,39.0,31.0,24.0,14.0,21.0,,35.0,38.0,39.0,25.0,24.0,29.0,,,38.0,48.0,28.0,30.0,,42.0,30.0,45.0,4.0,14.0,52.0,42.0,32.0,56.0,22.0,36.0,38.0,8.0,36.0,,12.0,4.0,46.0,,5.0,35.0,33.0,21.0,39.0,33.0,15.0,,53.0,,40.0,33.0,,20,35.0,26.0,34.0,17.0,48.0,25.0,18.0,,39.0,54.0,13,31.0,3.0,22.0,36.0,50.0,22.0,36.0,20.0,32,18.0,57.0,17.0,17.0,12.0,21.0,34.0,40.0,17.0,24.0,51.0,7.0,8.0,,,22.0,40.0,,38.0,57.0,,16.0,53.0,,,30.0,52.0,35.0,,36.0,47.0,36.0,56.0,21.0,,15.0,27.0,25.0,51.0,,39.0,54.0,24.0,49.0,31.0,17.0,,28.0,53.0,24.0,15.0,24.0,10.0,19.0,14.0,34.0,21.0,57.0,0.0,20.0,32.0,11.0,,17.0,,46.0,25.0,20.0,46.0,,34.0,15.0,27.0,23.0,,,29.0,,,47.0,,11.0,,58.0,13.0,27.0,,,33.0,14.0,26.0,,59.0,44.0,39.0,20.0,,42.0,27.0,,10.0,17.0,35.0,29.0,18.0,28.0,17.0,42.0,20,,31.0,,47.0,15.0,27.0,,,,,17.0,26.0,31.0,15.0,33.0,32.0,22.0,37.0,6.0,42.0,26.0,24.0,56.0,39.0,49.0,34.0,15.0,10.0,36.0,,45.0,26.0,59.0,,45.0,13.0,35.0,39.0,25.0,,38.0,,42.0,38.0,3.0,,13.0,29.0,24.0,29.0,,17.0,20.0,56.0,18.0,,24.0,42.0,26.0,,23.0,26.0,20.0,,29.0,20.0,,43.0,21.0,47.0,25.0,40.0,9.0,37.0,11.0,41.0,24.0,17.0,36.0,11,38.0,43.0,7,57.0,0.0,38.0,43.0,27.0,4.0,,22.0,23.0,18.0,37.0,,17.0,,43.0,26.0,28.0,,11.0,,18.0,31.0,45.0,36.0,35.0,,33.0,31.0,39.0,25.0,35.0,46.0,,36.0,18.0,13.0,34.0,49.0,33.0,,47.0,54.0,15.0,23.0,7.0,28.0,13.0,23.0,21.0,,,36.0,24.0,,23.0,17.0,16.0,30.0,44.0,6.0,5.0,19.0,23.0,8.0,,39.0,38.0,21.0,12.0,25.0,,27.0,28.0,47.0,19.0,,15.0,,,29.0,37.0,43.0,19.0,43.0,,7.0,,37.0,22.0,42.0,36.0,22.0,35.0,40.0,46.0,24.0,24.0,40.0,,0.0,58.0,34.0,42.0,37.0,35.0,37.0,40.0,27.0,19.0,30.0,41.0,14.0,56.0,36.0,37.0,,,,26.0,39.0,20.0,37.0,49.0,34.0,0.0,17.0,35.0,15.0,10.0,42.0,37.0,19.0,24.0,27.0,21.0,42.0,,34.0,23.0,25.0,31.0,8.0,,,9.0,26.0,21.0,22.0,,24.0,44.0,25.0,32.0,37.0,28.0,18.0,14.0,48.0,32.0,16.0,,,51.0,18.0,,,54.0,37.0,25.0,53.0,40.0,,47.0,27.0,22.0,,30.0,27.0,53.0,19.0,23.0,58.0,21.0,16.0,38.0,16.0,49.0,,,58.0,,46.0,9.0,,26.0,,48.0,27.0,34.0,17.0,44.0,50.0,57.0,27.0,6.0,10.0,,53.0,,,16.0,46.0,33.0,52.0,19.0,59.0,51.0,38.0,57.0,29.0,0.0,19.0,,49.0,44.0,34.0,36.0,54.0,26.0,,33.0,42.0,36.0,,9.0,,39.0,32.0,36.0,41.0,28.0,22.0,42.0,49.0,17.0,15.0,,43.0,25.0,23.0,10.0,45.0,9.0,29.0,33.0,28.0,53.0,,40.0,14.0,25.0,12.0,,9.0,27.0,9.0,40.0,30.0,53.0,19.0,,58.0,51.0,,8.0,53.0,27.0,,28.0,36.0,17.0,,,,27.0,43.0,10.0,22.0,,52.0,21.0,,9.0,31.0,22.0,18.0,48.0,54.0,18.0,27.0,50.0,33.0,21.0,26.0,,35.0,,10.0,,20.0,41.0,45.0,,,42.0,24.0,26.0,22.0,15.0,42.0,,,27.0,46.0,19.0,,,17.0,23.0,39.0,25.0,29.0,18.0,32.0,,11.0,19.0,18.0,31.0,0.0,16.0,,16.0,,31.0,22.0,47.0,,16.0,14.0,31.0,10.0,10.0,,17.0,,9.0,48.0,57.0,51.0,,26.0,,12.0,12.0,22.0,27.0,,,13.0,8.0,58.0,,,,36.0,44.0,,39.0,,11.0,,33.0,47.0,,,16.0,21.0,29.0,42.0,27.0,19.0,10.0,,32.0,37.0,,,17.0,14.0,56.0,50.0,49.0,,37.0,,44.0,55.0,,27.0,,37.0,32.0,46.0,41.0,43.0,52.0,25.0,43.0,,15.0,18.0,14.0,,7.0,,,19.0,18.0,29.0,17.0,,28.0,35.0,,,23.0,53.0,22.0,31.0,45.0,19.0,46.0,42.0,23.0,5.0,21.0,45.0,20.0,19.0,,15.0,,40.0,13.0,33.0,15.0,31.0,22.0,27.0,45.0,25.0,52.0,,19.0,33.0,27.0,21.0,25.0,21.0,14.0,26.0,17.0,28.0,20.0,21.0,53.0,8.0,,43.0,43.0,37.0,59.0,26.0,21.0,39.0,40.0,,18.0,18.0,9.0,27.0,46.0,19.0,38.0,12.0,,,48.0,29.0,16.0,,,,33.0,,49.0,35.0,,,,32.0,6.0,49.0,,58.0,22.0,36.0,25.0,18.0,0.0,37.0,42.0,28.0,18.0,12.0,,,27.0,48.0,57.0,21.0,57.0,37.0,28.0,34.0,,25.0,35.0,,31.0,,,,33.0,34.0,19.0,53.0,,19.0,26.0,22.0,15.0,13.0,,18.0,17.0,46.0,,49.0,34.0,,,,7.0,,,56.0,22.0,26.0,49.0,8.0,,,23.0,,,36.0,28.0,17.0,41.0,,33.0,29.0,,48.0,20.0,26.0,,37.0,41.0,52.0,45.0,,36.0,,40.0,,23.0,13.0,28.0,,53.0,,36.0,53.0,30.0,41.0,33.0,,,28.0,,36.0,20.0,49.0,53.0,7.0,47.0,21.0,58.0,,23.0,14.0,57.0,37.0,34.0,37.0,0.0,19.0,25.0,56.0,7.0,40.0,40.0,,21.0,42.0,,34.0,41.0,15.0,29.0,33.0,27.0,36.0,35.0,35.0,7.0,13.0,13.0,12.0,14.0,22.0,23.0,9.0,,24.0,37.0,42.0,,,53.0,21.0,,25.0,28.0,25.0,12.0,25.0,55.0,,47.0,37.0,,,13.0,32.0,55.0,35.0,34.0,33.0,10.0,34.0,18.0,16.0,40.0,30.0,40.0,18.0,45.0,,,41.0,56.0,45.0,48.0,51.0,36.0,47.0,,,16.0,13.0,28.0,31.0,55.0,57.0,,51.0,17.0,36.0,35.0,,,33.0,32.0,30.0,36.0,37.0,32.0,21.0,46.0,30.0,,0.0,15.0,49.0,8.0,36.0,31.0,41.0,4.0,49.0,28.0,,,,47.0,12.0,17.0,15.0,15.0,,,16.0,,,59.0,33.0,21.0,,21.0,,55.0,26.0,8.0,27.0,53.0,,13.0,51.0,14.0,23.0,20.0,54.0,13.0,53.0,14.0,59.0,20.0,41.0,24.0,0.0,,17.0,37.0,46.0,,44.0,34.0,,17.0,19.0,25.0,,18.0,43.0,54.0,,23.0,,,32.0,21.0,24.0,,42.0,,12.0,,,,45.0,,46.0,4.0,43.0,32.0,5.0,26.0,16.0,29.0,24.0,42.0,52.0,,17.0,45.0,15.0,55.0,9.0,36.0,36.0,,54.0,40.0,21.0,35.0,,38.0,30.0,58.0,25.0,6.0,18.0,18.0,,30.0,30.0,29.0,30.0,10.0,40.0,59.0,24.0,24.0,33.0,,28.0,43.0,19.0,32.0,19.0,20.0,17.0,9.0,42.0,59.0,33.0,37.0,,8.0,24.0,,10.0,40.0,20.0,9.0,,13.0,16.0,,43.0,47.0,32.0,,12.0,,56.0,,,13.0,,44.0,27.0,58.0,48.0,40.0,33.0,19.0,46.0,,27.0,33.0,,3.0,29.0,31.0,16.0,35.0,27.0,,34.0,41.0,57.0,20.0,39.0,36.0,48.0,24.0,32.0,19.0,52.0,23.0,,9.0,,,30.0,,,10.0,25.0,,25.0,27.0,24.0,,,34.0,34.0,42.0,,,,15.0,22.0,,13.0,,,,13.0,36.0,47.0,45.0,40.0,21.0,27.0,,31.0,30.0,,35.0,31.0,13.0,11.0,,20.0,15.0,55.0,0.0,37.0,,38.0,21.0,19.0,,48.0,30.0,34.0,12.0,22.0,,51.0,48.0,25.0,30.0,1.0,49.0,34.0,31.0,,39.0,9.0,,14.0,40.0,,21.0,20.0,23.0,20.0,17.0,44.0,,45.0,59.0,,18.0,32.0,43.0,,54.0,30.0,13.0,8.0,45.0,39.0,,24.0,,54.0,58.0,33.0,38.0,38.0,27.0,,26.0,,17.0,56.0,,,31.0,32.0,16.0,33.0,,,37.0,,35.0,30.0,,17.0,17.0,19.0,35.0,,21.0,,,36.0,26.0,,8.0,19.0,,,20.0,15.0,,44.0,28.0,34.0,,52.0,23.0,,,47.0,3.0,,23.0,58.0,47.0,16.0,56.0,36.0,35.0,,30.0,,18.0,,34.0,25.0,,51.0,18.0,19,3,2.364,17.748063127690102,-0.323192237307318
4,2,4,4,6,3,4,5,12,3,5,4,7,7,4,9,11,5,23,12,6,4,7,7,4,15,12,5,6,4,10,5,0,3,8,6,10,16,8,14,23,10.0,12,13,5,4,6,8,14,8,6,10,7,8,26,13,4,6,8,8,10,10,15,9,5.0,9,15,11,13,11,6,8,15,6,12,11,17,16,11,7,11,8,13,9,11,19,15,9,24,8,12,15,19,12,9,15,14,8,14,2,13,9,13,15,13,10,11,16,10,10,11,,14,18,43.0,15,9,10,8,21,11,9,17,16,10,15,15,7.0,10,7,12,16,36.0,4,21,11.0,12,31,3,14,9,12,11,21,31.0,39.0,14,18.0,15,8,15,11,15.0,17,14,18,14,13.0,12,11,34,14,8,19,16,17.0,16,13,17,13,9,5.0,14,13,15,35,15,18.0,17,30.0,11,16,15,18,12,14.0,28.0,38,16,42.0,36.0,14,5,6,15,14,7,9,14.0,20,7,59.0,9,14,18,7,15.0,9,16,28,13,,10,37,16,18,11,14,13,18.0,32.0,11,25,19,21.0,24,22,25,,10,34.0,34.0,18,12,,41,29,17,24.0,,23,10,17,13,12,9.0,24,4,12,14,0,16,23.0,25.0,16,6.0,21.0,14.0,29.0,14,21.0,8,12,14,47.0,8.0,31.0,5.0,45.0,18,15.0,13.0,54.0,18,18,17.0,9,22,7,15.0,8.0,35.0,17,54.0,8,10,30.0,20.0,12,29.0,8.0,9,9,21.0,7,38.0,15.0,35.0,22,12,36.0,18,20,15,13,19,12,15,9,13,12,15,0,44.0,22.0,26,16,7,19.0,33.0,9,22,5,,4,13.0,22,13,15,7,16,25.0,15,30.0,24,21,19.0,13,17,20,5.0,32.0,1,28.0,0.0,29.0,16.0,28.0,15,25.0,12,18,10,13.0,29,21.0,30.0,19,14.0,14.0,10.0,13,7.0,10,26,23,16,19,25,0,17.0,13,9.0,14,37,12,22.0,16,18.0,12,22.0,9,,16,18,14.0,26,25.0,15,24.0,17.0,35,22,32.0,22.0,9.0,10.0,,21,20.0,17.0,34,,18,3,16.0,10.0,19,20.0,35,3.0,,0,28,13,24.0,11,39.0,21.0,18,20.0,23,34.0,9,13,20,17.0,34.0,29,17,21,0.0,17.0,16,14,38.0,20,10.0,0.0,25.0,41.0,19.0,21.0,28.0,14.0,39.0,10.0,17,27,24.0,,29.0,4.0,18.0,17.0,29.0,19.0,17,14,59.0,,18,38.0,35.0,0.0,14.0,30.0,23.0,17,29,41.0,15.0,27.0,41.0,47,35.0,35.0,30.0,21,30,15,28.0,36.0,21.0,31.0,12,16,19.0,40.0,16,34.0,19.0,23,,16.0,12.0,25,9.0,8,8.0,28.0,15.0,13,33.0,18,23.0,9,14,15.0,16.0,,,12,16,28,11.0,13,6.0,17,19,18.0,16,14,13.0,12.0,16,39,25.0,28.0,17.0,11.0,16.0,18.0,22,52.0,8,15,13.0,24.0,42.0,57.0,7.0,53.0,18,8,20.0,41.0,27.0,29.0,11.0,14.0,8,21.0,13,13.0,,,29.0,25,22.0,15,55.0,27.0,35.0,19,30.0,48.0,46.0,16,8,12.0,,43.0,36.0,25.0,34.0,,33.0,,34.0,,5.0,17,18,45.0,38.0,21.0,12,22,15,8,27.0,25.0,19,11,9.0,,21,17.0,23.0,21.0,15,8.0,46.0,,7,25.0,,,29.0,10.0,27.0,13,24.0,15,26.0,34,23,17,17.0,38.0,11.0,42.0,,,22.0,40.0,27.0,29.0,10.0,18,20.0,29.0,35,19.0,,23.0,12.0,25,27.0,14.0,27.0,6,26,24.0,11,26.0,11.0,16.0,51.0,20,,28,27,25.0,20,17.0,6,32.0,,27.0,18,24,,19.0,14,31.0,12,,13,16.0,22.0,,,,29.0,25,12.0,26.0,17.0,33.0,50.0,9.0,17.0,27,15,19.0,16,7,14,,27.0,17.0,,,9.0,32,30.0,9.0,41.0,18,35.0,34.0,21.0,36.0,,21,12.0,27.0,19.0,,18.0,7.0,20.0,15,22.0,21.0,38.0,,29.0,30.0,32.0,18,35.0,25.0,17.0,20.0,17,24,,9.0,18,17.0,,27.0,14,33.0,0.0,21.0,34.0,15,18.0,6.0,13.0,51.0,16.0,11.0,13.0,19.0,34.0,5,17,45.0,35.0,41.0,8.0,27.0,5.0,11.0,,32.0,7.0,0,20,20.0,23,16.0,36.0,24.0,18.0,11,19,17.0,20.0,20.0,29.0,54.0,,42.0,39.0,38.0,19,,8.0,23.0,19.0,21.0,9.0,13,3.0,25.0,6.0,18,,26.0,,45.0,23.0,25.0,9,27.0,14,26.0,17.0,46.0,43.0,34.0,22.0,21.0,18.0,36.0,19.0,43.0,26.0,17.0,36.0,,19.0,54.0,34.0,20.0,17.0,18.0,9,21.0,29.0,15,38.0,23.0,5,18.0,23.0,30.0,23,22,14,18.0,16.0,25.0,19.0,16.0,17.0,0.0,56.0,44.0,13,12.0,19,31.0,25,21,8.0,16,,25.0,42.0,,22,20.0,14.0,9.0,24.0,,32.0,25,38.0,19,,41.0,38.0,6,35.0,13,12,12.0,20.0,42.0,18,43.0,21.0,14,26.0,35.0,12.0,34.0,13.0,13.0,49.0,48.0,9,4.0,29.0,41.0,,19.0,,18.0,56.0,12,19.0,19,18.0,20.0,,21.0,24,8,42.0,14.0,18.0,24.0,34.0,24.0,26.0,24.0,,28,12.0,47.0,15,29,28.0,45.0,23,35.0,12.0,11,15.0,28,9,14,37.0,49.0,11.0,29.0,36.0,27.0,39.0,40.0,31.0,27.0,29.0,40.0,46.0,39.0,21.0,25.0,25.0,13.0,21.0,32.0,41.0,19.0,19.0,21.0,8.0,51.0,33.0,44.0,9.0,18.0,41.0,40.0,20.0,32.0,29.0,26.0,9.0,23.0,43.0,19.0,48.0,35.0,29.0,24.0,19.0,19.0,17.0,23.0,35,18.0,33.0,31.0,7,20.0,32.0,39.0,22.0,16.0,24.0,44.0,18.0,32.0,20.0,42.0,14.0,16.0,,14.0,7.0,41.0,56.0,28.0,48.0,50.0,16.0,29.0,15.0,30.0,26.0,,25.0,18,8.0,22.0,13.0,26,21.0,25.0,11.0,25.0,15.0,22.0,19.0,9.0,58.0,17,22.0,,0.0,18.0,,18.0,19,16,41.0,19.0,35.0,37.0,15.0,,16,33,,,54.0,24.0,7.0,18.0,,16.0,26.0,,7.0,,44.0,26.0,6.0,31.0,16,43.0,19.0,31.0,27.0,7.0,18,12.0,13,,34,36.0,23.0,14.0,39.0,31.0,34.0,47.0,29.0,13.0,26.0,49.0,25.0,37,,36.0,25.0,,17.0,42,18.0,6.0,42.0,20.0,10.0,12.0,,32.0,,11,16,18.0,,,21.0,25.0,18.0,,16.0,22,58.0,35.0,11.0,37.0,9.0,41.0,24.0,33.0,9,,25.0,26.0,27,12,30.0,,21.0,32.0,21.0,50.0,40.0,48.0,42.0,31.0,20.0,20.0,19.0,49.0,33.0,12,33.0,38.0,25.0,25.0,,17,54.0,21.0,15,25.0,14.0,30.0,10.0,21.0,33.0,19.0,29.0,18.0,0.0,,21,17.0,12.0,33.0,37.0,19,18.0,29.0,28.0,31.0,16.0,17.0,22.0,23.0,20.0,34.0,,24.0,21.0,25,19,12.0,55.0,25.0,19.0,25.0,16,17,21.0,22.0,33.0,52.0,2.0,35.0,43.0,45.0,47.0,37.0,40.0,,46.0,44.0,29.0,16,31,20.0,12.0,22.0,,44.0,34,14.0,21.0,15.0,35.0,35.0,26.0,21.0,,25.0,,34.0,,35.0,14.0,46.0,21,38.0,38.0,42,18.0,19.0,23.0,19.0,16.0,20.0,31.0,,14.0,49.0,17.0,49.0,19.0,38.0,37.0,,19.0,20.0,16.0,26.0,23.0,38.0,,2.0,,46.0,24.0,27.0,25.0,23.0,20.0,11.0,7.0,21.0,32.0,10.0,0.0,36.0,17.0,16.0,18.0,14.0,30.0,25.0,56.0,20.0,49.0,20.0,7.0,15.0,34.0,16.0,17.0,24.0,19.0,59.0,50.0,10.0,12.0,14.0,54.0,17,43.0,16.0,34.0,37.0,11.0,14.0,17.0,21.0,13.0,55.0,23.0,10.0,,22.0,18.0,11.0,27.0,23.0,24.0,22.0,30.0,,16.0,17.0,34.0,,31.0,,36.0,33.0,49.0,19.0,22.0,9.0,,25.0,,10.0,57.0,12.0,51.0,11.0,37.0,32.0,17.0,26.0,20,58.0,45.0,27.0,17.0,28.0,21.0,20.0,24.0,28.0,24,6.0,,16.0,,16.0,38.0,26.0,39.0,12.0,33.0,,19.0,14.0,18.0,52.0,56.0,8,39.0,22.0,38.0,49.0,12.0,23.0,24.0,11.0,25.0,,23.0,34.0,8.0,30.0,19.0,12.0,53.0,14.0,,31.0,0.0,36.0,13.0,7.0,19,15,58.0,36.0,10.0,18.0,27.0,34.0,29.0,12.0,0.0,47.0,,,13.0,,27.0,8.0,22.0,9.0,29.0,37.0,7.0,34.0,,36.0,56.0,42.0,56.0,25.0,13.0,25.0,32.0,18.0,39.0,27.0,28.0,34.0,16.0,40.0,35.0,20.0,,46.0,16.0,39.0,42.0,29.0,31.0,33.0,31,25.0,7.0,32.0,44.0,22,,30.0,,5.0,21.0,15.0,24.0,47.0,15,41.0,13.0,31.0,33.0,18.0,45.0,,41,,10.0,38.0,25.0,25,26.0,19.0,17.0,8.0,,23.0,14.0,47.0,14.0,7.0,18.0,16.0,35.0,,23.0,12.0,34.0,24.0,14.0,,12.0,38.0,,,34,,26.0,,13.0,26.0,,18.0,44.0,16.0,48.0,26.0,34.0,16.0,20,30.0,,38.0,22.0,25.0,16.0,27.0,,44.0,,30.0,,28.0,24.0,50.0,,44.0,,33.0,,54.0,10.0,46.0,39.0,45.0,,30.0,43.0,29.0,22.0,25.0,16.0,30.0,,48.0,22.0,25.0,56.0,,46.0,50.0,31.0,,26.0,30.0,20.0,34.0,,19.0,33.0,12.0,26.0,16.0,8.0,41.0,28.0,39.0,,48.0,,31.0,19.0,16.0,35.0,54.0,50.0,33.0,36.0,18.0,35,16.0,,34.0,21.0,45.0,33.0,48.0,46.0,45.0,45.0,17.0,14.0,,4.0,14.0,46.0,21.0,22.0,14.0,36.0,,34.0,44.0,10.0,31.0,27.0,16.0,,10.0,40.0,19.0,,,11.0,13.0,44.0,37.0,,,23.0,15.0,22.0,44.0,30.0,,,48.0,41.0,29.0,11.0,,,47.0,8.0,,18.0,17.0,35.0,13.0,17.0,34.0,55.0,,36.0,37.0,,27.0,26.0,21.0,22.0,10.0,53.0,,14.0,30.0,30.0,36.0,31.0,47.0,36.0,29.0,20.0,53.0,,14.0,12.0,29.0,,,0.0,19.0,16.0,32.0,56.0,48.0,33.0,,32.0,12.0,24.0,56.0,21.0,,33.0,20.0,22.0,6.0,15.0,21.0,24.0,8.0,18.0,21.0,,45.0,30.0,32.0,44.0,29.0,28.0,11.0,,38.0,35.0,,,39.0,,16,19.0,,42.0,33.0,25.0,16.0,43.0,,17.0,27.0,15,,,11.0,39.0,27.0,7.0,,19.0,27,40.0,58.0,20.0,11.0,28.0,52.0,33.0,,20.0,21.0,35.0,27.0,17.0,,54.0,18.0,45.0,51.0,23.0,37.0,,16.0,10.0,27.0,20.0,,49.0,,41.0,36.0,18.0,54.0,,33.0,48.0,14.0,26.0,,46.0,54.0,21.0,32.0,39.0,26.0,,57.0,14.0,,,37.0,,14.0,34.0,36.0,5.0,8.0,39.0,49.0,,,25.0,20.0,25.0,5.0,13.0,28.0,10.0,37.0,32.0,23.0,32.0,23.0,48.0,21.0,16.0,21.0,,39.0,24.0,,,25.0,50.0,19.0,15.0,36.0,7.0,31.0,46.0,22.0,14.0,37.0,52.0,,18.0,29.0,31.0,,46.0,,10.0,,55.0,43.0,18.0,38.0,,,15,28.0,29.0,54.0,24.0,52.0,24.0,46.0,,26.0,32.0,,53.0,58.0,,14.0,19.0,15.0,25.0,42.0,30.0,,,15.0,41.0,32.0,45.0,,54.0,17.0,44.0,34.0,41.0,,44.0,23.0,,29.0,13.0,25.0,42.0,10.0,42.0,10.0,,52.0,16.0,26.0,,41.0,36.0,43.0,16.0,15.0,42.0,31.0,25.0,8.0,,51.0,12.0,48.0,42.0,17.0,46.0,59.0,,25.0,36.0,30.0,11.0,41.0,,23.0,27.0,12.0,12.0,27.0,44.0,,24,3.0,42.0,25,44.0,24.0,,42.0,48.0,14.0,28.0,28.0,14.0,58.0,,13.0,21.0,18.0,12.0,,36.0,,,45.0,32.0,49.0,32.0,20.0,30.0,53.0,11.0,12.0,23.0,35.0,30.0,17.0,16.0,13.0,15.0,39.0,31.0,0.0,30.0,,25.0,14.0,25.0,21.0,,,11.0,58.0,11.0,45.0,54.0,,48.0,,10.0,0.0,,34.0,15.0,40.0,26.0,,46.0,33.0,17.0,,45.0,5.0,18.0,43.0,50.0,47.0,35.0,44.0,24.0,43.0,20.0,53.0,52.0,,31.0,10.0,34.0,23.0,33.0,23.0,15.0,40.0,38.0,18.0,13.0,,,10.0,12.0,,0.0,46.0,43.0,26.0,10.0,7.0,13.0,40.0,,26.0,,16.0,23.0,34.0,47.0,28.0,42.0,22.0,48.0,36.0,34.0,,31.0,,50.0,33.0,31.0,30.0,,20.0,,36.0,26.0,,,40.0,50.0,,51.0,16.0,8.0,31.0,26.0,59.0,37.0,33.0,15.0,28.0,,11.0,40.0,10.0,0.0,54.0,,39.0,12.0,13.0,50.0,17.0,19.0,,35.0,18.0,,22.0,,,46.0,46.0,41.0,41.0,24.0,31.0,,17.0,16.0,25.0,43.0,39.0,50.0,16.0,48.0,8.0,,,19.0,24.0,16.0,25.0,47.0,44.0,,31.0,29.0,13.0,59.0,6.0,36.0,28.0,18.0,14.0,21.0,14.0,,33.0,33.0,26.0,17.0,0.0,,,21.0,5.0,18.0,39.0,17.0,26.0,,18.0,50.0,59.0,23.0,25.0,,19.0,46.0,15.0,12.0,55.0,30.0,38.0,26.0,16.0,31.0,41.0,30.0,25.0,13.0,43.0,,34.0,37.0,34.0,57.0,33.0,,42.0,37.0,21.0,44.0,38.0,,17.0,8.0,,9.0,,17.0,53.0,23.0,35.0,,16.0,6.0,12.0,,34.0,17.0,52.0,56.0,,8.0,,24.0,37.0,12.0,52.0,,47.0,58.0,44.0,22.0,24.0,23.0,22.0,51.0,,42.0,19.0,58.0,37.0,18.0,,46.0,54.0,40.0,23.0,19.0,38.0,16.0,57.0,54.0,28.0,30.0,49.0,19.0,26.0,18.0,41.0,,33.0,33.0,,,29.0,20.0,,42.0,11.0,17.0,,43.0,17.0,,,22.0,6.0,,36.0,15.0,20.0,29.0,20.0,,11.0,12.0,35.0,,38.0,,46.0,22.0,,17.0,50.0,,13.0,5.0,30.0,5.0,,32.0,23.0,59.0,,19.0,20.0,24.0,,5.0,,28.0,39.0,,50.0,29.0,15.0,,,,50.0,,6.0,,18.0,56.0,,14.0,5.0,36.0,22.0,,45.0,48.0,17.0,24.0,9.0,42.0,32.0,33.0,17.0,31.0,,26.0,,30.0,49.0,,30.0,,,10.0,14.0,29.0,11.0,40.0,50.0,22.0,36.0,29.0,,14.0,,41.0,43.0,38.0,34.0,,17.0,20.0,,15.0,15.0,13.0,26.0,18.0,47.0,50.0,9.0,30.0,44.0,36.0,31.0,44.0,17.0,39.0,,,,29.0,29.0,13.0,37.0,33.0,,23.0,33.0,28.0,40.0,14.0,,,31.0,,13.0,30.0,,52.0,29.0,15.0,35.0,17.0,42.0,53.0,25.0,48.0,,8.0,15.0,9.0,45.0,29.0,24.0,41.0,,19.0,56.0,42.0,30.0,29.0,45.0,26.0,41.0,,46.0,,,34.0,,33.0,6.0,54.0,35.0,36.0,,20.0,16.0,22.0,,37.0,22.0,,,9.0,36.0,37.0,,46.0,14.0,47.0,51.0,,59.0,40.0,49.0,35.0,,15.0,41.0,41.0,,34.0,,34.0,48.0,,,33.0,57.0,25.0,41.0,10.0,46.0,25.0,45.0,22.0,12.0,7.0,22.0,10.0,43.0,,11.0,43.0,53.0,4.0,,24.0,59.0,6.0,20.0,9.0,49.0,51.0,21.0,,49.0,52.0,44.0,,34.0,21.0,29.0,44.0,19.0,26.0,41.0,11.0,,32.0,59.0,26.0,33.0,24.0,,0.0,,14.0,58.0,28.0,45.0,38.0,27.0,10.0,,17.0,29.0,,53.0,5.0,34.0,49.0,15.0,58.0,,57.0,22.0,,27.0,,42.0,,39.0,18.0,,,25.0,53.0,,33.0,,53.0,13.0,15.0,51.0,52.0,59.0,56.0,16.0,10.0,,,29.0,,31.0,9.0,13.0,,33.0,50.0,31.0,,20.0,35.0,,12.0,20.0,,40.0,57.0,0.0,13.0,33.0,34.0,49.0,14.0,56.0,0.0,13.0,,40.0,18.0,,44.0,15.0,10.0,11.0,,36.0,16.0,26.0,,,58.0,,37.0,10.0,26.0,39.0,22.0,24.0,44.0,53.0,9.0,,,,33.0,44.0,,19.0,11.0,16.0,18.0,,,,26.0,17.0,8.0,29.0,15.0,39.0,38.0,13.0,46.0,15.0,31.0,40.0,,,,11.0,41.0,32.0,21.0,20.0,45.0,,,34.0,34.0,,,16.0,26.0,27.0,20.0,12.0,33.0,41.0,,,44.0,45.0,43.0,38.0,31.0,,39.0,,19.0,18.0,,,28.0,43.0,,16.0,51.0,11.0,20.0,15.0,,35.0,17.0,22.0,57.0,6.0,,41.0,28.0,,20.0,,,,19.0,,56.0,40.0,30.0,52.0,30.0,48.0,,51.0,0.0,14.0,,,19.0,,46.0,,32.0,54.0,17.0,14.0,41.0,41.0,23.0,,,15.0,34.0,40.0,15.0,53.0,23.0,58.0,32.0,,30.0,30.0,44.0,,49.0,38.0,52.0,,41.0,,43.0,48.0,21.0,,,45.0,47.0,30.0,,40.0,,,21.0,23.0,,20.0,16.0,17.0,59.0,33.0,32.0,31.0,37.0,,32.0,19.0,,,48.0,32.0,13.0,33.0,37.0,34.0,35.0,44.0,25.0,54.0,33.0,53.0,20.0,44.0,,0.0,,,36.0,30.0,30.0,39.0,53.0,22.0,,,35.0,40.0,,46.0,12.0,,34.0,19.0,36.0,53.0,32.0,28.0,43.0,,43.0,,40.0,51.0,17.0,21.0,,42.0,56.0,18.0,,33.0,51.0,37.0,15.0,46.0,,26.0,18.0,33.0,30.0,,6.0,58.0,,58.0,32.0,59.0,,,47.0,41.0,,29.0,37.0,31.0,,,29.0,,46.0,46.0,41.0,54.0,38.0,,21.0,,19.0,33.0,35.0,41.0,,32.0,41.0,,,35.0,,33.0,28.0,22.0,,,,58.0,24.0,,8.0,49.0,42.0,22.0,8.0,,31.0,35.0,,19.0,31.0,,16.0,,25.0,,44.0,27.0,,,16.0,,,,10.0,24.0,,38.0,53.0,49.0,25.0,22.0,18.0,13.0,39.0,24.0,49.0,54.0,23.0,0.0,51.0,57.0,35.0,44.0,27.0,14.0,0.0,46.0,23.0,14.0,50.0,50.0,10.0,33.0,16.0,44.0,,,53.0,35.0,22.0,46.0,17.0,,,45.0,,32.0,27.0,17.0,26.0,37.0,17.0,7.0,11.0,15.0,15.0,57.0,,30.0,25.0,17.0,29.0,,51.0,27.0,30.0,26.0,57.0,,34.0,48.0,11.0,,,41.0,8.0,13.0,34.0,53.0,33.0,,24.0,58.0,10.0,,31.0,11.0,33.0,49.0,57.0,55.0,50.0,37.0,53.0,9.0,22.0,,6.0,26.0,20.0,48.0,33.0,49.0,33.0,26.0,43.0,23.0,,37.0,,,28.0,22.0,52.0,25.0,,9.0,,47.0,49.0,45.0,30.0,,,51.0,,20,3,2.4662998624484183,18.408725602755453,-0.3738261969486334
1,2,5,3,5,3,3,6,6,6,3,3,6,5,8,4,8,8,18,12,6,7,7,11,4,7,9,6,5,0,12,8,7,8,10,7,6,9,15,11,16,31.0,4,11,13,15,20,19,8,21,9,9,7,8,20,18,11,11,3,10,10,11,16,9,45.0,18,17,8,4,15,15,16,14,7,10,0,12,11,9,8,14,11,5,13,13,8,9,10,9,15,14,9,7,11,10,11,16,6,13,14,16,6,19,6,17,14,16,12,7,12,11,10.0,18,14,9.0,17,17,10,11,23,13,9,7,19,13,7,15,28.0,7,6,20,11,27.0,0,14,35.0,19,7,9,8,17,3,20,3,32.0,,10,9.0,3,14,18,13,18.0,8,21,15,13,32.0,17,15,33,17,11,17,22,14.0,17,14,13,8,18,6.0,5,33,11,13,14,17.0,17,14.0,15,9,6,7,27,40.0,14.0,21,16,25.0,47.0,18,18,4,11,20,6,8,23.0,9,31,26.0,6,7,17,10,,10,7,14,18,17.0,18,25,22,15,11,10,14,17.0,22.0,35,12,11,16.0,17,16,17,28.0,19,27.0,23.0,9,15,50.0,20,31,2,10.0,,3,12,14,20,16,30.0,18,17,13,15,14,16,15.0,11.0,18,,47.0,22.0,19.0,25,31.0,10,24,19,53.0,24.0,22.0,10.0,14.0,12,21.0,16.0,26.0,6,27,18.0,7,17,16,35.0,19.0,12.0,16,30.0,8,34,12.0,27.0,15,25.0,15.0,3,12,14.0,0,23.0,38.0,17.0,13,10,43.0,6,18,14,16,10,17,12,15,6,16,0,10,13.0,24.0,12,17,17,15.0,18.0,11,2,8,,14,40.0,17,9,21,8,11,20.0,17,21.0,19,25,19.0,28,11,13,40.0,3.0,4,19.0,28.0,17.0,16.0,,17,20.0,7,16,14,30.0,20,,35.0,14,40.0,17.0,,9,,10,17,17,21,12,26,17,15.0,14,29.0,21,24,10,23.0,16,5.0,20,6.0,17,53.0,1,26,14.0,9,10.0,15,31.0,33.0,10,17,,25.0,21.0,6.0,47.0,15,19.0,10.0,7,43.0,24,21,20.0,,14,28.0,15,13.0,18.0,17,13,17,44.0,25,27.0,10.0,17,7.0,7,11.0,10,15,18,7.0,19.0,17,16,12,7.0,16.0,10,11,14.0,24,11.0,21.0,20.0,49.0,21.0,56.0,20.0,19.0,42.0,9.0,15,20,27.0,22.0,5.0,12.0,11.0,51.0,,20.0,10,15,56.0,40.0,16,29.0,29.0,54.0,0.0,30.0,10.0,23,18,24.0,28.0,13.0,17.0,4,49.0,33.0,14.0,19,9,0,42.0,,9.0,13.0,22,25,19.0,,10,0.0,27.0,16,,36.0,43.0,15,34.0,17,9.0,22.0,20.0,5,32.0,26,46.0,19,14,,29.0,44.0,11.0,30,14,16,21.0,11,19.0,14,13,24.0,19,21,55.0,22.0,15,12,21.0,12.0,16.0,18.0,35.0,17.0,14,31.0,27,15,9.0,54.0,20.0,32.0,,37.0,18,38,11.0,26.0,24.0,5.0,21.0,15.0,19,10.0,15,34.0,52.0,15.0,22.0,22,11.0,27,58.0,40.0,17.0,26,12.0,0.0,1.0,9,30,58.0,19.0,31.0,,,2.0,25.0,3.0,42.0,9.0,26.0,22.0,16,19,,10.0,29.0,14,14,6,18,12.0,44.0,16,4,12.0,17.0,17,27.0,33.0,13.0,16,6.0,30.0,20.0,9,34.0,29.0,43.0,26.0,9.0,50.0,11,16.0,15,26.0,19,17,17,13.0,28.0,12.0,22.0,,,56.0,6.0,33.0,23.0,17.0,10,31.0,29.0,21,15.0,26.0,18.0,10.0,9,13.0,,40.0,16,24,38.0,16,33.0,12.0,14.0,58.0,9,6.0,26,17,33.0,9,47.0,0,38.0,15.0,16.0,17,18,,13.0,20,26.0,28,40.0,16,47.0,9.0,28.0,20.0,31.0,17.0,15,21.0,41.0,16.0,28.0,50.0,,44.0,14,16,22.0,14,14,19,28.0,22.0,30.0,56.0,26.0,17.0,25,22.0,30.0,29.0,21,33.0,,49.0,55.0,12.0,25,20.0,24.0,16.0,,17.0,26.0,31.0,26,,,,,0.0,10.0,29.0,19,39.0,24.0,11.0,16.0,30,20,25.0,,9,26.0,9.0,4.0,14,32.0,17.0,17.0,11.0,12,18.0,8.0,36.0,28.0,16.0,11.0,7.0,51.0,26.0,9,25,37.0,41.0,41.0,14.0,19.0,3.0,24.0,0.0,15.0,18.0,3,22,44.0,28,42.0,36.0,18.0,15.0,19,22,15.0,7.0,39.0,36.0,18.0,22.0,46.0,31.0,22.0,21,36.0,9.0,31.0,29.0,42.0,15.0,27,31.0,21.0,40.0,10,30.0,33.0,39.0,32.0,30.0,18.0,23,27.0,18,19.0,56.0,28.0,18.0,32.0,20.0,23.0,28.0,13.0,23.0,,34.0,17.0,50.0,9.0,28.0,41.0,21.0,20.0,18.0,21.0,5,32.0,35.0,20,55.0,,18,16.0,10.0,,24,11,19,14.0,28.0,35.0,18.0,26.0,24.0,13.0,,49.0,22,15.0,24,29.0,16,18,16.0,22,39.0,25.0,24.0,23.0,28,55.0,8.0,20.0,10.0,25.0,,26,15.0,20,48.0,13.0,29.0,20,30.0,18,20,21.0,16.0,17.0,25,17.0,15.0,29,11.0,5.0,29.0,14.0,25.0,20.0,14.0,,20,27.0,20.0,25.0,57.0,45.0,18.0,11.0,57.0,15,17.0,11,23.0,30.0,,0.0,23,16,32.0,48.0,31.0,28.0,34.0,37.0,6.0,38.0,49.0,2,34.0,13.0,42,32,21.0,,17,15.0,25.0,37,26.0,33,18,15,21.0,22.0,25.0,39.0,3.0,16.0,27.0,57.0,56.0,19.0,43.0,22.0,47.0,12.0,8.0,15.0,32.0,13.0,55.0,14.0,45.0,18.0,,10.0,41.0,,14.0,44.0,22.0,19.0,8.0,26.0,21.0,29.0,8.0,20.0,16.0,49.0,33.0,5.0,,20.0,9.0,27.0,,35.0,,57.0,21,9.0,22.0,25.0,8,24.0,,21.0,15.0,27.0,38.0,32.0,15.0,,24.0,21.0,54.0,20.0,,7.0,15.0,10.0,22.0,28.0,,27.0,13.0,31.0,19.0,24.0,52.0,50.0,,29,50.0,48.0,24.0,21,9.0,16.0,19.0,39.0,,43.0,15.0,,,25,20.0,,11.0,31.0,38.0,24.0,14,19,42.0,22.0,,43.0,11.0,38.0,20,8,,38.0,42.0,38.0,36.0,26.0,,11.0,24.0,,8.0,,17.0,34.0,19.0,25.0,21,16.0,15.0,26.0,19.0,21.0,20,32.0,16,36.0,9,48.0,17.0,23.0,21.0,27.0,47.0,28.0,36.0,7.0,22.0,,19.0,24,,49.0,21.0,39.0,14.0,27,41.0,20.0,16.0,21.0,27.0,14.0,24.0,33.0,27.0,23,25,,22.0,23.0,32.0,23.0,,14.0,11.0,2,16.0,49.0,25.0,20.0,17.0,13.0,6.0,24.0,12,34.0,55.0,,29,28,21.0,48.0,17.0,32.0,13.0,15.0,15.0,16.0,13.0,48.0,58.0,10.0,13.0,,,14,0.0,,36.0,20.0,55.0,10,,27.0,11,,18.0,10.0,23.0,0.0,26.0,9.0,19.0,20.0,22.0,13.0,23,16.0,29.0,33.0,11.0,26,55.0,,12.0,19.0,20.0,28.0,24.0,24.0,,45.0,35.0,36.0,25.0,19,12,24.0,26.0,38.0,12.0,53.0,14,37,32.0,19.0,44.0,57.0,37.0,12.0,33.0,43.0,34.0,46.0,58.0,49.0,25.0,7.0,,21,15,32.0,30.0,54.0,38.0,41.0,14,21.0,37.0,,20.0,57.0,43.0,29.0,45.0,18.0,8.0,23.0,,48.0,21.0,,12,29.0,13.0,22,26.0,,,27.0,,13.0,13.0,,28.0,,36.0,43.0,27.0,36.0,29.0,17.0,52.0,20.0,28.0,26.0,55.0,44.0,47.0,20.0,12.0,,33.0,20.0,25.0,29.0,33.0,48.0,47.0,,3.0,17.0,50.0,27.0,14.0,,27.0,32.0,47.0,37.0,11.0,31.0,,,29.0,21.0,14.0,18.0,32.0,13.0,27.0,,,56.0,26.0,,17.0,21,24.0,23.0,19.0,30.0,18.0,15.0,34.0,39.0,19.0,40.0,19.0,15.0,54.0,21.0,27.0,18.0,40.0,30.0,,26.0,37.0,27.0,18.0,19.0,31.0,12.0,35.0,10.0,10.0,48.0,50.0,54.0,31.0,24.0,26.0,22.0,16.0,23.0,47.0,26.0,13.0,16.0,,18.0,28.0,37.0,23,49.0,37.0,10.0,34.0,27.0,26.0,27.0,20.0,27.0,23,38.0,33.0,,20.0,25.0,20.0,30.0,18.0,17.0,26.0,48.0,22.0,32.0,34.0,15.0,20.0,9,31.0,2.0,54.0,24.0,19.0,,26.0,14.0,38.0,31.0,43.0,12.0,53.0,,18.0,23.0,49.0,33.0,48.0,15.0,31.0,45.0,15.0,16.0,8,31,22.0,43.0,32.0,15.0,,25.0,19.0,17.0,24.0,2.0,33.0,38.0,33.0,43.0,,,31.0,,48.0,45.0,25.0,45.0,20.0,45.0,,58.0,46.0,,24.0,27.0,20.0,41.0,12.0,11.0,41.0,,8.0,24.0,48.0,13.0,38.0,35.0,38.0,,30.0,13.0,46.0,27.0,29,13.0,16.0,30.0,42.0,14,27.0,31.0,,26.0,27.0,45.0,,25.0,24,53.0,19.0,21.0,,26.0,35.0,,26,33.0,18.0,17.0,55.0,19,28.0,0.0,11.0,36.0,52.0,19.0,26.0,8.0,10.0,13.0,16.0,17.0,12.0,16.0,24.0,30.0,34.0,21.0,36.0,,15.0,26.0,11.0,42.0,32,,,20.0,28.0,35.0,26.0,,44.0,,38.0,,,27.0,27,20.0,23.0,9.0,32.0,34.0,23.0,,25.0,,27.0,32.0,42.0,,,44.0,23.0,15.0,36.0,16.0,30.0,33.0,49.0,23.0,18.0,0.0,48.0,31.0,,17.0,20.0,29.0,,30.0,17.0,14.0,45.0,58.0,30.0,21.0,37.0,17.0,32.0,3.0,16.0,14.0,11.0,29.0,46.0,,26.0,,23.0,20.0,58.0,28.0,18.0,29.0,31.0,0.0,38.0,46.0,16.0,22.0,46.0,43.0,21.0,16.0,16.0,26.0,21,,37.0,17.0,7.0,21.0,,23.0,10.0,22.0,27.0,37.0,13.0,15.0,52.0,37.0,22.0,28.0,8.0,19.0,17.0,21.0,30.0,18.0,41.0,,50.0,19.0,35.0,54.0,15.0,23.0,13.0,26.0,,30.0,22.0,45.0,23.0,18.0,38.0,30.0,20.0,,,14.0,,7.0,55.0,40.0,,31.0,21.0,22.0,31.0,58.0,36.0,20.0,21.0,49.0,39.0,51.0,,26.0,,21.0,54.0,7.0,7.0,28.0,19.0,,16.0,4.0,4.0,5.0,18.0,44.0,16.0,33.0,11.0,26.0,31.0,,,30.0,0.0,20.0,22.0,,50.0,58.0,,54.0,33.0,15.0,50.0,,18.0,22.0,12.0,29.0,28.0,11.0,,28.0,20.0,28.0,43.0,25.0,18.0,6.0,29.0,31.0,47.0,9.0,11.0,9.0,22.0,16.0,48.0,33.0,30.0,19.0,34.0,13.0,,,,13,40.0,36.0,31.0,29.0,37.0,12.0,38.0,35.0,23.0,27.0,25,,11.0,45.0,19.0,44.0,30.0,24.0,32.0,14,22.0,41.0,52.0,10.0,29.0,22.0,39.0,,13.0,11.0,48.0,33.0,23.0,58.0,,21.0,58.0,54.0,37.0,4.0,,19.0,36.0,30.0,18.0,,28.0,11.0,,,,49.0,,,,13.0,47.0,50.0,36.0,,26.0,,26.0,,,56.0,24.0,,29.0,,27.0,34.0,52.0,,29.0,10.0,15.0,45.0,21.0,58.0,31.0,28.0,24.0,12.0,35.0,39.0,0.0,49.0,22.0,13.0,31.0,14.0,21.0,21.0,,28.0,25.0,25.0,44.0,39.0,49.0,25.0,53.0,14.0,27.0,46.0,21.0,,13.0,,11.0,,56.0,20.0,21.0,46.0,16.0,8.0,15.0,47.0,,,15.0,33.0,,,,24.0,32,,,,26.0,22.0,25.0,,17.0,,28.0,43.0,44.0,40.0,13.0,28.0,,43.0,43.0,25.0,42.0,,13.0,58.0,29.0,,20.0,,27.0,31.0,48.0,30.0,52.0,13.0,36.0,23.0,32.0,,,,40.0,30.0,20.0,,38.0,29.0,,9.0,,27.0,41.0,22.0,52.0,35.0,,0.0,31.0,9.0,,21.0,57.0,10.0,11.0,42.0,42.0,25.0,21.0,24.0,,0.0,,55.0,38.0,,0.0,43.0,,42.0,9.0,40.0,14,51.0,44.0,15,19.0,19.0,35.0,40.0,38.0,30.0,39.0,15.0,13.0,31.0,,21.0,,24.0,,,26.0,11.0,26.0,,14.0,56.0,42.0,23.0,31.0,,38.0,,35.0,,10.0,,,30.0,21.0,15.0,21.0,,,48.0,27.0,31.0,55.0,29.0,19.0,0.0,30.0,19.0,16.0,28.0,,20.0,20.0,34.0,28.0,54.0,16.0,31.0,19.0,13.0,15.0,0.0,35.0,6.0,12.0,,38.0,48.0,47.0,10.0,54.0,31.0,40.0,,15.0,34.0,30.0,18.0,,,17.0,5.0,27.0,19.0,,14.0,,,23.0,28.0,9.0,44.0,16.0,1.0,55.0,18.0,39.0,52.0,53.0,12.0,34.0,13.0,20.0,23.0,12.0,16.0,,20.0,20.0,28.0,12.0,27.0,17.0,28.0,,,,48.0,23.0,30.0,22.0,24.0,54.0,,13.0,,47.0,14.0,37.0,31.0,17.0,10.0,33.0,47.0,34.0,,22.0,,19.0,20.0,40.0,27.0,,,23.0,10.0,31.0,35.0,,,,,19.0,30.0,,21.0,30.0,58.0,,13.0,,4.0,,41.0,12.0,44.0,29.0,,30.0,23.0,30.0,31.0,21.0,,7.0,5.0,35.0,41.0,33.0,32.0,,,49.0,,29.0,16.0,25.0,30.0,41.0,25.0,34.0,34.0,46.0,33.0,,22.0,26.0,52.0,40.0,13.0,,,37.0,49.0,43.0,13.0,49.0,30.0,0.0,16.0,20.0,57.0,14.0,34.0,58.0,,51.0,22.0,,33.0,43.0,33.0,,41.0,10.0,24.0,15.0,25.0,,,30.0,,46.0,35.0,9.0,8.0,37.0,23.0,57.0,,25.0,24.0,44.0,40.0,9.0,52.0,12.0,13.0,49.0,7.0,50.0,,41.0,19.0,19.0,53.0,,27.0,24.0,24.0,,,12.0,11.0,44.0,37.0,10.0,,5.0,18.0,37.0,22.0,44.0,,13.0,55.0,20.0,24.0,14.0,15.0,55.0,41.0,26.0,20.0,46.0,,14.0,16.0,54.0,40.0,,,27.0,,31.0,32.0,17.0,47.0,,,42.0,,25.0,26.0,,38.0,39.0,19.0,,13.0,33.0,14.0,15.0,37.0,15.0,8.0,16.0,,8.0,,23.0,32.0,7.0,42.0,24.0,39.0,23.0,22.0,25.0,,21.0,,48.0,12.0,,30.0,14.0,11.0,32.0,39.0,20.0,,23.0,32.0,12.0,57.0,16.0,54.0,31.0,25.0,6.0,28.0,34.0,27.0,15.0,42.0,33.0,18.0,29.0,36.0,56.0,22.0,21.0,34.0,37.0,,52.0,18.0,9.0,,,,31.0,58.0,12.0,47.0,31.0,28.0,,,33.0,14.0,,39.0,,21.0,,18.0,50.0,0.0,26.0,31.0,33.0,55.0,24.0,,,26.0,44.0,32.0,47.0,49.0,,31.0,12.0,26.0,40.0,23.0,35.0,32.0,30.0,52.0,3.0,23.0,,,,30.0,20.0,40.0,18.0,54.0,,16.0,26.0,,37.0,,,50.0,42.0,34.0,24.0,29.0,,39.0,20.0,37.0,26.0,,13.0,11.0,57.0,10.0,,54.0,,11.0,11.0,30.0,28.0,18.0,31.0,21.0,23.0,,18.0,22.0,18.0,,35.0,44.0,,25.0,18.0,32.0,9.0,38.0,,,32.0,52.0,29.0,,47.0,27.0,28.0,,27.0,22.0,15.0,36.0,27.0,13.0,40.0,10.0,25.0,13.0,17.0,28.0,36.0,20.0,41.0,12.0,34.0,18.0,,21.0,8.0,25.0,9.0,31.0,18.0,32.0,,39.0,55.0,23.0,,34.0,37.0,,18.0,21.0,18.0,53.0,25.0,,,18.0,12.0,,43.0,23.0,21.0,16.0,42.0,,35.0,13.0,16.0,12.0,13.0,10.0,19.0,17.0,36.0,15.0,,26.0,43.0,23.0,58.0,,24.0,10.0,32.0,,29.0,47.0,,32.0,52.0,,10.0,53.0,,31.0,39.0,51.0,,42.0,,,9.0,35.0,,41.0,9.0,16.0,12.0,,,47.0,19.0,32.0,13.0,,33.0,17.0,,,22.0,23.0,,45.0,25.0,41.0,17.0,42.0,,15.0,29.0,13.0,,53.0,16.0,50.0,49.0,49.0,22.0,,48.0,29.0,4.0,,26.0,37.0,25.0,54.0,16.0,40.0,27.0,38.0,31.0,,33.0,7.0,10.0,56.0,11.0,,,,33.0,25.0,58.0,56.0,,29.0,6.0,45.0,18.0,53.0,27.0,,51.0,26.0,38.0,28.0,19.0,27.0,29.0,39.0,51.0,,41.0,10.0,3.0,25.0,9.0,54.0,53.0,,41.0,,40.0,,,,,30.0,16.0,30.0,,42.0,16.0,,41.0,23.0,54.0,26.0,22.0,,22.0,20.0,19.0,1.0,16.0,22.0,8.0,15.0,,,55.0,,8.0,,34.0,9.0,,42.0,21.0,42.0,,54.0,21.0,17.0,23.0,28.0,33.0,39.0,30.0,22.0,,17.0,24.0,35.0,24.0,7.0,,15.0,17.0,52.0,,12.0,40.0,18.0,16.0,9.0,17.0,13.0,0.0,51.0,52.0,20.0,,31.0,44.0,40.0,34.0,29.0,,30.0,,47.0,,35.0,33.0,13.0,,15.0,28.0,46.0,23.0,,18.0,30.0,20.0,45.0,40.0,,,,54.0,24.0,49.0,,44.0,24.0,,,21.0,,28.0,37.0,43.0,28.0,13.0,31.0,,,44.0,18.0,51.0,22.0,,27.0,47.0,18.0,21.0,35.0,,,,16.0,,15.0,24.0,,10.0,50.0,49.0,32.0,,16.0,11.0,34.0,22.0,,,,4.0,24.0,24.0,,11.0,29.0,48.0,14.0,,35.0,13.0,14.0,32.0,,32.0,17.0,,,19.0,42.0,46.0,,8.0,,,36.0,10.0,47.0,,23.0,,,32.0,3.0,,,42.0,37.0,15.0,36.0,58.0,7.0,48.0,40.0,,31.0,44.0,38.0,28.0,,56.0,47.0,31.0,22.0,53.0,,34.0,41.0,,15.0,,40.0,11.0,,,,18.0,16.0,34.0,32.0,16.0,,24.0,46.0,25.0,22.0,,46.0,52.0,20.0,56.0,3.0,38.0,,50.0,28.0,47.0,32.0,55.0,,,30.0,,17.0,21.0,53.0,35.0,,32.0,49.0,11.0,44.0,26.0,18.0,23.0,,,24.0,,16.0,34.0,,25.0,40.0,32.0,,45.0,15.0,40.0,27.0,48.0,51.0,36.0,,21.0,23.0,,35.0,26.0,,50.0,18.0,14.0,52.0,0.0,44.0,,,,17.0,,35.0,7.0,32.0,,,28.0,27.0,9.0,,,,30.0,32.0,,28.0,10.0,25.0,33.0,16.0,52.0,28.0,51.0,39.0,13.0,51.0,33.0,28.0,13.0,14.0,,25.0,18.0,23.0,26.0,41.0,25.0,23.0,39.0,42.0,36.0,33.0,43.0,15.0,,16.0,39.0,48.0,8.0,7.0,37.0,21.0,58.0,36.0,30.0,4.0,,45.0,,36.0,19.0,44.0,,,19.0,40.0,29.0,41.0,,31.0,30.0,39.0,,34.0,6.0,18.0,10.0,,34.0,,13.0,52.0,19.0,52.0,52.0,58.0,19.0,43.0,,35.0,50.0,12.0,48.0,42.0,,28.0,9.0,0.0,,9.0,30.0,24.0,47.0,37.0,,52.0,30.0,15.0,54.0,10.0,52.0,21.0,,39.0,17.0,,32.0,23.0,11.0,,,27.0,16.0,29.0,,19.0,31.0,,21.0,,29.0,22.0,58.0,,21.0,23.0,52.0,56.0,23.0,,,21,3,2.513888888888889,17.97810634063122,-0.3664229063034052
7,6,5,7,7,8,8,4,12,11,6,14,15,7,14,8,11,9,20,41,11,6,12,8,7,7,15,13,9,16,19,12,10,11,16,10,22,13,16,10,18,17.0,13,18,12,10,15,7,8,7,12,12,13,8,8,22,12,6,9,15,12,10,20,5,50.0,15,16,13,16,7,22,16,17,13,10,12,12,13,12,12,13,6,10,11,16,18,7,8,23,17,16,22,53,14,15,21,15,19,20,21,25,19,25,14,16,26,10,16,16,10,13,31.0,17,17,25.0,0,15,15,15,17,17,23,12,18,13,9,17,11.0,19,10,12,6,18.0,11,25,16.0,13,12,22,16,17,21,15,13,14.0,12.0,24,21.0,9,7,19,14,22.0,10,22,10,17,45.0,21,17,29,25,11,22,26,14.0,7,15,16,22,14,17.0,20,42,16,19,20,17.0,13,16.0,14,16,18,22,29,57.0,19.0,20,16,29.0,12.0,24,46,18,15,17,9,13,26.0,20,28,45.0,17,19,22,7,,13,2,16,17,0.0,32,30,20,24,13,10,17,25.0,25.0,20,20,11,32.0,20,14,18,21.0,30,22.0,29.0,23,14,15.0,31,32,21,27.0,22.0,25,16,16,12,18,14.0,0,17,15,14,11,15,18.0,40.0,17,,11.0,21.0,18.0,21,15.0,20,29,26,20.0,8.0,48.0,57.0,57.0,15,14.0,21.0,58.0,12,30,,33,21,20,14.0,32.0,22.0,21,57.0,18,19,14.0,13.0,20,17.0,29.0,10,26,33.0,15,30.0,44.0,26.0,23,16,14.0,28,15,17,8,17,24,22,20,9,18,9,14,,12.0,33,14,14,24.0,13.0,17,25,26,42.0,36,,24,14,17,14,19,23.0,19,24.0,16,17,14.0,19,18,21,,24.0,8,17.0,36.0,21.0,18.0,18.0,23,32.0,23,21,18,26.0,17,61.0,24.0,22,35.0,18.0,17.0,22,21.0,13,21,22,16,14,23,46,23.0,20,35.0,21,19,14,56.0,22,,19,35.0,11,,37,3,25.0,21,12.0,19,25.0,24.0,17,23,53.0,45.0,11.0,23.0,,26,37.0,62.0,25,25.0,22,15,26.0,38.0,24,17.0,12,40.0,,25,31,11,29.0,29,21.0,33.0,28,19.0,22,22.0,17,16,13,29.0,37.0,16,27,22,20.0,18.0,20,24,26.0,23,37.0,16.0,59.0,17.0,9.0,,22.0,63.0,26.0,33.0,19,31,22.0,31.0,29.0,60.0,56.0,39.0,20.0,16.0,30,21,25.0,25.0,16,,18.0,27.0,23.0,12.0,32.0,24,26,,7.0,19.0,35.0,13,31.0,23.0,14.0,24,18,18,,20.0,43.0,30.0,37,16,19.0,23.0,11,51.0,29.0,11,,46.0,54.0,23,13.0,14,43.0,22.0,20.0,8,17.0,17,20.0,25,18,24.0,45.0,15.0,59.0,18,22,16,16.0,24,7.0,9,22,24.0,31,20,10.0,20.0,23,11,17.0,24.0,45.0,41.0,12.0,24.0,13,18.0,19,16,56.0,13.0,,30.0,28.0,35.0,18,50,26.0,12.0,18.0,26.0,27.0,30.0,21,22.0,28,49.0,29.0,17.0,34.0,18,13.0,21,17.0,29.0,27.0,13,25.0,52.0,20.0,17,27,0.0,33.0,37.0,22.0,34.0,,9.0,30.0,11.0,,24.0,15.0,35,6,,29.0,41.0,12,18,20,29,27.0,63.0,17,20,63.0,20.0,21,0.0,31.0,27.0,22,49.0,45.0,45.0,15,23.0,30.0,35.0,,18.0,32.0,11,16.0,22,29.0,16,18,37,,34.0,16.0,52.0,,37.0,,36.0,31.0,47.0,20.0,18,50.0,31.0,24,33.0,,14.0,10.0,16,22.0,28.0,49.0,22,18,26.0,18,0.0,38.0,23.0,23.0,20,25.0,16,23,23.0,29,,21,21.0,,0.0,39,24,21.0,27.0,42,47.0,46,50.0,23,,41.0,34.0,55.0,28.0,35.0,36,18.0,36.0,54.0,34.0,34.0,15.0,62.0,27,30,21.0,21,27,18,48.0,21.0,36.0,41.0,19.0,7.0,44,32.0,19.0,53.0,8,30.0,26.0,19.0,14.0,14.0,14,9.0,28.0,16.0,57.0,32.0,45.0,16.0,21,,27.0,23.0,18.0,28.0,28.0,37.0,31,23.0,,34.0,15.0,17,6,,17.0,13,43.0,,23.0,22,28.0,15.0,47.0,56.0,14,20.0,22.0,30.0,30.0,36.0,27.0,55.0,32.0,62.0,16,23,,15.0,,22.0,24.0,31.0,23.0,35.0,12.0,31.0,36,32,21.0,24,50.0,21.0,26.0,9.0,26,14,46.0,53.0,23.0,21.0,26.0,30.0,20.0,35.0,18.0,31,54.0,11.0,,31.0,44.0,26.0,22,36.0,25.0,20.0,9,30.0,21.0,26.0,30.0,21.0,18.0,41,25.0,15,18.0,25.0,16.0,35.0,11.0,60.0,22.0,36.0,46.0,54.0,41.0,18.0,15.0,42.0,,21.0,,26.0,14.0,34.0,32.0,22,18.0,41.0,19,42.0,49.0,19,35.0,27.0,17.0,26,25,13,23.0,33.0,,35.0,14.0,14.0,48.0,53.0,,19,26.0,10,18.0,30,27,16.0,27,52.0,38.0,18.0,29.0,9,32.0,18.0,36.0,57.0,42.0,29.0,18,33.0,30,,61.0,17.0,16,29.0,12,22,28.0,17.0,34.0,21,51.0,,31,21.0,,31.0,29.0,24.0,42.0,31.0,18.0,41,45.0,26.0,22.0,24.0,37.0,23.0,,22.0,31,45.0,19,11.0,27.0,32.0,41.0,28,19,36.0,12.0,17.0,21.0,19.0,49.0,32.0,27.0,63.0,20,24.0,22.0,39,27,32.0,50.0,23,29.0,37.0,32,22.0,33,13,15,53.0,21.0,26.0,43.0,12.0,17.0,46.0,,19.0,25.0,32.0,39.0,8.0,,16.0,14.0,16.0,34.0,16.0,15.0,,36.0,25.0,15.0,47.0,,34.0,60.0,26.0,42.0,16.0,15.0,,39.0,25.0,55.0,24.0,38.0,52.0,36.0,,33.0,29.0,25.0,9.0,,,63.0,19,47.0,28.0,19.0,8,31.0,17.0,63.0,18.0,46.0,26.0,47.0,24.0,50.0,23.0,9.0,50.0,,17.0,28.0,30.0,34.0,31.0,13.0,,17.0,25.0,49.0,25.0,53.0,47.0,23.0,,12,31.0,40.0,28.0,17,24.0,21.0,30.0,52.0,22.0,43.0,32.0,46.0,47.0,20,15.0,22.0,38.0,23.0,44.0,34.0,23,18,15.0,34.0,28.0,20.0,30.0,42.0,22,0,17.0,27.0,46.0,,35.0,31.0,32.0,12.0,40.0,56.0,48.0,37.0,48.0,55.0,45.0,36.0,8,30.0,29.0,18.0,20.0,9.0,25,28.0,13,24.0,15,25.0,,21.0,,34.0,23.0,27.0,38.0,31.0,19.0,27.0,63.0,12,20.0,,36.0,35.0,54.0,52,29.0,63.0,24.0,35.0,22.0,61.0,,39.0,17.0,38,16,29.0,45.0,27.0,28.0,50.0,37.0,20.0,14.0,29,15.0,33.0,21.0,44.0,20.0,16.0,17.0,25.0,27,14.0,24.0,33.0,25,15,57.0,39.0,21.0,26.0,11.0,37.0,20.0,23.0,33.0,13.0,,47.0,15.0,,9.0,38,,61.0,15.0,18.0,27.0,4,23.0,17.0,15,33.0,27.0,9.0,,33.0,28.0,45.0,41.0,21.0,19.0,54.0,22,33.0,26.0,,20.0,20,25.0,48.0,39.0,14.0,46.0,42.0,40.0,14.0,,9.0,39.0,29.0,18.0,27,15,,24.0,23.0,24.0,,12,22,59.0,10.0,24.0,33.0,,32.0,5.0,24.0,25.0,28.0,,0.0,31.0,13.0,6.0,24,20,16.0,40.0,15.0,52.0,18.0,19,35.0,43.0,,33.0,41.0,30.0,21.0,37.0,,21.0,,44.0,49.0,15.0,,16,,19.0,32,25.0,0.0,29.0,30.0,10.0,,12.0,21.0,,39.0,24.0,36.0,42.0,21.0,17.0,39.0,23.0,32.0,23.0,32.0,56.0,25.0,,37.0,,,23.0,18.0,27.0,17.0,32.0,29.0,19.0,33.0,27.0,35.0,,,21.0,21.0,30.0,23.0,24.0,,35.0,21.0,,29.0,6.0,17.0,48.0,24.0,,43.0,20.0,27.0,,16.0,,23.0,36.0,31,6.0,21.0,,22.0,61.0,11.0,35.0,36.0,15.0,17.0,25.0,39.0,,24.0,21.0,18.0,27.0,17.0,30.0,44.0,63.0,9.0,29.0,17.0,30.0,0.0,32.0,8.0,34.0,,56.0,41.0,20.0,,57.0,39.0,30.0,34.0,29.0,43.0,14.0,62.0,32.0,14.0,37.0,27.0,7,14.0,54.0,26.0,38.0,52.0,48.0,18.0,26.0,12.0,27,31.0,58.0,16.0,33.0,43.0,35.0,24.0,32.0,22.0,57.0,34.0,44.0,17.0,33.0,37.0,62.0,16,15.0,42.0,27.0,,9.0,48.0,14.0,20.0,29.0,54.0,55.0,,53.0,43.0,47.0,21.0,24.0,36.0,19.0,29.0,16.0,34.0,30.0,23.0,0,20,32.0,28.0,55.0,26.0,47.0,48.0,22.0,13.0,,0.0,45.0,37.0,47.0,55.0,54.0,0.0,,18.0,20.0,47.0,28.0,16.0,29.0,9.0,24.0,35.0,22.0,46.0,58.0,,27.0,28.0,17.0,23.0,59.0,52.0,18.0,21.0,19.0,53.0,34.0,57.0,26.0,20.0,23.0,43.0,42.0,35.0,14,,22.0,32.0,21.0,11,0.0,34.0,60.0,46.0,38.0,54.0,20.0,,22,35.0,16.0,44.0,43.0,32.0,21.0,,51,38.0,15.0,41.0,,13,59.0,17.0,,35.0,29.0,25.0,9.0,13.0,20.0,29.0,36.0,,42.0,23.0,9.0,21.0,58.0,58.0,15.0,24.0,20.0,46.0,17.0,38.0,24,59.0,17.0,41.0,24.0,22.0,,,29.0,16.0,13.0,,56.0,44.0,25,15.0,22.0,60.0,30.0,9.0,24.0,,,27.0,,25.0,31.0,39.0,56.0,48.0,,46.0,,29.0,37.0,12.0,16.0,21.0,42.0,22.0,22.0,28.0,18.0,22.0,19.0,25.0,40.0,47.0,24.0,,22.0,37.0,47.0,38.0,32.0,15.0,24.0,40.0,23.0,16.0,4.0,0.0,30.0,57.0,32.0,49.0,27.0,33.0,26.0,30.0,48.0,22.0,26.0,,,21.0,57.0,17.0,13.0,31.0,20.0,11.0,52.0,,25,37.0,29.0,,17.0,57.0,29.0,19.0,,14.0,51.0,57.0,52.0,45.0,27.0,,35.0,42.0,16.0,17.0,,52.0,32.0,15.0,,37.0,27.0,21.0,24.0,19.0,,40.0,46.0,30.0,21.0,27.0,16.0,23.0,58.0,62.0,25.0,19.0,38.0,43.0,20.0,17.0,34.0,58.0,40.0,23.0,,,40.0,,22.0,,56.0,23.0,22.0,47.0,19.0,47.0,,,18.0,43.0,23.0,22.0,19.0,14.0,,42.0,36.0,,18.0,45.0,19.0,45.0,,22.0,,15.0,14.0,41.0,31.0,35.0,48.0,54.0,,14.0,,,45.0,47.0,42.0,25.0,46.0,34.0,46.0,24.0,22.0,5.0,,,4.0,26.0,20.0,34.0,45.0,26.0,,35.0,14.0,32.0,21.0,38.0,23.0,28.0,34.0,17.0,39.0,51.0,49.0,34.0,0.0,,,,,29,17.0,,,14.0,35.0,16.0,22.0,54.0,28.0,,21,,14.0,22.0,61.0,19.0,54.0,32.0,23.0,23,14.0,,52.0,30.0,,34.0,25.0,,30.0,,21.0,32.0,40.0,41.0,38.0,,,31.0,38.0,40.0,28.0,34.0,40.0,,10.0,28.0,15.0,,29.0,54.0,19.0,,,,8.0,,13.0,47.0,53.0,57.0,24.0,33.0,22.0,,54.0,30.0,45.0,,21.0,28.0,31.0,14.0,,23.0,31.0,41.0,22.0,43.0,,50.0,59.0,18.0,51.0,19.0,,,40.0,36.0,2.0,35.0,30.0,37.0,,26.0,35.0,0.0,43.0,58.0,37.0,,52.0,50.0,43.0,0.0,36.0,41.0,53.0,59.0,15.0,14.0,10.0,16.0,45.0,27.0,55.0,27.0,22.0,8.0,14.0,,26.0,24.0,25.0,54.0,18.0,19.0,48.0,29.0,21,36.0,49.0,24.0,34.0,37.0,27.0,53.0,25.0,36.0,34.0,48.0,16.0,28.0,36.0,11.0,24.0,47.0,23.0,7.0,40.0,35.0,20.0,24.0,,,29.0,44.0,53.0,50.0,,26.0,32.0,8.0,35.0,25.0,47.0,20.0,58.0,,45.0,30.0,9.0,,31.0,43.0,,30.0,,,39.0,11.0,59.0,18.0,38.0,,29.0,26.0,50.0,32.0,29.0,,6.0,20.0,23.0,32.0,50.0,,33.0,37.0,,29.0,49.0,8.0,28.0,27.0,22.0,52.0,39.0,,16,47.0,13.0,22,,22.0,26.0,26.0,42.0,18.0,49.0,,27.0,,42.0,24.0,31.0,,15.0,23.0,33.0,28.0,55.0,12.0,18.0,18.0,,62.0,50.0,15.0,21.0,23.0,,47.0,13.0,,50.0,19.0,28.0,,18.0,11.0,34.0,,44.0,13.0,17.0,,17.0,16.0,56.0,40.0,41.0,26.0,,,33.0,,44.0,12.0,,22.0,19.0,18.0,18.0,43.0,54.0,49.0,13.0,32.0,29.0,,28.0,18.0,29.0,59.0,38.0,56.0,,53.0,,44.0,55.0,56.0,15.0,61.0,1.0,25.0,43.0,16.0,39.0,50.0,38.0,50.0,31.0,21.0,,38.0,14.0,25.0,32.0,16.0,,35.0,33.0,13.0,33.0,36.0,62.0,18.0,19.0,14.0,35.0,,,46.0,48.0,34.0,,29.0,22.0,50.0,31.0,14.0,58.0,39.0,46.0,37.0,50.0,14.0,18.0,51.0,28.0,57.0,57.0,10.0,23.0,,29.0,22.0,12.0,63.0,37.0,,35.0,20.0,23.0,41.0,28.0,22.0,27.0,49.0,,39.0,19.0,18.0,11.0,40.0,28.0,37.0,48.0,,,53.0,45.0,,,43.0,28.0,15.0,47.0,,16.0,47.0,30.0,31.0,,36.0,,49.0,,14.0,12.0,29.0,35.0,,44.0,28.0,43.0,10.0,54.0,42.0,,,40.0,35.0,,47.0,,51.0,47.0,16.0,17.0,13.0,,55.0,17.0,27.0,43.0,31.0,,42.0,35.0,58.0,30.0,48.0,22.0,47.0,50.0,14.0,,,,54.0,27.0,58.0,42.0,31.0,19.0,63.0,0.0,30.0,0.0,,58.0,15.0,45.0,37.0,22.0,43.0,,28.0,17.0,22.0,63.0,34.0,,,29.0,,9.0,38.0,21.0,27.0,12.0,42.0,33.0,28.0,29.0,47.0,,,24.0,13.0,36.0,,52.0,15.0,32.0,21.0,34.0,27.0,,30.0,,40.0,,,33.0,38.0,19.0,42.0,11.0,0.0,,41.0,30.0,29.0,18.0,21.0,32.0,39.0,45.0,,36.0,45.0,43.0,15.0,52.0,26.0,58.0,44.0,43.0,,33.0,58.0,14.0,45.0,63.0,,30.0,,,25.0,17.0,15.0,24.0,43.0,33.0,33.0,33.0,31.0,54.0,53.0,35.0,33.0,29.0,31.0,27.0,50.0,,25.0,8.0,,29.0,37.0,43.0,3.0,,,35.0,29.0,27.0,14.0,36.0,50.0,15.0,37.0,19.0,,13.0,16.0,19.0,26.0,33.0,20.0,50.0,,16.0,,21.0,15.0,,63.0,18.0,37.0,26.0,16.0,35.0,,,39.0,30.0,,26.0,,33.0,20.0,60.0,32.0,14.0,,27.0,,34.0,31.0,,18.0,,29.0,29.0,47.0,46.0,25.0,27.0,13.0,57.0,30.0,46.0,27.0,,38.0,12.0,18.0,,,17.0,28.0,19.0,44.0,50.0,22.0,54.0,,37.0,35.0,,62.0,31.0,57.0,45.0,15.0,17.0,55.0,,2.0,40.0,,38.0,,45.0,40.0,,53.0,27.0,20.0,44.0,37.0,3.0,26.0,26.0,31.0,43.0,40.0,,14.0,,12.0,,61.0,,29.0,16.0,,20.0,,27.0,21.0,33.0,15.0,19.0,35.0,55.0,26.0,0.0,14.0,,22.0,,,55.0,,29.0,23.0,26.0,,33.0,,20.0,47.0,62.0,19.0,35.0,42.0,13.0,20.0,47.0,27.0,,56.0,,,24.0,,,33.0,34.0,49.0,46.0,,52.0,,56.0,59.0,60.0,32.0,11.0,50.0,26.0,60.0,63.0,25.0,0.0,,,36.0,14.0,,16.0,,26.0,32.0,46.0,21.0,17.0,41.0,,,24.0,25.0,25.0,47.0,,,13.0,28.0,20.0,49.0,62.0,39.0,,,,25.0,,48.0,,54.0,23.0,0.0,,,29.0,15.0,54.0,,,37.0,21.0,20.0,28.0,20.0,0.0,17.0,61.0,22.0,56.0,,14.0,12.0,28.0,,20.0,27.0,26.0,15.0,,53.0,,23.0,23.0,30.0,13.0,,50.0,,,60.0,,,42.0,33.0,45.0,44.0,50.0,21.0,,,62.0,30.0,,,,19.0,33.0,43.0,21.0,29.0,48.0,42.0,33.0,63.0,59.0,23.0,,39.0,29.0,56.0,26.0,,41.0,,17.0,31.0,20.0,,,,51.0,24.0,,16.0,,36.0,20.0,,25.0,,23.0,,61.0,40.0,49.0,41.0,,54.0,41.0,43.0,,16.0,58.0,,11.0,42.0,53.0,13.0,12.0,17.0,41.0,34.0,,43.0,56.0,58.0,,24.0,33.0,54.0,,18.0,,43.0,49.0,17.0,59.0,56.0,19.0,14.0,19.0,43.0,15.0,,37.0,39.0,55.0,39.0,12.0,55.0,25.0,26.0,,,13.0,59.0,47.0,52.0,49.0,,,48.0,,62.0,23.0,28.0,20.0,,,22.0,28.0,20.0,60.0,36.0,41.0,13.0,46.0,25.0,,29.0,8.0,47.0,,31.0,35.0,21.0,40.0,28.0,39.0,25.0,10.0,12.0,16.0,,25.0,51.0,23.0,22.0,39.0,28.0,46.0,38.0,,32.0,41.0,14.0,,24.0,10.0,37.0,15.0,,27.0,,,,14.0,59.0,19.0,31.0,27.0,31.0,,,21.0,20.0,,17.0,36.0,34.0,57.0,40.0,33.0,60.0,50.0,58.0,8.0,58.0,37.0,47.0,31.0,15.0,,,38.0,21.0,,35.0,17.0,37.0,38.0,,,53.0,30.0,22.0,22.0,39.0,59.0,,,53.0,37.0,,48.0,,,42.0,,49.0,,,51.0,60.0,39.0,29.0,20.0,,7.0,,49.0,61.0,50.0,17.0,38.0,30.0,28.0,,7.0,52.0,37.0,44.0,,63.0,36.0,58.0,42.0,17.0,,57.0,12.0,29.0,33.0,,,22.0,37.0,25.0,32.0,0.0,30.0,,20.0,47.0,38.0,55.0,,53.0,51.0,38.0,40.0,23.0,,,33.0,37.0,,12.0,54.0,59.0,,31.0,27.0,22.0,42.0,32.0,41.0,,45.0,31.0,27.0,16.0,32.0,13.0,41.0,39.0,8.0,56.0,,50.0,20.0,16.0,,30.0,,,0.0,,,20.0,55.0,50.0,29.0,62.0,34.0,23.0,24.0,,,60.0,32.0,,,46.0,33.0,53.0,41.0,47.0,,41.0,24.0,,55.0,55.0,29.0,34.0,36.0,,25.0,41.0,,45.0,35.0,,22.0,26.0,43.0,,22.0,,35.0,51.0,38.0,,,54.0,36.0,13.0,,24.0,39.0,13.0,26.0,46.0,52.0,33.0,34.0,34.0,25.0,,57.0,19.0,53.0,10.0,53.0,41.0,18.0,59.0,61.0,53.0,49.0,33.0,31.0,24.0,4.0,51.0,,28.0,20.0,,58.0,,,,29.0,,38.0,,36.0,58.0,31.0,15.0,,,63.0,31.0,52.0,24.0,10.0,27.0,,,59.0,33.0,15.0,,41.0,,21.0,39.0,52.0,,32.0,22.0,13.0,38.0,,,,47.0,,,,,30.0,,20.0,0.0,5.0,30.0,21.0,28.0,32.0,55.0,23.0,62.0,,,18.0,25.0,35.0,28.0,,51.0,,52.0,31.0,,,,,0.0,15.0,,27.0,47.0,36.0,28.0,45.0,49.0,,,24.0,16.0,60.0,,16.0,32.0,31.0,,18.0,15.0,29.0,31.0,,32.0,,16.0,,,,,57.0,50.0,33.0,,33.0,47.0,,22,3,2.551966292134832,18.43168934240363,-0.3522706118631605
1,1,3,3,4,3,6,6,5,2,4,10,10,5,7,4,4,7,39,13,4,4,5,14,7,7,8,5,11,9,15,4,9,8,11,8,15,9,11,14,13,33.0,10,9,2,12,16,9,4,14,9,5,8,6,12,10,12,7,3,13,12,6,21,8,,12,20,9,8,7,14,18,12,8,13,8,14,2,12,10,11,7,6,14,13,11,12,12,25,12,13,12,27,17,14,18,9,14,3,15,16,18,12,10,12,15,12,11,9,15,11,13.0,16,14,14.0,4,19,10,14,13,14,15,10,13,1,8,12,43.0,11,12,14,13,22.0,9,9,13.0,15,23,0,9,19,4,16,9,37.0,0.0,8,14.0,12,11,5,8,29.0,10,17,22,8,12.0,11,17,11,14,16,10,13,28.0,12,16,17,10,10,12.0,3,18,9,17,10,13.0,11,24.0,14,13,11,0,29,,11.0,10,13,38.0,25.0,13,29,7,11,13,10,10,25.0,21,6,37.0,11,9,13,13,3.0,16,14,22,14,,26,10,16,12,19,32,11,13.0,24.0,15,24,27,19.0,15,13,16,39.0,3,14.0,48.0,22,17,26.0,10,21,22,36.0,36.0,21,20,15,13,20,32.0,15,12,17,5,13,13,19.0,15.0,26,23.0,31.0,18.0,16.0,6,17.0,15,22,13,14.0,32.0,33.0,3.0,30.0,16,15.0,12.0,46.0,0,15,22.0,4,38,9,14.0,44.0,14.0,12,0.0,7,16,10.0,14.0,3,52.0,21.0,7,5,31.0,15,10.0,17.0,42.0,24,22,14.0,12,17,21,7,3,15,15,20,7,24,6,17,24.0,31.0,48,18,17,40.0,3.0,10,40,13,21.0,19,41.0,22,7,21,9,9,22.0,14,15.0,13,23,18.0,16,23,17,14.0,12.0,15,14.0,9.0,6.0,34.0,,8,14.0,8,11,18,30.0,15,,8.0,17,,24.0,30.0,31,8.0,16,17,22,18,17,13,11,10.0,12,53.0,26,4,5,50.0,17,0.0,22,29.0,13,41.0,35,27,14.0,23,11.0,17,13.0,7.0,15,4,23.0,37.0,19.0,17.0,14.0,16,14.0,12.0,11,52.0,11,11,24.0,40.0,18,19.0,24,33.0,25.0,15,19,23,20.0,21,9.0,0.0,23,10.0,26,33.0,21,23,6,7.0,41.0,24,16,15,13.0,,9,21,23.0,17,8.0,29.0,21.0,13.0,19.0,16.0,18.0,19.0,35.0,34.0,21,13,15.0,38.0,24.0,44.0,,56.0,34.0,30.0,14,20,13.0,13.0,17,22.0,12.0,,16.0,14.0,33.0,10,25,48.0,19.0,18.0,16.0,10,23.0,16.0,28.0,5,16,19,,11.0,48.0,27.0,4,19,20.0,20.0,37,15.0,14.0,16,,12.0,17.0,32,9.0,14,25.0,23.0,41.0,19,15.0,20,58.0,17,13,30.0,18.0,39.0,43.0,5,19,23,11.0,16,5.0,28,23,20.0,2,19,13.0,36.0,17,8,27.0,12.0,56.0,21.0,6.0,16.0,17,31.0,26,19,28.0,32.0,28.0,30.0,22.0,10.0,20,10,26.0,9.0,19.0,36.0,33.0,39.0,15,19.0,22,28.0,10.0,42.0,27.0,32,11.0,25,,24.0,0.0,20,26.0,27.0,19.0,17,22,59.0,29.0,46.0,21.0,,17.0,17.0,35.0,24.0,7.0,13.0,21.0,18,8,5.0,5.0,34.0,9,16,10,5,12.0,47.0,22,15,10.0,,16,58.0,27.0,16.0,16,,53.0,22.0,27,6.0,38.0,10.0,21.0,28.0,45.0,7,16.0,14,31.0,7,26,9,5.0,36.0,18.0,17.0,23.0,51.0,36.0,,18.0,24.0,7.0,13,,12.0,10,,54.0,28.0,32.0,9,18.0,43.0,4.0,19,7,43.0,3,22.0,9.0,9.0,,23,10.0,14,11,43.0,2,,4,24.0,17.0,24.0,17,15,,15.0,24,8.0,12,21.0,13,8.0,7.0,31.0,59.0,26.0,22.0,17,28.0,49.0,15.0,34.0,39.0,31.0,42.0,18,21,20.0,17,21,25,6.0,31.0,18.0,10.0,19.0,16.0,33,17.0,16.0,23.0,12,31.0,21.0,26.0,8.0,29.0,26,24.0,29.0,18.0,20.0,40.0,,23.0,25,14.0,29.0,23.0,19.0,,37.0,28.0,16,26.0,21.0,29.0,7.0,16,12,,31.0,17,25.0,16.0,23.0,23,37.0,44.0,7.0,7.0,9,12.0,30.0,25.0,45.0,34.0,14.0,,47.0,33.0,22,20,55.0,43.0,40.0,32.0,44.0,5.0,23.0,46.0,12.0,32.0,35,24,36.0,39,,18.0,10.0,38.0,17,30,12.0,35.0,,39.0,44.0,15.0,35.0,4.0,23.0,23,26.0,,22.0,24.0,18.0,41.0,19,13.0,20.0,17.0,16,8.0,23.0,16.0,28.0,17.0,10.0,25,18.0,23,,13.0,57.0,12.0,56.0,,20.0,10.0,12.0,12.0,31.0,4.0,17.0,23.0,25.0,32.0,,31.0,21.0,,56.0,0,,33.0,25,,,3,28.0,42.0,47.0,20,14,22,41.0,24.0,12.0,11.0,40.0,17.0,26.0,30.0,31.0,16,,23,43.0,17,22,32.0,22,,40.0,39.0,19.0,25,13.0,10.0,36.0,19.0,23.0,51.0,21,38.0,18,28.0,33.0,32.0,24,40.0,27,21,17.0,5.0,24.0,22,53.0,17.0,29,20.0,,19.0,34.0,16.0,18.0,18.0,58.0,44,17.0,5.0,26.0,29.0,49.0,20.0,48.0,5.0,20,34.0,28,28.0,49.0,,8.0,21,28,45.0,8.0,19.0,34.0,30.0,12.0,20.0,56.0,39.0,30,22.0,10.0,24,20,10.0,29.0,5,23.0,35.0,17,19.0,22,47,37,28.0,28.0,21.0,4.0,17.0,23.0,8.0,40.0,22.0,18.0,32.0,21.0,21.0,21.0,21.0,,21.0,25.0,6.0,20.0,,13.0,,46.0,0.0,,13.0,8.0,41.0,38.0,14.0,27.0,28.0,7.0,44.0,49.0,16.0,23.0,27.0,16.0,15.0,23.0,29.0,20.0,13.0,,48.0,27.0,8,20.0,18.0,16.0,15,33.0,,30.0,29.0,,25.0,18.0,,34.0,24.0,25.0,58.0,14.0,57.0,24.0,24.0,39.0,30.0,27.0,34.0,29.0,,34.0,3.0,27.0,50.0,,19.0,26,28.0,10.0,8.0,33,,16.0,45.0,46.0,12.0,23.0,35.0,12.0,19.0,24,27.0,29.0,18.0,13.0,11.0,18.0,21,26,,8.0,33.0,37.0,,53.0,12,11,4.0,3.0,35.0,,29.0,23.0,,21.0,39.0,,19.0,,24.0,37.0,27.0,12.0,12,29.0,15.0,15.0,22.0,14.0,9,23.0,38,21.0,17,25.0,52.0,22.0,,20.0,17.0,11.0,46.0,12.0,19.0,54.0,30.0,7,21.0,17.0,13.0,36.0,12.0,22,33.0,10.0,16.0,8.0,35.0,,36.0,24.0,57.0,18,13,39.0,41.0,12.0,23.0,0.0,49.0,,,12,22.0,,0.0,16.0,42.0,27.0,27.0,11.0,26,17.0,19.0,32.0,19,27,,57.0,28.0,10.0,57.0,10.0,10.0,59.0,14.0,7.0,56.0,55.0,11.0,10.0,26.0,19,16.0,21.0,10.0,21.0,23.0,8,56.0,12.0,16,,21.0,48.0,11.0,48.0,40.0,52.0,47.0,16.0,6.0,,16,33.0,49.0,28.0,18.0,27,9.0,,32.0,7.0,6.0,53.0,16.0,29.0,21.0,21.0,27.0,53.0,28.0,19,13,,18.0,21.0,13.0,23.0,20,26,18.0,10.0,33.0,,11.0,55.0,29.0,24.0,24.0,13.0,52.0,23.0,23.0,10.0,20.0,17,14,12.0,46.0,12.0,56.0,51.0,11,9.0,,51.0,40.0,39.0,39.0,22.0,34.0,34.0,15.0,30.0,56.0,0.0,38.0,,19,17.0,40.0,19,,41.0,26.0,12.0,59.0,,43.0,29.0,12.0,,20.0,51.0,18.0,27.0,27.0,35.0,30.0,46.0,,32.0,8.0,19.0,51.0,19.0,58.0,,31.0,34.0,42.0,33.0,7.0,,,23.0,18.0,19.0,,44.0,14.0,54.0,49.0,15.0,47.0,37.0,,,34.0,24.0,27.0,22.0,18.0,20.0,,58.0,16.0,39.0,25.0,,,24.0,54.0,18,,32.0,46.0,25.0,20.0,17.0,13.0,11.0,9.0,32.0,12.0,17.0,,2.0,22.0,12.0,58.0,11.0,,48.0,31.0,7.0,26.0,10.0,21.0,26.0,26.0,,32.0,,27.0,40.0,38.0,,,26.0,17.0,25.0,15.0,21.0,5.0,38.0,,18.0,22.0,39.0,15,25.0,27.0,13.0,35.0,26.0,23.0,19.0,,9.0,20,17.0,33.0,58.0,21.0,,21.0,18.0,49.0,14.0,20.0,24.0,18.0,10.0,17.0,56.0,26.0,15,33.0,10.0,13.0,0.0,,15.0,29.0,33.0,30.0,,27.0,11.0,5.0,30.0,26.0,27.0,23.0,48.0,23.0,8.0,,35.0,17.0,21.0,26,17,44.0,,49.0,13.0,47.0,16.0,28.0,44.0,8.0,6.0,,,25.0,31.0,43.0,26.0,,47.0,29.0,18.0,27.0,,5.0,,21.0,23.0,20.0,19.0,,,36.0,22.0,46.0,44.0,27.0,,27.0,51.0,31.0,23.0,12.0,32.0,28.0,33.0,26.0,,31.0,13.0,26,21.0,19.0,15.0,,34,21.0,36.0,,16.0,29.0,41.0,38.0,39.0,22,,22.0,18.0,,29.0,44.0,25.0,54,,7.0,28.0,20.0,21,,18.0,42.0,28.0,44.0,22.0,25.0,2.0,15.0,,8.0,27.0,16.0,28.0,15.0,9.0,31.0,,48.0,40.0,7.0,23.0,,,20,,26.0,22.0,16.0,18.0,46.0,,,,,,,24.0,25,33.0,19.0,14.0,26.0,15.0,21.0,,29.0,40.0,26.0,44.0,41.0,13.0,49.0,8.0,,28.0,43.0,28.0,27.0,14.0,12.0,30.0,29.0,,16.0,29.0,22.0,,33.0,40.0,18.0,34.0,17.0,52.0,,,20.0,51.0,41.0,23.0,27.0,39.0,,35.0,22.0,30.0,,35.0,16.0,57.0,30.0,10.0,19.0,51.0,30.0,16.0,22.0,,6.0,20.0,,28.0,52.0,18.0,25.0,7.0,,25.0,16,35.0,44.0,7.0,20.0,20.0,52.0,21.0,,15.0,,,20.0,27.0,37.0,47.0,41.0,35.0,0.0,15.0,18.0,42.0,48.0,25.0,46.0,14.0,21.0,45.0,23.0,27.0,59.0,31.0,,,,4.0,34.0,12.0,,54.0,28.0,47.0,30.0,32.0,,22.0,21.0,,41.0,,5.0,47.0,51.0,27.0,29.0,45.0,,55.0,21.0,28.0,13.0,20.0,29.0,47.0,24.0,50.0,43.0,56.0,39.0,46.0,4.0,39.0,26.0,42.0,21.0,,16.0,21.0,19.0,40.0,36.0,25.0,33.0,,,6.0,46.0,,52.0,25.0,54.0,31.0,11.0,18.0,,48.0,5.0,,15.0,,5.0,54.0,,23.0,,25.0,45.0,38.0,26.0,42.0,30.0,22.0,9.0,20.0,37.0,27.0,48.0,9.0,18.0,12.0,19.0,,19.0,17.0,8.0,23.0,58.0,24.0,,20,,22.0,36.0,,54.0,13.0,28.0,,25.0,,23,,14.0,26.0,55.0,18.0,,16.0,,24,25.0,20.0,,41.0,32.0,,37.0,40.0,41.0,31.0,,16.0,21.0,23.0,,,34.0,23.0,55.0,,21.0,11.0,32.0,,55.0,,30.0,49.0,13.0,45.0,5.0,34.0,22.0,38.0,28.0,47.0,,49.0,26.0,29.0,44.0,59.0,5.0,25.0,,11.0,22.0,,59.0,50.0,6.0,10.0,34.0,10.0,11.0,37.0,33.0,26.0,41.0,,39.0,54.0,31.0,24.0,31.0,34.0,25.0,24.0,41.0,40.0,37.0,10.0,27.0,54.0,,19.0,47.0,56.0,26.0,44.0,40.0,,21.0,41.0,29.0,15.0,14.0,,29.0,16.0,12.0,4.0,,57.0,23.0,28.0,27.0,22.0,21.0,,15.0,,,50.0,0.0,14.0,32.0,29.0,27,,,,19.0,21.0,8.0,,28.0,55.0,,26.0,28.0,56.0,30.0,22.0,19.0,7.0,21.0,,52.0,28.0,,53.0,20.0,29.0,48.0,36.0,39.0,40.0,9.0,37.0,43.0,35.0,,,27.0,32.0,23.0,10.0,,11.0,9.0,38.0,,,42.0,37.0,28.0,32.0,26.0,17.0,32.0,20.0,29.0,10.0,11.0,56.0,19.0,24.0,34.0,,10.0,16.0,29.0,,15.0,,37.0,42.0,,44.0,25.0,,,28.0,15.0,33.0,,13.0,26,38.0,6.0,16,23.0,21.0,17.0,31.0,13.0,16.0,,31.0,,12.0,20.0,,48.0,,41.0,,30.0,25.0,,49.0,19.0,31.0,52.0,17.0,51.0,49.0,,18.0,,,12.0,25.0,,42.0,11.0,24.0,,35.0,,31.0,55.0,26.0,42.0,57.0,8.0,15.0,,23.0,9.0,,,28.0,42.0,,19.0,,21.0,6.0,25.0,21.0,32.0,18.0,16.0,,14.0,13.0,22.0,22.0,30.0,,19.0,29.0,27.0,23.0,20.0,,39.0,26.0,43.0,11.0,31.0,36.0,57.0,29.0,10.0,12.0,40.0,16.0,36.0,17.0,,0.0,,36.0,14.0,55.0,36.0,11.0,,12.0,39.0,32.0,26.0,46.0,,52.0,,14.0,,0.0,30.0,,17.0,54.0,,32.0,17.0,52.0,19.0,30.0,41.0,22.0,56.0,0.0,7.0,37.0,22.0,35.0,25.0,,0.0,,12.0,23.0,,,,8.0,18.0,27.0,4.0,45.0,,15.0,29.0,18.0,16.0,53.0,57.0,,6.0,27.0,,,,15.0,24.0,21.0,20.0,30.0,40.0,43.0,,,,41.0,25.0,17.0,49.0,24.0,28.0,26.0,,50.0,13.0,49.0,43.0,32.0,19.0,47.0,51.0,25.0,23.0,34.0,21.0,8.0,22.0,,,12.0,,25.0,27.0,32.0,35.0,48.0,14.0,47.0,0.0,6.0,47.0,38.0,,,59.0,59.0,53.0,,,45.0,17.0,,17.0,22.0,,31.0,48.0,13.0,,36.0,35.0,56.0,43.0,28.0,10.0,33.0,38.0,19.0,30.0,16.0,38.0,17.0,31.0,19.0,11.0,29.0,49.0,17.0,32.0,35.0,,32.0,44.0,40.0,33.0,34.0,,13.0,44.0,35.0,,,27.0,,16.0,,,40.0,22.0,39.0,24.0,35.0,29.0,54.0,,22.0,45.0,25.0,55.0,37.0,17.0,44.0,42.0,21.0,14.0,34.0,42.0,,,28.0,24.0,23.0,28.0,5.0,30.0,0.0,9.0,2.0,16.0,20.0,25.0,18.0,20.0,45.0,34.0,10.0,45.0,,22.0,,40.0,16.0,54.0,15.0,59.0,18.0,35.0,25.0,32.0,,22.0,,11.0,31.0,,6.0,41.0,,33.0,,56.0,19.0,,54.0,28.0,0.0,27.0,22.0,,13.0,30.0,18.0,21.0,27.0,,40.0,,30.0,20.0,,13.0,19.0,30.0,34.0,34.0,29.0,0.0,28.0,56.0,7.0,21.0,31.0,16.0,29.0,42.0,24.0,32.0,19.0,27.0,34.0,39.0,20.0,,29.0,30.0,,,,39.0,,22.0,38.0,29.0,24.0,,31.0,,35.0,20.0,56.0,30.0,,37.0,40.0,24.0,0.0,,44.0,16.0,,18.0,24.0,17.0,13.0,37.0,8.0,36.0,25.0,40.0,52.0,30.0,,24.0,21.0,39.0,55.0,19.0,44.0,18.0,49.0,38.0,53.0,31.0,49.0,22.0,16.0,45.0,41.0,16.0,43.0,19.0,32.0,46.0,40.0,8.0,,41.0,14.0,29.0,40.0,30.0,17.0,19.0,39.0,42.0,35.0,,50.0,,20.0,26.0,46.0,18.0,,1.0,21.0,,24.0,4.0,18.0,10.0,28.0,12.0,15.0,,6.0,15.0,42.0,24.0,24.0,,21.0,47.0,,38.0,41.0,,41.0,,58.0,26.0,47.0,21.0,,16.0,53.0,,45.0,15.0,,,45.0,12.0,15.0,42.0,,,14.0,,,15.0,33.0,49.0,38.0,52.0,29.0,,,,0.0,7.0,20.0,48.0,25.0,7.0,28.0,31.0,30.0,7.0,32.0,31.0,19.0,3.0,20.0,27.0,,,,12.0,14.0,19.0,55.0,,17.0,19.0,35.0,40.0,32.0,32.0,,18.0,9.0,44.0,10.0,14.0,32.0,21.0,,,,,41.0,21.0,,,34.0,,40.0,17.0,22.0,10.0,33.0,18.0,11.0,,,20.0,26.0,35.0,18.0,45.0,,25.0,,9.0,,6.0,,48.0,22.0,40.0,22.0,26.0,23.0,,30.0,39.0,,31.0,47.0,43.0,,,39.0,,34.0,50.0,24.0,52.0,,39.0,13.0,,18.0,44.0,36.0,25.0,18.0,41.0,39.0,24.0,29.0,33.0,45.0,21.0,45.0,,20.0,47.0,52.0,34.0,16.0,29.0,18.0,25.0,35.0,52.0,22.0,18.0,16.0,14.0,34.0,15.0,16.0,13.0,7.0,,31.0,45.0,15.0,21.0,,26.0,47.0,57.0,43.0,14.0,,40.0,29.0,25.0,,20.0,,50.0,,32.0,15.0,26.0,18.0,13.0,11.0,49.0,10.0,,43.0,23.0,,42.0,32.0,12.0,,26.0,32.0,37.0,57.0,54.0,28.0,15.0,17.0,29.0,,7.0,,14.0,,9.0,53.0,39.0,26.0,,17.0,13.0,,19.0,,,16.0,11.0,,,39.0,,29.0,,,54.0,47.0,,24.0,38.0,17.0,3.0,29.0,,19.0,,32.0,19.0,2.0,,20.0,31.0,35.0,,46.0,59.0,55.0,34.0,36.0,21.0,54.0,,,39.0,28.0,14.0,,20.0,49.0,,10.0,29.0,,,46.0,49.0,6.0,34.0,10.0,,19.0,36.0,,50.0,28.0,,30.0,23.0,,12.0,,22.0,38.0,46.0,30.0,20.0,,28.0,40.0,,29.0,42.0,47.0,,28.0,32.0,,24.0,23.0,,31.0,,39.0,48.0,25.0,28.0,,31.0,36.0,48.0,,50.0,55.0,44.0,34.0,27.0,,24.0,33.0,35.0,25.0,54.0,23.0,44.0,35.0,8.0,,19.0,32.0,24.0,13.0,16.0,43.0,22.0,,57.0,21.0,20.0,,11.0,,8.0,39.0,11.0,52.0,37.0,49.0,15.0,35.0,,23.0,32.0,,35.0,23.0,11.0,,39.0,20.0,,25.0,30.0,41.0,40.0,29.0,11.0,37.0,46.0,38.0,,35.0,,14.0,36.0,31.0,27.0,22.0,5.0,,24.0,29.0,47.0,,20.0,18.0,,49.0,16.0,24.0,54.0,21.0,39.0,,10.0,,0.0,38.0,8.0,46.0,43.0,,53.0,,,24.0,16.0,49.0,48.0,,23.0,56.0,,30.0,,20.0,24.0,16.0,39.0,11.0,59.0,28.0,32.0,29.0,22.0,17.0,,35.0,50.0,,,13.0,26.0,4.0,44.0,,,6.0,38.0,16.0,33.0,23.0,28.0,17.0,19.0,53.0,23.0,15.0,20.0,51.0,27.0,,30.0,57.0,47.0,14.0,55.0,,35.0,45.0,,,38.0,48.0,25.0,51.0,35.0,36.0,,26.0,,,30.0,21.0,42.0,43.0,16.0,55.0,,12.0,54.0,46.0,41.0,,29.0,31.0,0.0,11.0,30.0,,17.0,23.0,42.0,37.0,38.0,,27.0,,13.0,10.0,23.0,40.0,,30.0,,58.0,54.0,,4.0,15.0,51.0,55.0,22.0,24.0,22.0,14.0,,13.0,54.0,51.0,,13.0,11.0,27.0,27.0,19.0,24.0,52.0,,,35.0,33.0,22.0,,59.0,43.0,24.0,54.0,52.0,31.0,,25.0,,,57.0,38.0,22.0,44.0,15.0,,40.0,,0.0,52.0,19.0,30.0,,30.0,43.0,50.0,5.0,,19.0,32.0,27.0,0.0,,56.0,16.0,37.0,36.0,56.0,19.0,,28.0,,28.0,,22.0,,43.0,22.0,49.0,44.0,17.0,29.0,22.0,39.0,28.0,,14.0,,22.0,,30.0,17.0,,,,51.0,37.0,,,9.0,30.0,,41.0,4.0,30.0,,42.0,,59.0,23,3,2.442019099590723,18.031814273430783,-0.35719315940073887
4,1,3,5,5,5,7,6,6,0,4,9,7,6,5,6,16,5,39,1,2,14,5,12,7,8,7,10,10,6,11,13,7,7,8,6,7,14,12,11,11,31.0,12,13,6,12,21,14,6,7,11,15,3,7,39,7,14,13,2,13,7,16,10,3,2.0,14,11,9,11,17,13,8,9,14,6,10,13,15,16,10,17,6,7,14,10,12,9,12,11,12,15,11,20,19,15,14,7,16,9,12,0,6,14,8,14,18,13,19,11,2,8,,15,4,42.0,10,17,18,15,16,13,16,10,15,7,7,13,,18,4,19,12,,9,16,34.0,22,2,11,14,3,5,20,19,31.0,13.0,6,11.0,7,14,8,4,55.0,16,20,6,16,30.0,11,20,17,17,14,12,17,34.0,15,19,4,17,11,14.0,8,26,11,25,16,18.0,13,22.0,23,11,8,11,14,,24.0,19,18,31.0,7.0,13,50,9,6,19,8,11,14.0,26,32,50.0,11,11,18,11,48.0,26,15,10,22,5.0,26,18,12,12,15,17,10,32.0,10.0,15,10,41,18.0,17,19,14,31.0,14,53.0,9.0,15,16,25.0,19,24,15,14.0,26.0,22,19,14,22,12,33.0,29,10,15,12,23,15,24.0,30.0,7,46.0,23.0,22.0,39.0,21,34.0,18,18,12,10.0,0.0,21.0,12.0,45.0,14,17.0,12.0,30.0,27,15,19.0,13,38,5,34.0,18.0,51.0,14,23.0,9,23,22.0,29.0,14,,13.0,8,15,24.0,13,17.0,35.0,17.0,17,9,18.0,25,15,20,33,12,13,10,21,13,17,24,13,2.0,20.0,30,6,15,15.0,25.0,19,36,15,,20,19.0,21,17,15,15,4,19.0,11,21.0,19,27,12.0,9,14,15,,32.0,10,24.0,,1.0,28.0,16.0,16,17.0,8,21,16,29.0,27,,23.0,15,57.0,39.0,,26,7.0,12,17,14,11,22,10,27,12.0,13,30.0,22,18,13,54.0,9,49.0,14,20.0,29,48.0,10,31,0.0,13,19.0,0,14.0,16.0,11,14,36.0,10.0,13.0,34.0,,26,7.0,11.0,18,21.0,15,12,13.0,14.0,15,11.0,47,10.0,55.0,23,23,6,26.0,13,17.0,,20,26.0,17,21.0,21,22,16,14.0,44.0,26,12,11,15.0,23.0,20,12,48.0,10,16.0,0.0,52.0,28.0,14.0,,14.0,23.0,22.0,36.0,20,14,14.0,42.0,41.0,18.0,28.0,,,19.0,15,11,43.0,19.0,20,25.0,21.0,,20.0,22.0,35.0,35,22,27.0,,23.0,27.0,17,23.0,20.0,25.0,10,26,24,19.0,15.0,9.0,16.0,19,13,16.0,35.0,29,6.0,14.0,28,33.0,14.0,17.0,23,4.0,10,28.0,3.0,19.0,20,11.0,15,14.0,6,21,7.0,37.0,54.0,27.0,18,8,25,24.0,22,32.0,6,22,15.0,24,11,25.0,22.0,8,14,22.0,25.0,37.0,13.0,20.0,19.0,29,32.0,9,14,15.0,56.0,26.0,27.0,17.0,29.0,19,10,2.0,,27.0,25.0,12.0,29.0,23,,25,33.0,,16.0,,16,10.0,23,,29.0,33.0,22,21.0,21.0,51.0,18,31,,21.0,22.0,22.0,36.0,56.0,35.0,,,12.0,17.0,12.0,20,23,,15.0,,22,19,10,21,43.0,29.0,17,4,11.0,17.0,8,35.0,20.0,35.0,13,12.0,9.0,36.0,13,15.0,32.0,,48.0,25.0,24.0,27,28.0,15,20.0,18,20,28,46.0,24.0,17.0,22.0,35.0,23.0,12.0,,7.0,38.0,25.0,16,20.0,21.0,18,6.0,,35.0,22.0,19,57.0,24.0,23.0,10,14,,21,,19.0,8.0,13.0,42,11.0,34,23,27.0,17,,13,4.0,,16.0,18,24,8.0,24.0,10,0.0,19,39.0,11,32.0,0.0,41.0,31.0,26.0,24.0,34,17.0,17.0,18.0,23.0,,32.0,16.0,26,12,19.0,16,24,15,19.0,27.0,13.0,,,28.0,47,23.0,59.0,0.0,21,30.0,31.0,20.0,16.0,,30,,27.0,19.0,,17.0,18.0,30.0,45,18.0,51.0,23.0,39.0,,31.0,31.0,16,44.0,21.0,22.0,,16,19,,,11,32.0,,26.0,12,27.0,49.0,11.0,26.0,17,32.0,10.0,16.0,28.0,54.0,12.0,9.0,43.0,14.0,15,48,,21.0,0.0,19.0,40.0,12.0,8.0,49.0,24.0,35.0,33,26,28.0,37,18.0,45.0,10.0,18.0,18,29,34.0,11.0,18.0,28.0,41.0,24.0,,22.0,46.0,25,29.0,11.0,,36.0,25.0,34.0,13,34.0,30.0,28.0,14,45.0,16.0,44.0,25.0,24.0,17.0,40,8.0,35,25.0,25.0,26.0,20.0,45.0,38.0,13.0,12.0,14.0,13.0,,19.0,14.0,53.0,,27.0,24.0,32.0,18.0,3.0,24.0,40,0.0,35.0,14,13.0,53.0,17,23.0,14.0,49.0,20,12,17,43.0,16.0,10.0,33.0,9.0,5.0,18.0,44.0,,13,0.0,15,23.0,12,21,44.0,19,44.0,,21.0,13.0,21,23.0,19.0,11.0,12.0,24.0,,23,48.0,27,16.0,24.0,44.0,34,19.0,30,19,22.0,41.0,24.0,21,38.0,20.0,19,41.0,26.0,51.0,13.0,16.0,11.0,20.0,30.0,31,20.0,25.0,23.0,44.0,25.0,40.0,23.0,42.0,16,31.0,10,,31.0,37.0,39.0,18,17,23.0,18.0,41.0,25.0,46.0,25.0,30.0,27.0,21.0,29,27.0,21.0,15,22,22.0,22.0,28,9.0,53.0,17,19.0,28,15,26,18.0,22.0,25.0,49.0,29.0,34.0,46.0,8.0,33.0,7.0,24.0,40.0,9.0,34.0,20.0,14.0,,7.0,25.0,26.0,27.0,9.0,,0.0,28.0,35.0,18.0,11.0,16.0,33.0,8.0,29.0,40.0,24.0,10.0,56.0,33.0,10.0,27.0,17.0,20.0,29.0,30.0,24.0,28.0,19.0,31.0,27.0,17,14.0,24.0,40.0,2,49.0,56.0,20.0,32.0,46.0,52.0,13.0,27.0,,41.0,9.0,0.0,16.0,21.0,34.0,,30.0,5.0,18.0,19.0,31.0,22.0,29.0,10.0,12.0,54.0,20.0,49.0,42,14.0,41.0,8.0,13,43.0,27.0,7.0,19.0,44.0,31.0,19.0,6.0,30.0,28,,32.0,24.0,38.0,25.0,23.0,19,31,18.0,23.0,48.0,,19.0,10.0,47,15,,43.0,,10.0,19.0,29.0,,16.0,44.0,,22.0,,26.0,27.0,35.0,21.0,23,19.0,42.0,26.0,48.0,17.0,11,19.0,13,16.0,21,16.0,,30.0,39.0,,23.0,26.0,36.0,21.0,19.0,,30.0,20,,9.0,20.0,,17.0,34,14.0,40.0,41.0,9.0,24.0,7.0,25.0,,22.0,18,8,,5.0,38.0,10.0,40.0,16.0,21.0,17.0,20,43.0,23.0,18.0,9.0,18.0,18.0,40.0,18.0,18,,30.0,40.0,33,17,,29.0,9.0,19.0,45.0,16.0,60.0,24.0,28.0,9.0,33.0,43.0,9.0,30.0,17.0,16,57.0,29.0,19.0,27.0,32.0,26,16.0,35.0,17,,11.0,12.0,11.0,,,10.0,,23.0,17.0,35.0,12,15.0,58.0,7.0,16.0,0,15.0,52.0,16.0,18.0,30.0,23.0,41.0,33.0,23.0,14.0,28.0,7.0,56.0,47,20,22.0,20.0,21.0,40.0,,29,57,18.0,20.0,39.0,,29.0,19.0,19.0,57.0,15.0,24.0,32.0,17.0,26.0,40.0,32.0,30,40,19.0,33.0,24.0,9.0,33.0,31,17.0,34.0,23.0,15.0,38.0,27.0,32.0,37.0,0.0,13.0,7.0,,41.0,,28.0,21,33.0,13.0,18,56.0,15.0,54.0,,23.0,40.0,12.0,52.0,46.0,32.0,17.0,34.0,28.0,58.0,47.0,24.0,30.0,42.0,33.0,31.0,21.0,23.0,25.0,23.0,42.0,25.0,,31.0,31.0,24.0,13.0,32.0,,52.0,23.0,28.0,16.0,57.0,10.0,17.0,42.0,23.0,15.0,,,29.0,54.0,,,18.0,23.0,,,19.0,28.0,40.0,24.0,,11.0,20.0,23.0,4,,48.0,45.0,58.0,,10.0,38.0,28.0,15.0,25.0,28.0,17.0,27.0,46.0,10.0,25.0,,16.0,55.0,27.0,30.0,13.0,17.0,22.0,33.0,22.0,45.0,4.0,27.0,60.0,41.0,39.0,28.0,17.0,35.0,30.0,19.0,31.0,11.0,19.0,13.0,,,17.0,45.0,,20,16.0,21.0,32.0,43.0,,,28.0,20.0,12.0,15,10.0,30.0,22.0,31.0,,29.0,22.0,37.0,12.0,37.0,30.0,54.0,49.0,51.0,29.0,18.0,16,27.0,20.0,31.0,26.0,34.0,14.0,13.0,35.0,49.0,,37.0,37.0,10.0,27.0,22.0,16.0,56.0,35.0,,21.0,,29.0,11.0,24.0,18,29,27.0,41.0,25.0,24.0,28.0,35.0,21.0,59.0,12.0,9.0,53.0,24.0,,50.0,,21.0,18.0,16.0,49.0,34.0,27.0,8.0,,,38.0,27.0,,,22.0,,43.0,59.0,,26.0,20.0,,25.0,25.0,19.0,21.0,11.0,25.0,49.0,23.0,25.0,36.0,33.0,5.0,19,35.0,24.0,,39.0,18,20.0,30.0,25.0,21.0,42.0,24.0,44.0,0.0,7,41.0,41.0,19.0,21.0,,3.0,29.0,47,19.0,34.0,,,14,,15.0,16.0,37.0,22.0,13.0,21.0,36.0,12.0,17.0,9.0,39.0,22.0,16.0,,8.0,10.0,51.0,45.0,43.0,21.0,21.0,32.0,,40,0.0,30.0,32.0,15.0,35.0,16.0,8.0,17.0,48.0,36.0,17.0,48.0,16.0,22,17.0,18.0,21.0,27.0,,8.0,44.0,,45.0,,29.0,28.0,16.0,35.0,57.0,9.0,,42.0,17.0,35.0,,48.0,19.0,,,55.0,30.0,25.0,34.0,34.0,53.0,0.0,28.0,22.0,,56.0,,32.0,29.0,21.0,22.0,27.0,,39.0,,33.0,,48.0,3.0,47.0,,19.0,34.0,,,,15.0,7.0,,32.0,0.0,42.0,21.0,35.0,54.0,29.0,13.0,,27.0,19,27.0,,37.0,34.0,22.0,28.0,32.0,,42.0,28.0,50.0,40.0,,35.0,56.0,38.0,30.0,27.0,22.0,28.0,,39.0,26.0,18.0,24.0,,10.0,38.0,36.0,,4.0,32.0,54.0,24.0,13.0,32.0,34.0,34.0,,52.0,23.0,25.0,,9.0,13.0,47.0,27.0,,26.0,47.0,51.0,60.0,56.0,23.0,15.0,11.0,31.0,,51.0,55.0,31.0,47.0,30.0,,26.0,24.0,4.0,19.0,37.0,58.0,24.0,14.0,56.0,25.0,25.0,13.0,33.0,42.0,20.0,45.0,26.0,26.0,56.0,45.0,,12.0,46.0,45.0,58.0,27.0,19.0,39.0,,,19.0,30.0,,22.0,55.0,7.0,,39.0,,,,28.0,14.0,49.0,,32.0,,11.0,33.0,31.0,,43.0,15.0,28.0,18.0,29.0,21.0,12.0,28.0,,,50.0,31.0,26.0,15,17.0,10.0,41.0,23.0,5.0,19.0,25.0,,24.0,,33,31.0,32.0,47.0,44.0,11.0,42.0,17.0,42.0,15,48.0,36.0,13.0,,8.0,,14.0,58.0,20.0,38.0,28.0,36.0,22.0,38.0,,29.0,40.0,22.0,26.0,,21.0,19.0,33.0,57.0,22.0,31.0,14.0,28.0,34.0,,0.0,,27.0,34.0,4.0,20.0,16.0,35.0,50.0,,40.0,41.0,10.0,26.0,24.0,43.0,15.0,45.0,13.0,47.0,29.0,35.0,34.0,15.0,23.0,,29.0,,54.0,,21.0,15.0,10.0,60.0,,55.0,17.0,28.0,5.0,32.0,49.0,14.0,20.0,32.0,30.0,,43.0,32.0,21.0,20.0,46.0,,14.0,19.0,,21.0,,22.0,30.0,48.0,26.0,21.0,19.0,,9.0,20.0,25.0,22.0,20.0,40.0,16.0,13.0,5.0,44.0,29.0,22.0,28.0,31.0,28,20.0,,39.0,0.0,13.0,25.0,40.0,26.0,29.0,18.0,23.0,17.0,27.0,,23.0,48.0,45.0,24.0,21.0,,,56.0,20.0,,,39.0,12.0,19.0,26.0,,34.0,47.0,28.0,25.0,58.0,45.0,,49.0,38.0,24.0,27.0,45.0,18.0,37.0,,22.0,32.0,6.0,31.0,41.0,44.0,,24.0,,12.0,31.0,43.0,45.0,29.0,9.0,13.0,10.0,9.0,27.0,27.0,10.0,,,,45.0,46.0,29.0,6.0,29.0,10.0,40.0,,23.0,15.0,21,18.0,27.0,9,58.0,22.0,34.0,54.0,,,33.0,,11.0,57.0,13.0,,33.0,,,48.0,43.0,24.0,29.0,44.0,39.0,33.0,39.0,48.0,,42.0,10.0,47.0,43.0,20.0,20.0,6.0,38.0,,38.0,22.0,25.0,33.0,31.0,14.0,27.0,,,40.0,57.0,21.0,23.0,18.0,29.0,39.0,,19.0,42.0,59.0,,43.0,23.0,46.0,20.0,10.0,20.0,43.0,28.0,12.0,12.0,54.0,17.0,20.0,28.0,9.0,15.0,,40.0,26.0,39.0,32.0,33.0,30.0,40.0,46.0,54.0,39.0,54.0,36.0,,13.0,26.0,,20.0,18.0,28.0,32.0,55.0,39.0,15.0,24.0,14.0,47.0,,27.0,15.0,34.0,,30.0,,43.0,36.0,32.0,,20.0,40.0,23.0,36.0,32.0,,47.0,,,18.0,8.0,16.0,32.0,,45.0,15.0,27.0,15.0,9.0,20.0,22.0,17.0,32.0,,,23.0,,58.0,51.0,15.0,39.0,27.0,,14.0,38.0,18.0,52.0,47.0,7.0,39.0,57.0,13.0,39.0,50.0,48.0,26.0,18.0,,42.0,42.0,,,27.0,,,20.0,35.0,18.0,,42.0,,46.0,40.0,50.0,12.0,38.0,,28.0,12.0,17.0,,,,27.0,52.0,,32.0,35.0,55.0,26.0,21.0,8.0,30.0,33.0,,,39.0,19.0,20.0,22.0,5.0,,,39.0,29.0,17.0,,46.0,46.0,,11.0,18.0,21.0,9.0,33.0,,,44.0,47.0,47.0,26.0,38.0,40.0,8.0,42.0,12.0,60.0,53.0,21.0,19.0,20.0,17.0,23.0,25.0,16.0,11.0,60.0,48.0,57.0,,,12.0,27.0,37.0,45.0,,35.0,22.0,,13.0,30.0,11.0,24.0,53.0,35.0,32.0,42.0,55.0,,,23.0,4.0,,20.0,42.0,34.0,25.0,51.0,19.0,,58.0,22.0,,38.0,,,49.0,13.0,,,28.0,,35.0,23.0,57.0,,32.0,47.0,10.0,17.0,26.0,,,19.0,42.0,34.0,21.0,57.0,29.0,60.0,27.0,29.0,8.0,0.0,33.0,,,22.0,22.0,,13.0,19.0,27.0,41.0,23.0,51.0,5.0,,,26.0,16.0,52.0,,,33.0,26.0,,35.0,,60.0,45.0,23.0,28.0,26.0,24.0,26.0,30.0,12.0,52.0,55.0,33.0,12.0,43.0,12.0,31.0,12.0,17.0,13.0,,18.0,,,47.0,21.0,42.0,26.0,34.0,8.0,19.0,49.0,49.0,48.0,6.0,32.0,46.0,51.0,34.0,35.0,18.0,57.0,19.0,24.0,16.0,36.0,19.0,4.0,23.0,11.0,57.0,8.0,13.0,37.0,30.0,,19.0,,23.0,53.0,38.0,39.0,39.0,21.0,12.0,,,,59.0,48.0,,22.0,47.0,12.0,28.0,33.0,18.0,19.0,,46.0,,,58.0,41.0,41.0,30.0,,32.0,58.0,30.0,,56.0,,18.0,24.0,38.0,20.0,52.0,,44.0,51.0,,,27.0,39.0,36.0,49.0,1.0,,,22.0,37.0,43.0,32.0,21.0,51.0,41.0,,,25.0,,34.0,,50.0,12.0,59.0,,38.0,17.0,13.0,31.0,5.0,36.0,23.0,11.0,24.0,52.0,28.0,37.0,,22.0,9.0,29.0,20.0,6.0,20.0,60.0,33.0,36.0,24.0,29.0,18.0,23.0,30.0,59.0,60.0,49.0,54.0,22.0,36.0,9.0,14.0,38.0,,,28.0,39.0,51.0,36.0,39.0,20.0,,44.0,0.0,,29.0,20.0,,31.0,,,22.0,,,16.0,28.0,28.0,14.0,49.0,,,20.0,,,29.0,33.0,,22.0,55.0,57.0,,,34.0,44.0,7.0,,30.0,12.0,22.0,50.0,0.0,60.0,48.0,33.0,,18.0,47.0,42.0,41.0,,26.0,17.0,19.0,30.0,,60.0,,30.0,15.0,,33.0,,48.0,23.0,58.0,21.0,4.0,,,,20.0,29.0,13.0,31.0,,44.0,29.0,29.0,11.0,17.0,33.0,21.0,28.0,28.0,,39.0,32.0,50.0,,16.0,30.0,58.0,,,24.0,39.0,45.0,29.0,29.0,,,23.0,48.0,,14.0,,,25.0,,14.0,20.0,32.0,15.0,26.0,56.0,20.0,19.0,25.0,54.0,15.0,22.0,,22.0,47.0,53.0,28.0,22.0,16.0,24.0,21.0,17.0,19.0,,35.0,32.0,29.0,0.0,,,45.0,,24.0,30.0,,34.0,18.0,30.0,49.0,36.0,,15.0,10.0,17.0,32.0,34.0,58.0,9.0,0.0,,56.0,35.0,30.0,54.0,54.0,26.0,14.0,15.0,51.0,34.0,,,2.0,59.0,56.0,,26.0,26.0,25.0,29.0,24.0,26.0,19.0,,20.0,60.0,57.0,23.0,34.0,38.0,39.0,49.0,11.0,56.0,20.0,25.0,,30.0,,56.0,45.0,43.0,19.0,27.0,20.0,20.0,41.0,38.0,30.0,,,38.0,,,56.0,33.0,28.0,28.0,41.0,21.0,36.0,,0.0,47.0,25.0,27.0,30.0,28.0,,48.0,17.0,,34.0,35.0,29.0,,12.0,26.0,,47.0,60.0,,29.0,,32.0,10.0,9.0,41.0,,,35.0,,28.0,15.0,57.0,59.0,11.0,36.0,26.0,51.0,30.0,,53.0,29.0,38.0,25.0,38.0,24.0,33.0,,,,16.0,53.0,29.0,18.0,,12.0,45.0,22.0,35.0,26.0,45.0,26.0,27.0,21.0,36.0,29.0,23.0,25.0,,26.0,40.0,10.0,24.0,,60.0,,28.0,50.0,45.0,28.0,18.0,,40.0,,25.0,7.0,59.0,,50.0,44.0,49.0,22.0,18.0,,7.0,,26.0,27.0,44.0,50.0,21.0,37.0,35.0,46.0,45.0,31.0,,,25.0,,,23.0,,58.0,,19.0,10.0,50.0,,,45.0,20.0,,25.0,46.0,52.0,27.0,41.0,,19.0,23.0,19.0,45.0,5.0,,,,42.0,,4.0,,20.0,59.0,12.0,9.0,29.0,42.0,,26.0,60.0,26.0,,18.0,,31.0,38.0,54.0,25.0,13.0,12.0,30.0,37.0,13.0,,17.0,18.0,15.0,,9.0,13.0,,,60.0,42.0,27.0,29.0,36.0,,18.0,18.0,53.0,,25.0,24.0,28.0,33.0,0.0,12.0,,,,35.0,,25.0,29.0,,28.0,,50.0,36.0,34.0,,13.0,16.0,30.0,,,13.0,26.0,,21.0,39.0,27.0,3.0,,16.0,34.0,,29.0,,42.0,,55.0,16.0,24.0,53.0,30.0,39.0,28.0,18.0,30.0,20.0,21.0,,,14.0,32.0,32.0,,26.0,,25.0,25.0,21.0,53.0,,37.0,,27.0,19.0,44.0,29.0,21.0,33.0,,58.0,34.0,56.0,32.0,21.0,12.0,,13.0,44.0,17.0,29.0,,42.0,53.0,31.0,50.0,,40.0,24.0,12.0,59.0,22.0,,19.0,3.0,26.0,40.0,22.0,59.0,,37.0,25.0,22.0,53.0,11.0,27.0,37.0,,0.0,31.0,32.0,8.0,,14.0,7.0,34.0,21.0,23.0,17.0,42.0,27.0,58.0,26.0,14.0,,,53.0,30.0,35.0,10.0,16.0,11.0,28.0,42.0,52.0,,36.0,,,52.0,,33.0,32.0,28.0,,18.0,24.0,28.0,22.0,12.0,40.0,40.0,38.0,,31.0,14.0,19.0,,28.0,31.0,,11.0,30.0,,,42.0,53.0,,43.0,,22.0,31.0,56.0,,31.0,,19.0,27.0,35.0,54.0,24,3,2.4800550206327374,18.07368119266055,-0.34103195241856143
7,7,5,8,6,8,9,9,8,6,9,10,8,1,8,3,9,8,22,8,10,13,11,10,10,12,10,8,9,9,9,3,8,9,12,8,11,11,9,8,13,21.0,11,6,11,10,13,8,11,11,10,12,14,7,10,16,13,12,9,11,7,13,7,9,37.0,12,18,11,10,12,9,13,21,4,10,11,13,23,12,10,11,12,9,12,20,0,12,15,10,18,14,10,11,13,19,21,17,13,9,12,17,7,7,11,17,21,18,16,11,14,12,14.0,18,21,9.0,12,9,15,16,24,13,22,11,11,12,10,10,11.0,5,10,8,14,40.0,9,13,48.0,16,30,9,11,12,12,12,9,47.0,47.0,5,18.0,10,17,12,15,22.0,8,20,16,1,51.0,23,17,26,16,13,12,6,30.0,18,16,14,13,12,12.0,8,18,11,14,6,31.0,19,12.0,15,0,13,22,30,13.0,17.0,25,15,13.0,19.0,4,32,10,11,30,16,11,20.0,12,13,31.0,25,17,17,24,35.0,42,15,10,15,31.0,15,13,20,23,18,10,13,26.0,21.0,17,11,15,23.0,15,11,24,27.0,16,28.0,19.0,21,15,,17,27,20,11.0,45.0,17,3,19,13,16,22.0,19,10,29,13,15,20,0.0,23.0,12,,13.0,31.0,9.0,34,23.0,14,26,24,,8.0,18.0,41.0,14.0,13,35.0,24.0,34.0,20,30,56.0,13,21,24,19.0,11.0,61.0,29,,13,16,10.0,18.0,23,,14.0,4,14,6.0,15,37.0,20.0,21.0,24,17,35.0,29,18,4,18,18,16,5,30,19,16,35,8,9.0,18.0,35,21,15,29.0,49.0,7,17,24,30.0,10,32.0,19,11,0,9,42,18.0,0,9.0,12,18,20.0,10,15,20,44.0,31.0,29,17.0,,14.0,10.0,30.0,19,30.0,12,22,17,,15,57.0,10.0,10,47.0,13.0,25.0,12,17.0,5,18,12,33,22,28,19,28.0,19,29.0,12,26,12,,12,,17,10.0,19,36.0,23,23,12.0,26,14.0,10,36.0,18.0,11,61,55.0,20.0,,39.0,49.0,23,29.0,22.0,13,23.0,22,10,8.0,13.0,10,17.0,31,0.0,43.0,22,24,23,16.0,12,5.0,22.0,14,16.0,12,32.0,7,18,13,48.0,10.0,12,23,19,,19.0,6,14,32.0,35,29.0,10.0,49.0,9.0,9.0,30.0,0.0,42.0,30.0,32.0,14,10,29.0,,52.0,14.0,41.0,,,42.0,20,11,32.0,20.0,12,,46.0,26.0,18.0,18.0,31.0,30,30,17.0,22.0,8.0,23.0,19,30.0,15.0,22.0,60,14,12,16.0,60.0,22.0,17.0,11,22,30.0,20.0,14,30.0,,21,34.0,36.0,29.0,10,13.0,34,21.0,40.0,11.0,16,,23,21.0,18,12,20.0,,,16.0,20,20,34,19.0,9,17.0,15,21,1.0,25,22,21.0,49.0,20,29,43.0,57.0,26.0,36.0,31.0,16.0,15,,13,23,19.0,21.0,24.0,53.0,,,17,18,13.0,0.0,36.0,50.0,,56.0,18,51.0,10,,39.0,45.0,,22,14.0,15,15.0,17.0,24.0,23,32.0,46.0,50.0,20,20,31.0,,55.0,39.0,23.0,13.0,36.0,11.0,8.0,,44.0,33.0,21,17,29.0,58.0,8.0,15,18,16,39,22.0,46.0,14,6,22.0,51.0,7,30.0,14.0,38.0,9,35.0,17.0,61.0,14,45.0,52.0,16.0,17.0,43.0,23.0,33,40.0,12,12.0,13,15,19,21.0,17.0,17.0,44.0,20.0,18.0,,42.0,24.0,17.0,27.0,16,19.0,,26,18.0,60.0,31.0,,0,16.0,,16.0,12,20,44.0,41,14.0,4.0,49.0,16.0,9,28.0,19,33,39.0,19,14.0,17,34.0,14.0,12.0,22,34,23.0,7.0,22,48.0,13,46.0,21,,15.0,41.0,,27.0,11.0,26,43.0,7.0,28.0,43.0,14.0,,49.0,21,13,25.0,10,20,21,37.0,43.0,17.0,,,13.0,44,30.0,34.0,25.0,42,29.0,33.0,,15.0,15.0,22,31.0,43.0,30.0,,,26.0,18.0,29,17.0,,29.0,22.0,10.0,12.0,37.0,21,31.0,14.0,29.0,37.0,17,23,10.0,,22,29.0,15.0,23.0,16,31.0,,36.0,33.0,13,39.0,29.0,,43.0,57.0,17.0,20.0,,,27,19,32.0,43.0,46.0,48.0,13.0,14.0,20.0,26.0,10.0,57.0,22,15,20.0,20,58.0,20.0,20.0,22.0,14,8,40.0,15.0,24.0,35.0,38.0,20.0,31.0,19.0,35.0,16,6.0,45.0,,,43.0,41.0,22,18.0,22.0,32.0,18,8.0,22.0,,31.0,52.0,31.0,21,19.0,34,,12.0,20.0,4.0,26.0,43.0,40.0,28.0,37.0,14.0,35.0,30.0,24.0,13.0,19.0,,,35.0,21.0,11.0,50.0,31,34.0,,20,,19.0,12,28.0,50.0,35.0,7,10,9,30.0,14.0,,53.0,30.0,21.0,5.0,22.0,25.0,9,20.0,0,39.0,40,20,4.0,18,41.0,30.0,33.0,25.0,21,30.0,35.0,51.0,51.0,,34.0,35,19.0,24,28.0,23.0,20.0,19,24.0,6,21,,28.0,34.0,31,35.0,15.0,14,34.0,,34.0,9.0,56.0,43.0,40.0,12.0,29,15.0,28.0,19.0,52.0,17.0,34.0,48.0,,48,27.0,8,29.0,0.0,14.0,36.0,19,10,54.0,18.0,49.0,20.0,45.0,19.0,36.0,38.0,27.0,19,17.0,16.0,27,34,20.0,,15,26.0,58.0,18,31.0,26,11,38,6.0,18.0,27.0,30.0,20.0,42.0,35.0,33.0,23.0,11.0,34.0,35.0,33.0,6.0,18.0,24.0,25.0,28.0,12.0,17.0,31.0,28.0,58.0,16.0,24.0,28.0,14.0,26.0,19.0,20.0,10.0,61.0,18.0,53.0,,41.0,25.0,18.0,29.0,19.0,13.0,0.0,60.0,34.0,21.0,42.0,,23.0,26,16.0,18.0,37.0,9,25.0,9.0,9.0,0.0,28.0,17.0,23.0,29.0,8.0,,17.0,25.0,36.0,,29.0,17.0,60.0,38.0,22.0,49.0,25.0,13.0,50.0,7.0,13.0,5.0,,43.0,31,20.0,44.0,8.0,21,0.0,37.0,17.0,36.0,50.0,44.0,14.0,,15.0,19,39.0,22.0,13.0,29.0,47.0,52.0,15,21,41.0,32.0,11.0,23.0,32.0,,28,23,24.0,,57.0,,23.0,17.0,,12.0,32.0,36.0,15.0,25.0,60.0,40.0,18.0,16.0,19,21.0,27.0,38.0,18.0,30.0,25,,37,,26,27.0,33.0,41.0,,0.0,42.0,30.0,,11.0,24.0,,15.0,35,9.0,,7.0,22.0,31.0,12,33.0,17.0,26.0,15.0,28.0,9.0,21.0,35.0,44.0,11,13,20.0,52.0,29.0,18.0,0.0,,51.0,6.0,0,21.0,19.0,30.0,18.0,29.0,12.0,20.0,36.0,23,16.0,33.0,,18,12,24.0,14.0,60.0,37.0,21.0,12.0,32.0,23.0,22.0,59.0,39.0,22.0,38.0,,12.0,23,4.0,49.0,60.0,18.0,,12,,49.0,5,28.0,14.0,30.0,25.0,30.0,38.0,18.0,47.0,27.0,,,34,25.0,22.0,26.0,6.0,32,8.0,40.0,12.0,8.0,15.0,39.0,14.0,15.0,31.0,49.0,22.0,41.0,14.0,25,17,54.0,25.0,22.0,16.0,12.0,14,19,27.0,14.0,35.0,28.0,14.0,26.0,37.0,28.0,19.0,34.0,41.0,22.0,44.0,,31.0,16,25,23.0,10.0,20.0,36.0,,20,32.0,21.0,61.0,49.0,26.0,26.0,53.0,,14.0,,24.0,22.0,43.0,,29.0,22,0.0,27.0,18,21.0,33.0,50.0,51.0,29.0,51.0,35.0,26.0,32.0,44.0,16.0,,10.0,61.0,61.0,,0.0,20.0,18.0,42.0,,,52.0,11.0,23.0,17.0,,17.0,27.0,49.0,13.0,23.0,33.0,,24.0,35.0,9.0,42.0,61.0,30.0,20.0,6.0,18.0,22.0,55.0,36.0,,49.0,32.0,41.0,49.0,,27.0,,37.0,44.0,13.0,,,,,17,49.0,20.0,19.0,28.0,,31.0,52.0,,48.0,14.0,8.0,8.0,,31.0,,39.0,36.0,16.0,33.0,21.0,39.0,19.0,45.0,26.0,23.0,28.0,54.0,,34.0,,36.0,,32.0,22.0,26.0,42.0,48.0,,53.0,,,21.0,20.0,30.0,37.0,45.0,21,,29.0,31.0,14.0,21.0,19.0,27.0,51.0,47.0,0,16.0,41.0,40.0,,26.0,50.0,17.0,,35.0,,41.0,34.0,38.0,18.0,,25.0,18,,32.0,53.0,43.0,28.0,52.0,25.0,26.0,11.0,,36.0,14.0,47.0,59.0,27.0,23.0,27.0,33.0,15.0,10.0,,15.0,17.0,13.0,0,12,17.0,20.0,28.0,27.0,18.0,16.0,24.0,46.0,,25.0,61.0,41.0,23.0,31.0,47.0,33.0,22.0,14.0,45.0,16.0,24.0,26.0,,53.0,32.0,,40.0,11.0,33.0,42.0,32.0,16.0,35.0,,28.0,22.0,45.0,18.0,,17.0,,,,14.0,46.0,29.0,28.0,34.0,20,27.0,23.0,35.0,,25,27.0,,,29.0,11.0,56.0,30.0,11.0,19,,19.0,19.0,24.0,21.0,33.0,30.0,15,17.0,55.0,,44.0,20,,18.0,47.0,19.0,42.0,49.0,,25.0,15.0,12.0,47.0,37.0,14.0,24.0,,34.0,,48.0,8.0,30.0,22.0,33.0,25.0,18.0,14,,53.0,59.0,,20.0,43.0,,31.0,34.0,32.0,25.0,29.0,26.0,25,30.0,20.0,13.0,,13.0,17.0,31.0,,,11.0,32.0,59.0,30.0,34.0,44.0,,33.0,60.0,36.0,39.0,49.0,47.0,46.0,41.0,39.0,21.0,33.0,38.0,17.0,23.0,19.0,12.0,20.0,,11.0,33.0,0.0,54.0,46.0,5.0,29.0,11.0,58.0,16.0,39.0,11.0,60.0,,0.0,44.0,43.0,24.0,29.0,,,26.0,,,33.0,56.0,23.0,44.0,30.0,28.0,59.0,45.0,56.0,15.0,,19,23.0,,22.0,10.0,31.0,20.0,28.0,,11.0,19.0,,37.0,23.0,7.0,43.0,16.0,30.0,30.0,21.0,,28.0,48.0,17.0,24.0,23.0,43.0,21.0,54.0,34.0,18.0,46.0,38.0,45.0,5.0,15.0,23.0,33.0,32.0,40.0,41.0,27.0,60.0,,,,27.0,49.0,,,59.0,,61.0,20.0,44.0,16.0,45.0,36.0,30.0,33.0,33.0,35.0,50.0,54.0,18.0,50.0,30.0,13.0,28.0,25.0,,,,31.0,13.0,9.0,33.0,,50.0,24.0,11.0,13.0,,,28.0,16.0,19.0,18.0,21.0,30.0,20.0,42.0,,52.0,44.0,55.0,38.0,37.0,32.0,,49.0,17.0,7.0,20.0,,46.0,12.0,20.0,45.0,37.0,44.0,19.0,17.0,24.0,8.0,29.0,46.0,15.0,22.0,27.0,21.0,50.0,,58.0,20.0,58.0,43.0,,,30,23.0,51.0,22.0,16.0,42.0,15.0,24.0,,34.0,,20,37.0,45.0,30.0,27.0,24.0,40.0,24.0,,29,,9.0,,14.0,44.0,50.0,48.0,28.0,34.0,17.0,45.0,20.0,43.0,,,34.0,9.0,29.0,37.0,35.0,,46.0,,35.0,23.0,14.0,6.0,35.0,35.0,56.0,40.0,35.0,27.0,44.0,56.0,47.0,43.0,,28.0,,26.0,,49.0,42.0,27.0,,10.0,46.0,48.0,20.0,,12.0,38.0,,,13.0,28.0,35.0,10.0,34.0,21.0,7.0,11.0,14.0,,42.0,30.0,14.0,22.0,9.0,21.0,39.0,22.0,37.0,52.0,55.0,,23.0,9.0,,43.0,33.0,39.0,,,18.0,37.0,42.0,9.0,23.0,19.0,9.0,44.0,,21.0,47.0,31.0,19.0,23.0,,18.0,15.0,15.0,49.0,8.0,18.0,,11.0,11,48.0,15.0,29.0,38.0,,18.0,,26.0,17.0,,,56.0,38.0,40.0,17.0,,,,9.0,36.0,14.0,29.0,29.0,,,34.0,23.0,26.0,22.0,55.0,31.0,32.0,58.0,8.0,30.0,,19.0,12.0,15.0,,27.0,18.0,37.0,54.0,33.0,41.0,10.0,37.0,25.0,26.0,19.0,20.0,56.0,33.0,,9.0,23.0,21.0,39.0,,,15.0,0.0,17.0,55.0,26.0,40.0,32.0,7.0,20.0,,57.0,33.0,23.0,,31.0,,24.0,17.0,22,,22.0,25,11.0,17.0,23.0,52.0,15.0,30.0,,8.0,41.0,27.0,33.0,14.0,22.0,17.0,27.0,18.0,18.0,28.0,34.0,,32.0,,48.0,48.0,31.0,45.0,33.0,,36.0,59.0,26.0,,42.0,20.0,,52.0,18.0,42.0,37.0,19.0,24.0,11.0,36.0,1.0,13.0,25.0,24.0,55.0,36.0,,42.0,31.0,31.0,42.0,29.0,27.0,,,35.0,31.0,15.0,30.0,27.0,15.0,30.0,21.0,35.0,28.0,61.0,,29.0,22.0,25.0,57.0,31.0,28.0,58.0,17.0,59.0,41.0,,,,41.0,61.0,15.0,,21.0,8.0,60.0,6.0,,30.0,29.0,22.0,59.0,2.0,19.0,,17.0,15.0,27.0,55.0,13.0,,,46.0,16.0,56.0,,22.0,46.0,30.0,52.0,,21.0,61.0,39.0,5.0,22.0,32.0,19.0,34.0,,47.0,59.0,,50.0,21.0,23.0,25.0,17.0,13.0,46.0,38.0,42.0,47.0,,,,14.0,29.0,24.0,,18.0,52.0,28.0,47.0,59.0,44.0,26.0,39.0,47.0,31.0,,23.0,28.0,38.0,43.0,14.0,23.0,18.0,,43.0,19.0,,27.0,,45.0,,38.0,,61.0,,33.0,21.0,9.0,31.0,24.0,42.0,,50.0,26.0,,42.0,35.0,33.0,39.0,,30.0,,51.0,26.0,,,36.0,24.0,14.0,10.0,19.0,29.0,43.0,40.0,37.0,40.0,27.0,21.0,,,18.0,18.0,,13.0,25.0,57.0,39.0,,32.0,32.0,39.0,31.0,8.0,,24.0,7.0,43.0,,0.0,21.0,22.0,20.0,9.0,27.0,18.0,20.0,30.0,31.0,,,13.0,,37.0,20.0,34.0,17.0,,,18.0,,15.0,,18.0,10.0,,17.0,26.0,52.0,28.0,21.0,40.0,9.0,12.0,,48.0,,37.0,12.0,35.0,51.0,39.0,58.0,43.0,39.0,30.0,16.0,26.0,44.0,25.0,45.0,38.0,10.0,33.0,12.0,,0.0,19.0,19.0,38.0,22.0,40.0,46.0,10.0,29.0,29.0,29.0,18.0,32.0,27.0,44.0,51.0,48.0,17.0,51.0,41.0,26.0,20.0,27.0,47.0,,50.0,14.0,46.0,57.0,48.0,,9.0,25.0,25.0,21.0,,,19.0,34.0,,23.0,19.0,25.0,38.0,39.0,40.0,19.0,29.0,40.0,33.0,44.0,12.0,18.0,13.0,,24.0,52.0,37.0,,28.0,32.0,18.0,11.0,,32.0,49.0,15.0,,27.0,33.0,38.0,37.0,25.0,18.0,13.0,54.0,30.0,11.0,0.0,10.0,35.0,45.0,31.0,49.0,,13.0,,51.0,,29.0,42.0,26.0,54.0,16.0,20.0,,,,41.0,11.0,,,57.0,27.0,,40.0,32.0,24.0,17.0,25.0,,12.0,25.0,24.0,,,26.0,,28.0,22.0,,25.0,10.0,,,32.0,,,43.0,45.0,,,,,30.0,,,29.0,,11.0,31.0,6.0,0.0,10.0,40.0,24.0,38.0,55.0,6.0,27.0,32.0,,,20.0,41.0,35.0,11.0,43.0,,,35.0,46.0,52.0,,42.0,29.0,51.0,22.0,,29.0,32.0,26.0,56.0,19.0,,12.0,24.0,60.0,39.0,30.0,55.0,30.0,17.0,53.0,29.0,19.0,39.0,31.0,13.0,32.0,17.0,34.0,60.0,15.0,48.0,41.0,18.0,50.0,51.0,12.0,42.0,35.0,49.0,17.0,41.0,22.0,24.0,,10.0,,43.0,14.0,43.0,38.0,,10.0,,25.0,27.0,19.0,,42.0,42.0,19.0,56.0,16.0,16.0,25.0,10.0,21.0,55.0,,27.0,19.0,41.0,,35.0,38.0,46.0,,15.0,40.0,47.0,,30.0,,57.0,47.0,31.0,6.0,24.0,38.0,46.0,10.0,,18.0,30.0,14.0,,35.0,28.0,33.0,30.0,49.0,35.0,,33.0,,12.0,,18.0,20.0,43.0,21.0,26.0,23.0,27.0,,42.0,,53.0,,,56.0,,39.0,9.0,,56.0,,39.0,58.0,50.0,28.0,47.0,20.0,36.0,33.0,40.0,38.0,,13.0,,21.0,39.0,29.0,,33.0,14.0,,47.0,37.0,26.0,1.0,,16.0,,,35.0,37.0,,46.0,,11.0,51.0,32.0,56.0,57.0,20.0,32.0,24.0,24.0,16.0,22.0,11.0,17.0,42.0,32.0,29.0,39.0,53.0,49.0,14.0,,14.0,56.0,29.0,27.0,13.0,,,,60.0,12.0,,36.0,6.0,38.0,,29.0,,,,20.0,25.0,22.0,12.0,32.0,50.0,42.0,,,26.0,,17.0,11.0,,,1.0,16.0,33.0,,,45.0,10.0,61.0,,31.0,31.0,19.0,18.0,40.0,0.0,58.0,,14.0,8.0,,14.0,,15.0,40.0,13.0,33.0,44.0,27.0,,,50.0,25.0,24.0,,26.0,22.0,15.0,26.0,32.0,41.0,31.0,20.0,19.0,48.0,32.0,35.0,23.0,,32.0,29.0,29.0,57.0,,,27.0,17.0,13.0,,,11.0,26.0,12.0,,,25.0,39.0,28.0,16.0,17.0,,11.0,43.0,48.0,60.0,28.0,61.0,29.0,16.0,61.0,26.0,19.0,44.0,28.0,,23.0,59.0,29.0,,10.0,57.0,41.0,24.0,,26.0,34.0,39.0,19.0,35.0,10.0,42.0,39.0,48.0,13.0,,,24.0,36.0,47.0,17.0,26.0,,,61.0,,38.0,27.0,41.0,,34.0,40.0,24.0,,26.0,11.0,,,39.0,17.0,9.0,52.0,,16.0,18.0,33.0,9.0,51.0,22.0,30.0,37.0,,11.0,27.0,55.0,37.0,12.0,,,52.0,22.0,21.0,,23.0,,26.0,25.0,38.0,30.0,31.0,47.0,19.0,29.0,36.0,28.0,,16.0,27.0,36.0,,58.0,28.0,42.0,14.0,43.0,16.0,13.0,26.0,43.0,21.0,38.0,,21.0,31.0,58.0,31.0,45.0,20.0,17.0,44.0,34.0,56.0,48.0,36.0,,38.0,23.0,,,,54.0,20.0,,,,,,52.0,16.0,46.0,,48.0,,55.0,19.0,50.0,37.0,43.0,,34.0,18.0,41.0,25.0,19.0,30.0,43.0,,9.0,59.0,40.0,,31.0,,40.0,37.0,11.0,20.0,27.0,36.0,32.0,13.0,56.0,57.0,32.0,,11.0,,44.0,22.0,41.0,,59.0,28.0,,,21.0,49.0,54.0,31.0,12.0,,,12.0,31.0,20.0,,15.0,27.0,18.0,38.0,13.0,27.0,28.0,19.0,25.0,55.0,34.0,59.0,,35.0,26.0,31.0,55.0,,,,,58.0,43.0,4.0,40.0,,47.0,42.0,41.0,10.0,,41.0,16.0,42.0,23.0,31.0,0.0,24.0,,24.0,,55.0,19.0,28.0,33.0,,56.0,35.0,,26.0,,16.0,20.0,37.0,49.0,,40.0,59.0,45.0,10.0,24.0,17.0,,,12.0,47.0,14.0,23.0,59.0,29.0,32.0,53.0,25.0,,22.0,23.0,28.0,31.0,61.0,,37.0,40.0,,22.0,51.0,16.0,23.0,,23.0,34.0,,20.0,,,25.0,13.0,30.0,42.0,34.0,52.0,60.0,42.0,45.0,54.0,15.0,,3.0,20.0,24.0,19.0,,23.0,14.0,,25.0,12.0,55.0,2.0,43.0,15.0,39.0,19.0,,44.0,34.0,,52.0,,42.0,36.0,9.0,44.0,21.0,44.0,25.0,29.0,20.0,25.0,18.0,8.0,27.0,57.0,35.0,,15.0,,,22.0,35.0,35.0,31.0,,,35.0,23.0,61.0,12.0,25,3,2.4487004103967167,18.420206659012628,-0.3694860682305561
8,8,6,9,7,9,9,4,14,9,9,10,10,7,9,7,12,9,32,22,4,12,10,14,10,19,11,6,13,10,15,10,5,8,12,8,7,9,11,12,16,9.0,15,23,8,14,14,9,11,18,15,13,14,17,17,21,13,16,12,14,10,19,13,17,22.0,15,14,10,11,10,19,20,17,11,19,11,13,18,18,14,16,12,8,14,17,7,9,14,24,18,17,16,16,16,22,15,21,6,9,18,21,10,11,10,15,16,20,15,17,11,13,13.0,15,22,18.0,33,21,18,22,21,12,23,5,16,13,12,15,33.0,16,19,24,13,25.0,10,14,22.0,16,32,8,22,15,18,19,21,55.0,12.0,19,9.0,8,17,13,12,18.0,11,13,9,22,33.0,22,18,18,11,7,28,10,9.0,18,18,13,22,5,15.0,9,26,20,33,23,19.0,30,21.0,18,23,21,0,20,,33.0,30,20,48.0,18.0,12,10,23,16,19,10,13,16.0,0,25,,21,22,0,16,16.0,17,18,17,18,37.0,20,32,25,31,11,18,16,16.0,31.0,11,26,10,32.0,17,19,21,29.0,11,31.0,17.0,20,15,20.0,24,21,18,37.0,14.0,17,21,17,19,24,17.0,16,24,14,14,18,0,39.0,24.0,24,29.0,44.0,41.0,7.0,24,18.0,19,11,31,48.0,30.0,18.0,21.0,32.0,13,20.0,39.0,35.0,24,18,16.0,14,31,23,40.0,46.0,19.0,22,39.0,10,19,5.0,15.0,11,,32.0,13,36,27.0,11,30.0,25.0,41.0,16,19,37.0,24,25,22,21,23,20,9,19,23,20,13,16,13.0,0.0,13,19,14,20.0,36.0,43,5,19,31.0,20,51.0,17,14,23,17,13,18.0,10,41.0,17,23,31.0,23,15,23,23.0,,15,57.0,11.0,23.0,34.0,13.0,12,18.0,11,28,21,23.0,12,13.0,19.0,22,20.0,20.0,14.0,17,58.0,21,1,17,14,24,22,23,27.0,12,28.0,12,29,15,56.0,15,23.0,26,25.0,25,8.0,23,28,22.0,25,51.0,30,48.0,14.0,24,21,26.0,34.0,30.0,25.0,24.0,21,23.0,34.0,35,30.0,3,19,8.0,,10,19.0,25,23.0,59.0,17,23,10,15.0,22,34.0,34.0,17,32.0,12,28.0,22,22,25,26.0,51.0,18,26,26,18.0,25.0,44,22,34.0,19,18.0,21.0,22.0,18.0,28.0,16.0,18.0,11.0,46.0,38.0,20,17,24.0,,39.0,30.0,38.0,,6.0,22.0,22,3,20.0,35.0,17,34.0,28.0,48.0,58.0,9.0,37.0,13,29,,14.0,49.0,32.0,29,42.0,17.0,15.0,14,0,21,58.0,22.0,22.0,13.0,11,23,14.0,36.0,12,30.0,23.0,27,28.0,59.0,33.0,17,16.0,15,26.0,22.0,32.0,18,23.0,16,9.0,18,14,,29.0,37.0,34.0,24,14,2,13.0,13,22.0,10,30,16.0,32,21,18.0,26.0,15,24,23.0,24.0,46.0,9.0,34.0,15.0,20,22.0,24,23,35.0,,31.0,12.0,52.0,13.0,26,9,22.0,29.0,0.0,25.0,36.0,18.0,22,32.0,24,33.0,,,,6,34.0,15,,25.0,26.0,26,31.0,17.0,12.0,54,25,,37.0,39.0,36.0,7.0,20.0,,19.0,9.0,54.0,,30.0,13,20,,41.0,22.0,26,29,1,17,22.0,,23,24,31.0,54.0,14,39.0,17.0,,28,55.0,12.0,27.0,10,17.0,42.0,31.0,14.0,,28.0,25,19.0,26,18.0,21,24,25,0.0,33.0,20.0,,33.0,16.0,,,30.0,48.0,0.0,27,42.0,0.0,36,,20.0,,21.0,27,21.0,,32.0,46,20,,15,17.0,22.0,28.0,,22,36.0,17,0,20.0,17,14.0,29,43.0,15.0,29.0,37,14,20.0,8.0,19,26.0,19,36.0,25,17.0,15.0,24.0,36.0,20.0,21.0,30,14.0,,6.0,58.0,11.0,22.0,26.0,20,17,22.0,32,23,25,,,20.0,,31.0,26.0,34,31.0,24.0,,10,5.0,,24.0,15.0,26.0,27,17.0,18.0,21.0,47.0,33.0,34.0,19.0,26,26.0,59.0,26.0,54.0,45.0,15.0,32.0,21,32.0,15.0,33.0,44.0,26,7,30.0,23.0,19,17.0,18.0,20.0,28,14.0,,23.0,28.0,21,18.0,15.0,14.0,28.0,25.0,21.0,,22.0,,32,21,,48.0,17.0,27.0,37.0,24.0,20.0,32.0,19.0,38.0,22,24,,29,17.0,23.0,31.0,19.0,25,18,26.0,0.0,21.0,17.0,,,24.0,19.0,10.0,23,1.0,57.0,21.0,27.0,44.0,31.0,49,34.0,14.0,20.0,10,35.0,39.0,,19.0,23.0,19.0,27,13.0,21,48.0,42.0,8.0,58.0,30.0,18.0,52.0,55.0,19.0,21.0,11.0,17.0,26.0,36.0,7.0,12.0,39.0,25.0,55.0,43.0,0.0,21,32.0,16.0,21,18.0,45.0,13,34.0,16.0,39.0,29,13,31,19.0,,35.0,20.0,15.0,24.0,36.0,15.0,33.0,20,36.0,34,22.0,16,40,28.0,22,,17.0,22.0,9.0,15,34.0,13.0,28.0,10.0,42.0,23.0,21,55.0,31,0.0,24.0,36.0,15,34.0,18,30,28.0,32.0,,21,45.0,50.0,26,28.0,22.0,47.0,35.0,,27.0,24.0,36.0,30,20.0,29.0,22.0,42.0,21.0,0.0,18.0,41.0,16,27.0,27,6.0,21.0,38.0,26.0,18,21,38.0,5.0,27.0,22.0,22.0,30.0,3.0,27.0,7.0,13,26.0,31.0,37,27,59.0,15.0,24,30.0,29.0,22,24.0,20,32,33,23.0,32.0,19.0,38.0,26.0,24.0,26.0,,39.0,,34.0,47.0,25.0,26.0,27.0,12.0,55.0,,22.0,19.0,,32.0,29.0,33.0,29.0,15.0,52.0,20.0,10.0,21.0,,56.0,15.0,37.0,41.0,,29.0,,37.0,28.0,59.0,26.0,23.0,22.0,,,,25.0,20,12.0,60.0,28.0,26,32.0,15.0,,30.0,24.0,54.0,40.0,20.0,23.0,,35.0,7.0,35.0,20.0,53.0,,55.0,31.0,28.0,,,,,36.0,23.0,29.0,,55.0,36,20.0,38.0,19.0,32,36.0,37.0,34.0,38.0,18.0,45.0,18.0,31.0,,39,28.0,,16.0,37.0,30.0,36.0,17,22,28.0,7.0,25.0,23.0,53.0,42.0,23,16,,60.0,47.0,20.0,24.0,38.0,42.0,36.0,38.0,29.0,11.0,43.0,22.0,42.0,43.0,29.0,37,19.0,33.0,29.0,,12.0,30,18.0,34,,26,21.0,48.0,23.0,46.0,33.0,18.0,50.0,38.0,52.0,27.0,27.0,32.0,9,27.0,49.0,23.0,30.0,9.0,45,22.0,33.0,19.0,26.0,15.0,,33.0,54.0,20.0,24,18,54.0,55.0,35.0,18.0,47.0,5.0,57.0,25.0,14,46.0,,25.0,23.0,24.0,,46.0,39.0,12,33.0,27.0,27.0,18,22,48.0,51.0,22.0,40.0,27.0,47.0,21.0,,32.0,20.0,18.0,19.0,23.0,23.0,43.0,32,13.0,24.0,34.0,27.0,15.0,12,27.0,34.0,17,56.0,21.0,42.0,19.0,6.0,50.0,16.0,26.0,43.0,33.0,25.0,18,55.0,31.0,29.0,34.0,20,41.0,46.0,24.0,8.0,26.0,22.0,28.0,17.0,29.0,19.0,46.0,12.0,21.0,24,28,15.0,33.0,22.0,9.0,,27,22,30.0,,49.0,33.0,58.0,46.0,45.0,36.0,19.0,56.0,53.0,53.0,31.0,39.0,34.0,21,6,52.0,18.0,21.0,13.0,54.0,13,29.0,14.0,37.0,38.0,16.0,35.0,25.0,17.0,7.0,9.0,15.0,,22.0,,32.0,31,17.0,52.0,32,24.0,29.0,30.0,,,23.0,40.0,,,54.0,25.0,,7.0,21.0,0.0,18.0,26.0,13.0,25.0,,10.0,,34.0,36.0,17.0,,41.0,33.0,28.0,21.0,14.0,17.0,13.0,15.0,24.0,26.0,,,29.0,23.0,54.0,33.0,26.0,36.0,25.0,12.0,35.0,54.0,48.0,48.0,21.0,56.0,,52.0,8.0,,48.0,55.0,12.0,31.0,40.0,32,,13.0,58.0,45.0,25.0,32.0,26.0,25.0,13.0,52.0,18.0,37.0,,44.0,30.0,35.0,57.0,18.0,,17.0,40.0,,25.0,42.0,35.0,,27.0,47.0,27.0,38.0,28.0,32.0,28.0,53.0,54.0,19.0,,23.0,45.0,23.0,11.0,34.0,28.0,18.0,35.0,52.0,30,21.0,16.0,30.0,28.0,19.0,50.0,29.0,27.0,58.0,28,21.0,35.0,,54.0,51.0,15.0,34.0,32.0,26.0,59.0,19.0,28.0,27.0,37.0,39.0,36.0,25,26.0,21.0,,,,21.0,20.0,10.0,28.0,26.0,21.0,22.0,57.0,39.0,38.0,19.0,,26.0,,56.0,,1.0,17.0,45.0,11,20,26.0,55.0,30.0,25.0,34.0,59.0,33.0,37.0,35.0,18.0,52.0,50.0,32.0,31.0,33.0,42.0,27.0,58.0,29.0,21.0,29.0,15.0,36.0,,,38.0,31.0,31.0,,,13.0,,47.0,23.0,33.0,34.0,33.0,19.0,0.0,18.0,,33.0,40.0,19.0,,37.0,,20.0,21,40.0,33.0,22.0,59.0,20,28.0,,,,19.0,25.0,,52.0,13,,16.0,32.0,56.0,16.0,53.0,28.0,46,57.0,25.0,38.0,,16,15.0,22.0,,57.0,41.0,22.0,,22.0,30.0,20.0,15.0,35.0,23.0,30.0,43.0,23.0,31.0,32.0,53.0,,38.0,19.0,20.0,,24,21.0,16.0,50.0,43.0,34.0,20.0,34.0,39.0,35.0,,33.0,47.0,26.0,20,21.0,,41.0,,,17.0,19.0,49.0,27.0,49.0,54.0,51.0,21.0,49.0,21.0,43.0,58.0,45.0,,45.0,,23.0,52.0,37.0,22.0,17.0,28.0,42.0,,33.0,,39.0,24.0,25.0,18.0,,,,,19.0,32.0,22.0,49.0,56.0,29.0,35.0,54.0,,21.0,34.0,28.0,17.0,17.0,12.0,,21.0,48.0,17.0,,14.0,47.0,15.0,10.0,55.0,30.0,20.0,60.0,28.0,44.0,24,13.0,36.0,20.0,32.0,22.0,,31.0,,11.0,44.0,34.0,,,17.0,23.0,43.0,44.0,23.0,22.0,,27.0,,18.0,41.0,56.0,16.0,31.0,25.0,,39.0,49.0,,28.0,50.0,17.0,60.0,14.0,53.0,45.0,30.0,34.0,36.0,46.0,,,36.0,15.0,51.0,43.0,49.0,41.0,33.0,30.0,44.0,40.0,29.0,32.0,,13.0,13.0,35.0,29.0,56.0,37.0,58.0,46.0,15.0,28.0,29.0,24.0,34.0,,,24.0,29.0,24.0,25.0,31.0,31.0,22.0,22.0,41.0,24.0,46.0,,23.0,24.0,31.0,,27.0,44.0,19.0,,49.0,,25.0,,13.0,42.0,46.0,16.0,29.0,32.0,,,32.0,32.0,48.0,7.0,41.0,24.0,27.0,9.0,,11.0,28.0,29.0,58.0,21.0,22.0,32.0,,,20.0,32.0,40.0,51.0,32.0,5,27.0,,9.0,20.0,42.0,14.0,11.0,,34.0,21.0,26,35.0,19.0,43.0,34.0,31.0,,23.0,58.0,11,35.0,,11.0,31.0,11.0,24.0,59.0,42.0,46.0,42.0,21.0,32.0,15.0,26.0,50.0,12.0,13.0,33.0,59.0,17.0,,30.0,14.0,26.0,11.0,16.0,35.0,41.0,48.0,47.0,15.0,21.0,,42.0,,17.0,18.0,16.0,40.0,,33.0,43.0,15.0,48.0,34.0,,13.0,10.0,19.0,37.0,,39.0,,49.0,,10.0,25.0,45.0,18.0,,41.0,59.0,60.0,29.0,49.0,53.0,36.0,45.0,21.0,23.0,39.0,42.0,24.0,31.0,38.0,,20.0,,28.0,,50.0,21.0,19.0,50.0,31.0,25.0,,17.0,28.0,20.0,28.0,15.0,26.0,33.0,24.0,18.0,12.0,14.0,40.0,38.0,,,35.0,,25.0,41.0,,55.0,18,16.0,42.0,,53.0,,21.0,24.0,27.0,39.0,27.0,28.0,28.0,16.0,37.0,,36.0,,41.0,17.0,31.0,42.0,20.0,37.0,27.0,58.0,56.0,45.0,32.0,29.0,44.0,33.0,37.0,22.0,25.0,26.0,28.0,,,43.0,28.0,53.0,11.0,12.0,26.0,29.0,56.0,38.0,22.0,44.0,48.0,33.0,34.0,24.0,,,16.0,,,55.0,13.0,0.0,58.0,28.0,16.0,,48.0,,,15.0,29.0,35.0,23.0,31.0,,23.0,54.0,42.0,0.0,31.0,28,38.0,34.0,19,55.0,11.0,19.0,51.0,49.0,22.0,42.0,30.0,22.0,12.0,39.0,12.0,32.0,57.0,20.0,,44.0,48.0,37.0,,8.0,31.0,25.0,22.0,,23.0,48.0,35.0,18.0,18.0,15.0,46.0,31.0,60.0,,60.0,15.0,13.0,51.0,27.0,45.0,23.0,,29.0,29.0,28.0,36.0,,32.0,43.0,,24.0,10.0,17.0,26.0,14.0,30.0,34.0,35.0,28.0,,43.0,13.0,37.0,33.0,21.0,33.0,,19.0,15.0,25.0,,47.0,2.0,45.0,39.0,58.0,11.0,,19.0,18.0,13.0,,27.0,43.0,10.0,41.0,40.0,45.0,51.0,24.0,26.0,,26.0,,54.0,39.0,28.0,33.0,,20.0,21.0,12.0,53.0,56.0,10.0,39.0,23.0,27.0,27.0,40.0,11.0,,27.0,42.0,26.0,,46.0,12.0,,,25.0,33.0,,45.0,21.0,38.0,54.0,,40.0,32.0,19.0,49.0,31.0,40.0,,,,33.0,16.0,10.0,25.0,14.0,33.0,,22.0,18.0,13.0,,54.0,16.0,38.0,39.0,48.0,20.0,14.0,49.0,33.0,,10.0,30.0,34.0,55.0,33.0,30.0,26.0,,30.0,57.0,38.0,44.0,18.0,,10.0,,26.0,22.0,48.0,31.0,29.0,50.0,24.0,32.0,25.0,54.0,21.0,34.0,40.0,,20.0,36.0,38.0,22.0,32.0,47.0,,,14.0,59.0,10.0,38.0,57.0,43.0,,50.0,57.0,16.0,30.0,,24.0,44.0,20.0,25.0,49.0,,27.0,51.0,,55.0,,44.0,60.0,10.0,34.0,,23.0,15.0,30.0,,45.0,40.0,51.0,36.0,22.0,33.0,27.0,27.0,12.0,42.0,25.0,,43.0,31.0,49.0,16.0,25.0,43.0,33.0,27.0,29.0,32.0,51.0,23.0,29.0,,57.0,53.0,,53.0,,15.0,33.0,,34.0,27.0,12.0,35.0,,27.0,31.0,24.0,44.0,38.0,4.0,19.0,41.0,31.0,58.0,,45.0,51.0,,33.0,50.0,,,20.0,18.0,,39.0,42.0,30.0,22.0,33.0,37.0,30.0,17.0,44.0,,51.0,33.0,24.0,18.0,27.0,,53.0,36.0,37.0,60.0,35.0,59.0,31.0,15.0,40.0,37.0,23.0,21.0,39.0,53.0,47.0,38.0,31.0,30.0,23.0,30.0,39.0,33.0,29.0,,43.0,,,28.0,27.0,43.0,,23.0,25.0,34.0,,,,34.0,15.0,57.0,,24.0,56.0,32.0,36.0,30.0,,30.0,46.0,25.0,56.0,,26.0,,33.0,,31.0,25.0,33.0,50.0,58.0,15.0,31.0,53.0,29.0,7.0,,50.0,40.0,41.0,54.0,27.0,18.0,39.0,20.0,26.0,19.0,59.0,38.0,28.0,59.0,34.0,49.0,35.0,41.0,50.0,0.0,,31.0,27.0,46.0,52.0,,37.0,17.0,35.0,27.0,51.0,,,,24.0,31.0,32.0,,,,56.0,31.0,,30.0,18.0,40.0,35.0,34.0,29.0,,21.0,,18.0,13.0,24.0,,25.0,20.0,31.0,57.0,14.0,38.0,37.0,56.0,,,28.0,21.0,,14.0,,31.0,,39.0,43.0,40.0,29.0,14.0,30.0,,7.0,43.0,35.0,20.0,31.0,37.0,29.0,0.0,52.0,18.0,48.0,,26.0,12.0,50.0,52.0,21.0,41.0,,52.0,17.0,,37.0,58.0,27.0,35.0,52.0,34.0,,54.0,,17.0,47.0,26.0,45.0,24.0,,,17.0,34.0,13.0,24.0,44.0,47.0,37.0,57.0,43.0,,12.0,44.0,17.0,,,32.0,,18.0,,,38.0,30.0,13.0,,23.0,,33.0,37.0,16.0,49.0,16.0,,,,,12.0,22.0,59.0,33.0,51.0,23.0,38.0,42.0,,25.0,21.0,18.0,27.0,,,,26.0,12.0,38.0,,39.0,36.0,49.0,,28.0,,18.0,20.0,,56.0,53.0,26.0,34.0,56.0,0.0,31.0,40.0,14.0,0.0,22.0,,,27.0,29.0,,23.0,25.0,56.0,,25.0,33.0,,31.0,26.0,28.0,,52.0,,38.0,29.0,,9.0,,30.0,56.0,47.0,21.0,27.0,38.0,12.0,32.0,50.0,,,12.0,18.0,,,,53.0,33.0,26.0,35.0,34.0,26.0,25.0,,53.0,23.0,32.0,21.0,19.0,43.0,,,37.0,28.0,25.0,,33.0,54.0,26.0,33.0,,15.0,53.0,35.0,28.0,21.0,36.0,,,,31.0,37.0,24.0,22.0,,42.0,17.0,32.0,,,,45.0,15.0,25.0,56.0,25.0,30.0,18.0,53.0,49.0,19.0,,36.0,41.0,14.0,21.0,,23.0,,25.0,49.0,5.0,36.0,53.0,,48.0,,57.0,,30.0,23.0,18.0,59.0,,45.0,49.0,35.0,0.0,30.0,43.0,37.0,26.0,16.0,49.0,21.0,59.0,30.0,,,55.0,,35.0,20.0,28.0,10.0,46.0,,37.0,54.0,6.0,44.0,,43.0,30.0,30.0,31.0,27.0,49.0,16.0,16.0,,,57.0,59.0,31.0,9.0,,42.0,25.0,,56.0,,,11.0,,17.0,22.0,,,13.0,,49.0,14.0,45.0,18.0,,,22.0,24.0,,13.0,19.0,5.0,0.0,16.0,,55.0,48.0,18.0,53.0,32.0,58.0,22.0,23.0,31.0,60.0,41.0,33.0,35.0,45.0,47.0,55.0,15.0,32.0,30.0,,32.0,,58.0,35.0,21.0,41.0,40.0,28.0,45.0,33.0,23.0,41.0,40.0,,52.0,13.0,39.0,31.0,,36.0,,30.0,,44.0,35.0,44.0,26.0,44.0,19.0,20.0,,20.0,,31.0,,27.0,36.0,,15.0,42.0,,32.0,,,40.0,,28.0,29.0,35.0,,23.0,,46.0,34.0,,42.0,,32.0,55.0,44.0,13.0,24.0,31.0,54.0,,39.0,29.0,,35.0,,33.0,43.0,28.0,,48.0,,34.0,20.0,48.0,50.0,,15.0,49.0,34.0,,27.0,,25.0,,21.0,0.0,9.0,33.0,29.0,26.0,40.0,28.0,,13.0,43.0,33.0,,52.0,8.0,33.0,38.0,32.0,12.0,,28.0,39.0,21.0,,49.0,19.0,,32.0,21.0,37.0,15.0,35.0,,18.0,23.0,,39.0,44.0,,42.0,28.0,22.0,50.0,31.0,32.0,,33.0,37.0,42.0,43.0,29.0,57.0,42.0,,19.0,29.0,54.0,23.0,27.0,57.0,45.0,30.0,,,,23.0,,0.0,,,,52.0,59.0,24.0,,39.0,45.0,22.0,13.0,,43.0,23.0,6.0,38.0,3.0,35.0,15.0,30.0,30.0,37.0,26.0,17.0,,21.0,,,26.0,,16.0,28.0,24.0,42.0,34.0,,12.0,,30.0,21.0,15.0,,,24.0,48.0,,25.0,24.0,19.0,15.0,,,22.0,38.0,11.0,36.0,,58.0,33.0,38.0,22.0,,38.0,,,59.0,,48.0,32.0,40.0,,52.0,39.0,,37.0,,53.0,20.0,,22.0,52.0,47.0,23.0,39.0,33.0,25.0,,26.0,25.0,57.0,0.0,15.0,49.0,20.0,16.0,51.0,,36.0,24.0,53.0,,19.0,,57.0,55.0,17.0,12.0,11.0,,53.0,37.0,,56.0,56.0,34.0,38.0,,28.0,21.0,,0.0,33.0,60.0,29.0,58.0,,53.0,,15.0,8.0,29.0,24.0,51.0,24.0,38.0,30.0,0.0,20.0,25.0,,24.0,,28.0,,,,53.0,28.0,,,,31.0,26,3,2.551966292134832,17.694484138325237,-0.33951803425811333
7,1,8,8,8,6,10,10,11,11,7,20,9,6,7,9,3,9,18,20,9,8,6,9,12,22,17,12,10,10,10,14,9,10,15,8,11,15,15,16,17,38.0,16,10,7,21,20,5,16,23,11,13,13,8,33,19,14,20,12,10,10,16,17,18,34.0,13,22,21,15,13,22,9,17,15,13,13,15,21,14,10,15,16,5,17,9,20,6,11,0,14,16,14,14,10,18,22,15,14,17,21,22,19,13,9,12,22,11,21,13,19,0,11.0,16,26,20.0,16,13,10,12,22,15,13,13,19,10,21,20,20.0,9,13,21,17,35.0,11,14,16.0,8,31,13,21,17,14,21,27,26.0,60.0,15,35.0,11,19,8,18,40.0,8,21,27,25,24.0,18,18,17,23,18,14,22,14.0,18,17,0,15,27,42.0,11,26,11,14,22,16.0,10,14.0,17,9,22,20,22,53.0,26.0,13,21,13.0,,6,19,11,13,28,15,13,15.0,21,30,51.0,18,23,9,17,21.0,15,5,6,17,4.0,17,13,33,9,21,22,9,32.0,14.0,10,28,36,43.0,16,13,32,,15,32.0,37.0,20,18,25.0,27,15,19,25.0,,14,14,10,16,23,37.0,19,13,12,19,22,30,15.0,22.0,23,17.0,18.0,14.0,55.0,10,36.0,16,20,19,33.0,12.0,14.0,21.0,17.0,10,29.0,17.0,18.0,8,21,16.0,8,17,20,17.0,19.0,22.0,10,,22,26,20.0,26.0,20,,24.0,10,25,13.0,23,15.0,12.0,10.0,7,25,39.0,16,14,26,18,12,26,17,19,13,22,36,19,44.0,36.0,59,18,16,29.0,51.0,12,36,32,,27,,22,15,26,8,24,21.0,7,23.0,12,16,19.0,16,12,22,25.0,,6,41.0,15.0,31.0,12.0,30.0,24,36.0,22,22,14,21.0,11,18.0,8.0,23,30.0,16.0,25.0,21,49.0,16,36,25,16,12,21,16,21.0,12,26.0,24,12,18,13.0,19,28.0,8,13.0,17,36.0,18,26,12.0,39,19.0,21,31.0,13.0,30,41,21.0,16.0,11.0,12.0,18.0,23,16.0,,25,,9,0,12.0,40.0,31,30.0,7,23.0,42.0,21,20,21,18.0,15,24.0,14.0,17,24.0,35,52.0,10,14,14,,,40,22,23,23.0,29.0,10,12,17.0,22,7.0,20.0,31.0,16.0,42.0,62.0,21.0,35.0,29.0,16.0,18,22,20.0,23.0,,20.0,20.0,17.0,36.0,27.0,6,19,32.0,39.0,14,42.0,49.0,,26.0,0.0,5.0,5,32,,24.0,33.0,16.0,7,34.0,24.0,,40,6,22,25.0,56.0,36.0,21.0,31,22,26.0,11.0,16,40.0,32.0,48,0.0,17.0,,26,14.0,16,28.0,32.0,18.0,0,33.0,16,4.0,17,21,,10.0,,,17,22,39,22.0,33,24.0,44,23,27.0,38,23,41.0,26.0,13,19,19.0,14.0,25.0,21.0,27.0,24.0,24,44.0,9,36,42.0,58.0,29.0,12.0,22.0,60.0,17,19,25.0,7.0,18.0,38.0,,12.0,18,32.0,12,39.0,13.0,14.0,38.0,43,61.0,23,,,56.0,23,36.0,34.0,,31,29,13.0,43.0,22.0,19.0,,23.0,32.0,62.0,9.0,26.0,15.0,20.0,23,12,61.0,23.0,24.0,19,22,21,21,23.0,,19,16,23.0,51.0,18,60.0,40.0,31.0,10,56.0,43.0,20.0,19,29.0,23.0,42.0,,44.0,16.0,18,21.0,20,26.0,22,21,13,13.0,23.0,18.0,57.0,,36.0,16.0,,39.0,28.0,23.0,19,38.0,,24,19.0,22.0,21.0,63.0,16,14.0,26.0,,63,17,58.0,25,15.0,31.0,19.0,,23,10.0,12,17,24.0,4,40.0,40,32.0,,37.0,12,18,11.0,10.0,24,3.0,21,23.0,21,,23.0,26.0,,21.0,20.0,40,27.0,25.0,25.0,34.0,19.0,22.0,,17,18,38.0,19,10,24,14.0,26.0,20.0,,9.0,30.0,23,14.0,21.0,22.0,13,,34.0,19.0,24.0,,25,20.0,40.0,19.0,27.0,25.0,25.0,0.0,30,35.0,59.0,,,,21.0,28.0,7,45.0,,25.0,19.0,36,9,29.0,12.0,17,,15.0,19.0,41,23.0,,28.0,10.0,24,54.0,16.0,44.0,32.0,,50.0,12.0,38.0,,28,19,,26.0,46.0,23.0,54.0,8.0,24.0,20.0,17.0,8.0,19,16,14.0,35,35.0,9.0,21.0,24.0,22,12,,56.0,19.0,16.0,37.0,46.0,29.0,33.0,23.0,5,15.0,19.0,17.0,50.0,26.0,11.0,30,35.0,14.0,24.0,38,18.0,13.0,26.0,23.0,37.0,22.0,23,44.0,49,42.0,22.0,29.0,42.0,36.0,49.0,,0.0,57.0,39.0,51.0,18.0,5.0,34.0,20.0,53.0,43.0,55.0,50.0,,28.0,23,35.0,49.0,24,15.0,28.0,30,31.0,28.0,22.0,20,8,17,30.0,24.0,60.0,23.0,46.0,15.0,19.0,0.0,16.0,17,18.0,10,27.0,36,16,21.0,25,28.0,25.0,19.0,37.0,32,11.0,22.0,26.0,30.0,,,37,17.0,37,40.0,,16.0,35,40.0,10,13,48.0,26.0,17.0,21,36.0,52.0,15,23.0,7.0,20.0,21.0,18.0,37.0,34.0,17.0,16,17.0,21.0,20.0,51.0,,43.0,20.0,38.0,19,28.0,29,22.0,38.0,24.0,41.0,24,19,21.0,20.0,14.0,25.0,28.0,18.0,20.0,34.0,47.0,31,25.0,21.0,27,20,,43.0,37,28.0,27.0,15,60.0,13,15,40,30.0,43.0,,,3.0,43.0,27.0,62.0,14.0,26.0,21.0,24.0,19.0,45.0,46.0,33.0,8.0,23.0,9.0,18.0,24.0,15.0,,60.0,17.0,50.0,21.0,45.0,32.0,5.0,36.0,26.0,37.0,52.0,9.0,26.0,45.0,42.0,41.0,20.0,15.0,25.0,30.0,38.0,,24.0,37.0,32.0,23,12.0,35.0,34.0,22,22.0,54.0,10.0,11.0,29.0,33.0,24.0,26.0,18.0,26.0,29.0,11.0,28.0,24.0,31.0,,8.0,35.0,,22.0,43.0,17.0,39.0,33.0,40.0,,62.0,41.0,35,62.0,24.0,16.0,42,,47.0,39.0,46.0,32.0,14.0,18.0,20.0,,30,22.0,44.0,37.0,6.0,63.0,26.0,23,18,36.0,51.0,33.0,50.0,11.0,23.0,27,28,57.0,25.0,8.0,22.0,26.0,31.0,,4.0,54.0,56.0,13.0,49.0,16.0,24.0,20.0,10.0,15,22.0,25.0,35.0,28.0,27.0,18,52.0,30,18.0,49,28.0,,27.0,35.0,61.0,0.0,35.0,21.0,17.0,27.0,63.0,18.0,11,30.0,,39.0,55.0,22.0,27,45.0,11.0,26.0,45.0,52.0,18.0,,14.0,36.0,30,27,,1.0,,,47.0,39.0,35.0,28.0,18,29.0,61.0,61.0,24.0,46.0,45.0,26.0,8.0,32,12.0,,44.0,0,4,62.0,,,15.0,56.0,,,,29.0,16.0,52.0,40.0,26.0,19.0,21.0,11,10.0,25.0,47.0,43.0,21.0,16,23.0,,26,60.0,23.0,,,63.0,,19.0,36.0,24.0,19.0,,21,25.0,39.0,13.0,16.0,45,15.0,34.0,22.0,25.0,,,16.0,9.0,29.0,16.0,11.0,37.0,27.0,38,22,42.0,36.0,23.0,37.0,24.0,34,23,,18.0,30.0,46.0,,31.0,31.0,12.0,28.0,44.0,,,33.0,37.0,36.0,24,25,19.0,13.0,57.0,61.0,,13,4.0,,46.0,2.0,12.0,39.0,50.0,29.0,16.0,15.0,35.0,18.0,46.0,39.0,43.0,15,44.0,22.0,29,28.0,62.0,0.0,,15.0,62.0,12.0,51.0,37.0,,,34.0,37.0,36.0,22.0,37.0,15.0,41.0,12.0,25.0,33.0,,,38.0,,25.0,28.0,41.0,42.0,13.0,15.0,9.0,12.0,,29.0,35.0,31.0,46.0,37.0,58.0,12.0,22.0,24.0,40.0,,34.0,39.0,,44.0,25.0,62.0,14.0,,33.0,33.0,37.0,18.0,39.0,2.0,28.0,22.0,28,29.0,14.0,39.0,33.0,21.0,30.0,19.0,,63.0,24.0,34.0,21.0,31.0,38.0,52.0,23.0,45.0,22.0,31.0,22.0,21.0,51.0,20.0,15.0,57.0,60.0,54.0,,47.0,,30.0,,22.0,,26.0,20.0,57.0,31.0,11.0,29.0,23.0,22.0,,34.0,37.0,30.0,27,18.0,46.0,35.0,24.0,23.0,,34.0,26.0,29.0,19,8.0,47.0,28.0,,36.0,7.0,27.0,60.0,21.0,18.0,37.0,31.0,13.0,17.0,19.0,20.0,34,35.0,9.0,,42.0,8.0,31.0,30.0,44.0,,39.0,50.0,49.0,3.0,35.0,,22.0,36.0,33.0,19.0,46.0,63.0,24.0,30.0,28.0,19,12,18.0,45.0,29.0,23.0,63.0,18.0,11.0,28.0,32.0,38.0,44.0,19.0,8.0,16.0,46.0,45.0,39.0,,11.0,20.0,10.0,21.0,63.0,18.0,43.0,49.0,15.0,20.0,12.0,60.0,44.0,,21.0,23.0,41.0,12.0,27.0,26.0,9.0,24.0,,57.0,29.0,,39.0,28.0,56.0,21.0,31,37.0,20.0,41.0,49.0,24,22.0,25.0,,11.0,57.0,38.0,,43.0,19,47.0,45.0,23.0,,30.0,8.0,51.0,41,,20.0,13.0,28.0,26,48.0,19.0,36.0,62.0,,32.0,33.0,9.0,13.0,,25.0,63.0,31.0,16.0,14.0,22.0,42.0,36.0,46.0,44.0,32.0,24.0,35.0,41.0,42,40.0,39.0,47.0,25.0,55.0,35.0,44.0,,,40.0,24.0,42.0,21.0,21,26.0,16.0,22.0,53.0,30.0,27.0,28.0,38.0,,,34.0,17.0,,11.0,56.0,,59.0,35.0,57.0,33.0,16.0,15.0,,38.0,16.0,35.0,18.0,23.0,31.0,40.0,13.0,21.0,19.0,,,,25.0,56.0,,0.0,20.0,33.0,,,41.0,13.0,,,34.0,50.0,,41.0,28.0,60.0,,,31.0,26.0,,11.0,6.0,,2.0,30.0,46.0,16.0,35.0,54.0,43.0,21,,17.0,38.0,51.0,36.0,,41.0,,27.0,30.0,26.0,52.0,43.0,32.0,57.0,37.0,21.0,37.0,19.0,49.0,28.0,29.0,32.0,33.0,21.0,53.0,18.0,33.0,19.0,43.0,62.0,29.0,47.0,23.0,,0.0,21.0,13.0,30.0,15.0,12.0,25.0,47.0,29.0,29.0,24.0,27.0,30.0,28.0,13.0,,45.0,,42.0,26.0,27.0,56.0,22.0,39.0,28.0,31.0,37.0,18.0,15.0,48.0,30.0,23.0,25.0,24.0,,22.0,,27.0,21.0,21.0,25.0,15.0,30.0,38.0,30.0,15.0,0.0,15.0,14.0,,20.0,,,22.0,29.0,23.0,,49.0,52.0,31.0,38.0,,29.0,44.0,10.0,,43.0,10.0,,12.0,31.0,15.0,53.0,45.0,38.0,45.0,10.0,35.0,25.0,,,16.0,30.0,29.0,41.0,21.0,29.0,,,12.0,35.0,,21.0,18,0.0,18.0,18.0,34.0,38.0,20.0,31.0,,24.0,34.0,23,34.0,37.0,45.0,23.0,25.0,,13.0,,37,26.0,,17.0,51.0,14.0,36.0,25.0,37.0,25.0,14.0,15.0,20.0,35.0,,40.0,58.0,,26.0,19.0,40.0,24.0,24.0,48.0,0.0,49.0,35.0,11.0,,19.0,,24.0,38.0,24.0,20.0,35.0,10.0,17.0,56.0,45.0,39.0,20.0,38.0,,26.0,28.0,37.0,8.0,,,,20.0,,57.0,25.0,,0.0,23.0,31.0,11.0,27.0,36.0,23.0,16.0,12.0,,51.0,27.0,27.0,34.0,44.0,18.0,40.0,43.0,52.0,50.0,13.0,,46.0,15.0,,,33.0,54.0,28.0,44.0,32.0,,30.0,15.0,31.0,23.0,27.0,28.0,40.0,34.0,,57.0,38.0,41.0,63.0,22.0,43.0,17.0,6.0,11.0,,41.0,,27,,37.0,32.0,22.0,,14.0,61.0,51.0,16.0,45.0,,45.0,37.0,31.0,,15.0,34.0,23.0,10.0,0.0,29.0,23.0,57.0,58.0,29.0,34.0,9.0,35.0,31.0,31.0,21.0,,34.0,33.0,46.0,,24.0,,32.0,20.0,12.0,15.0,5.0,28.0,31.0,,26.0,,,30.0,0.0,25.0,25.0,21.0,12.0,19.0,55.0,54.0,32.0,,54.0,20.0,42.0,23.0,42.0,60.0,61.0,,55.0,27.0,15.0,26.0,,,45.0,22.0,50.0,48.0,54.0,12,24.0,13.0,25,22.0,20.0,42.0,23.0,59.0,6.0,27.0,20.0,19.0,16.0,36.0,56.0,,21.0,28.0,37.0,38.0,51.0,,59.0,40.0,17.0,62.0,26.0,,30.0,50.0,19.0,38.0,,24.0,23.0,32.0,19.0,52.0,60.0,35.0,35.0,30.0,10.0,26.0,10.0,58.0,33.0,23.0,31.0,23.0,32.0,23.0,,34.0,,47.0,46.0,22.0,31.0,27.0,5.0,26.0,0.0,45.0,24.0,44.0,27.0,9.0,27.0,24.0,30.0,,57.0,27.0,24.0,29.0,,25.0,57.0,,60.0,30.0,41.0,45.0,41.0,,27.0,,52.0,,41.0,39.0,25.0,49.0,24.0,26.0,61.0,57.0,39.0,18.0,13.0,,20.0,30.0,,9.0,,,30.0,22.0,26.0,36.0,48.0,24.0,,24.0,49.0,17.0,32.0,43.0,35.0,,,34.0,22.0,39.0,14.0,10.0,27.0,58.0,16.0,11.0,35.0,19.0,29.0,61.0,39.0,42.0,21.0,11.0,18.0,14.0,7.0,20.0,23.0,,54.0,49.0,63.0,,7.0,45.0,47.0,21.0,0.0,,30.0,,54.0,29.0,53.0,42.0,,43.0,63.0,,55.0,20.0,19.0,,38.0,,61.0,32.0,,43.0,38.0,27.0,42.0,18.0,28.0,39.0,,34.0,,30.0,,53.0,37.0,27.0,26.0,,15.0,16.0,20.0,,26.0,12.0,51.0,37.0,43.0,,25.0,,0.0,,22.0,,34.0,22.0,30.0,,28.0,21.0,62.0,19.0,23.0,,40.0,49.0,21.0,,20.0,35.0,44.0,8.0,,32.0,39.0,,33.0,24.0,31.0,37.0,,29.0,7.0,20.0,21.0,,,36.0,40.0,,30.0,37.0,52.0,37.0,41.0,59.0,21.0,34.0,23.0,14.0,23.0,32.0,27.0,38.0,49.0,2.0,15.0,12.0,11.0,,17.0,23.0,22.0,28.0,42.0,17.0,,,20.0,23.0,55.0,12.0,38.0,57.0,51.0,47.0,35.0,63.0,46.0,28.0,50.0,57.0,37.0,31.0,22.0,21.0,41.0,37.0,23.0,,19.0,30.0,33.0,55.0,32.0,,41.0,40.0,58.0,24.0,31.0,,,,,34.0,,,18.0,27.0,16.0,29.0,,23.0,17.0,20.0,35.0,46.0,,31.0,28.0,33.0,,29.0,46.0,30.0,,39.0,35.0,,,29.0,32.0,,27.0,,38.0,63.0,21.0,40.0,23.0,,62.0,52.0,,5.0,27.0,19.0,48.0,28.0,23.0,22.0,36.0,25.0,58.0,15.0,17.0,39.0,40.0,22.0,43.0,29.0,28.0,45.0,9.0,52.0,,,41.0,52.0,33.0,25.0,26.0,,16.0,21.0,49.0,50.0,13.0,7.0,25.0,41.0,15.0,,34.0,,19.0,15.0,33.0,29.0,29.0,,31.0,21.0,27.0,,48.0,42.0,33.0,21.0,,16.0,18.0,27.0,,,38.0,49.0,,33.0,21.0,28.0,13.0,,62.0,29.0,46.0,23.0,56.0,13.0,18.0,38.0,29.0,23.0,31.0,42.0,30.0,37.0,,27.0,,29.0,39.0,,24.0,23.0,,43.0,12.0,,56.0,39.0,23.0,,,41.0,54.0,59.0,27.0,22.0,54.0,,55.0,,13.0,,,,,,37.0,36.0,39.0,,40.0,27.0,8.0,59.0,61.0,,29.0,,,13.0,18.0,30.0,16.0,20.0,37.0,57.0,0.0,57.0,28.0,34.0,22.0,42.0,35.0,22.0,,23.0,27.0,16.0,24.0,39.0,,11.0,43.0,63.0,24.0,9.0,15.0,51.0,40.0,12.0,,28.0,40.0,,,,42.0,8.0,,9.0,24.0,51.0,41.0,26.0,25.0,38.0,51.0,,,52.0,25.0,37.0,59.0,59.0,,30.0,36.0,12.0,,13.0,37.0,57.0,43.0,,30.0,63.0,12.0,12.0,15.0,,46.0,46.0,32.0,20.0,,,26.0,60.0,23.0,16.0,11.0,45.0,13.0,,24.0,29.0,41.0,15.0,36.0,20.0,,,30.0,24.0,28.0,,39.0,,36.0,,46.0,22.0,9.0,22.0,23.0,28.0,39.0,22.0,34.0,,7.0,43.0,36.0,19.0,17.0,,21.0,,35.0,30.0,22.0,32.0,,,14.0,60.0,38.0,63.0,53.0,21.0,15.0,,17.0,28.0,50.0,49.0,21.0,58.0,,60.0,31.0,15.0,42.0,35.0,38.0,,53.0,19.0,22.0,,41.0,19.0,19.0,,15.0,53.0,,46.0,40.0,32.0,63.0,31.0,34.0,14.0,43.0,58.0,18.0,50.0,,,,50.0,15.0,11.0,42.0,24.0,42.0,54.0,24.0,,20.0,17.0,38.0,36.0,23.0,38.0,21.0,32.0,26.0,50.0,32.0,21.0,19.0,25.0,10.0,33.0,21.0,40.0,41.0,20.0,30.0,29.0,32.0,,,27.0,25.0,47.0,38.0,8.0,57.0,49.0,22.0,36.0,56.0,42.0,15.0,48.0,,,,17.0,52.0,36.0,25.0,18.0,,34.0,,48.0,50.0,33.0,30.0,,25.0,57.0,52.0,,,50.0,36.0,39.0,18.0,,40.0,62.0,56.0,16.0,0.0,13.0,10.0,29.0,57.0,52.0,18.0,,35.0,43.0,44.0,34.0,,35.0,54.0,55.0,15.0,52.0,,22.0,2.0,22.0,6.0,63.0,53.0,28.0,53.0,54.0,18.0,23.0,32.0,,53.0,,5.0,,45.0,,12.0,40.0,40.0,28.0,23.0,33.0,45.0,29.0,52.0,1.0,29.0,34.0,,,24.0,,24.0,15.0,45.0,,37.0,25.0,58.0,13.0,20.0,35.0,46.0,34.0,,19.0,38.0,35.0,23.0,,53.0,51.0,54.0,20.0,,50.0,33.0,56.0,27.0,,40.0,49.0,,10.0,,26.0,,27.0,,,,19.0,46.0,,,,,56.0,,60.0,25.0,,26.0,,,51.0,61.0,25.0,,,15.0,27.0,,25.0,48.0,23.0,39.0,,21.0,25.0,19.0,47.0,36.0,,32.0,,54.0,3.0,,21.0,10.0,29.0,46.0,,15.0,18.0,43.0,40.0,43.0,28.0,36.0,62.0,37.0,40.0,41.0,50.0,,55.0,44.0,57.0,27.0,22.0,,37.0,58.0,27.0,17.0,16.0,25.0,35.0,44.0,24.0,35.0,45.0,42.0,22.0,,,61.0,,32.0,11.0,34.0,35.0,28.0,47.0,,23.0,,35.0,27.0,9.0,37.0,0.0,,58.0,53.0,39.0,33.0,58.0,,,22.0,40.0,15.0,,26.0,22.0,,21.0,18.0,17.0,,13.0,,40.0,37.0,,,62.0,1.0,42.0,53.0,36.0,,14.0,,27.0,32.0,33.0,,43.0,55.0,19.0,11.0,38.0,,11.0,40.0,21.0,,22.0,13.0,38.0,27.0,,32.0,54.0,29.0,33.0,27.0,42.0,17.0,8.0,35.0,17.0,51.0,35.0,32.0,16.0,17.0,27.0,,20.0,22.0,,38.0,36.0,29.0,40.0,14.0,50.0,28.0,43.0,,57.0,45.0,,21.0,,10.0,33.0,10.0,,56.0,15.0,39.0,36.0,53.0,23.0,,18.0,,41.0,26.0,,,56.0,,,,31.0,23.0,21.0,38.0,52.0,,43.0,28.0,38.0,48.0,28.0,16.0,,58.0,11.0,46.0,,,27.0,,,51.0,9.0,18.0,31.0,55.0,29.0,,49.0,23.0,47.0,,25.0,17.0,44.0,27.0,,27.0,,0.0,19.0,44.0,,15.0,0.0,,9.0,,23.0,,19.0,42.0,35.0,34.0,35.0,43.0,0.0,14.0,,28.0,33.0,20.0,28.0,,20.0,36.0,,27,3,2.4685792349726774,18.419612314709237,-0.339760544189558
2,4,3,9,3,4,7,8,4,5,5,8,7,4,9,5,3,8,8,16,5,4,6,7,8,16,12,4,4,8,6,6,9,8,8,7,12,6,8,15,5,23.0,20,9,10,4,10,5,11,9,9,0,0,13,24,39,7,11,6,6,6,18,16,12,33.0,5,6,13,7,13,13,9,9,5,3,17,16,17,7,1,9,7,8,7,7,7,10,7,15,10,16,11,14,9,12,11,14,12,6,15,12,20,8,16,11,9,10,16,14,6,12,10.0,15,9,28.0,14,10,16,17,18,19,18,8,10,9,20,9,29.0,15,7,8,16,12.0,12,16,16.0,19,19,10,15,12,14,11,10,15.0,19.0,15,,9,14,6,13,17.0,6,16,22,10,13.0,40,20,14,17,13,17,22,47.0,15,19,8,15,15,22.0,11,23,14,9,14,28.0,15,20.0,7,9,16,18,23,46.0,33.0,8,8,23.0,,4,46,9,21,10,10,9,16.0,14,14,,7,17,21,4,32.0,4,19,6,18,,15,7,4,15,9,28,8,12.0,23.0,17,16,3,,3,16,9,44.0,19,18.0,38.0,16,20,,19,4,12,9.0,12.0,8,20,18,24,20,22.0,16,8,12,10,7,13,21.0,15.0,17,19.0,34.0,17.0,23.0,15,22.0,13,43,12,13.0,7.0,13.0,10.0,9.0,12,14.0,24.0,13.0,6,21,,5,19,36,25.0,54.0,17.0,31,38.0,31,16,16.0,11.0,18,,21.0,11,19,41.0,9,25.0,41.0,15.0,16,0,17.0,22,24,21,0,33,11,16,19,9,28,24,12,,14.0,27,24,12,21.0,20.0,17,37,6,8.0,18,15.0,16,0,18,3,21,30.0,8,29.0,20,11,16.0,37,12,16,,,9,9.0,22.0,14.0,15.0,11.0,23,17.0,22,11,11,24.0,6,22.0,13.0,17,29.0,1.0,27.0,29,,13,20,29,18,21,14,16,26.0,10,43.0,23,6,22,24.0,20,6.0,36,36.0,9,,16,15,33.0,30,17.0,9,34.0,25.0,13,17,17.0,8.0,6.0,17.0,7.0,15,24.0,5.0,12,22.0,14,17,0.0,27.0,29,12.0,57,20.0,11.0,8,15,8,19.0,18,18.0,25.0,4,43.0,5,15.0,28,15,9,18.0,20.0,22,7,22,11.0,25.0,16,16,58.0,12,0.0,6.0,17.0,23.0,49.0,6.0,7.0,,,14.0,26,6,15.0,24.0,29.0,11.0,11.0,,,16.0,6,13,29.0,25.0,7,14.0,38.0,39.0,18.0,16.0,19.0,11,29,53.0,54.0,14.0,19.0,25,,19.0,39.0,24,15,23,22.0,31.0,12.0,18.0,25,15,25.0,15.0,16,20.0,35.0,36,31.0,14.0,13.0,10,1.0,21,17.0,46.0,39.0,16,22.0,22,7.0,14,22,,5.0,6.0,,15,19,23,10.0,6,44.0,29,23,33.0,30,17,17.0,13.0,10,20,29.0,10.0,49.0,34.0,9.0,18.0,28,,12,25,5.0,20.0,36.0,44.0,50.0,25.0,14,25,20.0,47.0,34.0,14.0,5.0,17.0,21,23.0,29,15.0,34.0,,11.0,30,17.0,22,22.0,24.0,27.0,14,30.0,,,20,13,12.0,,15.0,26.0,,18.0,,21.0,29.0,8.0,38.0,16.0,20,27,27.0,12.0,25.0,14,38,18,20,,53.0,20,12,41.0,19.0,18,16.0,19.0,41.0,11,,,44.0,11,33.0,52.0,27.0,29.0,10.0,11.0,7,22.0,16,21.0,12,21,17,35.0,21.0,13.0,,,,9.0,26.0,,18.0,7.0,14,41.0,11.0,11,,42.0,18.0,40.0,15,27.0,,37.0,17,15,33.0,15,20.0,11.0,25.0,,21,32.0,24,20,29.0,18,19.0,14,28.0,14.0,23.0,14,29,17.0,25.0,21,,14,17.0,17,28.0,,16.0,,13.0,13.0,37,20.0,14.0,21.0,8.0,11.0,46.0,14.0,17,18,,17,30,15,26.0,,13.0,35.0,40.0,32.0,27,38.0,11.0,44.0,32,,6.0,32.0,35.0,21.0,29,13.0,47.0,27.0,17.0,18.0,17.0,29.0,11,27.0,37.0,28.0,,13.0,24.0,16.0,11,32.0,31.0,20.0,28.0,15,13,,14.0,23,44.0,0.0,17.0,16,13.0,8.0,16.0,,11,33.0,,44.0,33.0,25.0,14.0,0.0,22.0,5.0,29,11,,31.0,18.0,33.0,32.0,29.0,30.0,,38.0,33.0,26,34,10.0,37,,42.0,53.0,45.0,20,11,30.0,19.0,25.0,12.0,39.0,20.0,14.0,10.0,6.0,33,10.0,30.0,24.0,43.0,46.0,14.0,19,25.0,48.0,36.0,18,21.0,42.0,22.0,24.0,12.0,23.0,30,19.0,33,22.0,,15.0,33.0,39.0,33.0,12.0,23.0,,27.0,35.0,10.0,21.0,56.0,12.0,30.0,46.0,29.0,8.0,30.0,24.0,32,24.0,35.0,16,49.0,,19,21.0,24.0,28.0,10,8,23,22.0,21.0,17.0,45.0,11.0,12.0,19.0,14.0,31.0,16,32.0,15,,39,29,3.0,13,,33.0,13.0,55.0,13,18.0,14.0,13.0,12.0,,21.0,23,50.0,29,,40.0,25.0,32,55.0,8,5,11.0,10.0,53.0,27,0.0,,8,33.0,20.0,28.0,42.0,44.0,18.0,37.0,27.0,20,13.0,21.0,22.0,39.0,18.0,10.0,24.0,7.0,33,29.0,18,21.0,32.0,36.0,23.0,14,23,13.0,15.0,34.0,24.0,13.0,24.0,17.0,45.0,,25,22.0,21.0,14,19,36.0,10.0,12,20.0,24.0,6,31.0,12,20,30,19.0,21.0,44.0,27.0,42.0,12.0,18.0,43.0,30.0,18.0,42.0,18.0,20.0,29.0,15.0,,19.0,10.0,32.0,22.0,35.0,24.0,37.0,16.0,23.0,18.0,48.0,22.0,16.0,51.0,0.0,30.0,5.0,19.0,7.0,33.0,27.0,46.0,31.0,28.0,4.0,57.0,26.0,45.0,,6.0,46.0,35.0,37,12.0,48.0,25.0,22,28.0,56.0,29.0,4.0,30.0,31.0,30.0,10.0,18.0,55.0,13.0,38.0,6.0,11.0,,27.0,29.0,24.0,11.0,19.0,28.0,,,46.0,26.0,51.0,,,10,35.0,37.0,33.0,31,20.0,35.0,24.0,31.0,,45.0,0.0,16.0,32.0,58,33.0,29.0,21.0,17.0,12.0,27.0,12,17,15.0,25.0,16.0,17.0,13.0,12.0,32,13,,23.0,18.0,,52.0,57.0,40.0,34.0,,,11.0,18.0,24.0,21.0,50.0,25.0,34,5.0,8.0,13.0,19.0,48.0,1,47.0,31,34.0,37,18.0,19.0,45.0,39.0,27.0,43.0,21.0,32.0,29.0,28.0,24.0,13.0,11,18.0,,53.0,42.0,45.0,28,22.0,,28.0,6.0,28.0,16.0,58.0,37.0,23.0,24,14,21.0,7.0,19.0,23.0,14.0,13.0,,39.0,22,,34.0,30.0,28.0,34.0,18.0,35.0,26.0,5,31.0,46.0,49.0,23,44,,33.0,17.0,27.0,24.0,,,7.0,22.0,19.0,46.0,46.0,22.0,20.0,29.0,14,17.0,35.0,18.0,21.0,43.0,18,29.0,29.0,6,56.0,22.0,,9.0,58.0,13.0,22.0,17.0,28.0,,34.0,11,14.0,,27.0,20.0,28,34.0,,21.0,11.0,28.0,18.0,31.0,12.0,37.0,0.0,20.0,38.0,9.0,19,22,,28.0,10.0,10.0,0.0,27,26,39.0,40.0,35.0,33.0,,18.0,46.0,50.0,18.0,16.0,,,21.0,6.0,45.0,16,20,11.0,7.0,31.0,30.0,50.0,9,15.0,,21.0,30.0,50.0,54.0,41.0,,9.0,12.0,17.0,36.0,42.0,4.0,,16,15.0,37.0,25,30.0,20.0,14.0,45.0,48.0,19.0,21.0,45.0,5.0,,,,28.0,,20.0,37.0,45.0,27.0,15.0,,5.0,56.0,37.0,22.0,27.0,,22.0,50.0,23.0,8.0,30.0,19.0,46.0,51.0,16.0,37.0,26.0,28.0,12.0,9.0,17.0,17.0,29.0,34.0,58.0,23.0,,,20.0,17.0,34.0,19.0,32.0,11.0,18.0,38.0,46.0,,8.0,16.0,17.0,25,41.0,28.0,42.0,31.0,22.0,14.0,16.0,,9.0,12.0,17.0,6.0,48.0,4.0,21.0,32.0,38.0,11.0,5.0,23.0,,40.0,11.0,27.0,14.0,12.0,29.0,25.0,28.0,50.0,39.0,37.0,38.0,7.0,45.0,19.0,41.0,43.0,53.0,36.0,45.0,44.0,,22.0,56.0,,17,,22.0,17.0,22.0,53.0,28.0,43.0,16.0,6.0,17,38.0,35.0,47.0,40.0,27.0,21.0,22.0,28.0,18.0,36.0,9.0,24.0,28.0,,,51.0,12,42.0,21.0,33.0,29.0,22.0,33.0,19.0,26.0,32.0,,35.0,29.0,,,37.0,20.0,49.0,45.0,38.0,29.0,,14.0,37.0,17.0,23,42,13.0,28.0,25.0,9.0,36.0,20.0,,18.0,,51.0,19.0,18.0,16.0,,,,26.0,22.0,24.0,54.0,12.0,33.0,49.0,,38.0,55.0,44.0,21.0,45.0,32.0,43.0,32.0,16.0,9.0,,33.0,43.0,21.0,,32.0,16.0,42.0,,27.0,24.0,6.0,,29.0,26,6.0,17.0,25.0,27.0,4,15.0,20.0,,19.0,36.0,,17.0,34.0,16,,15.0,36.0,,35.0,22.0,52.0,27,8.0,39.0,22.0,31.0,21,,12.0,54.0,36.0,50.0,15.0,,49.0,39.0,24.0,18.0,,16.0,41.0,31.0,10.0,8.0,,0.0,51.0,31.0,,,26.0,14,,,49.0,15.0,33.0,,8.0,35.0,37.0,,16.0,18.0,12.0,28,10.0,32.0,28.0,18.0,19.0,15.0,39.0,32.0,,,38.0,36.0,30.0,9.0,41.0,48.0,33.0,,,55.0,11.0,,43.0,31.0,51.0,,32.0,29.0,,13.0,23.0,21.0,23.0,18.0,5.0,58.0,,13.0,40.0,39.0,13.0,37.0,32.0,,54.0,35.0,28.0,,53.0,18.0,51.0,50.0,47.0,22.0,,,51.0,18.0,21.0,30.0,36.0,45.0,0.0,37.0,23.0,23.0,22.0,23.0,34.0,26,0.0,28.0,55.0,30.0,24.0,,28.0,,18.0,14.0,42.0,22.0,50.0,,23.0,31.0,41.0,,24.0,,20.0,,11.0,21.0,22.0,35.0,33.0,48.0,12.0,21.0,,,56.0,33.0,14.0,52.0,17.0,44.0,15.0,,8.0,40.0,51.0,5.0,24.0,15.0,25.0,,40.0,7.0,51.0,49.0,,34.0,20.0,43.0,30.0,31.0,50.0,37.0,23.0,31.0,,43.0,31.0,23.0,16.0,23.0,21.0,,,,34.0,22.0,27.0,38.0,57.0,36.0,24.0,,31.0,10.0,20.0,19.0,,22.0,23.0,32.0,17.0,23.0,,52.0,24.0,54.0,23.0,16.0,41.0,,29.0,12.0,,49.0,48.0,18.0,24.0,22.0,9.0,20.0,31.0,36.0,7.0,34.0,,2.0,17.0,37.0,52.0,32.0,8.0,16.0,14.0,20.0,29.0,18.0,37.0,,21.0,,9,,18.0,11.0,24.0,39.0,51.0,27.0,,29.0,43.0,24,9.0,14.0,56.0,34.0,32.0,51.0,37.0,34.0,27,,34.0,22.0,46.0,37.0,41.0,40.0,20.0,25.0,,,25.0,48.0,51.0,,15.0,,26.0,,37.0,51.0,18.0,35.0,49.0,36.0,45.0,29.0,33.0,27.0,40.0,48.0,44.0,10.0,,4.0,25.0,,35.0,30.0,,29.0,1.0,44.0,,29.0,,10.0,53.0,31.0,,10.0,13.0,12.0,21.0,44.0,52.0,27.0,38.0,,45.0,29.0,52.0,29.0,47.0,,31.0,13.0,30.0,49.0,18.0,27.0,20.0,16.0,28.0,16.0,46.0,24.0,30.0,12.0,,52.0,,8.0,7.0,,41.0,,,14.0,,3.0,33.0,29.0,12.0,0.0,45.0,27.0,19.0,,28.0,23.0,13.0,31.0,,51.0,,34.0,48.0,41,42.0,40.0,15.0,32.0,33.0,33.0,21.0,15.0,35.0,34.0,40.0,23.0,17.0,,,9.0,13.0,17.0,28.0,38.0,20.0,,27.0,14.0,44.0,50.0,43.0,27.0,25.0,,16.0,14.0,13.0,0.0,45.0,56.0,37.0,35.0,23.0,40.0,28.0,42.0,6.0,50.0,21.0,,36.0,,31.0,,41.0,24.0,19.0,25.0,18.0,35.0,33.0,30.0,21.0,,,40.0,17.0,12.0,,25.0,49.0,18.0,34.0,0.0,23.0,,35.0,38.0,,0.0,46.0,,,29,18.0,,16,43.0,,23.0,38.0,1.0,,39.0,7.0,14.0,51.0,30.0,58.0,33.0,20.0,41.0,32.0,55.0,32.0,,27.0,28.0,,44.0,,36.0,26.0,41.0,30.0,17.0,,16.0,,12.0,30.0,37.0,46.0,20.0,10.0,18.0,19.0,0.0,48.0,,52.0,17.0,20.0,33.0,21.0,26.0,31.0,,,26.0,30.0,0.0,58.0,12.0,33.0,29.0,6.0,24.0,16.0,24.0,49.0,31.0,53.0,15.0,12.0,18.0,24.0,24.0,11.0,,43.0,36.0,43.0,,42.0,15.0,20.0,11.0,10.0,,57.0,22.0,44.0,18.0,,,16.0,39.0,41.0,,28.0,5.0,33.0,32.0,24.0,17.0,,12.0,25.0,15.0,22.0,20.0,11.0,,14.0,13.0,47.0,32.0,,13.0,42.0,13.0,15.0,,58.0,34.0,,39.0,33.0,,,8.0,46.0,50.0,41.0,30.0,42.0,24.0,36.0,,35.0,53.0,,17.0,33.0,23.0,13.0,30.0,23.0,49.0,40.0,18.0,,32.0,6.0,,,,52.0,18.0,22.0,,,33.0,,36.0,,,,,51.0,44.0,48.0,,17.0,38.0,27.0,57.0,26.0,,45.0,57.0,23.0,22.0,16.0,50.0,,19.0,36.0,25.0,58.0,41.0,44.0,31.0,,3.0,47.0,40.0,,30.0,22.0,14.0,19.0,,23.0,38.0,23.0,44.0,40.0,13.0,42.0,,46.0,45.0,22.0,25.0,,27.0,39.0,16.0,30.0,26.0,39.0,35.0,39.0,40.0,20.0,33.0,51.0,26.0,31.0,10.0,51.0,27.0,36.0,33.0,30.0,28.0,53.0,32.0,19.0,19.0,40.0,31.0,17.0,11.0,,51.0,36.0,,17.0,17.0,20.0,,22.0,26.0,6.0,33.0,,16.0,19.0,26.0,57.0,29.0,,,25.0,48.0,12.0,36.0,15.0,13.0,47.0,13.0,49.0,11.0,30.0,,25.0,,49.0,13.0,25.0,26.0,,35.0,36.0,37.0,3.0,26.0,28.0,19.0,,55.0,15.0,15.0,,44.0,20.0,13.0,58.0,19.0,12.0,,24.0,43.0,26.0,48.0,54.0,17.0,,,36.0,43.0,32.0,50.0,31.0,38.0,,17.0,29.0,16.0,12.0,44.0,58.0,25.0,,26.0,44.0,,34.0,11.0,,42.0,17.0,31.0,21.0,23.0,,,38.0,,22.0,27.0,23.0,29.0,9.0,,20.0,6.0,15.0,,16.0,8.0,51.0,20.0,12.0,43.0,52.0,51.0,27.0,,23.0,37.0,,12.0,45.0,,32.0,23.0,35.0,28.0,19.0,48.0,,24.0,9.0,,40.0,,,41.0,,12.0,4.0,,21.0,57.0,33.0,39.0,48.0,28.0,47.0,23.0,35.0,53.0,58.0,7.0,28.0,8.0,17.0,26.0,30.0,,,,46.0,,34.0,15.0,10.0,,,28.0,51.0,,45.0,,28.0,26.0,39.0,48.0,,,12.0,,12.0,15.0,22.0,24.0,58.0,41.0,56.0,20.0,45.0,30.0,,10.0,,52.0,49.0,48.0,,52.0,,22.0,17.0,47.0,21.0,27.0,15.0,48.0,30.0,40.0,46.0,,25.0,33.0,10.0,41.0,,41.0,45.0,8.0,27.0,47.0,,,30.0,36.0,,,28.0,27.0,52.0,,,20.0,31.0,33.0,32.0,,,19.0,40.0,26.0,20.0,10.0,21.0,,,30.0,23.0,38.0,11.0,20.0,58.0,48.0,,6.0,18.0,20.0,,27.0,19.0,,24.0,25.0,,7.0,,,39.0,20.0,,,23.0,39.0,48.0,44.0,24.0,8.0,29.0,27.0,37.0,28.0,,6.0,,,28.0,,54.0,24.0,54.0,31.0,32.0,45.0,,32.0,22.0,,19.0,52.0,,,37.0,48.0,40.0,,40.0,26.0,27.0,21.0,,,14.0,53.0,55.0,8.0,14.0,,37.0,,18.0,,,,37.0,14.0,13.0,11.0,,58.0,38.0,24.0,13.0,31.0,,38.0,21.0,27.0,6.0,28.0,,32.0,8.0,53.0,43.0,,,28.0,42.0,13.0,52.0,20.0,27.0,39.0,32.0,25.0,9.0,58.0,38.0,23.0,25.0,25.0,40.0,18.0,32.0,,28.0,39.0,30.0,58.0,17.0,21.0,10.0,40.0,58.0,25.0,33.0,38.0,18.0,19.0,36.0,2.0,39.0,51.0,21.0,27.0,45.0,12.0,,,10.0,12.0,,38.0,37.0,26.0,10.0,25.0,40.0,19.0,46.0,20.0,40.0,25.0,10.0,,41.0,,28.0,16.0,29.0,,,7.0,22.0,8.0,24.0,33.0,21.0,34.0,,36.0,37.0,52.0,51.0,14.0,15.0,39.0,37.0,,43.0,49.0,33.0,,41.0,,16.0,27.0,,13.0,44.0,48.0,,,33.0,,,15.0,40.0,6.0,,41.0,19.0,45.0,,24.0,53.0,,22.0,42.0,49.0,,44.0,,22.0,49.0,20.0,22.0,29.0,28.0,16.0,,34.0,14.0,48.0,27.0,42.0,7.0,55.0,22.0,46.0,,45.0,49.0,,19.0,37.0,,34.0,21.0,47.0,11.0,9.0,47.0,,34.0,33.0,,9.0,26.0,32.0,40.0,48.0,,25.0,14.0,,11.0,45.0,49.0,25.0,,,22.0,35.0,24.0,,21.0,,13.0,,57.0,23.0,27.0,28.0,,46.0,0.0,32.0,16.0,23.0,19.0,36.0,24.0,15.0,28.0,23.0,32.0,51.0,,45.0,34.0,15.0,,,26.0,47.0,57.0,,13.0,44.0,42.0,53.0,21.0,30.0,,,,,10.0,20.0,56.0,15.0,17.0,31.0,39.0,,,35.0,50.0,43.0,22.0,15.0,,,7.0,21.0,11.0,29.0,,,28.0,,54.0,13.0,31.0,37.0,27.0,55.0,50.0,,21.0,44.0,52.0,17.0,31.0,16.0,8.0,17.0,45.0,36.0,,17.0,43.0,43.0,,26.0,31.0,16.0,55.0,10.0,45.0,6.0,18.0,22.0,16.0,,25.0,11.0,33.0,27.0,,,,35.0,21.0,53.0,11.0,5.0,0.0,18.0,51.0,23.0,,18.0,40.0,,25.0,0.0,,11.0,,24.0,31.0,8.0,46.0,56.0,,43.0,,39.0,34.0,20.0,28.0,,,37.0,31.0,18.0,17.0,25.0,15.0,14.0,31.0,7.0,0.0,39.0,,,,30.0,,30.0,32.0,,19.0,,,,,44.0,28.0,,,14.0,52.0,43.0,37.0,35.0,12.0,32.0,8.0,41.0,35.0,,,25.0,36.0,55.0,33.0,42.0,,43.0,41.0,17.0,33.0,35.0,,24.0,32.0,25.0,,26.0,35.0,,53.0,43.0,46.0,,33.0,11.0,25.0,,7.0,,39.0,33.0,,58.0,25.0,17.0,54.0,44.0,33.0,13.0,56.0,0.0,21.0,,55.0,39.0,45.0,18.0,14.0,,26.0,17.0,20.0,36.0,39.0,50.0,24.0,53.0,,49.0,43.0,15.0,,12.0,,7.0,46.0,47.0,,29.0,22.0,29.0,,20.0,8.0,28.0,,7.0,21.0,10.0,44.0,36.0,17.0,21.0,24.0,11.0,14.0,,45.0,20.0,,50.0,33.0,,31.0,52.0,29.0,,31.0,29.0,,35.0,40.0,,40.0,7.0,7.0,31.0,,,16.0,46.0,57.0,21.0,17.0,57.0,,40.0,34.0,26.0,48.0,41.0,19.0,57.0,39.0,16.0,24.0,0.0,36.0,,21.0,57.0,13.0,21.0,55.0,28.0,15.0,24.0,51.0,48.0,38.0,22.0,,19.0,38.0,26.0,26.0,,,58.0,0.0,28,3,2.4453551912568305,18.077758719268154,-0.3282982218620193
4,1,5,8,4,7,6,7,2,4,8,10,7,3,7,6,9,5,27,12,9,10,8,9,8,17,8,5,7,10,9,6,8,9,8,9,8,5,11,8,13,20.0,13,10,8,3,13,2,11,12,9,10,13,1,10,11,7,8,8,8,5,15,11,10,27.0,13,12,5,14,10,15,14,12,6,8,11,15,16,16,6,15,7,8,13,7,15,12,8,6,21,16,13,15,11,11,13,14,9,15,14,16,2,10,7,12,16,9,7,13,12,4,26.0,11,15,5.0,12,8,2,5,17,13,12,10,13,9,10,12,33.0,19,7,9,9,21.0,10,10,5.0,11,17,2,17,14,11,12,16,14.0,11.0,11,19.0,13,20,14,13,17.0,11,17,7,9,25.0,10,19,15,15,8,14,12,23.0,16,20,9,14,8,19.0,9,22,11,21,18,18.0,14,16.0,15,12,15,15,15,45.0,15.0,25,14,,,13,37,16,27,17,9,9,9.0,17,13,,11,14,16,8,34.0,6,11,17,15,5.0,15,17,8,18,19,23,12,47.0,21.0,18,11,9,48.0,19,19,10,34.0,18,34.0,40.0,16,18,52.0,28,11,17,27.0,18.0,12,11,12,14,21,25.0,15,13,8,16,11,12,24.0,11.0,16,,28.0,54.0,14.0,26,24.0,10,14,24,,17.0,26.0,18.0,54.0,0,18.0,15.0,11.0,11,16,9.0,3,26,13,15.0,9.0,14.0,22,19.0,7,19,0.0,7.0,16,,25.0,11,17,13.0,19,26.0,14.0,10.0,21,7,54.0,16,3,10,25,15,22,10,18,12,18,19,12,14.0,29.0,14,21,8,24.0,15.0,13,24,16,,14,28.0,8,8,14,13,9,23.0,12,38.0,26,13,25.0,8,12,14,13.0,27.0,26,14.0,29.0,29.0,14.0,18.0,16,20.0,25,16,9,17.0,34,32.0,5.0,11,,26.0,,24,31.0,11,4,15,27,7,28,17,14.0,14,16.0,13,24,27,23.0,18,,12,18.0,10,,13,21,24.0,10,25.0,11,37.0,21.0,11,38,12.0,16.0,8.0,8.0,8.0,15,35.0,11.0,31,,11,15,10.0,13.0,16,15.0,32,21.0,53.0,16,21,19,24.0,14,32.0,22.0,16,46.0,15,7.0,14,13,18,12.0,13.0,19,20,25,21.0,12.0,22,0,37.0,9,19.0,10.0,28.0,16.0,,10.0,25.0,0.0,40.0,32.0,14,11,49.0,44.0,7.0,20.0,29.0,,,13.0,6,12,22.0,27.0,14,20.0,43.0,10.0,23.0,25.0,33.0,0,17,,20.0,5.0,19.0,32,31.0,14.0,,37,35,16,27.0,28.0,20.0,36.0,9,22,15.0,5.0,16,16.0,15.0,24,,37.0,31.0,14,10.0,7,9.0,28.0,25.0,15,36.0,23,12.0,15,15,,3.0,16.0,39.0,33,9,18,17.0,4,26.0,22,15,22.0,16,23,26.0,29.0,21,16,15.0,39.0,25.0,46.0,16.0,23.0,20,22.0,12,4,14.0,23.0,43.0,16.0,8.0,15.0,14,50,,19.0,27.0,28.0,,5.0,14,6.0,21,,33.0,9.0,20.0,21,21.0,40,35.0,24.0,29.0,23,22.0,38.0,,25,15,11.0,29.0,31.0,,16.0,21.0,,12.0,34.0,4.0,36.0,21.0,24,20,41.0,12.0,20.0,14,10,15,17,44.0,13.0,9,7,27.0,18.0,18,22.0,18.0,11.0,20,17.0,33.0,,15,20.0,36.0,20.0,11.0,48.0,10.0,6,20.0,21,25.0,26,19,20,30.0,,17.0,33.0,16.0,53.0,,31.0,49.0,17.0,28.0,13,12.0,24.0,32,24.0,,15.0,47.0,22,19.0,21.0,14.0,10,29,20.0,10,18.0,24.0,20.0,14.0,8,30.0,55,26,32.0,4,19.0,12,29.0,,6.0,34,25,43.0,11.0,21,43.0,24,37.0,22,52.0,17.0,10.0,,37.0,21.0,28,27.0,25.0,26.0,32.0,33.0,21.0,27.0,0,16,17.0,22,22,21,31.0,20.0,21.0,56.0,48.0,19.0,16,22.0,12.0,35.0,9,10.0,,26.0,25.0,19.0,22,,21.0,28.0,50.0,0.0,34.0,25.0,14,,28.0,13.0,45.0,49.0,13.0,20.0,7,24.0,9.0,17.0,21.0,14,22,9.0,56.0,22,28.0,,11.0,11,16.0,,35.0,35.0,13,17.0,31.0,17.0,31.0,44.0,21.0,55.0,,10.0,20,8,50.0,27.0,19.0,15.0,25.0,15.0,8.0,29.0,5.0,38.0,12,25,45.0,25,18.0,35.0,23.0,7.0,27,5,23.0,14.0,23.0,24.0,33.0,23.0,46.0,44.0,39.0,26,9.0,14.0,27.0,32.0,23.0,,17,21.0,16.0,20.0,21,,20.0,19.0,20.0,19.0,11.0,20,20.0,33,,7.0,21.0,13.0,,52.0,54.0,30.0,29.0,11.0,,27.0,27.0,,,43.0,,30.0,21.0,26.0,21.0,25,23.0,56.0,22,22.0,20.0,8,50.0,30.0,18.0,19,14,18,25.0,39.0,,23.0,24.0,23.0,5.0,22.0,53.0,22,23.0,49,7.0,15,15,18.0,12,39.0,19.0,24.0,33.0,18,13.0,8.0,37.0,14.0,37.0,16.0,19,16.0,0,30.0,56.0,32.0,12,30.0,25,12,34.0,6.0,25.0,15,18.0,,12,45.0,20.0,15.0,16.0,55.0,34.0,10.0,33.0,33,39.0,15.0,36.0,30.0,36.0,18.0,7.0,,15,20.0,36,9.0,19.0,35.0,,13,3,30.0,11.0,16.0,12.0,19.0,49.0,27.0,41.0,29.0,30,21.0,16.0,33,26,9.0,11.0,32,18.0,43.0,0,20.0,8,10,21,25.0,15.0,31.0,15.0,2.0,,34.0,34.0,13.0,13.0,45.0,44.0,21.0,21.0,18.0,34.0,17.0,40.0,22.0,16.0,35.0,34.0,21.0,26.0,43.0,14.0,48.0,,14.0,33.0,28.0,35.0,18.0,33.0,,32.0,47.0,12.0,30.0,30.0,,,,20.0,5.0,13.0,18.0,42.0,25,49.0,18.0,13.0,16,2.0,15.0,19.0,21.0,19.0,17.0,36.0,3.0,28.0,,26.0,30.0,23.0,42.0,18.0,29.0,36.0,25.0,40.0,13.0,39.0,30.0,51.0,14.0,22.0,23.0,40.0,,22,,33.0,,20,43.0,27.0,25.0,47.0,9.0,18.0,15.0,24.0,28.0,15,28.0,35.0,14.0,14.0,39.0,,18,26,25.0,8.0,18.0,48.0,,21.0,21,20,29.0,45.0,6.0,28.0,,24.0,39.0,19.0,51.0,33.0,50.0,23.0,14.0,30.0,19.0,21.0,22,10.0,10.0,38.0,12.0,25.0,26,25.0,12,30.0,24,16.0,40.0,29.0,,10.0,22.0,15.0,32.0,48.0,,7.0,41.0,48,32.0,53.0,20.0,38.0,42.0,20,9.0,11.0,11.0,,21.0,,,18.0,30.0,2,36,7.0,12.0,15.0,38.0,55.0,7.0,6.0,13.0,19,,,31.0,38.0,30.0,12.0,27.0,16.0,17,26.0,13.0,,54,10,32.0,38.0,47.0,27.0,15.0,14.0,44.0,,15.0,6.0,22.0,22.0,49.0,,33.0,17,20.0,,23.0,29.0,36.0,15,44.0,17.0,21,51.0,27.0,,,51.0,29.0,35.0,35.0,24.0,,6.0,23,17.0,23.0,12.0,,17,17.0,23.0,45.0,29.0,15.0,24.0,8.0,10.0,25.0,26.0,18.0,14.0,16.0,16,19,37.0,27.0,26.0,23.0,25.0,8,22,,38.0,,,28.0,20.0,48.0,18.0,23.0,53.0,,0.0,19.0,31.0,49.0,21,30,17.0,33.0,36.0,46.0,55.0,13,,8.0,,23.0,10.0,9.0,0.0,13.0,38.0,,33.0,45.0,43.0,22.0,28.0,23,20.0,27.0,27,35.0,22.0,48.0,21.0,5.0,43.0,26.0,45.0,8.0,,3.0,,7.0,26.0,38.0,,29.0,19.0,22.0,26.0,3.0,49.0,34.0,18.0,44.0,38.0,19.0,17.0,17.0,,5.0,,18.0,42.0,22.0,25.0,6.0,0.0,,53.0,16.0,20.0,26.0,37.0,,21.0,31.0,31.0,17.0,31.0,6.0,15.0,50.0,,10.0,38.0,,29.0,25.0,,17.0,26,35.0,15.0,54.0,13.0,10.0,,43.0,46.0,17.0,41.0,29.0,0.0,33.0,33.0,42.0,16.0,36.0,17.0,32.0,17.0,32.0,,13.0,23.0,11.0,13.0,19.0,51.0,24.0,6.0,37.0,,33.0,22.0,37.0,3.0,,17.0,37.0,26.0,,26.0,40.0,21.0,21.0,20.0,24,,45.0,26.0,30.0,41.0,20.0,37.0,12.0,11.0,23,23.0,23.0,,19.0,,25.0,11.0,18.0,26.0,22.0,14.0,,30.0,6.0,32.0,31.0,27,26.0,29.0,54.0,15.0,39.0,3.0,45.0,18.0,33.0,31.0,32.0,13.0,,19.0,14.0,2.0,33.0,49.0,32.0,,16.0,,19.0,16.0,23,10,26.0,,14.0,21.0,10.0,12.0,26.0,16.0,,18.0,47.0,25.0,19.0,33.0,11.0,41.0,36.0,22.0,25.0,30.0,8.0,16.0,26.0,,42.0,23.0,,13.0,11.0,6.0,21.0,25.0,,,,19.0,5.0,37.0,25.0,20.0,34.0,50.0,29.0,,28.0,28.0,55.0,16.0,11,8.0,15.0,39.0,52.0,31,15.0,18.0,21.0,40.0,16.0,,51.0,,27,,25.0,22.0,,,0.0,,27,33.0,31.0,13.0,23.0,16,51.0,13.0,49.0,22.0,31.0,6.0,36.0,43.0,5.0,13.0,19.0,41.0,15.0,21.0,8.0,25.0,50.0,27.0,26.0,,42.0,,26.0,29.0,33,31.0,24.0,51.0,23.0,14.0,36.0,,16.0,,41.0,33.0,30.0,9.0,37,35.0,33.0,27.0,,,,,41.0,,8.0,20.0,26.0,35.0,47.0,46.0,33.0,23.0,,38.0,38.0,32.0,40.0,47.0,39.0,50.0,12.0,19.0,46.0,21.0,20.0,32.0,15.0,27.0,24.0,41.0,16.0,,,16.0,22.0,33.0,28.0,,30.0,51.0,0.0,44.0,,,20.0,31.0,20.0,2.0,15.0,52.0,5.0,19.0,47.0,42.0,21.0,19.0,38.0,12.0,27.0,44.0,21.0,8.0,17.0,19.0,27,28.0,,19.0,16.0,17.0,46.0,24.0,24.0,18.0,20.0,28.0,17.0,,13.0,,13.0,15.0,52.0,14.0,,23.0,,27.0,16.0,37.0,12.0,25.0,18.0,54.0,46.0,33.0,23.0,,5.0,20.0,21.0,30.0,38.0,32.0,,24.0,23.0,,51.0,40.0,26.0,29.0,18.0,30.0,33.0,51.0,32.0,,32.0,19.0,25.0,52.0,17.0,36.0,15.0,,33.0,,26.0,20.0,24.0,5.0,9.0,11.0,19.0,15.0,24.0,9.0,9.0,36.0,31.0,43.0,,43.0,10.0,15.0,17.0,47.0,30.0,13.0,28.0,,,32.0,21.0,9.0,22.0,19.0,,28.0,,33.0,28.0,26.0,42.0,16.0,19.0,16.0,28.0,21.0,19.0,23.0,41.0,0.0,15.0,6.0,43.0,52.0,45.0,30.0,36.0,33.0,24.0,20.0,19.0,30.0,10.0,26.0,42.0,53.0,29.0,27.0,56.0,17,26.0,0.0,35.0,10.0,34.0,20.0,26.0,28.0,17.0,,13,25.0,22.0,34.0,28.0,46.0,,22.0,17.0,12,52.0,52.0,25.0,12.0,24.0,,30.0,,23.0,22.0,,0.0,8.0,,,,0.0,12.0,40.0,,55.0,15.0,51.0,13.0,54.0,19.0,51.0,56.0,4.0,,5.0,36.0,43.0,,,11.0,,26.0,45.0,54.0,36.0,,,13.0,13.0,,,38.0,,20.0,26.0,54.0,42.0,,,32.0,38.0,,17.0,,28.0,22.0,13.0,,54.0,53.0,,33.0,22.0,28.0,19.0,17.0,25.0,53.0,,,24.0,25.0,45.0,31.0,0.0,46.0,20.0,11.0,45.0,17.0,35.0,,47.0,15.0,17.0,12.0,21.0,26.0,20.0,37.0,36.0,5.0,17.0,,7.0,14.0,52.0,,,,29.0,7.0,14,,13.0,29.0,35.0,19.0,39.0,21.0,50.0,4.0,,20.0,39.0,,24.0,25.0,52.0,,46.0,22.0,31.0,31.0,,54.0,52.0,28.0,20.0,33.0,19.0,48.0,38.0,53.0,24.0,28.0,46.0,20.0,54.0,,34.0,11.0,35.0,49.0,18.0,,18.0,5.0,6.0,28.0,33.0,28.0,,,28.0,22.0,2.0,11.0,25.0,22.0,25.0,34.0,,33.0,27.0,19.0,,35.0,19.0,,52.0,,43.0,31.0,36.0,24.0,20.0,21.0,23.0,,23.0,,18,38.0,10.0,14,15.0,22.0,13.0,,32.0,8.0,29.0,,10.0,54.0,,13.0,23.0,14.0,34.0,38.0,30.0,,28.0,37.0,34.0,50.0,42.0,33.0,25.0,36.0,41.0,,,,22.0,15.0,3.0,32.0,,24.0,,,,,15.0,11.0,22.0,32.0,36.0,47.0,44.0,28.0,9.0,52.0,30.0,33.0,,,26.0,,20.0,37.0,38.0,,16.0,14.0,29.0,42.0,44.0,21.0,18.0,25.0,,13.0,46.0,55.0,,33.0,14.0,35.0,13.0,7.0,56.0,38.0,19.0,34.0,17.0,17.0,7.0,24.0,39.0,,26.0,,42.0,44.0,28.0,28.0,7.0,38.0,32.0,,,32.0,14.0,27.0,28.0,7.0,,11.0,26.0,11.0,11.0,,,17.0,13.0,2.0,,19.0,,34.0,43.0,12.0,,16.0,27.0,36.0,31.0,30.0,12.0,18.0,19.0,43.0,41.0,23.0,42.0,33.0,52.0,,39.0,34.0,35.0,10.0,55.0,,31.0,6.0,,21.0,39.0,4.0,,45.0,16.0,56.0,22.0,34.0,34.0,,28.0,48.0,,20.0,49.0,21.0,49.0,15.0,,42.0,,33.0,27.0,16.0,34.0,37.0,,25.0,,36.0,33.0,36.0,19.0,44.0,13.0,34.0,20.0,36.0,,36.0,31.0,24.0,,17.0,12.0,14.0,20.0,,39.0,,16.0,49.0,39.0,24.0,18.0,44.0,37.0,38.0,36.0,38.0,18.0,,30.0,27.0,34.0,48.0,30.0,27.0,12.0,51.0,,26.0,40.0,45.0,,50.0,18.0,25.0,16.0,38.0,22.0,28.0,10.0,41.0,22.0,36.0,27.0,26.0,10.0,6.0,53.0,17.0,22.0,50.0,24.0,33.0,20.0,50.0,45.0,51.0,39.0,20.0,22.0,8.0,30.0,,8.0,16.0,50.0,,20.0,36.0,48.0,46.0,16.0,29.0,38.0,14.0,,9.0,46.0,,,27.0,,29.0,,36.0,,33.0,25.0,,31.0,52.0,36.0,,,37.0,36.0,9.0,50.0,23.0,30.0,22.0,,35.0,34.0,19.0,15.0,45.0,14.0,18.0,,21.0,44.0,,,29.0,40.0,32.0,,11.0,,,26.0,,22.0,46.0,26.0,16.0,,,25.0,,,9.0,27.0,,9.0,55.0,22.0,54.0,41.0,48.0,48.0,,37.0,32.0,43.0,0.0,29.0,16.0,,,24.0,21.0,,16.0,14.0,37.0,21.0,40.0,23.0,35.0,26.0,19.0,8.0,,40.0,,13.0,,,38.0,,10.0,12.0,26.0,46.0,30.0,23.0,,48.0,30.0,,36.0,,,22.0,25.0,,9.0,13.0,26.0,42.0,,26.0,23.0,38.0,,55.0,23.0,32.0,27.0,27.0,,38.0,39.0,,,34.0,50.0,0.0,13.0,16.0,29.0,4.0,46.0,12.0,43.0,26.0,,35.0,,,,,42.0,,,50.0,28.0,26.0,13.0,23.0,22.0,20.0,13.0,35.0,,26.0,47.0,,,26.0,,,15.0,21.0,28.0,33.0,42.0,26.0,,,56.0,37.0,50.0,24.0,2.0,,48.0,40.0,38.0,18.0,14.0,,24.0,39.0,32.0,35.0,41.0,32.0,,43.0,43.0,40.0,24.0,32.0,,15.0,,,,,,28.0,28.0,13.0,25.0,34.0,,22.0,10.0,12.0,3.0,44.0,,23.0,,25.0,,36.0,46.0,29.0,,22.0,22.0,,15.0,,16.0,49.0,22.0,,33.0,36.0,14.0,18.0,,21.0,35.0,38.0,17.0,56.0,37.0,7.0,26.0,,26.0,31.0,,0.0,31.0,17.0,28.0,25.0,50.0,,17.0,44.0,,22.0,14.0,46.0,,,35.0,24.0,36.0,36.0,17.0,18.0,21.0,41.0,12.0,19.0,29.0,,45.0,12.0,34.0,23.0,18.0,,30.0,12.0,,,24.0,23.0,43.0,34.0,,33.0,36.0,50.0,7.0,51.0,23.0,,46.0,42.0,49.0,20.0,,37.0,30.0,12.0,2.0,26.0,,14.0,,32.0,46.0,,13.0,54.0,30.0,4.0,16.0,,15.0,34.0,,21.0,24.0,45.0,17.0,16.0,26.0,,17.0,31.0,,26.0,48.0,14.0,33.0,49.0,42.0,45.0,15.0,,56.0,,23.0,40.0,24.0,0.0,,27.0,37.0,8.0,18.0,,23.0,45.0,25.0,,44.0,35.0,55.0,23.0,12.0,6.0,19.0,,33.0,27.0,48.0,46.0,41.0,56.0,25.0,,55.0,31.0,0.0,33.0,20.0,37.0,47.0,,34.0,16.0,17.0,34.0,9.0,,10.0,,54.0,,32.0,,0.0,50.0,30.0,25.0,50.0,30.0,26.0,24.0,21.0,13.0,29.0,,25.0,47.0,,,7.0,53.0,39.0,,,,23.0,18.0,,27.0,24.0,28.0,10.0,53.0,,14.0,30.0,34.0,41.0,,36.0,,,13.0,21.0,,18.0,22.0,29.0,28.0,,29.0,,,20.0,37.0,35.0,,18.0,3.0,23.0,14.0,14.0,49.0,49.0,18.0,32.0,26.0,33.0,29.0,53.0,22.0,17.0,,46.0,,23.0,49.0,,14.0,33.0,44.0,40.0,0.0,30.0,14.0,32.0,23.0,42.0,,18.0,,,17.0,30.0,,45.0,23.0,39.0,46.0,13.0,42.0,50.0,20.0,,44.0,21.0,28.0,39.0,30.0,29.0,,52.0,35.0,10.0,24.0,27.0,,,25.0,25.0,,17.0,11.0,16.0,15.0,,,2.0,29.0,18.0,12.0,20.0,50.0,15.0,32.0,,23.0,,52.0,34.0,,,26.0,33.0,16.0,42.0,25.0,,14.0,39.0,21.0,18.0,48.0,,18.0,47.0,,14.0,56.0,24.0,30.0,56.0,,35.0,21.0,,19.0,48.0,34.0,50.0,14.0,5.0,30.0,,11.0,10.0,,,37.0,15.0,,18.0,25.0,,40.0,,15.0,31.0,20.0,27.0,,25.0,,37.0,,53.0,,,9.0,18.0,48.0,11.0,42.0,,23.0,11.0,16.0,24.0,32.0,18.0,22.0,23.0,34.0,47.0,25.0,,39.0,9.0,35.0,28.0,,15.0,53.0,,26.0,15.0,39.0,12.0,23.0,,53.0,23.0,,41.0,28.0,,,27.0,,30.0,51.0,34.0,26.0,0.0,55.0,37.0,33.0,40.0,,30.0,39.0,2.0,27.0,29.0,12.0,30.0,21.0,18.0,41.0,,37.0,12.0,49.0,23.0,,48.0,25.0,19.0,31.0,,,45.0,,38.0,33.0,30.0,11.0,23.0,29.0,31.0,13.0,19.0,44.0,17.0,9.0,30.0,,0.0,14.0,35.0,33.0,,55.0,17.0,,26.0,,41.0,31.0,37.0,41.0,20.0,17.0,23.0,14.0,,20.0,48.0,,38.0,22.0,24.0,29.0,31.0,39.0,22.0,35.0,,22.0,26.0,,,30.0,15.0,,56.0,43.0,,50.0,16.0,35.0,29.0,23.0,28.0,,23.0,24.0,4.0,50.0,35.0,14.0,0.0,32.0,,35.0,,20.0,,,,41.0,,20.0,,29.0,50.0,15.0,34.0,39.0,,14.0,,39.0,37.0,18.0,13.0,42.0,54.0,47.0,36.0,,24.0,24.0,37.0,55.0,22.0,16.0,7.0,,18.0,24.0,26.0,39.0,56.0,,9.0,23.0,49.0,25.0,29.0,14.0,,35.0,,16.0,,14.0,48.0,39.0,13.0,6.0,53.0,,,15.0,21.0,14.0,27.0,,52.0,,,34.0,14.0,,38.0,,39.0,34.0,18.0,48.0,39.0,,29,3,2.4487004103967167,17.334578901983328,-0.3596335773654097
11,10,9,11,10,11,12,12,12,10,12,13,16,12,11,17,14,12,20,53,9,14,13,14,15,24,18,12,16,17,16,11,19,20,25,15,22,17,17,17,24,31.0,18,24,1,17,27,18,19,36,21,21,18,16,28,13,26,16,17,17,19,18,15,24,17.0,19,22,14,19,20,14,19,20,8,16,16,20,25,18,17,20,4,14,19,20,16,18,23,26,18,14,20,20,15,29,19,23,16,17,13,19,35,14,15,21,21,21,18,17,20,32,13.0,22,27,15.0,22,22,17,24,50,19,25,16,20,13,18,15,26.0,14,10,16,29,6.0,21,17,23.0,21,40,11,23,14,13,11,26,45.0,13.0,16,21.0,23,19,26,14,34.0,18,28,30,23,26.0,16,25,21,20,23,39,26,18.0,20,21,27,21,27,37.0,16,52,17,18,31,18.0,25,18.0,23,23,15,18,20,24.0,17.0,17,23,61.0,34.0,24,14,21,24,51,20,20,27.0,15,40,,16,16,33,36,42.0,30,25,25,18,66.0,25,26,22,26,33,30,16,21.0,13.0,25,25,22,24.0,23,21,10,56.0,20,27.0,30.0,15,20,42.0,19,18,2,11.0,29.0,16,23,27,24,20,30.0,15,25,24,17,18,33,28.0,54.0,14,39.0,21.0,32.0,24.0,32,28.0,32,18,32,26.0,52.0,22.0,39.0,55.0,26,47.0,28.0,40.0,12,24,22.0,17,27,15,25.0,18.0,17.0,20,26.0,35,27,20.0,20.0,13,41.0,19.0,20,33,33.0,14,17.0,42.0,0.0,21,21,22.0,24,26,22,29,28,23,23,26,13,40,16,26,19.0,24.0,23,22,26,30.0,24.0,19,39,19,60.0,18,37.0,29,15,22,12,14,0.0,23,22.0,17,33,37.0,17,18,28,25.0,12.0,14,38.0,47.0,29.0,33.0,28.0,17,24.0,13,38,23,23.0,22,21.0,17.0,27,29.0,28.0,,31,20.0,27,35,29,17,17,19,21,21.0,20,21.0,25,11,25,49.0,20,,42,25.0,14,65.0,31,25,14.0,28,30.0,42,37.0,25.0,24,27,61.0,27.0,28.0,29.0,39.0,29,25.0,49.0,34,66.0,18,20,33.0,25.0,21,30.0,26,23.0,34.0,24,28,22,,46,56.0,,20,44.0,14,22.0,17,22,24,19.0,21.0,33,15,34,31.0,40.0,20,23,25.0,26,35.0,11.0,34.0,24.0,21.0,,14.0,12.0,40.0,27.0,16,35,36.0,22.0,34.0,31.0,42.0,19.0,56.0,,24,24,45.0,20.0,34,35.0,20.0,65.0,49.0,,28.0,33,27,,58.0,31.0,33.0,26,29.0,30.0,24.0,26,23,34,37.0,,49.0,49.0,26,21,14.0,51.0,19,61.0,23.0,16,24.0,35.0,27.0,66,24.0,44,20.0,28.0,35.0,13,37.0,27,24.0,27,21,17.0,27.0,50.0,30.0,27,25,25,19.0,20,28.0,35,28,39.0,31,23,32.0,28.0,20,16,52.0,22.0,40.0,37.0,50.0,29.0,25,22.0,21,17,30.0,16.0,43.0,56.0,17.0,38.0,25,37,25.0,,37.0,54.0,62.0,33.0,37,14.0,20,22.0,31.0,23.0,19.0,34,58.0,37,44.0,23.0,46.0,25,21.0,,33.0,35,39,52.0,29.0,25.0,32.0,0.0,27.0,28.0,37.0,47.0,34.0,,27.0,41,23,,,35.0,30,41,14,31,36.0,31.0,30,26,20.0,21.0,21,34.0,17.0,34.0,17,42.0,29.0,58.0,28,29.0,62.0,24.0,48.0,29.0,20.0,30,49.0,17,28.0,18,36,43,14.0,55.0,24.0,31.0,29.0,35.0,30.0,35.0,42.0,39.0,37.0,22,60.0,,37,36.0,26.0,53.0,60.0,16,26.0,,6.0,37,56,,13,21.0,22.0,54.0,17.0,37,15.0,21,0,50.0,16,,16,39.0,,36.0,23,23,13.0,38.0,32,,14,36.0,26,,30.0,28.0,28.0,22.0,25.0,32,54.0,55.0,47.0,51.0,18.0,60.0,22.0,21,29,38.0,17,28,20,31.0,28.0,28.0,26.0,58.0,63.0,20,53.0,36.0,40.0,34,13.0,39.0,27.0,37.0,48.0,26,21.0,31.0,19.0,,31.0,15.0,52.0,38,,,52.0,26.0,49.0,36.0,3.0,28,37.0,41.0,27.0,35.0,23,0,21.0,38.0,41,40.0,,33.0,26,15.0,25.0,36.0,13.0,24,34.0,48.0,24.0,37.0,51.0,42.0,57.0,,29.0,32,47,31.0,41.0,38.0,22.0,46.0,22.0,2.0,53.0,19.0,34.0,32,21,14.0,33,34.0,,52.0,62.0,17,14,44.0,29.0,25.0,32.0,,26.0,,29.0,33.0,20,15.0,54.0,43.0,30.0,64.0,17.0,37,33.0,19.0,24.0,36,34.0,22.0,36.0,27.0,30.0,26.0,33,37.0,29,30.0,30.0,16.0,37.0,66.0,28.0,19.0,36.0,36.0,54.0,,39.0,62.0,13.0,,37.0,29.0,56.0,30.0,,,36,42.0,41.0,20,0.0,53.0,27,28.0,23.0,34.0,16,34,25,0.0,38.0,53.0,10.0,,37.0,29.0,46.0,54.0,22,43.0,23,46.0,26,32,0.0,30,24.0,40.0,30.0,,37,26.0,21.0,53.0,18.0,39.0,41.0,31,0.0,30,,,26.0,39,34.0,15,17,24.0,43.0,36.0,17,,42.0,31,26.0,13.0,46.0,40.0,18.0,34.0,21.0,20.0,36,21.0,40.0,40.0,44.0,66.0,51.0,,,28,0.0,30,56.0,28.0,37.0,41.0,21,9,21.0,21.0,31.0,31.0,31.0,36.0,36.0,17.0,,18,35.0,47.0,43,35,40.0,26.0,27,0.0,54.0,40,21.0,12,26,24,21.0,46.0,29.0,42.0,29.0,24.0,35.0,43.0,23.0,,32.0,8.0,42.0,19.0,46.0,38.0,52.0,33.0,34.0,53.0,27.0,24.0,32.0,57.0,28.0,,,,17.0,28.0,34.0,27.0,23.0,39.0,30.0,,12.0,66.0,62.0,,24.0,34.0,17.0,47.0,19.0,38.0,33.0,51.0,16,19.0,36.0,27.0,19,40.0,14.0,16.0,31.0,34.0,32.0,64.0,20.0,41.0,20.0,31.0,39.0,46.0,26.0,23.0,51.0,28.0,41.0,41.0,,33.0,42.0,30.0,21.0,20.0,16.0,,66.0,11,57.0,34.0,64.0,15,40.0,53.0,58.0,22.0,,,51.0,,29.0,24,27.0,,43.0,15.0,,65.0,24,31,,43.0,25.0,,12.0,18.0,28,19,46.0,50.0,32.0,36.0,35.0,27.0,20.0,23.0,34.0,33.0,11.0,62.0,34.0,26.0,40.0,22.0,19,16.0,,51.0,42.0,15.0,33,10.0,49,65.0,25,24.0,40.0,42.0,63.0,17.0,31.0,29.0,26.0,41.0,34.0,40.0,56.0,33,19.0,27.0,51.0,35.0,23.0,30,28.0,18.0,38.0,45.0,40.0,,32.0,66.0,45.0,15,32,,26.0,,28.0,,17.0,22.0,40.0,25,,,59.0,50.0,58.0,46.0,30.0,42.0,16,47.0,48.0,33.0,24,20,0.0,38.0,29.0,41.0,3.0,17.0,19.0,,51.0,53.0,32.0,30.0,18.0,,23.0,35,26.0,52.0,19.0,26.0,23.0,18,26.0,38.0,16,22.0,34.0,,24.0,42.0,33.0,21.0,33.0,19.0,42.0,,33,21.0,37.0,19.0,18.0,32,50.0,43.0,22.0,22.0,29.0,,22.0,31.0,51.0,58.0,32.0,28.0,17.0,34,21,,34.0,25.0,48.0,34.0,30,60,57.0,21.0,,28.0,39.0,27.0,53.0,27.0,24.0,28.0,45.0,60.0,,0.0,64.0,23,37,23.0,47.0,33.0,49.0,,19,,55.0,51.0,27.0,18.0,35.0,24.0,,14.0,11.0,,20.0,36.0,27.0,50.0,23,18.0,,20,41.0,19.0,35.0,,52.0,,47.0,25.0,33.0,,21.0,54.0,41.0,61.0,34.0,53.0,32.0,27.0,26.0,57.0,,40.0,35.0,42.0,27.0,35.0,52.0,29.0,29.0,30.0,13.0,60.0,9.0,66.0,37.0,20.0,,,22.0,25.0,47.0,45.0,24.0,,,25.0,24.0,,57.0,55.0,33.0,,50.0,0.0,35.0,49.0,,34.0,32.0,20.0,,55,25.0,41.0,,,30.0,20.0,41.0,29.0,42.0,48.0,18.0,35.0,59.0,26.0,36.0,28.0,,19.0,45.0,17.0,46.0,23.0,,18.0,49.0,45.0,40.0,41.0,55.0,21.0,34.0,52.0,15.0,,,55.0,20.0,,56.0,48.0,39.0,30.0,34.0,40.0,26.0,25.0,22,,64.0,63.0,36.0,57.0,,31.0,37.0,61.0,23,48.0,55.0,54.0,,59.0,34.0,25.0,28.0,19.0,22.0,23.0,49.0,31.0,49.0,45.0,36.0,33,38.0,24.0,35.0,44.0,19.0,,31.0,13.0,51.0,40.0,34.0,,37.0,25.0,40.0,24.0,0.0,22.0,20.0,54.0,43.0,,36.0,22.0,27,17,30.0,53.0,56.0,24.0,42.0,23.0,17.0,28.0,31.0,25.0,,50.0,44.0,40.0,43.0,41.0,41.0,46.0,62.0,27.0,41.0,24.0,52.0,20.0,52.0,33.0,41.0,29.0,11.0,21.0,28.0,36.0,35.0,17.0,,54.0,36.0,39.0,39.0,19.0,,55.0,53.0,30.0,32.0,19.0,22.0,59.0,16,56.0,25.0,30.0,58.0,46,23.0,45.0,59.0,46.0,18.0,39.0,52.0,66.0,37,30.0,30.0,17.0,39.0,52.0,34.0,36.0,25,33.0,18.0,27.0,22.0,29,15.0,22.0,,,44.0,21.0,,44.0,31.0,50.0,42.0,44.0,32.0,28.0,,29.0,15.0,33.0,15.0,26.0,27.0,60.0,26.0,23.0,35,,51.0,18.0,28.0,40.0,30.0,11.0,40.0,0.0,23.0,54.0,39.0,36.0,35,21.0,49.0,27.0,,31.0,52.0,,,27.0,30.0,34.0,,15.0,,65.0,29.0,33.0,57.0,58.0,47.0,28.0,28.0,47.0,36.0,15.0,35.0,34.0,,52.0,32.0,34.0,18.0,45.0,26.0,41.0,,,,32.0,49.0,39.0,57.0,26.0,,0.0,24.0,22.0,,29.0,22.0,42.0,23.0,41.0,,58.0,,40.0,,17.0,34.0,14.0,49.0,20.0,50.0,22.0,48.0,27.0,,54.0,19,,,36.0,28.0,33.0,35.0,31.0,30.0,48.0,52.0,52.0,49.0,60.0,19.0,51.0,31.0,44.0,19.0,52.0,27.0,43.0,33.0,23.0,47.0,24.0,20.0,25.0,46.0,40.0,18.0,51.0,49.0,45.0,52.0,43.0,27.0,,,26.0,56.0,35.0,34.0,,,41.0,13.0,27.0,39.0,35.0,32.0,57.0,,13.0,47.0,20.0,33.0,57.0,66.0,,,43.0,,57.0,34.0,35.0,34.0,44.0,54.0,45.0,,44.0,64.0,,33.0,18.0,28.0,41.0,,50.0,,30.0,,48.0,23.0,24.0,25.0,,47.0,44.0,,27.0,47.0,16.0,37.0,36.0,17.0,,23.0,30.0,26.0,25.0,56.0,,44.0,34.0,24.0,59.0,40.0,,57.0,,,57.0,52.0,23.0,24.0,60.0,38.0,34.0,52.0,26.0,64.0,32.0,33.0,44.0,,39.0,24.0,28,,31.0,16.0,,34.0,38.0,,48.0,44.0,,34,44.0,38.0,20.0,39.0,35.0,,19.0,53.0,36,,45.0,36.0,27.0,31.0,38.0,40.0,45.0,59.0,39.0,,22.0,33.0,41.0,,19.0,42.0,25.0,23.0,40.0,54.0,30.0,40.0,,22.0,31.0,32.0,57.0,50.0,32.0,23.0,33.0,35.0,39.0,,,61.0,27.0,63.0,54.0,34.0,29.0,8.0,42.0,56.0,,11.0,,15.0,24.0,27.0,30.0,,12.0,47.0,21.0,42.0,29.0,16.0,,57.0,60.0,45.0,30.0,63.0,39.0,35.0,26.0,41.0,20.0,44.0,29.0,45.0,51.0,51.0,36.0,32.0,29.0,24.0,13.0,17.0,33.0,,25.0,55.0,36.0,11.0,49.0,63.0,,14.0,,22.0,33.0,21.0,24.0,5.0,40.0,40.0,33.0,24.0,27.0,42.0,,63.0,55.0,26.0,26.0,29,,,28.0,50.0,26.0,32.0,51.0,23.0,20.0,,,59.0,33.0,52.0,15.0,17.0,35.0,26.0,,34.0,40.0,17.0,61.0,34.0,29.0,,54.0,33.0,35.0,31.0,,39.0,43.0,,60.0,25.0,13.0,20.0,,47.0,42.0,18.0,34.0,18.0,55.0,28.0,24.0,25.0,,52.0,,16.0,48.0,,19.0,23.0,51.0,,40.0,,29.0,26.0,32.0,39.0,,50.0,34.0,,53.0,16.0,25.0,,13.0,65.0,47.0,65.0,,61.0,27.0,45,63.0,22.0,19,31.0,28.0,,54.0,52.0,15.0,34.0,14.0,20.0,20.0,66.0,36.0,,57.0,29.0,,,63.0,59.0,44.0,38.0,,23.0,45.0,,62.0,37.0,42.0,46.0,,0.0,62.0,,65.0,36.0,,36.0,38.0,45.0,,26.0,49.0,,41.0,55.0,51.0,30.0,43.0,,29.0,,12.0,54.0,64.0,25.0,16.0,,43.0,51.0,,37.0,41.0,49.0,18.0,36.0,38.0,45.0,,44.0,14.0,28.0,65.0,51.0,55.0,42.0,65.0,27.0,0.0,23.0,,43.0,14.0,25.0,,44.0,27.0,,54.0,61.0,47.0,,49.0,,55.0,41.0,45.0,,30.0,,25.0,28.0,29.0,,36.0,,18.0,53.0,23.0,65.0,4.0,,37.0,20.0,16.0,28.0,,,,60.0,,24.0,33.0,,51.0,22.0,61.0,63.0,,46.0,34.0,39.0,27.0,41.0,45.0,13.0,,,23.0,23.0,43.0,38.0,44.0,,0.0,43.0,29.0,19.0,,55.0,66.0,33.0,32.0,28.0,35.0,20.0,33.0,51.0,,46.0,61.0,,,48.0,24.0,,43.0,50.0,36.0,47.0,8.0,,52.0,56.0,20.0,43.0,43.0,44.0,15.0,24.0,32.0,,50.0,46.0,24.0,39.0,46.0,,7.0,28.0,12.0,39.0,37.0,26.0,,,48.0,65.0,38.0,48.0,20.0,43.0,47.0,4.0,40.0,,64.0,,36.0,51.0,,33.0,59.0,25.0,39.0,42.0,30.0,60.0,31.0,,60.0,,,49.0,46.0,24.0,61.0,42.0,37.0,46.0,,44.0,40.0,56.0,20.0,28.0,16.0,50.0,27.0,0.0,32.0,33.0,38.0,59.0,54.0,56.0,61.0,,30.0,42.0,26.0,17.0,,44.0,51.0,32.0,42.0,43.0,64.0,20.0,25.0,34.0,4.0,26.0,57.0,37.0,33.0,60.0,26.0,20.0,53.0,,,40.0,41.0,,59.0,,58.0,39.0,54.0,,38.0,36.0,,43.0,27.0,28.0,0.0,22.0,62.0,23.0,58.0,,42.0,28.0,35.0,34.0,30.0,31.0,,41.0,24.0,50.0,23.0,,36.0,,32.0,27.0,31.0,46.0,52.0,20.0,,32.0,51.0,,26.0,54.0,62.0,44.0,55.0,64.0,29.0,42.0,27.0,38.0,52.0,66.0,,66.0,37.0,45.0,,60.0,0.0,,,46.0,45.0,33.0,45.0,45.0,27.0,,45.0,28.0,51.0,19.0,25.0,54.0,53.0,,40.0,,39.0,50.0,,47.0,33.0,17.0,55.0,,49.0,,58.0,38.0,46.0,57.0,41.0,19.0,42.0,,,,58.0,19.0,30.0,39.0,,,30.0,36.0,18.0,,49.0,,34.0,62.0,46.0,36.0,63.0,12.0,49.0,55.0,58.0,37.0,60.0,23.0,46.0,30.0,41.0,54.0,25.0,17.0,39.0,37.0,21.0,55.0,33.0,,56.0,48.0,55.0,40.0,36.0,42.0,,50.0,47.0,29.0,26.0,,32.0,18.0,35.0,44.0,59.0,,,0.0,38.0,,,40.0,,32.0,19.0,59.0,,36.0,48.0,33.0,,,,42.0,37.0,,38.0,59.0,27.0,62.0,20.0,35.0,33.0,55.0,54.0,34.0,54.0,,42.0,,44.0,63.0,,54.0,,47.0,27.0,24.0,18.0,60.0,35.0,16.0,59.0,21.0,31.0,,,48.0,34.0,50.0,18.0,,38.0,58.0,,28.0,,40.0,,54.0,,33.0,29.0,45.0,33.0,48.0,23.0,40.0,,45.0,33.0,36.0,46.0,53.0,,16.0,43.0,,,13.0,,17.0,55.0,50.0,52.0,,14.0,,45.0,22.0,,22.0,36.0,31.0,,,42.0,50.0,,24.0,,,22.0,39.0,32.0,37.0,23.0,39.0,40.0,14.0,51.0,61.0,49.0,19.0,63.0,58.0,62.0,0.0,48.0,65.0,36.0,39.0,53.0,45.0,64.0,45.0,65.0,56.0,27.0,28.0,17.0,40.0,23.0,32.0,50.0,35.0,54.0,54.0,,33.0,,,23.0,53.0,4.0,52.0,,19.0,,41.0,,53.0,51.0,,58.0,27.0,39.0,66.0,33.0,30.0,57.0,45.0,40.0,55.0,50.0,53.0,27.0,20.0,37.0,48.0,40.0,,49.0,29.0,47.0,41.0,29.0,31.0,,35.0,36.0,47.0,,34.0,57.0,54.0,54.0,26.0,24.0,56.0,40.0,43.0,,,,36.0,41.0,19.0,,41.0,48.0,7.0,49.0,,53.0,,57.0,,29.0,49.0,62.0,49.0,,52.0,19.0,46.0,38.0,23.0,19.0,57.0,46.0,31.0,,,21.0,30.0,,38.0,66.0,30.0,21.0,43.0,54.0,61.0,54.0,5.0,59.0,48.0,41.0,20.0,56.0,25.0,,25.0,37.0,19.0,42.0,15.0,,26.0,58.0,,,25.0,43.0,46.0,,42.0,60.0,,,30.0,26.0,59.0,,28.0,30.0,,56.0,35.0,58.0,60.0,25.0,26.0,17.0,45.0,34.0,,,47.0,,17.0,24.0,,,50.0,32.0,21.0,15.0,30.0,16.0,,40.0,66.0,41.0,,,26.0,,22.0,43.0,33.0,51.0,29.0,,43.0,20.0,18.0,,15.0,14.0,55.0,40.0,40.0,,33.0,48.0,0.0,55.0,47.0,55.0,45.0,24.0,19.0,30.0,,59.0,59.0,31.0,,42.0,34.0,,46.0,43.0,22.0,38.0,56.0,27.0,36.0,33.0,30.0,40.0,,33.0,37.0,,18.0,39.0,,,23.0,,39.0,35.0,35.0,55.0,42.0,29.0,61.0,,21.0,54.0,22.0,46.0,60.0,37.0,19.0,39.0,,,,41.0,36.0,55.0,66.0,25.0,4.0,,,29.0,54.0,33.0,,,53.0,60.0,28.0,21.0,,47.0,54.0,47.0,37.0,27.0,37.0,24.0,,23.0,47.0,,47.0,39.0,18.0,,,24.0,,20.0,19.0,34.0,29.0,34.0,32.0,40.0,,0.0,59.0,12.0,,59.0,35.0,,27.0,65.0,24.0,56.0,,,,,42.0,,,39.0,57.0,35.0,50.0,21.0,,,,25.0,50.0,59.0,,43.0,,31.0,,45.0,24.0,27.0,,,,31.0,47.0,,50.0,47.0,18.0,26.0,33.0,,0.0,35.0,41.0,,58.0,33.0,49.0,,3.0,56.0,33.0,,51.0,41.0,17.0,18.0,28.0,45.0,27.0,,42.0,46.0,,41.0,,38.0,51.0,34.0,29.0,50.0,50.0,66.0,47.0,41.0,27.0,51.0,,42.0,,,,45.0,25.0,,,20.0,20.0,51.0,20.0,44.0,43.0,31.0,,34.0,40.0,27.0,40.0,20.0,41.0,65.0,44.0,,15.0,27.0,,50.0,38.0,61.0,46.0,26.0,29.0,25.0,,,42.0,21.0,18.0,33.0,26.0,,60.0,,48.0,34.0,,23.0,42.0,0.0,,50.0,,,,32.0,,20.0,52.0,47.0,,58.0,27.0,,42.0,17.0,,,,29.0,34.0,16.0,47.0,,39.0,62.0,26.0,47.0,43.0,48.0,,0.0,22.0,26.0,,60.0,37.0,,34.0,39.0,,44.0,27.0,31.0,18.0,28.0,43.0,,,,,16.0,55.0,7.0,,61.0,36.0,,,18.0,,,30.0,23.0,,27.0,,,29.0,36.0,36.0,48.0,64.0,43.0,,41.0,45.0,,44.0,30.0,22.0,50.0,,36.0,44.0,32.0,,,47.0,29.0,,,33.0,,54.0,,,30,3,2.4293478260869565,18.956273220920263,-0.3311839938379084
7,6,9,8,8,8,8,9,9,9,7,5,9,10,7,12,9,8,18,25,10,18,10,9,7,17,7,10,9,14,13,14,10,13,10,12,13,15,13,10,17,41.0,16,26,12,17,6,11,6,28,12,17,10,9,16,22,11,13,11,10,12,17,11,7,37.0,12,20,10,18,20,27,10,14,15,9,15,16,20,13,12,18,12,17,16,15,10,15,11,14,18,14,4,23,16,11,24,18,11,6,26,19,20,12,15,15,16,21,17,16,17,13,55.0,16,16,18.0,15,28,16,12,19,17,22,2,11,13,12,12,24.0,21,12,25,5,11.0,17,14,41.0,18,10,12,16,25,18,24,13,11.0,31.0,14,18.0,15,17,18,18,34.0,13,8,14,25,14.0,21,20,17,15,16,15,14,32.0,15,21,18,24,11,18.0,8,24,16,0,22,35.0,22,28.0,30,17,11,12,19,7.0,17.0,19,30,22.0,26.0,13,34,15,16,31,18,11,20.0,6,9,46.0,14,21,23,19,21.0,10,18,13,17,,2,19,15,23,2,28,9,17.0,19.0,9,18,21,23.0,16,22,20,32.0,18,10.0,17.0,15,22,50.0,22,27,7,17.0,42.0,15,22,17,29,19,42.0,11,16,15,17,16,16,23.0,26.0,19,,45.0,22.0,22.0,21,25.0,15,28,6,63.0,47.0,14.0,13.0,44.0,19,20.0,17.0,,20,23,14.0,5,19,15,30.0,16.0,33.0,32,15.0,20,0,19.0,28.0,21,22.0,9.0,16,23,15.0,18,22.0,9.0,10.0,23,19,23.0,20,18,21,16,21,20,17,21,18,17,10,12,43.0,38.0,23,23,23,11.0,42.0,18,9,14,47.0,20,,12,10,24,16,16,58.0,11,17.0,8,47,17.0,13,16,23,52.0,,27,22.0,,36.0,17.0,0.0,12,15.0,25,19,27,49.0,26,13.0,36.0,24,,21.0,21.0,27,46.0,13,22,16,26,13,20,23,20.0,14,14.0,18,18,21,,8,,53,20.0,20,11.0,24,18,14.0,15,24.0,29,57.0,19.0,21,34,39.0,63.0,13.0,29.0,54.0,15,8.0,9.0,22,22.0,21,27,46.0,15.0,18,37.0,21,35.0,21.0,29,27,40,52.0,12,39.0,29.0,21,34.0,19,18.0,23,10,16,34.0,30.0,15,21,24,,30.0,17,16,20.0,13,35.0,16.0,23.0,29.0,,28.0,15.0,28.0,35.0,0.0,18,32,47.0,8.0,33.0,17.0,11.0,,10.0,22.0,18,19,35.0,43.0,15,14.0,,17.0,24.0,21.0,6.0,36,24,,8.0,49.0,45.0,16,26.0,34.0,31.0,33,25,19,35.0,,10.0,25.0,17,21,17.0,51.0,17,14.0,22.0,24,34.0,23.0,62.0,9,11.0,18,21.0,35.0,26.0,15,19.0,22,20.0,14,24,41.0,61.0,55.0,16.0,32,24,14,30.0,11,22.0,13,30,28.0,31,25,34.0,12.0,10,10,,33.0,15.0,42.0,24.0,18.0,14,53.0,25,23,33.0,21.0,46.0,24.0,27.0,,17,32,40.0,25.0,21.0,51.0,9.0,40.0,16,23.0,24,40.0,33.0,17.0,,14,46.0,9,29.0,,7.0,22,25.0,22.0,16.0,23,18,23.0,,20.0,35.0,12.0,18.0,36.0,17.0,0.0,27.0,23.0,20.0,25,21,58.0,34.0,47.0,21,28,22,20,21.0,26.0,22,33,47.0,20.0,19,28.0,23.0,28.0,11,0.0,47.0,57.0,16,20.0,,37.0,27.0,18.0,26.0,10,16.0,18,25.0,13,15,26,34.0,38.0,12.0,,52.0,56.0,15.0,44.0,12.0,28.0,16.0,18,40.0,20.0,21,0.0,20.0,26.0,33.0,17,24.0,20.0,37.0,27,22,62.0,15,29.0,34.0,19.0,15.0,35,21.0,27,19,25.0,9,33.0,15,38.0,31.0,19.0,22,20,11.0,22.0,39,,36,30.0,17,34.0,30.0,43.0,,20.0,13.0,29,18.0,29.0,29.0,51.0,49.0,31.0,38.0,16,18,22.0,17,23,20,36.0,50.0,21.0,,21.0,22.0,34,37.0,,23.0,15,,39.0,22.0,15.0,45.0,15,,2.0,36.0,52.0,25.0,22.0,31.0,17,,39.0,21.0,21.0,38.0,11.0,22.0,24,27.0,59.0,27.0,20.0,19,19,50.0,0.0,24,51.0,13.0,19.0,43,16.0,14.0,23.0,21.0,26,11.0,30.0,13.0,19.0,35.0,21.0,18.0,,39.0,31,31,15.0,36.0,15.0,20.0,20.0,8.0,20.0,14.0,,19.0,26,17,61.0,13,34.0,13.0,39.0,20.0,24,20,,18.0,19.0,,34.0,27.0,30.0,20.0,35.0,23,37.0,32.0,17.0,38.0,25.0,29.0,50,25.0,15.0,33.0,19,44.0,27.0,,26.0,28.0,22.0,21,47.0,46,48.0,39.0,19.0,33.0,41.0,39.0,30.0,36.0,33.0,27.0,41.0,24.0,18.0,32.0,59.0,29.0,,0.0,,49.0,34.0,21,32.0,45.0,27,33.0,38.0,29,26.0,27.0,,34,23,29,16.0,13.0,43.0,28.0,11.0,20.0,23.0,18.0,,26,19.0,22,26.0,12,33,25.0,13,24.0,,19.0,45.0,11,46.0,12.0,11.0,34.0,16.0,32.0,8,43.0,31,17.0,48.0,58.0,45,23.0,18,21,47.0,11.0,,19,,,27,17.0,44.0,30.0,19.0,15.0,16.0,36.0,25.0,25,35.0,22.0,50.0,41.0,51.0,24.0,23.0,35.0,25,25.0,23,19.0,,22.0,34.0,12,23,21.0,41.0,34.0,33.0,26.0,31.0,18.0,22.0,18.0,27,25.0,12.0,22,25,,18.0,8,18.0,29.0,28,28.0,35,20,32,49.0,19.0,,41.0,45.0,19.0,,56.0,22.0,25.0,16.0,16.0,54.0,59.0,19.0,24.0,59.0,,31.0,35.0,,18.0,10.0,45.0,24.0,44.0,14.0,0.0,45.0,36.0,43.0,26.0,22.0,43.0,,23.0,13.0,45.0,29.0,22.0,39.0,,27.0,32.0,,15.0,,32.0,25,21.0,28.0,15.0,20,46.0,17.0,30.0,24.0,24.0,63.0,46.0,24.0,37.0,18.0,29.0,36.0,,,40.0,29.0,35.0,35.0,23.0,33.0,32.0,22.0,23.0,23.0,26.0,,38.0,54.0,20,61.0,43.0,,25,49.0,21.0,12.0,18.0,12.0,17.0,58.0,39.0,24.0,27,7.0,56.0,39.0,10.0,2.0,27.0,13,19,47.0,10.0,35.0,41.0,39.0,22.0,31,32,49.0,,37.0,0.0,19.0,28.0,46.0,36.0,20.0,42.0,28.0,25.0,19.0,23.0,23.0,27.0,14,23.0,46.0,16.0,42.0,54.0,34,50.0,33,63.0,26,25.0,,33.0,18.0,23.0,46.0,27.0,44.0,22.0,46.0,27.0,25.0,13,19.0,,28.0,24.0,36.0,52,27.0,21.0,24.0,10.0,55.0,63.0,62.0,,45.0,22,29,40.0,46.0,,22.0,26.0,,,31.0,35,17.0,,55.0,1.0,56.0,26.0,14.0,38.0,24,32.0,41.0,34.0,23,17,17.0,44.0,,37.0,19.0,11.0,44.0,55.0,40.0,19.0,,24.0,15.0,53.0,,13,40.0,32.0,23.0,2.0,,22,30.0,16.0,26,45.0,25.0,43.0,41.0,37.0,55.0,28.0,5.0,51.0,10.0,46.0,14,55.0,,0.0,18.0,23,63.0,40.0,34.0,24.0,24.0,39.0,22.0,19.0,41.0,35.0,47.0,30.0,17.0,47,21,,35.0,37.0,23.0,20.0,32,27,27.0,63.0,,25.0,,32.0,14.0,17.0,18.0,32.0,62.0,24.0,26.0,39.0,13.0,33,23,23.0,52.0,35.0,10.0,2.0,15,13.0,28.0,30.0,34.0,14.0,18.0,30.0,,35.0,19.0,52.0,,,46.0,24.0,10,58.0,15.0,21,47.0,,,15.0,53.0,55.0,32.0,46.0,,53.0,39.0,,19.0,26.0,34.0,,32.0,28.0,24.0,49.0,,,38.0,38.0,20.0,12.0,,26.0,17.0,37.0,13.0,40.0,50.0,,31.0,26.0,12.0,50.0,48.0,21.0,49.0,39.0,,20.0,38.0,31.0,33.0,,27.0,21.0,24.0,16.0,54.0,,38.0,,22.0,13.0,12.0,10.0,17.0,53,,45.0,,21.0,27.0,33.0,19.0,16.0,27.0,30.0,36.0,21.0,32.0,11.0,28.0,13.0,59.0,23.0,46.0,27.0,39.0,42.0,34.0,50.0,29.0,25.0,0.0,60.0,25.0,25.0,29.0,42.0,26.0,,44.0,63.0,54.0,21.0,,,17.0,46.0,,31.0,47.0,39.0,13,47.0,31.0,20.0,36.0,19.0,34.0,17.0,,36.0,33,0.0,23.0,52.0,44.0,30.0,46.0,15.0,22.0,9.0,26.0,,18.0,17.0,16.0,,30.0,21,20.0,16.0,17.0,60.0,19.0,31.0,48.0,,42.0,36.0,18.0,44.0,63.0,39.0,56.0,23.0,,,36.0,20.0,52.0,,43.0,20.0,15,22,34.0,24.0,22.0,32.0,26.0,23.0,11.0,28.0,34.0,19.0,28.0,51.0,,,28.0,22.0,57.0,31.0,,53.0,28.0,25.0,30.0,,,,63.0,9.0,20.0,15.0,58.0,58.0,22.0,32.0,45.0,61.0,43.0,49.0,13.0,17.0,56.0,33.0,26.0,29.0,45.0,,,10.0,24,24.0,27.0,23.0,12.0,28,,12.0,28.0,36.0,12.0,,25.0,54.0,14,24.0,0.0,20.0,50.0,25.0,9.0,57.0,63,53.0,11.0,24.0,,23,38.0,27.0,14.0,32.0,,17.0,55.0,23.0,30.0,,27.0,53.0,25.0,11.0,,42.0,33.0,22.0,50.0,,16.0,20.0,33.0,36.0,25,41.0,,14.0,32.0,46.0,39.0,21.0,35.0,19.0,28.0,25.0,62.0,41.0,40,25.0,,31.0,,29.0,26.0,23.0,24.0,,,20.0,19.0,12.0,31.0,,17.0,54.0,32.0,23.0,57.0,56.0,45.0,56.0,25.0,0.0,,55.0,39.0,16.0,16.0,12.0,19.0,24.0,14.0,29.0,53.0,59.0,28.0,43.0,29.0,20.0,43.0,10.0,,18.0,35.0,41.0,46.0,39.0,48.0,21.0,0.0,12.0,,44.0,27.0,40.0,,24.0,,46.0,23.0,9.0,44.0,17.0,14.0,25.0,30.0,51.0,31,15.0,62.0,,20.0,,54.0,32.0,0.0,37.0,0.0,27.0,20.0,26.0,,23.0,24.0,39.0,23.0,,59.0,47.0,,21.0,23.0,34.0,33.0,29.0,57.0,46.0,,,,63.0,,,58.0,19.0,43.0,,,19.0,27.0,38.0,29.0,16.0,35.0,26.0,39.0,3.0,44.0,35.0,34.0,19.0,57.0,17.0,15.0,27.0,20.0,35.0,,39.0,,,29.0,42.0,48.0,36.0,23.0,15.0,,12.0,38.0,29.0,18.0,45.0,41.0,52.0,,28.0,63.0,28.0,46.0,32.0,,22.0,32.0,29.0,27.0,0.0,34.0,31.0,,47.0,30.0,29.0,30.0,54.0,25.0,,21.0,34.0,,33.0,,46.0,30.0,15.0,23.0,22.0,23.0,58.0,22.0,,23.0,16.0,25.0,34.0,32.0,32.0,29.0,0.0,50.0,61.0,,37.0,44.0,60.0,22.0,20,20.0,,5.0,17.0,51.0,34.0,20.0,,21.0,,26,57.0,21.0,18.0,30.0,35.0,35.0,20.0,12.0,21,26.0,25.0,40.0,35.0,22.0,20.0,39.0,63.0,26.0,40.0,53.0,30.0,14.0,,,60.0,47.0,47.0,21.0,33.0,38.0,21.0,44.0,35.0,15.0,49.0,27.0,55.0,50.0,,8.0,30.0,,45.0,29.0,16.0,,17.0,33.0,30.0,41.0,47.0,11.0,20.0,12.0,34.0,49.0,28.0,56.0,60.0,21.0,,,54.0,12.0,35.0,27.0,25.0,30.0,9.0,25.0,29.0,20.0,29.0,49.0,57.0,36.0,,55.0,0.0,7.0,42.0,16.0,28.0,20.0,,46.0,20.0,23.0,31.0,53.0,23.0,21.0,14.0,11.0,23.0,12.0,39.0,12.0,50.0,31.0,,40.0,46.0,14.0,34.0,31.0,10.0,18.0,32.0,22.0,,18.0,,31.0,21.0,35.0,,48,19.0,39.0,33.0,50.0,,14.0,,45.0,18.0,39.0,28.0,34.0,45.0,9.0,22.0,22.0,27.0,47.0,27.0,17.0,29.0,62.0,23.0,27.0,,53.0,,25.0,32.0,51.0,22.0,53.0,24.0,14.0,58.0,60.0,,10.0,18.0,45.0,13.0,40.0,,23.0,52.0,,18.0,14.0,,9.0,39.0,16.0,31.0,21.0,21.0,13.0,43.0,37.0,22.0,11.0,29.0,24.0,54.0,27.0,39.0,,5.0,18.0,15.0,41.0,39.0,51.0,31.0,,30.0,14.0,,18.0,15.0,21,,22.0,27,19.0,57.0,40.0,37.0,26.0,21.0,56.0,24.0,26.0,34.0,,29.0,50.0,49.0,50.0,20.0,32.0,,37.0,,24.0,,48.0,40.0,33.0,61.0,51.0,15.0,14.0,19.0,28.0,10.0,56.0,,55.0,31.0,44.0,,38.0,59.0,,34.0,20.0,35.0,,18.0,28.0,38.0,40.0,,,40.0,37.0,47.0,,29.0,26.0,24.0,30.0,12.0,24.0,22.0,36.0,26.0,,63.0,32.0,,,15.0,,,18.0,35.0,36.0,45.0,13.0,11.0,14.0,43.0,8.0,15.0,27.0,59.0,15.0,52.0,48.0,,17.0,26.0,20.0,14.0,28.0,31.0,16.0,,31.0,17.0,,,14.0,,23.0,,41.0,21.0,36.0,10.0,35.0,,26.0,33.0,14.0,35.0,,36.0,,,27.0,14.0,38.0,35.0,54.0,,57.0,45.0,27.0,26.0,22.0,23.0,14.0,25.0,,0.0,35.0,49.0,44.0,12.0,17.0,42.0,44.0,,8.0,43.0,,32.0,25.0,,,16.0,25.0,33.0,36.0,26.0,,56.0,53.0,12.0,40.0,29.0,,39.0,,48.0,17.0,54.0,38.0,9.0,33.0,36.0,58.0,,46.0,,46.0,31.0,16.0,15.0,,32.0,18.0,,30.0,23.0,26.0,33.0,23.0,,,34.0,17.0,25.0,50.0,16.0,,,37.0,17.0,23.0,13.0,0.0,45.0,40.0,,,57.0,35.0,34.0,56.0,,33.0,34.0,0.0,,,45.0,,,45.0,,,24.0,49.0,,29.0,28.0,,43.0,43.0,3.0,24.0,12.0,54.0,18.0,34.0,39.0,,23.0,38.0,17.0,38.0,32.0,54.0,47.0,15.0,56.0,25.0,29.0,,42.0,30.0,53.0,0.0,33.0,40.0,34.0,,29.0,13.0,31.0,38.0,23.0,12.0,57.0,41.0,44.0,22.0,31.0,37.0,58.0,19.0,21.0,18.0,32.0,17.0,32.0,,29.0,,,38.0,12.0,17.0,,23.0,,21.0,49.0,26.0,34.0,52.0,10.0,51.0,37.0,13.0,19.0,,41.0,21.0,42.0,10.0,11.0,,32.0,,27.0,42.0,19.0,12.0,,32.0,29.0,3.0,0.0,40.0,27.0,42.0,27.0,24.0,61.0,,24.0,8.0,34.0,22.0,23.0,,,,,26.0,50.0,27.0,23.0,22.0,,21.0,32.0,19.0,53.0,31.0,,34.0,36.0,,,17.0,6.0,27.0,18.0,26.0,40.0,17.0,18.0,52.0,,,16.0,54.0,57.0,,13.0,28.0,31.0,20.0,28.0,40.0,,,,,61.0,32.0,,36.0,,17.0,29.0,54.0,12.0,29.0,23.0,58.0,21.0,19.0,33.0,52.0,51.0,50.0,34.0,49.0,15.0,46.0,,,14.0,47.0,31.0,16.0,31.0,53.0,27.0,52.0,40.0,18.0,33.0,,,26.0,,33.0,,35.0,34.0,46.0,58.0,26.0,,32.0,3.0,25.0,15.0,33.0,24.0,62.0,35.0,16.0,16.0,,55.0,18.0,39.0,52.0,30.0,54.0,55.0,42.0,33.0,31.0,35.0,,36.0,12.0,17.0,26.0,17.0,47.0,,,47.0,35.0,48.0,,,38.0,14.0,37.0,34.0,45.0,34.0,46.0,,47.0,27.0,,20.0,52.0,,14.0,40.0,47.0,23.0,23.0,63.0,,31.0,52.0,,19.0,32.0,36.0,10.0,50.0,,18.0,44.0,30.0,,28.0,22.0,,,32.0,38.0,52.0,22.0,52.0,,24.0,18.0,12.0,28.0,39.0,35.0,25.0,,60.0,,30.0,58.0,,,,,,,25.0,41.0,13.0,13.0,25.0,39.0,29.0,,38.0,53.0,,,50.0,26.0,33.0,10.0,28.0,58.0,,47.0,,,45.0,39.0,34.0,36.0,29.0,,54.0,7.0,39.0,36.0,52.0,,25.0,,3.0,26.0,29.0,21.0,31.0,23.0,,,,30.0,35.0,50.0,9.0,62.0,,34.0,20.0,21.0,24.0,51.0,17.0,,,29.0,23.0,,37.0,47.0,18.0,45.0,31.0,16.0,12.0,48.0,45.0,50.0,18.0,47.0,28.0,60.0,52.0,,,38.0,19.0,,,28.0,58.0,39.0,32.0,,32.0,10.0,34.0,,,41.0,,30.0,17.0,26.0,55.0,,51.0,25.0,,,9.0,31.0,52.0,25.0,20.0,,10.0,38.0,10.0,,27.0,38.0,25.0,,48.0,57.0,37.0,33.0,8.0,25.0,50.0,51.0,47.0,33.0,,,,14.0,24.0,55.0,39.0,,23.0,41.0,,19.0,,57.0,25.0,35.0,12.0,59.0,33.0,21.0,62.0,41.0,,62.0,19.0,17.0,59.0,,22.0,,39.0,28.0,9.0,,36.0,24.0,15.0,,13.0,,16.0,,16.0,42.0,20.0,,27.0,48.0,31.0,53.0,,38.0,,57.0,55.0,43.0,16.0,,44.0,35.0,,43.0,,47.0,25.0,,,18.0,30.0,37.0,,,37.0,33.0,,18.0,49.0,27.0,27.0,17.0,52.0,53.0,,,25.0,54.0,,61.0,,16.0,24.0,43.0,,25.0,,61.0,38.0,,46.0,38.0,21.0,16.0,26.0,38.0,53.0,27.0,,54.0,,,40.0,32.0,,39.0,53.0,49.0,34.0,39.0,33.0,20.0,,23.0,24.0,59.0,22.0,32.0,30.0,24.0,,21.0,18.0,57.0,52.0,42.0,57.0,30.0,54.0,,,62.0,48.0,40.0,51.0,,16.0,34.0,28.0,17.0,51.0,,21.0,34.0,,59.0,43.0,12.0,22.0,10.0,,31.0,32.0,,,,40.0,,20.0,31.0,30.0,30.0,26.0,50.0,11.0,42.0,38.0,,61.0,43.0,57.0,,30.0,61.0,33.0,21.0,34.0,34.0,34.0,14.0,16.0,13.0,59.0,24.0,32.0,33.0,55.0,31.0,41.0,36.0,34.0,31.0,18.0,41.0,,26.0,32.0,,25.0,48.0,23.0,58.0,45.0,36.0,47.0,37.0,19.0,26.0,37.0,30.0,57.0,26.0,28.0,24.0,26.0,40.0,41.0,0.0,55.0,,30.0,51.0,,,,26.0,,,11.0,50.0,,28.0,16.0,41.0,39.0,,12.0,,23.0,34.0,,62.0,21.0,28.0,30.0,30.0,,48.0,,47.0,25.0,53.0,33.0,52.0,21.0,31.0,63.0,39.0,,,16.0,19.0,25.0,,31.0,40.0,,61.0,31.0,27.0,23.0,52.0,53.0,61.0,33.0,,,39.0,,34.0,17.0,27.0,37.0,46.0,20.0,24.0,,21.0,33.0,30.0,62.0,,16.0,,27.0,,22.0,32.0,41.0,46.0,35.0,30.0,49.0,35.0,21.0,,0.0,,63.0,19.0,32.0,24.0,51.0,17.0,63.0,19.0,18.0,20.0,,0.0,48.0,,,56.0,,26.0,28.0,63.0,,,24.0,,22.0,,,17.0,,41.0,32.0,10.0,60.0,40.0,59.0,62.0,36.0,33.0,21.0,56.0,,21.0,38.0,40.0,,61.0,43.0,,60.0,25.0,50.0,50.0,20.0,,35.0,12.0,13.0,,52.0,,25.0,,,31.0,,25.0,30.0,34.0,,58.0,28.0,20.0,42.0,16.0,58.0,56.0,55.0,31.0,42.0,29.0,,,,44.0,61.0,31.0,61.0,,28.0,31.0,28.0,19.0,22.0,36.0,20.0,20.0,13.0,,33.0,,58.0,9.0,21.0,,19.0,35.0,38.0,51.0,42.0,44.0,57.0,33.0,,20.0,49.0,,41.0,21.0,,,19.0,45.0,21.0,31,3,2.408053691275168,18.220771850170262,-0.3523702136119616
2,1,4,3,5,5,7,6,6,8,7,14,10,6,5,7,9,9,16,14,6,10,8,6,7,7,8,9,12,9,1,10,7,7,11,8,17,12,11,12,12,7.0,16,24,5,17,17,7,10,15,8,11,6,9,24,25,16,2,8,9,12,10,13,8,5.0,12,18,9,9,9,16,7,15,15,6,9,11,5,11,13,12,14,6,3,14,22,11,13,19,6,12,11,25,10,13,11,9,0,7,17,10,17,15,8,12,19,13,3,15,11,13,,18,15,3.0,12,28,10,19,18,15,21,13,13,13,11,12,13.0,9,12,16,7,38.0,4,17,14.0,10,27,13,14,31,5,8,13,14.0,22.0,11,16.0,3,10,8,14,28.0,10,18,24,23,24.0,30,22,47,18,10,0,16,11.0,15,21,9,21,13,32.0,6,13,4,25,15,10.0,14,22.0,14,18,15,26,13,13.0,17.0,14,8,22.0,32.0,16,10,8,0,8,8,12,19.0,21,19,9.0,9,16,10,6,7.0,22,10,9,9,11.0,26,10,18,15,15,19,14,14.0,31.0,22,18,10,33.0,14,14,6,23.0,16,6.0,12.0,12,14,,34,18,7,9.0,21.0,15,20,11,15,24,9.0,17,17,8,12,16,25,26.0,26.0,21,28.0,7.0,8.0,25.0,15,10.0,8,14,18,27.0,32.0,45.0,17.0,18.0,15,26.0,17.0,14.0,19,8,26.0,21,16,29,23.0,50.0,16.0,21,52.0,17,21,20.0,20.0,17,10.0,36.0,3,9,36.0,15,27.0,33.0,22.0,28,12,35.0,13,18,20,23,3,9,19,23,14,19,13,15,28.0,14.0,5,14,19,20.0,9.0,13,20,12,19.0,19,25.0,16,8,17,16,2,24.0,9,21.0,19,24,35.0,15,12,19,27.0,18.0,14,15.0,,19.0,16.0,18.0,19,40.0,31,1,27,16.0,14,10.0,4.0,13,,26.0,25.0,20,27.0,14,16,9,30,13,11,23,27.0,12,19.0,17,15,12,38.0,14,47.0,18,21.0,21,37.0,20,19,9.0,32,41.0,22,17.0,11.0,17,27,7.0,47.0,33.0,19.0,30.0,18,39.0,47.0,19,20.0,20,22,37.0,24.0,15,21.0,16,10.0,10.0,20,15,12,28.0,46,31.0,30.0,8,29.0,14,21.0,21,13,17,4.0,21.0,10,7,20,23.0,19.0,12,23,30.0,8,20.0,16.0,36.0,22.0,6.0,,23.0,,0.0,25.0,19,14,32.0,,33.0,33.0,25.0,15.0,,13.0,19,26,37.0,46.0,15,46.0,41.0,26.0,26.0,28.0,26.0,10,20,33.0,44.0,19.0,36.0,16,,20.0,,22,12,24,40.0,44.0,15.0,11.0,18,23,26.0,28.0,24,16.0,32.0,28,29.0,17.0,54.0,22,10.0,7,20.0,28.0,32.0,17,8.0,22,16.0,17,11,22.0,32.0,58.0,46.0,31,12,13,12.0,11,24.0,23,15,14.0,25,10,,22.0,16,23,21.0,10.0,32.0,21.0,17.0,29.0,12,36.0,22,12,24.0,28.0,35.0,41.0,24.0,19.0,15,14,15.0,,,19.0,42.0,26.0,17,39.0,18,11.0,48.0,42.0,6.0,24,19.0,12,11.0,21.0,17.0,24,25.0,30.0,38.0,36,18,17.0,20.0,20.0,33.0,12.0,28.0,55.0,,15.0,,52.0,27.0,11,0,,29.0,22.0,10,32,7,17,55.0,18.0,18,20,25.0,16.0,11,18.0,17.0,37.0,15,,56.0,,16,10.0,43.0,8.0,39.0,21.0,20.0,7,38.0,13,19.0,14,30,18,32.0,30.0,23.0,,35.0,,23.0,,16.0,33.0,7.0,17,50.0,27.0,38,,15.0,21.0,17.0,18,14.0,,39.0,29,26,11.0,28,17.0,16.0,19.0,23.0,21,24.0,42,24,37.0,27,23.0,9,42.0,8.0,23.0,28,23,57.0,33.0,13,22.0,27,,16,,22.0,18.0,36.0,31.0,37.0,37,22.0,,,30.0,,46.0,8.0,13,16,57.0,14,21,20,28.0,28.0,18.0,47.0,58.0,29.0,18,18.0,56.0,20.0,39,9.0,17.0,20.0,44.0,,20,11.0,42.0,28.0,,20.0,25.0,25.0,15,42.0,14.0,,,20.0,12.0,20.0,20,26.0,31.0,22.0,35.0,16,14,,15.0,17,14.0,8.0,51.0,0,46.0,,6.0,18.0,22,42.0,10.0,23.0,22.0,21.0,28.0,17.0,,29.0,3,26,,27.0,29.0,18.0,12.0,0.0,50.0,28.0,,25.0,14,35,37.0,19,19.0,24.0,12.0,31.0,19,12,31.0,17.0,20.0,25.0,20.0,29.0,24.0,16.0,37.0,34,24.0,5.0,55.0,24.0,23.0,,18,25.0,16.0,20.0,20,,15.0,50.0,14.0,15.0,30.0,0,21.0,16,28.0,15.0,22.0,28.0,,29.0,41.0,12.0,3.0,27.0,20.0,6.0,17.0,24.0,2.0,36.0,12.0,22.0,10.0,,50.0,18,38.0,49.0,12,,15.0,20,23.0,11.0,22.0,14,20,21,51.0,15.0,16.0,37.0,12.0,14.0,21.0,8.0,21.0,26,0.0,16,42.0,16,12,57.0,28,13.0,24.0,10.0,5.0,29,10.0,14.0,21.0,12.0,31.0,26.0,16,12.0,17,19.0,,30.0,22,24.0,13,17,0.0,23.0,19.0,20,38.0,43.0,25,19.0,12.0,28.0,16.0,10.0,50.0,22.0,24.0,11,28.0,21.0,16.0,43.0,27.0,,32.0,51.0,15,18.0,19,12.0,29.0,45.0,,27,19,24.0,10.0,16.0,23.0,11.0,28.0,18.0,13.0,18.0,18,15.0,32.0,39,20,13.0,20.0,18,16.0,32.0,26,34.0,15,13,12,15.0,31.0,18.0,,8.0,34.0,,19.0,24.0,12.0,52.0,13.0,18.0,22.0,16.0,52.0,10.0,15.0,7.0,41.0,49.0,38.0,,45.0,24.0,31.0,57.0,53.0,17.0,25.0,37.0,,24.0,15.0,0.0,,46.0,45.0,44.0,21.0,14.0,34.0,19.0,23.0,38.0,,34.0,,36,11.0,18.0,25.0,11,31.0,31.0,16.0,14.0,17.0,,16.0,7.0,,24.0,17.0,35.0,29.0,,17.0,52.0,,26.0,42.0,45.0,24.0,,46.0,24.0,26.0,47.0,,55.0,16,28.0,29.0,39.0,28,13.0,23.0,46.0,29.0,26.0,24.0,23.0,,,14,24.0,18.0,48.0,18.0,31.0,36.0,10,0,12.0,29.0,8.0,,31.0,23.0,22,24,28.0,49.0,49.0,30.0,37.0,41.0,40.0,22.0,54.0,,,44.0,10.0,32.0,11.0,9.0,28,20.0,26.0,23.0,,,19,37.0,9,44.0,29,37.0,,29.0,20.0,44.0,27.0,19.0,19.0,11.0,16.0,11.0,19.0,18,55.0,53.0,30.0,44.0,19.0,25,39.0,21.0,4.0,13.0,31.0,,,57.0,15.0,17,27,25.0,,,17.0,23.0,33.0,33.0,23.0,16,,36.0,33.0,,31.0,15.0,2.0,19.0,24,38.0,,36.0,43,23,,36.0,,23.0,4.0,35.0,31.0,,7.0,17.0,,17.0,41.0,,,10,,49.0,,45.0,24.0,14,52.0,28.0,34,13.0,18.0,,,19.0,39.0,30.0,,24.0,11.0,,8,13.0,55.0,6.0,29.0,20,44.0,20.0,20.0,29.0,12.0,,6.0,46.0,55.0,53.0,40.0,15.0,15.0,40,11,18.0,11.0,11.0,16.0,35.0,20,13,47.0,,,17.0,,29.0,,10.0,25.0,34.0,,,,28.0,23.0,15,0,41.0,6.0,,9.0,48.0,36,8.0,32.0,13.0,30.0,42.0,23.0,4.0,22.0,36.0,47.0,12.0,,7.0,27.0,41.0,19,12.0,17.0,35,33.0,,31.0,27.0,19.0,,37.0,16.0,46.0,51.0,56.0,30.0,6.0,42.0,47.0,,21.0,24.0,23.0,31.0,2.0,28.0,29.0,49.0,33.0,,,29.0,31.0,22.0,44.0,18.0,,27.0,23.0,30.0,42.0,40.0,47.0,20.0,47.0,9.0,51.0,32.0,17.0,37.0,,24.0,19.0,40.0,14.0,15.0,,40.0,36.0,,25.0,,18.0,16.0,26.0,21,28.0,30.0,25.0,22.0,,18.0,15.0,,22.0,34.0,10.0,21.0,,19.0,42.0,58.0,46.0,21.0,27.0,37.0,14.0,17.0,20.0,23.0,40.0,14.0,26.0,3.0,31.0,14.0,10.0,,47.0,36.0,26.0,50.0,,31.0,26.0,,27.0,30.0,58.0,19.0,46.0,0.0,20,0.0,18.0,24.0,20.0,47.0,37.0,45.0,29.0,20.0,6,24.0,29.0,21.0,12.0,0.0,28.0,44.0,19.0,17.0,0.0,33.0,,20.0,,43.0,49.0,17,22.0,14.0,27.0,29.0,,47.0,52.0,19.0,7.0,17.0,51.0,12.0,33.0,43.0,20.0,19.0,9.0,,,22.0,15.0,,35.0,19.0,21,30,7.0,21.0,47.0,15.0,52.0,26.0,31.0,20.0,,29.0,19.0,39.0,19.0,,51.0,18.0,51.0,19.0,31.0,26.0,36.0,56.0,7.0,,24.0,21.0,52.0,10.0,43.0,56.0,54.0,57.0,,40.0,30.0,11.0,4.0,32.0,55.0,8.0,,28.0,25.0,31.0,,51.0,,27.0,21,14.0,40.0,22.0,22.0,34,35.0,,16.0,23.0,14.0,35.0,20.0,27.0,12,31.0,17.0,32.0,,30.0,14.0,54.0,36,,30.0,35.0,38.0,25,36.0,41.0,,28.0,14.0,7.0,13.0,0.0,18.0,24.0,17.0,26.0,23.0,13.0,38.0,14.0,8.0,35.0,58.0,45.0,38.0,31.0,15.0,0.0,34,33.0,,30.0,,23.0,48.0,26.0,6.0,20.0,,35.0,29.0,23.0,20,44.0,25.0,14.0,54.0,30.0,,52.0,36.0,10.0,22.0,29.0,51.0,,21.0,26.0,,27.0,52.0,55.0,37.0,29.0,50.0,47.0,34.0,28.0,,21.0,53.0,,17.0,21.0,22.0,48.0,22.0,56.0,56.0,18.0,,31.0,18.0,44.0,41.0,8.0,,12.0,16.0,32.0,,9.0,7.0,36.0,41.0,39.0,22.0,28.0,54.0,38.0,,,23.0,39.0,16.0,,,31.0,39.0,53.0,38.0,20.0,19,29.0,,9.0,23.0,27.0,,3.0,,50.0,46.0,24.0,35.0,32.0,28.0,,34.0,25.0,41.0,16.0,,39.0,38.0,39.0,47.0,26.0,,6.0,20.0,20.0,,51.0,0.0,,,22.0,22.0,30.0,44.0,24.0,12.0,33.0,35.0,,38.0,8.0,23.0,15.0,37.0,25.0,24.0,37.0,,11.0,20.0,38.0,15.0,21.0,,18.0,,,23.0,,49.0,23.0,45.0,23.0,19.0,49.0,16.0,57.0,47.0,7.0,49.0,13.0,42.0,27.0,,16.0,,,23.0,10.0,37.0,7.0,21.0,25.0,51.0,15.0,4.0,12.0,58.0,38.0,41.0,,,53.0,30.0,32.0,5.0,25.0,29.0,17.0,39.0,21.0,26.0,40.0,41.0,28.0,35.0,8.0,4.0,27.0,47.0,,27.0,11.0,37.0,23.0,41.0,23.0,12.0,28.0,46.0,25.0,54.0,33.0,19.0,20,32.0,,19.0,,27.0,13.0,40.0,,18.0,16.0,9,15.0,23.0,14.0,30.0,36.0,24.0,26.0,,52,33.0,25.0,,30.0,9.0,32.0,41.0,53.0,40.0,40.0,30.0,10.0,40.0,,,12.0,32.0,53.0,14.0,,,22.0,48.0,,10.0,23.0,39.0,51.0,29.0,,9.0,15.0,55.0,25.0,5.0,19.0,15.0,35.0,43.0,20.0,19.0,,49.0,,,,40.0,36.0,27.0,24.0,38.0,58.0,,40.0,11.0,43.0,16.0,39.0,26.0,,25.0,18.0,,17.0,,38.0,51.0,,,58.0,29.0,36.0,,23.0,,23.0,36.0,56.0,18.0,49.0,52.0,,18.0,46.0,18.0,30.0,9.0,,24.0,11.0,13.0,49.0,18.0,33.0,24.0,37.0,25.0,11.0,0.0,,16.0,15.0,,39.0,40.0,30.0,,26.0,33,23.0,49.0,42.0,26.0,34.0,,,25.0,14.0,43.0,30.0,52.0,52.0,53.0,23.0,26.0,6.0,51.0,,33.0,54.0,7.0,50.0,16.0,13.0,20.0,17.0,52.0,29.0,31.0,26.0,17.0,6.0,57.0,20.0,21.0,,41.0,49.0,,14.0,10.0,11.0,40.0,,,11.0,,10.0,5.0,23.0,32.0,20.0,49.0,57.0,10.0,29.0,35.0,45.0,,21.0,18.0,21.0,21.0,,12.0,24.0,29.0,42.0,16.0,,32.0,27.0,15.0,19.0,33.0,,,15.0,18,24.0,34.0,27,53.0,,6.0,40.0,18.0,29.0,45.0,56.0,27.0,54.0,33.0,46.0,39.0,47.0,15.0,42.0,19.0,,37.0,49.0,16.0,9.0,21.0,15.0,,23.0,25.0,25.0,38.0,14.0,28.0,55.0,12.0,31.0,39.0,50.0,38.0,21.0,32.0,49.0,46.0,42.0,27.0,22.0,26.0,27.0,22.0,17.0,29.0,,,31.0,21.0,20.0,31.0,43.0,43.0,28.0,23.0,8.0,18.0,9.0,39.0,11.0,20.0,,21.0,,18.0,11.0,30.0,20.0,12.0,,16.0,42.0,22.0,52.0,14.0,41.0,18.0,19.0,16.0,,21.0,17.0,,58.0,19.0,19.0,48.0,,19.0,36.0,8.0,18.0,29.0,13.0,32.0,,7.0,18.0,29.0,,15.0,,,17.0,20.0,40.0,40.0,25.0,34.0,18.0,,18.0,,52.0,16.0,0.0,20.0,20.0,24.0,11.0,,41.0,13.0,43.0,41.0,28.0,11.0,49.0,29.0,15.0,,54.0,17.0,13.0,32.0,18.0,17.0,48.0,29.0,35.0,20.0,,24.0,,28.0,,15.0,23.0,12.0,26.0,,,34.0,,48.0,24.0,,,37.0,,35.0,7.0,57.0,0.0,46.0,24.0,46.0,17.0,52.0,32.0,39.0,42.0,52.0,43.0,46.0,47.0,53.0,27.0,22.0,32.0,25.0,22.0,53.0,21.0,,25.0,13.0,,26.0,25.0,20.0,,,31.0,25.0,9.0,28.0,,33.0,,29.0,18.0,16.0,,,18.0,31.0,44.0,14.0,45.0,,,40.0,,50.0,,,25.0,49.0,22.0,25.0,29.0,17.0,36.0,,37.0,3.0,,36.0,,6.0,21.0,46.0,,,22.0,43.0,30.0,54.0,,,,,51.0,41.0,9.0,13.0,33.0,29.0,15.0,20.0,,32.0,14.0,16.0,41.0,,31.0,57.0,23.0,49.0,13.0,46.0,42.0,10.0,38.0,40.0,26.0,53.0,40.0,51.0,34.0,34.0,,0.0,46.0,11.0,26.0,34.0,36.0,40.0,14.0,,7.0,43.0,,32.0,25.0,12.0,30.0,16.0,17.0,15.0,12.0,57.0,13.0,52.0,,58.0,36.0,14.0,,0.0,28.0,46.0,51.0,27.0,,39.0,,39.0,26.0,17.0,,33.0,,,21.0,9.0,34.0,37.0,36.0,11.0,29.0,46.0,33.0,28.0,8.0,41.0,17.0,,,39.0,26.0,22.0,33.0,,35.0,15.0,18.0,18.0,48.0,43.0,,,13.0,35.0,,11.0,21.0,40.0,21.0,21.0,44.0,20.0,14.0,41.0,10.0,21.0,18.0,58.0,21.0,50.0,36.0,57.0,,,22.0,44.0,,49.0,40.0,,,14.0,33.0,37.0,17.0,54.0,36.0,36.0,17.0,,29.0,16.0,34.0,25.0,15.0,9.0,,,,,32.0,51.0,25.0,35.0,11.0,33.0,44.0,16.0,,47.0,25.0,20.0,27.0,,,50.0,42.0,,31.0,,33.0,,47.0,,37.0,,32.0,30.0,,,,50.0,26.0,22.0,51.0,7.0,27.0,,13.0,42.0,,25.0,,,9.0,14.0,10.0,35.0,22.0,39.0,50.0,,,15.0,30.0,8.0,,19.0,24.0,5.0,35.0,11.0,34.0,38.0,24.0,38.0,21.0,25.0,53.0,,26.0,40.0,34.0,27.0,4.0,31.0,36.0,49.0,,46.0,,22.0,33.0,35.0,41.0,,15.0,46.0,45.0,24.0,15.0,,39.0,31.0,,,16.0,16.0,9.0,44.0,35.0,40.0,49.0,51.0,29.0,,44.0,,,25.0,36.0,58.0,32.0,54.0,23.0,4.0,0.0,,39.0,24.0,,31.0,50.0,,41.0,33.0,51.0,44.0,22.0,21.0,17.0,19.0,,37.0,26.0,12.0,9.0,52.0,20.0,22.0,51.0,0.0,55.0,31.0,45.0,25.0,18.0,,,17.0,58.0,,,35.0,,36.0,,22.0,16.0,45.0,25.0,,53.0,,21.0,38.0,20.0,40.0,29.0,,42.0,20.0,20.0,,,18.0,42.0,28.0,17.0,30.0,35.0,45.0,42.0,51.0,43.0,24.0,11.0,21.0,46.0,18.0,30.0,36.0,29.0,17.0,11.0,25.0,28.0,,27.0,,53.0,,55.0,43.0,,39.0,14.0,7.0,40.0,27.0,12.0,39.0,38.0,38.0,,33.0,25.0,30.0,,24.0,,28.0,32.0,,38.0,58.0,,22.0,19.0,12.0,43.0,9.0,,22.0,25.0,52.0,,24.0,24.0,21.0,54.0,,14.0,22.0,10.0,13.0,34.0,26.0,32.0,,24.0,,44.0,21.0,29.0,11.0,49.0,,31.0,14.0,16.0,35.0,,29.0,21.0,8.0,13.0,,,,56.0,2.0,,,44.0,25.0,23.0,,35.0,,56.0,15.0,51.0,12.0,47.0,26.0,,13.0,28.0,32.0,13.0,39.0,,51.0,7.0,,18.0,31.0,,,51.0,28.0,33.0,18.0,,25.0,8.0,21.0,11.0,22.0,30.0,44.0,23.0,,15.0,,,23.0,19.0,45.0,49.0,53.0,,,38.0,52.0,16.0,46.0,26.0,12.0,40.0,21.0,,20.0,46.0,45.0,53.0,55.0,,35.0,23.0,29.0,31.0,19.0,47.0,24.0,23.0,57.0,24.0,31.0,52.0,,29.0,,57.0,,57.0,8.0,39.0,32.0,27.0,20.0,49.0,33.0,38.0,37.0,12.0,24.0,16.0,16.0,13.0,27.0,43.0,45.0,40.0,23.0,30.0,49.0,,33.0,32.0,14.0,55.0,,,,31.0,17.0,,22.0,36.0,27.0,35.0,2.0,33.0,0.0,37.0,44.0,49.0,42.0,23.0,0.0,8.0,28.0,47.0,,8.0,32.0,,,,21.0,7.0,39.0,31.0,38.0,22.0,51.0,31.0,56.0,14.0,41.0,35.0,,28.0,31.0,45.0,35.0,26.0,13.0,18.0,,43.0,28.0,40.0,52.0,,43.0,5.0,27.0,,24.0,20.0,39.0,45.0,22.0,,,38.0,0.0,,,,57.0,22.0,46.0,51.0,,,20.0,42.0,,17.0,15.0,28.0,20.0,38.0,40.0,8.0,21.0,38.0,12.0,,29.0,,,,31.0,,26.0,,41.0,36.0,44.0,6.0,22.0,4.0,,21.0,,24.0,41.0,13.0,12.0,,13.0,20.0,41.0,,,48.0,,35.0,45.0,46.0,,58.0,44.0,37.0,33.0,45.0,,52.0,46.0,27.0,55.0,,52.0,,14.0,,50.0,37.0,,35.0,17.0,,9.0,20.0,39.0,,23.0,9.0,42.0,,31.0,,47.0,,,53.0,40.0,50.0,18.0,26.0,43.0,,,44.0,30.0,40.0,58.0,18.0,18.0,,58.0,,48.0,36.0,22.0,35.0,,25.0,,12.0,47.0,26.0,,17.0,,48.0,,44.0,18.0,55.0,,29.0,20.0,28.0,18.0,14.0,4.0,,23.0,,39.0,52.0,,34.0,54.0,11.0,40.0,16.0,29.0,27.0,16.0,12.0,38.0,,46.0,,,38.0,33.0,40.0,49.0,,46.0,58.0,35.0,,17.0,,,6.0,41.0,51.0,37.0,,,,,48.0,22.0,,53.0,28.0,36.0,,,57.0,25.0,40.0,23.0,55.0,55.0,13.0,44.0,18.0,32.0,13.0,15.0,19.0,39.0,36.0,,33.0,43.0,42.0,13.0,,,19.0,,9.0,37.0,17.0,22.0,16.0,44.0,20.0,41.0,16.0,,12.0,14.0,16.0,,,43.0,49.0,,,52.0,32.0,34.0,37.0,35.0,42.0,,,17.0,56.0,33.0,49.0,11.0,32,3,2.507649513212796,17.91867816091954,-0.34414346081893327
2,1,7,5,4,6,3,11,5,6,8,9,9,3,12,8,8,9,27,38,12,9,11,11,11,12,11,5,8,11,12,12,10,11,8,8,19,13,15,8,16,19.0,7,9,9,9,14,5,12,45,12,8,12,5,16,25,9,13,9,10,17,8,12,17,32.0,5,8,11,12,7,13,13,14,13,14,10,22,13,13,12,16,14,5,9,13,12,13,9,18,10,12,9,35,12,11,14,7,11,9,10,13,11,18,9,8,14,9,14,14,15,16,,16,14,18.0,11,15,7,10,17,12,15,12,16,10,14,15,23.0,13,17,19,12,14.0,9,20,18.0,14,22,7,13,11,6,18,14,11.0,,18,31.0,12,14,7,16,11.0,13,13,25,8,,24,13,21,15,18,21,19,12.0,15,14,16,15,11,41.0,12,39,17,20,21,22.0,14,38.0,13,11,19,13,16,20.0,40.0,43,17,47.0,,17,14,15,17,12,17,12,18.0,12,8,24.0,11,18,23,15,34.0,26,13,14,13,5.0,25,8,19,11,20,10,15,23.0,19.0,9,14,15,53.0,16,21,19,31.0,14,14.0,4.0,17,4,21.0,26,21,16,8.0,,21,17,13,14,17,18.0,14,12,21,14,12,6,22.0,37.0,25,8.0,36.0,18.0,,20,25.0,16,34,2,,9.0,15.0,,35.0,15,32.0,13.0,48.0,10,20,19.0,3,28,18,21.0,11.0,11.0,20,33.0,15,25,14.0,12.0,5,25.0,15.0,20,12,17.0,0,0.0,10.0,34.0,0,18,10.0,24,20,21,27,18,17,17,14,16,27,7,17,29.0,25.0,20,31,4,15.0,32.0,9,30,16,37.0,8,41.0,20,16,13,14,15,14.0,9,41.0,16,27,26.0,16,28,0,25.0,,27,33.0,57.0,15.0,24.0,15.0,16,5.0,21,17,14,8.0,4,19.0,31.0,10,31.0,18.0,37.0,15,6.0,11,29,11,26,18,18,10,25.0,17,35.0,20,42,26,20.0,27,46.0,40,14.0,20,20.0,19,28,16.0,13,31.0,11,41.0,11.0,21,16,25.0,18.0,16.0,14.0,32.0,19,15.0,36.0,22,47.0,29,24,29.0,21.0,13,13.0,18,22.0,17.0,12,22,25,44.0,11,44.0,11.0,28,,12,18.0,18,12,7,20.0,20.0,17,23,15,10.0,22.0,8,19,17.0,37,23.0,23.0,49.0,14.0,,10.0,21.0,14.0,60.0,23.0,20,44,0.0,,20.0,21.0,27.0,,10.0,40.0,10,23,13.0,62.0,20,19.0,9.0,13.0,26.0,36.0,17.0,25,13,42.0,,5.0,24.0,21,49.0,19.0,11.0,35,0,23,31.0,22.0,19.0,18.0,24,18,15.0,19.0,23,25.0,31.0,15,25.0,32.0,27.0,9,17.0,16,21.0,14.0,22.0,20,25.0,40,45.0,17,13,30.0,38.0,56.0,,47,16,6,22.0,23,33.0,24,0,28.0,19,13,18.0,32.0,33,36,24.0,15.0,,16.0,19.0,13.0,15,,21,10,37.0,21.0,28.0,7.0,,15.0,15,16,53.0,49.0,,31.0,15.0,21.0,14,19.0,17,34.0,,27.0,2.0,29,54.0,23,28.0,,34.0,16,10.0,34.0,26.0,32,29,15.0,,30.0,,18.0,15.0,42.0,10.0,13.0,48.0,16.0,22.0,15,17,22.0,13.0,23.0,9,9,17,26,14.0,56.0,16,4,29.0,32.0,28,29.0,22.0,29.0,32,0.0,25.0,9.0,24,31.0,8.0,37.0,18.0,57.0,,10,31.0,7,21.0,20,19,20,22.0,43.0,24.0,,,,10.0,40.0,24.0,28.0,16.0,20,31.0,,23,20.0,,20.0,,9,11.0,12.0,42.0,19,23,19.0,0,14.0,32.0,26.0,,21,10.0,9,5,32.0,9,19.0,10,36.0,47.0,30.0,22,21,,38.0,26,54.0,20,20.0,14,31.0,50.0,47.0,,29.0,9.0,12,16.0,,,33.0,6.0,,,23,29,30.0,17,16,26,5.0,14.0,34.0,24.0,11.0,21.0,51,21.0,37.0,10.0,59,,,32.0,31.0,55.0,27,24.0,27.0,21.0,53.0,27.0,19.0,28.0,30,29.0,45.0,38.0,23.0,15.0,16.0,35.0,7,46.0,28.0,47.0,12.0,19,23,25.0,35.0,34,39.0,10.0,11.0,3,31.0,4.0,15.0,15.0,20,46.0,22.0,26.0,45.0,21.0,28.0,,,19.0,21,22,13.0,29.0,28.0,34.0,20.0,14.0,19.0,36.0,,33.0,18,21,17.0,29,42.0,0.0,34.0,23.0,24,6,2.0,25.0,31.0,28.0,,13.0,28.0,37.0,25.0,22,36.0,31.0,25.0,35.0,45.0,12.0,18,47.0,19.0,24.0,5,33.0,15.0,18.0,58.0,16.0,28.0,16,40.0,34,0.0,23.0,19.0,34.0,18.0,17.0,21.0,22.0,45.0,39.0,61.0,30.0,21.0,3.0,28.0,14.0,31.0,33.0,0.0,19.0,41.0,16,33.0,33.0,27,61.0,39.0,15,46.0,54.0,37.0,18,18,21,0.0,22.0,24.0,49.0,59.0,36.0,49.0,,36.0,25,29.0,10,15.0,11,27,9.0,10,30.0,20.0,43.0,32.0,21,21.0,12.0,26.0,20.0,19.0,35.0,9,61.0,18,34.0,16.0,46.0,33,42.0,16,19,29.0,16.0,30.0,21,,,10,27.0,27.0,22.0,30.0,61.0,47.0,29.0,21.0,13,31.0,34.0,25.0,35.0,43.0,,37.0,28.0,28,32.0,13,14.0,42.0,24.0,34.0,12,36,18.0,39.0,42.0,18.0,20.0,15.0,24.0,41.0,58.0,27,40.0,25.0,30,25,43.0,11.0,4,19.0,27.0,11,42.0,19,24,32,31.0,24.0,,20.0,39.0,18.0,14.0,28.0,29.0,13.0,20.0,32.0,40.0,28.0,14.0,19.0,37.0,,21.0,25.0,,24.0,38.0,55.0,41.0,,21.0,51.0,25.0,36.0,31.0,27.0,17.0,31.0,21.0,22.0,18.0,23.0,26.0,48.0,,26.0,28.0,23.0,16.0,,41.0,33.0,19,13.0,31.0,13.0,29,37.0,62.0,,42.0,31.0,17.0,18.0,36.0,,16.0,30.0,14.0,54.0,,37.0,,39.0,21.0,26.0,53.0,21.0,,,18.0,24.0,43.0,,26.0,29,58.0,25.0,57.0,30,41.0,22.0,29.0,23.0,35.0,46.0,54.0,36.0,23.0,20,,27.0,12.0,50.0,46.0,48.0,30,15,41.0,,22.0,,0.0,11.0,27,21,18.0,37.0,61.0,55.0,25.0,22.0,31.0,25.0,57.0,47.0,8.0,48.0,12.0,20.0,17.0,25.0,16,15.0,6.0,29.0,57.0,36.0,12,37.0,31,,20,10.0,14.0,7.0,32.0,39.0,15.0,25.0,30.0,39.0,18.0,11.0,30.0,19,48.0,20.0,60.0,48.0,13.0,30,16.0,17.0,17.0,7.0,19.0,30.0,,36.0,21.0,23,18,28.0,42.0,45.0,,0.0,31.0,,15.0,11,,,41.0,38.0,45.0,33.0,28.0,15.0,29,16.0,,20.0,8,10,,,34.0,19.0,,13.0,40.0,20.0,43.0,21.0,44.0,17.0,17.0,35.0,46.0,4,32.0,,22.0,19.0,,21,28.0,,7,,44.0,48.0,33.0,32.0,29.0,56.0,46.0,26.0,,,38,48.0,43.0,21.0,15.0,35,58.0,38.0,,11.0,39.0,60.0,17.0,20.0,37.0,59.0,37.0,18.0,16.0,12,19,18.0,7.0,20.0,52.0,41.0,19,28,33.0,7.0,48.0,0.0,38.0,18.0,16.0,33.0,31.0,48.0,54.0,28.0,30.0,,40.0,47,18,27.0,25.0,39.0,18.0,,22,,60.0,,38.0,26.0,43.0,37.0,,,,24.0,60.0,57.0,,28.0,20,27.0,17.0,28,28.0,33.0,22.0,62.0,17.0,24.0,5.0,18.0,5.0,59.0,11.0,20.0,19.0,21.0,24.0,18.0,28.0,16.0,12.0,24.0,19.0,32.0,,34.0,52.0,,38.0,31.0,44.0,15.0,41.0,,,31.0,17.0,35.0,61.0,,37.0,13.0,14.0,25.0,38.0,56.0,40.0,22.0,51.0,26.0,13.0,24.0,6.0,26.0,,30.0,34.0,,3.0,34.0,4.0,16.0,,13,,36.0,41.0,49.0,30.0,26.0,15.0,,29.0,11.0,24.0,22.0,,0.0,16.0,16.0,40.0,18.0,11.0,7.0,39.0,14.0,19.0,33.0,13.0,32.0,48.0,18.0,34.0,34.0,38.0,,32.0,53.0,30.0,25.0,,40.0,25.0,24.0,25.0,38.0,51.0,45.0,28.0,,21,43.0,21.0,31.0,28.0,,23.0,28.0,19.0,,17,23.0,11.0,,51.0,34.0,5.0,13.0,34.0,17.0,26.0,26.0,58.0,18.0,21.0,,17.0,18,19.0,42.0,41.0,,21.0,16.0,30.0,58.0,4.0,,34.0,,11.0,30.0,26.0,30.0,58.0,50.0,31.0,19.0,37.0,27.0,9.0,34.0,20,15,16.0,37.0,24.0,24.0,41.0,19.0,17.0,38.0,51.0,38.0,58.0,,26.0,23.0,45.0,27.0,36.0,28.0,6.0,39.0,30.0,51.0,,23.0,,46.0,20.0,32.0,33.0,17.0,,,16.0,14.0,,19.0,52.0,24.0,17.0,27.0,13.0,,19.0,,48.0,21.0,,36.0,22,24.0,58.0,12.0,,31,,26.0,,57.0,6.0,44.0,19.0,15.0,18,52.0,34.0,25.0,40.0,50.0,28.0,,32,38.0,17.0,33.0,30.0,39,34.0,25.0,17.0,40.0,44.0,57.0,,29.0,53.0,47.0,26.0,,17.0,40.0,,16.0,,,13.0,61.0,41.0,37.0,,43.0,31,37.0,51.0,22.0,16.0,31.0,27.0,,14.0,31.0,13.0,18.0,42.0,16.0,43,15.0,61.0,32.0,6.0,58.0,,30.0,29.0,50.0,22.0,,16.0,38.0,16.0,59.0,58.0,15.0,45.0,,28.0,,17.0,35.0,25.0,19.0,23.0,26.0,24.0,22.0,37.0,30.0,,12.0,,30.0,40.0,10.0,25.0,,28.0,31.0,55.0,21.0,30.0,,25.0,52.0,48.0,52.0,48.0,29.0,21.0,,12.0,,18.0,29.0,0.0,31.0,12.0,13.0,0.0,21.0,48.0,,30.0,42.0,20.0,28.0,23,46.0,32.0,,,,1.0,18.0,,25.0,53.0,47.0,32.0,56.0,16.0,,14.0,23.0,23.0,23.0,34.0,17.0,48.0,41.0,30.0,23.0,47.0,21.0,19.0,19.0,26.0,19.0,17.0,54.0,37.0,5.0,19.0,17.0,29.0,37.0,31.0,19.0,26.0,57.0,27.0,59.0,38.0,53.0,32.0,22.0,35.0,,,19.0,33.0,0.0,46.0,34.0,7.0,13.0,25.0,48.0,33.0,62.0,,28.0,30.0,42.0,28.0,20.0,28.0,,54.0,11.0,37.0,12.0,20.0,41.0,19.0,44.0,29.0,39.0,28.0,,25.0,31.0,29.0,0.0,46.0,36.0,22.0,36.0,12.0,29.0,25.0,41.0,18.0,47.0,13.0,45.0,16.0,14.0,,,25.0,9.0,22.0,,41.0,14.0,25.0,16.0,9.0,40.0,41.0,29.0,9.0,8.0,45.0,27.0,38.0,47.0,43.0,22.0,26.0,51.0,,38.0,,26,33.0,,15.0,16.0,25.0,14.0,42.0,58.0,26.0,39.0,32,31.0,33.0,39.0,33.0,5.0,46.0,11.0,,30,43.0,43.0,16.0,43.0,,30.0,42.0,47.0,19.0,18.0,17.0,15.0,60.0,,36.0,57.0,10.0,20.0,45.0,33.0,62.0,34.0,32.0,41.0,12.0,24.0,43.0,46.0,28.0,30.0,12.0,,34.0,43.0,,45.0,24.0,52.0,23.0,,42.0,34.0,17.0,60.0,32.0,39.0,40.0,58.0,25.0,13.0,25.0,50.0,56.0,,14.0,35.0,50.0,21.0,11.0,,24.0,17.0,14.0,52.0,47.0,23.0,43.0,14.0,26.0,24.0,20.0,16.0,27.0,26.0,39.0,45.0,28.0,35.0,36.0,41.0,55.0,62.0,,29.0,15.0,52.0,53.0,61.0,,29.0,15.0,42.0,18.0,9.0,47.0,9.0,14.0,,13.0,53.0,14.0,40.0,61.0,0.0,,,,31.0,19,,30.0,14.0,52.0,31.0,21.0,18.0,30.0,,,41.0,,25.0,20.0,34.0,28.0,18.0,44.0,51.0,23.0,47.0,21.0,53.0,20.0,,46.0,62.0,34.0,27.0,28.0,7.0,,,19.0,,38.0,,32.0,,43.0,38.0,22.0,22.0,1.0,26.0,,7.0,58.0,19.0,18.0,9.0,29.0,40.0,34.0,41.0,6.0,11.0,,33.0,25.0,56.0,20.0,15.0,57.0,,33.0,28.0,48.0,32.0,34.0,28.0,56.0,29.0,,58.0,,26.0,21.0,62.0,25,,31.0,13,21.0,20.0,,26.0,25.0,4.0,21.0,8.0,13.0,38.0,56.0,58.0,36.0,23.0,24.0,19.0,19.0,,,14.0,47.0,17.0,61.0,16.0,54.0,12.0,35.0,43.0,24.0,14.0,5.0,32.0,46.0,36.0,,21.0,24.0,37.0,,22.0,0.0,36.0,22.0,52.0,14.0,31.0,24.0,21.0,7.0,28.0,53.0,41.0,35.0,27.0,39.0,35.0,0.0,35.0,25.0,18.0,49.0,20.0,24.0,8.0,,39.0,24.0,55.0,23.0,57.0,32.0,36.0,36.0,,,24.0,,27.0,47.0,33.0,21.0,54.0,44.0,44.0,33.0,29.0,45.0,57.0,35.0,25.0,36.0,36.0,52.0,25.0,26.0,34.0,,,21.0,13.0,26.0,57.0,35.0,57.0,32.0,17.0,46.0,34.0,34.0,,17.0,,48.0,36.0,33.0,57.0,42.0,,29.0,13.0,24.0,45.0,,52.0,28.0,,31.0,62.0,29.0,40.0,31.0,17.0,33.0,43.0,,13.0,54.0,10.0,25.0,23.0,18.0,19.0,11.0,,10.0,,31.0,16.0,41.0,,16.0,8.0,,21.0,32.0,17.0,49.0,,17.0,57.0,,,31.0,50.0,30.0,28.0,29.0,44.0,11.0,44.0,,51.0,2.0,32.0,,,,14.0,37.0,,,38.0,24.0,24.0,40.0,22.0,40.0,33.0,29.0,,51.0,,22.0,35.0,28.0,55.0,29.0,48.0,25.0,53.0,25.0,51.0,30.0,,20.0,,10.0,36.0,,40.0,22.0,,43.0,61.0,0.0,,33.0,24.0,,33.0,,,17.0,12.0,10.0,,18.0,20.0,61.0,,14.0,9.0,,14.0,12.0,24.0,26.0,5.0,38.0,16.0,24.0,29.0,,41.0,40.0,32.0,,48.0,,19.0,,50.0,48.0,,17.0,34.0,,15.0,31.0,19.0,62.0,28.0,45.0,23.0,28.0,5.0,18.0,36.0,34.0,42.0,27.0,,38.0,,17.0,24.0,14.0,33.0,17.0,32.0,,,25.0,40.0,47.0,52.0,,36.0,24.0,,50.0,34.0,33.0,20.0,35.0,38.0,9.0,18.0,,38.0,57.0,28.0,22.0,61.0,59.0,46.0,31.0,60.0,33.0,,14.0,17.0,37.0,47.0,57.0,18.0,46.0,29.0,33.0,26.0,20.0,29.0,19.0,,29.0,17.0,45.0,45.0,12.0,,30.0,9.0,23.0,,,,47.0,,32.0,21.0,37.0,4.0,17.0,17.0,57.0,15.0,10.0,,52.0,53.0,62.0,15.0,,18.0,0.0,55.0,33.0,32.0,28.0,27.0,21.0,22.0,21.0,36.0,25.0,15.0,33.0,20.0,44.0,10.0,23.0,43.0,24.0,42.0,28.0,29.0,54.0,,11.0,34.0,7.0,,28.0,32.0,15.0,,31.0,28.0,15.0,35.0,17.0,,39.0,,49.0,,38.0,57.0,,21.0,,,34.0,,35.0,,27.0,41.0,28.0,21.0,27.0,35.0,,48.0,0.0,50.0,,18.0,,51.0,,30.0,20.0,28.0,,34.0,15.0,37.0,35.0,45.0,31.0,18.0,32.0,29.0,34.0,25.0,23.0,,15.0,25.0,27.0,16.0,46.0,,33.0,40.0,24.0,,,,51.0,31.0,,46.0,8.0,46.0,31.0,22.0,34.0,,23.0,51.0,28.0,,14.0,36.0,,33.0,22.0,22.0,11.0,26.0,,29.0,19.0,22.0,28.0,21.0,,35.0,,39.0,26.0,25.0,28.0,30.0,29.0,17.0,23.0,55.0,26.0,23.0,30.0,46.0,49.0,57.0,37.0,57.0,7.0,34.0,12.0,,,,,42.0,39.0,29.0,,42.0,15.0,45.0,16.0,31.0,25.0,,25.0,31.0,42.0,22.0,18.0,22.0,30.0,,55.0,,59.0,54.0,47.0,,,13.0,24.0,,21.0,16.0,26.0,28.0,27.0,23.0,13.0,28.0,24.0,25.0,,46.0,39.0,,23.0,62.0,16.0,40.0,34.0,,21.0,29.0,17.0,30.0,18.0,11.0,26.0,43.0,,9.0,23.0,,37.0,37.0,24.0,,41.0,36.0,46.0,31.0,,49.0,,5.0,59.0,,37.0,26.0,17.0,31.0,20.0,13.0,30.0,23.0,45.0,40.0,,57.0,,,17.0,,16.0,,39.0,28.0,24.0,23.0,,20.0,25.0,30.0,28.0,30.0,51.0,19.0,,36.0,26.0,,,46.0,10.0,0.0,32.0,21.0,59.0,52.0,59.0,28.0,28.0,,,46.0,48.0,36.0,60.0,31.0,22.0,,,51.0,20.0,29.0,2.0,,30.0,15.0,42.0,31.0,30.0,22.0,32.0,,28.0,,45.0,25.0,28.0,13.0,18.0,19.0,35.0,19.0,,33.0,38.0,17.0,19.0,33.0,45.0,,,12.0,8.0,,35.0,27.0,32.0,30.0,24.0,47.0,,14.0,59.0,62.0,6.0,36.0,,,51.0,41.0,13.0,,28.0,,,,27.0,44.0,,26.0,29.0,47.0,19.0,35.0,21.0,,4.0,,46.0,,28.0,14.0,53.0,56.0,20.0,,23.0,,,,42.0,18.0,,35.0,33.0,15.0,30.0,19.0,,,28.0,36.0,59.0,29.0,47.0,,52.0,34.0,26.0,,21.0,,59.0,11.0,22.0,,19.0,19.0,,34.0,12.0,,43.0,35.0,,21.0,45.0,,17.0,44.0,17.0,,36.0,25.0,18.0,,,59.0,22.0,,,,26.0,,12.0,,42.0,,26.0,,,45.0,,42.0,28.0,59.0,7.0,33.0,55.0,7.0,33.0,,18.0,41.0,5.0,33.0,0.0,35.0,38.0,20.0,,56.0,16.0,52.0,46.0,22.0,13.0,,32.0,,9.0,,26.0,54.0,,,,36.0,22.0,60.0,46.0,57.0,,33.0,28.0,17.0,,60.0,21.0,56.0,16.0,51.0,48.0,,36.0,38.0,,34.0,,19.0,14.0,49.0,48.0,9.0,,16.0,,50.0,,14.0,57.0,40.0,,25.0,39.0,6.0,,,54.0,27.0,21.0,17.0,37.0,16.0,52.0,56.0,23.0,,38.0,24.0,28.0,9.0,17.0,,15.0,,39.0,32.0,47.0,50.0,51.0,29.0,,11.0,30.0,41.0,15.0,27.0,61.0,,36.0,,61.0,,22.0,,15.0,,26.0,,35.0,29.0,37.0,30.0,,35.0,,61.0,30.0,9.0,37.0,12.0,33.0,27.0,,59.0,,22.0,,45.0,,41.0,,23.0,,20.0,7.0,,20.0,,,,12.0,26.0,11.0,13.0,56.0,,40.0,19.0,38.0,62.0,41.0,,18.0,44.0,,56.0,,56.0,35.0,42.0,17.0,9.0,27.0,,,,,54.0,14.0,9.0,,19.0,49.0,16.0,,24.0,,,43.0,,24.0,28.0,31.0,49.0,60.0,25.0,42.0,31.0,54.0,27.0,59.0,,,33.0,22.0,,,,35.0,42.0,33.0,,17.0,13.0,42.0,22.0,54.0,34.0,59.0,2.0,37.0,,,28.0,30.0,,36.0,18.0,22.0,26.0,28.0,62.0,42.0,,,27.0,41.0,,15.0,46.0,31.0,,19.0,25.0,21.0,22.0,,27.0,32.0,,37.0,55.0,51.0,,0.0,56.0,,53.0,52.0,,38.0,13.0,,30.0,33.0,,,44.0,34.0,62.0,17.0,29.0,30.0,25.0,,25.0,10.0,39.0,41.0,,46.0,29.0,28.0,42.0,58.0,,53.0,,33.0,,12.0,,20.0,33.0,47.0,60.0,,17.0,56.0,,28.0,,,29.0,33.0,33,3,2.4488403819918143,18.531456478023557,-0.348428650430612
8,7,7,12,9,6,12,11,10,8,8,15,8,9,14,5,13,9,29,25,9,23,10,13,11,14,15,10,8,9,13,8,8,4,10,13,6,9,5,8,7,34.0,11,13,11,7,22,15,14,16,7,22,13,10,26,20,11,12,9,14,9,8,9,14,13.0,15,13,16,20,14,13,17,15,10,9,13,20,13,18,15,24,11,10,16,16,18,15,15,19,10,17,9,19,14,10,2,12,23,16,15,20,17,15,16,16,17,11,29,14,15,18,37.0,16,20,35.0,18,18,28,16,25,12,17,8,14,13,13,22,14.0,14,11,24,14,41.0,18,15,27.0,15,38,17,16,17,13,24,19,55.0,29.0,10,20.0,12,5,11,14,46.0,14,23,23,17,27.0,21,28,12,17,23,21,15,10.0,15,28,11,17,22,19.0,17,27,14,37,17,23.0,12,12.0,23,16,23,20,21,36.0,17.0,46,23,36.0,22.0,14,25,13,15,31,16,18,17.0,25,10,51.0,25,24,23,18,43.0,21,16,28,16,23.0,37,24,24,18,14,14,21,21.0,16.0,18,20,23,57.0,14,16,6,17.0,9,24.0,30.0,9,28,33.0,25,14,20,17.0,25.0,22,17,12,33,10,34.0,24,23,22,29,14,20,17.0,24.0,27,49.0,24.0,22.0,28.0,0,47.0,24,20,11,42.0,31.0,51.0,13.0,56.0,6,46.0,26.0,23.0,13,26,48.0,29,28,22,34.0,13.0,32.0,24,60.0,22,23,15.0,16.0,6,15.0,26.0,19,0,14.0,16,22.0,24.0,13.0,27,23,21.0,16,22,22,28,18,19,1,27,17,24,13,13,60.0,47.0,21,14,11,22.0,35.0,35,30,19,24.0,38,,22,14,18,15,9,34.0,12,11.0,22,23,19.0,14,22,17,41.0,38.0,14,26.0,,10.0,45.0,21.0,18,28.0,16,0,15,25.0,19,19.0,15.0,19,53.0,13.0,12.0,0,10.0,8,24,25,34,3,17,22,19.0,18,55.0,32,47,14,15.0,27,23.0,23,24.0,12,,5,21,36.0,36,23.0,23,14.0,12.0,17,21,0.0,49.0,18.0,18.0,60.0,19,30.0,19.0,17,34.0,16,15,,14.0,15,18.0,25,11.0,18.0,24,6,13,23.0,0,16.0,55.0,14,59.0,11,13.0,7,13,11,13.0,44.0,25,21,16,22.0,29.0,34,28,26.0,21,31.0,33.0,25.0,24.0,64.0,24.0,23.0,37.0,54.0,13.0,23,15,18.0,,13.0,7.0,,61.0,37.0,15.0,15,0,36.0,35.0,15,0.0,,45.0,25.0,44.0,26.0,22,22,22.0,13.0,32.0,23.0,19,46.0,20.0,19.0,14,20,16,,57.0,23.0,21.0,22,35,20.0,27.0,19,34.0,33.0,23,41.0,20.0,13.0,0,31.0,36,40.0,6.0,16.0,16,17.0,42,9.0,20,22,,21.0,28.0,13.0,18,17,23,25.0,20,44.0,22,18,19.0,21,8,22.0,30.0,5,23,26.0,45.0,,38.0,30.0,9.0,25,64.0,20,16,36.0,17.0,36.0,30.0,,42.0,24,21,21.0,7.0,16.0,29.0,,15.0,14,11.0,26,48.0,51.0,37.0,14.0,21,36.0,33,35.0,32.0,55.0,36,46.0,28.0,48.0,23,18,17.0,61.0,23.0,37.0,29.0,15.0,47.0,15.0,33.0,46.0,21.0,6.0,15,36,23.0,18.0,10.0,21,22,11,16,43.0,52.0,11,13,22.0,16.0,28,46.0,22.0,17.0,3,39.0,28.0,20.0,18,25.0,16.0,19.0,49.0,,13.0,28,21.0,17,15.0,26,24,14,50.0,23.0,19.0,20.0,63.0,38.0,17.0,35.0,24.0,35.0,22.0,23,32.0,43.0,10,10.0,46.0,24.0,44.0,15,28.0,,35.0,15,17,27.0,33,28.0,9.0,24.0,19.0,27,25.0,18,22,22.0,8,55.0,22,39.0,55.0,27.0,22,23,,32.0,17,,41,43.0,24,49.0,12.0,40.0,,46.0,16.0,24,24.0,,18.0,21.0,31.0,34.0,14.0,20,25,18.0,5,27,28,17.0,36.0,19.0,19.0,36.0,22.0,24,24.0,53.0,,46,15.0,,44.0,46.0,32.0,27,7.0,33.0,24.0,43.0,17.0,18.0,34.0,36,,33.0,14.0,26.0,16.0,18.0,22.0,17,37.0,41.0,,26.0,18,17,24.0,17.0,22,33.0,26.0,47.0,21,21.0,48.0,32.0,12.0,13,23.0,,28.0,43.0,25.0,20.0,16.0,33.0,49.0,12,20,41.0,25.0,41.0,33.0,27.0,,25.0,22.0,14.0,34.0,34,26,43.0,29,62.0,47.0,36.0,0.0,23,16,34.0,31.0,34.0,,34.0,35.0,25.0,18.0,52.0,25,17.0,19.0,42.0,33.0,53.0,17.0,21,33.0,39.0,18.0,32,32.0,11.0,,7.0,27.0,13.0,31,39.0,32,31.0,23.0,28.0,39.0,11.0,26.0,21.0,33.0,29.0,28.0,37.0,12.0,14.0,37.0,27.0,27.0,27.0,54.0,20.0,45.0,30.0,22,21.0,17.0,18,18.0,37.0,26,,42.0,,34,15,32,42.0,42.0,,43.0,18.0,58.0,22.0,18.0,57.0,16,26.0,19,16.0,17,21,18.0,25,13.0,,48.0,,35,52.0,16.0,20.0,12.0,16.0,,15,57.0,4,35.0,17.0,30.0,22,42.0,14,20,31.0,23.0,2.0,22,,61.0,20,21.0,54.0,33.0,43.0,31.0,45.0,27.0,45.0,22,42.0,16.0,26.0,40.0,19.0,,31.0,44.0,33,50.0,21,0.0,29.0,20.0,35.0,24,29,18.0,38.0,32.0,10.0,20.0,20.0,40.0,12.0,43.0,38,32.0,23.0,6,6,27.0,9.0,23,23.0,32.0,21,,27,29,0,39.0,26.0,,,15.0,43.0,38.0,,38.0,28.0,24.0,29.0,55.0,14.0,34.0,19.0,27.0,41.0,24.0,15.0,23.0,29.0,24.0,35.0,43.0,19.0,31.0,17.0,8.0,57.0,11.0,28.0,32.0,55.0,37.0,27.0,19.0,50.0,33.0,24.0,,19.0,,18.0,38.0,16.0,26.0,44.0,25,31.0,38.0,37.0,19,25.0,,10.0,56.0,51.0,26.0,,14.0,57.0,47.0,17.0,24.0,45.0,56.0,31.0,29.0,15.0,39.0,30.0,35.0,46.0,,,25.0,29.0,42.0,15.0,,21,38.0,30.0,23.0,22,15.0,23.0,24.0,17.0,34.0,52.0,22.0,25.0,15.0,7,34.0,45.0,17.0,12.0,46.0,37.0,35,17,14.0,35.0,13.0,16.0,,31.0,47,29,40.0,,63.0,,,33.0,15.0,50.0,42.0,42.0,30.0,35.0,39.0,15.0,23.0,15.0,17,60.0,10.0,39.0,48.0,39.0,28,13.0,6,32.0,22,16.0,,7.0,42.0,64.0,32.0,34.0,38.0,13.0,27.0,32.0,24.0,28,29.0,62.0,43.0,16.0,30.0,41,29.0,50.0,36.0,,42.0,53.0,48.0,54.0,38.0,21,21,18.0,46.0,18.0,23.0,,15.0,31.0,30.0,28,18.0,38.0,,,,36.0,13.0,36.0,19,0.0,19.0,45.0,17,24,33.0,,43.0,43.0,28.0,12.0,26.0,9.0,30.0,13.0,25.0,21.0,,42.0,32.0,32,43.0,0.0,25.0,23.0,54.0,29,59.0,34.0,32,56.0,35.0,,42.0,36.0,43.0,19.0,44.0,21.0,10.0,,20,64.0,52.0,,13.0,46,45.0,32.0,30.0,8.0,30.0,54.0,32.0,15.0,61.0,19.0,24.0,26.0,18.0,37,20,,29.0,0.0,36.0,,26,17,23.0,29.0,40.0,50.0,18.0,30.0,,14.0,42.0,22.0,56.0,26.0,43.0,12.0,22.0,21,27,27.0,7.0,23.0,57.0,,40,22.0,23.0,,25.0,45.0,41.0,24.0,19.0,18.0,38.0,,47.0,31.0,47.0,36.0,29,14.0,25.0,26,64.0,18.0,59.0,,17.0,40.0,25.0,30.0,33.0,20.0,42.0,27.0,36.0,25.0,53.0,,6.0,25.0,64.0,35.0,11.0,,52.0,16.0,,24.0,40.0,32.0,,13.0,64.0,12.0,61.0,26.0,30.0,33.0,21.0,,27.0,35.0,5.0,40.0,28.0,,51.0,22.0,36.0,28.0,28.0,2.0,45.0,22.0,,25.0,11.0,23.0,22.0,39.0,47.0,26.0,,23,,24.0,41.0,58.0,33.0,,25.0,27.0,28.0,26.0,47.0,37.0,,32.0,26.0,27.0,60.0,14.0,58.0,19.0,31.0,27.0,19.0,20.0,12.0,23.0,30.0,62.0,53.0,33.0,32.0,16.0,23.0,38.0,,39.0,52.0,,52.0,14.0,31.0,21.0,54.0,25.0,36.0,34.0,11,43.0,29.0,45.0,31.0,0.0,20.0,0.0,12.0,19.0,33,9.0,35.0,,46.0,36.0,28.0,37.0,22.0,25.0,32.0,24.0,60.0,24.0,31.0,,34.0,27,26.0,14.0,,,19.0,17.0,,19.0,13.0,0.0,29.0,,,,36.0,17.0,47.0,47.0,,29.0,,12.0,45.0,0.0,23,15,17.0,28.0,38.0,24.0,,36.0,28.0,,32.0,12.0,36.0,8.0,41.0,36.0,21.0,29.0,42.0,37.0,17.0,,13.0,37.0,,54.0,,,54.0,12.0,29.0,,37.0,35.0,32.0,,53.0,49.0,17.0,25.0,46.0,13.0,11.0,58.0,24.0,24.0,64.0,17.0,38.0,31.0,36,48.0,39.0,37.0,,34,,,60.0,43.0,29.0,,23.0,,19,36.0,33.0,61.0,42.0,,43.0,60.0,40,44.0,9.0,21.0,,43,62.0,19.0,20.0,29.0,,34.0,16.0,29.0,9.0,20.0,12.0,39.0,16.0,14.0,45.0,17.0,28.0,37.0,17.0,45.0,15.0,32.0,20.0,44.0,40,62.0,44.0,40.0,21.0,30.0,56.0,15.0,27.0,,47.0,29.0,,16.0,13,1.0,46.0,18.0,41.0,15.0,18.0,,32.0,39.0,,3.0,36.0,27.0,20.0,40.0,47.0,45.0,23.0,58.0,57.0,47.0,57.0,14.0,14.0,17.0,34.0,23.0,23.0,31.0,44.0,25.0,18.0,50.0,29.0,10.0,41.0,45.0,22.0,15.0,21.0,18.0,46.0,21.0,26.0,35.0,49.0,20.0,38.0,23.0,41.0,32.0,32.0,13.0,39.0,,30.0,42.0,31.0,51.0,38.0,8.0,18.0,21.0,25.0,34.0,35.0,15.0,42.0,,25,26.0,,16.0,24.0,34.0,,35.0,26.0,62.0,32.0,25.0,23.0,,15.0,,16.0,17.0,32.0,34.0,62.0,21.0,30.0,32.0,9.0,62.0,12.0,24.0,41.0,0.0,28.0,30.0,35.0,,18.0,9.0,41.0,39.0,,37.0,18.0,31.0,16.0,63.0,8.0,64.0,42.0,41.0,,19.0,23.0,41.0,,21.0,22.0,15.0,16.0,38.0,31.0,26.0,,37.0,,11.0,16.0,23.0,,0.0,18.0,,22.0,26.0,,24.0,12.0,18.0,50.0,,18.0,50.0,26.0,33.0,,24.0,,20.0,8.0,,44.0,44.0,44.0,33.0,20.0,42.0,32.0,37.0,42.0,20.0,13.0,,27.0,12.0,31.0,43.0,54.0,27.0,32.0,,27.0,22.0,24.0,12.0,19.0,,,37.0,27.0,17.0,42.0,17.0,19.0,40.0,41.0,26.0,48.0,31.0,37.0,39.0,59.0,17,35.0,0.0,18.0,30.0,29.0,23.0,31.0,37.0,15.0,,9,,23.0,46.0,27.0,31.0,38.0,46.0,35.0,25,24.0,,31.0,,15.0,31.0,42.0,27.0,21.0,,49.0,38.0,47.0,,,21.0,46.0,53.0,34.0,,17.0,25.0,36.0,,,9.0,12.0,37.0,28.0,20.0,31.0,26.0,33.0,23.0,13.0,62.0,30.0,45.0,41.0,46.0,23.0,,24.0,23.0,37.0,45.0,,,49.0,29.0,39.0,16.0,44.0,,35.0,64.0,30.0,,31.0,31.0,57.0,31.0,49.0,44.0,,48.0,34.0,29.0,36.0,30.0,34.0,28.0,,39.0,20.0,9.0,,60.0,30.0,,40.0,19.0,39.0,23.0,19.0,19.0,21.0,17.0,,24.0,10.0,38.0,,19.0,25.0,32.0,27.0,32.0,14.0,27.0,41.0,,25.0,,17.0,26.0,58.0,21.0,24,28.0,61.0,17.0,33.0,,32.0,,27.0,22.0,43.0,,40.0,37.0,24.0,25.0,17.0,14.0,,8.0,,29.0,20.0,34.0,,62.0,56.0,29.0,19.0,21.0,53.0,16.0,28.0,36.0,19.0,63.0,37.0,,,,24.0,18.0,35.0,,,40.0,47.0,18.0,17.0,,39.0,47.0,19.0,24.0,,16.0,49.0,49.0,39.0,,,56.0,19.0,,44.0,46.0,52.0,64.0,38.0,54.0,19.0,46.0,45.0,10.0,,12.0,31.0,37.0,22.0,,12,45.0,0.0,42,21.0,,,41.0,33.0,21.0,,44.0,27.0,,30.0,57.0,29.0,19.0,,0.0,16.0,34.0,,,25.0,41.0,32.0,45.0,30.0,54.0,20.0,27.0,31.0,28.0,,32.0,45.0,15.0,,44.0,,12.0,37.0,22.0,59.0,64.0,21.0,55.0,38.0,20.0,21.0,47.0,13.0,59.0,,32.0,34.0,29.0,25.0,32.0,15.0,23.0,44.0,64.0,58.0,53.0,,16.0,,18.0,24.0,54.0,,23.0,19.0,,38.0,17.0,25.0,,24.0,10.0,21.0,31.0,40.0,3.0,46.0,20.0,,29.0,25.0,47.0,42.0,52.0,55.0,28.0,58.0,,14.0,49.0,26.0,18.0,47.0,28.0,13.0,32.0,44.0,49.0,18.0,41.0,30.0,9.0,27.0,,24.0,46.0,61.0,54.0,,62.0,22.0,64.0,24.0,30.0,22.0,34.0,53.0,33.0,,22.0,49.0,44.0,38.0,9.0,28.0,63.0,26.0,43.0,,,,20.0,30.0,12.0,39.0,,54.0,35.0,24.0,,11.0,,46.0,12.0,42.0,35.0,44.0,44.0,,26.0,38.0,,46.0,47.0,,42.0,,21.0,22.0,28.0,40.0,29.0,26.0,10.0,56.0,46.0,15.0,14.0,,55.0,49.0,15.0,16.0,22.0,49.0,,51.0,63.0,41.0,31.0,17.0,23.0,,22.0,27.0,62.0,40.0,38.0,29.0,50.0,17.0,18.0,24.0,42.0,33.0,50.0,,,8.0,,43.0,,46.0,38.0,22.0,43.0,,24.0,37.0,34.0,,47.0,25.0,23.0,,,9.0,44.0,12.0,57.0,61.0,44.0,24.0,,56.0,,22.0,25.0,52.0,,34.0,33.0,40.0,30.0,50.0,29.0,60.0,57.0,,20.0,15.0,17.0,64.0,27.0,31.0,,36.0,22.0,25.0,63.0,58.0,22.0,,27.0,,18.0,11.0,35.0,26.0,30.0,22.0,31.0,29.0,,52.0,46.0,39.0,,32.0,40.0,,39.0,26.0,23.0,17.0,,42.0,10.0,43.0,51.0,34.0,38.0,,39.0,26.0,10.0,9.0,36.0,39.0,25.0,,28.0,,13.0,37.0,,12.0,25.0,29.0,17.0,16.0,,40.0,35.0,38.0,0.0,27.0,,44.0,18.0,18.0,41.0,52.0,29.0,,42.0,22.0,54.0,37.0,28.0,19.0,,44.0,46.0,34.0,37.0,,22.0,,35.0,19.0,18.0,62.0,35.0,15.0,16.0,,51.0,23.0,55.0,35.0,47.0,,,29.0,24.0,21.0,,32.0,32.0,,22.0,28.0,52.0,,10.0,25.0,16.0,17.0,,,,,21.0,,,62.0,41.0,35.0,5.0,30.0,61.0,13.0,18.0,17.0,13.0,49.0,,,37.0,29.0,49.0,30.0,29.0,23.0,10.0,38.0,64.0,32.0,41.0,43.0,45.0,19.0,18.0,17.0,34.0,,26.0,64.0,,49.0,33.0,40.0,61.0,33.0,47.0,33.0,17.0,32.0,19.0,56.0,,20.0,46.0,17.0,,11.0,21.0,,14.0,29.0,55.0,35.0,30.0,50.0,37.0,18.0,6.0,,21.0,34.0,0.0,,35.0,22.0,37.0,50.0,46.0,21.0,54.0,64.0,54.0,12.0,53.0,36.0,45.0,15.0,,31.0,25.0,31.0,54.0,16.0,21.0,25.0,51.0,55.0,43.0,31.0,27.0,15.0,35.0,45.0,0.0,21.0,62.0,53.0,,,53.0,33.0,34.0,0.0,,39.0,44.0,48.0,36.0,19.0,40.0,,39.0,,39.0,60.0,34.0,49.0,28.0,45.0,58.0,30.0,27.0,,22.0,60.0,57.0,61.0,15.0,49.0,,35.0,56.0,28.0,64.0,52.0,24.0,64.0,34.0,16.0,,46.0,62.0,39.0,37.0,17.0,21.0,4.0,,10.0,32.0,49.0,,36.0,32.0,21.0,45.0,23.0,30.0,61.0,22.0,16.0,59.0,59.0,30.0,,27.0,,39.0,,56.0,58.0,31.0,21.0,20.0,16.0,,38.0,17.0,,23.0,3.0,54.0,36.0,11.0,41.0,,,38.0,17.0,,41.0,44.0,33.0,48.0,50.0,28.0,31.0,26.0,45.0,,48.0,49.0,12.0,33.0,63.0,23.0,,17.0,22.0,,12.0,36.0,26.0,15.0,14.0,50.0,,50.0,20.0,15.0,,27.0,,,39.0,,63.0,22.0,45.0,40.0,,20.0,48.0,29.0,21.0,49.0,41.0,19.0,29.0,,31.0,,43.0,15.0,13.0,,,40.0,,14.0,,30.0,57.0,24.0,29.0,37.0,27.0,46.0,,32.0,46.0,56.0,19.0,58.0,28.0,,49.0,30.0,54.0,48.0,,24.0,17.0,,,,45.0,39.0,,15.0,,52.0,45.0,,54.0,33.0,27.0,,13.0,49.0,,38.0,46.0,,38.0,26.0,28.0,,13.0,,,18.0,41.0,44.0,25.0,,,14.0,36.0,,19.0,26.0,23.0,50.0,,44.0,16.0,34.0,,51.0,,28.0,8.0,41.0,28.0,18.0,26.0,,,36.0,,17.0,,49.0,19.0,41.0,,61.0,42.0,35.0,63.0,53.0,,,,31.0,,37.0,42.0,25.0,,42.0,45.0,36.0,25.0,54.0,49.0,39.0,,,27.0,,50.0,21.0,26.0,14.0,,,12.0,32.0,,33.0,,,,23.0,,27.0,19.0,,48.0,,38.0,40.0,23.0,0.0,,29.0,,,8.0,43.0,11.0,23.0,25.0,16.0,,,,,34.0,60.0,54.0,28.0,34.0,,4.0,27.0,25.0,25.0,44.0,9.0,39.0,21.0,,34.0,,38.0,49.0,,52.0,59.0,39.0,,23.0,,38.0,60.0,,21.0,,22.0,23.0,,37.0,,9.0,35.0,31.0,,20.0,49.0,21.0,,31.0,,29.0,33.0,,61.0,,,,33.0,60.0,25.0,26.0,,,37.0,52.0,58.0,11.0,19.0,19.0,,41.0,13.0,64.0,24.0,34.0,,24.0,17.0,43.0,18.0,,,,,51.0,,39.0,29.0,37.0,,35.0,,,26.0,27.0,29.0,28.0,51.0,30.0,44.0,64.0,33.0,17.0,47.0,60.0,23.0,45.0,30.0,41.0,,31.0,29.0,,33.0,19.0,27.0,15.0,45.0,13.0,49.0,40.0,30.0,0.0,58.0,60.0,26.0,,35.0,56.0,44.0,13.0,42.0,32.0,51.0,27.0,4.0,,30.0,54.0,38.0,,25.0,38.0,,15.0,38.0,25.0,34.0,60.0,,45.0,27.0,,23.0,13.0,,,,,,47.0,24.0,23.0,,,,,22.0,,38.0,,33.0,47.0,,35.0,17.0,19.0,43.0,13.0,49.0,,19.0,19.0,17.0,51.0,14.0,24.0,27.0,12.0,,25.0,,,37.0,23.0,26.0,46.0,,48.0,64.0,38.0,41.0,,57.0,49.0,20.0,9.0,26.0,61.0,47.0,25.0,,45.0,28.0,,23.0,64.0,33.0,30.0,26.0,28.0,59.0,21.0,43.0,60.0,,53.0,42.0,42.0,37.0,17.0,,62.0,,47.0,38.0,,15.0,41.0,57.0,24.0,44.0,,20.0,33.0,26.0,33.0,41.0,55.0,29.0,57.0,56.0,36.0,29.0,17.0,,,17.0,49.0,,41.0,31.0,14.0,,,47.0,17.0,64.0,60.0,30.0,,19.0,18.0,60.0,15.0,27.0,22.0,15.0,,,32.0,64.0,,19.0,41.0,,40.0,,,16.0,,32.0,11.0,18.0,,32.0,37.0,48.0,40.0,,,,,64.0,48.0,16.0,28.0,,41.0,13.0,,34,3,2.4972527472527477,18.465512347431165,-0.3426307748513812
8,5,9,9,8,9,9,10,10,9,7,11,9,9,13,10,7,9,21,9,10,10,11,8,6,6,12,10,2,12,12,12,13,12,7,11,23,15,13,12,17,23.0,15,19,11,14,20,12,9,26,11,9,9,14,31,19,16,21,11,11,15,20,17,15,31.0,10,15,10,12,15,18,15,19,11,10,17,11,13,9,9,3,17,10,12,18,22,6,1,22,23,10,12,20,19,23,14,18,15,19,17,14,8,14,10,15,10,15,22,16,13,16,21.0,21,24,12.0,10,16,13,0,21,14,10,16,11,12,15,12,18.0,12,12,18,13,16.0,12,18,33.0,14,10,9,21,11,12,25,25,26.0,0.0,10,24.0,17,22,11,20,20.0,12,21,11,19,12.0,18,20,25,16,12,27,27,21.0,21,21,19,22,20,21.0,7,18,6,20,20,13.0,2,30.0,13,20,14,23,16,33.0,24.0,23,27,62.0,26.0,16,13,13,17,28,24,14,28.0,23,25,12.0,17,21,13,22,,9,7,37,20,14.0,1,38,11,0,16,20,8,50.0,29.0,20,23,15,52.0,18,20,21,35.0,19,10.0,16.0,25,4,26.0,27,15,24,25.0,,21,25,3,12,21,22.0,25,21,28,14,19,16,26.0,12.0,17,,41.0,24.0,27.0,37,19.0,14,21,31,,46.0,18.0,40.0,25.0,18,15.0,22.0,23.0,12,28,20.0,12,20,14,34.0,25.0,24.0,9,26.0,14,19,0.0,20.0,14,,25.0,17,21,14.0,10,23.0,22.0,16.0,34,24,,18,22,25,13,13,13,20,19,14,29,21,15,30.0,26.0,31,14,20,25.0,17.0,24,31,29,,16,59.0,25,15,14,13,16,18.0,15,14.0,20,23,29.0,13,22,18,,34.0,27,58.0,12.0,38.0,52.0,25.0,20,17.0,20,27,12,28.0,14,14.0,13.0,17,,12.0,,40,46.0,14,26,20,26,18,26,21,24.0,14,13.0,28,24,14,22.0,17,24.0,26,42.0,30,38.0,25,22,43.0,11,14.0,19,22.0,34.0,29,47,9.0,27.0,22.0,34.0,21.0,19,7.0,16.0,22,38.0,14,21,11.0,26.0,18,16.0,7,24.0,51.0,14,25,14,20.0,4,15.0,16.0,21,8.0,13,11.0,25,17,16,30.0,35.0,13,25,19,28.0,26.0,62,21,30.0,33,27.0,17.0,61.0,26.0,59.0,,26.0,36.0,,27.0,20,25,25.0,,22.0,29.0,24.0,37.0,33.0,33.0,20,20,15.0,15.0,13,,44.0,,39.0,31.0,50.0,22,21,47.0,43.0,15.0,24.0,16,20.0,18.0,31.0,46,23,22,20.0,16.0,12.0,24.0,9,19,25.0,20.0,6,38.0,29.0,29,60.0,23.0,15.0,43,28.0,26,20.0,37.0,38.0,24,20.0,32,20.0,18,31,34.0,28.0,51.0,28.0,14,16,15,22.0,19,17.0,10,34,19.0,24,21,51.0,20.0,13,18,50.0,19.0,23.0,22.0,14.0,24.0,12,27.0,40,11,39.0,17.0,30.0,9.0,10.0,11.0,22,20,16.0,8.0,20.0,42.0,36.0,38.0,45,,30,42.0,20.0,18.0,,14,36.0,42,17.0,35.0,25.0,27,23.0,33.0,18.0,24,26,39.0,25.0,29.0,55.0,29.0,37.0,22.0,,12.0,45.0,32.0,13.0,45,26,,45.0,36.0,16,22,20,20,44.0,,19,19,42.0,,14,29.0,21.0,33.0,11,11.0,0.0,37.0,34,35.0,,36.0,32.0,57.0,27.0,13,26.0,21,19.0,13,13,24,43.0,37.0,29.0,34.0,42.0,15.0,15.0,27.0,23.0,10.0,14.0,18,33.0,30.0,23,52.0,44.0,22.0,10.0,11,22.0,32.0,34.0,31,27,14.0,0,23.0,19.0,42.0,,20,49.0,13,14,27.0,19,15.0,38,25.0,31.0,58.0,43,16,47.0,26.0,23,,31,,14,,17.0,,,37.0,38.0,28,16.0,,28.0,39.0,22.0,18.0,52.0,19,2,28.0,22,29,16,22.0,19.0,11.0,,11.0,29.0,33,29.0,19.0,12.0,18,31.0,58.0,19.0,14.0,41.0,21,23.0,24.0,16.0,0.0,,29.0,30.0,24,,,,28.0,48.0,50.0,23.0,34,22.0,38.0,18.0,20.0,25,17,,,18,47.0,,22.0,39,29.0,56.0,8.0,28.0,18,26.0,15.0,23.0,61.0,18.0,20.0,,41.0,32.0,19,28,27.0,39.0,37.0,25.0,45.0,12.0,31.0,51.0,26.0,51.0,26,26,11.0,30,37.0,36.0,41.0,17.0,17,10,11.0,21.0,14.0,29.0,19.0,36.0,11.0,34.0,35.0,25,22.0,36.0,62.0,25.0,17.0,32.0,16,22.0,26.0,27.0,18,57.0,29.0,46.0,24.0,24.0,11.0,28,49.0,26,42.0,28.0,,57.0,23.0,24.0,25.0,28.0,16.0,23.0,21.0,25.0,13.0,,,41.0,34.0,24.0,,31.0,43.0,46,17.0,,17,17.0,40.0,18,20.0,27.0,51.0,22,20,17,24.0,50.0,,,,13.0,26.0,,24.0,20,36.0,17,11.0,41,38,33.0,24,15.0,10.0,25.0,48.0,21,32.0,28.0,10.0,13.0,33.0,39.0,29,,18,36.0,36.0,13.0,27,23.0,22,14,23.0,31.0,54.0,22,12.0,,18,47.0,11.0,39.0,23.0,32.0,41.0,23.0,21.0,24,32.0,28.0,62.0,48.0,36.0,19.0,27.0,19.0,0,20.0,26,42.0,26.0,25.0,,17,24,15.0,40.0,24.0,27.0,21.0,34.0,33.0,30.0,,25,30.0,24.0,21,29,35.0,16.0,26,22.0,16.0,13,37.0,32,19,18,,25.0,,18.0,32.0,,,21.0,33.0,12.0,34.0,33.0,39.0,,23.0,,24.0,49.0,14.0,30.0,38.0,34.0,16.0,37.0,31.0,15.0,,,12.0,0.0,17.0,41.0,31.0,16.0,42.0,21.0,49.0,19.0,37.0,,45.0,34.0,24.0,28.0,,52.0,40.0,31.0,29,19.0,43.0,40.0,18,28.0,50.0,,18.0,42.0,15.0,49.0,25.0,58.0,23.0,12.0,28.0,10.0,27.0,47.0,43.0,40.0,48.0,27.0,0.0,,38.0,29.0,11.0,22.0,30.0,,50.0,14,54.0,47.0,22.0,20,,19.0,7.0,44.0,32.0,13.0,42.0,24.0,40.0,16,31.0,,36.0,53.0,39.0,,39,21,40.0,31.0,49.0,27.0,61.0,11.0,19,19,18.0,45.0,21.0,53.0,25.0,24.0,19.0,6.0,43.0,28.0,25.0,39.0,23.0,30.0,24.0,23.0,31,13.0,30.0,42.0,18.0,14.0,30,44.0,52,,30,30.0,23.0,25.0,41.0,15.0,21.0,19.0,26.0,13.0,60.0,25.0,22.0,38,26.0,25.0,,,27.0,28,41.0,30.0,20.0,18.0,33.0,62.0,41.0,20.0,56.0,18,20,46.0,34.0,21.0,33.0,28.0,13.0,30.0,18.0,37,28.0,,36.0,,42.0,33.0,42.0,26.0,30,19.0,27.0,54.0,20,21,17.0,58.0,,32.0,58.0,21.0,36.0,,37.0,50.0,30.0,39.0,21.0,50.0,19.0,9,51.0,,24.0,23.0,16.0,16,18.0,,30,24.0,24.0,27.0,,47.0,,20.0,40.0,30.0,37.0,36.0,34,28.0,27.0,11.0,12.0,23,31.0,45.0,25.0,36.0,16.0,49.0,36.0,6.0,35.0,47.0,23.0,42.0,16.0,22,21,18.0,32.0,22.0,,30.0,53,30,21.0,6.0,60.0,30.0,23.0,38.0,20.0,49.0,19.0,,48.0,,11.0,12.0,50.0,18,19,29.0,39.0,50.0,53.0,31.0,22,25.0,6.0,,11.0,27.0,15.0,26.0,41.0,42.0,6.0,0.0,49.0,17.0,55.0,31.0,31,,26.0,26,,34.0,24.0,,43.0,56.0,25.0,29.0,,24.0,29.0,,17.0,60.0,34.0,43.0,41.0,34.0,41.0,40.0,25.0,31.0,22.0,35.0,,,15.0,42.0,22.0,,33.0,3.0,43.0,46.0,18.0,31.0,14.0,38.0,,,33.0,27.0,52.0,38.0,25.0,37.0,41.0,41.0,41.0,29.0,29.0,39.0,,,42.0,62.0,20.0,29.0,,37.0,,23,36.0,27.0,37.0,59.0,36.0,,25.0,13.0,14.0,53.0,24.0,23.0,,27.0,27.0,19.0,,24.0,38.0,51.0,44.0,24.0,34.0,29.0,40.0,,32.0,15.0,32.0,,27.0,31.0,28.0,38.0,27.0,50.0,38.0,,26.0,51.0,17.0,50.0,47.0,19.0,43.0,56.0,34,22.0,33.0,22.0,21.0,59.0,38.0,34.0,18.0,13.0,21,29.0,28.0,51.0,52.0,,48.0,19.0,32.0,62.0,13.0,28.0,41.0,0.0,,43.0,,22,21.0,4.0,,39.0,,,27.0,0.0,33.0,26.0,41.0,,12.0,12.0,,11.0,48.0,26.0,48.0,13.0,0.0,29.0,24.0,52.0,20,29,33.0,22.0,18.0,27.0,0.0,30.0,41.0,19.0,28.0,27.0,30.0,40.0,27.0,33.0,28.0,,,8.0,22.0,55.0,21.0,,17.0,13.0,37.0,19.0,45.0,,,11.0,49.0,24.0,58.0,18.0,47.0,40.0,26.0,61.0,18.0,52.0,,28.0,28.0,30.0,36.0,22.0,46.0,13.0,20,25.0,17.0,21.0,30.0,51,18.0,,24.0,26.0,,51.0,24.0,56.0,29,,30.0,58.0,40.0,43.0,7.0,46.0,27,42.0,13.0,28.0,31.0,33,23.0,32.0,29.0,40.0,,11.0,45.0,9.0,,20.0,23.0,,37.0,20.0,,61.0,61.0,,32.0,37.0,49.0,28.0,4.0,41.0,27,53.0,,21.0,,28.0,40.0,37.0,39.0,24.0,,28.0,17.0,17.0,19,35.0,26.0,28.0,,15.0,,53.0,26.0,,20.0,32.0,25.0,,7.0,61.0,,18.0,,12.0,39.0,45.0,32.0,,28.0,44.0,40.0,30.0,44.0,29.0,55.0,46.0,17.0,51.0,18.0,14.0,27.0,43.0,39.0,,36.0,50.0,62.0,14.0,44.0,33.0,27.0,,39.0,29.0,,48.0,37.0,7.0,33.0,,29.0,49.0,,29.0,,6.0,38.0,23.0,,22.0,18.0,29.0,,16.0,18,9.0,56.0,,32.0,40.0,52.0,27.0,30.0,32.0,,29.0,23.0,56.0,40.0,17.0,24.0,26.0,,21.0,32.0,28.0,14.0,36.0,31.0,32.0,,28.0,38.0,,53.0,,42.0,,17.0,11.0,54.0,25.0,51.0,54.0,0.0,13.0,32.0,46.0,20.0,40.0,31.0,26.0,,21.0,22.0,35.0,,24.0,51.0,23.0,17.0,25.0,38.0,31.0,26.0,15.0,,29.0,24.0,26.0,50.0,33.0,26.0,20.0,12.0,18.0,57.0,0.0,17.0,38.0,33.0,58.0,55.0,35.0,,29.0,21.0,11.0,43.0,34.0,51.0,,19.0,19.0,27.0,,20.0,,41.0,33.0,42.0,,37.0,,6.0,26.0,62.0,41.0,37.0,35.0,22.0,,15.0,46.0,24.0,60.0,38.0,31.0,,50.0,26.0,22.0,51.0,21.0,33.0,16.0,8.0,,46.0,40.0,,46.0,55.0,19,28.0,27.0,52.0,20.0,20.0,33.0,35.0,49.0,36.0,16.0,50,14.0,,10.0,29.0,,,40.0,19.0,27,45.0,19.0,,23.0,,60.0,31.0,36.0,23.0,58.0,28.0,31.0,26.0,34.0,58.0,54.0,24.0,31.0,29.0,,53.0,27.0,,,29.0,12.0,17.0,41.0,23.0,38.0,29.0,23.0,,,28.0,14.0,37.0,,41.0,,20.0,,,53.0,16.0,24.0,9.0,20.0,9.0,22.0,60.0,51.0,0.0,34.0,,51.0,36.0,16.0,0.0,29.0,51.0,30.0,18.0,,45.0,50.0,42.0,19.0,19.0,0.0,39.0,26.0,37.0,24.0,,,50.0,21.0,36.0,,,51.0,25.0,52.0,29.0,36.0,23.0,27.0,25.0,12.0,37.0,50.0,0.0,30.0,14.0,,24.0,14.0,26.0,17.0,40.0,48.0,53.0,,,,20.0,35.0,30,20.0,32.0,25.0,46.0,44.0,,19.0,,,,44.0,46.0,43.0,27.0,,44.0,27.0,13.0,24.0,39.0,28.0,38.0,,28.0,14.0,14.0,27.0,38.0,43.0,,26.0,50.0,23.0,43.0,26.0,36.0,,23.0,30.0,37.0,13.0,13.0,,8.0,34.0,35.0,26.0,15.0,,23.0,37.0,19.0,22.0,39.0,42.0,16.0,24.0,,51.0,22.0,,35.0,18.0,29.0,45.0,,53.0,56.0,43.0,11.0,62.0,36.0,17.0,44.0,36.0,29.0,,,,26,,51.0,13,46.0,17.0,26.0,53.0,17.0,,,57.0,13.0,,39.0,,,62.0,44.0,47.0,29.0,16.0,33.0,43.0,25.0,44.0,30.0,21.0,,29.0,42.0,43.0,52.0,12.0,11.0,6.0,22.0,45.0,29.0,,43.0,20.0,36.0,26.0,,50.0,47.0,31.0,22.0,14.0,19.0,20.0,15.0,20.0,16.0,16.0,31.0,25.0,45.0,35.0,40.0,43.0,18.0,36.0,26.0,24.0,31.0,26.0,54.0,39.0,39.0,,,,,48.0,22.0,42.0,41.0,56.0,,45.0,32.0,9.0,24.0,17.0,40.0,32.0,,18.0,,40.0,32.0,14.0,,30.0,12.0,38.0,49.0,22.0,23.0,21.0,24.0,13.0,42.0,,47.0,34.0,43.0,28.0,,27.0,,58.0,6.0,23.0,14.0,18.0,,48.0,,27.0,28.0,30.0,40.0,51.0,,,14.0,33.0,40.0,18.0,27.0,18.0,28.0,41.0,34.0,31.0,32.0,,49.0,38.0,45.0,,29.0,30.0,20.0,26.0,25.0,62.0,55.0,12.0,23.0,16.0,11.0,,15.0,36.0,34.0,59.0,61.0,49.0,,26.0,57.0,,24.0,32.0,37.0,46.0,44.0,19.0,,58.0,51.0,4.0,23.0,16.0,18.0,,62.0,29.0,43.0,14.0,21.0,,56.0,20.0,12.0,22.0,24.0,18.0,,25.0,11.0,,,13.0,48.0,18.0,46.0,21.0,61.0,27.0,45.0,11.0,15.0,35.0,34.0,53.0,24.0,,54.0,,19.0,11.0,15.0,44.0,,21.0,50.0,,41.0,29.0,59.0,46.0,,32.0,41.0,27.0,23.0,53.0,32.0,48.0,52.0,,20.0,18.0,23.0,,32.0,55.0,,43.0,47.0,30.0,15.0,42.0,27.0,35.0,41.0,33.0,26.0,9.0,42.0,62.0,27.0,30.0,24.0,,26.0,22.0,20.0,,13.0,21.0,,23.0,48.0,19.0,11.0,,13.0,47.0,36.0,47.0,19.0,41.0,50.0,42.0,,,52.0,43.0,51.0,,30.0,28.0,26.0,46.0,15.0,59.0,44.0,23.0,55.0,,27.0,36.0,49.0,33.0,,31.0,,29.0,41.0,13.0,,27.0,39.0,30.0,24.0,28.0,,53.0,,,38.0,,24.0,16.0,17.0,,43.0,,55.0,30.0,15.0,36.0,44.0,40.0,25.0,13.0,20.0,,41.0,18.0,55.0,46.0,,52.0,62.0,28.0,53.0,,43.0,,59.0,27.0,17.0,16.0,10.0,25.0,26.0,36.0,42.0,,56.0,52.0,20.0,,53.0,27.0,38.0,60.0,22.0,39.0,,27.0,25.0,42.0,57.0,32.0,58.0,,36.0,32.0,24.0,24.0,44.0,42.0,43.0,,13.0,35.0,57.0,,28.0,,41.0,,,26.0,,,15.0,,,24.0,,,61.0,,33.0,23.0,61.0,41.0,48.0,28.0,,,23.0,11.0,29.0,,,,,44.0,59.0,51.0,,,49.0,,26.0,48.0,15.0,15.0,36.0,38.0,3.0,24.0,58.0,39.0,22.0,,23.0,40.0,,38.0,45.0,47.0,23.0,,49.0,29.0,39.0,33.0,31.0,,24.0,59.0,11.0,26.0,41.0,33.0,32.0,33.0,34.0,16.0,11.0,0.0,13.0,28.0,26.0,,43.0,,37.0,43.0,,44.0,,55.0,,31.0,,30.0,30.0,53.0,33.0,,21.0,25.0,43.0,10.0,25.0,43.0,59.0,51.0,22.0,,,23.0,,22.0,42.0,13.0,60.0,,12.0,,27.0,10.0,15.0,58.0,,,26.0,,33.0,21.0,55.0,,35.0,38.0,39.0,49.0,12.0,,,29.0,0.0,,,25.0,50.0,42.0,60.0,29.0,62.0,22.0,,16.0,19.0,10.0,33.0,56.0,15.0,16.0,36.0,52.0,32.0,53.0,32.0,31.0,19.0,40.0,,,39.0,17.0,35.0,29.0,36.0,50.0,31.0,21.0,15.0,56.0,49.0,25.0,22.0,13.0,21.0,18.0,,55.0,14.0,,,32.0,,37.0,19.0,27.0,47.0,54.0,49.0,,33.0,39.0,,,29.0,8.0,,53.0,19.0,,60.0,41.0,17.0,,27.0,26.0,,38.0,44.0,50.0,,,48.0,23.0,28.0,61.0,42.0,23.0,15.0,60.0,,21.0,,9.0,40.0,16.0,29.0,,26.0,12.0,46.0,50.0,49.0,50.0,38.0,,17.0,45.0,,43.0,6.0,37.0,16.0,44.0,33.0,60.0,49.0,52.0,43.0,57.0,16.0,45.0,33.0,,41.0,55.0,,,0.0,14.0,,17.0,10.0,,18.0,,14.0,52.0,21.0,47.0,36.0,59.0,17.0,55.0,18.0,38.0,52.0,29.0,,19.0,29.0,23.0,21.0,39.0,,30.0,40.0,33.0,36.0,61.0,17.0,21.0,20.0,30.0,39.0,35.0,34.0,32.0,,15.0,37.0,5.0,10.0,20.0,12.0,,0.0,54.0,,,59.0,,,41.0,19.0,47.0,14.0,48.0,,45.0,31.0,50.0,,25.0,43.0,5.0,,49.0,30.0,52.0,42.0,53.0,,56.0,,,35.0,22.0,45.0,59.0,23.0,53.0,51.0,61.0,20.0,21.0,,16.0,,46.0,54.0,38.0,22.0,,,,26.0,26.0,20.0,22.0,40.0,26.0,51.0,45.0,,,40.0,58.0,,38.0,6.0,28.0,53.0,14.0,20.0,33.0,12.0,,32.0,,28.0,,21.0,31.0,38.0,39.0,,40.0,,,53.0,40.0,26.0,,16.0,20.0,,28.0,,,20.0,25.0,,,34.0,40.0,,,51.0,21.0,38.0,53.0,32.0,,18.0,,48.0,25.0,42.0,33.0,38.0,31.0,,47.0,,33.0,36.0,11.0,33.0,59.0,33.0,62.0,,40.0,41.0,23.0,45.0,,37.0,38.0,,59.0,36.0,57.0,40.0,38.0,,44.0,37.0,21.0,33.0,38.0,49.0,38.0,33.0,35.0,49.0,57.0,52.0,45.0,49.0,19.0,,53.0,28.0,26.0,50.0,,60.0,27.0,24.0,35.0,14.0,16.0,35.0,22.0,32.0,27.0,37.0,15.0,33.0,52.0,59.0,49.0,,57.0,,16.0,25.0,,23.0,31.0,40.0,51.0,18.0,11.0,16.0,,52.0,46.0,22.0,55.0,,33.0,43.0,,36.0,37.0,,20.0,39.0,27.0,34.0,22.0,,,15.0,49.0,,37.0,28.0,17.0,33.0,18.0,34.0,28.0,37.0,47.0,38.0,,,4.0,,27.0,,45.0,34.0,49.0,,17.0,32.0,22.0,18.0,,47.0,,23.0,,32.0,33.0,,,,,29.0,14.0,30.0,25.0,,,46.0,40.0,55.0,,,52.0,,21.0,46.0,60.0,43.0,15.0,46.0,,13.0,22.0,37.0,12.0,40.0,43.0,47.0,,36.0,33.0,,42.0,41.0,,39.0,16.0,,,32.0,,11.0,41.0,28.0,51.0,53.0,20.0,56.0,29.0,,0.0,24.0,60.0,17.0,20.0,44.0,0.0,45.0,32.0,22.0,37.0,58.0,24.0,49.0,,0.0,20.0,,,42.0,,35.0,62.0,,55.0,58.0,17.0,38.0,13.0,42.0,62.0,21.0,26.0,14.0,26.0,46.0,21.0,40.0,,25.0,46.0,22.0,20.0,,0.0,,35.0,,15.0,17.0,,55.0,,,50.0,,50.0,62.0,25.0,49.0,29.0,,18.0,,10.0,20.0,19.0,56.0,24.0,,27.0,31.0,22.0,0.0,61.0,12.0,23.0,,42.0,51.0,36.0,,53.0,43.0,31.0,59.0,16.0,39.0,,25.0,34.0,50.0,,43.0,35,3,2.4148648648648647,18.332475700400227,-0.33964195692660426
2,1,3,9,3,3,3,4,9,5,4,1,4,5,5,4,0,4,19,6,4,15,4,5,7,13,8,12,4,5,15,4,7,8,14,5,13,4,5,10,22,11.0,11,10,10,3,8,7,11,36,12,19,8,10,26,4,13,15,9,7,9,4,13,12,12.0,8,18,11,8,15,3,12,12,5,15,11,12,12,14,11,20,0,4,7,13,6,12,13,14,14,13,24,10,12,14,8,26,10,16,12,30,11,11,16,10,14,10,17,11,4,10,18.0,12,17,21.0,10,13,14,16,14,13,17,8,11,11,12,10,11.0,16,10,6,11,29.0,13,12,20.0,13,18,26,13,10,17,33,16,9.0,23.0,13,24.0,5,16,7,11,20.0,7,15,6,14,36.0,27,18,20,11,15,13,17,31.0,17,17,5,16,18,22.0,8,5,11,16,16,23.0,13,17.0,18,14,5,5,14,19.0,19.0,11,21,,52.0,8,13,4,7,22,8,13,12.0,7,21,53.0,6,17,19,22,8.0,20,13,4,12,11.0,16,24,23,14,10,1,11,13.0,47.0,17,7,24,25.0,21,20,9,,12,17.0,2.0,16,11,33.0,16,13,15,6.0,30.0,13,17,14,17,27,10.0,15,13,17,11,6,6,19.0,17.0,10,23.0,,26.0,16.0,15,25.0,11,10,23,26.0,56.0,19.0,17.0,52.0,3,12.0,8.0,11.0,3,8,13.0,7,18,26,43.0,29.0,28.0,32,10.0,13,19,30.0,20.0,10,23.0,28.0,14,9,8.0,0,17.0,9.0,16.0,10,11,13.0,24,15,19,9,5,29,11,19,0,12,13,14,20.0,15.0,19,11,13,3.0,33.0,18,11,5,36.0,17,14.0,25,12,5,11,23,29.0,6,15.0,10,17,35.0,37,10,20,,37.0,12,24.0,,11.0,12.0,21.0,14,22.0,12,6,17,31.0,22,22.0,10.0,21,56.0,20.0,,12,31.0,8,18,20,11,11,24,29,6.0,9,17.0,18,10,11,,14,12.0,11,4.0,6,17.0,12,17,41.0,21,12.0,27,23.0,6.0,15,19,43.0,24.0,8.0,14.0,0.0,19,25.0,23.0,18,,12,10,35.0,,17,12.0,24,6.0,25.0,19,18,7,27.0,29,48.0,,37,19.0,6,33.0,3,25,21,42.0,30.0,7,16,23,42.0,26.0,27,14,48.0,29,24.0,22.0,37.0,7.0,46.0,9.0,19.0,12.0,,21.0,11,35,36.0,,11.0,44.0,30.0,,12.0,27.0,16,12,16.0,39.0,8,38.0,22.0,,12.0,13.0,20.0,11,23,,13.0,9.0,14.0,17,20.0,36.0,18.0,33,21,14,56.0,13.0,10.0,22.0,13,26,13.0,32.0,11,46.0,26.0,0,41.0,38.0,47.0,33,13.0,23,19.0,18.0,35.0,12,42.0,27,40.0,19,9,15.0,8.0,6.0,,10,12,12,34.0,31,51.0,12,17,19.0,15,6,,20.0,17,19,11.0,13.0,35.0,25.0,23.0,0.0,11,27.0,15,13,22.0,,10.0,,9.0,44.0,13,22,11.0,6.0,39.0,9.0,,18.0,7,48.0,10,48.0,23.0,31.0,25.0,29,13.0,40,,27.0,29.0,27,24.0,,15.0,19,24,,19.0,29.0,43.0,8.0,15.0,,15.0,21.0,36.0,12.0,9.0,39,17,21.0,30.0,32.0,14,26,14,0,16.0,28.0,8,10,44.0,37.0,19,18.0,24.0,24.0,16,14.0,17.0,38.0,11,34.0,43.0,30.0,26.0,19.0,24.0,5,42.0,15,,9,15,15,21.0,47.0,48.0,30.0,23.0,18.0,29.0,29.0,20.0,27.0,,20,33.0,,19,27.0,34.0,25.0,,13,20.0,,,18,4,26.0,22,22.0,9.0,9.0,20.0,10,25.0,25,17,57.0,15,32.0,29,31.0,,15.0,18,16,25.0,0.0,20,13.0,32,55.0,16,36.0,19.0,42.0,26.0,0.0,28.0,27,16.0,,6.0,21.0,54.0,30.0,34.0,12,19,23.0,20,17,8,23.0,47.0,18.0,,26.0,19.0,17,28.0,27.0,10.0,13,30.0,,10.0,24.0,16.0,16,38.0,40.0,24.0,26.0,31.0,17.0,13.0,23,24.0,26.0,52.0,19.0,36.0,31.0,19.0,17,48.0,50.0,30.0,38.0,21,13,57.0,,12,13.0,13.0,12.0,30,21.0,11.0,14.0,12.0,15,,29.0,29.0,24.0,43.0,33.0,10.0,18.0,7.0,13,20,19.0,25.0,25.0,25.0,43.0,3.0,14.0,33.0,42.0,26.0,8,12,7.0,8,28.0,16.0,29.0,28.0,0,36,25.0,14.0,25.0,18.0,,10.0,30.0,38.0,35.0,6,8.0,21.0,25.0,28.0,27.0,11.0,12,10.0,29.0,10.0,17,34.0,53.0,19.0,17.0,16.0,14.0,21,16.0,26,49.0,57.0,43.0,23.0,35.0,43.0,38.0,28.0,36.0,15.0,24.0,11.0,17.0,4.0,37.0,15.0,34.0,30.0,27.0,18.0,28.0,11,21.0,33.0,22,13.0,28.0,8,29.0,27.0,9.0,10,8,25,32.0,49.0,18.0,52.0,16.0,36.0,44.0,15.0,53.0,14,31.0,22,36.0,27,36,13.0,13,25.0,,27.0,10.0,6,16.0,19.0,15.0,9.0,14.0,20.0,12,,18,21.0,17.0,43.0,33,25.0,23,35,43.0,9.0,22.0,7,28.0,8.0,13,31.0,16.0,17.0,26.0,,41.0,47.0,19.0,16,31.0,33.0,16.0,32.0,40.0,,10.0,12.0,20,27.0,21,38.0,41.0,20.0,26.0,10,12,28.0,17.0,21.0,37.0,27.0,21.0,57.0,20.0,20.0,20,10.0,17.0,20,23,36.0,,41,31.0,23.0,26,13.0,6,17,14,12.0,51.0,30.0,31.0,28.0,28.0,18.0,43.0,42.0,,37.0,32.0,41.0,7.0,9.0,,23.0,48.0,,15.0,27.0,24.0,,14.0,32.0,35.0,13.0,55.0,6.0,20.0,18.0,18.0,28.0,41.0,28.0,41.0,7.0,11.0,45.0,8.0,22.0,18.0,,6.0,37.0,13.0,56.0,14.0,27,8.0,42.0,27.0,11,26.0,14.0,41.0,27.0,26.0,32.0,19.0,13.0,,12.0,42.0,21.0,37.0,21.0,34.0,9.0,15.0,17.0,34.0,,50.0,43.0,55.0,30.0,21.0,42.0,14.0,35.0,23,29.0,25.0,28.0,28,22.0,17.0,6.0,17.0,16.0,26.0,45.0,24.0,,54,8.0,31.0,20.0,,27.0,22.0,25,22,14.0,32.0,28.0,24.0,30.0,10.0,33,23,,34.0,20.0,24.0,19.0,55.0,19.0,40.0,15.0,26.0,6.0,55.0,17.0,33.0,57.0,20.0,5,20.0,27.0,18.0,14.0,27.0,10,8.0,23,38.0,13,28.0,,17.0,54.0,10.0,32.0,33.0,45.0,15.0,7.0,48.0,21.0,15,41.0,,20.0,45.0,,27,,49.0,20.0,,11.0,35.0,54.0,26.0,40.0,14,39,17.0,22.0,3.0,26.0,,25.0,,22.0,20,32.0,,9.0,38.0,27.0,17.0,37.0,30.0,17,29.0,23.0,21.0,26,5,26.0,44.0,15.0,29.0,40.0,6.0,36.0,33.0,40.0,15.0,36.0,22.0,12.0,,51.0,0,17.0,16.0,48.0,15.0,57.0,15,,25.0,29,12.0,12.0,,22.0,16.0,44.0,22.0,46.0,1.0,10.0,13.0,28,38.0,40.0,,34.0,9,29.0,29.0,9.0,43.0,13.0,15.0,52.0,35.0,24.0,12.0,15.0,37.0,31.0,20,32,28.0,19.0,11.0,5.0,30.0,29,21,15.0,,36.0,,,15.0,,20.0,30.0,19.0,37.0,38.0,9.0,15.0,,21,13,31.0,33.0,,48.0,15.0,11,26.0,41.0,26.0,47.0,10.0,24.0,22.0,44.0,11.0,3.0,47.0,28.0,34.0,,50.0,21,4.0,24.0,15,,14.0,41.0,52.0,25.0,23.0,38.0,,14.0,37.0,18.0,,28.0,20.0,34.0,22.0,21.0,23.0,15.0,46.0,3.0,28.0,27.0,22.0,40.0,26.0,13.0,27.0,16.0,,14.0,,,15.0,28.0,35.0,43.0,,8.0,16.0,51.0,34.0,28.0,25.0,,18.0,,35.0,39.0,25.0,16.0,17.0,49.0,41.0,13.0,30.0,45.0,14.0,32.0,20.0,,19,15.0,25.0,34.0,,,27.0,30.0,18.0,19.0,48.0,23.0,10.0,29.0,,40.0,0.0,22.0,33.0,,15.0,18.0,,25.0,12.0,15.0,,14.0,23.0,34.0,32.0,22.0,22.0,15.0,,40.0,9.0,48.0,25.0,,28.0,14.0,43.0,,13.0,22.0,,25,21.0,16.0,16.0,17.0,35.0,37.0,48.0,33.0,5.0,19,49.0,14.0,,24.0,26.0,22.0,33.0,18.0,13.0,18.0,55.0,52.0,23.0,30.0,37.0,,10,41.0,19.0,7.0,18.0,41.0,18.0,26.0,15.0,33.0,23.0,14.0,42.0,,12.0,31.0,40.0,45.0,11.0,21.0,25.0,,56.0,16.0,17.0,16,16,7.0,24.0,20.0,3.0,18.0,22.0,31.0,12.0,51.0,12.0,44.0,29.0,25.0,31.0,15.0,39.0,19.0,25.0,49.0,19.0,36.0,32.0,16.0,15.0,,24.0,42.0,21.0,17.0,,,,10.0,5.0,,57.0,14.0,53.0,14.0,12.0,,,53.0,18.0,26.0,48.0,,19.0,19,26.0,36.0,20.0,20.0,24,51.0,,22.0,34.0,53.0,34.0,24.0,20.0,16,,16.0,46.0,35.0,41.0,7.0,42.0,29,49.0,27.0,19.0,,16,42.0,43.0,,17.0,31.0,5.0,46.0,29.0,50.0,38.0,25.0,,15.0,38.0,29.0,10.0,6.0,36.0,50.0,,23.0,21.0,38.0,29.0,42,24.0,22.0,28.0,25.0,55.0,56.0,5.0,,54.0,32.0,16.0,46.0,27.0,38,42.0,32.0,18.0,29.0,19.0,18.0,,38.0,56.0,7.0,11.0,23.0,,32.0,46.0,,,35.0,,19.0,31.0,,44.0,36.0,12.0,23.0,28.0,36.0,,48.0,0.0,,30.0,,20.0,,35.0,57.0,54.0,41.0,15.0,30.0,30.0,42.0,14.0,39.0,41.0,38.0,18.0,20.0,,39.0,9.0,39.0,,,13.0,16.0,29.0,7.0,10.0,44.0,35.0,,32.0,41.0,12.0,,42.0,4,31.0,,,27.0,17.0,29.0,22.0,0.0,33.0,44.0,37.0,18.0,38.0,33.0,,,21.0,18.0,20.0,2.0,21.0,46.0,38.0,28.0,29.0,30.0,20.0,,28.0,24.0,,40.0,,,23.0,36.0,,36.0,10.0,15.0,19.0,21.0,51.0,1.0,19.0,18.0,,16.0,24.0,38.0,53.0,,22.0,,,44.0,19.0,16.0,29.0,24.0,21.0,10.0,13.0,19.0,4.0,31.0,14.0,12.0,33.0,,9.0,18.0,12.0,32.0,26.0,31.0,23.0,56.0,39.0,,16.0,,18.0,23.0,34.0,14.0,20.0,31.0,52.0,18.0,,24.0,47.0,,23.0,19.0,,49.0,,14.0,16.0,8.0,10.0,22.0,,28.0,17.0,41.0,32.0,13.0,10.0,16.0,22.0,26.0,26.0,22.0,,24.0,9.0,23.0,22.0,12.0,24.0,,,,,30.0,13,26.0,45.0,41.0,10.0,36.0,13.0,37.0,57.0,23.0,50.0,12,22.0,4.0,,55.0,32.0,13.0,24.0,29.0,16,23.0,27.0,,15.0,,,30.0,46.0,33.0,,42.0,16.0,12.0,55.0,36.0,55.0,43.0,15.0,27.0,28.0,38.0,25.0,32.0,0.0,11.0,15.0,42.0,28.0,56.0,49.0,11.0,13.0,13.0,,13.0,26.0,24.0,26.0,44.0,,,38.0,13.0,12.0,,0.0,7.0,,20.0,30.0,,51.0,36.0,11.0,21.0,32.0,21.0,38.0,35.0,21.0,18.0,34.0,47.0,,13.0,22.0,22.0,19.0,,48.0,24.0,11.0,,20.0,31.0,,14.0,18.0,,30.0,,29.0,5.0,12.0,,8.0,48.0,37.0,12.0,44.0,3.0,3.0,12.0,42.0,22.0,22.0,30.0,29.0,17.0,48.0,16.0,12.0,47.0,35.0,,17.0,21.0,,16,49.0,,14.0,41.0,20.0,22.0,34.0,18.0,36.0,,,31.0,54.0,38.0,8.0,14.0,23.0,25.0,,36.0,40.0,30.0,15.0,,21.0,40.0,20.0,18.0,20.0,,30.0,34.0,37.0,41.0,16.0,46.0,,27.0,25.0,25.0,14.0,22.0,14.0,33.0,46.0,20.0,4.0,23.0,43.0,27.0,21.0,21.0,,15.0,28.0,51.0,,,22.0,52.0,,31.0,36.0,20.0,39.0,10.0,40.0,,17.0,34.0,16.0,43.0,37.0,,,53.0,,,,17,50.0,12.0,17,40.0,,34.0,,32.0,,32.0,0.0,22.0,31.0,,38.0,47.0,,34.0,21.0,27.0,26.0,31.0,7.0,2.0,,38.0,14.0,33.0,16.0,7.0,,27.0,,22.0,18.0,,18.0,16.0,35.0,53.0,,19.0,45.0,32.0,34.0,,,24.0,15.0,10.0,39.0,24.0,44.0,,,15.0,26.0,3.0,10.0,27.0,43.0,27.0,3.0,18.0,12.0,25.0,,54.0,29.0,44.0,31.0,,43.0,50.0,51.0,28.0,53.0,48.0,26.0,26.0,31.0,10.0,40.0,35.0,12.0,16.0,39.0,24.0,7.0,30.0,25.0,21.0,38.0,35.0,23.0,53.0,20.0,40.0,,46.0,16.0,38.0,,35.0,14.0,16.0,24.0,44.0,13.0,,11.0,38.0,21.0,18.0,5.0,20.0,16.0,18.0,27.0,32.0,,21.0,,4.0,11.0,21.0,27.0,11.0,20.0,52.0,,29.0,23.0,17.0,16.0,,20.0,15.0,41.0,23.0,29.0,26.0,21.0,19.0,13.0,,15.0,,8.0,13.0,51.0,,16.0,7.0,20.0,,24.0,56.0,9.0,12.0,,27.0,37.0,,21.0,,15.0,16.0,37.0,41.0,16.0,13.0,14.0,30.0,29.0,,26.0,2.0,54.0,34.0,41.0,11.0,7.0,51.0,35.0,28.0,21.0,,12.0,33.0,,48.0,44.0,43.0,,9.0,,30.0,35.0,22.0,21.0,51.0,0.0,27.0,14.0,34.0,,,31.0,19.0,24.0,,13.0,21.0,,13.0,0.0,36.0,25.0,23.0,42.0,0.0,39.0,55.0,45.0,6.0,27.0,9.0,21.0,34.0,15.0,50.0,38.0,21.0,12.0,18.0,13.0,13.0,53.0,41.0,9.0,30.0,44.0,40.0,39.0,24.0,43.0,20.0,16.0,35.0,0.0,23.0,46.0,44.0,,29.0,14.0,20.0,13.0,40.0,48.0,28.0,19.0,7.0,,16.0,20.0,,21.0,57.0,32.0,,25.0,20.0,,,49.0,5.0,43.0,,30.0,20.0,40.0,5.0,33.0,26.0,48.0,,38.0,19.0,55.0,16.0,10.0,26.0,20.0,23.0,10.0,,37.0,23.0,45.0,,29.0,55.0,13.0,34.0,49.0,7.0,,16.0,29.0,31.0,28.0,21.0,22.0,22.0,39.0,35.0,15.0,37.0,,47.0,,,17.0,16.0,,35.0,,54.0,21.0,10.0,40.0,21.0,37.0,27.0,,40.0,17.0,11.0,42.0,26.0,26.0,24.0,53.0,23.0,27.0,24.0,,57.0,46.0,33.0,32.0,11.0,23.0,9.0,,,53.0,23.0,15.0,41.0,16.0,34.0,33.0,44.0,20.0,37.0,21.0,,19.0,24.0,34.0,22.0,32.0,,51.0,,23.0,15.0,34.0,,,56.0,,31.0,23.0,31.0,44.0,17.0,28.0,30.0,56.0,23.0,29.0,11.0,34.0,,1.0,16.0,,10.0,13.0,16.0,45.0,,30.0,16.0,39.0,37.0,27.0,45.0,33.0,,28.0,53.0,17.0,36.0,53.0,54.0,,,,37.0,,32.0,,,25.0,47.0,,28.0,,27.0,40.0,15.0,,,16.0,39.0,32.0,15.0,,,38.0,20.0,15.0,45.0,21.0,15.0,,19.0,16.0,35.0,16.0,15.0,,,31.0,37.0,,,51.0,,,,,48.0,35.0,33.0,,13.0,,,7.0,10.0,,14.0,37.0,,0.0,55.0,,33.0,,,47.0,29.0,43.0,27.0,,22.0,20.0,20.0,,11.0,,,50.0,,37.0,,13.0,4.0,,55.0,,20.0,22.0,0.0,,22.0,46.0,32.0,32.0,45.0,11.0,29.0,,23.0,,23.0,26.0,16.0,31.0,19.0,,13.0,,22.0,,35.0,,45.0,,49.0,,,23.0,36.0,19.0,48.0,33.0,,20.0,8.0,46.0,22.0,23.0,28.0,57.0,1.0,40.0,,,,13.0,22.0,15.0,36.0,,16.0,,46.0,35.0,,43.0,20.0,,39.0,34.0,27.0,29.0,,,25.0,56.0,,0.0,28.0,26.0,52.0,9.0,49.0,,39.0,32.0,15.0,31.0,38.0,42.0,41.0,28.0,36.0,10.0,,37.0,50.0,13.0,45.0,27.0,33.0,6.0,18.0,29.0,,,17.0,23.0,9.0,12.0,15.0,37.0,,,5.0,47.0,48.0,23.0,26.0,17.0,47.0,33.0,,,31.0,52.0,,32.0,,22.0,12.0,0.0,25.0,11.0,27.0,9.0,,,38.0,56.0,47.0,41.0,40.0,,14.0,,,,30.0,,16.0,,44.0,15.0,19.0,13.0,35.0,,45.0,10.0,37.0,40.0,,,,43.0,50.0,42.0,48.0,44.0,14.0,38.0,,31.0,46.0,40.0,5.0,,14.0,7.0,,,,,,28.0,,54.0,33.0,11.0,23.0,,,,37.0,,29.0,15.0,54.0,28.0,1.0,26.0,26.0,17.0,6.0,28.0,,32.0,32.0,23.0,28.0,5.0,26.0,,26.0,12.0,16.0,,,11.0,19.0,49.0,36.0,,51.0,7.0,,50.0,47.0,12.0,24.0,34.0,,15.0,,,43.0,23.0,20.0,29.0,34.0,38.0,37.0,28.0,34.0,,24.0,0.0,29.0,35.0,,26.0,6.0,48.0,29.0,,18.0,,20.0,34.0,,26.0,,,,22.0,22.0,,26.0,10.0,26.0,25.0,10.0,,,55.0,30.0,36.0,,25.0,41.0,29.0,21.0,57.0,,,9.0,48.0,45.0,,18.0,40.0,21.0,35.0,29.0,47.0,42.0,38.0,24.0,34.0,20.0,,37.0,22.0,45.0,43.0,52.0,17.0,44.0,,,,4.0,,7.0,7.0,23.0,11.0,,13.0,,34.0,,28.0,,23.0,41.0,56.0,12.0,,19.0,0.0,23.0,,52.0,,,13.0,12.0,38.0,33.0,53.0,36.0,14.0,20.0,18.0,45.0,38.0,,15.0,34.0,34.0,33.0,39.0,25.0,,20.0,20.0,51.0,,,49.0,,18.0,16.0,40.0,21.0,37.0,18.0,53.0,26.0,45.0,16.0,,22.0,,,,0.0,42.0,32.0,,35.0,16.0,8.0,27.0,35.0,57.0,8.0,,22.0,14.0,21.0,26.0,,23.0,10.0,,19.0,,8.0,52.0,,22.0,17.0,18.0,47.0,,17.0,28.0,20.0,32.0,,16.0,31.0,45.0,46.0,41.0,49.0,20.0,,37.0,57.0,34.0,36.0,,19.0,31.0,14.0,20.0,27.0,43.0,,38.0,38.0,14.0,52.0,36.0,8.0,38.0,45.0,16.0,0.0,20.0,51.0,,7.0,54.0,,25.0,27.0,47.0,25.0,46.0,,20.0,57.0,14.0,29.0,20.0,45.0,25.0,,24.0,,16.0,14.0,21.0,11.0,39.0,56.0,47.0,14.0,36.0,13.0,26.0,45.0,27.0,33.0,50.0,50.0,5.0,24.0,47.0,40.0,16.0,19.0,8.0,42.0,,,26.0,,,4.0,43.0,20.0,16.0,31.0,,39.0,,43.0,28.0,41.0,35.0,48.0,10.0,,26.0,,12.0,39.0,22.0,13.0,53.0,19.0,42.0,39.0,57.0,9.0,,17.0,33.0,29.0,,34.0,21.0,15.0,,23.0,31.0,,38.0,6.0,53.0,,,31.0,10.0,29.0,14.0,32.0,24.0,46.0,30.0,,39.0,23.0,34.0,28.0,43.0,25.0,12.0,31.0,27.0,43.0,37.0,20.0,57.0,34.0,,16.0,42.0,16.0,17.0,31.0,,,39.0,,8.0,,20.0,,39.0,,,23.0,14.0,32.0,,37.0,34.0,,36,3,2.424324324324324,17.339069111424543,-0.34283698893737924
4,3,8,8,5,5,5,4,6,9,10,11,13,6,7,8,6,8,10,12,7,9,11,8,6,12,6,6,11,14,7,12,10,9,14,9,11,15,18,15,19,19.0,12,11,9,12,14,27,10,34,10,6,8,8,22,31,15,13,9,12,10,13,21,7,18.0,11,11,9,10,10,21,6,16,12,0,8,18,13,2,12,25,11,11,13,16,15,10,22,12,15,7,17,36,11,6,15,11,15,6,20,15,12,0,9,7,15,2,23,14,17,9,52.0,19,17,16.0,16,11,22,22,16,13,23,15,18,11,20,19,12.0,11,13,10,16,37.0,10,3,28.0,20,11,9,13,14,15,23,9,26.0,34.0,28,12.0,12,14,17,16,10.0,14,15,26,17,40.0,30,19,17,12,17,22,13,23.0,0,20,15,22,7,31.0,7,18,7,20,15,11.0,0,14.0,9,11,12,14,19,53.0,35.0,32,26,14.0,8.0,26,22,12,14,34,16,10,17.0,16,16,21.0,10,24,19,9,47.0,11,15,25,19,21.0,14,24,6,19,19,15,12,56.0,16.0,9,6,15,25.0,29,11,19,49.0,15,32.0,10.0,29,24,,16,13,12,33.0,29.0,22,13,14,0,17,16.0,24,9,10,10,18,12,31.0,13.0,20,31.0,9.0,25.0,29.0,18,19.0,14,18,29,19.0,28.0,26.0,12.0,17.0,14,48.0,36.0,49.0,20,22,36.0,26,12,29,4.0,35.0,12.0,13,43.0,21,21,15.0,13.0,9,29.0,23.0,11,33,24.0,13,13.0,28.0,24.0,25,17,33.0,16,10,14,11,12,16,20,27,15,8,21,14,46.0,41.0,14,9,20,29.0,11.0,10,13,4,25.0,25,22.0,21,4,16,13,28,29.0,25,24.0,15,25,38.0,12,15,23,,36.0,15,34.0,,15.0,19.0,23.0,14,30.0,11,21,10,50.0,27,,28.0,25,,23.0,,14,,13,19,27,15,17,19,21,23.0,19,56.0,27,31,13,60.0,14,35.0,15,32.0,3,52.0,21,18,16.0,32,27.0,34,43.0,18.0,16,12,8.0,22.0,52.0,16.0,,28,17.0,46.0,32,,16,17,11.0,21.0,20,1.0,13,22.0,24.0,16,16,19,29.0,12,26.0,18.0,15,21.0,23,,14,10,21,44.0,24.0,9,18,21,,32.0,24,24,41.0,13,29.0,29.0,60.0,25.0,20.0,17.0,23.0,18.0,,30.0,19,33,18.0,18.0,18.0,20.0,,52.0,36.0,7.0,20,20,19.0,39.0,18,27.0,9.0,27.0,10.0,20.0,31.0,25,23,33.0,33.0,20.0,35.0,23,20.0,46.0,11.0,11,26,14,23.0,34.0,17.0,29.0,15,12,19.0,51.0,22,16.0,24.0,23,28.0,0.0,30.0,59,35.0,39,25.0,19.0,19.0,16,22.0,24,28.0,25,20,8.0,51.0,43.0,38.0,41,26,20,45.0,41,11.0,27,31,17.0,24,17,27.0,22.0,20,8,39.0,39.0,51.0,9.0,33.0,19.0,4,51.0,12,22,28.0,53.0,61.0,,17.0,22.0,10,32,22.0,15.0,16.0,19.0,,36.0,25,25.0,12,31.0,39.0,,27.0,20,26.0,28,23.0,54.0,2.0,26,24.0,42.0,15.0,24,15,24.0,14.0,38.0,42.0,34.0,11.0,48.0,,25.0,27.0,,34.0,35,25,16.0,18.0,36.0,17,33,23,19,58.0,20.0,19,7,43.0,23.0,12,55.0,16.0,30.0,15,34.0,17.0,,22,24.0,8.0,47.0,45.0,44.0,,28,16.0,14,29.0,16,18,20,24.0,25.0,7.0,9.0,19.0,37.0,31.0,,24.0,26.0,29.0,13,44.0,19.0,31,18.0,23.0,29.0,16.0,22,30.0,,34.0,0,6,43.0,30,17.0,20.0,39.0,22.0,20,8.0,23,10,17.0,19,38.0,10,16.0,24.0,20.0,21,11,,21.0,20,13.0,22,9.0,15,43.0,11.0,,59.0,21.0,20.0,16,20.0,58.0,42.0,32.0,,33.0,,19,19,21.0,16,11,19,14.0,24.0,28.0,52.0,55.0,18.0,32,23.0,27.0,47.0,8,17.0,,20.0,18.0,,0,58.0,20.0,23.0,25.0,40.0,34.0,3.0,23,12.0,,19.0,10.0,13.0,24.0,27.0,21,21.0,17.0,33.0,19.0,17,11,33.0,55.0,15,,13.0,13.0,2,6.0,0.0,51.0,,9,24.0,6.0,19.0,20.0,51.0,21.0,51.0,,34.0,18,27,51.0,30.0,36.0,26.0,38.0,28.0,17.0,38.0,13.0,32.0,17,13,21.0,12,57.0,13.0,16.0,20.0,15,15,32.0,24.0,20.0,22.0,42.0,13.0,,33.0,21.0,4,35.0,16.0,44.0,18.0,47.0,18.0,15,26.0,25.0,22.0,27,51.0,30.0,1.0,34.0,18.0,17.0,11,32.0,40,16.0,32.0,41.0,35.0,,30.0,28.0,35.0,39.0,34.0,10.0,28.0,21.0,,,20.0,,38.0,20.0,11.0,40.0,24,27.0,34.0,18,14.0,11.0,21,32.0,22.0,29.0,19,22,7,30.0,29.0,39.0,49.0,9.0,55.0,49.0,40.0,27.0,18,13.0,31,31.0,11,18,9.0,18,43.0,28.0,30.0,55.0,9,28.0,13.0,19.0,34.0,37.0,11.0,9,27.0,23,18.0,49.0,,39,33.0,10,25,44.0,20.0,,20,14.0,,39,25.0,18.0,43.0,,45.0,45.0,21.0,42.0,31,17.0,35.0,23.0,,28.0,33.0,20.0,21.0,22,57.0,5,19.0,16.0,16.0,43.0,17,25,37.0,11.0,29.0,29.0,30.0,31.0,28.0,30.0,17.0,26,17.0,12.0,24,20,49.0,29.0,20,11.0,50.0,13,23.0,21,19,19,31.0,9.0,40.0,22.0,31.0,38.0,50.0,,15.0,16.0,32.0,18.0,9.0,19.0,16.0,36.0,34.0,22.0,15.0,36.0,,24.0,20.0,25.0,28.0,,32.0,9.0,32.0,16.0,23.0,24.0,20.0,9.0,11.0,29.0,57.0,34.0,37.0,,14.0,7.0,25.0,16.0,,54.0,39.0,,30,11.0,26.0,47.0,17,24.0,24.0,15.0,16.0,56.0,40.0,40.0,19.0,0.0,15.0,37.0,18.0,,,41.0,34.0,7.0,0.0,12.0,,58.0,9.0,54.0,27.0,33.0,24.0,33.0,55.0,16,31.0,26.0,,21,12.0,28.0,19.0,22.0,,53.0,19.0,,32.0,19,16.0,20.0,31.0,39.0,27.0,54.0,18,21,44.0,20.0,23.0,33.0,,36.0,18,17,15.0,17.0,24.0,19.0,,18.0,12.0,32.0,57.0,38.0,14.0,39.0,19.0,16.0,54.0,12.0,30,16.0,14.0,49.0,38.0,36.0,28,15.0,18,20.0,15,31.0,30.0,14.0,,18.0,29.0,18.0,31.0,43.0,10.0,24.0,26.0,39,26.0,45.0,44.0,11.0,18.0,28,25.0,,15.0,42.0,28.0,7.0,21.0,36.0,10.0,18,33,20.0,,44.0,20.0,18.0,15.0,47.0,31.0,30,12.0,30.0,32.0,48.0,33.0,0.0,20.0,22.0,6,56.0,25.0,21.0,24,13,33.0,34.0,22.0,34.0,,23.0,45.0,21.0,,25.0,22.0,24.0,26.0,46.0,26.0,20,46.0,25.0,0.0,20.0,11.0,15,22.0,13.0,18,55.0,34.0,14.0,17.0,52.0,25.0,15.0,44.0,53.0,35.0,,14,34.0,28.0,19.0,40.0,26,34.0,26.0,21.0,39.0,47.0,,23.0,17.0,15.0,17.0,34.0,0.0,41.0,53,34,16.0,9.0,14.0,40.0,22.0,18,15,34.0,39.0,59.0,22.0,11.0,,27.0,27.0,21.0,40.0,,31.0,17.0,25.0,11.0,14,22,22.0,52.0,58.0,15.0,25.0,20,48.0,27.0,18.0,5.0,19.0,9.0,18.0,14.0,,35.0,58.0,42.0,,53.0,23.0,24,20.0,24.0,15,34.0,,23.0,,56.0,30.0,33.0,39.0,59.0,27.0,26.0,19.0,27.0,,20.0,,31.0,30.0,20.0,28.0,33.0,29.0,,32.0,60.0,17.0,,16.0,32.0,,34.0,54.0,,25.0,34.0,38.0,54.0,35.0,,22.0,57.0,27.0,13.0,45.0,57.0,29.0,44.0,,18.0,14.0,36.0,32.0,48.0,26.0,30.0,,12.0,41.0,8.0,,27.0,28,23.0,20.0,60.0,38.0,8.0,32.0,34.0,5.0,11.0,12.0,45.0,17.0,,19.0,34.0,12.0,50.0,31.0,42.0,24.0,25.0,,32.0,52.0,19.0,31.0,,35.0,37.0,,31.0,30.0,13.0,,54.0,40.0,20.0,41.0,,20.0,,,25.0,14.0,41.0,40.0,23,51.0,,30.0,32.0,56.0,,16.0,37.0,0.0,18,34.0,22.0,,9.0,28.0,47.0,,13.0,16.0,12.0,2.0,17.0,24.0,52.0,,39.0,22,,,33.0,21.0,10.0,52.0,33.0,23.0,31.0,38.0,24.0,15.0,56.0,23.0,51.0,25.0,61.0,47.0,,9.0,34.0,57.0,22.0,21.0,8,18,19.0,17.0,3.0,17.0,26.0,27.0,31.0,12.0,32.0,54.0,31.0,25.0,26.0,34.0,33.0,34.0,42.0,55.0,45.0,41.0,16.0,30.0,31.0,51.0,33.0,16.0,15.0,36.0,17.0,18.0,14.0,,38.0,,30.0,,52.0,44.0,34.0,25.0,24.0,20.0,54.0,,38.0,21.0,,18.0,21,21.0,31.0,23.0,26.0,2,16.0,33.0,58.0,30.0,10.0,23.0,28.0,31.0,8,,17.0,44.0,,60.0,6.0,34.0,35,61.0,18.0,21.0,23.0,25,46.0,33.0,21.0,59.0,19.0,46.0,14.0,,33.0,32.0,14.0,,29.0,28.0,10.0,9.0,29.0,,58.0,38.0,35.0,17.0,43.0,46.0,21,42.0,,28.0,,40.0,13.0,18.0,23.0,35.0,52.0,33.0,36.0,35.0,8,40.0,19.0,19.0,24.0,8.0,,29.0,25.0,,61.0,33.0,23.0,57.0,25.0,,27.0,27.0,,15.0,23.0,55.0,10.0,16.0,38.0,24.0,44.0,16.0,38.0,,18.0,19.0,16.0,25.0,46.0,29.0,47.0,21.0,18.0,17.0,52.0,8.0,44.0,35.0,45.0,41.0,51.0,,43.0,21.0,13.0,49.0,19.0,47.0,,53.0,51.0,43.0,40.0,19.0,10.0,19.0,23.0,44.0,5.0,22.0,10.0,16.0,32.0,26.0,37,19.0,61.0,13.0,10.0,28.0,34.0,32.0,28.0,26.0,42.0,55.0,44.0,43.0,45.0,40.0,21.0,47.0,,40.0,29.0,,17.0,16.0,22.0,36.0,18.0,20.0,38.0,31.0,53.0,31.0,15.0,27.0,37.0,25.0,27.0,56.0,53.0,,48.0,49.0,31.0,39.0,0.0,13.0,27.0,27.0,,22.0,36.0,38.0,,31.0,27.0,21.0,15.0,46.0,,49.0,6.0,60.0,,52.0,28.0,41.0,46.0,18.0,12.0,41.0,,53.0,,30.0,35.0,18.0,58.0,50.0,34.0,53.0,,15.0,24.0,,38.0,28.0,43.0,32.0,36.0,33.0,24.0,30.0,31.0,24.0,55.0,,59.0,15.0,38.0,28.0,15.0,60.0,,,,35.0,0.0,,15.0,,21.0,52.0,53.0,25.0,19.0,20.0,32.0,,35.0,51.0,,55.0,,,59.0,57.0,,,34.0,21,22.0,19.0,15.0,33.0,6.0,14.0,44.0,22.0,10.0,41.0,16,14.0,17.0,42.0,36.0,25.0,25.0,13.0,,18,42.0,14.0,,14.0,40.0,,25.0,,30.0,53.0,,20.0,21.0,,34.0,,18.0,27.0,29.0,53.0,,30.0,,33.0,29.0,18.0,30.0,57.0,,42.0,61.0,32.0,60.0,28.0,25.0,16.0,25.0,25.0,,,12.0,22.0,33.0,0.0,31.0,20.0,31.0,,29.0,0.0,29.0,46.0,,,38.0,15.0,33.0,22.0,14.0,28.0,18.0,28.0,,32.0,35.0,21.0,22.0,16.0,33.0,28.0,30.0,,,47.0,,26.0,35.0,25.0,,,,24.0,18.0,26.0,0.0,36.0,,11.0,52.0,51.0,22.0,18.0,8.0,50.0,37.0,39.0,32.0,,16.0,19.0,39.0,27.0,21.0,,50.0,,46.0,55.0,19,,,,8.0,14.0,13.0,0.0,33.0,28.0,38.0,53.0,43.0,33.0,10.0,43.0,11.0,19.0,34.0,13.0,48.0,25.0,50.0,23.0,25.0,30.0,22.0,,12.0,30.0,25.0,16.0,42.0,34.0,33.0,60.0,,39.0,53.0,,35.0,44.0,38.0,20.0,,13.0,38.0,34.0,15.0,24.0,28.0,25.0,33.0,,,24.0,16.0,26.0,42.0,25.0,45.0,19.0,35.0,26.0,33.0,,50.0,,55.0,30.0,25.0,23.0,20.0,,29.0,61.0,54.0,28.0,59.0,15.0,15,48.0,18.0,19,8.0,28.0,21.0,22.0,11.0,17.0,18.0,17.0,14.0,39.0,32.0,54.0,,25.0,,45.0,48.0,15.0,,32.0,28.0,53.0,,26.0,42.0,8.0,19.0,30.0,21.0,47.0,30.0,60.0,,20.0,52.0,15.0,59.0,32.0,21.0,9.0,,24.0,,28.0,13.0,21.0,58.0,22.0,11.0,11.0,44.0,,38.0,,52.0,22.0,32.0,21.0,11.0,50.0,26.0,7.0,47.0,17.0,,,18.0,38.0,40.0,10.0,58.0,,27.0,48.0,21.0,46.0,28.0,44.0,33.0,,17.0,10.0,54.0,18.0,,11.0,21.0,,20.0,40.0,38.0,,37.0,57.0,37.0,38.0,14.0,30.0,49.0,41.0,23.0,22.0,28.0,30.0,45.0,,22.0,8.0,,42.0,28.0,30.0,16.0,55.0,56.0,22.0,41.0,30.0,44.0,17.0,16.0,33.0,45.0,55.0,23.0,49.0,15.0,47.0,31.0,60.0,15.0,19.0,56.0,43.0,,,31.0,27.0,31.0,26.0,39.0,40.0,,28.0,28.0,27.0,44.0,18.0,45.0,13.0,21.0,40.0,45.0,34.0,,,10.0,50.0,37.0,18.0,,45.0,59.0,23.0,11.0,,39.0,,,41.0,,,27.0,9.0,29.0,12.0,24.0,31.0,53.0,,26.0,53.0,25.0,25.0,,15.0,23.0,,,10.0,32.0,30.0,30.0,33.0,55.0,,28.0,30.0,,15.0,56.0,35.0,19.0,28.0,30.0,39.0,13.0,16.0,,42.0,20.0,35.0,12.0,39.0,,50.0,30.0,51.0,,,58.0,,9.0,60.0,33.0,21.0,15.0,40.0,37.0,41.0,31.0,27.0,27.0,18.0,24.0,43.0,30.0,7.0,,40.0,46.0,,17.0,36.0,,33.0,,,61.0,55.0,23.0,29.0,28.0,10.0,19.0,22.0,22.0,17.0,,6.0,17.0,32.0,36.0,30.0,20.0,0.0,10.0,55.0,33.0,13.0,26.0,19.0,18.0,51.0,34.0,32.0,36.0,30.0,48.0,27.0,45.0,34.0,52.0,13.0,24.0,,46.0,22.0,18.0,18.0,,35.0,24.0,21.0,21.0,32.0,11.0,54.0,41.0,43.0,31.0,,22.0,17.0,51.0,29.0,39.0,35.0,31.0,31.0,30.0,39.0,16.0,28.0,34.0,,30.0,25.0,36.0,36.0,,19.0,,17.0,15.0,56.0,30.0,36.0,14.0,41.0,,11.0,49.0,,13.0,,,2.0,38.0,,27.0,25.0,45.0,24.0,13.0,13.0,34.0,32.0,7.0,50.0,10.0,12.0,35.0,37.0,20.0,29.0,18.0,15.0,,56.0,,29.0,38.0,32.0,14.0,,28.0,,61.0,,,23.0,,52.0,20.0,12.0,21.0,,46.0,,46.0,18.0,17.0,9.0,55.0,20.0,27.0,28.0,37.0,21.0,14.0,15.0,55.0,42.0,,34.0,50.0,,15.0,37.0,14.0,23.0,41.0,18.0,38.0,50.0,19.0,25.0,43.0,18.0,,,14.0,,21.0,,,36.0,,57.0,38.0,13.0,29.0,35.0,36.0,,32.0,,,,44.0,33.0,23.0,59.0,51.0,,50.0,34.0,20.0,48.0,48.0,23.0,27.0,28.0,,47.0,52.0,,8.0,,12.0,48.0,44.0,45.0,,20.0,11.0,13.0,39.0,11.0,11.0,16.0,52.0,48.0,35.0,58.0,20.0,51.0,,43.0,33.0,9.0,31.0,60.0,7.0,32.0,,26.0,,,35.0,0.0,52.0,35.0,,33.0,16.0,,,55.0,27.0,21.0,0.0,,19.0,16.0,,,,,,26.0,25.0,29.0,,36.0,33.0,58.0,,21.0,48.0,,40.0,32.0,48.0,25.0,54.0,49.0,58.0,12.0,47.0,,34.0,23.0,43.0,60.0,,38.0,,24.0,41.0,28.0,8.0,41.0,49.0,22.0,18.0,50.0,45.0,29.0,56.0,23.0,35.0,59.0,58.0,,17.0,54.0,43.0,18.0,32.0,39.0,,,17.0,34.0,,,,23.0,22.0,33.0,33.0,8.0,27.0,43.0,58.0,40.0,,24.0,,50.0,31.0,0.0,,11.0,,,27.0,,,61.0,,23.0,,13.0,46.0,32.0,,15.0,44.0,,46.0,45.0,42.0,58.0,44.0,,,7.0,,13.0,37.0,25.0,18.0,24.0,15.0,17.0,50.0,30.0,,20.0,51.0,24.0,36.0,23.0,38.0,11.0,31.0,26.0,8.0,52.0,,,23.0,,,,24.0,,8.0,43.0,4.0,16.0,,31.0,21.0,,61.0,,,29.0,,,38.0,39.0,,,22.0,24.0,18.0,12.0,,14.0,13.0,,43.0,51.0,18.0,,20.0,,58.0,25.0,15.0,,,,4.0,61.0,,18.0,26.0,0.0,23.0,51.0,,,39.0,49.0,21.0,,28.0,,32.0,26.0,18.0,31.0,,35.0,34.0,4.0,39.0,43.0,54.0,17.0,36.0,21.0,46.0,23.0,19.0,26.0,,15.0,,38.0,14.0,16.0,6.0,,,,,,9.0,25.0,57.0,32.0,43.0,23.0,49.0,3.0,,16.0,,,,0.0,18.0,37.0,,34.0,43.0,59.0,,,25.0,14.0,,,,,24.0,,31.0,35.0,32.0,51.0,,29.0,27.0,,16.0,42.0,,22.0,,28.0,,14.0,43.0,60.0,15.0,10.0,31.0,,32.0,60.0,17.0,32.0,26.0,,22.0,,,0.0,42.0,37.0,,13.0,,58.0,60.0,26.0,17.0,10.0,34.0,,52.0,5.0,27.0,46.0,50.0,35.0,,40.0,22.0,,41.0,,54.0,,41.0,13.0,20.0,14.0,39.0,,24.0,,7.0,58.0,37.0,42.0,,16.0,16.0,12.0,,60.0,43.0,23.0,,,,,56.0,,,,40.0,18.0,13.0,,,20.0,17.0,,17.0,19.0,34.0,21.0,26.0,16.0,41.0,44.0,24.0,,19.0,21.0,57.0,,49.0,32.0,27.0,50.0,,,8.0,36.0,0.0,24.0,,,15.0,,15.0,,28.0,,,21.0,,26.0,11.0,14.0,,32.0,43.0,,5.0,29.0,,,16.0,31.0,24.0,25.0,25.0,,,36.0,,35.0,24.0,20.0,,,,43.0,49.0,,15.0,46.0,23.0,32.0,13.0,,24.0,30.0,17.0,18.0,23.0,37.0,57.0,,12.0,57.0,21.0,14.0,43.0,,21.0,,20.0,38.0,,,17.0,23.0,31.0,,,35.0,,,24.0,,25.0,45.0,31.0,49.0,33.0,45.0,45.0,,42.0,41.0,35.0,32.0,25.0,,41.0,,51.0,45.0,56.0,23.0,34.0,33.0,16.0,37.0,,18.0,29.0,26.0,58.0,44.0,37.0,15.0,36.0,,39.0,,43.0,27.0,,47.0,,15.0,13.0,30.0,0.0,22.0,41.0,20.0,45.0,17.0,,31.0,16.0,26.0,10.0,48.0,30.0,59.0,,4.0,20.0,24.0,42.0,30.0,,,45.0,32.0,20.0,,17.0,32.0,,,24.0,,21.0,,,36.0,14.0,,27.0,11.0,,16.0,,18.0,,32.0,51.0,47.0,46.0,,7.0,43.0,32.0,30.0,43.0,,41.0,35.0,,57.0,30.0,,31.0,55.0,18.0,29.0,,18.0,23.0,11.0,25.0,33.0,18.0,18.0,24.0,,27.0,32.0,22.0,37.0,,,15.0,12.0,35.0,,48.0,48.0,43.0,,,52.0,44.0,41.0,55.0,25.0,,53.0,44.0,,45.0,37,3,2.3978494623655915,18.355124179274906,-0.349054879534868
8,9,3,10,10,11,11,12,11,10,4,10,11,11,13,4,12,10,25,11,6,17,5,11,12,14,13,11,5,12,12,12,13,14,12,11,17,19,13,12,15,19.0,17,11,12,10,14,12,14,26,9,18,11,18,14,38,20,13,9,10,15,10,13,19,27.0,6,23,10,10,12,16,19,15,11,19,11,21,15,18,9,26,11,16,11,10,23,15,11,16,8,17,13,28,11,17,24,17,12,17,17,7,17,17,16,12,12,18,20,18,12,16,53.0,18,13,20.0,16,20,19,12,30,18,17,18,6,19,15,12,22.0,18,11,15,11,12.0,13,21,26.0,16,23,11,17,20,17,10,12,20.0,47.0,12,35.0,20,9,13,19,29.0,13,15,14,25,20.0,37,21,31,11,19,22,18,25.0,19,5,11,20,17,19.0,13,23,13,15,25,18.0,19,20.0,21,15,9,23,33,44.0,30.0,18,25,15.0,34.0,18,31,14,21,26,15,14,60.0,22,10,30.0,18,15,22,29,59.0,19,13,27,18,14.0,19,14,20,16,26,24,20,20.0,,17,14,5,29.0,14,19,19,,10,9.0,11.0,3,0,22.0,20,22,16,24.0,16.0,12,21,16,20,20,20.0,20,16,20,20,12,25,20.0,10.0,22,,19.0,14.0,21.0,41,48.0,13,21,32,19.0,21.0,16.0,42.0,15.0,18,26.0,28.0,19.0,12,24,36.0,12,24,15,31.0,19.0,,26,27.0,18,16,14.0,18.0,9,36.0,17.0,12,17,30.0,18,29.0,20.0,8.0,19,16,17.0,22,17,22,21,34,20,17,26,15,25,22,20,11.0,31.0,17,19,21,13.0,21.0,27,24,19,27.0,17,50.0,17,26,26,11,26,16.0,17,16.0,28,27,23.0,10,25,24,8.0,15.0,19,26.0,32.0,13.0,19.0,56.0,16,44.0,3,17,13,0.0,13,33.0,10.0,23,53.0,27.0,57.0,23,54.0,12,23,24,25,23,17,19,25.0,23,45.0,19,17,8,44.0,24,,31,24.0,17,,15,20,17.0,23,25.0,14,31.0,35.0,13,37,59.0,24.0,17.0,9.0,26.0,41,36.0,36.0,18,20.0,16,27,23.0,31.0,24,20.0,34,24.0,13.0,24,41,0,22.0,6,26.0,23.0,23,22.0,15,31.0,27,18,19,13.0,22.0,11,21,28,,23.0,28,21,,10,14.0,19.0,57.0,19.0,59.0,26.0,19.0,43.0,,18.0,18,27,23.0,38.0,11.0,,24.0,46.0,,14.0,17,16,19.0,19.0,14,10.0,8.0,40.0,27.0,36.0,15.0,17,25,,,35.0,41.0,30,19.0,31.0,,36,6,30,,56.0,22.0,15.0,18,24,19.0,20.0,37,30.0,33.0,21,,28.0,39.0,17,38.0,38,25.0,23.0,46.0,13,48.0,25,54.0,20,26,56.0,,12.0,,36,25,21,25.0,14,4.0,28,8,27.0,38,23,29.0,15.0,22,15,34.0,40.0,21.0,9.0,13.0,11.0,13,11.0,15,18,33.0,22.0,48.0,12.0,,55.0,14,11,29.0,58.0,16.0,16.0,30.0,26.0,21,33.0,17,25.0,26.0,19.0,24.0,27,12.0,9,38.0,34.0,26.0,25,25.0,,47.0,22,18,,19.0,37.0,0.0,52.0,17.0,42.0,18.0,31.0,28.0,11.0,21.0,24,29,25.0,7.0,41.0,10,13,16,28,30.0,60.0,20,11,34.0,,25,49.0,25.0,14.0,23,,22.0,,17,35.0,27.0,45.0,20.0,16.0,54.0,4,13.0,17,29.0,5,18,14,22.0,30.0,20.0,21.0,40.0,51.0,24.0,40.0,12.0,41.0,16.0,25,57.0,35.0,36,43.0,54.0,24.0,43.0,3,37.0,,,16,10,,25,24.0,10.0,24.0,49.0,19,30.0,14,35,0.0,16,56.0,16,25.0,13.0,18.0,20,34,52.0,,26,37.0,32,26.0,19,27.0,34.0,43.0,12.0,25.0,12.0,16,23.0,,16.0,17.0,39.0,38.0,36.0,28,14,61.0,44,23,24,43.0,40.0,35.0,25.0,55.0,36.0,32,27.0,7.0,3.0,16,20.0,26.0,38.0,,12.0,19,6.0,26.0,28.0,,56.0,16.0,27.0,27,53.0,51.0,26.0,15.0,,18.0,36.0,22,26.0,,25.0,45.0,29,16,,21.0,16,40.0,,12.0,15,35.0,18.0,20.0,60.0,24,,,21.0,52.0,16.0,31.0,13.0,38.0,14.0,25,24,28.0,27.0,59.0,20.0,30.0,17.0,60.0,57.0,28.0,0.0,23,21,38.0,23,13.0,27.0,26.0,36.0,14,16,35.0,20.0,19.0,31.0,13.0,19.0,42.0,34.0,42.0,20,27.0,33.0,,22.0,27.0,47.0,10,24.0,45.0,17.0,19,22.0,13.0,48.0,40.0,42.0,24.0,27,23.0,6,34.0,31.0,14.0,31.0,41.0,56.0,55.0,17.0,28.0,12.0,,31.0,19.0,17.0,26.0,32.0,28.0,25.0,29.0,24.0,28.0,20,43.0,13.0,27,41.0,,40,23.0,24.0,29.0,19,13,25,24.0,12.0,52.0,59.0,27.0,0.0,22.0,,14.0,28,16.0,25,38.0,32,22,49.0,21,26.0,30.0,52.0,0.0,21,55.0,28.0,22.0,25.0,,33.0,15,,37,18.0,,36.0,16,27.0,5,19,28.0,59.0,23.0,16,24.0,53.0,12,16.0,59.0,20.0,22.0,,15.0,39.0,17.0,12,31.0,0.0,22.0,20.0,45.0,27.0,,21.0,13,13.0,0,18.0,48.0,35.0,11.0,20,18,38.0,20.0,41.0,34.0,24.0,13.0,19.0,41.0,26.0,30,27.0,15.0,52,29,17.0,13.0,20,22.0,18.0,23,22.0,23,23,24,11.0,29.0,38.0,,21.0,26.0,19.0,11.0,,47.0,31.0,41.0,19.0,28.0,27.0,24.0,25.0,17.0,29.0,22.0,10.0,35.0,39.0,30.0,18.0,17.0,,57.0,18.0,18.0,25.0,23.0,1.0,20.0,,,14.0,27.0,35.0,24.0,,18.0,29.0,20.0,17.0,10.0,50.0,47.0,16,20.0,24.0,22.0,27,21.0,19.0,9.0,24.0,36.0,24.0,25.0,32.0,55.0,34.0,28.0,11.0,19.0,,30.0,37.0,59.0,30.0,18.0,39.0,42.0,14.0,19.0,38.0,21.0,47.0,54.0,,12,27.0,19.0,30.0,28,,37.0,31.0,39.0,35.0,0.0,16.0,,43.0,40,26.0,,25.0,10.0,22.0,58.0,31,17,17.0,37.0,49.0,17.0,,22.0,44,14,,47.0,14.0,,,39.0,23.0,40.0,34.0,27.0,19.0,51.0,12.0,21.0,,36.0,30,26.0,,21.0,49.0,17.0,31,23.0,25,41.0,17,24.0,44.0,39.0,40.0,16.0,30.0,57.0,34.0,45.0,,19.0,26.0,42,43.0,46.0,20.0,45.0,35.0,37,24.0,9.0,13.0,26.0,47.0,44.0,3.0,12.0,36.0,17,29,,36.0,,25.0,47.0,13.0,22.0,12.0,26,42.0,32.0,23.0,33.0,22.0,26.0,14.0,19.0,22,52.0,36.0,41.0,30,15,,34.0,41.0,41.0,35.0,11.0,25.0,51.0,20.0,25.0,39.0,28.0,27.0,22.0,58.0,15,14.0,38.0,28.0,,,34,39.0,20.0,26,41.0,22.0,,,22.0,25.0,28.0,43.0,26.0,14.0,15.0,20,24.0,,20.0,33.0,17,18.0,,25.0,35.0,21.0,18.0,31.0,32.0,48.0,53.0,42.0,31.0,25.0,42,37,27.0,57.0,41.0,48.0,,19,41,33.0,,33.0,35.0,,,53.0,24.0,22.0,37.0,43.0,21.0,19.0,28.0,48.0,13,20,20.0,44.0,28.0,,28.0,24,20.0,19.0,45.0,60.0,26.0,28.0,30.0,24.0,30.0,,56.0,41.0,29.0,52.0,,23,16.0,56.0,23,28.0,26.0,51.0,31.0,29.0,60.0,22.0,59.0,12.0,54.0,44.0,20.0,34.0,,41.0,61.0,32.0,18.0,21.0,51.0,16.0,54.0,,30.0,19.0,60.0,,33.0,18.0,49.0,19.0,45.0,,41.0,15.0,31.0,18.0,21.0,30.0,35.0,19.0,37.0,15.0,,27.0,28.0,,24.0,15.0,20.0,55.0,36.0,,,16.0,17.0,22.0,,19.0,53.0,33.0,44,47.0,22.0,46.0,29.0,22.0,18.0,20.0,20.0,17.0,49.0,17.0,7.0,,11.0,31.0,28.0,30.0,21.0,46.0,59.0,31.0,17.0,46.0,29.0,35.0,49.0,37.0,15.0,30.0,33.0,1.0,48.0,35.0,,53.0,33.0,41.0,32.0,32.0,17.0,30.0,33.0,27.0,,15.0,29.0,21,31.0,15.0,21.0,41.0,,41.0,36.0,28.0,15.0,18,19.0,,28.0,23.0,33.0,38.0,48.0,22.0,34.0,12.0,38.0,27.0,25.0,19.0,21.0,,28,51.0,17.0,,,24.0,60.0,10.0,25.0,10.0,45.0,27.0,41.0,11.0,50.0,58.0,26.0,,54.0,25.0,30.0,49.0,24.0,22.0,42.0,16,22,,29.0,22.0,22.0,15.0,27.0,12.0,24.0,55.0,33.0,,42.0,36.0,29.0,,42.0,,39.0,,43.0,12.0,20.0,,28.0,42.0,,31.0,13.0,,44.0,56.0,55.0,,,,20.0,18.0,15.0,37.0,19.0,22.0,26.0,39.0,42.0,24.0,,52.0,13.0,22,47.0,12.0,45.0,41.0,31,30.0,,4.0,15.0,,23.0,,45.0,11,,26.0,,47.0,,36.0,47.0,36,52.0,,24.0,26.0,26,55.0,23.0,17.0,61.0,51.0,34.0,49.0,33.0,17.0,28.0,24.0,34.0,37.0,16.0,31.0,33.0,35.0,56.0,48.0,39.0,27.0,40.0,,47.0,39,42.0,,48.0,21.0,43.0,35.0,,,11.0,19.0,15.0,,19.0,20,36.0,43.0,28.0,,16.0,14.0,45.0,25.0,,41.0,22.0,57.0,30.0,39.0,,27.0,28.0,,,,,35.0,41.0,22.0,,37.0,28.0,39.0,17.0,10.0,31.0,36.0,27.0,,39.0,,21.0,39.0,,26.0,54.0,52.0,57.0,29.0,27.0,39.0,,53.0,,44.0,56.0,25.0,58.0,,,20.0,21.0,54.0,15.0,17.0,25.0,27.0,20.0,30.0,39.0,24.0,14.0,,33.0,8,,27.0,31.0,31.0,38.0,29.0,37.0,25.0,23.0,22.0,40.0,43.0,,13.0,40.0,26.0,,37.0,22.0,55.0,51.0,,19.0,23.0,25.0,34.0,19.0,33.0,39.0,25.0,,,,29.0,18.0,22.0,30.0,52.0,,23.0,9.0,29.0,39.0,20.0,42.0,9.0,,35.0,27.0,13.0,,32.0,36.0,41.0,21.0,24.0,26.0,,39.0,22.0,50.0,58.0,,41.0,26.0,25.0,27.0,7.0,39.0,36.0,27.0,43.0,41.0,29.0,59.0,27.0,42.0,23.0,49.0,36.0,48.0,26.0,42.0,36.0,39.0,38.0,28.0,31.0,21.0,28.0,,39.0,45.0,42.0,27.0,49.0,44.0,34.0,39.0,,38.0,21.0,37.0,51.0,40.0,26.0,24.0,29.0,19.0,26.0,7.0,33.0,12.0,49.0,30.0,30.0,17.0,32.0,25.0,27.0,32.0,31.0,37.0,37.0,17.0,,57.0,25.0,18,0.0,,46.0,29.0,,18.0,49.0,33.0,28.0,12.0,11,,23.0,40.0,22.0,27.0,60.0,31.0,45.0,27,33.0,27.0,12.0,17.0,14.0,,24.0,,,,19.0,31.0,40.0,35.0,,26.0,12.0,56.0,40.0,40.0,57.0,21.0,17.0,55.0,31.0,27.0,33.0,32.0,26.0,,39.0,29.0,,40.0,,46.0,13.0,,36.0,43.0,9.0,38.0,59.0,26.0,21.0,16.0,5.0,,28.0,28.0,18.0,30.0,30.0,29.0,37.0,19.0,25.0,36.0,22.0,34.0,22.0,51.0,21.0,13.0,,,18.0,14.0,26.0,,23.0,20.0,28.0,21.0,31.0,,58.0,31.0,17.0,29.0,43.0,,58.0,35.0,24.0,39.0,5.0,27.0,17.0,10.0,24.0,39.0,12.0,33.0,32.0,50.0,45.0,13.0,12.0,41.0,41.0,16.0,31.0,,48.0,41.0,,34.0,52,43.0,56.0,26.0,,23.0,47.0,,18.0,,16.0,53.0,52.0,29.0,20.0,46.0,17.0,29.0,21.0,,45.0,42.0,40.0,58.0,45.0,47.0,21.0,,56.0,23.0,45.0,31.0,15.0,38.0,30.0,61.0,,15.0,,25.0,,44.0,39.0,30.0,,,,23.0,,61.0,25.0,43.0,19.0,45.0,40.0,14.0,19.0,,42.0,55.0,29.0,33.0,37.0,25.0,42.0,50.0,33.0,,,37.0,18.0,42.0,37.0,49.0,,,35.0,27.0,29.0,,15,23.0,,57,31.0,23.0,,29.0,56.0,21.0,26.0,,44.0,36.0,18.0,18.0,61.0,,59.0,16.0,40.0,21.0,,,19.0,43.0,30.0,41.0,,28.0,14.0,0.0,0.0,,58.0,36.0,39.0,60.0,21.0,,30.0,10.0,29.0,35.0,,26.0,18.0,,38.0,27.0,15.0,23.0,23.0,25.0,58.0,18.0,35.0,36.0,61.0,12.0,34.0,59.0,28.0,40.0,,33.0,,36.0,,,27.0,37.0,21.0,37.0,13.0,17.0,48.0,17.0,42.0,,,41.0,5.0,,58.0,14.0,48.0,19.0,20.0,12.0,,,20.0,23.0,24.0,38.0,,38.0,53.0,39.0,23.0,,34.0,6.0,24.0,24.0,29.0,12.0,,25.0,45.0,29.0,0.0,0.0,57.0,,23.0,44.0,41.0,48.0,34.0,56.0,32.0,30.0,14.0,17.0,38.0,39.0,10.0,35.0,19.0,36.0,35.0,45.0,25.0,22.0,29.0,21.0,28.0,,30.0,,43.0,25.0,16.0,38.0,14.0,14.0,19.0,51.0,,26.0,26.0,11.0,27.0,43.0,40.0,44.0,22.0,,26.0,,49.0,,,32.0,43.0,55.0,14.0,34.0,27.0,17.0,29.0,48.0,,49.0,34.0,23.0,44.0,14.0,28.0,49.0,32.0,16.0,34.0,,32.0,,45.0,17.0,39.0,31.0,61.0,17.0,15.0,25.0,61.0,36.0,13.0,,60.0,18.0,26.0,19.0,24.0,50.0,38.0,,33.0,59.0,33.0,27.0,,37.0,0.0,44.0,23.0,47.0,38.0,0.0,23.0,36.0,16.0,14.0,40.0,,27.0,44.0,12.0,28.0,57.0,32.0,50.0,50.0,17.0,22.0,43.0,15.0,17.0,,12.0,44.0,15.0,26.0,31.0,12.0,59.0,,,52.0,44.0,,,10.0,11.0,51.0,28.0,,50.0,,50.0,15.0,14.0,,45.0,17.0,18.0,48.0,46.0,27.0,39.0,8.0,22.0,22.0,,,24.0,38.0,17.0,27.0,45.0,39.0,38.0,45.0,21.0,41.0,45.0,0.0,27.0,56.0,,28.0,33.0,,25.0,31.0,31.0,60.0,19.0,27.0,,34.0,,48.0,5.0,22.0,35.0,29.0,40.0,18.0,23.0,,46.0,29.0,26.0,61.0,22.0,,28.0,,21.0,55.0,29.0,48.0,35.0,32.0,5.0,26.0,,61.0,20.0,40.0,50.0,,15.0,,31.0,34.0,,45.0,17.0,21.0,,30.0,34.0,,24.0,59.0,,21.0,31.0,,18.0,,17.0,30.0,,46.0,16.0,,50.0,,33.0,,43.0,11.0,,17.0,25.0,26.0,,43.0,19.0,60.0,22.0,31.0,26.0,22.0,,21.0,18.0,31.0,37.0,43.0,17.0,,24.0,32.0,51.0,29.0,34.0,38.0,,27.0,36.0,23.0,22.0,,50.0,,,48.0,22.0,,,26.0,22.0,14.0,45.0,,57.0,,27.0,44.0,25.0,47.0,41.0,25.0,52.0,20.0,6.0,,21.0,,,45.0,23.0,14.0,13.0,,48.0,,47.0,0.0,33.0,32.0,30.0,54.0,31.0,,11.0,59.0,34.0,46.0,28.0,44.0,28.0,8.0,47.0,20.0,,18.0,60.0,,,39.0,24.0,,,20.0,19.0,30.0,17.0,35.0,,31.0,52.0,46.0,25.0,35.0,17.0,28.0,37.0,,29.0,61.0,51.0,,14.0,50.0,,34.0,25.0,43.0,40.0,61.0,,,38.0,24.0,26.0,49.0,27.0,15.0,27.0,38.0,36.0,,25.0,29.0,,,,13.0,17.0,28.0,9.0,57.0,29.0,42.0,35.0,12.0,46.0,32.0,36.0,,26.0,25.0,,,19.0,18.0,53.0,20.0,30.0,,,,23.0,41.0,56.0,,58.0,16.0,0.0,18.0,14.0,47.0,37.0,24.0,,,,35.0,,33.0,35.0,33.0,,,54.0,25.0,33.0,4.0,45.0,27.0,,31.0,59.0,24.0,9.0,29.0,,,18.0,22.0,,,27.0,55.0,48.0,23.0,42.0,31.0,,39.0,12.0,50.0,20.0,18.0,19.0,,43.0,37.0,14.0,51.0,,25.0,,17.0,28.0,53.0,,45.0,,23.0,59.0,22.0,35.0,37.0,46.0,46.0,36.0,31.0,43.0,22.0,41.0,,46.0,30.0,12.0,40.0,45.0,37.0,29.0,61.0,44.0,28.0,61.0,21.0,,30.0,28.0,49.0,24.0,22.0,,21.0,25.0,60.0,6.0,16.0,,,18.0,,26.0,21.0,,58.0,22.0,37.0,11.0,36.0,,20.0,56.0,32.0,10.0,21.0,,,58.0,41.0,38.0,24.0,6.0,26.0,36.0,35.0,,30.0,15.0,0.0,,,49.0,15.0,31.0,24.0,,32.0,25.0,26.0,26.0,23.0,37.0,53.0,57.0,32.0,,,55.0,39.0,29.0,,55.0,41.0,12.0,53.0,20.0,38.0,39.0,43.0,28.0,27.0,,39.0,18.0,43.0,27.0,61.0,7.0,0.0,51.0,,42.0,14.0,20.0,29.0,18.0,23.0,60.0,34.0,,17.0,39.0,,44.0,23.0,44.0,50.0,,45.0,,21.0,51.0,20.0,40.0,17.0,20.0,39.0,16.0,28.0,,19.0,55.0,51.0,30.0,,47.0,24.0,,58.0,,20.0,26.0,16.0,41.0,51.0,49.0,19.0,23.0,36.0,39.0,28.0,,50.0,28.0,40.0,24.0,,,51.0,31.0,,39.0,26.0,46.0,,,21.0,15.0,,,19.0,48.0,,,25.0,38.0,22.0,18.0,21.0,35.0,25.0,44.0,39.0,19.0,13.0,50.0,,14.0,26.0,10.0,,,0.0,,58.0,,24.0,,,,55.0,,19.0,31.0,29.0,19.0,,13.0,17.0,12.0,60.0,35.0,13.0,37.0,30.0,38.0,,,46.0,34.0,56.0,36.0,52.0,37.0,33.0,17.0,59.0,25.0,,51.0,25.0,49.0,44.0,18.0,17.0,12.0,50.0,40.0,60.0,,32.0,0.0,46.0,45.0,7.0,59.0,17.0,,,51.0,17.0,39.0,,53.0,41.0,29.0,0.0,38.0,37.0,54.0,0.0,36.0,,21.0,37.0,34.0,27.0,15.0,,42.0,60.0,,,,44.0,,25.0,,22.0,21.0,26.0,,12.0,,,,52.0,39.0,38.0,51.0,,13.0,32.0,37.0,58.0,37.0,20.0,57.0,31.0,,46.0,25.0,,37.0,44.0,19.0,,49.0,,,0.0,28.0,,,,28.0,52.0,,41.0,,55.0,30.0,,,40.0,,39.0,25.0,,24.0,50.0,29.0,27.0,,,11.0,47.0,,26.0,,,37.0,33.0,14.0,48.0,16.0,31.0,,51.0,41.0,,0.0,61.0,,,25.0,10.0,30.0,27.0,43.0,48.0,,56.0,0.0,47.0,,53.0,33.0,21.0,28.0,30.0,43.0,,49.0,37.0,,13.0,24.0,,11.0,28.0,19.0,,44.0,,,,17.0,29.0,59.0,51.0,13.0,27.0,,49.0,31.0,13.0,51.0,32.0,36.0,43.0,,37.0,34.0,40.0,28.0,14.0,11.0,58.0,,39.0,,22.0,41.0,55.0,,31.0,,,13.0,43.0,33.0,45.0,28.0,32.0,42.0,,25.0,50.0,,30.0,43.0,,33.0,20.0,58.0,7.0,19.0,55.0,,37.0,46.0,32.0,,28.0,18.0,,53.0,40.0,,16.0,20.0,26.0,54.0,49.0,18.0,42.0,,23.0,24.0,10.0,48.0,,39.0,45.0,31.0,37.0,11.0,35.0,30.0,40.0,35.0,,,30.0,55.0,42.0,43.0,,41.0,,,38,3,2.393574297188755,17.713268792710707,-0.3497081704623056
8,6,6,7,9,9,7,12,7,4,7,8,12,10,13,9,12,9,17,27,8,7,12,11,8,15,14,12,8,13,14,15,12,8,13,10,23,16,16,20,17,25.0,14,11,4,15,15,11,10,16,13,9,7,21,16,21,3,19,10,12,15,17,21,20,11.0,11,14,18,24,12,16,11,16,14,20,18,23,16,20,9,20,11,11,15,16,7,11,13,22,14,19,13,24,15,14,17,21,11,16,15,17,13,16,8,8,18,7,23,11,14,16,34.0,19,21,20.0,14,19,22,11,20,15,37,15,16,3,21,15,17.0,14,7,22,22,,4,19,11.0,19,23,17,15,14,14,14,20,13.0,22.0,11,25.0,17,18,16,14,39.0,14,19,9,17,45.0,29,15,15,17,15,22,25,24.0,17,16,13,15,11,15.0,17,28,19,8,33,20.0,4,29.0,16,12,19,18,25,36.0,,21,12,20.0,24.0,17,38,12,16,16,12,13,21.0,22,14,52.0,16,20,25,19,20.0,14,17,20,18,,21,18,13,9,24,11,14,39.0,28.0,20,23,10,23.0,18,24,34,15.0,16,33.0,12.0,19,15,35.0,11,20,18,35.0,,16,20,16,15,17,24.0,10,10,16,9,25,20,26.0,29.0,18,16.0,14.0,37.0,23.0,33,31.0,16,15,0,15.0,11.0,34.0,,34.0,14,25.0,19.0,31.0,17,29,18.0,27,18,30,13.0,57.0,,23,40.0,20,21,22.0,27.0,17,29.0,21.0,12,38,17.0,18,,47.0,16.0,29,13,31.0,25,17,19,12,18,16,19,16,10,22,21,21,12.0,35.0,13,16,19,31.0,16.0,13,23,6,35.0,31,23.0,19,15,16,13,23,40.0,11,6.0,17,19,13.0,28,14,28,11.0,17.0,18,29.0,5.0,23.0,0.0,39.0,18,28.0,29,23,18,33.0,12,35.0,30.0,29,35.0,34.0,31.0,25,34.0,26,26,22,21,27,21,16,23.0,18,29.0,26,22,13,40.0,16,10.0,25,43.0,25,,19,23,48.0,19,,23,25.0,31.0,12,19,13.0,12.0,24.0,14.0,,29,10.0,42.0,37,24.0,36,21,,44.0,17,10.0,8,14.0,,18,19,22,21.0,26,60.0,13.0,22,20.0,11,21.0,21,20,15,10.0,38.0,21,19,29,7.0,15.0,18,15,27.0,14,26.0,10.0,0.0,19.0,30.0,17.0,20.0,8.0,29.0,25.0,20,17,20.0,,46.0,26.0,31.0,33.0,18.0,22.0,26,22,0.0,0.0,31,30.0,19.0,41.0,24.0,38.0,32.0,30,26,18.0,30.0,12.0,8.0,38,30.0,28.0,55.0,12,13,16,26.0,25.0,16.0,25.0,17,16,20.0,44.0,25,32.0,35.0,18,21.0,22.0,10.0,26,16.0,18,30.0,24.0,34.0,11,35.0,24,17.0,16,34,,31.0,,25.0,29,20,20,18.0,14,16.0,26,47,,17,19,10.0,27.0,27,16,27.0,14.0,41.0,10.0,38.0,25.0,23,39.0,34,23,34.0,34.0,16.0,28.0,11.0,14.0,9,18,45.0,34.0,14.0,28.0,23.0,36.0,24,43.0,13,12.0,31.0,43.0,29.0,25,,17,19.0,38.0,20.0,23,25.0,,,34,15,47.0,33.0,38.0,56.0,35.0,16.0,29.0,,22.0,18.0,56.0,21.0,15,22,33.0,50.0,17.0,16,22,22,20,19.0,60.0,20,7,15.0,,17,39.0,28.0,15.0,26,,14.0,,16,30.0,,21.0,49.0,17.0,17.0,19,44.0,16,17.0,21,22,22,30.0,59.0,32.0,,38.0,8.0,38.0,12.0,20.0,22.0,33.0,21,21.0,40.0,19,19.0,,14.0,17.0,33,26.0,52.0,,39,21,30.0,22,26.0,31.0,22.0,31.0,21,33.0,25,12,43.0,33,19.0,12,34.0,,36.0,17,21,,30.0,36,34.0,28,23.0,0,31.0,27.0,13.0,49.0,44.0,12.0,23,25.0,,30.0,42.0,14.0,9.0,42.0,34,24,24.0,26,12,17,,30.0,12.0,47.0,28.0,15.0,21,17.0,24.0,21.0,19,20.0,14.0,17.0,32.0,18.0,22,21.0,21.0,27.0,28.0,26.0,11.0,23.0,24,60.0,45.0,10.0,31.0,18.0,21.0,24.0,25,23.0,53.0,32.0,55.0,20,18,,12.0,20,30.0,9.0,31.0,11,26.0,32.0,61.0,,12,42.0,,19.0,30.0,55.0,18.0,0.0,,37.0,24,21,61.0,31.0,,40.0,24.0,13.0,8.0,55.0,24.0,39.0,38,25,,0,,,14.0,52.0,23,21,23.0,32.0,27.0,21.0,,14.0,20.0,27.0,8.0,7,50.0,27.0,17.0,44.0,31.0,45.0,34,39.0,34.0,50.0,19,46.0,8.0,53.0,26.0,26.0,16.0,37,57.0,43,13.0,18.0,37.0,40.0,25.0,37.0,0.0,27.0,32.0,30.0,28.0,,32.0,9.0,17.0,31.0,18.0,17.0,47.0,37.0,26.0,27,27.0,24.0,16,26.0,20.0,10,33.0,50.0,15.0,28,28,24,30.0,22.0,44.0,15.0,19.0,15.0,32.0,,35.0,20,18.0,18,29.0,24,23,16.0,13,17.0,,29.0,29.0,41,40.0,20.0,35.0,19.0,53.0,33.0,9,41.0,23,7.0,54.0,54.0,32,36.0,33,18,44.0,47.0,,19,12.0,,43,28.0,13.0,18.0,24.0,25.0,24.0,21.0,43.0,43,27.0,27.0,50.0,38.0,20.0,26.0,33.0,16.0,24,10.0,40,18.0,30.0,43.0,32.0,14,21,37.0,36.0,,37.0,42.0,,32.0,17.0,40.0,24,35.0,20.0,23,24,25.0,,16,19.0,54.0,11,12.0,13,36,45,32.0,60.0,18.0,20.0,55.0,34.0,,,39.0,21.0,,20.0,37.0,26.0,27.0,19.0,15.0,41.0,25.0,35.0,,11.0,,,27.0,38.0,22.0,24.0,16.0,25.0,33.0,29.0,28.0,22.0,57.0,,40.0,45.0,31.0,,22.0,47.0,28.0,19.0,33.0,29.0,26.0,21.0,35,32.0,33.0,15.0,27,25.0,35.0,15.0,16.0,37.0,19.0,43.0,1.0,,0.0,15.0,61.0,24.0,19.0,21.0,,28.0,,48.0,,61.0,49.0,44.0,1.0,31.0,29.0,37.0,32.0,9,39.0,28.0,15.0,15,17.0,28.0,41.0,24.0,19.0,30.0,,20.0,24.0,28,23.0,,33.0,12.0,37.0,,19,34,49.0,17.0,13.0,28.0,,36.0,24,22,52.0,52.0,51.0,47.0,53.0,27.0,32.0,25.0,38.0,39.0,37.0,57.0,24.0,31.0,20.0,22.0,32,17.0,48.0,22.0,14.0,21.0,6,30.0,46,16.0,16,34.0,,19.0,50.0,57.0,26.0,30.0,22.0,24.0,15.0,,59.0,17,21.0,19.0,21.0,39.0,16.0,25,28.0,37.0,20.0,46.0,47.0,54.0,34.0,23.0,9.0,23,12,28.0,,13.0,18.0,50.0,43.0,25.0,10.0,23,34.0,,11.0,21.0,45.0,12.0,56.0,26.0,12,19.0,20.0,26.0,26,25,58.0,16.0,21.0,25.0,11.0,22.0,22.0,31.0,55.0,12.0,45.0,19.0,23.0,,47.0,8,13.0,26.0,12.0,23.0,19.0,31,45.0,40.0,33,0.0,31.0,32.0,12.0,36.0,37.0,22.0,23.0,40.0,61.0,12.0,0,31.0,51.0,29.0,58.0,20,,19.0,18.0,14.0,19.0,36.0,38.0,22.0,13.0,11.0,49.0,26.0,28.0,30,25,15.0,,18.0,,37.0,25,14,24.0,,59.0,34.0,33.0,30.0,27.0,24.0,22.0,,,50.0,21.0,,48.0,18,21,14.0,,18.0,23.0,11.0,19,26.0,,34.0,25.0,,28.0,32.0,,23.0,18.0,34.0,21.0,35.0,32.0,1.0,14,17.0,14.0,28,21.0,24.0,31.0,58.0,27.0,24.0,13.0,37.0,18.0,3.0,32.0,21.0,13.0,27.0,21.0,22.0,26.0,11.0,35.0,46.0,18.0,45.0,,36.0,,50.0,39.0,23.0,23.0,,22.0,31.0,55.0,,45.0,38.0,48.0,,60.0,26.0,20.0,36.0,,,,23.0,37.0,32.0,31.0,24.0,,,46.0,,22.0,25.0,53.0,34.0,27.0,20.0,28.0,29,51.0,26.0,41.0,60.0,41.0,21.0,24.0,34.0,44.0,,43.0,24.0,31.0,10.0,30.0,33.0,24.0,46.0,13.0,38.0,20.0,13.0,49.0,41.0,6.0,24.0,17.0,13.0,37.0,24.0,58.0,44.0,25.0,40.0,16.0,28.0,20.0,34.0,23.0,37.0,19.0,24.0,,32.0,,54.0,12,40.0,50.0,24.0,30.0,39.0,36.0,12.0,11.0,19.0,27,31.0,28.0,38.0,,,26.0,25.0,27.0,3.0,26.0,52.0,,46.0,19.0,23.0,10.0,16,14.0,14.0,36.0,48.0,11.0,45.0,41.0,21.0,34.0,,26.0,30.0,,,32.0,37.0,23.0,,29.0,46.0,38.0,,10.0,32.0,15,30,19.0,,27.0,21.0,53.0,9.0,33.0,19.0,2.0,40.0,,49.0,35.0,50.0,,54.0,28.0,43.0,12.0,36.0,23.0,50.0,57.0,48.0,27.0,37.0,37.0,21.0,17.0,,,49.0,50.0,0.0,32.0,21.0,19.0,51.0,20.0,15.0,,31.0,29.0,35.0,19.0,,17.0,43.0,42,50.0,31.0,32.0,,27,40.0,29.0,59.0,30.0,56.0,51.0,38.0,39.0,16,30.0,18.0,28.0,46.0,24.0,7.0,,30,,16.0,28.0,47.0,25,,16.0,15.0,40.0,53.0,11.0,17.0,11.0,26.0,,29.0,34.0,18.0,35.0,18.0,6.0,,,,,30.0,42.0,10.0,23.0,32,41.0,24.0,58.0,,37.0,,57.0,17.0,18.0,14.0,9.0,31.0,,19,16.0,13.0,42.0,,13.0,39.0,40.0,,42.0,24.0,52.0,29.0,36.0,12.0,,24.0,48.0,,20.0,55.0,36.0,11.0,32.0,25.0,,53.0,14.0,,37.0,16.0,34.0,56.0,33.0,53.0,51.0,17.0,27.0,13.0,,32.0,36.0,42.0,,48.0,39.0,23.0,22.0,48.0,,11.0,24.0,57.0,40.0,12.0,43.0,37.0,,33.0,,19.0,28.0,25.0,17.0,33.0,55.0,45.0,11.0,,24.0,36,25.0,51.0,17.0,29.0,41.0,46.0,23.0,29.0,14.0,36.0,12.0,18.0,16.0,24.0,22.0,13.0,45.0,30.0,48.0,54.0,41.0,50.0,20.0,27.0,21.0,27.0,33.0,35.0,24.0,,8.0,47.0,20.0,,,37.0,32.0,31.0,25.0,13.0,23.0,31.0,,8.0,,43.0,49.0,,25.0,13.0,57.0,60.0,19.0,,25.0,25.0,27.0,55.0,39.0,49.0,37.0,28.0,,33.0,26.0,25.0,33.0,21.0,26.0,39.0,61.0,,54.0,33.0,54.0,25.0,53.0,44.0,25.0,17.0,30.0,,15.0,45.0,23.0,11.0,32.0,31.0,11.0,30.0,,22.0,44.0,,36.0,29.0,38.0,17.0,20.0,12.0,22.0,27.0,42.0,,49.0,25.0,46.0,0.0,44.0,51.0,12.0,19.0,44.0,18.0,18.0,32.0,11.0,41.0,15.0,43.0,29.0,36.0,19.0,,44.0,28.0,28.0,,31,,33.0,40.0,53.0,47.0,22.0,19.0,55.0,24.0,,14,20.0,,12.0,43.0,28.0,50.0,19.0,,24,19.0,32.0,35.0,12.0,24.0,34.0,34.0,,35.0,42.0,19.0,28.0,20.0,38.0,61.0,48.0,,,26.0,31.0,28.0,14.0,31.0,,16.0,55.0,53.0,52.0,43.0,,15.0,59.0,24.0,25.0,10.0,32.0,26.0,,51.0,,32.0,39.0,37.0,23.0,26.0,17.0,32.0,53.0,15.0,30.0,41.0,,54.0,41.0,57.0,57.0,23.0,31.0,29.0,42.0,20.0,30.0,,,39.0,,42.0,23.0,29.0,26.0,,21.0,59.0,26.0,49.0,15.0,37.0,38.0,26.0,53.0,35.0,11.0,25.0,10.0,47.0,20.0,16.0,29.0,,22.0,24.0,39.0,48.0,,12.0,56.0,30.0,20.0,16.0,45.0,,15.0,17.0,53.0,23.0,34.0,61.0,,31,28.0,0.0,39.0,46.0,25.0,6.0,33.0,20.0,35.0,51.0,20.0,40.0,39.0,22.0,10.0,19.0,16.0,23.0,36.0,37.0,20.0,23.0,25.0,26.0,36.0,,59.0,,,14.0,14.0,52.0,30.0,17.0,32.0,30.0,34.0,29.0,13.0,,23.0,40.0,11.0,37.0,7.0,32.0,,27.0,39.0,32.0,,18.0,24.0,,27.0,,,36.0,37.0,35.0,26.0,32.0,48.0,20.0,,,56.0,41.0,31.0,43.0,36.0,49.0,10.0,27.0,39.0,,,0.0,14.0,17,44.0,45.0,17,8.0,39.0,36.0,56.0,56.0,29.0,21.0,16.0,17.0,25.0,,39.0,,36.0,31.0,58.0,34.0,34.0,,23.0,22.0,53.0,45.0,18.0,,24.0,33.0,24.0,29.0,31.0,26.0,31.0,,33.0,40.0,43.0,46.0,20.0,22.0,42.0,,58.0,43.0,,,21.0,42.0,21.0,13.0,36.0,,12.0,54.0,53.0,,21.0,35.0,34.0,26.0,19.0,32.0,32.0,32.0,12.0,52.0,,,32.0,27.0,12.0,47.0,,31.0,24.0,56.0,55.0,34.0,11.0,8.0,,32.0,,38.0,18.0,37.0,17.0,,48.0,39.0,28.0,,25.0,,32.0,56.0,17.0,,36.0,,16.0,48.0,29.0,0.0,22.0,29.0,,,16.0,,0.0,29.0,31.0,18.0,33.0,38.0,32.0,27.0,32.0,,,49.0,39.0,29.0,24.0,21.0,51.0,32.0,23.0,16.0,26.0,60.0,40.0,,28.0,,44.0,26.0,60.0,16.0,59.0,33.0,22.0,22.0,22.0,47.0,19.0,27.0,,,35.0,40.0,18.0,,42.0,39.0,41.0,28.0,47.0,53.0,,,23.0,39.0,20.0,14.0,15.0,,50.0,49.0,52.0,,29.0,,44.0,13.0,24.0,48.0,0.0,39.0,15.0,25.0,47.0,23.0,50.0,40.0,49.0,,27.0,,19.0,60.0,,19.0,46.0,43.0,21.0,,12.0,9.0,11.0,,24.0,7.0,37.0,,18.0,47.0,47.0,,12.0,28.0,17.0,9.0,36.0,,51.0,35.0,61.0,22.0,,58.0,41.0,,39.0,24.0,55.0,31.0,29.0,,29.0,,38.0,32.0,52.0,24.0,13.0,33.0,38.0,,,,44.0,50.0,38.0,11.0,31.0,16.0,,19.0,22.0,29.0,,45.0,13.0,54.0,27.0,30.0,56.0,15.0,,16.0,7.0,14.0,29.0,47.0,21.0,33.0,43.0,24.0,26.0,,,42.0,40.0,40.0,,,,24.0,27.0,54.0,28.0,43.0,10.0,44.0,24.0,39.0,39.0,16.0,53.0,39.0,37.0,22.0,46.0,34.0,26.0,57.0,21.0,32.0,,,,18.0,24.0,40.0,57.0,34.0,,32.0,,,,28.0,50.0,43.0,,0.0,34.0,48.0,49.0,,46.0,,,22.0,33.0,,53.0,16.0,37.0,26.0,7.0,,25.0,,39.0,,45.0,38.0,36.0,46.0,,52.0,,11.0,23.0,16.0,,14.0,53.0,47.0,5.0,48.0,,,,40.0,,50.0,37.0,16.0,11.0,28.0,,59.0,58.0,44.0,25.0,,16.0,14.0,,,47.0,,38.0,35.0,44.0,52.0,,24.0,39.0,,7.0,31.0,32.0,17.0,44.0,29.0,20.0,36.0,,58.0,49.0,58.0,50.0,44.0,29.0,50.0,,,28.0,,27.0,17.0,,44.0,20.0,48.0,61.0,,28.0,57.0,60.0,47.0,,,,48.0,,10.0,20.0,33.0,14.0,41.0,31.0,19.0,24.0,29.0,2.0,21.0,23.0,16.0,44.0,28.0,,43.0,56.0,35.0,,,24.0,21.0,,29.0,,59.0,,9.0,,25.0,42.0,27.0,31.0,,52.0,51.0,,47.0,25.0,,48.0,24.0,33.0,54.0,18.0,25.0,,32.0,34.0,26.0,14.0,35.0,61.0,39.0,29.0,20.0,,,15.0,,13.0,,25.0,47.0,59.0,,51.0,35.0,16.0,29.0,56.0,14.0,,35.0,33.0,29.0,19.0,24.0,51.0,19.0,59.0,34.0,36.0,11.0,56.0,35.0,15.0,,,,,13.0,,47.0,,,56.0,61.0,,17.0,44.0,,47.0,,17.0,54.0,36.0,22.0,,23.0,9.0,32.0,15.0,20.0,10.0,31.0,22.0,,50.0,27.0,18.0,17.0,37.0,48.0,51.0,40.0,60.0,,,32.0,26.0,50.0,56.0,56.0,43.0,29.0,15.0,24.0,55.0,48.0,58.0,37.0,,23.0,34.0,,20.0,22.0,11.0,,,32.0,61.0,25.0,40.0,27.0,28.0,,41.0,,30.0,,60.0,32.0,42.0,45.0,45.0,30.0,22.0,,48.0,,17.0,61.0,40.0,,61.0,,52.0,,32.0,43.0,,33.0,49.0,20.0,17.0,,,,46.0,42.0,0.0,45.0,61.0,5.0,36.0,,12.0,33.0,17.0,21.0,,18.0,44.0,,27.0,49.0,,25.0,20.0,24.0,17.0,49.0,,11.0,,,,55.0,14.0,8.0,,39.0,,,24.0,,22.0,24.0,26.0,45.0,28.0,47.0,,23.0,27.0,29.0,50.0,42.0,0.0,25.0,8.0,,53.0,40.0,43.0,5.0,12.0,35.0,37.0,16.0,11.0,23.0,39.0,,32.0,21.0,,36.0,34.0,18.0,,56.0,39.0,37.0,26.0,12.0,26.0,,,17.0,19.0,34.0,37.0,36.0,,53.0,31.0,28.0,23.0,17.0,20.0,27.0,50.0,14.0,22.0,41.0,47.0,53.0,39.0,,39.0,42.0,0.0,,25.0,25.0,58.0,33.0,42.0,19.0,,27.0,29.0,40.0,,,22.0,43.0,28.0,42.0,,,42.0,,13.0,,61.0,20.0,38.0,34.0,,32.0,50.0,,16.0,32.0,19.0,50.0,60.0,27.0,33.0,,59.0,,47.0,,26.0,,52.0,14.0,20.0,35.0,29.0,35.0,,32.0,34.0,13.0,14.0,37.0,50.0,25.0,38.0,23.0,59.0,,34.0,51.0,53.0,25.0,30.0,,21.0,56.0,22.0,,,18.0,,61.0,31.0,41.0,,30.0,,28.0,40.0,22.0,57.0,30.0,18.0,29.0,15.0,31.0,34.0,,22.0,17.0,29.0,26.0,25.0,,,38.0,22.0,36.0,,34.0,,53.0,,39.0,0.0,38.0,23.0,,38.0,,43.0,30.0,33.0,45.0,55.0,,61.0,0.0,,16.0,60.0,43.0,,,10.0,26.0,11.0,0.0,20.0,25.0,41.0,25.0,23.0,,29.0,45.0,49.0,27.0,19.0,36.0,31.0,0.0,18.0,35.0,61.0,43.0,12.0,42.0,,61.0,50.0,45.0,,56.0,,,30.0,27.0,,23.0,31.0,,,0.0,,,30.0,,45.0,38.0,12.0,,44.0,33.0,8.0,43.0,37.0,26.0,,22.0,53.0,20.0,17.0,,55.0,,18.0,46.0,,,40.0,16.0,49.0,33.0,,18.0,60.0,28.0,,31.0,,56.0,51.0,,25.0,18.0,,33.0,,25.0,,,29.0,14.0,40.0,15.0,46.0,27.0,28.0,22.0,50.0,,0.0,39.0,36.0,,50.0,51.0,32.0,33.0,29.0,56.0,52.0,32.0,39.0,57.0,11.0,55.0,37.0,38.0,,45.0,,19.0,,30.0,16.0,,29.0,26.0,,41.0,30.0,56.0,,24.0,22.0,31.0,13.0,42.0,15.0,,57.0,48.0,44.0,53.0,24.0,33.0,41.0,,45.0,61.0,46.0,,38.0,,23.0,53.0,,24.0,,,61.0,,22.0,29.0,8.0,27.0,,26.0,,54.0,38.0,32.0,,0.0,13.0,22.0,,,,34.0,,23.0,47.0,,,18.0,17.0,32.0,,60.0,56.0,,,57.0,,36.0,29.0,37.0,,,,,22.0,42.0,58.0,,,28.0,36.0,,,12.0,25.0,,19.0,,21.0,29.0,9.0,17.0,52.0,30.0,32.0,,51.0,22.0,32.0,13.0,19.0,56.0,28.0,44.0,,48.0,,16.0,,51.0,,54.0,39,3,2.4392905866302863,17.669838523644753,-0.3310333121778331
6,7,9,8,6,8,7,7,13,14,10,13,9,11,16,10,15,8,25,23,11,17,17,16,9,12,19,11,10,10,15,18,11,12,16,9,17,19,17,11,17,28.0,17,20,3,20,19,19,18,5,17,18,12,15,18,8,18,10,2,17,13,13,15,16,,13,21,23,18,9,12,13,19,18,15,17,26,11,18,9,21,16,12,18,0,20,19,18,16,8,17,11,33,15,25,18,22,13,16,11,22,32,17,12,18,21,19,17,10,17,12,35.0,19,27,14.0,17,21,16,13,21,18,13,19,14,6,19,10,10.0,18,10,17,1,43.0,10,19,40.0,17,20,10,25,5,17,16,26,16.0,36.0,12,22.0,20,28,30,17,22.0,19,20,25,27,19.0,26,26,20,20,17,38,19,27.0,27,25,22,16,11,56.0,8,38,8,28,26,4.0,23,22.0,19,22,14,19,19,18.0,19.0,14,20,,21.0,18,13,9,21,19,19,15,19.0,21,23,49.0,18,11,33,13,10.0,17,23,19,15,50.0,37,18,16,22,14,14,4,31.0,16.0,23,21,20,23.0,15,20,23,25.0,14,13.0,9.0,19,14,,16,18,18,22.0,21.0,12,18,22,14,19,29.0,28,21,18,17,21,30,39.0,22.0,18,16.0,35.0,22.0,41.0,26,27.0,16,37,21,22.0,41.0,40.0,9.0,40.0,21,64.0,47.0,12.0,32,18,43.0,16,24,25,23.0,16.0,39.0,11,36.0,20,22,28.0,39.0,16,42.0,14.0,9,33,14.0,21,38.0,22.0,17.0,17,20,24.0,19,24,26,16,34,23,14,31,24,22,32,17,29.0,36.0,17,20,18,17.0,33.0,15,17,21,35.0,26,46.0,38,24,28,18,31,20.0,12,25.0,22,21,24.0,4,18,23,16.0,,8,64.0,37.0,34.0,20.0,46.0,27,21.0,29,37,21,21.0,22,54.0,42.0,24,17.0,31.0,33.0,16,,17,32,20,3,39,27,30,18.0,16,17.0,18,13,22,59.0,22,31.0,13,28.0,18,17.0,11,21,47.0,24,14.0,26,26.0,32.0,30,26,11.0,28.0,24.0,21.0,20.0,22,40.0,27.0,32,50.0,20,22,33.0,,22,21.0,8,12.0,49.0,23,29,16,57.0,16,32.0,40.0,18,43.0,20,,19,41,12,25.0,31.0,32,22,26,25.0,41.0,14,15,34.0,17,24.0,15.0,55.0,21.0,20.0,20.0,13.0,20.0,41.0,38.0,25,0,29.0,,45.0,29.0,15.0,,26.0,23.0,25,16,28.0,43.0,20,,29.0,31.0,18.0,46.0,37.0,4,19,62.0,13.0,,39.0,33,53.0,25.0,,25,23,33,56.0,29.0,11.0,24.0,20,22,50.0,22.0,36,22.0,25.0,33,39.0,31.0,17.0,13,25.0,16,25.0,54.0,10.0,23,30.0,34,9.0,20,28,,26.0,36.0,,23,24,31,24.0,18,17.0,24,38,20.0,26,21,28.0,21.0,20,26,35.0,34.0,36.0,18.0,0.0,21.0,14,22.0,33,20,52.0,,,21.0,46.0,22.0,22,17,22.0,,33.0,23.0,23.0,53.0,16,12.0,32,39.0,31.0,33.0,11.0,20,14.0,25,56.0,33.0,26.0,23,25.0,32.0,20.0,25,24,23.0,24.0,21.0,,,34.0,44.0,,40.0,,,30.0,21,22,25.0,,32.0,17,25,21,19,56.0,52.0,21,15,12.0,53.0,21,34.0,0.0,20.0,19,15.0,53.0,,36,39.0,19.0,14.0,,21.0,31.0,21,39.0,24,23.0,21,26,33,,31.0,20.0,15.0,15.0,,10.0,38.0,16.0,63.0,42.0,19,31.0,45.0,31,18.0,55.0,16.0,40.0,17,23.0,46.0,20.0,16,16,,30,31.0,41.0,16.0,,21,38.0,23,32,41.0,26,41.0,20,19.0,60.0,31.0,20,24,,56.0,29,47.0,20,,25,49.0,39.0,27.0,35.0,46.0,34.0,48,19.0,45.0,28.0,38.0,,12.0,41.0,23,24,27.0,25,31,17,47.0,20.0,21.0,,21.0,28.0,38,20.0,33.0,32.0,14,12.0,15.0,,,32.0,20,57.0,16.0,17.0,,0.0,0.0,64.0,30,,,21.0,20.0,,28.0,20.0,26,29.0,36.0,30.0,41.0,14,20,11.0,47.0,21,37.0,47.0,14.0,20,24.0,18.0,23.0,27.0,26,22.0,,24.0,53.0,24.0,21.0,23.0,42.0,32.0,15,28,47.0,32.0,33.0,21.0,43.0,14.0,21.0,39.0,,20.0,31,19,35.0,21,23.0,49.0,52.0,27.0,29,12,20.0,31.0,32.0,20.0,20.0,20.0,35.0,51.0,22.0,20,41.0,12.0,55.0,0.0,63.0,28.0,33,50.0,25.0,21.0,22,32.0,14.0,16.0,38.0,20.0,25.0,46,43.0,20,,43.0,27.0,63.0,,19.0,37.0,31.0,4.0,59.0,,8.0,31.0,27.0,,32.0,,27.0,41.0,10.0,31.0,0,24.0,41.0,19,0.0,51.0,15,31.0,16.0,19.0,18,8,27,38.0,24.0,,10.0,33.0,40.0,23.0,23.0,41.0,21,31.0,16,21.0,20,42,53.0,26,19.0,48.0,19.0,37.0,30,14.0,23.0,10.0,14.0,28.0,44.0,14,19.0,25,57.0,,,41,31.0,22,23,29.0,33.0,29.0,24,36.0,32.0,19,18.0,34.0,20.0,15.0,,46.0,56.0,33.0,31,21.0,5.0,24.0,53.0,56.0,56.0,55.0,21.0,23,32.0,28,10.0,33.0,42.0,38.0,24,19,16.0,10.0,19.0,27.0,19.0,32.0,43.0,42.0,56.0,51,37.0,27.0,32,28,17.0,40.0,16,62.0,16.0,26,34.0,17,23,29,43.0,28.0,,17.0,8.0,37.0,22.0,52.0,22.0,31.0,49.0,7.0,37.0,27.0,29.0,36.0,30.0,23.0,18.0,26.0,37.0,39.0,,15.0,39.0,61.0,55.0,,27.0,38.0,19.0,42.0,29.0,34.0,33.0,27.0,30.0,55.0,29.0,19.0,15.0,58.0,52.0,22.0,,37.0,,,24,48.0,54.0,15.0,41,17.0,45.0,14.0,18.0,31.0,43.0,40.0,16.0,18.0,25.0,31.0,31.0,63.0,45.0,31.0,12.0,43.0,39.0,24.0,22.0,56.0,23.0,20.0,44.0,59.0,32.0,53.0,44.0,21,28.0,45.0,8.0,27,43.0,28.0,14.0,31.0,,64.0,25.0,15.0,28.0,45,32.0,22.0,29.0,12.0,38.0,20.0,17,21,21.0,48.0,,41.0,,44.0,30,25,15.0,39.0,2.0,,51.0,46.0,,31.0,55.0,18.0,,19.0,44.0,30.0,8.0,35.0,17,37.0,34.0,38.0,33.0,,36,24.0,35,11.0,34,33.0,30.0,55.0,,13.0,38.0,34.0,32.0,22.0,20.0,0.0,23.0,27,25.0,46.0,47.0,24.0,49.0,44,25.0,24.0,17.0,28.0,23.0,55.0,,,13.0,19,28,30.0,25.0,49.0,37.0,46.0,16.0,22.0,39.0,17,27.0,59.0,33.0,,39.0,52.0,20.0,23.0,20,26.0,20.0,,18,18,,19.0,43.0,62.0,7.0,33.0,60.0,11.0,,11.0,26.0,17.0,12.0,45.0,12.0,23,33.0,35.0,37.0,45.0,15.0,11,35.0,41.0,28,,29.0,20.0,,14.0,30.0,16.0,47.0,34.0,47.0,,9,36.0,44.0,10.0,33.0,23,37.0,31.0,0.0,24.0,35.0,14.0,53.0,7.0,34.0,12.0,40.0,19.0,27.0,25,24,20.0,35.0,35.0,,54.0,41,23,47.0,36.0,27.0,16.0,20.0,24.0,30.0,,25.0,22.0,43.0,,32.0,31.0,57.0,14,28,14.0,15.0,27.0,36.0,32.0,26,42.0,,0.0,25.0,30.0,0.0,23.0,24.0,13.0,30.0,36.0,40.0,48.0,62.0,27.0,20,31.0,26.0,30,40.0,27.0,28.0,38.0,25.0,54.0,34.0,53.0,,36.0,21.0,,10.0,25.0,21.0,22.0,37.0,19.0,,21.0,39.0,39.0,19.0,26.0,33.0,17.0,35.0,26.0,22.0,0.0,20.0,24.0,25.0,16.0,11.0,26.0,22.0,63.0,,37.0,56.0,32.0,26.0,,40.0,42.0,,36.0,51.0,,22.0,20.0,62.0,42.0,41.0,27.0,32.0,62.0,37.0,,,29,23.0,32.0,,,51.0,23.0,26.0,41.0,25.0,22.0,26.0,29.0,0.0,15.0,33.0,31.0,22.0,26.0,22.0,53.0,32.0,14.0,15.0,41.0,11.0,64.0,48.0,21.0,7.0,,47.0,27.0,38.0,,37.0,36.0,,,15.0,42.0,,13.0,2.0,0.0,36.0,30.0,8,7.0,19.0,24.0,22.0,46.0,46.0,24.0,26.0,20.0,21,17.0,35.0,34.0,29.0,51.0,36.0,25.0,26.0,29.0,63.0,,7.0,26.0,42.0,51.0,26.0,19,28.0,28.0,40.0,24.0,29.0,24.0,29.0,10.0,26.0,64.0,31.0,16.0,31.0,22.0,53.0,25.0,,17.0,37.0,30.0,45.0,14.0,14.0,58.0,23,32,,29.0,54.0,27.0,22.0,53.0,41.0,18.0,,16.0,38.0,32.0,31.0,41.0,,,61.0,54.0,,24.0,54.0,30.0,47.0,,32.0,13.0,53.0,17.0,15.0,58.0,38.0,,18.0,50.0,,45.0,19.0,43.0,,19.0,,57.0,44.0,36.0,64.0,27.0,,34.0,29,26.0,20.0,30.0,19.0,19,41.0,18.0,63.0,35.0,52.0,47.0,29.0,64.0,29,,40.0,20.0,45.0,45.0,36.0,42.0,53,34.0,44.0,25.0,38.0,33,,62.0,,55.0,,27.0,12.0,46.0,10.0,50.0,32.0,,33.0,13.0,,28.0,14.0,54.0,57.0,44.0,,47.0,42.0,61.0,21,28.0,23.0,21.0,34.0,42.0,39.0,27.0,13.0,55.0,57.0,19.0,54.0,28.0,16,51.0,,40.0,22.0,38.0,30.0,23.0,26.0,36.0,17.0,50.0,21.0,26.0,25.0,47.0,38.0,,25.0,20.0,47.0,52.0,48.0,43.0,31.0,16.0,61.0,27.0,50.0,16.0,29.0,20.0,,41.0,,35.0,26.0,61.0,51.0,21.0,45.0,12.0,29.0,14.0,42.0,33.0,30.0,,57.0,31.0,19.0,,33.0,56.0,40.0,42.0,53.0,,,37.0,28.0,19.0,32.0,13.0,48.0,57.0,34.0,20.0,,,38,,52.0,42.0,36.0,,49.0,0.0,,37.0,26.0,40.0,61.0,20.0,,41.0,15.0,20.0,49.0,21.0,,16.0,43.0,31.0,36.0,32.0,24.0,12.0,,35.0,,40.0,62.0,36.0,19.0,,48.0,53.0,36.0,23.0,,40.0,28.0,16.0,22.0,,29.0,21.0,,48.0,31.0,55.0,,57.0,59.0,35.0,12.0,28.0,57.0,43.0,36.0,25.0,38.0,36.0,0.0,63.0,32.0,29.0,39.0,54.0,33.0,30.0,39.0,45.0,23.0,21.0,38.0,16.0,54.0,44.0,,21.0,,54.0,36.0,39.0,15.0,58.0,30.0,48.0,43.0,18.0,18.0,38.0,21.0,24.0,29.0,,33.0,,45.0,25.0,30.0,34.0,33.0,31.0,28.0,41.0,47.0,11.0,47.0,36.0,35.0,,31.0,17.0,25.0,20.0,58.0,52.0,,26.0,,35.0,,29.0,31.0,,36.0,21,31.0,52.0,28.0,64.0,11.0,27.0,37.0,61.0,22.0,25.0,21,18.0,39.0,9.0,27.0,36.0,49.0,33.0,,22,15.0,,37.0,47.0,5.0,,26.0,30.0,22.0,27.0,28.0,39.0,31.0,22.0,,21.0,19.0,30.0,41.0,45.0,,26.0,42.0,,,35.0,21.0,52.0,8.0,,8.0,38.0,39.0,37.0,24.0,21.0,44.0,33.0,36.0,29.0,24.0,18.0,18.0,29.0,,33.0,28.0,28.0,7.0,48.0,38.0,60.0,,26.0,59.0,39.0,33.0,3.0,55.0,51.0,27.0,30.0,,,33.0,41.0,18.0,34.0,52.0,44.0,42.0,32.0,18.0,27.0,,32.0,52.0,39.0,50.0,34.0,23.0,10.0,11.0,52.0,14.0,34.0,23.0,48.0,,33.0,13.0,,0.0,63.0,22.0,45.0,33.0,46.0,36.0,58.0,59.0,,64.0,63.0,36.0,35.0,39.0,10.0,31,,30.0,50.0,34.0,27.0,25.0,61.0,26.0,,46.0,59.0,58.0,18.0,28.0,51.0,35.0,23.0,21.0,,23.0,,,43.0,42.0,62.0,53.0,18.0,62.0,,,25.0,43.0,28.0,28.0,56.0,,17.0,35.0,32.0,33.0,50.0,49.0,15.0,46.0,37.0,40.0,49.0,3.0,40.0,36.0,48.0,28.0,34.0,,62.0,48.0,19.0,42.0,19.0,32.0,,25.0,20.0,37.0,,51.0,48.0,52.0,24.0,29.0,26.0,,50.0,30.0,,63.0,24.0,30.0,47.0,12,,57.0,16,24.0,,48.0,25.0,35.0,52.0,,,13.0,25.0,,39.0,,27.0,32.0,30.0,44.0,32.0,,34.0,42.0,12.0,42.0,11.0,50.0,21.0,32.0,,28.0,49.0,27.0,25.0,46.0,19.0,44.0,23.0,26.0,40.0,,,27.0,32.0,,22.0,,25.0,13.0,24.0,34.0,26.0,,27.0,63.0,,25.0,40.0,33.0,31.0,27.0,18.0,34.0,,41.0,10.0,53.0,27.0,27.0,,51.0,17.0,,39.0,37.0,32.0,,,35.0,8.0,51.0,30.0,19.0,15.0,37.0,28.0,25.0,34.0,,49.0,48.0,62.0,34.0,38.0,44.0,30.0,15.0,58.0,60.0,48.0,46.0,24.0,,22.0,41.0,55.0,51.0,59.0,46.0,42.0,33.0,18.0,41.0,10.0,45.0,24.0,37.0,,21.0,50.0,49.0,,,25.0,28.0,44.0,24.0,25.0,16.0,25.0,59.0,42.0,35.0,,21.0,19.0,47.0,31.0,,,41.0,21.0,24.0,53.0,61.0,46.0,19.0,11.0,46.0,22.0,30.0,59.0,32.0,50.0,38.0,45.0,,26.0,,,,26.0,48.0,,58.0,47.0,31.0,55.0,,12.0,19.0,,39.0,31.0,57.0,29.0,,,,,36.0,,27.0,57.0,28.0,36.0,49.0,33.0,32.0,26.0,32.0,9.0,51.0,19.0,42.0,60.0,,62.0,30.0,,39.0,28.0,43.0,33.0,6.0,,,13.0,42.0,24.0,63.0,58.0,34.0,39.0,38.0,37.0,,40.0,,,48.0,,,42.0,10.0,39.0,37.0,32.0,29.0,16.0,37.0,,23.0,27.0,28.0,31.0,22.0,31.0,30.0,0.0,48.0,26.0,,35.0,38.0,25.0,21.0,30.0,20.0,43.0,30.0,15.0,39.0,45.0,36.0,,,,62.0,5.0,14.0,,22.0,22.0,18.0,38.0,42.0,21.0,23.0,,23.0,40.0,46.0,33.0,40.0,55.0,23.0,35.0,,,0.0,30.0,,26.0,45.0,24.0,37.0,,13.0,23.0,49.0,,,16.0,26.0,32.0,36.0,52.0,,59.0,,36.0,48.0,,9.0,47.0,27.0,47.0,25.0,49.0,31.0,39.0,40.0,50.0,35.0,,25.0,63.0,11.0,,0.0,,,38.0,,33.0,53.0,58.0,36.0,35.0,47.0,15.0,17.0,13.0,20.0,,43.0,59.0,16.0,36.0,40.0,38.0,62.0,31.0,48.0,32.0,19.0,48.0,24.0,,,26.0,15.0,26.0,50.0,0.0,42.0,31.0,35.0,18.0,34.0,14.0,,8.0,35.0,25.0,32.0,52.0,40.0,50.0,,29.0,28.0,43.0,62.0,45.0,30.0,,58.0,0.0,25.0,31.0,21.0,25.0,30.0,30.0,39.0,,37.0,12.0,28.0,,34.0,,,10.0,,27.0,,,50.0,28.0,54.0,50.0,52.0,49.0,47.0,,27.0,,58.0,,61.0,61.0,,47.0,46.0,36.0,48.0,,2.0,,28.0,22.0,54.0,40.0,35.0,,30.0,,33.0,53.0,16.0,35.0,40.0,,51.0,62.0,,37.0,44.0,,49.0,52.0,41.0,50.0,1.0,21.0,42.0,,43.0,0.0,19.0,37.0,25.0,26.0,,21.0,,11.0,33.0,61.0,46.0,32.0,,28.0,52.0,8.0,,64.0,48.0,,33.0,64.0,27.0,,37.0,33.0,,51.0,30.0,15.0,,35.0,46.0,0.0,58.0,34.0,55.0,13.0,,32.0,,31.0,38.0,63.0,,21.0,34.0,31.0,31.0,16.0,11.0,,26.0,53.0,59.0,29.0,39.0,12.0,35.0,25.0,,40.0,11.0,49.0,26.0,61.0,45.0,19.0,44.0,33.0,27.0,28.0,64.0,23.0,58.0,20.0,,40.0,24.0,44.0,21.0,21.0,14.0,47.0,41.0,21.0,33.0,,,,14.0,42.0,,22.0,42.0,60.0,31.0,48.0,,16.0,64.0,25.0,43.0,,,36.0,19.0,10.0,28.0,35.0,59.0,,32.0,22.0,17.0,52.0,34.0,22.0,40.0,0.0,,46.0,18.0,,62.0,,49.0,,58.0,21.0,27.0,,45.0,34.0,,,32.0,,,,,47.0,20.0,,37.0,30.0,46.0,20.0,,26.0,55.0,18.0,40.0,17.0,64.0,41.0,16.0,,,18.0,,32.0,44.0,45.0,23.0,,44.0,41.0,31.0,,26.0,,20.0,35.0,15.0,30.0,0.0,47.0,33.0,19.0,42.0,,21.0,37.0,,,,,0.0,63.0,,36.0,,59.0,,20.0,26.0,26.0,28.0,22.0,37.0,8.0,21.0,35.0,43.0,18.0,62.0,44.0,23.0,36.0,24.0,,21.0,19.0,,37.0,,,9.0,25.0,,43.0,,12.0,14.0,34.0,20.0,25.0,,30.0,24.0,30.0,,51.0,,17.0,12.0,,54.0,48.0,,33.0,62.0,34.0,,25.0,29.0,63.0,12.0,30.0,18.0,,34.0,35.0,,63.0,37.0,44.0,,46.0,31.0,59.0,31.0,36.0,41.0,40.0,17.0,,46.0,37.0,21.0,8.0,,46.0,,48.0,20.0,40.0,64.0,23.0,20.0,35.0,60.0,45.0,61.0,,42.0,34.0,64.0,49.0,,18.0,32.0,22.0,26.0,36.0,26.0,49.0,,45.0,52.0,,,,14.0,,62.0,28.0,36.0,,48.0,45.0,,15.0,40.0,21.0,16.0,14.0,26.0,38.0,63.0,15.0,,43.0,30.0,28.0,,,34.0,24.0,26.0,16.0,25.0,22.0,,,44.0,,57.0,,18.0,44.0,44.0,,22.0,,40.0,,,,24.0,0.0,20.0,23.0,,,44.0,,26.0,29.0,19.0,54.0,,28.0,30.0,37.0,58.0,20.0,21.0,,40.0,,,37.0,29.0,20.0,26.0,,23.0,43.0,55.0,23.0,23.0,35.0,19.0,26.0,50.0,,44.0,26.0,12.0,44.0,27.0,43.0,,19.0,,26.0,,38.0,52.0,39.0,41.0,18.0,43.0,12.0,18.0,55.0,25.0,53.0,,49.0,,40.0,34.0,13.0,,,11.0,29.0,60.0,46.0,31.0,36.0,42.0,,62.0,,23.0,53.0,24.0,29.0,57.0,19.0,23.0,52.0,23.0,19.0,32.0,,18.0,22.0,61.0,,57.0,12.0,,37.0,,,29.0,36.0,30.0,19.0,24.0,58.0,15.0,25.0,57.0,,33.0,43.0,31.0,62.0,24.0,52.0,,,17.0,,,29.0,21.0,42.0,38.0,30.0,,,,56.0,48.0,,31.0,44.0,,22.0,34.0,,44.0,30.0,,,45.0,52.0,18.0,39.0,55.0,,46.0,41.0,38.0,,,,47.0,,52.0,,50.0,15.0,18.0,43.0,41.0,61.0,9.0,,49.0,,24.0,45.0,26.0,31.0,60.0,,37.0,48.0,,25.0,35.0,18.0,,25.0,64.0,39.0,28.0,18.0,,19.0,,20.0,,27.0,33.0,39.0,37.0,50.0,60.0,9.0,22.0,,56.0,58.0,25.0,53.0,61.0,20.0,,21.0,51.0,13.0,58.0,36.0,,,28.0,26.0,27.0,28.0,,,,,24.0,32.0,41.0,34.0,28.0,,14.0,31.0,31.0,,,,21.0,13.0,,23.0,,26.0,,,,36.0,35.0,64.0,,,38.0,25.0,,20.0,,17.0,29.0,30.0,25.0,18.0,32.0,59.0,12.0,15.0,,35.0,20.0,24.0,51.0,49.0,53.0,55.0,,,,55.0,,32.0,,30.0,34.0,,57.0,,28.0,40,3,2.46448087431694,18.471938775510203,-0.3331687849468666
7,6,5,12,6,11,8,8,2,6,5,10,7,11,7,10,12,8,45,24,2,15,0,7,9,11,13,9,6,20,1,7,6,10,13,12,17,12,8,7,12,20.0,7,16,13,8,9,17,12,25,10,15,10,12,24,11,13,18,12,11,16,16,18,11,,12,9,10,13,17,27,11,13,8,12,8,11,10,13,12,14,7,12,16,11,12,12,11,16,21,12,8,27,13,18,11,15,18,10,26,21,15,18,6,12,12,11,19,13,15,18,35.0,11,26,13.0,13,12,14,9,21,10,19,13,13,14,24,0,36.0,12,13,24,9,13.0,11,19,18.0,14,11,8,16,33,7,15,27,22.0,6.0,13,58.0,9,20,9,14,17.0,20,8,15,15,15.0,14,15,23,13,15,10,19,22.0,14,18,11,11,10,29.0,10,25,16,20,17,21.0,19,21.0,16,14,11,11,21,30.0,18.0,21,1,14.0,57.0,17,21,19,14,17,14,13,21.0,19,7,11.0,13,10,21,25,,16,16,13,14,,22,18,8,21,17,21,3,31.0,20.0,8,13,16,14.0,12,15,30,26.0,11,56.0,15.0,19,17,36.0,8,35,18,16.0,11.0,18,14,15,15,15,21.0,8,13,26,15,7,16,22.0,25.0,23,58.0,17.0,38.0,0.0,26,17.0,19,28,18,17.0,50.0,18.0,44.0,25.0,10,15.0,30.0,38.0,10,36,13.0,14,44,13,21.0,9.0,36.0,27,11.0,23,22,21.0,18.0,9,37.0,17.0,7,17,24.0,9,10.0,10.0,,19,16,34.0,34,14,15,24,20,30,14,32,13,14,12,12,32.0,33.0,25,12,14,36.0,16.0,24,12,13,45.0,25,35.0,24,4,15,14,44,11.0,16,27.0,15,25,18.0,9,21,19,41.0,55.0,13,13.0,,7.0,23.0,25.0,14,26.0,9,12,0,19.0,16,35.0,34.0,23,39.0,7.0,34.0,22,30.0,23,6,17,34,13,39,12,10.0,19,42.0,16,20,13,21.0,14,46.0,32,35.0,16,32.0,21,20,0.0,16,41.0,33,24.0,11.0,23,31,8.0,18.0,12.0,22.0,43.0,20,47.0,22.0,15,,20,28,39.0,,14,,16,38.0,,5,19,19,41.0,24,29.0,29.0,21,42.0,14,31.0,13,28,13,28.0,24.0,20,5,18,50.0,42.0,23,12,23.0,51,13.0,12.0,58.0,18.0,19.0,8.0,18.0,46.0,39.0,36.0,12,24,40.0,43.0,55.0,,21.0,55.0,,27.0,13,22,6.0,19.0,21,,30.0,11.0,46.0,45.0,35.0,26,28,37.0,55.0,22.0,12.0,15,39.0,24.0,40.0,13,17,21,44.0,,12.0,16.0,13,8,16.0,12.0,16,16.0,35.0,18,21.0,26.0,39.0,10,12.0,29,26.0,30.0,32.0,21,29.0,17,12.0,17,7,0.0,25.0,19.0,,17,26,33,16.0,38,23.0,19,19,31.0,3,23,17.0,21.0,28,16,15.0,26.0,25.0,38.0,18.0,42.0,28,34.0,17,14,36.0,34.0,41.0,22.0,27.0,6.0,14,23,,39.0,20.0,23.0,10.0,40.0,25,,25,7.0,49.0,27.0,24.0,20,18.0,19,49.0,23.0,25.0,31,27.0,45.0,51.0,26,25,34.0,40.0,27.0,49.0,32.0,27.0,,49.0,57.0,5.0,8.0,48.0,25,30,22.0,,42.0,18,32,7,25,44.0,36.0,13,13,15.0,,10,25.0,0.0,23.0,27,,24.0,,21,14.0,,23.0,61.0,33.0,13.0,22,33.0,15,20.0,13,22,13,34.0,30.0,14.0,17.0,57.0,50.0,35.0,15.0,34.0,29.0,29.0,16,,,12,23.0,,18.0,21.0,15,29.0,10.0,33.0,16,18,,43,49.0,18.0,3.0,27.0,8,36.0,16,34,43.0,31,,25,35.0,50.0,20.0,15,24,10.0,34.0,22,59.0,14,,16,,14.0,,39.0,16.0,8.0,19,19.0,51.0,43.0,14.0,32.0,7.0,48.0,0,18,19.0,26,24,22,20.0,24.0,20.0,46.0,27.0,9.0,25,27.0,32.0,21.0,20,16.0,56.0,32.0,13.0,30.0,29,44.0,13.0,22.0,27.0,25.0,22.0,16.0,24,30.0,,39.0,19.0,8.0,14.0,19.0,14,28.0,34.0,31.0,47.0,0,26,48.0,,22,37.0,19.0,28.0,24,24.0,8.0,15.0,18.0,16,19.0,,24.0,15.0,30.0,31.0,48.0,25.0,,33,25,,27.0,19.0,49.0,28.0,31.0,17.0,18.0,16.0,53.0,26,26,15.0,5,18.0,11.0,29.0,24.0,23,28,42.0,28.0,58.0,26.0,10.0,13.0,60.0,34.0,9.0,25,29.0,25.0,31.0,25.0,19.0,33.0,44,32.0,21.0,23.0,12,39.0,31.0,,20.0,13.0,21.0,21,13.0,23,21.0,51.0,33.0,19.0,45.0,27.0,33.0,3.0,23.0,43.0,47.0,19.0,14.0,39.0,17.0,43.0,28.0,26.0,12.0,32.0,28.0,24,33.0,20.0,19,15.0,,10,32.0,24.0,22.0,25,18,16,38.0,32.0,38.0,48.0,28.0,6.0,31.0,14.0,27.0,29,18.0,22,36.0,11,29,20.0,21,21.0,29.0,26.0,61.0,25,33.0,30.0,12.0,18.0,61.0,25.0,13,41.0,13,36.0,50.0,16.0,20,21.0,10,15,19.0,2.0,,11,48.0,23.0,21,25.0,21.0,22.0,29.0,35.0,15.0,31.0,10.0,40,15.0,17.0,37.0,36.0,57.0,46.0,35.0,14.0,26,20.0,12,14.0,32.0,34.0,21.0,20,14,23.0,18.0,25.0,18.0,31.0,24.0,30.0,41.0,35.0,28,,17.0,23,22,37.0,,10,27.0,29.0,38,18.0,34,43,34,19.0,27.0,28.0,35.0,33.0,11.0,51.0,20.0,36.0,36.0,23.0,23.0,32.0,17.0,19.0,29.0,48.0,33.0,,23.0,20.0,46.0,,17.0,16.0,26.0,,35.0,31.0,47.0,29.0,36.0,11.0,13.0,42.0,35.0,32.0,16.0,30.0,56.0,48.0,46.0,27.0,14.0,61.0,53.0,62.0,40.0,17,23.0,53.0,30.0,28,30.0,4.0,10.0,28.0,30.0,28.0,16.0,5.0,26.0,22.0,22.0,19.0,35.0,49.0,37.0,45.0,35.0,33.0,30.0,22.0,29.0,,,37.0,44.0,43.0,29.0,56.0,39,47.0,26.0,9.0,21,43.0,20.0,23.0,29.0,20.0,56.0,24.0,16.0,55.0,32,35.0,35.0,28.0,27.0,,,25,15,28.0,24.0,20.0,41.0,22.0,42.0,26,19,23.0,,28.0,,49.0,31.0,,14.0,45.0,62.0,24.0,41.0,58.0,31.0,56.0,22.0,24,33.0,29.0,29.0,25.0,12.0,19,20.0,17,,24,39.0,,31.0,41.0,15.0,44.0,35.0,49.0,27.0,13.0,36.0,40.0,25,,43.0,53.0,13.0,24.0,36,22.0,9.0,7.0,,18.0,22.0,30.0,47.0,12.0,14,24,53.0,15.0,46.0,23.0,49.0,27.0,13.0,43.0,49,,46.0,47.0,22.0,46.0,33.0,,14.0,32,,13.0,25.0,15,13,2.0,23.0,25.0,28.0,21.0,46.0,,52.0,44.0,23.0,21.0,17.0,47.0,35.0,,22,40.0,42.0,51.0,,27.0,13,,26.0,10,8.0,22.0,13.0,33.0,13.0,25.0,38.0,14.0,11.0,15.0,45.0,52,0.0,31.0,39.0,,20,45.0,,37.0,,13.0,33.0,22.0,27.0,42.0,12.0,28.0,0.0,22.0,50,23,,20.0,20.0,21.0,33.0,37,22,59.0,,30.0,25.0,20.0,28.0,51.0,25.0,29.0,,27.0,,12.0,47.0,11.0,19,8,17.0,36.0,,28.0,21.0,21,47.0,49.0,36.0,34.0,37.0,37.0,42.0,23.0,12.0,17.0,47.0,37.0,31.0,32.0,40.0,26,,,15,41.0,,45.0,34.0,31.0,60.0,,51.0,,,19.0,18.0,10.0,21.0,25.0,25.0,51.0,19.0,23.0,23.0,17.0,35.0,,27.0,33.0,50.0,38.0,22.0,10.0,19.0,32.0,13.0,14.0,,29.0,20.0,31.0,,12.0,43.0,30.0,23.0,19.0,30.0,,34.0,,,11.0,22.0,35.0,35.0,46.0,45.0,32.0,16.0,37.0,,12.0,,33.0,12,31.0,29.0,,26.0,,31.0,39.0,32.0,26.0,10.0,21.0,9.0,25.0,16.0,42.0,18.0,,38.0,21.0,3.0,,16.0,15.0,1.0,20.0,32.0,62.0,19.0,18.0,37.0,27.0,32.0,38.0,,23.0,14.0,,34.0,51.0,6.0,21.0,,,24.0,,49.0,25,39.0,45.0,59.0,23.0,54.0,52.0,35.0,33.0,,5,8.0,39.0,,54.0,18.0,33.0,10.0,29.0,26.0,0.0,36.0,8.0,37.0,28.0,28.0,19.0,30,31.0,,23.0,60.0,,7.0,20.0,13.0,30.0,24.0,23.0,11.0,,21.0,16.0,29.0,,43.0,,20.0,42.0,59.0,24.0,25.0,20,16,15.0,19.0,20.0,11.0,30.0,19.0,36.0,30.0,36.0,21.0,37.0,44.0,22.0,45.0,,28.0,,52.0,33.0,,15.0,,28.0,22.0,,35.0,,13.0,55.0,15.0,18.0,20.0,28.0,33.0,,,34.0,53.0,53.0,44.0,37.0,,,28.0,,8.0,,24.0,24,33.0,27.0,13.0,60.0,24,13.0,31.0,32.0,14.0,25.0,27.0,60.0,18.0,12,,14.0,24.0,,,25.0,,35,44.0,11.0,30.0,27.0,40,26.0,15.0,55.0,51.0,23.0,13.0,,25.0,16.0,23.0,20.0,35.0,36.0,47.0,52.0,25.0,37.0,,29.0,,43.0,29.0,12.0,,21,27.0,46.0,22.0,,17.0,35.0,16.0,35.0,52.0,47.0,17.0,39.0,9.0,21,,34.0,27.0,,18.0,,33.0,,33.0,0.0,33.0,,,40.0,,52.0,27.0,,,51.0,49.0,,13.0,26.0,40.0,34.0,23.0,24.0,10.0,,22.0,,54.0,,41.0,44.0,12.0,24.0,,22.0,17.0,24.0,14.0,,36.0,17.0,,25.0,,44.0,38.0,15.0,11.0,,62.0,17.0,37.0,47.0,32.0,14.0,9.0,23.0,15.0,9.0,21.0,32.0,,17.0,37.0,19,31.0,,29.0,22.0,,58.0,34.0,48.0,39.0,32.0,,33.0,59.0,21.0,50.0,14.0,18.0,25.0,10.0,,35.0,58.0,32.0,33.0,0.0,30.0,7.0,51.0,53.0,27.0,,60.0,36.0,34.0,13.0,25.0,39.0,21.0,27.0,62.0,16.0,25.0,0.0,13.0,45.0,23.0,34.0,,25.0,48.0,20.0,46.0,10.0,39.0,23.0,17.0,37.0,36.0,38.0,37.0,37.0,,28.0,41.0,,20.0,9.0,9.0,14.0,33.0,17.0,37.0,44.0,20.0,58.0,47.0,,,54.0,,20.0,24.0,,,,36.0,,27.0,38.0,31.0,33.0,,,,,44.0,22.0,,34.0,,31.0,,39.0,49.0,41.0,17.0,17.0,45.0,35.0,37.0,55.0,30.0,19.0,27.0,38.0,43.0,24.0,29.0,18.0,14.0,22.0,,,37.0,,26.0,22.0,34.0,17,59.0,21.0,35.0,20.0,3.0,25.0,31.0,48.0,35.0,42.0,22,,11.0,22.0,28.0,14.0,61.0,37.0,,22,33.0,20.0,17.0,19.0,14.0,,36.0,,,55.0,43.0,15.0,19.0,22.0,,30.0,38.0,32.0,40.0,10.0,19.0,13.0,19.0,29.0,,47.0,35.0,45.0,60.0,31.0,,28.0,,,4.0,20.0,25.0,,46.0,15.0,17.0,23.0,4.0,,19.0,13.0,13.0,31.0,18.0,35.0,16.0,30.0,34.0,,44.0,48.0,,,,33.0,19.0,20.0,5.0,31.0,,,12.0,40.0,18.0,,27.0,18.0,59.0,38.0,23.0,,37.0,10.0,,19.0,45.0,,16.0,,0.0,50.0,,42.0,14.0,39.0,17.0,,,,12.0,47.0,35.0,,18.0,54.0,19.0,20.0,17.0,56.0,50.0,36.0,,16.0,27,60.0,,41.0,9.0,13.0,46.0,21.0,20.0,24.0,23.0,33.0,46.0,24.0,18.0,8.0,35.0,26.0,20.0,25.0,,,22.0,42.0,33.0,60.0,31.0,,19.0,52.0,45.0,14.0,13.0,38.0,11.0,,33.0,27.0,21.0,,,29.0,35.0,48.0,,14.0,62.0,15.0,9.0,,31.0,34.0,21.0,32.0,,26.0,23.0,19.0,20.0,35.0,43.0,,35.0,0.0,15.0,62.0,36.0,29.0,59.0,,14.0,41.0,49.0,51.0,,31.0,11.0,10.0,,24.0,14,,23.0,27,17.0,,1.0,26.0,28.0,15.0,22.0,19.0,4.0,17.0,36.0,,,32.0,30.0,24.0,39.0,36.0,30.0,,26.0,33.0,,19.0,18.0,19.0,49.0,,,28.0,32.0,,58.0,44.0,28.0,17.0,30.0,20.0,29.0,46.0,35.0,14.0,36.0,,37.0,25.0,20.0,15.0,4.0,21.0,30.0,,0.0,7.0,11.0,,27.0,35.0,40.0,26.0,,48.0,24.0,21.0,29.0,39.0,36.0,31.0,27.0,12.0,15.0,44.0,30.0,30.0,,25.0,19.0,53.0,17.0,49.0,52.0,52.0,,26.0,36.0,20.0,,50.0,24.0,19.0,,20.0,59.0,24.0,46.0,25.0,33.0,40.0,40.0,36.0,51.0,25.0,48.0,22.0,,22.0,,26.0,,31.0,13.0,40.0,15.0,41.0,40.0,19.0,,,30.0,60.0,29.0,31.0,,57.0,32.0,26.0,58.0,11.0,43.0,34.0,18.0,32.0,0.0,56.0,16.0,29.0,18.0,29.0,28.0,20.0,7.0,10.0,10.0,,8.0,41.0,,36.0,,44.0,43.0,46.0,11.0,39.0,,50.0,11.0,,33.0,14.0,24.0,39.0,,22.0,4.0,,50.0,,42.0,40.0,56.0,21.0,,28.0,55.0,41.0,53.0,11.0,20.0,15.0,,29.0,28.0,,,29.0,41.0,,43.0,37.0,10.0,43.0,14.0,26.0,56.0,32.0,18.0,28.0,45.0,30.0,,49.0,58.0,,54.0,,21.0,19.0,31.0,54.0,33.0,20.0,19.0,40.0,16.0,,53.0,34.0,48.0,30.0,,17.0,11.0,20.0,17.0,20.0,51.0,29.0,23.0,,26.0,,34.0,32.0,22.0,20.0,34.0,11.0,,36.0,,33.0,,29.0,29.0,,35.0,35.0,,,0.0,,23.0,,46.0,,,43.0,13.0,,35.0,20.0,43.0,28.0,11.0,23.0,10.0,36.0,26.0,,11.0,58.0,18.0,13.0,0.0,27.0,7.0,35.0,36.0,21.0,46.0,52.0,44.0,26.0,,54.0,40.0,4.0,43.0,58.0,14.0,16.0,,26.0,,33.0,,,12.0,,46.0,24.0,,16.0,,18.0,,,,22.0,0.0,,26.0,,36.0,22.0,17.0,31.0,40.0,41.0,58.0,22.0,15.0,40.0,30.0,,43.0,,19.0,48.0,43.0,,27.0,50.0,61.0,,,52.0,,33.0,,,21.0,51.0,38.0,39.0,20.0,60.0,33.0,,22.0,33.0,,36.0,,,,28.0,43.0,41.0,20.0,19.0,55.0,31.0,38.0,40.0,,41.0,,24.0,15.0,22.0,39.0,16.0,31.0,24.0,38.0,26.0,60.0,11.0,38.0,6.0,25.0,38.0,48.0,,21.0,18.0,21.0,,43.0,31.0,38.0,18.0,,,33.0,28.0,32.0,11.0,33.0,1.0,,16.0,37.0,,46.0,16.0,15.0,26.0,36.0,,,39.0,,56.0,,0.0,,22.0,,26.0,40.0,,39.0,48.0,29.0,17.0,,28.0,20.0,46.0,,,50.0,34.0,45.0,12.0,52.0,31.0,42.0,38.0,25.0,32.0,37.0,18.0,51.0,27.0,14.0,,,31.0,19.0,33.0,44.0,4.0,59.0,,20.0,,39.0,45.0,30.0,,,21.0,38.0,28.0,43.0,50.0,,,9.0,26.0,59.0,,24.0,37.0,,49.0,,27.0,26.0,35.0,26.0,,51.0,29.0,,49.0,,35.0,34.0,,,16.0,39.0,35.0,36.0,35.0,17.0,33.0,,20.0,42.0,47.0,45.0,0.0,37.0,,49.0,30.0,9.0,2.0,53.0,,56.0,22.0,27.0,11.0,36.0,35.0,22.0,59.0,,21.0,53.0,54.0,33.0,41.0,,13.0,42.0,62.0,36.0,48.0,36.0,48.0,,,,26.0,11.0,39.0,51.0,46.0,18.0,14.0,,38.0,26.0,,41.0,29.0,8.0,,25.0,58.0,39.0,54.0,0.0,50.0,22.0,13.0,,,45.0,24.0,14.0,,41.0,,52.0,35.0,16.0,,19.0,20.0,,29.0,45.0,,52.0,21.0,13.0,11.0,39.0,12.0,53.0,,26.0,27.0,34.0,,,34.0,35.0,62.0,5.0,44.0,2.0,,59.0,,29.0,62.0,26.0,12.0,41.0,41.0,20.0,53.0,,27.0,0.0,36.0,21.0,4.0,28.0,48.0,20.0,24.0,38.0,24.0,41.0,29.0,23.0,,,36.0,37.0,44.0,16.0,,40.0,,44.0,42.0,,8.0,22.0,43.0,47.0,,60.0,18.0,43.0,20.0,17.0,12.0,,,19.0,55.0,32.0,29.0,28.0,16.0,17.0,,,,28.0,33.0,23.0,,32.0,27.0,29.0,23.0,,44.0,37.0,44.0,16.0,31.0,11.0,19.0,6.0,31.0,52.0,35.0,31.0,,43.0,11.0,14.0,,47.0,16.0,36.0,25.0,31.0,25.0,18.0,,,28.0,41.0,20.0,,,,18.0,32.0,25.0,25.0,14.0,24.0,26.0,14.0,,18.0,,31.0,,36.0,25.0,58.0,,,33.0,6.0,18.0,,28.0,41.0,41.0,36.0,44.0,,17.0,25.0,45.0,,15.0,21.0,25.0,30.0,19.0,,15.0,16.0,24.0,24.0,34.0,31.0,28.0,17.0,30.0,18.0,51.0,18.0,44.0,,21.0,,,57.0,28.0,39.0,,50.0,,19.0,34.0,46.0,31.0,55.0,54.0,21.0,52.0,,43.0,,26.0,,19.0,30.0,47.0,59.0,16.0,23.0,30.0,22.0,21.0,37.0,14.0,,49.0,21.0,13.0,39.0,26.0,42.0,26.0,17.0,49.0,,26.0,50.0,,,23.0,,47.0,52.0,,17.0,21.0,25.0,,21.0,38.0,37.0,61.0,,17.0,37.0,31.0,27.0,43.0,59.0,45.0,17.0,,,33.0,48.0,38.0,23.0,,24.0,19.0,49.0,,,,25.0,13.0,35.0,54.0,,25.0,13.0,30.0,13.0,11.0,58.0,60.0,51.0,14.0,28.0,40.0,49.0,26.0,33.0,44.0,25.0,11.0,19.0,51.0,40.0,26.0,25.0,39.0,50.0,,,26.0,52.0,,18.0,,43.0,26.0,0.0,10.0,23.0,11.0,35.0,,,23.0,5.0,17.0,15.0,,27.0,,35.0,,18.0,19.0,,40.0,32.0,,12.0,52.0,16.0,30.0,4.0,14.0,31.0,0.0,29.0,,45.0,24.0,,,29.0,24.0,18.0,27.0,34.0,31.0,37.0,36.0,52.0,,44.0,24.0,,26.0,10.0,,13.0,22.0,31.0,32.0,17.0,,33.0,,58.0,47.0,20.0,26.0,22.0,,44.0,,31.0,32.0,16.0,8.0,,50.0,45.0,,45.0,24.0,35.0,10.0,40.0,9.0,21.0,,12.0,18.0,,12.0,36.0,30.0,35.0,28.0,36.0,34.0,18.0,12.0,38.0,,25.0,46.0,,41.0,58.0,26.0,44.0,25.0,21.0,43.0,41.0,41.0,,15.0,28.0,38.0,28.0,,33.0,14.0,28.0,33.0,50.0,21.0,45.0,,37.0,,22.0,28.0,,12.0,37.0,8.0,51.0,7.0,56.0,25.0,0.0,,,,,,,,20.0,12.0,35.0,24.0,46.0,57.0,43.0,37.0,41.0,29.0,32.0,12.0,50.0,33.0,17.0,32.0,29.0,3.0,16.0,18.0,43.0,52.0,44.0,39.0,38.0,16.0,18.0,45.0,36.0,24.0,23.0,0.0,22.0,21.0,,14.0,25.0,39.0,57.0,,45.0,,24.0,,44.0,25.0,41.0,,,25.0,20.0,25.0,33.0,33.0,13.0,19.0,62.0,33.0,,,,28.0,33.0,41,3,2.481379310344828,18.29525985151342,-0.36459869292791536
3,1,5,4,4,2,4,5,9,6,6,11,8,5,12,7,6,5,15,13,6,16,7,12,5,14,11,7,7,7,11,8,8,13,9,4,14,9,9,8,10,12.0,10,12,0,8,11,7,12,38,12,15,0,6,10,15,7,11,9,11,8,6,9,19,,9,16,6,17,7,11,2,13,9,4,10,15,25,10,8,14,8,3,10,12,16,13,13,17,6,9,16,21,11,12,14,5,12,10,10,12,15,9,14,8,14,14,15,9,13,6,16.0,14,14,13.0,13,14,10,13,24,6,11,8,10,8,13,11,9.0,14,8,17,14,,8,9,45.0,14,23,17,13,15,19,10,15,22.0,16.0,6,,2,15,8,15,47.0,8,15,13,13,42.0,16,14,14,13,14,20,15,12.0,16,15,5,18,15,12.0,6,12,2,19,14,17.0,16,9.0,17,14,12,17,27,14.0,7.0,23,13,50.0,,8,41,5,15,7,9,9,10.0,17,15,47.0,15,13,22,14,5.0,16,14,26,10,9.0,24,12,12,17,10,5,11,29.0,20.0,15,16,12,56.0,11,17,15,,14,10.0,23.0,14,15,52.0,15,23,13,24.0,,11,17,3,16,16,20.0,17,5,15,21,14,0,36.0,15.0,13,,52.0,17.0,18.0,19,42.0,11,16,15,35.0,25.0,,54.0,19.0,6,24.0,14.0,41.0,5,19,40.0,19,16,16,17.0,29.0,7.0,11,41.0,21,16,18.0,13.0,32,0.0,16.0,11,27,29.0,13,23.0,0.0,11.0,26,22,21.0,9,13,23,30,3,15,13,27,4,15,15,18,30.0,20.0,10,1,12,23.0,20.0,8,22,2,16.0,16,32.0,13,10,30,10,39,36.0,7,38.0,16,19,21.0,20,29,15,20.0,56.0,2,30.0,43.0,39.0,24.0,38.0,18,20.0,21,19,13,42.0,14,42.0,17.0,14,50.0,18.0,55.0,18,35.0,17,36,11,16,14,6,19,11.0,10,30.0,17,24,16,40.0,9,5.0,19,8.0,20,27.0,24,18,23.0,6,22.0,7,39.0,18.0,18,32,,15.0,32.0,8.0,15.0,28,19.0,24.0,26,41.0,14,13,44.0,45.0,23,0.0,7,16.0,16.0,24,21,12,32.0,11,37.0,53.0,2,22.0,9,32.0,18,17,16,16.0,,10,12,23,29.0,24.0,18,10,,10,18.0,44.0,11.0,17.0,40.0,21.0,25.0,17.0,40.0,35.0,19,37,18.0,,14.0,20.0,9.0,11.0,,12.0,29,15,30.0,,9,11.0,16.0,,15.0,55.0,30.0,9,27,17.0,17.0,0.0,24.0,27,28.0,11.0,17.0,33,12,14,21.0,1.0,13.0,33.0,14,18,15.0,15.0,14,10.0,20.0,44,12.0,44.0,41.0,15,7.0,15,17.0,38.0,14.0,14,28.0,17,3.0,9,33,24.0,31.0,23.0,45.0,29,12,16,23.0,9,29.0,12,27,30.0,41,15,25.0,16.0,19,15,18.0,15.0,13.0,14.0,18.0,15.0,16,41.0,25,12,31.0,19.0,,38.0,10.0,6.0,3,8,54.0,55.0,16.0,19.0,,7.0,26,17.0,49,54.0,23.0,,15.0,13,47.0,18,29.0,17.0,22.0,19,34.0,42.0,12.0,16,14,48.0,18.0,16.0,53.0,,18.0,,,50.0,44.0,16.0,42.0,47,16,25.0,41.0,28.0,19,6,7,19,25.0,28.0,15,10,27.0,25.0,16,12.0,38.0,6.0,18,,41.0,21.0,13,23.0,12.0,47.0,,17.0,31.0,20,13.0,14,17.0,16,30,16,29.0,36.0,56.0,15.0,40.0,,12.0,50.0,47.0,19.0,11.0,16,27.0,,19,30.0,12.0,10.0,16.0,1,27.0,,10.0,17,31,0.0,38,40.0,21.0,14.0,21.0,16,13.0,40,7,21.0,30,,17,24.0,35.0,37.0,35,24,20.0,28.0,28,22.0,14,53.0,15,27.0,43.0,,29.0,22.0,18.0,11,27.0,27.0,40.0,47.0,56.0,,31.0,11,17,6.0,10,50,17,36.0,28.0,17.0,30.0,9.0,20.0,38,16.0,21.0,31.0,54,18.0,55.0,30.0,43.0,,17,43.0,18.0,18.0,18.0,12.0,22.0,17.0,24,,49.0,,34.0,8.0,41.0,19.0,30,42.0,35.0,26.0,,20,11,24.0,15.0,11,18.0,18.0,23.0,18,8.0,3.0,25.0,42.0,14,52.0,31.0,14.0,19.0,30.0,14.0,22.0,40.0,10.0,25,42,33.0,27.0,44.0,18.0,54.0,4.0,38.0,53.0,17.0,34.0,25,18,32.0,21,17.0,29.0,38.0,8.0,16,34,49.0,35.0,24.0,,15.0,,26.0,48.0,17.0,6,20.0,49.0,49.0,36.0,26.0,10.0,33,15.0,42.0,16.0,14,10.0,15.0,27.0,26.0,44.0,17.0,27,10.0,35,32.0,18.0,24.0,29.0,,13.0,20.0,9.0,36.0,21.0,50.0,,24.0,15.0,18.0,17.0,27.0,21.0,32.0,21.0,,25,13.0,,16,50.0,37.0,18,12.0,17.0,42.0,22,9,15,35.0,22.0,13.0,18.0,16.0,21.0,21.0,52.0,37.0,8,29.0,17,21.0,25,16,45.0,19,28.0,39.0,23.0,21.0,29,13.0,9.0,28.0,34.0,,29.0,16,55.0,40,,16.0,49.0,30,27.0,23,12,36.0,38.0,34.0,20,,43.0,21,17.0,18.0,38.0,,,50.0,41.0,,29,14.0,20.0,16.0,,31.0,17.0,29.0,23.0,21,38.0,0,39.0,15.0,12.0,21.0,18,17,12.0,19.0,51.0,38.0,30.0,0.0,21.0,35.0,,51,34.0,25.0,17,12,38.0,30.0,18,16.0,13.0,13,16.0,22,4,26,22.0,24.0,50.0,31.0,29.0,38.0,45.0,13.0,30.0,44.0,28.0,18.0,18.0,21.0,22.0,,54.0,21.0,14.0,17.0,38.0,19.0,16.0,48.0,18.0,,,26.0,14.0,25.0,19.0,18.0,6.0,20.0,9.0,38.0,33.0,38.0,12.0,7.0,,19.0,54.0,15.0,,27.0,32.0,,19,11.0,18.0,18.0,30,41.0,23.0,,28.0,38.0,9.0,54.0,16.0,35.0,23.0,9.0,18.0,23.0,32.0,52.0,22.0,12.0,22.0,48.0,34.0,20.0,,,13.0,20.0,,47.0,,16,19.0,,12.0,14,20.0,15.0,4.0,36.0,14.0,43.0,33.0,17.0,40.0,26,20.0,17.0,34.0,19.0,,,17,22,11.0,14.0,26.0,29.0,48.0,11.0,18,6,,56.0,44.0,45.0,,25.0,12.0,26.0,28.0,35.0,21.0,55.0,32.0,47.0,9.0,11.0,18,12.0,37.0,17.0,43.0,9.0,16,,27,14.0,45,29.0,41.0,37.0,0.0,16.0,41.0,18.0,50.0,15.0,22.0,13.0,20.0,18,31.0,,32.0,23.0,30.0,16,13.0,,23.0,,17.0,16.0,,57.0,18.0,13,12,,12.0,,10.0,8.0,24.0,39.0,17.0,18,44.0,56.0,15.0,,,17.0,8.0,34.0,0,11.0,29.0,19.0,39,22,,,42.0,56.0,,,19.0,15.0,36.0,14.0,28.0,32.0,12.0,46.0,6.0,9,17.0,34.0,,39.0,,15,28.0,33.0,19,31.0,17.0,15.0,,56.0,,8.0,49.0,18.0,,,3,40.0,19.0,50.0,,44,,,24.0,23.0,27.0,,57.0,46.0,23.0,6.0,23.0,24.0,33.0,29,15,45.0,12.0,19.0,13.0,,20,20,39.0,26.0,,0.0,21.0,32.0,,7.0,51.0,28.0,36.0,15.0,43.0,13.0,,10,22,17.0,30.0,26.0,33.0,21.0,13,41.0,,14.0,13.0,12.0,19.0,19.0,32.0,42.0,24.0,21.0,52.0,42.0,45.0,35.0,27,0.0,34.0,19,,13.0,17.0,13.0,19.0,34.0,30.0,51.0,25.0,30.0,16.0,27.0,0.0,26.0,16.0,19.0,22.0,26.0,26.0,27.0,33.0,46.0,28.0,21.0,42.0,39.0,12.0,21.0,25.0,,27.0,41.0,19.0,41.0,16.0,6.0,35.0,46.0,18.0,37.0,10.0,9.0,,30.0,45.0,27.0,43.0,24.0,40.0,,,12.0,16.0,45.0,26.0,54.0,5.0,30.0,2.0,19.0,23.0,20,45.0,27.0,,26.0,,50.0,19.0,31.0,48.0,17.0,23.0,24.0,49.0,17.0,31.0,13.0,,,50.0,11.0,,26.0,32.0,18.0,21.0,16.0,28.0,,15.0,31.0,21.0,45.0,25.0,,30.0,24.0,,21.0,45.0,43.0,27.0,,,9.0,19.0,51.0,26,21.0,3.0,33.0,18.0,24.0,17.0,39.0,32.0,31.0,23,55.0,,18.0,19.0,25.0,28.0,40.0,34.0,16.0,29.0,56.0,19.0,0.0,43.0,,18.0,13,30.0,37.0,,,43.0,21.0,10.0,20.0,10.0,22.0,27.0,50.0,14.0,52.0,31.0,43.0,14.0,19.0,,35.0,23.0,48.0,16.0,13.0,12,8,10.0,36.0,15.0,13.0,34.0,31.0,45.0,49.0,29.0,12.0,45.0,55.0,14.0,12.0,,,,26.0,16.0,37.0,0.0,,8.0,16.0,47.0,37.0,,24.0,42.0,,11.0,10.0,4.0,29.0,46.0,15.0,26.0,24.0,29.0,6.0,41.0,21.0,47.0,6.0,27.0,41.0,,31.0,20,41.0,21.0,23.0,16.0,50,,32.0,47.0,44.0,,,7.0,27.0,9,20.0,42.0,,57.0,34.0,18.0,21.0,24,31.0,8.0,33.0,50.0,16,40.0,,13.0,16.0,48.0,18.0,,33.0,8.0,18.0,17.0,36.0,19.0,25.0,,5.0,23.0,40.0,46.0,,,,,50.0,27,,23.0,52.0,42.0,29.0,,39.0,,38.0,36.0,39.0,23.0,16.0,8,23.0,25.0,30.0,56.0,17.0,,37.0,32.0,,,23.0,35.0,48.0,12.0,44.0,51.0,48.0,41.0,54.0,,41.0,52.0,17.0,23.0,,37.0,21.0,22.0,7.0,25.0,34.0,29.0,,49.0,19.0,21.0,27.0,20.0,18.0,27.0,15.0,22.0,,55.0,21.0,25.0,38.0,44.0,,9.0,44.0,22.0,38.0,56.0,,49.0,30.0,34.0,8.0,22.0,9.0,31.0,31.0,51.0,14.0,15.0,55.0,15.0,,15,4.0,,,39.0,,50.0,36.0,19.0,34.0,25.0,45.0,30.0,45.0,39.0,53.0,37.0,36.0,20.0,10.0,24.0,22.0,23.0,17.0,9.0,25.0,,5.0,23.0,33.0,16.0,24.0,42.0,28.0,49.0,3.0,31.0,22.0,29.0,31.0,43.0,23.0,29.0,,,22.0,9.0,16.0,52.0,12.0,14.0,26.0,24.0,35.0,35.0,22.0,5.0,53.0,15.0,42.0,,42.0,13.0,26.0,19.0,31.0,17.0,23.0,8.0,16.0,4.0,,29.0,45.0,4.0,26.0,15.0,,46.0,42.0,18.0,31.0,34.0,36.0,18.0,2.0,,57.0,40.0,15.0,32.0,23.0,48.0,48.0,42.0,56.0,41.0,,24.0,,20.0,35.0,2.0,41.0,34.0,,13.0,21.0,54.0,6.0,40.0,42.0,41.0,22.0,,55.0,15.0,21.0,28.0,15.0,,31.0,,23.0,45.0,13.0,17.0,32.0,37.0,16,23.0,43.0,25.0,20.0,25.0,18.0,18.0,53.0,17.0,28.0,22,23.0,9.0,8.0,29.0,31.0,55.0,14.0,10.0,37,12.0,8.0,,6.0,26.0,39.0,30.0,28.0,11.0,17.0,11.0,14.0,55.0,28.0,42.0,22.0,,21.0,34.0,16.0,,16.0,,50.0,7.0,,34.0,,43.0,,2.0,40.0,,51.0,44.0,15.0,,,0.0,48.0,11.0,36.0,37.0,42.0,30.0,44.0,36.0,21.0,5.0,15.0,20.0,10.0,33.0,17.0,55.0,7.0,22.0,,51.0,16.0,32.0,6.0,21.0,20.0,,46.0,37.0,30.0,34.0,40.0,29.0,,42.0,52.0,,8.0,0.0,20.0,26.0,34.0,13.0,,,47.0,,14.0,21.0,54.0,8.0,,36.0,46.0,0.0,35.0,10.0,53.0,17.0,26.0,18.0,18.0,28.0,,33.0,30.0,21.0,12.0,,36.0,22,13.0,,43.0,49.0,23.0,30.0,14.0,26.0,16.0,30.0,35.0,13.0,45.0,,9.0,13.0,32.0,23.0,20.0,31.0,40.0,25.0,36.0,43.0,28.0,35.0,35.0,32.0,28.0,38.0,16.0,49.0,14.0,27.0,57.0,,29.0,12.0,37.0,38.0,56.0,8.0,,29.0,,21.0,32.0,48.0,25.0,24.0,50.0,17.0,29.0,27.0,25.0,31.0,28.0,48.0,57.0,21.0,42.0,37.0,18.0,27.0,35.0,27.0,28.0,,24.0,11.0,39.0,30.0,23.0,34.0,38.0,50.0,,53.0,,30,20.0,9.0,21,35.0,35.0,51.0,22.0,4.0,4.0,53.0,,19.0,34.0,55.0,,55.0,41.0,46.0,,37.0,36.0,25.0,,18.0,10.0,22.0,17.0,37.0,,26.0,56.0,11.0,4.0,20.0,6.0,30.0,35.0,16.0,27.0,,29.0,46.0,41.0,24.0,24.0,20.0,28.0,20.0,18.0,20.0,28.0,24.0,31.0,,,41.0,18.0,32.0,24.0,,36.0,,45.0,16.0,11.0,38.0,20.0,2.0,44.0,16.0,4.0,53.0,44.0,8.0,53.0,41.0,39.0,50.0,55.0,,17.0,30.0,14.0,20.0,14.0,,40.0,17.0,21.0,38.0,6.0,39.0,18.0,50.0,55.0,,17.0,31.0,54.0,29.0,38.0,29.0,16.0,19.0,39.0,11.0,51.0,,15.0,16.0,12.0,5.0,3.0,,14.0,53.0,29.0,47.0,27.0,33.0,,24.0,14.0,12.0,21.0,54.0,53.0,47.0,12.0,14.0,13.0,30.0,37.0,22.0,28.0,18.0,,37.0,45.0,50.0,,19.0,,,,10.0,55.0,8.0,,34.0,39.0,,35.0,43.0,29.0,10.0,32.0,,21.0,10.0,,,45.0,27.0,30.0,39.0,16.0,30.0,32.0,0.0,9.0,12.0,18.0,,18.0,,34.0,,19.0,,22.0,47.0,29.0,13.0,30.0,,,,55.0,16.0,32.0,,,51.0,20.0,12.0,14.0,10.0,29.0,0.0,11.0,10.0,19.0,30.0,,31.0,28.0,9.0,23.0,31.0,45.0,,,20.0,18.0,22.0,46.0,15.0,57.0,,36.0,48.0,57.0,,47.0,,20.0,26.0,,8.0,21.0,56.0,,28.0,24.0,28.0,47.0,16.0,,13.0,5.0,,18.0,12.0,19.0,8.0,,18.0,29.0,17.0,26.0,,9.0,16.0,16.0,23.0,51.0,30.0,,35.0,56.0,27.0,7.0,43.0,2.0,8.0,25.0,,6.0,10.0,,14.0,49.0,27.0,20.0,42.0,,,20.0,40.0,44.0,21.0,44.0,8.0,9.0,25.0,,,53.0,20.0,21.0,23.0,14.0,17.0,24.0,35.0,39.0,37.0,47.0,39.0,,19.0,10.0,46.0,31.0,29.0,28.0,19.0,17.0,,,,,,15.0,18.0,,24.0,21.0,50.0,24.0,43.0,40.0,17.0,25.0,7.0,20.0,,,23.0,53.0,15.0,,,51.0,,52.0,32.0,,14.0,0.0,45.0,,31.0,15.0,37.0,9.0,,10.0,37.0,,16.0,,51.0,10.0,,,10.0,17.0,24.0,20.0,31.0,,29.0,4.0,36.0,17.0,29.0,30.0,57.0,,48.0,34.0,33.0,,,36.0,,22.0,7.0,48.0,27.0,,33.0,15.0,10.0,13.0,33.0,17.0,,28.0,17.0,15.0,34.0,34.0,28.0,,21.0,21.0,,22.0,,53.0,36.0,13.0,37.0,10.0,38.0,29.0,15.0,11.0,37.0,,,,49.0,19.0,,,,,17.0,,31.0,,44.0,42.0,19.0,39.0,15.0,22.0,36.0,,26.0,42.0,46.0,41.0,43.0,23.0,30.0,32.0,43.0,32.0,15.0,27.0,,36.0,35.0,24.0,53.0,22.0,,,55.0,19.0,29.0,18.0,,38.0,17.0,30.0,,,31.0,,,19.0,20.0,27.0,57.0,,,,17.0,6.0,50.0,39.0,40.0,29.0,21.0,30.0,,13.0,27.0,,35.0,,26.0,30.0,42.0,47.0,31.0,32.0,37.0,19.0,46.0,28.0,,17.0,14.0,,29.0,56.0,,,,38.0,13.0,,,,23.0,42.0,42.0,56.0,21.0,25.0,30.0,36.0,27.0,38.0,,,8.0,,24.0,,42.0,24.0,,36.0,,20.0,46.0,,18.0,40.0,,12.0,10.0,29.0,25.0,17.0,57.0,45.0,39.0,45.0,,,29.0,47.0,17.0,24.0,,49.0,,,46.0,41.0,20.0,11.0,21.0,,26.0,22.0,19.0,12.0,43.0,,,17.0,50.0,13.0,56.0,,33.0,38.0,26.0,,24.0,,16.0,,28.0,32.0,,42.0,,23.0,38.0,28.0,0.0,53.0,39.0,9.0,15.0,,27.0,45.0,19.0,25.0,40.0,48.0,28.0,41.0,,,42.0,49.0,28.0,,42.0,15.0,,,24.0,41.0,34.0,,12.0,,,11.0,,10.0,13.0,,,44.0,11.0,33.0,14.0,0.0,46.0,14.0,37.0,12.0,33.0,48.0,,15.0,27.0,17.0,46.0,56.0,35.0,53.0,32.0,14.0,20.0,35.0,20.0,,54.0,,,,39.0,49.0,,,,,,35.0,0.0,42.0,,53.0,49.0,,,50.0,15.0,43.0,12.0,9.0,35.0,33.0,40.0,51.0,,,,,36.0,,41.0,18.0,0.0,51.0,17.0,23.0,57.0,19.0,27.0,30.0,22.0,39.0,22.0,37.0,,38.0,26.0,38.0,7.0,19.0,51.0,,43.0,21.0,26.0,44.0,42.0,,,44.0,25.0,11.0,35.0,,31.0,,39.0,12.0,,12.0,,10.0,28.0,56.0,25.0,32.0,47.0,47.0,25.0,15.0,,57.0,24.0,42.0,53.0,32.0,23.0,,11.0,,18.0,21.0,26.0,11.0,19.0,,,24.0,12.0,54.0,14.0,44.0,8.0,41.0,,21.0,,44.0,41.0,10.0,19.0,35.0,8.0,57.0,15.0,,34.0,14.0,27.0,28.0,20.0,36.0,,39.0,28.0,49.0,,55.0,46.0,39.0,15.0,,11.0,42.0,26.0,,16.0,,,56.0,12.0,47.0,37.0,35.0,47.0,,28.0,,25.0,10.0,,28.0,41.0,20.0,16.0,26.0,52.0,,23.0,,,26.0,55.0,20.0,23.0,47.0,25.0,0.0,51.0,25.0,16.0,39.0,17.0,,13.0,20.0,,,,48.0,26.0,31.0,,41.0,36.0,,,35.0,5.0,31.0,,,44.0,9.0,29.0,19.0,,26.0,44.0,,44.0,,22.0,26.0,33.0,0.0,22.0,13.0,6.0,37.0,17.0,32.0,48.0,,13.0,,,51.0,,,23.0,38.0,20.0,,,20.0,50.0,9.0,,45.0,36.0,27.0,18.0,21.0,18.0,35.0,7.0,41.0,57.0,33.0,30.0,35.0,19.0,19.0,,29.0,,30.0,16.0,26.0,49.0,43.0,19.0,10.0,18.0,40.0,26.0,,50.0,,,44.0,27.0,,,39.0,17.0,22.0,,,4.0,15.0,9.0,39.0,23.0,36.0,19.0,36.0,17.0,46.0,46.0,30.0,23.0,39.0,,26.0,23.0,44.0,,36.0,27.0,46.0,22.0,45.0,15.0,46.0,7.0,,52.0,37.0,22.0,10.0,39.0,31.0,,32.0,16.0,57.0,44.0,40.0,,45.0,20.0,,,40.0,40.0,57.0,,55.0,21.0,27.0,19.0,9.0,0.0,11.0,23.0,53.0,,,22.0,39.0,,40.0,45.0,35.0,54.0,33.0,,34.0,,41.0,35.0,15.0,,,18.0,8.0,31.0,,51.0,,19.0,,,43.0,18.0,43.0,38.0,55.0,25.0,33.0,23.0,24.0,11.0,40.0,14.0,,15.0,,26.0,28.0,40.0,53.0,53.0,,17.0,55.0,10.0,,30.0,46.0,41.0,57.0,24.0,22.0,47.0,20.0,48.0,22.0,,,,,20.0,41.0,38.0,15.0,20.0,23.0,,43.0,39.0,22.0,47.0,32.0,40.0,46.0,27.0,42.0,15.0,32.0,24.0,32.0,17.0,17.0,34.0,17.0,,26.0,46.0,,,55.0,46.0,43.0,27.0,57.0,28.0,42,3,2.537062937062937,18.240125035521455,-0.35911088151121057
3,2,4,4,6,4,5,8,9,7,1,14,7,7,7,8,5,5,30,14,11,15,10,5,6,16,6,6,12,5,9,8,9,9,8,4,8,15,13,11,23,14.0,15,17,11,12,10,16,11,9,7,16,12,10,19,14,15,9,14,8,13,9,10,9,39.0,13,13,6,14,12,19,12,10,10,7,8,25,19,18,12,17,9,8,9,11,24,12,15,14,10,18,13,13,14,17,15,12,13,6,19,23,8,14,14,14,22,12,15,15,13,23,16.0,15,10,8.0,14,13,11,18,36,14,24,14,15,12,14,14,13.0,8,15,12,7,15.0,12,13,18.0,16,21,3,15,13,20,13,9,31.0,49.0,12,29.0,14,17,9,14,42.0,6,23,20,21,19.0,13,22,11,21,12,26,14,21.0,16,21,17,19,7,37.0,6,13,13,38,18,17.0,25,13.0,17,6,13,25,15,,46.0,7,16,36.0,,15,4,10,13,14,11,10,29.0,23,17,,24,15,26,25,15.0,17,12,16,17,,24,19,14,27,14,19,10,52.0,29.0,11,11,0,20.0,22,15,11,53.0,15,22.0,17.0,15,13,26.0,16,7,14,11.0,42.0,24,19,15,15,16,13.0,15,13,13,13,11,15,20.0,16.0,14,40.0,18.0,26.0,31.0,34,24.0,14,15,40,23.0,31.0,17.0,0.0,25.0,16,27.0,28.0,15.0,11,21,24.0,7,31,7,34.0,35.0,51.0,5,25.0,29,10,12.0,16.0,20,41.0,18.0,11,23,14.0,15,14.0,,13.0,10,15,22.0,17,14,14,28,14,24,14,21,9,17,14,16,34.0,18.0,12,16,16,8.0,37.0,21,26,19,39.0,16,49.0,23,23,22,9,20,48.0,14,29.0,14,20,30.0,19,21,17,,,4,26.0,14.0,6.0,19.0,13.0,22,21.0,7,17,9,24.0,17,57.0,17.0,15,53.0,22.0,58.0,20,18.0,21,25,22,15,19,24,10,26.0,17,10.0,16,26,11,,13,36.0,29,31.0,8,,8,15,17.0,21,16.0,24,34.0,16.0,12,26,20.0,47.0,24.0,21.0,23.0,16,33.0,13.0,22,,23,37,7.0,,27,15.0,25,16.0,,35,18,16,36.0,20,31.0,,15,34.0,7,14.0,18,13,17,6.0,56.0,40,21,18,37.0,20.0,20,21,24.0,23,14.0,16.0,41.0,26.0,,13.0,17.0,22.0,20.0,17.0,13,7,25.0,55.0,27.0,30.0,21.0,54.0,22.0,26.0,5,15,8.0,23.0,14,13.0,31.0,30.0,21.0,16.0,17.0,28,19,27.0,9.0,12.0,25.0,13,,17.0,15.0,20,18,4,40.0,,11.0,19.0,3,15,16.0,40.0,24,32.0,20.0,14,35.0,24.0,42.0,10,31.0,30,32.0,12.0,50.0,24,16.0,28,31.0,23,18,15.0,32.0,,,17,13,39,36.0,18,29.0,21,41,23.0,30,23,48.0,24.0,21,18,20.0,18.0,30.0,20.0,13.0,0.0,8,13.0,23,14,37.0,20.0,,32.0,13.0,18.0,18,23,42.0,,19.0,23.0,28.0,38.0,16,,13,17.0,10.0,,5.0,22,14.0,0,25.0,33.0,17.0,18,10.0,,20.0,22,21,50.0,20.0,22.0,51.0,29.0,28.0,35.0,51.0,11.0,33.0,27.0,16.0,30,16,47.0,35.0,20.0,11,23,14,26,53.0,43.0,15,0,10.0,10.0,11,26.0,14.0,21.0,20,,41.0,40.0,16,15.0,20.0,14.0,40.0,16.0,,7,34.0,14,20.0,7,13,24,21.0,30.0,22.0,,20.0,20.0,44.0,41.0,14.0,25.0,9.0,19,20.0,,23,2.0,50.0,20.0,18.0,16,15.0,46.0,45.0,32,18,15.0,19,13.0,16.0,28.0,36.0,16,20.0,15,35,,14,,21,24.0,39.0,21.0,24,34,19.0,19.0,17,29.0,16,48.0,14,42.0,,20.0,39.0,35.0,5.0,35,18.0,,2.0,21.0,,26.0,27.0,23,15,23.0,21,12,6,15.0,25.0,25.0,30.0,25.0,32.0,10,29.0,15.0,10.0,47,36.0,20.0,17.0,45.0,40.0,22,30.0,21.0,30.0,,54.0,14.0,16.0,22,,,33.0,42.0,25.0,17.0,46.0,16,26.0,34.0,26.0,10.0,18,13,22.0,23.0,17,29.0,16.0,33.0,20,8.0,26.0,8.0,15.0,21,20.0,12.0,18.0,13.0,15.0,18.0,53.0,,25.0,34,29,34.0,29.0,,20.0,37.0,23.0,21.0,16.0,11.0,22.0,25,16,50.0,25,49.0,20.0,6.0,17.0,15,8,8.0,28.0,33.0,19.0,15.0,15.0,18.0,24.0,23.0,15,43.0,,29.0,17.0,26.0,14.0,0,26.0,7.0,9.0,13,24.0,18.0,23.0,19.0,17.0,30.0,11,30.0,13,29.0,22.0,44.0,29.0,34.0,23.0,21.0,13.0,24.0,27.0,58.0,42.0,20.0,18.0,44.0,27.0,59.0,0.0,7.0,34.0,27.0,30,32.0,25.0,11,23.0,12.0,8,27.0,42.0,18.0,18,30,22,10.0,32.0,28.0,22.0,5.0,43.0,26.0,,24.0,36,25.0,20,51.0,10,22,30.0,32,25.0,19.0,51.0,13.0,1,17.0,9.0,17.0,10.0,32.0,22.0,24,,29,8.0,20.0,33.0,36,22.0,19,21,19.0,39.0,26.0,17,47.0,52.0,16,23.0,57.0,47.0,19.0,12.0,30.0,58.0,56.0,0,18.0,29.0,22.0,23.0,35.0,45.0,18.0,46.0,12,33.0,5,15.0,17.0,48.0,28.0,31,14,21.0,13.0,11.0,23.0,17.0,22.0,25.0,41.0,6.0,20,29.0,18.0,0,13,13.0,,16,35.0,23.0,23,10.0,28,36,38,,19.0,59.0,58.0,22.0,15.0,7.0,0.0,,18.0,10.0,24.0,11.0,21.0,25.0,13.0,54.0,31.0,31.0,20.0,41.0,34.0,22.0,22.0,39.0,33.0,39.0,45.0,48.0,23.0,36.0,23.0,14.0,36.0,24.0,,51.0,,31.0,26.0,15.0,40.0,32.0,25.0,44.0,44.0,16.0,,8,16.0,25.0,20.0,8,30.0,27.0,,12.0,32.0,28.0,39.0,21.0,41.0,40.0,39.0,25.0,,24.0,38.0,39.0,24.0,27.0,23.0,37.0,,,9.0,11.0,26.0,32.0,28.0,36.0,19,47.0,31.0,,23,16.0,22.0,44.0,23.0,8.0,7.0,23.0,17.0,,37,21.0,,52.0,48.0,54.0,52.0,19,18,43.0,17.0,30.0,,47.0,33.0,34,20,18.0,22.0,53.0,43.0,,38.0,15.0,34.0,,23.0,15.0,47.0,18.0,22.0,8.0,15.0,15,27.0,38.0,13.0,33.0,7.0,39,23.0,39,49.0,15,0.0,5.0,21.0,,9.0,37.0,49.0,,32.0,21.0,,28.0,33,14.0,,,26.0,26.0,44,,18.0,19.0,24.0,3.0,41.0,,58.0,23.0,5,23,59.0,39.0,47.0,7.0,,23.0,55.0,,27,,50.0,6.0,37.0,1.0,27.0,24.0,27.0,20,21.0,26.0,,28,14,,42.0,28.0,38.0,,47.0,31.0,34.0,25.0,11.0,25.0,25.0,15.0,44.0,52.0,32,,48.0,,28.0,11.0,18,20.0,11.0,24,26.0,21.0,,27.0,38.0,55.0,0.0,29.0,39.0,28.0,20.0,22,27.0,27.0,,19.0,18,7.0,20.0,28.0,18.0,25.0,18.0,8.0,10.0,48.0,25.0,44.0,8.0,24.0,24,8,52.0,10.0,59.0,18.0,27.0,14,22,22.0,48.0,35.0,22.0,48.0,26.0,11.0,34.0,26.0,44.0,20.0,24.0,17.0,10.0,27.0,24,18,20.0,,47.0,14.0,,18,8.0,,18.0,11.0,,30.0,20.0,22.0,17.0,,17.0,20.0,,32.0,,15,20.0,17.0,19,30.0,43.0,15.0,29.0,28.0,18.0,44.0,20.0,23.0,20.0,11.0,23.0,11.0,53.0,22.0,22.0,57.0,38.0,22.0,,3.0,16.0,13.0,51.0,41.0,,58.0,24.0,59.0,17.0,25.0,15.0,31.0,19.0,23.0,11.0,36.0,,,12.0,19.0,12.0,22.0,21.0,28.0,31.0,44.0,21.0,11.0,27.0,9.0,30.0,16.0,21.0,32.0,47.0,,34.0,50.0,18.0,55.0,18,,23.0,54.0,,48.0,25.0,23.0,13.0,29.0,34.0,29.0,23.0,22.0,15.0,28.0,26.0,,12.0,,35.0,21.0,,18.0,38.0,22.0,31.0,32.0,43.0,3.0,17.0,24.0,24.0,0.0,,22.0,19.0,,,34.0,,15.0,,52.0,12.0,23.0,53.0,9,16.0,13.0,11.0,16.0,16.0,48.0,19.0,29.0,14.0,30,21.0,,27.0,46.0,18.0,,29.0,42.0,19.0,37.0,23.0,53.0,45.0,28.0,,59.0,53,52.0,14.0,14.0,29.0,53.0,51.0,15.0,7.0,16.0,,25.0,47.0,5.0,26.0,31.0,32.0,33.0,14.0,,18.0,,27.0,0.0,45.0,11,31,10.0,17.0,25.0,22.0,31.0,37.0,9.0,14.0,,16.0,32.0,41.0,47.0,57.0,57.0,58.0,,17.0,27.0,47.0,22.0,9.0,,50.0,32.0,31.0,43.0,38.0,,11.0,7.0,21.0,,17.0,44.0,31.0,59.0,0.0,13.0,16.0,15.0,33.0,36.0,37.0,47.0,11.0,,21.0,7,23.0,21.0,9.0,11.0,21,15.0,36.0,23.0,22.0,41.0,0.0,19.0,28.0,23,45.0,22.0,30.0,23.0,48.0,13.0,47.0,45,25.0,26.0,43.0,30.0,32,10.0,17.0,,33.0,48.0,27.0,51.0,33.0,28.0,18.0,26.0,42.0,24.0,33.0,50.0,34.0,32.0,59.0,42.0,34.0,27.0,26.0,53.0,39.0,28,20.0,58.0,21.0,24.0,44.0,27.0,,18.0,25.0,46.0,13.0,28.0,18.0,19,17.0,33.0,39.0,25.0,28.0,22.0,24.0,27.0,58.0,13.0,19.0,24.0,35.0,39.0,59.0,27.0,59.0,52.0,21.0,,27.0,20.0,23.0,29.0,22.0,,35.0,38.0,29.0,20.0,26.0,24.0,16.0,17.0,,36.0,58.0,59.0,32.0,23.0,37.0,34.0,20.0,,26.0,44.0,46.0,42.0,,23.0,32.0,31.0,9.0,58.0,31.0,48.0,28.0,55.0,8.0,55.0,45.0,34.0,9.0,57.0,22.0,33.0,11.0,20.0,26.0,17,7.0,,12.0,37.0,39.0,,33.0,,7.0,45.0,35.0,55.0,23.0,16.0,22.0,26.0,52.0,50.0,18.0,41.0,9.0,56.0,17.0,19.0,16.0,59.0,25.0,21.0,29.0,57.0,48.0,23.0,,18.0,26.0,42.0,18.0,19.0,25.0,,,34.0,52.0,7.0,28.0,29.0,41.0,,25.0,,55.0,15.0,,44.0,15.0,36.0,13.0,15.0,0.0,12.0,50.0,34.0,45.0,,33.0,23.0,26.0,26.0,19.0,14.0,37.0,37.0,33.0,1.0,,,46.0,,24.0,,23.0,22.0,27.0,,,5.0,29.0,59.0,,42.0,30.0,,,,33.0,26.0,37.0,33.0,55.0,18.0,,25.0,,31.0,19.0,12.0,47.0,29.0,31.0,34.0,6.0,13.0,22.0,18.0,19.0,19.0,31.0,30.0,24.0,54.0,38.0,29.0,,38.0,55.0,33.0,28.0,50.0,37,34.0,,29.0,53.0,10.0,15.0,,,22.0,,23,18.0,19.0,7.0,34.0,,,32.0,30.0,24,42.0,24.0,46.0,58.0,13.0,,47.0,33.0,,30.0,27.0,22.0,46.0,32.0,47.0,46.0,,16.0,42.0,35.0,26.0,21.0,37.0,27.0,15.0,19.0,32.0,3.0,39.0,22.0,,47.0,55.0,31.0,19.0,,19.0,40.0,39.0,42.0,20.0,18.0,56.0,21.0,35.0,45.0,20.0,22.0,4.0,14.0,8.0,33.0,,25.0,,8.0,52.0,36.0,32.0,,23.0,59.0,24.0,27.0,33.0,0.0,27.0,4.0,43.0,42.0,16.0,23.0,10.0,33.0,29.0,,34.0,25.0,56.0,49.0,26.0,59.0,2.0,13.0,,30.0,43.0,40.0,53.0,28.0,10.0,31.0,17.0,,,53.0,36.0,,20.0,,10.0,15.0,35.0,,56.0,24.0,,52.0,32,27.0,43.0,32.0,,,22.0,17.0,42.0,22.0,20.0,,24.0,,21.0,45.0,46.0,30.0,8.0,,49.0,9.0,,33.0,0.0,57.0,42.0,28.0,18.0,42.0,49.0,29.0,23.0,,22.0,,42.0,18.0,13.0,18.0,,39.0,19.0,18.0,24.0,57.0,16.0,10.0,13.0,36.0,15.0,21.0,23.0,18.0,22.0,26.0,27.0,30.0,43.0,36.0,25.0,,21.0,19.0,20.0,58.0,27.0,,20.0,30.0,59.0,43.0,34.0,34.0,26.0,17.0,,,15.0,,28,25.0,14.0,20,,48.0,31.0,24.0,,34.0,45.0,29.0,8.0,40.0,,42.0,22.0,47.0,32.0,28.0,28.0,16.0,,31.0,23.0,24.0,46.0,19.0,33.0,,56.0,50.0,13.0,34.0,21.0,,,41.0,19.0,16.0,,48.0,,31.0,,14.0,5.0,,9.0,39.0,11.0,20.0,42.0,49.0,42.0,15.0,21.0,49.0,34.0,43.0,5.0,15.0,45.0,25.0,20.0,22.0,52.0,10.0,22.0,,23.0,0.0,31.0,,19.0,47.0,18.0,44.0,23.0,51.0,,34.0,,,31.0,29.0,,,,,,58.0,23.0,25.0,,,35.0,46.0,5.0,,,19.0,,14.0,30.0,35.0,,52.0,28.0,38.0,57.0,26.0,32.0,30.0,43.0,45.0,,24.0,,29.0,,,21.0,12.0,19.0,22.0,47.0,55.0,0.0,,,,27.0,30.0,13.0,23.0,25.0,26.0,19.0,45.0,,2.0,27.0,0.0,37.0,,46.0,30.0,22.0,50.0,,,,53.0,29.0,20.0,13.0,,49.0,20.0,,35.0,,23.0,46.0,,,36.0,22.0,34.0,38.0,21.0,0.0,,,29.0,,32.0,47.0,13.0,23.0,34.0,,,33.0,,30.0,40.0,,18.0,37.0,27.0,,16.0,8.0,,,29.0,43.0,,54.0,,20.0,11.0,27.0,46.0,27.0,,,18.0,41.0,37.0,40.0,57.0,14.0,17.0,34.0,,29.0,,58.0,48.0,,18.0,21.0,58.0,43.0,48.0,44.0,48.0,,28.0,29.0,33.0,14.0,14.0,26.0,39.0,13.0,8.0,,14.0,18.0,47.0,26.0,22.0,25.0,,21.0,39.0,50.0,48.0,,24.0,41.0,33.0,25.0,54.0,10.0,42.0,42.0,,,17.0,6.0,19.0,12.0,27.0,13.0,8.0,6.0,27.0,44.0,3.0,,25.0,,,22.0,38.0,25.0,17.0,12.0,19.0,10.0,30.0,5.0,28.0,33.0,55.0,23.0,18.0,33.0,23.0,,37.0,23.0,40.0,29.0,25.0,22.0,35.0,15.0,,8.0,,10.0,39.0,26.0,52.0,46.0,16.0,31.0,20.0,,18.0,22.0,53.0,,10.0,14.0,36.0,19.0,41.0,24.0,40.0,0.0,51.0,27.0,17.0,26.0,59.0,31.0,54.0,26.0,43.0,29.0,,32.0,28.0,,48.0,18.0,24.0,36.0,19.0,,39.0,48.0,22.0,25.0,26.0,,27.0,27.0,,19.0,23.0,,,,31.0,35.0,29.0,58.0,13.0,36.0,24.0,29.0,39.0,,,0.0,45.0,44.0,,44.0,,24.0,14.0,15.0,28.0,,54.0,22.0,20.0,46.0,3.0,20.0,35.0,35.0,26.0,,,53.0,6.0,57.0,30.0,51.0,44.0,27.0,,11.0,31.0,,40.0,23.0,19.0,,29.0,8.0,58.0,41.0,27.0,15.0,,28.0,50.0,48.0,26.0,,24.0,36.0,0.0,20.0,31.0,38.0,,45.0,28.0,43.0,12.0,26.0,33.0,47.0,,18.0,,42.0,,34.0,34.0,34.0,49.0,39.0,24.0,22.0,39.0,30.0,38.0,29.0,,20.0,,26.0,17.0,,56.0,29.0,14.0,14.0,6.0,20.0,,41.0,,,26.0,37.0,33.0,23.0,22.0,49.0,,54.0,19.0,22.0,58.0,,,13.0,,26.0,53.0,14.0,17.0,0.0,26.0,,38.0,33.0,,32.0,27.0,,34.0,38.0,21.0,19.0,44.0,,27.0,33.0,58.0,32.0,,52.0,14.0,33.0,16.0,,47.0,55.0,18.0,18.0,46.0,38.0,43.0,27.0,,47.0,50.0,41.0,27.0,55.0,54.0,,35.0,20.0,12.0,46.0,11.0,23.0,45.0,12.0,5.0,24.0,13.0,47.0,24.0,,37.0,,,43.0,25.0,50.0,26.0,13.0,21.0,25.0,59.0,21.0,24.0,38.0,42.0,9.0,35.0,33.0,26.0,,8.0,48.0,,,42.0,29.0,32.0,12.0,21.0,,,51.0,31.0,17.0,50.0,,18.0,24.0,28.0,,23.0,19.0,,42.0,38.0,,36.0,19.0,24.0,,,36.0,21.0,0.0,18.0,,46.0,,35.0,28.0,,,8.0,,23.0,15.0,52.0,46.0,37.0,31.0,,7.0,15.0,39.0,19.0,1.0,42.0,28.0,30.0,42.0,12.0,40.0,44.0,,,33.0,45.0,,50.0,23.0,23.0,14.0,33.0,48.0,31.0,26.0,56.0,23.0,,19.0,15.0,7.0,,45.0,12.0,,20.0,,17.0,46.0,,48.0,16.0,35.0,58.0,38.0,36.0,,,52.0,21.0,,,15.0,,53.0,31.0,,,41.0,21.0,53.0,18.0,21.0,,27.0,28.0,21.0,39.0,18.0,32.0,56.0,,21.0,29.0,39.0,52.0,45.0,36.0,,30.0,13.0,13.0,23.0,35.0,37.0,,56.0,46.0,33.0,41.0,42.0,25.0,50.0,25.0,55.0,33.0,35.0,36.0,,21.0,,7.0,44.0,,52.0,,14.0,45.0,,18.0,,,30.0,9.0,0.0,31.0,,22.0,,45.0,50.0,43.0,,,,49.0,11.0,,,45.0,,17.0,30.0,39.0,14.0,32.0,44.0,15.0,16.0,29.0,14.0,37.0,,,40.0,28.0,52.0,25.0,30.0,,,11.0,39.0,47.0,,11.0,,17.0,47.0,23.0,44.0,,21.0,54.0,25.0,26.0,53.0,53.0,,26.0,,22.0,14.0,46.0,,36.0,38.0,4.0,24.0,,5.0,41.0,6.0,26.0,,57.0,35.0,21.0,15.0,36.0,39.0,24.0,,35.0,39.0,,,41.0,,9.0,,,7.0,14.0,,,9.0,,16.0,25.0,50.0,47.0,43.0,20.0,,44.0,45.0,39.0,23.0,53.0,36.0,42.0,,54.0,23.0,29.0,24.0,53.0,41.0,37.0,28.0,17.0,20.0,17.0,23.0,41.0,32.0,13.0,29.0,17.0,14.0,,51.0,,24.0,52.0,,41.0,15.0,17.0,31.0,22.0,28.0,13.0,41.0,,23.0,9.0,28.0,44.0,46.0,,,15.0,16.0,41.0,,11.0,20.0,23.0,23.0,28.0,,6.0,21.0,40.0,,34.0,,37.0,,27.0,47.0,11.0,,29.0,,57.0,,23.0,18.0,13.0,37.0,14.0,46.0,16.0,35.0,,,45.0,39.0,41.0,,22.0,22.0,31.0,,54.0,38.0,45.0,,14.0,21.0,9.0,20.0,22.0,27.0,,,58.0,13.0,7.0,,13.0,,41.0,,,28.0,26.0,,12.0,25.0,41.0,49.0,,15.0,28.0,16.0,28.0,,20.0,45.0,37.0,29.0,,,26.0,,20.0,9.0,45.0,,23.0,,19.0,39.0,,,,24.0,25.0,59.0,45.0,23.0,,,,16.0,22.0,52.0,17.0,,35.0,31.0,,31.0,17.0,,49.0,48.0,29.0,41.0,26.0,,,31.0,43.0,50.0,36.0,54.0,45.0,36.0,17.0,56.0,,50.0,51.0,50.0,8.0,29.0,12.0,34.0,,0.0,,,19.0,32.0,,55.0,,28.0,18.0,29.0,18.0,,,51.0,59.0,30.0,,34.0,,,21.0,47.0,18.0,,8.0,13.0,32.0,22.0,48.0,17.0,50.0,,44.0,17.0,44.0,19.0,11.0,44.0,,28.0,28.0,10.0,21.0,54.0,38.0,48.0,,13.0,4.0,19.0,,32.0,32.0,23.0,,16.0,,,,49.0,20.0,,,,15.0,53.0,,32.0,,,43,3,2.498618784530387,17.842075578116187,-0.38177892191084145
5,4,4,6,0,6,7,10,5,7,4,10,5,7,10,6,10,13,22,16,8,12,8,8,8,17,8,13,3,7,13,11,11,13,2,12,22,14,12,14,9,22.0,4,19,9,5,13,16,9,11,18,11,7,10,11,30,7,11,9,9,12,18,15,16,42.0,8,7,8,11,14,15,15,12,10,12,9,17,18,11,10,12,15,19,10,13,11,9,17,23,6,10,15,11,15,17,18,18,13,15,14,14,8,14,6,11,14,12,13,11,14,13,9.0,13,14,23.0,0,27,15,16,37,11,12,13,14,9,13,13,19.0,19,10,20,13,22.0,11,14,23.0,14,21,22,16,8,20,31,12,25.0,18.0,14,35.0,10,7,5,15,19.0,10,14,9,20,53.0,31,26,18,19,13,28,13,12.0,16,25,7,15,16,59.0,5,15,11,26,17,15.0,18,19.0,15,14,15,7,18,42.0,16.0,8,24,,36.0,15,15,8,17,41,12,12,13.0,12,11,18.0,13,16,16,11,25.0,10,14,14,15,24.0,5,13,14,19,13,19,10,35.0,12.0,14,19,0,47.0,34,15,10,35.0,10,24.0,7.0,10,21,,7,17,10,8.0,33.0,16,15,13,16,16,21.0,17,26,18,14,27,20,16.0,40.0,14,,0.0,21.0,21.0,47,39.0,18,22,15,8.0,16.0,22.0,32.0,17.0,17,19.0,,29.0,12,34,26.0,13,21,20,20.0,13.0,,13,9.0,16,17,18.0,22.0,27,16.0,13.0,0,22,23.0,10,20.0,27.0,12.0,22,39,45.0,25,25,38,18,12,13,15,27,20,28,38,16,38.0,35.0,56,9,21,20.0,9.0,17,29,11,11.0,14,18.0,14,9,24,7,12,57.0,15,16.0,18,29,17.0,24,12,17,36.0,35.0,10,29.0,,14.0,0.0,11.0,20,35.0,7,27,26,31.0,21,18.0,24.0,18,21.0,7.0,8.0,18,29.0,17,27,20,13,11,32,26,14.0,15,17.0,17,7,16,0.0,12,40.0,16,18.0,13,15.0,20,22,7.0,28,7.0,10,20.0,8.0,15,12,,46.0,26.0,,34.0,34,9.0,36.0,23,53.0,14,9,58.0,39.0,22,30.0,6,33.0,20.0,14,18,13,,13,17.0,47.0,9,7.0,5,30.0,16,21,12,6.0,39.0,40,19,21,37.0,39.0,16,28,11.0,23,21.0,18.0,52.0,16.0,,10.0,22.0,8.0,58.0,17.0,16,12,33.0,33.0,53.0,33.0,30.0,51.0,28.0,6.0,21,16,34.0,48.0,17,50.0,15.0,,27.0,14.0,24.0,22,21,28.0,28.0,14.0,13.0,18,32.0,15.0,27.0,33,20,30,30.0,59.0,6.0,28.0,9,15,44.0,36.0,32,,33.0,15,38.0,49.0,14.0,16,37.0,23,24.0,13.0,23.0,24,30.0,29,14.0,16,12,18.0,27.0,17.0,32.0,56,22,39,12.0,23,26.0,6,26,31.0,33,36,19.0,35.0,34,11,11.0,24.0,36.0,,40.0,15.0,5,30.0,10,17,59.0,8.0,32.0,28.0,48.0,,26,19,33.0,22.0,20.0,34.0,28.0,28.0,26,41.0,30,43.0,,8.0,24.0,13,37.0,14,,23.0,36.0,19,19.0,31.0,10.0,24,16,48.0,28.0,42.0,35.0,19.0,41.0,,15.0,29.0,,38.0,51.0,23,18,18.0,21.0,34.0,28,19,15,22,32.0,58.0,21,7,22.0,41.0,11,23.0,12.0,,35,12.0,30.0,15.0,14,11.0,,30.0,40.0,13.0,15.0,29,18.0,15,,0,14,23,38.0,32.0,19.0,30.0,27.0,47.0,32.0,12.0,18.0,38.0,26.0,13,47.0,14.0,24,11.0,50.0,10.0,10.0,21,36.0,15.0,16.0,16,40,14.0,31,28.0,9.0,52.0,30.0,20,20.0,22,17,26.0,23,38.0,10,28.0,46.0,37.0,20,18,23.0,3.0,11,33.0,30,,25,,55.0,,29.0,25.0,48.0,18,16.0,,48.0,46.0,26.0,5.0,40.0,27,10,18.0,26,29,15,10.0,57.0,26.0,38.0,,27.0,9,27.0,16.0,23.0,32,16.0,,27.0,38.0,11.0,21,12.0,28.0,14.0,,17.0,7.0,27.0,28,,32.0,33.0,,50.0,39.0,42.0,54,27.0,,19.0,32.0,12,11,39.0,9.0,36,,10.0,26.0,3,17.0,,35.0,54.0,19,28.0,,16.0,53.0,25.0,16.0,51.0,56.0,32.0,18,23,30.0,22.0,35.0,36.0,32.0,28.0,51.0,38.0,21.0,39.0,21,29,45.0,26,37.0,28.0,27.0,32.0,21,30,46.0,34.0,17.0,30.0,10.0,28.0,,27.0,0.0,28,44.0,10.0,,27.0,35.0,47.0,28,19.0,18.0,48.0,26,54.0,49.0,41.0,24.0,13.0,15.0,14,25.0,33,11.0,23.0,,28.0,25.0,32.0,27.0,29.0,52.0,22.0,,,15.0,31.0,22.0,28.0,46.0,35.0,,,53.0,25,37.0,32.0,18,19.0,27.0,14,13.0,19.0,,21,16,7,19.0,16.0,51.0,31.0,17.0,14.0,21.0,37.0,36.0,35,16.0,4,23.0,29,26,41.0,18,,60.0,47.0,39.0,31,28.0,19.0,37.0,33.0,,52.0,26,25.0,32,46.0,,58.0,32,38.0,19,12,34.0,30.0,,20,21.0,53.0,18,26.0,18.0,47.0,36.0,19.0,30.0,49.0,26.0,55,41.0,21.0,22.0,33.0,60.0,34.0,0.0,13.0,16,38.0,18,,23.0,,30.0,8,20,41.0,18.0,15.0,16.0,51.0,41.0,25.0,11.0,45.0,20,20.0,21.0,31,18,18.0,20.0,14,16.0,36.0,13,14.0,30,45,23,32.0,25.0,35.0,,,19.0,34.0,58.0,21.0,27.0,24.0,12.0,19.0,48.0,36.0,36.0,24.0,9.0,29.0,36.0,47.0,22.0,8.0,38.0,30.0,,21.0,52.0,40.0,12.0,10.0,22.0,36.0,26.0,7.0,35.0,37.0,26.0,,27.0,27.0,22.0,60.0,25.0,,,22.0,31.0,25,14.0,32.0,17.0,6,30.0,30.0,27.0,17.0,39.0,20.0,22.0,6.0,58.0,27.0,,30.0,15.0,38.0,17.0,50.0,12.0,35.0,22.0,16.0,28.0,36.0,52.0,15.0,23.0,31.0,14.0,39.0,34,54.0,22.0,52.0,25,40.0,20.0,19.0,11.0,18.0,36.0,,30.0,,24,15.0,55.0,4.0,52.0,30.0,30.0,16,21,20.0,17.0,15.0,60.0,14.0,16.0,28,20,17.0,42.0,21.0,12.0,41.0,24.0,21.0,6.0,33.0,54.0,13.0,,38.0,37.0,32.0,8.0,28,29.0,29.0,30.0,37.0,36.0,16,,22,54.0,12,27.0,,26.0,17.0,35.0,32.0,40.0,18.0,52.0,20.0,16.0,30.0,46,36.0,57.0,28.0,51.0,49.0,36,39.0,35.0,22.0,37.0,18.0,19.0,45.0,35.0,44.0,22,25,31.0,18.0,,13.0,,38.0,32.0,19.0,33,,,25.0,29.0,24.0,18.0,20.0,11.0,30,16.0,16.0,30.0,20,15,24.0,,41.0,24.0,,48.0,26.0,29.0,40.0,7.0,17.0,18.0,15.0,59.0,28.0,24,40.0,0.0,31.0,25.0,,15,,30.0,22,,26.0,32.0,10.0,,20.0,16.0,29.0,11.0,20.0,60.0,22,18.0,24.0,40.0,28.0,32,0.0,28.0,32.0,14.0,17.0,50.0,33.0,29.0,,30.0,45.0,28.0,31.0,33,9,12.0,31.0,25.0,35.0,15.0,17,20,37.0,12.0,35.0,20.0,42.0,23.0,34.0,29.0,23.0,57.0,23.0,,22.0,11.0,15.0,19,13,19.0,29.0,28.0,,34.0,25,56.0,6.0,,16.0,50.0,50.0,17.0,,52.0,39.0,34.0,15.0,33.0,38.0,,8,47.0,32.0,13,52.0,34.0,47.0,40.0,60.0,23.0,31.0,22.0,14.0,42.0,23.0,39.0,33.0,18.0,9.0,25.0,19.0,28.0,24.0,56.0,32.0,60.0,16.0,0.0,21.0,,50.0,24.0,11.0,,47.0,13.0,26.0,11.0,23.0,19.0,,49.0,11.0,44.0,38.0,51.0,29.0,28.0,,24.0,0.0,,,19.0,28.0,16.0,30.0,36.0,25.0,41.0,17.0,,,54.0,45.0,9,28.0,29.0,44.0,51.0,,5.0,26.0,23.0,32.0,38.0,9.0,35.0,41.0,16.0,27.0,42.0,19.0,19.0,46.0,29.0,14.0,25.0,27.0,2.0,17.0,16.0,38.0,31.0,20.0,29.0,29.0,46.0,48.0,20.0,39.0,12.0,,,29.0,25.0,26.0,51.0,30.0,37.0,,32.0,5,47.0,48.0,20.0,19.0,27.0,29.0,46.0,32.0,29.0,27,20.0,20.0,59.0,,37.0,26.0,31.0,55.0,24.0,28.0,20.0,21.0,17.0,19.0,35.0,,39,38.0,10.0,,26.0,5.0,30.0,20.0,20.0,7.0,29.0,58.0,,49.0,27.0,,45.0,28.0,58.0,37.0,16.0,55.0,18.0,48.0,13.0,23,33,11.0,15.0,31.0,25.0,,22.0,12.0,16.0,32.0,48.0,14.0,32.0,56.0,47.0,38.0,,23.0,21.0,37.0,23.0,31.0,46.0,15.0,32.0,,42.0,50.0,,15.0,21.0,18.0,,0.0,52.0,29.0,44.0,17.0,21.0,26.0,11.0,,22.0,40.0,44.0,,11.0,10.0,25.0,32,59.0,25.0,24.0,18.0,21,42.0,,42.0,40.0,34.0,52.0,9.0,42.0,15,15.0,20.0,0.0,36.0,13.0,14.0,,35,33.0,,56.0,15.0,30,31.0,11.0,36.0,28.0,56.0,37.0,21.0,19.0,23.0,11.0,22.0,,40.0,46.0,31.0,17.0,21.0,,40.0,,,28.0,,36.0,23,,52.0,24.0,46.0,35.0,,26.0,12.0,58.0,41.0,0.0,36.0,23.0,13,7.0,,0.0,15.0,26.0,,37.0,29.0,19.0,24.0,60.0,33.0,25.0,22.0,45.0,22.0,18.0,24.0,56.0,26.0,30.0,22.0,58.0,18.0,50.0,,35.0,41.0,,19.0,25.0,34.0,26.0,59.0,25.0,17.0,33.0,,,17.0,,38.0,45.0,31.0,25.0,9.0,57.0,31.0,49.0,31.0,30.0,32.0,42.0,14.0,20.0,32.0,,,,15.0,46.0,17.0,13.0,18.0,46.0,35.0,16.0,,,21,26.0,,12.0,30.0,23.0,,52.0,18.0,14.0,,39.0,54.0,14.0,,32.0,24.0,14.0,28.0,19.0,41.0,39.0,23.0,29.0,32.0,30.0,,26.0,31.0,38.0,21.0,44.0,0.0,38.0,,14.0,,32.0,38.0,16.0,,39.0,29.0,46.0,34.0,16.0,29.0,14.0,,21.0,34.0,28.0,,51.0,11.0,33.0,33.0,34.0,29.0,40.0,49.0,55.0,51.0,33.0,8.0,24.0,,9.0,40.0,25.0,39.0,,,10.0,29.0,17.0,16.0,20.0,45.0,17.0,,22.0,60.0,,21.0,31.0,16.0,26.0,33.0,33.0,23.0,53.0,45.0,42.0,53.0,,49.0,50.0,17.0,51.0,17.0,30.0,46.0,21.0,32.0,33.0,27.0,28.0,29.0,14.0,60.0,11.0,48.0,,,12.0,19.0,28.0,29.0,28.0,33.0,36.0,18.0,28.0,17.0,28.0,43.0,,,30,16.0,40.0,20.0,46.0,32.0,10.0,45.0,28.0,52.0,25.0,8,,42.0,15.0,16.0,26.0,18.0,14.0,,15,8.0,0.0,,45.0,,43.0,36.0,,5.0,,26.0,17.0,42.0,22.0,34.0,28.0,13.0,27.0,26.0,17.0,,29.0,31.0,32.0,25.0,23.0,29.0,37.0,,13.0,,36.0,35.0,28.0,42.0,33.0,9.0,21.0,,,13.0,33.0,,19.0,30.0,18.0,16.0,35.0,6.0,,5.0,19.0,23.0,14.0,22.0,12.0,,24.0,47.0,,40.0,26.0,37.0,29.0,,54.0,21.0,28.0,18.0,,28.0,37.0,,25.0,20.0,45.0,28.0,17.0,24.0,17.0,30.0,0.0,15.0,,39.0,42.0,,32.0,43.0,44.0,36.0,23.0,31.0,,22.0,,25.0,,40.0,52.0,11.0,29.0,33.0,,17.0,43.0,21.0,17.0,32,35.0,46.0,39.0,55.0,11.0,21.0,26.0,44.0,26.0,53.0,36.0,45.0,23.0,9.0,,9.0,49.0,55.0,22.0,22.0,35.0,40.0,55.0,37.0,32.0,15.0,15.0,,42.0,,24.0,47.0,25.0,,14.0,60.0,27.0,15.0,,16.0,51.0,35.0,18.0,30.0,26.0,52.0,33.0,25.0,39.0,46.0,34.0,21.0,16.0,38.0,17.0,38.0,53.0,44.0,,15.0,54.0,40.0,34.0,34.0,47.0,27.0,,31.0,36.0,11.0,44.0,26.0,48.0,32.0,15.0,,22.0,34.0,53.0,12,34.0,47.0,13,8.0,56.0,38.0,48.0,39.0,,30.0,45.0,27.0,,24.0,45.0,22.0,11.0,32.0,48.0,41.0,30.0,29.0,35.0,9.0,15.0,,19.0,45.0,25.0,42.0,16.0,44.0,58.0,12.0,,31.0,20.0,24.0,48.0,,14.0,20.0,40.0,47.0,33.0,17.0,32.0,,22.0,17.0,24.0,10.0,26.0,34.0,17.0,19.0,,21.0,10.0,47.0,48.0,26.0,13.0,17.0,,30.0,17.0,18.0,30.0,53.0,,,11.0,43.0,21.0,47.0,58.0,32.0,43.0,9.0,,,,40.0,19.0,16.0,14.0,,15.0,25.0,59.0,27.0,18.0,,27.0,50.0,22.0,25.0,46.0,,30.0,30.0,10.0,32.0,12.0,50.0,,41.0,26.0,23.0,7.0,57.0,28.0,30.0,18.0,53.0,18.0,,11.0,,,48.0,,37.0,29.0,48.0,,22.0,29.0,50.0,20.0,51.0,,2.0,25.0,0.0,18.0,28.0,,,18.0,38.0,53.0,45.0,59.0,51.0,20.0,7.0,29.0,48.0,13.0,51.0,,14.0,27.0,50.0,,24.0,14.0,,27.0,58.0,21.0,0.0,58.0,28.0,5.0,20.0,45.0,,,23.0,,17.0,24.0,10.0,37.0,,14.0,21.0,35.0,49.0,,26.0,,31.0,15.0,50.0,24.0,,30.0,44.0,,34.0,,53.0,20.0,55.0,53.0,,60.0,26.0,43.0,,,22.0,45.0,,21.0,48.0,36.0,52.0,35.0,21.0,21.0,,33.0,46.0,,,39.0,60.0,25.0,45.0,60.0,33.0,35.0,27.0,35.0,,47.0,37.0,,29.0,11.0,49.0,22.0,38.0,,10.0,46.0,45.0,24.0,34.0,44.0,,35.0,,22.0,,29.0,,32.0,17.0,37.0,28.0,44.0,20.0,12.0,57.0,55.0,43.0,30.0,,15.0,13.0,37.0,38.0,2.0,23.0,43.0,,57.0,,9.0,30.0,,12.0,,15.0,36.0,53.0,22.0,16.0,36.0,44.0,,27.0,37.0,41.0,27.0,,52.0,24.0,,33.0,32.0,35.0,9.0,38.0,31.0,20.0,46.0,22.0,23.0,13.0,19.0,56.0,,34.0,27.0,25.0,19.0,18.0,21.0,,29.0,30.0,19.0,20.0,,40.0,,,,16.0,24.0,44.0,,23.0,23.0,18.0,,44.0,23.0,30.0,47.0,54.0,25.0,26.0,34.0,27.0,24.0,33.0,,56.0,17.0,48.0,26.0,12.0,,50.0,,,20.0,,52.0,17.0,0.0,6.0,34.0,,,24.0,,18.0,39.0,0.0,20.0,53.0,55.0,56.0,35.0,48.0,28.0,36.0,35.0,15.0,,41.0,48.0,39.0,28.0,18.0,,15.0,6.0,36.0,48.0,16.0,48.0,38.0,47.0,29.0,18.0,24.0,15.0,,42.0,46.0,27.0,46.0,34.0,48.0,35.0,22.0,,30.0,35.0,16.0,21.0,,,,51.0,31.0,53.0,8.0,,30.0,59.0,44.0,53.0,28.0,22.0,25.0,39.0,38.0,,,20.0,,19.0,,,5.0,,,15.0,11.0,59.0,36.0,,,,0.0,,,10.0,,,51.0,,12.0,55.0,14.0,,,60.0,,18.0,8.0,21.0,31.0,,48.0,39.0,27.0,14.0,29.0,26.0,57.0,,21.0,10.0,18.0,32.0,41.0,,13.0,55.0,60.0,,57.0,25.0,55.0,53.0,,22.0,45.0,45.0,,28.0,39.0,40.0,,10.0,,34.0,,36.0,31.0,42.0,,,18.0,7.0,,12.0,39.0,43.0,27.0,,,,30.0,39.0,10.0,56.0,24.0,21.0,,,,20.0,60.0,,,41.0,,47.0,44.0,38.0,,49.0,36.0,31.0,34.0,22.0,21.0,37.0,19.0,,,30.0,31.0,,,28.0,31.0,39.0,40.0,20.0,59.0,20.0,47.0,15.0,40.0,45.0,49.0,16.0,,25.0,44.0,,42.0,15.0,17.0,43.0,,,39.0,,29.0,43.0,,31.0,31.0,44.0,51.0,,35.0,27.0,43.0,51.0,,40.0,12.0,45.0,6.0,36.0,49.0,28.0,,18.0,,,,11.0,,,24.0,24.0,33.0,21.0,,,37.0,36.0,9.0,24.0,59.0,43.0,25.0,43.0,50.0,,28.0,43.0,,33.0,,36.0,43.0,38.0,27.0,16.0,,,15.0,56.0,56.0,40.0,8.0,52.0,38.0,33.0,54.0,13.0,27.0,52.0,13.0,59.0,33.0,16.0,42.0,,25.0,18.0,22.0,28.0,29.0,46.0,13.0,31.0,,27.0,,13.0,29.0,,,,25.0,31.0,29.0,45.0,51.0,36.0,,15.0,8.0,19.0,46.0,15.0,20.0,,42.0,,15.0,24.0,12.0,41.0,46.0,26.0,22.0,,58.0,60.0,,14.0,12.0,27.0,20.0,36.0,26.0,57.0,,,,,29.0,,52.0,34.0,30.0,,,35.0,13.0,60.0,57.0,19.0,48.0,0.0,,37.0,,,31.0,30.0,49.0,25.0,43.0,28.0,49.0,13.0,52.0,9.0,56.0,,22.0,24.0,34.0,55.0,10.0,50.0,32.0,47.0,25.0,34.0,55.0,6.0,36.0,34.0,32.0,,16.0,14.0,,36.0,53.0,27.0,40.0,,15.0,,7.0,0.0,7.0,24.0,38.0,31.0,58.0,28.0,16.0,54.0,60.0,47.0,13.0,12.0,24.0,,44.0,,41.0,36.0,15.0,24.0,56.0,,37.0,49.0,36.0,17.0,20.0,36.0,25.0,16.0,17.0,49.0,51.0,,22.0,54.0,39.0,,37.0,39.0,52.0,47.0,41.0,16.0,48.0,,,28.0,34.0,29.0,29.0,29.0,11.0,43.0,48.0,29.0,39.0,37.0,31.0,35.0,48.0,38.0,59.0,31.0,35.0,50.0,57.0,46.0,18.0,20.0,19.0,,32.0,,,24.0,59.0,27.0,46.0,39.0,40.0,59.0,28.0,22.0,,19.0,,46.0,43.0,,17.0,,12.0,12.0,25.0,19.0,55.0,,,,,,46.0,19.0,13.0,11.0,,,,6.0,31.0,55.0,31.0,51.0,53.0,29.0,47.0,55.0,33.0,58.0,,13.0,,59.0,59.0,28.0,17.0,32.0,11.0,37.0,,18.0,,23.0,18.0,,34.0,27.0,44.0,38.0,,33.0,31.0,57.0,,,19.0,16.0,36.0,7.0,,12.0,23.0,,32.0,,22.0,34.0,12.0,,15.0,,46.0,27.0,24.0,48.0,,46.0,31.0,47.0,57.0,,15.0,28.0,17.0,27.0,54.0,,,38.0,58.0,,28.0,,28.0,,44.0,,13.0,52.0,0.0,26.0,40.0,26.0,39.0,43.0,34.0,,,35.0,27.0,25.0,,30.0,30.0,32.0,17.0,8.0,56.0,60.0,57.0,28.0,,51.0,19.0,,56.0,16.0,,,19.0,,21.0,25.0,50.0,51.0,,37.0,,31.0,42.0,15.0,,,46.0,21.0,14.0,22.0,27.0,29.0,33.0,,,30.0,,,,3.0,,21.0,21.0,,,,59.0,24.0,,33.0,,54.0,10.0,21.0,16.0,,24.0,55.0,10.0,40.0,8.0,,,33.0,14.0,14.0,14.0,,11.0,,40.0,,35.0,30.0,14.0,,,32.0,,40.0,43.0,17.0,38.0,,42.0,,46.0,,19.0,24.0,,48.0,11.0,27.0,46.0,,50.0,36.0,,,41.0,,24.0,31.0,,41.0,,23.0,52.0,54.0,0.0,25.0,,39.0,36.0,,45.0,29.0,21.0,44,3,2.4869325997248968,18.681403308613806,-0.3438737327275995
5,1,6,6,6,4,6,7,9,7,8,11,7,6,7,10,11,4,11,15,7,10,9,11,5,8,6,6,9,6,11,12,11,13,12,5,24,12,13,15,14,14.0,10,14,7,10,20,14,13,17,12,11,6,7,14,12,11,7,11,10,11,10,16,0,44.0,11,11,8,12,9,11,19,14,11,7,12,15,6,12,10,13,11,1,8,11,12,12,19,23,15,13,10,13,12,14,11,17,13,18,12,21,8,13,15,15,21,14,16,13,9,6,,16,8,24.0,16,20,17,18,20,8,24,11,14,13,14,13,27.0,26,9,12,16,,14,14,20.0,14,32,12,21,14,12,13,13,32.0,26.0,18,24.0,9,20,11,15,16.0,17,19,35,13,21.0,29,14,41,20,6,19,22,25.0,24,13,18,20,14,48.0,3,17,5,47,22,28.0,15,13.0,24,12,12,15,20,,12.0,20,14,11.0,19.0,14,35,16,14,8,12,12,22.0,29,21,46.0,5,20,21,5,33.0,20,5,25,16,18.0,14,13,20,16,20,13,12,12.0,23.0,28,14,16,42.0,24,25,8,19.0,13,34.0,6.0,19,24,,12,41,13,31.0,,11,19,6,23,28,7.0,29,7,14,14,28,16,24.0,14.0,28,48.0,46.0,29.0,19.0,34,27.0,24,21,14,30.0,,12.0,57.0,28.0,17,20.0,35.0,40.0,5,32,24.0,60,15,28,24.0,,9.0,18,,11,27,18.0,22.0,19,7.0,,13,14,24.0,12,32.0,10.0,32.0,23,16,7.0,26,12,19,16,15,20,14,22,15,9,20,15,34.0,23.0,43,15,20,20.0,19.0,14,28,8,61.0,13,18.0,18,10,34,11,27,22.0,13,39.0,6,21,39.0,10,13,19,42.0,47.0,18,42.0,32.0,33.0,44.0,20.0,21,61.0,32,18,19,44.0,29,60.0,26.0,22,,14.0,14.0,20,53.0,16,20,17,31,27,21,19,14.0,8,13.0,23,19,23,23.0,20,,34,16.0,19,18.0,16,18,55.0,12,,29,56.0,19.0,19,19,9.0,19.0,38.0,36.0,,15,32.0,4.0,13,,25,19,15.0,,24,19.0,32,24.0,31.0,25,26,31,61.0,17,23.0,15.0,47,38.0,25,9.0,20,18,9,33.0,12.0,29,18,20,12.0,19.0,18,13,31.0,16,59.0,18.0,20.0,47.0,15.0,38.0,10.0,8.0,61.0,23.0,17,16,20.0,57.0,14.0,30.0,19.0,15.0,48.0,19.0,11,13,,11.0,16,15.0,19.0,14.0,30.0,23.0,22.0,25,29,40.0,22.0,,18.0,23,40.0,23.0,29.0,20,28,21,52.0,,23.0,25.0,16,27,18.0,,38,25.0,31.0,28,53.0,6.0,14.0,35,15.0,24,18.0,32.0,30.0,9,10.0,18,,17,25,34.0,50.0,19.0,,14,23,28,26.0,13,15.0,35,29,35.0,14,16,51.0,26.0,8,29,29.0,28.0,0.0,27.0,18.0,17.0,17,43.0,33,14,24.0,32.0,35.0,30.0,40.0,7.0,10,16,61.0,26.0,51.0,27.0,46.0,21.0,17,15.0,29,29.0,28.0,13.0,43.0,19,57.0,9,22.0,,23.0,33,34.0,,29.0,32,22,,48.0,39.0,,,18.0,33.0,15.0,18.0,,15.0,11.0,22,32,37.0,33.0,23.0,10,28,19,16,17.0,42.0,19,0,17.0,22.0,19,26.0,26.0,,15,,8.0,,30,35.0,31.0,28.0,,33.0,31.0,7,19.0,22,12.0,20,28,30,51.0,18.0,13.0,11.0,,58.0,13.0,17.0,16.0,19.0,17.0,20,45.0,22.0,34,23.0,51.0,13.0,21.0,10,18.0,37.0,0.0,34,43,25.0,26,29.0,19.0,21.0,8.0,19,7.0,30,27,32.0,5,30.0,13,33.0,52.0,28.0,18,26,11.0,,30,4.0,27,37.0,23,15.0,54.0,35.0,47.0,38.0,20.0,27,14.0,,38.0,28.0,,27.0,12.0,26,14,19.0,16,28,29,33.0,53.0,18.0,45.0,58.0,22.0,1,28.0,28.0,38.0,48,26.0,,25.0,,24.0,17,,33.0,27.0,18.0,28.0,16.0,24.0,39,42.0,17.0,24.0,19.0,34.0,15.0,19.0,28,38.0,14.0,49.0,0.0,45,31,58.0,17.0,20,45.0,10.0,19.0,14,40.0,35.0,15.0,,10,15.0,9.0,28.0,29.0,32.0,28.0,31.0,,36.0,44,27,46.0,,30.0,22.0,28.0,17.0,17.0,29.0,,30.0,31,42,37.0,27,,31.0,24.0,33.0,21,11,21.0,20.0,16.0,10.0,22.0,21.0,,19.0,0.0,43,12.0,26.0,27.0,29.0,19.0,,24,32.0,30.0,,22,52.0,25.0,16.0,25.0,46.0,28.0,25,23.0,12,,35.0,29.0,,,12.0,,55.0,36.0,16.0,26.0,27.0,54.0,33.0,57.0,21.0,26.0,40.0,45.0,46.0,35.0,2,19.0,39.0,27,30.0,21.0,17,48.0,11.0,44.0,0,17,14,29.0,12.0,20.0,27.0,13.0,28.0,18.0,8.0,59.0,18,11.0,17,31.0,37,46,7.0,13,11.0,23.0,7.0,29.0,29,46.0,9.0,42.0,12.0,,,22,18.0,26,13.0,28.0,33.0,17,28.0,14,19,35.0,26.0,23.0,27,38.0,61.0,31,15.0,15.0,,32.0,11.0,30.0,17.0,16.0,25,35.0,16.0,21.0,,60.0,12.0,,25.0,40,29.0,15,10.0,23.0,26.0,22.0,20,33,38.0,11.0,43.0,39.0,17.0,15.0,18.0,28.0,,15,27.0,9.0,33,22,15.0,14.0,8,20.0,46.0,18,51.0,41,17,45,36.0,21.0,,11.0,22.0,45.0,40.0,,27.0,8.0,32.0,14.0,24.0,26.0,28.0,43.0,12.0,11.0,49.0,25.0,,31.0,16.0,56.0,16.0,29.0,36.0,61.0,28.0,13.0,31.0,14.0,20.0,18.0,45.0,14.0,40.0,27.0,27.0,24.0,23.0,44.0,32.0,47.0,,50.0,21.0,20.0,22,18.0,24.0,22.0,8,27.0,19.0,28.0,12.0,40.0,9.0,33.0,8.0,45.0,26.0,47.0,17.0,,60.0,21.0,48.0,20.0,31.0,16.0,19.0,33.0,,20.0,19.0,29.0,26.0,38.0,,20,22.0,5.0,25.0,20,36.0,25.0,35.0,33.0,,20.0,32.0,,19.0,25,30.0,27.0,32.0,17.0,21.0,38.0,19,17,18.0,27.0,19.0,12.0,38.0,12.0,17,24,9.0,46.0,61.0,51.0,,16.0,21.0,8.0,19.0,43.0,14.0,51.0,29.0,30.0,6.0,30.0,30,55.0,27.0,21.0,18.0,36.0,15,,17,18.0,21,21.0,24.0,31.0,,45.0,26.0,33.0,33.0,23.0,0.0,48.0,,33,26.0,0.0,27.0,8.0,17.0,13,35.0,0.0,31.0,27.0,34.0,16.0,,29.0,21.0,15,13,25.0,21.0,38.0,23.0,29.0,26.0,30.0,35.0,14,21.0,21.0,51.0,28.0,39.0,14.0,27.0,10.0,7,21.0,,58.0,29,25,20.0,55.0,,27.0,44.0,43.0,47.0,50.0,,14.0,24.0,14.0,25.0,19.0,23.0,35,17.0,19.0,,23.0,4.0,17,18.0,56.0,13,12.0,20.0,,,,0.0,17.0,29.0,25.0,44.0,0.0,17,50.0,27.0,9.0,14.0,34,,37.0,25.0,16.0,16.0,27.0,26.0,23.0,20.0,48.0,23.0,38.0,28.0,18,9,,14.0,37.0,32.0,20.0,18,28,26.0,28.0,57.0,,,22.0,38.0,39.0,21.0,13.0,,,29.0,,6.0,21,32,11.0,16.0,50.0,32.0,,18,14.0,9.0,,30.0,37.0,29.0,46.0,31.0,,12.0,22.0,23.0,,58.0,46.0,30,25.0,23.0,21,20.0,17.0,,0.0,29.0,40.0,53.0,18.0,17.0,,9.0,,12.0,10.0,16.0,38.0,19.0,19.0,34.0,54.0,2.0,24.0,59.0,33.0,12.0,,38.0,12.0,41.0,53.0,7.0,10.0,58.0,39.0,26.0,42.0,38.0,57.0,17.0,14.0,33.0,14.0,52.0,27.0,42.0,36.0,4.0,46.0,11.0,50.0,,26.0,,,35.0,14.0,2.0,54.0,5.0,10.0,23.0,22,49.0,16.0,29.0,25.0,41.0,41.0,26.0,,28.0,,17.0,14.0,24.0,11.0,5.0,30.0,55.0,25.0,,45.0,,59.0,21.0,26.0,33.0,,19.0,7.0,41.0,,41.0,,25.0,,25.0,28.0,,30.0,47.0,,51.0,,32.0,46.0,,12.0,6,53.0,39.0,33.0,30.0,30.0,,45.0,11.0,32.0,1,13.0,27.0,35.0,52.0,33.0,25.0,17.0,44.0,28.0,0.0,12.0,,21.0,50.0,35.0,41.0,24,25.0,18.0,51.0,27.0,34.0,13.0,12.0,27.0,27.0,23.0,31.0,23.0,,23.0,35.0,27.0,,,41.0,12.0,52.0,,44.0,26.0,32,30,52.0,31.0,22.0,17.0,,,16.0,31.0,15.0,31.0,29.0,32.0,8.0,34.0,36.0,,26.0,21.0,23.0,34.0,14.0,57.0,18.0,,40.0,42.0,25.0,7.0,,21.0,,30.0,59.0,27.0,38.0,34.0,44.0,20.0,,14.0,10.0,51.0,27.0,39.0,17.0,59.0,48.0,30.0,30,27.0,19.0,20.0,,24,24.0,48.0,40.0,,54.0,42.0,41.0,,42,,44.0,3.0,39.0,,19.0,46.0,5,34.0,37.0,40.0,,36,54.0,23.0,,35.0,60.0,12.0,36.0,14.0,43.0,7.0,29.0,,19.0,,,27.0,,20.0,34.0,,36.0,33.0,13.0,27.0,12,58.0,,27.0,16.0,27.0,46.0,36.0,39.0,19.0,22.0,13.0,26.0,29.0,31,22.0,44.0,27.0,,19.0,43.0,,,39.0,25.0,,22.0,14.0,17.0,,46.0,14.0,9.0,46.0,37.0,43.0,48.0,45.0,,14.0,30.0,23.0,31.0,31.0,43.0,18.0,12.0,27.0,21.0,,19.0,55.0,35.0,58.0,28.0,28.0,16.0,2.0,33.0,29.0,40.0,40.0,15.0,60.0,19.0,,32.0,32.0,50.0,45.0,58.0,35.0,21.0,,18.0,22.0,36.0,3.0,45.0,45.0,16.0,32.0,22.0,13.0,21,41.0,51.0,32.0,22.0,30.0,,43.0,34.0,28.0,28.0,12.0,19.0,32.0,25.0,20.0,25.0,27.0,21.0,25.0,58.0,,30.0,19.0,8.0,56.0,17.0,26.0,18.0,,26.0,,54.0,54.0,30.0,3.0,30.0,13.0,49.0,32.0,34.0,14.0,31.0,,35.0,58.0,42.0,0.0,,56.0,13.0,25.0,15.0,59.0,,25.0,20.0,41.0,28.0,34.0,,37.0,,,,46.0,50.0,8.0,21.0,27.0,,29.0,41.0,42.0,15.0,17.0,58.0,33.0,17.0,28.0,,23.0,61.0,40.0,53.0,16.0,15.0,19.0,52.0,28.0,40.0,27.0,23.0,14.0,25.0,33.0,38.0,9.0,39.0,14.0,13.0,39.0,24.0,39.0,25.0,21.0,13.0,34.0,46.0,30.0,31.0,18.0,10.0,45.0,51.0,10.0,29.0,3.0,,20.0,32.0,33.0,,43.0,43.0,33.0,,44.0,,12,53.0,32.0,60.0,19.0,20.0,5.0,29.0,,30.0,20.0,22,21.0,23.0,31.0,18.0,19.0,26.0,28.0,23.0,12,31.0,43.0,42.0,,12.0,46.0,27.0,41.0,13.0,,,24.0,47.0,,,33.0,9.0,,35.0,23.0,,30.0,38.0,54.0,,25.0,14.0,26.0,,,49.0,55.0,,25.0,26.0,31.0,,,38.0,28.0,47.0,59.0,13.0,4.0,21.0,31.0,32.0,,34.0,,9.0,8.0,,24.0,,17.0,0.0,28.0,,41.0,44.0,24.0,36.0,,,26.0,32.0,28.0,45.0,39.0,20.0,39.0,20.0,40.0,,20.0,44.0,,15.0,27.0,39.0,,47.0,21.0,26.0,21.0,39.0,27.0,37.0,49.0,29.0,24.0,23.0,49.0,30.0,29.0,,6.0,28.0,41.0,31.0,,52.0,37.0,24.0,51.0,48.0,35.0,32,43.0,44.0,44.0,56.0,25.0,24.0,19.0,51.0,31.0,34.0,34.0,58.0,18.0,10.0,18.0,9.0,18.0,18.0,,50.0,25.0,31.0,16.0,,6.0,23.0,,22.0,30.0,21.0,,34.0,27.0,13.0,50.0,51.0,33.0,,19.0,,,0.0,6.0,46.0,,19.0,32.0,22.0,30.0,50.0,30.0,22.0,28.0,,28.0,15.0,21.0,49.0,36.0,33.0,53.0,8.0,9.0,26.0,,19.0,,40.0,25.0,34.0,34.0,,24.0,15.0,61.0,20.0,30.0,37.0,51.0,22,48.0,10.0,8,49.0,38.0,25.0,0.0,34.0,29.0,55.0,3.0,33.0,53.0,34.0,20.0,42.0,34.0,25.0,,36.0,,,34.0,11.0,13.0,,61.0,15.0,14.0,30.0,18.0,29.0,35.0,18.0,48.0,32.0,,27.0,36.0,27.0,32.0,59.0,42.0,18.0,16.0,,21.0,27.0,0.0,30.0,20.0,18.0,45.0,22.0,37.0,44.0,43.0,51.0,52.0,51.0,13.0,21.0,26.0,,57.0,29.0,22.0,7.0,,29.0,,39.0,46.0,,36.0,51.0,,34.0,32.0,,54.0,14.0,19.0,17.0,,,30.0,,12.0,46.0,38.0,,55.0,,45.0,45.0,22.0,,44.0,,22.0,53.0,31.0,15.0,25.0,55.0,18.0,,29.0,57.0,20.0,11.0,27.0,59.0,9.0,,20.0,,29.0,,,30.0,39.0,44.0,21.0,51.0,38.0,,32.0,23.0,,21.0,40.0,24.0,11.0,,,60.0,55.0,9.0,,26.0,49.0,10.0,26.0,25.0,18.0,18.0,34.0,34.0,41.0,46.0,38.0,49.0,37.0,,42.0,,43.0,27.0,14.0,44.0,28.0,,23.0,22.0,0.0,,35.0,61.0,46.0,26.0,16.0,,,15.0,10.0,50.0,36.0,49.0,37.0,30.0,30.0,44.0,,19.0,50.0,,,37.0,31.0,29.0,28.0,25.0,18.0,37.0,,33.0,35.0,28.0,,33.0,22.0,45.0,30.0,19.0,50.0,37.0,17.0,54.0,42.0,57.0,,31.0,28.0,2.0,31.0,53.0,17.0,53.0,17.0,31.0,,29.0,43.0,11.0,21.0,20.0,54.0,10.0,2.0,11.0,23.0,19.0,19.0,28.0,33.0,25.0,0.0,26.0,53.0,,37.0,,33.0,,,31.0,60.0,42.0,16.0,30.0,12.0,41.0,,47.0,40.0,46.0,,,26.0,22.0,,58.0,21.0,56.0,39.0,32.0,10.0,50.0,17.0,21.0,23.0,31.0,,17.0,,46.0,55.0,48.0,,24.0,31.0,25.0,23.0,21.0,53.0,,,22.0,44.0,37.0,,24.0,55.0,27.0,,15.0,32.0,15.0,22.0,32.0,34.0,33.0,36.0,52.0,30.0,33.0,,30.0,,33.0,29.0,34.0,48.0,20.0,29.0,28.0,24.0,39.0,,22.0,10.0,26.0,53.0,,35.0,46.0,,20.0,53.0,,41.0,18.0,47.0,18.0,27.0,,,23.0,18.0,25.0,23.0,23.0,45.0,37.0,21.0,,23.0,9.0,30.0,14.0,30.0,52.0,52.0,27.0,14.0,,,43.0,,30.0,,23.0,17.0,26.0,38.0,25.0,,20.0,10.0,,58.0,34.0,35.0,29.0,31.0,33.0,39.0,23.0,22.0,,23.0,25.0,14.0,41.0,38.0,41.0,,43.0,15.0,17.0,,25.0,,12.0,42.0,29.0,26.0,10.0,,9.0,43.0,40.0,42.0,,27.0,,48.0,23.0,45.0,,34.0,,31.0,33.0,,32.0,30.0,40.0,60.0,23.0,46.0,29.0,44.0,49.0,12.0,16.0,,20.0,,58.0,,27.0,44.0,37.0,29.0,49.0,,,,25.0,32.0,52.0,,5.0,,0.0,43.0,,27.0,9.0,,,31.0,22.0,55.0,21.0,26.0,37.0,,41.0,36.0,22.0,20.0,,,46.0,30.0,15.0,27.0,18.0,34.0,,24.0,56.0,16.0,11.0,,,,28.0,47.0,30.0,29.0,,,,25.0,24.0,23.0,21.0,32.0,50.0,49.0,19.0,23.0,38.0,38.0,38.0,50.0,35.0,43.0,5.0,24.0,,,43.0,8.0,13.0,38.0,44.0,21.0,43.0,47.0,32.0,25.0,10.0,53.0,36.0,53.0,,6.0,10.0,,15.0,35.0,53.0,27.0,27.0,33.0,,45.0,29.0,11.0,25.0,12.0,34.0,39.0,20.0,45.0,39.0,46.0,,40.0,23.0,33.0,50.0,26.0,27.0,43.0,35.0,52.0,42.0,,,17.0,20.0,,29.0,24.0,44.0,7.0,,29.0,48.0,2.0,30.0,55.0,,23.0,,,32.0,48.0,29.0,26.0,15.0,38.0,,26.0,19.0,,,48.0,24.0,43.0,26.0,21.0,18.0,50.0,27.0,45.0,27.0,32.0,61.0,37.0,,26.0,34.0,,30.0,44.0,23.0,24.0,20.0,,,15.0,23.0,56.0,41.0,,54.0,54.0,28.0,39.0,27.0,20.0,,18.0,56.0,41.0,23.0,54.0,33.0,58.0,18.0,34.0,18.0,,,19.0,22.0,32.0,39.0,22.0,,,25.0,46.0,59.0,29.0,22.0,35.0,41.0,,34.0,24.0,35.0,20.0,6.0,41.0,,,23.0,26.0,41.0,8.0,,47.0,36.0,,38.0,14.0,0.0,26.0,,57.0,29.0,44.0,51.0,57.0,49.0,41.0,,7.0,22.0,46.0,21.0,39.0,,47.0,,14.0,18.0,,24.0,,16.0,52.0,44.0,38.0,18.0,,41.0,46.0,,52.0,27.0,36.0,45.0,29.0,20.0,34.0,25.0,13.0,40.0,29.0,18.0,22.0,40.0,45.0,39.0,,48.0,30.0,,40.0,61.0,34.0,22.0,61.0,44.0,20.0,20.0,11.0,,8.0,29.0,59.0,23.0,38.0,40.0,30.0,,57.0,30.0,31.0,,19.0,54.0,24.0,,,22.0,,55.0,24.0,37.0,,35.0,51.0,20.0,,35.0,26.0,20.0,,,49.0,37.0,46.0,41.0,,40.0,15.0,60.0,32.0,10.0,17.0,18.0,19.0,21.0,11.0,,11.0,37.0,30.0,,22.0,39.0,,26.0,58.0,34.0,33.0,,27.0,,,27.0,21.0,14.0,,29.0,26.0,34.0,,18.0,,0.0,17.0,13.0,29.0,18.0,47.0,,38.0,31.0,22.0,46.0,61.0,,23.0,,40.0,0.0,12.0,47.0,,,,54.0,23.0,32.0,46.0,12.0,,9.0,,38.0,20.0,,16.0,45.0,32.0,28.0,,15.0,29.0,,14.0,44.0,38.0,13.0,17.0,,32.0,58.0,36.0,,49.0,19.0,8.0,17.0,54.0,26.0,,37.0,41.0,8.0,54.0,34.0,28.0,8.0,,19.0,17.0,36.0,,16.0,31.0,27.0,54.0,,37.0,,23.0,,22.0,54.0,21.0,18.0,21.0,28.0,,61.0,18.0,53.0,14.0,51.0,21.0,44.0,,,27.0,12.0,,,,40.0,25.0,49.0,0.0,36.0,,,10.0,32.0,20.0,40.0,31.0,21.0,28.0,35.0,53.0,,0.0,,,,47.0,,,10.0,40.0,,22.0,,52.0,21.0,27.0,29.0,59.0,30.0,35.0,39.0,,32.0,32.0,26.0,30.0,,45.0,,35.0,9.0,,,35.0,60.0,9.0,20.0,35.0,36.0,,20.0,,54.0,49.0,,34.0,58.0,34.0,,58.0,25.0,48.0,17.0,,0.0,44.0,24.0,,35.0,18.0,0.0,32.0,41.0,12.0,57.0,,22.0,28.0,49.0,60.0,47.0,16.0,43.0,,13.0,56.0,,,11.0,,43.0,,42.0,,33.0,50.0,42.0,14.0,27.0,31.0,52.0,57.0,30.0,35.0,,30.0,,22.0,32.0,,10.0,6.0,0.0,29.0,30.0,42.0,,58.0,,22.0,24.0,60.0,,,30.0,12.0,41.0,,8.0,61.0,51.0,,31.0,14.0,38.0,50.0,38.0,33.0,9.0,,,50.0,,,,32.0,61.0,13.0,,27.0,18.0,45.0,34.0,48.0,33.0,15.0,,15.0,,29.0,13.0,54.0,43.0,26.0,28.0,44.0,,,,19.0,,16.0,43.0,,56.0,59.0,,60.0,61.0,45,3,2.4183535762483133,18.56077981651376,-0.3279830682421095
9,8,7,13,8,9,11,10,9,6,8,11,5,10,11,13,12,9,24,16,12,19,11,11,12,10,16,13,8,2,12,11,6,4,7,12,16,15,12,17,6,34.0,10,13,12,10,7,18,17,15,14,20,11,10,34,15,11,14,12,12,14,18,16,11,18.0,7,17,15,14,15,19,12,18,12,14,17,19,20,19,8,20,13,8,16,7,21,13,17,17,14,18,9,18,10,13,14,13,20,16,18,15,25,19,12,3,16,1,20,17,19,13,21.0,19,12,13.0,29,22,19,20,25,17,21,16,15,15,17,16,28.0,15,10,16,18,34.0,19,22,19.0,11,23,14,22,14,16,17,10,44.0,43.0,14,39.0,14,13,14,20,27.0,14,0,11,14,33.0,16,23,19,17,19,18,20,9.0,19,22,10,20,12,20.0,10,35,7,22,21,16.0,5,22.0,21,14,17,20,27,22.0,28.0,10,12,20.0,39.0,18,17,12,15,0,14,7,23.0,22,23,16.0,16,18,26,21,,25,12,16,15,37.0,30,21,21,11,15,11,16,28.0,23.0,21,15,23,45.0,4,28,23,21.0,18,19.0,9.0,15,17,,31,23,7,14.0,23.0,17,21,16,20,20,33.0,18,16,18,16,12,13,33.0,23.0,21,34.0,16.0,13.0,15.0,19,34.0,19,21,27,27.0,16.0,25.0,53.0,0.0,14,12.0,18.0,34.0,24,11,60.0,12,23,14,10.0,31.0,,15,22.0,23,20,26.0,14.0,19,45.0,37.0,18,22,18.0,12,22.0,26.0,47.0,22,15,14.0,18,22,10,17,11,23,18,28,25,20,35,10,24.0,20.0,19,21,14,30.0,17.0,31,23,20,50.0,17,24.0,16,16,16,11,18,23.0,17,17.0,16,19,3.0,4,14,21,36.0,25.0,27,17.0,23.0,59.0,10.0,0.0,22,11.0,17,11,23,39.0,17,34.0,56.0,22,,17.0,56.0,25,14.0,15,25,26,27,33,17,21,21.0,13,45.0,21,9,14,38.0,27,,11,17.0,16,3.0,0,38,0.0,25,19.0,31,4.0,18.0,26,45,13.0,38.0,14.0,40.0,25.0,21,25.0,32.0,21,55.0,20,29,60.0,15.0,21,11.0,12,34.0,12.0,22,36,20,29.0,38,32.0,24.0,21,32.0,13,28.0,22,9,17,33.0,14.0,25,23,18,,4.0,30,21,19.0,32,12.0,19.0,54.0,25.0,32.0,22.0,19.0,43.0,,32.0,18,14,28.0,54.0,29.0,10.0,24.0,,36.0,41.0,11,22,36.0,20.0,16,15.0,12.0,,21.0,30.0,28.0,14,19,26.0,38.0,52.0,13.0,20,,23.0,24.0,46,18,26,,61.0,33.0,21.0,18,29,19.0,28.0,18,15.0,16.0,27,56.0,37.0,34.0,18,41.0,21,29.0,58.0,28.0,20,28.0,28,19.0,15,17,21.0,36.0,50.0,57.0,16,25,36,30.0,41,10.0,24,20,24.0,28,19,,13.0,12,22,14.0,15.0,38.0,12.0,11.0,18.0,30,40.0,19,28,21.0,46.0,15.0,25.0,53.0,44.0,17,16,14.0,37.0,34.0,16.0,10.0,22.0,22,27.0,38,11.0,19.0,23.0,10.0,25,23.0,25,,42.0,32.0,30,21.0,47.0,48.0,23,22,27.0,58.0,19.0,15.0,40.0,49.0,36.0,3.0,38.0,9.0,10.0,,28,26,32.0,17.0,35.0,16,30,15,17,22.0,59.0,15,28,42.0,26.0,28,39.0,29.0,39.0,21,53.0,16.0,22.0,10,45.0,,35.0,39.0,54.0,35.0,13,32.0,23,15.0,11,20,23,26.0,31.0,20.0,42.0,30.0,8.0,20.0,34.0,60.0,16.0,12.0,21,24.0,29.0,0,33.0,,21.0,43.0,32,39.0,8.0,,46,31,60.0,10,26.0,22.0,16.0,23.0,22,24.0,13,20,31.0,16,28.0,31,22.0,17.0,30.0,22,36,,32.0,19,23.0,18,14.0,24,31.0,16.0,,57.0,38.0,38.0,53,21.0,54.0,22.0,28.0,24.0,36.0,16.0,26,30,29.0,20,39,47,27.0,50.0,28.0,24.0,,15.0,17,19.0,12.0,32.0,50,13.0,21.0,38.0,,14.0,37,,59.0,17.0,,41.0,21.0,21.0,34,41.0,49.0,20.0,,31.0,10.0,55.0,12,33.0,33.0,29.0,33.0,24,28,,24.0,20,34.0,12.0,35.0,30,17.0,43.0,25.0,,15,20.0,13.0,23.0,39.0,32.0,26.0,32.0,47.0,13.0,51,24,56.0,29.0,8.0,12.0,17.0,9.0,35.0,21.0,,27.0,6,13,31.0,29,22.0,47.0,27.0,31.0,15,15,18.0,18.0,21.0,28.0,21.0,0.0,30.0,37.0,18.0,15,42.0,20.0,20.0,36.0,36.0,16.0,20,7.0,17.0,22.0,5,35.0,18.0,21.0,37.0,27.0,29.0,18,11.0,35,51.0,21.0,40.0,16.0,16.0,29.0,60.0,40.0,34.0,30.0,39.0,24.0,34.0,22.0,20.0,31.0,22.0,31.0,38.0,26.0,41.0,23,31.0,22.0,46,23.0,33.0,16,24.0,19.0,43.0,21,9,16,31.0,30.0,,27.0,19.0,28.0,21.0,14.0,21.0,28,15.0,30,30.0,16,23,22.0,26,,,10.0,16.0,19,17.0,31.0,20.0,34.0,,43.0,19,18.0,27,11.0,23.0,15.0,34,59.0,9,23,21.0,24.0,,19,39.0,,18,21.0,16.0,40.0,17.0,,18.0,34.0,55.0,29,5.0,0.0,47.0,35.0,28.0,,,,29,28.0,14,35.0,24.0,46.0,12.0,25,31,16.0,33.0,16.0,23.0,45.0,41.0,25.0,16.0,14.0,23,42.0,19.0,23,23,23.0,12.0,16,14.0,21.0,9,31.0,25,25,52,21.0,43.0,,21.0,15.0,39.0,24.0,44.0,31.0,48.0,33.0,29.0,32.0,23.0,18.0,8.0,27.0,31.0,,31.0,27.0,34.0,39.0,22.0,,16.0,35.0,17.0,10.0,29.0,,38.0,38.0,28.0,24.0,48.0,27.0,24.0,16.0,42.0,49.0,32.0,44.0,25.0,22.0,35.0,,36.0,44,32.0,61.0,33.0,9,26.0,22.0,,15.0,46.0,,27.0,21.0,23.0,24.0,30.0,56.0,29.0,,22.0,35.0,,45.0,36.0,47.0,42.0,19.0,32.0,38.0,33.0,23.0,34.0,24.0,22,33.0,45.0,18.0,26,,30.0,10.0,13.0,26.0,17.0,23.0,38.0,49.0,20,34.0,45.0,15.0,19.0,37.0,41.0,17,2,62.0,25.0,39.0,29.0,49.0,56.0,35,17,,47.0,30.0,20.0,62.0,35.0,17.0,11.0,60.0,33.0,,,37.0,27.0,,33.0,26,25.0,23.0,21.0,34.0,18.0,26,50.0,26,,30,43.0,28.0,30.0,,20.0,27.0,62.0,31.0,15.0,17.0,41.0,27.0,12,18.0,46.0,16.0,,39.0,51,,55.0,13.0,13.0,23.0,38.0,44.0,21.0,18.0,17,14,,14.0,48.0,25.0,13.0,33.0,18.0,25.0,26,21.0,32.0,54.0,45.0,62.0,33.0,34.0,7.0,12,17.0,24.0,18.0,18,21,31.0,49.0,,25.0,24.0,16.0,,8.0,41.0,24.0,27.0,13.0,18.0,42.0,23.0,10,50.0,29.0,,0.0,35.0,17,,19.0,11,20.0,26.0,27.0,50.0,60.0,,11.0,0.0,13.0,,25.0,31,28.0,23.0,55.0,26.0,30,32.0,61.0,,32.0,20.0,30.0,24.0,14.0,42.0,49.0,41.0,24.0,32.0,24,30,18.0,51.0,31.0,27.0,24.0,18,18,31.0,28.0,18.0,,22.0,24.0,45.0,51.0,22.0,38.0,,44.0,,59.0,12.0,18,16,25.0,6.0,,13.0,,28,,25.0,,,45.0,58.0,25.0,44.0,,18.0,15.0,17.0,34.0,46.0,39.0,48,16.0,24.0,32,0.0,31.0,43.0,51.0,61.0,,41.0,49.0,20.0,,26.0,,11.0,37.0,19.0,15.0,28.0,27.0,24.0,49.0,33.0,31.0,,30.0,46.0,32.0,41.0,27.0,30.0,,52.0,20.0,,28.0,16.0,19.0,39.0,,,15.0,48.0,25.0,21.0,23.0,,30.0,33.0,35.0,34.0,27.0,28.0,58.0,29.0,15.0,11.0,16.0,31.0,43.0,13.0,42.0,29.0,32,40.0,16.0,55.0,43.0,20.0,,33.0,,19.0,29.0,11.0,26.0,41.0,37.0,30.0,37.0,,15.0,41.0,29.0,,38.0,43.0,18.0,15.0,57.0,57.0,23.0,24.0,,38.0,0.0,34.0,,35.0,11.0,33.0,46.0,52.0,25.0,54.0,60.0,61.0,25.0,21.0,,14,43.0,20.0,22.0,46.0,41.0,22.0,13.0,54.0,,20,10.0,26.0,,23.0,47.0,31.0,17.0,12.0,21.0,14.0,56.0,,,23.0,49.0,37.0,18,18.0,24.0,,30.0,,21.0,22.0,19.0,27.0,26.0,25.0,28.0,16.0,42.0,25.0,24.0,,,42.0,31.0,24.0,16.0,46.0,19.0,21,15,15.0,32.0,35.0,26.0,46.0,23.0,31.0,16.0,51.0,28.0,,52.0,26.0,,18.0,36.0,24.0,15.0,38.0,,32.0,21.0,46.0,,23.0,19.0,30.0,22.0,45.0,17.0,27.0,,19.0,14.0,30.0,25.0,52.0,46.0,,20.0,34.0,31.0,40.0,48.0,24.0,16.0,,23.0,20,33.0,14.0,25.0,16.0,18,17.0,43.0,59.0,24.0,23.0,,45.0,31.0,32,13.0,22.0,31.0,23.0,29.0,54.0,56.0,50,40.0,26.0,15.0,49.0,27,28.0,48.0,22.0,45.0,,14.0,,47.0,9.0,,24.0,,21.0,51.0,61.0,22.0,38.0,53.0,47.0,26.0,,61.0,39.0,48.0,31,,59.0,38.0,40.0,46.0,55.0,49.0,52.0,37.0,32.0,40.0,51.0,15.0,17,42.0,,19.0,,49.0,31.0,,26.0,,,20.0,27.0,42.0,26.0,38.0,44.0,28.0,36.0,17.0,,,27.0,30.0,0.0,60.0,15.0,22.0,44.0,29.0,25.0,28.0,10.0,25.0,25.0,32.0,28.0,21.0,,28.0,21.0,0.0,31.0,49.0,26.0,32.0,23.0,35.0,,0.0,28.0,36.0,,20.0,,,20.0,22.0,,45.0,,24.0,58.0,29.0,23.0,30.0,32.0,31.0,26.0,27.0,16,33.0,34.0,11.0,49.0,,19.0,50.0,54.0,14.0,39.0,19.0,25.0,61.0,36.0,55.0,45.0,47.0,23.0,21.0,,29.0,,14.0,39.0,39.0,,14.0,13.0,18.0,43.0,42.0,3.0,30.0,45.0,,20.0,35.0,36.0,23.0,37.0,,25.0,,13.0,37.0,34.0,22.0,54.0,23.0,13.0,30.0,57.0,41.0,18.0,14.0,25.0,31.0,8.0,44.0,52.0,44.0,,,51.0,14.0,32.0,40.0,14.0,23.0,,37.0,21.0,26.0,34.0,14.0,,,,20.0,17.0,22.0,41.0,23.0,45.0,,,,61.0,,,,17.0,33.0,47.0,30.0,43.0,,31.0,3.0,19.0,22.0,43.0,,,17.0,15.0,,28.0,60.0,34.0,,22.0,,,12.0,31.0,33.0,17.0,29.0,,31.0,15.0,44.0,32.0,32.0,46.0,48.0,25.0,28,35.0,62.0,,24.0,27.0,17.0,53.0,,19.0,29.0,35,15.0,36.0,36.0,5.0,52.0,47.0,25.0,26.0,27,53.0,15.0,,43.0,24.0,39.0,21.0,62.0,39.0,,35.0,21.0,51.0,56.0,49.0,36.0,15.0,16.0,33.0,35.0,,19.0,35.0,,60.0,43.0,59.0,,29.0,15.0,48.0,43.0,,42.0,38.0,,,38.0,22.0,34.0,18.0,,34.0,26.0,34.0,,35.0,19.0,23.0,,47.0,13.0,49.0,54.0,,20.0,19.0,0.0,32.0,45.0,30.0,42.0,,5.0,51.0,47.0,26.0,16.0,21.0,22.0,15.0,30.0,59.0,32.0,44.0,22.0,28.0,32.0,,19.0,27.0,39.0,21.0,27.0,28.0,25.0,29.0,52.0,61.0,62.0,59.0,20.0,45.0,50.0,20.0,12.0,27.0,,14.0,30.0,39.0,12.0,27.0,,33.0,47.0,26.0,27.0,21,42.0,56.0,18.0,39.0,21.0,44.0,,,25.0,41.0,23.0,48.0,28.0,61.0,15.0,16.0,15.0,28.0,,36.0,30.0,39.0,28.0,26.0,30.0,33.0,,,42.0,,22.0,31.0,25.0,33.0,38.0,42.0,10.0,,,53.0,0.0,40.0,,23.0,17.0,43.0,24.0,15.0,15.0,56.0,48.0,,50.0,,,25.0,25.0,45.0,24.0,,,36.0,27.0,33.0,47.0,,,44.0,27.0,22.0,51.0,,32.0,32.0,,27.0,,20.0,27.0,23,45.0,18.0,28,12.0,31.0,45.0,28.0,,14.0,61.0,21.0,24.0,38.0,,,29.0,37.0,34.0,3.0,27.0,,,58.0,14.0,46.0,45.0,,32.0,61.0,34.0,38.0,37.0,,51.0,47.0,30.0,36.0,38.0,45.0,42.0,14.0,,,,24.0,59.0,35.0,29.0,47.0,19.0,21.0,36.0,59.0,40.0,,22.0,24.0,35.0,41.0,,35.0,29.0,41.0,32.0,,17.0,45.0,17.0,36.0,52.0,,51.0,35.0,25.0,16.0,55.0,33.0,33.0,28.0,56.0,42.0,27.0,13.0,22.0,,28.0,53.0,,41.0,32.0,,26.0,50.0,33.0,31.0,25.0,6.0,17.0,35.0,23.0,10.0,32.0,51.0,17.0,37.0,52.0,,,37.0,27.0,23.0,21.0,35.0,20.0,21.0,33.0,44.0,,38.0,52.0,60.0,25.0,24.0,,34.0,12.0,,22.0,48.0,17.0,52.0,24.0,0.0,,23.0,24.0,15.0,31.0,31.0,54.0,30.0,53.0,45.0,48.0,,10.0,12.0,14.0,36.0,16.0,14.0,38.0,23.0,,27.0,49.0,57.0,47.0,16.0,41.0,19.0,38.0,,,28.0,42.0,46.0,18.0,46.0,29.0,18.0,30.0,,,35.0,27.0,34.0,24.0,17.0,,41.0,52.0,29.0,,,43.0,27.0,18.0,42.0,30.0,46.0,,15.0,42.0,61.0,27.0,54.0,20.0,24.0,13.0,19.0,20.0,26.0,26.0,40.0,47.0,46.0,46.0,21.0,,,39.0,,30.0,60.0,,51.0,,24.0,,35.0,37.0,50.0,24.0,50.0,21.0,41.0,43.0,51.0,21.0,45.0,25.0,,29.0,,57.0,52.0,17.0,28.0,,26.0,41.0,24.0,,46.0,,,54.0,33.0,,30.0,27.0,33.0,32.0,,40.0,33.0,29.0,41.0,,30.0,38.0,,,,42.0,59.0,30.0,37.0,9.0,,61.0,29.0,,,47.0,37.0,17.0,28.0,,32.0,22.0,40.0,15.0,,15.0,51.0,,49.0,27.0,,,,,21.0,41.0,25.0,17.0,36.0,36.0,32.0,13.0,,34.0,20.0,17.0,54.0,25.0,54.0,13.0,31.0,,,29.0,49.0,26.0,44.0,28.0,23.0,20.0,41.0,21.0,33.0,32.0,,29.0,29.0,33.0,,20.0,51.0,25.0,22.0,19.0,41.0,,33.0,33.0,42.0,47.0,33.0,26.0,13.0,47.0,26.0,26.0,,26.0,18.0,18.0,,,27.0,24.0,,32.0,,41.0,,9.0,13.0,39.0,45.0,39.0,38.0,62.0,4.0,22.0,19.0,21.0,,28.0,49.0,18.0,49.0,28.0,25.0,,16.0,61.0,47.0,39.0,12.0,60.0,,,11.0,,60.0,,28.0,,,39.0,,0.0,7.0,20.0,61.0,37.0,,42.0,16.0,56.0,31.0,,24.0,25.0,,20.0,11.0,,48.0,23.0,58.0,34.0,30.0,,36.0,35.0,,,,17.0,27.0,6.0,33.0,,,21.0,,24.0,,,23.0,40.0,8.0,29.0,57.0,,42.0,27.0,,37.0,16.0,13.0,31.0,20.0,48.0,,57.0,13.0,23.0,40.0,9.0,47.0,50.0,0.0,,29.0,23.0,34.0,,,33.0,43.0,54.0,46.0,31.0,,26.0,25.0,36.0,30.0,50.0,,22.0,,,,,27.0,16.0,31.0,,26.0,24.0,20.0,,,33.0,,61.0,57.0,22.0,31.0,50.0,,13.0,,37.0,57.0,11.0,27.0,42.0,26.0,16.0,45.0,32.0,34.0,16.0,42.0,29.0,26.0,,27.0,42.0,,,18.0,,22.0,26.0,,46.0,31.0,29.0,32.0,36.0,,44.0,23.0,37.0,29.0,32.0,39.0,27.0,,24.0,43.0,30.0,52.0,39.0,,17.0,,10.0,,,58.0,57.0,20.0,32.0,40.0,35.0,,26.0,46.0,44.0,53.0,11.0,25.0,51.0,,39.0,,9.0,34.0,48.0,57.0,57.0,61.0,30.0,55.0,62.0,39.0,55.0,43.0,60.0,26.0,,46.0,60.0,,,56.0,15.0,61.0,13.0,,50.0,43.0,55.0,,26.0,37.0,56.0,41.0,,37.0,,,43.0,43.0,42.0,,,61.0,,14.0,35.0,33.0,,28.0,62.0,34.0,35.0,25.0,51.0,26.0,34.0,,13.0,29.0,,30.0,27.0,47.0,18.0,34.0,34.0,24.0,,38.0,33.0,45.0,56.0,,46.0,,,19.0,,18.0,16.0,22.0,,44.0,43.0,,15.0,16.0,44.0,15.0,46.0,13.0,12.0,19.0,,,0.0,,,27.0,50.0,,,,,,17.0,18.0,35.0,45.0,40.0,37.0,18.0,,43.0,39.0,58.0,22.0,,,52.0,,,19.0,0.0,36.0,,43.0,24.0,,,,49.0,42.0,51.0,13.0,22.0,17.0,28.0,12.0,22.0,12.0,25.0,35.0,48.0,26.0,30.0,42.0,25.0,0.0,24.0,,,32.0,33.0,42.0,,20.0,34.0,,45.0,,37.0,22.0,24.0,29.0,,37.0,15.0,,27.0,,40.0,,,37.0,38.0,55.0,50.0,40.0,,35.0,54.0,,30.0,14.0,18.0,28.0,62.0,19.0,,46.0,0.0,49.0,,19.0,35.0,0.0,44.0,22.0,58.0,22.0,,38.0,47.0,22.0,9.0,33.0,36.0,,,27.0,15.0,,45.0,,55.0,25.0,23.0,15.0,42.0,39.0,41.0,20.0,41.0,54.0,,33.0,,28.0,31.0,,25.0,38.0,33.0,49.0,,39.0,25.0,31.0,33.0,25.0,40.0,36.0,23.0,,56.0,24.0,28.0,37.0,53.0,17.0,20.0,29.0,,,16.0,60.0,35.0,46.0,33.0,29.0,27.0,21.0,23.0,49.0,,27.0,33.0,56.0,30.0,25.0,52.0,51.0,21.0,40.0,52.0,8.0,,,,33.0,32.0,27.0,34.0,30.0,9.0,55.0,15.0,,13.0,53.0,,23.0,0.0,31.0,27.0,,16.0,36.0,44.0,,37.0,61.0,,18.0,22.0,20.0,2.0,24.0,38.0,18.0,52.0,35.0,,20.0,,30.0,,13.0,16.0,7.0,,30.0,18.0,55.0,,,54.0,40.0,,57.0,24.0,22.0,41.0,55.0,,27.0,55.0,,61.0,27.0,,28.0,13.0,38.0,16.0,31.0,57.0,,,47.0,,42.0,,21.0,,10.0,,24.0,60.0,37.0,52.0,45.0,,,50.0,,,60.0,38.0,27.0,,,42.0,17.0,45.0,45.0,24.0,,45.0,38.0,24.0,0.0,34.0,29.0,40.0,25.0,40.0,,34.0,33.0,16.0,17.0,31.0,,26.0,,19.0,,49.0,,46.0,,,43.0,39.0,17.0,17.0,57.0,40.0,,,,27.0,23.0,24.0,,,,41.0,32.0,21.0,,,42.0,35.0,33.0,57.0,,54.0,,24.0,61.0,55.0,32.0,26.0,28.0,0.0,18.0,23.0,37.0,59.0,,6.0,53.0,32.0,19.0,16.0,49.0,28.0,22.0,,39.0,31.0,44.0,40.0,37.0,55.0,60.0,27.0,24.0,50.0,22.0,26.0,21.0,52.0,32.0,20.0,49.0,58.0,42.0,36.0,,42.0,60.0,,21.0,42.0,35.0,29.0,44.0,47.0,,37.0,,46.0,15.0,24.0,,60.0,25.0,26.0,14.0,36.0,16.0,61.0,55.0,53.0,,61.0,40.0,,30.0,29.0,,31.0,,,,0.0,,14.0,33.0,54.0,,35.0,21.0,,,19.0,,46,3,2.5685997171145685,18.09436659994281,-0.3581599844817504
5,1,6,10,6,7,8,9,5,8,5,6,8,6,10,11,16,4,21,16,7,9,6,14,12,5,8,7,8,8,15,7,8,7,7,9,6,15,13,9,14,41.0,7,23,11,11,23,8,9,11,10,8,11,0,24,2,16,10,11,15,10,23,8,11,10.0,16,12,9,13,9,6,26,17,8,15,21,10,17,14,11,19,4,19,16,18,17,10,11,32,0,13,10,39,15,8,14,20,16,14,12,19,11,14,9,13,18,12,11,12,17,2,,12,19,17.0,24,27,7,12,16,13,25,15,15,11,11,16,22.0,11,12,15,12,11.0,11,22,14.0,11,34,22,9,12,20,16,20,31.0,14.0,7,24.0,15,3,10,18,46.0,17,22,13,22,41.0,16,29,16,14,15,21,18,35.0,7,28,4,20,12,30.0,13,15,12,31,19,13.0,14,14.0,23,16,10,16,27,,21.0,27,18,42.0,23.0,13,24,7,20,24,18,10,27.0,26,22,23.0,10,17,31,7,15.0,8,6,21,8,11.0,14,8,13,29,9,15,15,2.0,28.0,8,31,22,55.0,11,16,14,39.0,23,18.0,18.0,15,24,17.0,26,23,14,22.0,18.0,16,23,12,24,19,40.0,24,17,16,12,13,20,23.0,25.0,29,43.0,33.0,37.0,16.0,18,41.0,15,22,26,0.0,36.0,22.0,,35.0,14,32.0,60.0,37.0,16,9,16.0,5,20,15,25.0,13.0,27.0,28,40.0,6,13,25.0,20.0,22,49.0,20.0,6,24,15.0,13,16.0,18.0,19.0,34,26,13.0,21,15,25,15,13,18,15,30,18,32,9,15,10.0,15.0,60,15,12,18.0,22.0,15,31,22,26.0,11,21.0,15,22,35,9,18,22.0,7,25.0,21,19,27.0,21,28,13,26.0,9.0,29,33.0,47.0,,38.0,18.0,12,9.0,39,22,24,20.0,15,,,7,,45.0,,19,32.0,7,32,14,30,19,22,10,17.0,14,40.0,12,34,21,31.0,14,45.0,10,25.0,13,28.0,16,24,46.0,13,11.0,13,17.0,16.0,18,18,16.0,13.0,35.0,26.0,58.0,16,9.0,20.0,15,31.0,24,10,,,16,27.0,10,45.0,46.0,24,20,18,36.0,9,13.0,,20,46.0,18,33.0,25,21,9,23.0,26.0,12,35,17,31.0,24.0,24,14,29.0,25,6.0,27.0,16.0,10.0,,11.0,17.0,47.0,,37.0,16,10,21.0,57.0,20.0,9.0,21.0,,56.0,17.0,16,14,30.0,,13,37.0,4.0,,12.0,,38.0,12,42,28.0,21.0,29.0,25.0,14,,18.0,18.0,38,16,27,32.0,33.0,24.0,21.0,15,16,10.0,31.0,35,54.0,21.0,25,35.0,13.0,28.0,9,23.0,6,25.0,,13.0,17,24.0,30,12.0,11,26,26.0,37.0,11.0,40.0,16,17,13,20.0,45,14.0,8,37,36.0,15,10,27.0,,19,30,48.0,36.0,,30.0,23.0,10.0,21,10.0,17,9,53.0,20.0,34.0,38.0,,49.0,18,7,12.0,,10.0,60.0,34.0,23.0,9,12.0,19,36.0,14.0,10.0,5.0,9,9.0,7,12.0,15.0,35.0,25,41.0,46.0,59.0,29,21,,28.0,52.0,38.0,60.0,19.0,,10.0,14.0,24.0,34.0,14.0,16,24,42.0,6.0,55.0,20,24,16,24,25.0,59.0,13,10,10.0,,12,23.0,32.0,25.0,18,9.0,55.0,,37,60.0,10.0,27.0,19.0,,32.0,23,30.0,9,21.0,17,16,22,36.0,7.0,12.0,,14.0,25.0,6.0,24.0,11.0,28.0,13.0,15,26.0,,23,15.0,,22.0,42.0,16,25.0,28.0,53.0,17,23,35.0,35,15.0,12.0,10.0,40.0,10,11.0,14,16,,24,36.0,17,44.0,20.0,,34,15,29.0,21.0,30,59.0,25,,18,50.0,8.0,,44.0,14.0,8.0,23,18.0,22.0,38.0,15.0,45.0,30.0,17.0,23,14,10.0,16,22,30,,15.0,27.0,,,23.0,11,20.0,25.0,,27,26.0,20.0,16.0,0.0,22.0,25,11.0,50.0,12.0,27.0,28.0,13.0,33.0,17,22.0,28.0,29.0,24.0,52.0,11.0,26.0,20,30.0,35.0,31.0,23.0,14,11,31.0,6.0,22,29.0,,11.0,16,17.0,38.0,9.0,,21,26.0,,7.0,47.0,19.0,19.0,44.0,27.0,35.0,8,19,,31.0,11.0,24.0,24.0,3.0,,35.0,44.0,52.0,13,19,34.0,30,8.0,,38.0,42.0,14,13,53.0,31.0,23.0,6.0,,,15.0,49.0,24.0,20,38.0,49.0,0.0,3.0,46.0,39.0,23,21.0,25.0,19.0,21,23.0,6.0,18.0,45.0,19.0,9.0,32,29.0,22,28.0,12.0,44.0,39.0,5.0,18.0,27.0,52.0,19.0,21.0,,34.0,24.0,10.0,18.0,27.0,29.0,36.0,50.0,10.0,,6,25.0,38.0,31,38.0,38.0,2,32.0,45.0,37.0,26,15,25,17.0,18.0,30.0,37.0,20.0,8.0,23.0,,50.0,11,58.0,39,28.0,17,47,30.0,26,,14.0,37.0,21.0,15,20.0,18.0,17.0,27.0,38.0,54.0,44,,0,22.0,40.0,49.0,21,17.0,12,10,20.0,24.0,15.0,16,14.0,52.0,27,17.0,,39.0,22.0,35.0,11.0,32.0,45.0,27,24.0,22.0,19.0,43.0,35.0,26.0,20.0,20.0,7,30.0,16,16.0,27.0,38.0,41.0,28,12,53.0,,19.0,14.0,34.0,36.0,18.0,22.0,23.0,6,27.0,16.0,22,20,10.0,29.0,11,23.0,38.0,25,27.0,30,3,12,52.0,39.0,45.0,18.0,5.0,22.0,19.0,,31.0,9.0,19.0,29.0,,26.0,46.0,18.0,14.0,17.0,27.0,22.0,,40.0,20.0,39.0,29.0,17.0,19.0,53.0,15.0,15.0,,26.0,23.0,21.0,38.0,36.0,9.0,,,23.0,28.0,29.0,18.0,45.0,23.0,,42.0,34.0,18,32.0,,23.0,11,21.0,32.0,15.0,25.0,19.0,23.0,22.0,11.0,22.0,32.0,29.0,12.0,31.0,23.0,29.0,58.0,26.0,42.0,26.0,,59.0,30.0,,32.0,28.0,26.0,25.0,26.0,23,26.0,35.0,24.0,31,24.0,14.0,38.0,33.0,46.0,45.0,35.0,19.0,,20,31.0,32.0,29.0,42.0,23.0,36.0,19,15,10.0,13.0,18.0,,31.0,17.0,27,22,17.0,37.0,18.0,29.0,20.0,31.0,26.0,2.0,24.0,23.0,31.0,39.0,31.0,37.0,13.0,29.0,15,13.0,23.0,35.0,23.0,40.0,25,44.0,16,44.0,23,21.0,32.0,28.0,33.0,,36.0,19.0,38.0,20.0,30.0,52.0,27.0,24,,50.0,16.0,59.0,,9,9.0,32.0,16.0,45.0,45.0,,0.0,34.0,45.0,15,14,5.0,60.0,15.0,15.0,52.0,19.0,45.0,42.0,31,,0.0,20.0,34.0,24.0,14.0,14.0,30.0,24,19.0,39.0,20.0,15,21,35.0,47.0,42.0,39.0,23.0,41.0,,25.0,33.0,18.0,34.0,16.0,27.0,,41.0,28,18.0,16.0,15.0,37.0,23.0,16,,,7,12.0,21.0,,,,24.0,9.0,16.0,35.0,50.0,,24,32.0,45.0,,60.0,18,29.0,39.0,44.0,23.0,24.0,19.0,31.0,30.0,40.0,47.0,39.0,16.0,32.0,15,11,23.0,21.0,11.0,19.0,,28,32,42.0,51.0,16.0,29.0,,35.0,26.0,43.0,50.0,15.0,25.0,,43.0,15.0,,33,17,26.0,28.0,26.0,6.0,35.0,18,20.0,3.0,30.0,29.0,24.0,16.0,44.0,,26.0,32.0,14.0,60.0,11.0,32.0,56.0,26,23.0,35.0,27,26.0,60.0,22.0,22.0,19.0,36.0,20.0,13.0,18.0,,25.0,21.0,10.0,33.0,25.0,19.0,26.0,21.0,35.0,33.0,33.0,60.0,29.0,28.0,11.0,18.0,31.0,32.0,35.0,17.0,12.0,44.0,31.0,,16.0,24.0,42.0,39.0,26.0,4.0,10.0,40.0,21.0,30.0,16.0,24.0,40.0,,13.0,46.0,,20.0,,12.0,25.0,25.0,22.0,41.0,59.0,27.0,24.0,28,31.0,15.0,10.0,,14.0,22.0,32.0,,53.0,26.0,25.0,16.0,,8.0,40.0,20.0,39.0,37.0,38.0,57.0,34.0,49.0,20.0,34.0,19.0,51.0,33.0,17.0,25.0,,33.0,,11.0,,33.0,47.0,38.0,,39.0,51.0,14.0,18.0,34.0,28.0,,28.0,25,33.0,57.0,14.0,29.0,47.0,56.0,5.0,,23.0,26,,24.0,18.0,49.0,53.0,30.0,15.0,,23.0,26.0,,20.0,48.0,15.0,52.0,47.0,24,23.0,9.0,34.0,33.0,59.0,0.0,17.0,32.0,28.0,,12.0,26.0,4.0,23.0,13.0,24.0,42.0,57.0,28.0,30.0,17.0,37.0,7.0,30.0,25,35,25.0,29.0,51.0,36.0,32.0,34.0,50.0,,,,,34.0,39.0,42.0,34.0,58.0,40.0,22.0,,49.0,34.0,42.0,46.0,29.0,8.0,20.0,40.0,30.0,,13.0,47.0,26.0,10.0,35.0,,27.0,25.0,45.0,11.0,20.0,23.0,47.0,35.0,45.0,39.0,30.0,,32.0,35,42.0,23.0,34.0,19.0,35,18.0,46.0,,16.0,10.0,28.0,38.0,,5,33.0,0.0,0.0,,45.0,4.0,58.0,20,40.0,,32.0,,29,38.0,20.0,,39.0,57.0,13.0,28.0,10.0,20.0,31.0,23.0,,21.0,52.0,,25.0,50.0,25.0,29.0,,,42.0,,38.0,44,40.0,,26.0,12.0,38.0,16.0,19.0,17.0,45.0,,12.0,43.0,21.0,28,26.0,,15.0,,13.0,38.0,38.0,26.0,60.0,26.0,20.0,34.0,25.0,48.0,0.0,59.0,58.0,27.0,13.0,54.0,,,,37.0,12.0,,21.0,20.0,,48.0,31.0,14.0,23.0,29.0,34.0,21.0,34.0,18.0,23.0,,5.0,24.0,23.0,29.0,52.0,9.0,41.0,13.0,42.0,34.0,28.0,49.0,27.0,16.0,0.0,38.0,24.0,23.0,2.0,0.0,30.0,10.0,0.0,32.0,,29.0,38.0,19.0,31.0,21,53.0,35.0,10.0,30.0,38.0,36.0,25.0,,21.0,45.0,34.0,31.0,,39.0,26.0,50.0,22.0,21.0,38.0,30.0,28.0,50.0,27.0,23.0,51.0,19.0,7.0,31.0,49.0,14.0,35.0,,,19.0,23.0,4.0,20.0,39.0,28.0,28.0,48.0,22.0,23.0,32.0,,,,35.0,12.0,17.0,,,17.0,39.0,27.0,30.0,37.0,,24.0,18.0,29.0,,,44.0,17.0,37.0,46.0,25.0,10.0,34.0,46.0,51.0,10.0,30.0,20.0,44.0,50.0,14.0,,,33.0,59.0,32.0,,19.0,44.0,,30.0,0.0,24.0,19.0,52.0,28.0,34.0,,34.0,,22.0,34.0,,12.0,36.0,22.0,,54.0,33.0,21.0,39.0,14.0,20.0,9.0,51.0,,37.0,,12.0,19.0,38.0,40.0,31.0,,32.0,,,16.0,,31.0,,16,25.0,,36.0,23.0,22.0,11.0,36.0,24.0,49.0,24.0,17,25.0,30.0,25.0,25.0,25.0,34.0,38.0,20.0,28,25.0,53.0,,24.0,29.0,44.0,,8.0,30.0,58.0,23.0,25.0,46.0,27.0,44.0,,0.0,25.0,21.0,40.0,,18.0,37.0,18.0,49.0,21.0,38.0,25.0,30.0,36.0,5.0,30.0,,53.0,,30.0,11.0,0.0,,49.0,27.0,44.0,,26.0,51.0,42.0,24.0,,6.0,51.0,7.0,16.0,13.0,33.0,46.0,40.0,28.0,43.0,55.0,43.0,29.0,16.0,20.0,18.0,43.0,44.0,16.0,20.0,32.0,36.0,46.0,58.0,55.0,25.0,,26.0,56.0,27.0,37.0,33.0,44.0,58.0,7.0,9.0,16.0,13.0,25.0,,26.0,19.0,16.0,43.0,15.0,27.0,,15.0,26.0,26.0,23.0,,8.0,53.0,57.0,11.0,19.0,,23.0,11.0,36,40.0,51.0,37.0,55.0,21.0,43.0,49.0,40.0,,31.0,,,47.0,31.0,42.0,23.0,9.0,8.0,,24.0,,,26.0,18.0,43.0,,,14.0,38.0,42.0,51.0,33.0,21.0,,36.0,36.0,20.0,7.0,,,39.0,20.0,0.0,,30.0,46.0,32.0,37.0,27.0,28.0,,13.0,44.0,10.0,19.0,31.0,24.0,,31.0,20.0,10.0,39.0,54.0,46.0,54.0,,,37.0,,30.0,12.0,,30.0,34.0,51.0,40.0,,,14.0,12,31.0,,19,9.0,18.0,35.0,25.0,15.0,,17.0,,19.0,,,22.0,52.0,32.0,32.0,36.0,38.0,,22.0,30.0,,29.0,27.0,,18.0,27.0,10.0,32.0,27.0,45.0,18.0,20.0,20.0,29.0,,39.0,,28.0,33.0,26.0,14.0,,16.0,24.0,48.0,21.0,28.0,28.0,33.0,45.0,,51.0,18.0,16.0,38.0,52.0,13.0,46.0,29.0,31.0,24.0,9.0,34.0,28.0,,,48.0,,13.0,27.0,,36.0,27.0,14.0,34.0,33.0,29.0,16.0,33.0,13.0,14.0,,,16.0,27.0,40.0,52.0,,26.0,29.0,29.0,38.0,23.0,17.0,7.0,39.0,,33.0,,48.0,13.0,,49.0,17.0,,32.0,26.0,8.0,22.0,,14.0,11.0,25.0,43.0,46.0,17.0,,30.0,20.0,59.0,33.0,16.0,,19.0,31.0,41.0,23.0,20.0,16.0,24.0,23.0,34.0,38.0,,,46.0,5.0,43.0,41.0,8.0,24.0,16.0,51.0,12.0,10.0,17.0,24.0,,26.0,60.0,48.0,23.0,,26.0,25.0,36.0,36.0,60.0,14.0,28.0,46.0,52.0,48.0,44.0,17.0,36.0,47.0,43.0,18.0,22.0,53.0,25.0,20.0,40.0,47.0,60.0,26.0,27.0,,,0.0,,24.0,,41.0,46.0,28.0,53.0,17.0,11.0,48.0,36.0,53.0,,5.0,30.0,,29.0,19.0,7.0,52.0,29.0,,14.0,58.0,17.0,17.0,,30.0,,40.0,43.0,10.0,32.0,56.0,39.0,60.0,53.0,18.0,36.0,40.0,5.0,17.0,39.0,23.0,27.0,11.0,25.0,31.0,25.0,45.0,36.0,42.0,,17.0,57.0,,31.0,38.0,59.0,,41.0,42.0,,20.0,44.0,,50.0,48.0,10.0,,60.0,23.0,22.0,29.0,51.0,16.0,49.0,36.0,,45.0,23.0,19.0,38.0,,15.0,15.0,,34.0,58.0,28.0,35.0,,21.0,17.0,38.0,25.0,52.0,,7.0,11.0,36.0,17.0,35.0,42.0,54.0,,40.0,37.0,38.0,47.0,29.0,23.0,30.0,,50.0,29.0,,38.0,51.0,15.0,51.0,24.0,,,32.0,24.0,,24.0,,,58.0,34.0,17.0,37.0,6.0,14.0,46.0,35.0,50.0,37.0,26.0,19.0,35.0,33.0,43.0,,14.0,32.0,54.0,,,29.0,7.0,,20.0,22.0,31.0,50.0,34.0,,30.0,,26.0,,60.0,9.0,53.0,15.0,18.0,30.0,38.0,18.0,,39.0,,16.0,24.0,,38.0,11.0,6.0,53.0,17.0,28.0,33.0,28.0,33.0,,6.0,39.0,48.0,37.0,,,41.0,,30.0,17.0,,,,18.0,41.0,39.0,,50.0,,30.0,,24.0,,34.0,27.0,,,,,,59.0,41.0,,,49.0,25.0,,29.0,44.0,23.0,33.0,60.0,40.0,33.0,56.0,40.0,26.0,54.0,58.0,47.0,22.0,16.0,24.0,,24.0,,11.0,37.0,,49.0,54.0,25.0,13.0,19.0,0.0,43.0,24.0,,51.0,21.0,46.0,35.0,25.0,,,28.0,5.0,,,,36.0,,38.0,26.0,27.0,20.0,13.0,17.0,26.0,25.0,,38.0,9.0,31.0,,22.0,28.0,50.0,,20.0,55.0,12.0,13.0,33.0,,12.0,19.0,20.0,29.0,,17.0,25.0,24.0,,19.0,,,41.0,,,58.0,52.0,27.0,,,47.0,,53.0,57.0,,29.0,6.0,,,31.0,,22.0,16.0,30.0,,34.0,39.0,12.0,18.0,,,23.0,,27.0,35.0,16.0,58.0,27.0,,51.0,58.0,60.0,49.0,32.0,25.0,0.0,46.0,16.0,47.0,,28.0,17.0,20.0,15.0,46.0,38.0,22.0,29.0,5.0,49.0,27.0,14.0,20.0,22.0,23.0,37.0,,41.0,,30.0,,10.0,14.0,44.0,19.0,6.0,28.0,36.0,11.0,2.0,32.0,,60.0,19.0,31.0,28.0,21.0,41.0,,,23.0,11.0,28.0,,34.0,,14.0,55.0,38.0,17.0,23.0,53.0,8.0,32.0,36.0,,,32.0,49.0,19.0,27.0,32.0,,38.0,37.0,,42.0,11.0,,,22.0,28.0,42.0,16.0,36.0,45.0,,34.0,24.0,27.0,29.0,21.0,20.0,19.0,,19.0,35.0,22.0,34.0,,8.0,40.0,,53.0,11.0,25.0,51.0,38.0,18.0,31.0,,54.0,,,26.0,28.0,59.0,30.0,,21.0,,,32.0,,14.0,54.0,52.0,14.0,,22.0,,43.0,38.0,21.0,29.0,48.0,24.0,,25.0,23.0,,56.0,,46.0,2.0,12.0,,,34.0,,45.0,28.0,41.0,19.0,59.0,,24.0,,,33.0,30.0,,14.0,35.0,12.0,39.0,39.0,,27.0,31.0,31.0,23.0,37.0,58.0,,60.0,36.0,41.0,17.0,,52.0,33.0,,18.0,34.0,50.0,17.0,,18.0,31.0,40.0,,38.0,,15.0,11.0,,32.0,30.0,24.0,46.0,32.0,46.0,40.0,,26.0,,,6.0,,31.0,50.0,41.0,30.0,0.0,,59.0,36.0,17.0,26.0,53.0,44.0,58.0,37.0,,43.0,18.0,,36.0,,23.0,33.0,,0.0,39.0,15.0,53.0,,,,18.0,45.0,19.0,18.0,23.0,43.0,29.0,20.0,27.0,15.0,27.0,17.0,,59.0,,50.0,24.0,10.0,33.0,0.0,29.0,11.0,45.0,,23.0,41.0,44.0,46.0,34.0,40.0,51.0,10.0,53.0,,26.0,53.0,49.0,38.0,30.0,20.0,51.0,21.0,36.0,28.0,5.0,14.0,7.0,,32.0,43.0,45.0,57.0,57.0,26.0,45.0,,42.0,48.0,48.0,0.0,,31.0,38.0,,36.0,24.0,34.0,58.0,,,11.0,25.0,35.0,,19.0,34.0,57.0,40.0,,41.0,33.0,15.0,34.0,,,50.0,28.0,33.0,55.0,46.0,27.0,35.0,42.0,,51.0,20.0,32.0,31.0,9.0,36.0,33.0,7.0,52.0,,58.0,0.0,,52.0,22.0,,46.0,,,28.0,,17.0,,0.0,9.0,,32.0,25.0,52.0,13.0,19.0,31.0,21.0,36.0,,24.0,19.0,,,23.0,,,33.0,45.0,22.0,21.0,22.0,,21.0,,28.0,54.0,44.0,35.0,,43.0,23.0,,,,0.0,20.0,19.0,,43.0,32.0,28.0,32.0,24.0,,16.0,,24.0,,27.0,36.0,34.0,27.0,19.0,,46.0,21.0,46.0,,,49.0,35.0,44.0,45.0,,,11.0,,45.0,32.0,21.0,,37.0,31.0,50.0,53.0,,,45.0,16.0,56.0,,32.0,56.0,19.0,8.0,9.0,24.0,56.0,17.0,25.0,57.0,,18.0,,41.0,23.0,42.0,35.0,51.0,51.0,33.0,10.0,,60.0,28.0,,29.0,38.0,,23.0,46.0,,13.0,11.0,56.0,38.0,33.0,12.0,40.0,56.0,20.0,22.0,17.0,9.0,25.0,17.0,38.0,21.0,26.0,,,25.0,32.0,,,,19.0,40.0,23.0,,38.0,48.0,,,,30.0,,,12.0,28.0,32.0,8.0,,13.0,11.0,42.0,40.0,,,54.0,56.0,23.0,12.0,32.0,,16.0,5.0,54.0,11.0,49.0,24.0,34.0,47.0,52.0,18.0,53.0,47.0,9.0,42.0,38.0,7.0,23.0,21.0,31.0,58.0,19.0,,0.0,,12.0,36.0,,48.0,39.0,27.0,41.0,51.0,,11.0,47,3,2.5118219749652293,17.885526691407364,-0.3471466481953406
5,5,7,8,7,4,5,8,7,9,10,9,0,7,13,8,13,0,36,18,8,13,13,8,12,16,14,6,10,16,13,10,6,12,11,11,21,14,1,8,12,31.0,16,18,9,14,19,24,14,15,13,12,13,16,22,16,14,8,9,3,14,11,21,15,25.0,9,15,15,10,11,14,14,16,11,11,13,12,15,14,11,15,13,13,2,15,15,13,23,22,17,13,19,17,9,24,15,14,19,15,13,20,20,12,19,10,14,11,20,12,6,13,20.0,8,16,24.0,28,15,16,22,16,15,23,13,18,16,13,17,8.0,19,8,19,9,15.0,12,20,25.0,13,15,11,17,16,22,14,18,15.0,40.0,25,23.0,9,18,9,12,,15,20,23,19,46.0,18,20,36,18,12,11,5,30.0,13,22,14,23,21,33.0,11,29,7,21,22,11.0,21,27.0,13,12,13,14,8,,15.0,15,24,22.0,22.0,23,23,17,18,40,7,11,15.0,20,12,,11,20,26,22,18.0,13,8,13,0,,0,11,18,24,15,12,18,42.0,9.0,19,21,17,53.0,13,12,9,17.0,18,10.0,6.0,24,23,,17,19,13,26.0,,6,14,16,20,17,30.0,18,13,21,15,14,14,18.0,17.0,20,,48.0,30.0,8.0,33,13.0,18,11,22,,,27.0,,32.0,12,30.0,14.0,29.0,14,53,15.0,27,35,32,19.0,48.0,,19,29.0,15,20,16.0,31.0,30,22.0,18.0,11,15,26.0,18,20.0,20.0,26.0,32,19,19.0,17,16,18,14,18,25,6,22,14,19,11,14,55.0,17.0,33,23,1,26.0,12.0,35,22,15,26.0,21,46.0,14,19,13,13,30,,20,32.0,19,24,22.0,17,23,21,33.0,,29,22.0,,14.0,23.0,19.0,17,28.0,30,10,11,19.0,25,48.0,25.0,21,,39.0,,23,,14,25,26,28,23,11,24,21.0,0,21.0,21,14,22,30.0,19,,14,29.0,17,,26,29,24.0,27,11.0,20,23.0,8.0,42,28,,45.0,5.0,14.0,22.0,24,21.0,13.0,16,51.0,18,14,11.0,17.0,21,27.0,19,31.0,29.0,16,25,27,55.0,21,21.0,48.0,17,37.0,16,8.0,12,12,14,31.0,20.0,19,20,22,18.0,26.0,34,27,13.0,13,28.0,46.0,30.0,,54.0,30.0,38.0,20.0,46.0,17.0,16,16,23.0,,44.0,46.0,43.0,24.0,48.0,18.0,23,20,41.0,25.0,16,41.0,58.0,37.0,22.0,27.0,19.0,14,18,18.0,0.0,,16.0,17,56.0,35.0,58.0,27,13,19,51.0,,42.0,23.0,10,18,16.0,,24,39.0,54.0,28,41.0,37.0,45.0,20,38.0,28,30.0,13.0,31.0,23,15.0,11,24.0,29,29,50.0,8.0,,45.0,23,25,14,17.0,25,35.0,29,23,16.0,19,8,12.0,21.0,2,35,0.0,34.0,14.0,23.0,41.0,15.0,29,30.0,14,1,24.0,23.0,17.0,29.0,22.0,34.0,2,25,22.0,20.0,21.0,11.0,39.0,35.0,19,28.0,17,37.0,43.0,34.0,33.0,28,8.0,22,29.0,26.0,26.0,19,47.0,,0.0,26,25,55.0,48.0,26.0,33.0,34.0,18.0,49.0,,13.0,0.0,23.0,23.0,26,13,29.0,17.0,32.0,17,30,20,20,14.0,,2,12,32.0,51.0,18,37.0,24.0,9.0,22,33.0,,31.0,12,,25.0,23.0,,13.0,39.0,16,15.0,20,16.0,16,12,13,56.0,27.0,20.0,16.0,30.0,33.0,44.0,36.0,12.0,28.0,0.0,11,27.0,26.0,26,20.0,18.0,34.0,15.0,17,30.0,18.0,,24,13,,29,23.0,23.0,33.0,15.0,8,16.0,30,13,37.0,22,46.0,22,29.0,19.0,28.0,21,29,36.0,51.0,26,23.0,27,40.0,19,39.0,28.0,60.0,,23.0,16.0,30,20.0,16.0,29.0,11.0,40.0,59.0,26.0,16,21,41.0,21,18,22,27.0,14.0,28.0,35.0,25.0,32.0,15,,20.0,26.0,24,31.0,41.0,28.0,,35.0,28,,11.0,44.0,,23.0,9.0,25.0,26,,,35.0,20.0,15.0,37.0,51.0,32,25.0,40.0,21.0,14.0,24,21,17.0,21.0,27,54.0,20.0,29.0,23,35.0,36.0,24.0,43.0,20,,20.0,18.0,47.0,41.0,24.0,19.0,35.0,30.0,36,24,23.0,43.0,41.0,26.0,5.0,24.0,22.0,38.0,13.0,27.0,25,18,23.0,29,17.0,20.0,20.0,27.0,18,9,47.0,21.0,20.0,39.0,7.0,18.0,,38.0,59.0,17,16.0,24.0,,23.0,31.0,8.0,31,26.0,33.0,21.0,17,20.0,14.0,35.0,22.0,23.0,25.0,30,16.0,22,,13.0,43.0,21.0,47.0,27.0,26.0,29.0,19.0,28.0,41.0,44.0,14.0,32.0,,35.0,29.0,25.0,,33.0,44.0,20,26.0,29.0,25,50.0,17.0,14,20.0,44.0,36.0,25,27,21,33.0,19.0,39.0,38.0,20.0,25.0,8.0,28.0,31.0,13,32.0,29,31.0,21,30,18.0,25,22.0,28.0,23.0,19.0,13,60.0,14.0,19.0,53.0,40.0,,21,21.0,18,22.0,57.0,22.0,9,28.0,28,12,24.0,1.0,11.0,6,23.0,47.0,24,21.0,31.0,31.0,34.0,54.0,47.0,35.0,30.0,23,29.0,28.0,19.0,48.0,54.0,19.0,50.0,33.0,25,30.0,20,14.0,31.0,19.0,,17,24,25.0,21.0,46.0,44.0,26.0,24.0,22.0,3.0,15.0,21,28.0,29.0,27,22,49.0,13.0,18,21.0,42.0,12,25.0,24,34,37,,35.0,,19.0,35.0,22.0,23.0,,27.0,27.0,29.0,22.0,20.0,18.0,27.0,12.0,44.0,13.0,11.0,25.0,22.0,20.0,,14.0,27.0,,24.0,14.0,37.0,8.0,,30.0,25.0,,12.0,21.0,46.0,59.0,45.0,,19.0,32.0,51.0,20.0,52.0,46.0,36.0,59.0,33,25.0,55.0,21.0,23,31.0,40.0,24.0,38.0,29.0,29.0,25.0,17.0,18.0,0.0,35.0,,29.0,25.0,22.0,51.0,30.0,21.0,55.0,34.0,34.0,14.0,,27.0,27.0,38.0,,18.0,16,29.0,35.0,21.0,27,25.0,22.0,13.0,52.0,,16.0,46.0,18.0,,14,27.0,33.0,35.0,52.0,17.0,37.0,22,27,17.0,,27.0,21.0,13.0,24.0,32,14,16.0,36.0,51.0,,,22.0,30.0,37.0,42.0,48.0,24.0,,24.0,9.0,24.0,28.0,16,30.0,6.0,39.0,33.0,27.0,21,,38,,41,18.0,23.0,35.0,,10.0,31.0,23.0,19.0,57.0,31.0,5.0,14.0,34,23.0,,23.0,13.0,27.0,36,,18.0,23.0,26.0,30.0,40.0,44.0,43.0,22.0,20,26,20.0,43.0,0.0,50.0,,19.0,,25.0,13,32.0,,40.0,40.0,43.0,45.0,24.0,23.0,26,19.0,13.0,39.0,29,15,16.0,31.0,34.0,45.0,20.0,23.0,,56.0,41.0,31.0,,12.0,12.0,29.0,28.0,25,14.0,34.0,18.0,,24.0,22,17.0,,20,52.0,19.0,,13.0,30.0,,15.0,48.0,19.0,58.0,49.0,12,15.0,30.0,29.0,12.0,25,29.0,33.0,30.0,25.0,13.0,19.0,29.0,23.0,13.0,11.0,15.0,27.0,36.0,23,18,16.0,16.0,,28.0,,19,24,31.0,,,10.0,18.0,59.0,11.0,16.0,26.0,43.0,42.0,27.0,44.0,26.0,17.0,39,22,13.0,,11.0,,31.0,35,,19.0,10.0,36.0,34.0,29.0,37.0,,28.0,11.0,27.0,30.0,50.0,29.0,,37,7.0,29.0,24,27.0,22.0,22.0,20.0,29.0,57.0,8.0,14.0,16.0,43.0,25.0,,22.0,49.0,58.0,15.0,46.0,29.0,22.0,28.0,,,25.0,34.0,,46.0,26.0,26.0,49.0,52.0,25.0,12.0,,31.0,59.0,33.0,7.0,25.0,23.0,24.0,31.0,46.0,50.0,23.0,,29.0,,29.0,11.0,9.0,38.0,21.0,24.0,34.0,30.0,,6.0,15.0,58.0,21.0,40.0,23,52.0,22.0,33.0,,28.0,47.0,17.0,22.0,19.0,31.0,15.0,19.0,49.0,19.0,34.0,10.0,31.0,49.0,30.0,17.0,37.0,36.0,22.0,15.0,17.0,44.0,39.0,20.0,24.0,42.0,29.0,9.0,34.0,22.0,,17.0,60.0,39.0,11.0,,,31.0,37.0,28.0,15.0,47.0,38,27.0,45.0,48.0,29.0,37.0,32.0,19.0,36.0,31.0,43,52.0,30.0,30.0,45.0,55.0,27.0,36.0,37.0,19.0,46.0,19.0,57.0,11.0,36.0,45.0,33.0,20,39.0,41.0,18.0,,16.0,32.0,18.0,31.0,24.0,,22.0,23.0,37.0,17.0,30.0,26.0,14.0,47.0,22.0,10.0,45.0,29.0,26.0,14.0,12,19,24.0,23.0,27.0,21.0,29.0,13.0,45.0,21.0,37.0,18.0,28.0,33.0,45.0,34.0,18.0,34.0,44.0,42.0,24.0,31.0,18.0,53.0,21.0,35.0,22.0,28.0,30.0,13.0,28.0,7.0,21.0,38.0,25.0,,,24.0,37.0,17.0,27.0,8.0,,36.0,46.0,15.0,45.0,12.0,,28.0,38,20.0,0.0,37.0,19.0,22,23.0,45.0,29.0,55.0,57.0,47.0,33.0,,2,,43.0,11.0,43.0,47.0,21.0,30.0,35,26.0,18.0,36.0,,22,26.0,13.0,37.0,27.0,47.0,11.0,28.0,17.0,12.0,26.0,14.0,36.0,24.0,42.0,36.0,25.0,,,30.0,,13.0,30.0,57.0,22.0,13,36.0,,37.0,29.0,21.0,20.0,32.0,48.0,,25.0,22.0,17.0,24.0,19,26.0,,28.0,48.0,,4.0,,30.0,32.0,,25.0,28.0,0.0,20.0,53.0,,,48.0,41.0,22.0,23.0,16.0,51.0,53.0,,39.0,21.0,37.0,,22.0,20.0,25.0,31.0,40.0,20.0,52.0,22.0,16.0,,53.0,60.0,27.0,36.0,27.0,28.0,36.0,36.0,25.0,27.0,38.0,22.0,12.0,35.0,,29.0,35.0,15.0,22.0,21.0,24.0,12.0,48.0,8.0,47.0,45.0,11.0,52.0,29.0,42.0,15,33.0,,38.0,0.0,,22.0,37.0,25.0,34.0,44.0,47.0,39.0,,,38.0,,28.0,32.0,29.0,35.0,27.0,35.0,24.0,25.0,21.0,,10.0,,49.0,20.0,,23.0,50.0,18.0,53.0,,25.0,,60.0,,26.0,35.0,,,44.0,30.0,,23.0,18.0,21.0,0.0,14.0,8.0,40.0,35.0,17.0,7.0,,,20.0,33.0,27.0,41.0,55.0,22.0,21.0,22.0,13.0,25.0,46.0,5.0,35.0,31.0,29.0,12.0,21.0,49.0,42.0,30.0,49.0,28.0,33.0,,37.0,31.0,11.0,31.0,,16.0,29.0,31.0,46.0,45.0,27.0,51.0,45.0,,46.0,19.0,34.0,12.0,,22.0,43.0,23.0,15.0,,38.0,,23.0,23.0,20.0,0.0,50.0,21.0,32.0,44.0,27.0,37.0,55.0,28.0,52.0,19.0,15.0,34.0,34.0,26.0,29.0,23,0.0,,18.0,35.0,42.0,18.0,28.0,21.0,18.0,34.0,31,,21.0,16.0,29.0,33.0,,39.0,55.0,26,23.0,,16.0,48.0,,46.0,30.0,47.0,44.0,,48.0,43.0,25.0,25.0,47.0,18.0,39.0,,39.0,,29.0,38.0,10.0,,,30.0,21.0,42.0,,51.0,37.0,,,,,,34.0,,44.0,42.0,18.0,26.0,,26.0,26.0,43.0,17.0,43.0,,36.0,36.0,21.0,52.0,,,11.0,21.0,30.0,20.0,25.0,25.0,30.0,39.0,44.0,,,15.0,13.0,25.0,,13.0,36.0,59.0,21.0,53.0,49.0,4.0,37.0,26.0,19.0,44.0,27.0,14.0,,60.0,23.0,45.0,41.0,44.0,42.0,20.0,11.0,59.0,37.0,19.0,,26.0,8.0,16.0,43.0,29.0,11.0,31.0,,53.0,32.0,37.0,33.0,32,19.0,26.0,32.0,40.0,52.0,39.0,17.0,34.0,0.0,29.0,,50.0,21.0,29.0,7.0,19.0,49.0,,51.0,41.0,30.0,39.0,23.0,22.0,,30.0,,,25.0,38.0,28.0,25.0,13.0,40.0,34.0,54.0,,48.0,,20.0,58.0,10.0,,50.0,24.0,,25.0,36.0,30.0,17.0,12.0,33.0,9.0,,35.0,,15.0,,,22.0,36.0,17.0,51.0,39.0,52.0,,56.0,34.0,,36.0,15.0,25.0,26.0,20.0,15.0,19.0,,29.0,53.0,11,12.0,44.0,36,35.0,,49.0,18.0,33.0,24.0,51.0,17.0,22.0,,31.0,,27.0,,47.0,52.0,,,,31.0,21.0,0.0,56.0,36.0,30.0,57.0,32.0,18.0,56.0,17.0,36.0,,36.0,36.0,19.0,,36.0,23.0,29.0,39.0,46.0,10.0,,37.0,,20.0,18.0,13.0,,21.0,54.0,45.0,,,15.0,46.0,57.0,26.0,40.0,12.0,25.0,23.0,28.0,42.0,,23.0,33.0,49.0,50.0,,15.0,38.0,22.0,31.0,38.0,29.0,26.0,14.0,,23.0,23.0,29.0,36.0,34.0,43.0,15.0,40.0,42.0,7.0,,36.0,19.0,37.0,,,38.0,19.0,,34.0,16.0,14.0,,41.0,44.0,53.0,28.0,30.0,8.0,10.0,57.0,55.0,,32.0,38.0,,26.0,,,23.0,,40.0,31.0,,54.0,,38.0,12.0,,10.0,40.0,,23.0,20.0,48.0,21.0,39.0,1.0,58.0,35.0,10.0,,,43.0,46.0,46.0,0.0,,39.0,34.0,17.0,10.0,,,28.0,,30.0,,,21.0,30.0,29.0,23.0,47.0,14.0,,19.0,48.0,9.0,31.0,,37.0,25.0,15.0,0.0,1.0,,30.0,10.0,25.0,24.0,41.0,28.0,39.0,,,21.0,54.0,35.0,37.0,10.0,,13.0,,,56.0,38.0,40.0,42.0,14.0,18.0,,28.0,18.0,12.0,26.0,16.0,48.0,36.0,35.0,44.0,40.0,56.0,48.0,15.0,42.0,38.0,,38.0,21.0,38.0,,,,21.0,17.0,,,40.0,17.0,47.0,24.0,36.0,27.0,12.0,33.0,14.0,42.0,15.0,33.0,30.0,46.0,58.0,,,59.0,11.0,30.0,,,13.0,22.0,38.0,27.0,18.0,55.0,45.0,30.0,,13.0,20.0,44.0,,15.0,,48.0,10.0,21.0,42.0,21.0,24.0,17.0,32.0,43.0,56.0,47.0,42.0,31.0,54.0,48.0,24.0,24.0,60.0,48.0,32.0,41.0,35.0,,17.0,44.0,,,7.0,,0.0,41.0,42.0,28.0,,59.0,,49.0,58.0,,31.0,45.0,23.0,26.0,37.0,,45.0,27.0,29.0,,28.0,59.0,22.0,21.0,54.0,31.0,44.0,21.0,47.0,55.0,,21.0,31.0,26.0,0.0,0.0,42.0,30.0,19.0,38.0,16.0,,18.0,,,43.0,,34.0,28.0,47.0,16.0,10.0,20.0,14.0,46.0,38.0,30.0,22.0,26.0,26.0,,13.0,,9.0,51.0,32.0,52.0,,51.0,9.0,16.0,50.0,19.0,21.0,15.0,14.0,30.0,46.0,26.0,,28.0,,,29.0,43.0,15.0,19.0,,,24.0,,28.0,54.0,,38.0,25.0,,30.0,,18.0,,,,,38.0,55.0,45.0,26.0,0.0,48.0,,,18.0,20.0,,31.0,,18.0,,40.0,24.0,,18.0,48.0,,38.0,49.0,37.0,42.0,54.0,29.0,8.0,28.0,,57.0,38.0,33.0,53.0,42.0,,39.0,60.0,54.0,45.0,57.0,0.0,30.0,,19.0,21.0,15.0,48.0,44.0,6.0,28.0,55.0,26.0,12.0,32.0,,33.0,,24.0,25.0,37.0,,40.0,50.0,10.0,,26.0,34.0,24.0,36.0,53.0,31.0,0.0,,23.0,58.0,55.0,21.0,29.0,50.0,33.0,,,60.0,37.0,41.0,32.0,46.0,,38.0,48.0,,57.0,59.0,35.0,,12.0,24.0,40.0,,54.0,,19.0,23.0,,37.0,43.0,21.0,35.0,46.0,56.0,,30.0,48.0,50.0,6.0,28.0,,50.0,,40.0,,33.0,,30.0,,,21.0,19.0,25.0,45.0,35.0,38.0,7.0,,,38.0,35.0,17.0,0.0,,38.0,27.0,56.0,34.0,13.0,27.0,39.0,,,,,,59.0,37.0,18.0,23.0,39.0,18.0,20.0,27.0,48.0,24.0,23.0,,,54.0,25.0,,44.0,9.0,34.0,,32.0,41.0,54.0,26.0,48.0,8.0,,,28.0,41.0,57.0,,,36.0,,,,30.0,35.0,37.0,29.0,12.0,31.0,,47.0,21.0,17.0,21.0,,9.0,,,44.0,,21.0,18.0,13.0,,22.0,26.0,49.0,46.0,47.0,37.0,23.0,,,15.0,,,,,21.0,14.0,34.0,34.0,17.0,43.0,16.0,23.0,,,47.0,41.0,59.0,,24.0,23.0,35.0,,,,23.0,52.0,45.0,,,17.0,53.0,52.0,,,12.0,45.0,,9.0,36.0,,28.0,20.0,,,51.0,10.0,47.0,23.0,37.0,51.0,,40.0,35.0,35.0,26.0,41.0,19.0,34.0,,30.0,16.0,,33.0,34.0,,46.0,28.0,51.0,,26.0,26.0,21.0,56.0,60.0,36.0,42.0,47.0,56.0,,29.0,11.0,33.0,,,50.0,57.0,41.0,2.0,6.0,31.0,42.0,11.0,,,21.0,27.0,42.0,16.0,26.0,43.0,43.0,57.0,44.0,31.0,27.0,,,21.0,28.0,38.0,,14.0,50.0,36.0,51.0,60.0,,54.0,,47.0,27.0,45.0,31.0,40.0,34.0,57.0,,14.0,40.0,,,35.0,9.0,31.0,44.0,,,6.0,12.0,40.0,,31.0,25.0,28.0,,30.0,30.0,49.0,,13.0,21.0,,,,16.0,26.0,19.0,57.0,58.0,19.0,15.0,28.0,21.0,5.0,0.0,22.0,,,21.0,32.0,26.0,17.0,52.0,20.0,48.0,30.0,39.0,38.0,,26.0,44.0,15.0,30.0,,12.0,10.0,16.0,58.0,12.0,35.0,,31.0,41.0,26.0,11.0,,,36.0,22.0,25.0,41.0,32.0,53.0,58.0,18.0,36.0,,19.0,13.0,40.0,31.0,30.0,33.0,20.0,,42.0,20.0,16.0,24.0,54.0,41.0,39.0,25.0,24.0,57.0,50.0,58.0,42.0,48.0,15.0,,57.0,39.0,47.0,,59.0,54.0,38.0,58.0,,29.0,12.0,38.0,42.0,10.0,49.0,,12.0,21.0,51.0,20.0,45.0,47.0,,33.0,,35.0,21.0,21.0,9.0,26.0,45.0,17.0,30.0,,51.0,,,,,30.0,45.0,29.0,40.0,16.0,14.0,,,,21.0,11.0,20.0,44.0,52.0,33.0,57.0,,19.0,44.0,18.0,,,,53.0,48.0,40.0,33.0,37.0,24.0,,52.0,41.0,49.0,23.0,55.0,52.0,9.0,18.0,24.0,17.0,33.0,,54.0,25.0,35.0,36.0,39.0,49.0,16.0,40.0,55.0,,57.0,17.0,28.0,20.0,14.0,48.0,52.0,48.0,,,12.0,43.0,,18.0,22.0,,27.0,,,,12.0,12.0,43.0,48.0,3.0,21.0,37.0,41.0,10.0,20.0,19.0,,41.0,35.0,50.0,39.0,20.0,,51.0,56.0,16.0,48.0,52.0,,,,29.0,22.0,12.0,,19.0,35.0,11.0,24.0,29.0,41.0,27.0,32.0,,,10.0,32.0,,41.0,56.0,24.0,55.0,23.0,42.0,43.0,30.0,34.0,27.0,11.0,55.0,35.0,13.0,18.0,25.0,59.0,,,60.0,31.0,22.0,22.0,,56.0,20.0,44.0,22.0,36.0,24.0,,48.0,34.0,39.0,,16.0,23.0,,33.0,36.0,33.0,47.0,44.0,37.0,,33.0,14.0,,,25.0,,10.0,,27.0,,54.0,22.0,23.0,,35.0,59.0,51.0,,52.0,28.0,,54.0,,48.0,31.0,16.0,,29.0,39.0,53.0,24.0,10.0,52.0,31.0,22.0,48,3,2.449453551912568,17.82651016318351,-0.3615996563814329
7,8,8,14,8,12,10,9,5,9,11,12,16,9,15,14,16,9,27,41,12,17,13,15,13,17,15,17,12,17,15,10,9,17,18,10,18,20,18,2,22,38.0,13,19,15,13,15,10,12,13,21,18,14,9,23,23,23,14,15,15,15,17,19,9,46.0,18,14,14,17,20,17,9,13,9,13,14,18,22,20,16,25,10,11,20,17,23,16,20,11,18,21,19,29,14,13,19,28,22,18,16,16,10,18,16,18,17,17,20,15,21,23,,17,25,10.0,28,29,19,21,23,19,26,19,20,19,24,19,34.0,35,2,26,10,28.0,16,18,20.0,23,42,16,16,20,26,13,26,18.0,32.0,11,20.0,19,18,15,22,24.0,18,25,12,18,48.0,22,24,15,18,22,7,21,28.0,19,23,18,27,18,14.0,14,42,16,23,31,41.0,18,44.0,22,15,17,22,16,34.0,26.0,31,26,,19.0,13,49,18,18,27,13,8,23.0,24,41,,23,21,32,18,,19,19,18,22,,22,23,10,19,16,39,18,31.0,26.0,10,9,21,44.0,23,27,0,55.0,11,36.0,26.0,15,22,,10,19,16,15.0,,23,23,18,21,40,37.0,19,16,23,23,23,20,28.0,41.0,21,21.0,55.0,32.0,36.0,32,38.0,32,21,26,,28.0,22.0,,31.0,17,45.0,22.0,54.0,11,28,50.0,19,28,23,18.0,18.0,16.0,19,25.0,25,23,17.0,14.0,23,27.0,39.0,15,18,25.0,19,46.0,18.0,44.0,15,27,27.0,30,17,28,23,23,25,3,25,12,23,34,24,25.0,27.0,25,21,24,31.0,22.0,11,25,19,19.0,22,33.0,24,15,28,8,46,30.0,14,11.0,5,28,10.0,13,24,22,30.0,26.0,18,30.0,37.0,22.0,23.0,27.0,24,36.0,13,24,30,22.0,19,19.0,38.0,23,37.0,30.0,24.0,38,37.0,25,31,20,29,33,14,25,23.0,19,36.0,20,32,17,26.0,20,,24,48.0,12,60.0,36,26,15.0,18,21.0,20,16.0,36.0,14,26,,11.0,37.0,26.0,28.0,17,39.0,51.0,21,25.0,25,25,36.0,61.0,30,10.0,33,14.0,31.0,21,38,25,26.0,32,48.0,25.0,28,36.0,9,39.0,22,32,14,14.0,29.0,34,22,33,46.0,44.0,10,17,34.0,30,18.0,22.0,25.0,56.0,43.0,14.0,20.0,35.0,,32.0,17,35,27.0,,18.0,46.0,14.0,,26.0,27.0,19,18,,36.0,19,49.0,37.0,,24.0,14.0,36.0,24,23,42.0,15.0,44.0,42.0,22,46.0,43.0,61.0,17,17,0,,13.0,23.0,24.0,20,41,38.0,40.0,25,19.0,27.0,20,,23.0,14.0,37,37.0,19,26.0,21.0,34.0,22,7.0,33,,25,22,,36.0,23.0,55.0,20,23,33,20.0,21,36.0,11,55,27.0,30,26,17.0,24.0,20,24,37.0,22.0,,28.0,15.0,20.0,27,25.0,16,28,,52.0,46.0,44.0,21.0,17.0,27,28,41.0,52.0,27.0,25.0,,28.0,23,0.0,16,10.0,51.0,40.0,14.0,16,16.0,18,31.0,38.0,27.0,44,20.0,,20.0,41,42,,26.0,26.0,60.0,,25.0,15.0,35.0,16.0,41.0,60.0,17.0,16,43,,13.0,19.0,22,19,20,37,40.0,27.0,25,17,,16.0,29,58.0,26.0,27.0,10,,41.0,51.0,15,37.0,,63.0,,29.0,37.0,21,45.0,7,19.0,24,26,10,33.0,49.0,21.0,17.0,24.0,36.0,10.0,41.0,18.0,31.0,23.0,20,20.0,40.0,29,37.0,,29.0,34.0,23,35.0,26.0,62.0,16,22,,45,57.0,32.0,29.0,29.0,6,38.0,25,7,56.0,18,48.0,17,41.0,23.0,37.0,23,0,15.0,19.0,24,37.0,32,,14,50.0,62.0,60.0,37.0,34.0,18.0,26,23.0,40.0,52.0,52.0,,44.0,63.0,34,20,39.0,17,42,20,45.0,24.0,34.0,,21.0,23.0,36,35.0,28.0,56.0,19,,44.0,22.0,,14.0,25,27.0,31.0,42.0,40.0,40.0,34.0,22.0,44,57.0,30.0,33.0,23.0,55.0,20.0,35.0,25,43.0,50.0,19.0,41.0,19,25,11.0,37.0,20,52.0,34.0,34.0,26,9.0,,32.0,30.0,32,14.0,52.0,27.0,47.0,32.0,26.0,22.0,62.0,50.0,20,60,25.0,43.0,35.0,15.0,39.0,19.0,38.0,19.0,33.0,37.0,35,20,34.0,19,,22.0,16.0,40.0,25,28,36.0,22.0,18.0,29.0,30.0,25.0,52.0,57.0,28.0,19,28.0,59.0,14.0,26.0,46.0,26.0,19,36.0,20.0,,20,18.0,33.0,22.0,43.0,38.0,18.0,23,21.0,0,47.0,38.0,11.0,29.0,,,35.0,28.0,34.0,40.0,,23.0,29.0,,21.0,47.0,26.0,26.0,25.0,18.0,47.0,22,28.0,46.0,19,23.0,15.0,9,3.0,46.0,40.0,26,24,31,32.0,20.0,28.0,37.0,33.0,53.0,24.0,,0.0,26,11.0,32,27.0,24,33,26.0,32,27.0,38.0,25.0,11.0,22,32.0,31.0,23.0,14.0,21.0,25.0,21,20.0,29,,,,28,30.0,11,26,18.0,25.0,4.0,18,32.0,48.0,21,21.0,,33.0,28.0,16.0,33.0,20.0,20.0,55,31.0,26.0,33.0,,25.0,44.0,18.0,46.0,19,45.0,7,30.0,48.0,10.0,24.0,33,21,12.0,,16.0,23.0,48.0,32.0,24.0,,,10,35.0,13.0,34,9,37.0,37.0,20,45.0,31.0,35,19.0,13,29,34,43.0,20.0,25.0,,26.0,18.0,33.0,,26.0,33.0,47.0,37.0,,32.0,28.0,45.0,58.0,12.0,43.0,30.0,,40.0,56.0,25.0,34.0,50.0,,,15.0,21.0,40.0,24.0,24.0,17.0,56.0,56.0,30.0,42.0,4.0,26.0,47.0,24.0,25.0,22.0,15.0,48.0,,47.0,25,26.0,24.0,22.0,10,30.0,63.0,16.0,30.0,46.0,20.0,31.0,28.0,,28.0,45.0,20.0,49.0,30.0,24.0,,47.0,62.0,28.0,,25.0,22.0,50.0,10.0,41.0,47.0,15.0,27.0,33,46.0,24.0,,19,16.0,39.0,26.0,18.0,17.0,22.0,,38.0,30.0,27,30.0,,40.0,,41.0,30.0,21,17,53.0,27.0,26.0,48.0,35.0,37.0,33,33,55.0,21.0,21.0,29.0,21.0,30.0,,12.0,47.0,48.0,27.0,45.0,39.0,39.0,12.0,21.0,28,20.0,27.0,32.0,58.0,9.0,25,21.0,47,53.0,7,36.0,,24.0,,0.0,46.0,53.0,31.0,32.0,23.0,27.0,21.0,33,37.0,19.0,42.0,59.0,,32,24.0,54.0,16.0,21.0,14.0,51.0,41.0,35.0,26.0,37,45,23.0,54.0,15.0,16.0,13.0,26.0,19.0,43.0,30,,51.0,18.0,31.0,20.0,14.0,30.0,28.0,40,20.0,40.0,45.0,24,20,45.0,38.0,64.0,27.0,22.0,,18.0,,21.0,23.0,28.0,22.0,51.0,29.0,,11,24.0,,35.0,51.0,28.0,21,28.0,49.0,16,46.0,29.0,20.0,9.0,28.0,16.0,39.0,32.0,54.0,34.0,20.0,31,20.0,49.0,40.0,22.0,14,47.0,0.0,53.0,18.0,20.0,,63.0,34.0,17.0,51.0,43.0,23.0,38.0,31,15,27.0,21.0,,49.0,,10,33,40.0,39.0,61.0,22.0,23.0,22.0,,20.0,26.0,28.0,55.0,58.0,34.0,11.0,38.0,19,14,40.0,16.0,53.0,16.0,25.0,22,58.0,40.0,43.0,46.0,58.0,36.0,25.0,,27.0,27.0,21.0,,40.0,26.0,,18,31.0,23.0,21,46.0,22.0,31.0,17.0,30.0,,43.0,25.0,,45.0,44.0,55.0,28.0,0.0,27.0,25.0,37.0,,17.0,3.0,29.0,37.0,42.0,39.0,46.0,52.0,,20.0,31.0,,14.0,36.0,,17.0,33.0,22.0,26.0,,35.0,10.0,33.0,29.0,,46.0,,32.0,54.0,,29.0,28.0,11.0,21.0,35.0,20.0,18.0,25.0,44.0,24.0,45.0,27.0,,1,30.0,18.0,35.0,,19.0,19.0,13.0,19.0,18.0,31.0,55.0,36.0,,21.0,46.0,16.0,32.0,23.0,32.0,10.0,42.0,23.0,23.0,55.0,23.0,21.0,36.0,46.0,31.0,,25.0,41.0,12.0,49.0,44.0,38.0,54.0,,30.0,,31.0,,60.0,31.0,47.0,39.0,12,35.0,20.0,21.0,29.0,54.0,61.0,19.0,54.0,48.0,23,12.0,26.0,36.0,39.0,25.0,38.0,25.0,24.0,19.0,41.0,56.0,25.0,49.0,61.0,53.0,28.0,6,0.0,18.0,,58.0,39.0,14.0,0.0,34.0,45.0,29.0,23.0,40.0,36.0,34.0,35.0,39.0,33.0,27.0,63.0,2.0,58.0,21.0,,45.0,14,38,,0.0,34.0,30.0,54.0,36.0,19.0,0.0,,23.0,36.0,0.0,,55.0,55.0,,37.0,33.0,0.0,42.0,39.0,34.0,48.0,36.0,33.0,,,18.0,13.0,61.0,20.0,37.0,14.0,16.0,47.0,61.0,19.0,32.0,27.0,18.0,52.0,35.0,43.0,39.0,32.0,30.0,,16.0,23,43.0,17.0,30.0,41.0,20,63.0,24.0,24.0,32.0,62.0,23.0,28.0,9.0,11,61.0,58.0,44.0,,43.0,14.0,21.0,51,42.0,22.0,57.0,35.0,24,,48.0,,35.0,51.0,54.0,,26.0,37.0,22.0,34.0,,28.0,,28.0,18.0,52.0,41.0,45.0,42.0,41.0,30.0,20.0,,10,26.0,20.0,24.0,24.0,29.0,,11.0,33.0,42.0,,33.0,59.0,13.0,50,27.0,53.0,13.0,64.0,19.0,26.0,,16.0,43.0,,20.0,37.0,52.0,,,,42.0,15.0,23.0,41.0,,28.0,33.0,56.0,26.0,25.0,34.0,48.0,57.0,22.0,23.0,35.0,23.0,39.0,50.0,38.0,,45.0,36.0,32.0,19.0,60.0,18.0,38.0,31.0,30.0,,63.0,41.0,21.0,45.0,33.0,14.0,17.0,,64.0,49.0,,53.0,50.0,35.0,46.0,12.0,59.0,30.0,44.0,,53.0,60.0,26,34.0,40.0,42.0,6.0,17.0,54.0,44.0,,16.0,40.0,32.0,18.0,28.0,47.0,47.0,,33.0,27.0,35.0,21.0,30.0,,17.0,56.0,42.0,51.0,,39.0,32.0,22.0,39.0,30.0,24.0,10.0,12.0,40.0,23.0,64.0,25.0,40.0,48.0,27.0,43.0,36.0,18.0,21.0,59.0,58.0,52.0,,32.0,27.0,17.0,55.0,55.0,33.0,27.0,,,,24.0,,51.0,29.0,38.0,63.0,23.0,52.0,14.0,57.0,51.0,,33.0,26.0,29.0,25.0,,49.0,37.0,20.0,43.0,22.0,,12.0,49.0,,,,32.0,44.0,50.0,,20.0,47.0,,46.0,58.0,9.0,21.0,25.0,42.0,30.0,,61.0,,39.0,,31.0,44.0,54.0,50.0,26.0,,29.0,,22.0,24.0,,33.0,54.0,37.0,18.0,37.0,35.0,,41.0,51.0,,35,30.0,63.0,,25.0,22.0,17.0,18.0,54.0,48.0,35.0,29,45.0,59.0,17.0,27.0,16.0,,39.0,,23,32.0,,36.0,,,35.0,42.0,,28.0,,51.0,30.0,18.0,,50.0,59.0,61.0,31.0,,23.0,27.0,22.0,45.0,24.0,,37.0,48.0,18.0,39.0,23.0,40.0,63.0,41.0,54.0,14.0,44.0,13.0,55.0,2.0,31.0,51.0,17.0,51.0,19.0,,47.0,12.0,,,14.0,14.0,,,,38.0,22.0,29.0,,,39.0,27.0,48.0,31.0,36.0,47.0,32.0,54.0,36.0,27.0,50.0,33.0,57.0,52.0,37.0,23.0,33.0,36.0,42.0,26.0,38.0,,34.0,36.0,62.0,27.0,29.0,21.0,,33.0,25.0,22.0,21.0,22.0,,19.0,53.0,38.0,24.0,29.0,32.0,53.0,14.0,17.0,,28.0,24.0,39.0,29.0,37,47.0,,43.0,47.0,26.0,44.0,53.0,29.0,,,,50.0,41.0,31.0,13.0,31.0,27.0,36.0,11.0,33.0,36.0,33.0,51.0,56.0,40.0,38.0,19.0,,64.0,36.0,16.0,60.0,38.0,14.0,,,22.0,11.0,23.0,28.0,56.0,26.0,20.0,44.0,28.0,,14.0,25.0,,11.0,27.0,25.0,22.0,52.0,48.0,,24.0,24.0,,38.0,61.0,11.0,36.0,,37.0,21.0,45.0,22.0,32.0,,33.0,,,57.0,57.0,64.0,50.0,,26.0,18,23.0,25.0,21,38.0,30.0,62.0,53.0,52.0,63.0,,25.0,31.0,34.0,,52.0,,,31.0,28.0,,41.0,49.0,19.0,18.0,53.0,24.0,41.0,59.0,,25.0,43.0,57.0,27.0,44.0,39.0,,45.0,,49.0,62.0,27.0,,46.0,51.0,4.0,53.0,,46.0,43.0,,43.0,13.0,40.0,,39.0,59.0,,37.0,0.0,15.0,21.0,55.0,17.0,25.0,19.0,19.0,17.0,47.0,34.0,62.0,31.0,29.0,,52.0,33.0,33.0,51.0,55.0,33.0,41.0,14.0,52.0,25.0,20.0,15.0,57.0,,17.0,,43.0,0.0,61.0,41.0,,38.0,61.0,46.0,,64.0,52.0,,,62.0,,30.0,,15.0,21.0,35.0,62.0,18.0,55.0,36.0,47.0,17.0,10.0,35.0,59.0,25.0,31.0,,59.0,15.0,43.0,30.0,21.0,,44.0,39.0,32.0,14.0,19.0,,41.0,18.0,60.0,0.0,45.0,52.0,21.0,48.0,41.0,30.0,22.0,45.0,29.0,35.0,47.0,14.0,49.0,26.0,,38.0,,41.0,,54.0,58.0,22.0,0.0,37.0,26.0,26.0,34.0,,51.0,18.0,27.0,33.0,56.0,35.0,22.0,,36.0,37.0,26.0,27.0,,55.0,14.0,45.0,22.0,0.0,,56.0,43.0,,55.0,20.0,26.0,56.0,50.0,40.0,,12.0,43.0,37.0,22.0,,52.0,13.0,23.0,39.0,51.0,61.0,,26.0,60.0,,20.0,36.0,41.0,,44.0,33.0,10.0,38.0,37.0,36.0,53.0,41.0,,50.0,60.0,,13.0,,38.0,62.0,15.0,,,40.0,26.0,11.0,15.0,42.0,24.0,43.0,44.0,,39.0,24.0,,59.0,34.0,9.0,0.0,34.0,26.0,,,36.0,32.0,37.0,29.0,,43.0,33.0,30.0,51.0,22.0,63.0,13.0,2.0,54.0,54.0,57.0,38.0,28.0,21.0,44.0,21.0,,,39.0,50.0,20.0,22.0,6.0,24.0,36.0,38.0,43.0,,48.0,26.0,,36.0,18.0,34.0,36.0,39.0,,6.0,12.0,63.0,21.0,62.0,29.0,,45.0,54.0,51.0,23.0,39.0,27.0,43.0,37.0,,42.0,50.0,,,,24.0,42.0,34.0,17.0,22.0,61.0,34.0,,,31.0,34.0,54.0,38.0,62.0,25.0,40.0,,25.0,24.0,,42.0,33.0,,,25.0,63.0,64.0,45.0,59.0,,40.0,25.0,24.0,49.0,12.0,33.0,44.0,,,21.0,43.0,27.0,43.0,30.0,39.0,18.0,36.0,49.0,51.0,30.0,23.0,10.0,29.0,35.0,,20.0,35.0,8.0,20.0,,58.0,53.0,12.0,61.0,,55.0,28.0,27.0,22.0,32.0,20.0,48.0,63.0,31.0,36.0,62.0,45.0,,18.0,33.0,11.0,34.0,,,,26.0,22.0,,44.0,20.0,50.0,,35.0,,,,20.0,,12.0,,60.0,31.0,38.0,37.0,,17.0,53.0,56.0,25.0,28.0,20.0,38.0,,23.0,19.0,38.0,29.0,60.0,26.0,52.0,41.0,62.0,0.0,35.0,,36.0,27.0,,41.0,50.0,36.0,22.0,34.0,10.0,46.0,57.0,,30.0,,,,43.0,50.0,33.0,24.0,,61.0,51.0,44.0,24.0,56.0,,27.0,25.0,,31.0,26.0,40.0,33.0,15.0,27.0,53.0,36.0,,33.0,36.0,44.0,23.0,29.0,15.0,51.0,20.0,25.0,40.0,22.0,,,,32.0,43.0,20.0,,25.0,,45.0,56.0,45.0,17.0,22.0,30.0,29.0,22.0,,16.0,59.0,,31.0,36.0,,,30.0,37.0,22.0,,,25.0,,,,,30.0,,3.0,33.0,58.0,,23.0,33.0,38.0,36.0,,19.0,16.0,21.0,35.0,,32.0,,32.0,35.0,53.0,29.0,25.0,23.0,,46.0,24.0,35.0,30.0,24.0,63.0,,38.0,16.0,58.0,18.0,,43.0,35.0,35.0,22.0,44.0,,56.0,51.0,42.0,30.0,48.0,,29.0,26.0,,0.0,,15.0,,22.0,52.0,,,25.0,46.0,32.0,18.0,0.0,46.0,30.0,26.0,42.0,20.0,51.0,,34.0,57.0,42.0,38.0,25.0,51.0,48.0,24.0,0.0,26.0,33.0,44.0,,,58.0,21.0,26.0,,47.0,40.0,25.0,,33.0,14.0,40.0,34.0,21.0,0.0,,,,61.0,22.0,,24.0,14.0,34.0,51.0,14.0,,,54.0,42.0,,17.0,,21.0,,32.0,,55.0,34.0,,38.0,,43.0,45.0,28.0,46.0,16.0,54.0,19.0,,29.0,38.0,62.0,36.0,34.0,,,47.0,20.0,39.0,23.0,60.0,,56.0,21.0,14.0,52.0,21.0,53.0,,36.0,33.0,22.0,56.0,,,12.0,39.0,37.0,24.0,,,,,60.0,29.0,49.0,,,,14.0,40.0,28.0,32.0,39.0,29.0,19.0,,22.0,22.0,46.0,55.0,18.0,,29.0,16.0,,64.0,,,,58.0,33.0,23.0,38.0,,12.0,37.0,21.0,35.0,,33.0,17.0,48.0,22.0,15.0,51.0,45.0,62.0,,29.0,58.0,22.0,,13.0,11.0,25.0,60.0,50.0,24.0,26.0,37.0,,14.0,,31.0,15.0,22.0,27.0,34.0,,22.0,,,47.0,37.0,37.0,42.0,,59.0,19.0,50.0,56.0,15.0,56.0,24.0,,,34.0,50.0,,,,,,36.0,43.0,62.0,,58.0,,33.0,63.0,22.0,34.0,,40.0,34.0,24.0,36.0,,20.0,16.0,29.0,,,57.0,59.0,21.0,24.0,26.0,55.0,25.0,24.0,,21.0,11.0,35.0,27.0,41.0,32.0,,23.0,15.0,53.0,,51.0,45.0,39.0,56.0,52.0,39.0,25.0,,32.0,59.0,35.0,49.0,13.0,32.0,36.0,60.0,,26.0,31.0,39.0,17.0,41.0,,,12.0,20.0,,,26.0,,48.0,30.0,,28.0,0.0,12.0,28.0,48.0,40.0,28.0,51.0,23.0,26.0,15.0,38.0,25.0,42.0,63.0,,24.0,,58.0,,60.0,59.0,63.0,45.0,,9.0,62.0,12.0,18.0,,31.0,24.0,32.0,43.0,,,,33.0,,10.0,19.0,38.0,45.0,,53.0,64.0,,20.0,51.0,,,19.0,,,,38.0,,0.0,15.0,,18.0,,,17.0,17.0,28.0,27.0,,,12.0,,42.0,29.0,25.0,,,61.0,27.0,39.0,,51.0,58.0,58.0,32.0,16.0,55.0,46.0,,22.0,,35.0,26.0,56.0,31.0,,,50.0,36.0,,0.0,57.0,52.0,25.0,32.0,4.0,20.0,43.0,20.0,39.0,47.0,37.0,,27.0,22.0,35.0,,26.0,49.0,6.0,,36.0,32.0,26.0,13.0,61.0,21.0,55.0,20.0,29.0,,50.0,,52.0,,21.0,44.0,,,,37.0,56.0,,49.0,54.0,36.0,13.0,,,,30.0,42.0,34.0,22.0,51.0,30.0,52.0,37.0,44.0,22.0,51.0,18.0,,11.0,37.0,24.0,36.0,47.0,34.0,17.0,25.0,28.0,30.0,15.0,26.0,33.0,40.0,30.0,18.0,32.0,23.0,,19.0,39.0,18.0,,30.0,20.0,20.0,56.0,,,27.0,,22.0,,38.0,41.0,50.0,41.0,57.0,31.0,59.0,27.0,31.0,58.0,12.0,31.0,51.0,7.0,0.0,,,56.0,53.0,,,50.0,,52.0,47.0,57.0,20.0,18.0,38.0,,24.0,48.0,49,3,2.4972299168975067,18.585714285714285,-0.33877959930047663
10,11,11,12,5,14,12,6,13,12,12,15,0,11,12,12,15,13,11,32,12,11,13,12,13,13,15,9,12,14,13,13,12,13,7,12,15,14,14,13,15,32.0,17,18,14,11,22,12,16,21,14,6,14,12,15,26,16,17,13,1,13,16,14,21,14.0,11,23,14,10,21,13,20,21,6,20,14,18,12,19,12,20,5,13,5,20,16,17,15,22,14,14,13,35,14,22,15,13,16,16,1,32,18,11,14,16,20,18,18,13,12,16,23.0,23,19,37.0,14,21,14,11,15,16,13,15,25,13,20,24,61.0,34,13,21,9,15.0,13,15,15.0,16,35,19,14,28,12,22,18,28.0,23.0,13,18.0,11,18,16,16,52.0,1,23,20,19,44.0,25,17,22,15,9,19,22,39.0,19,18,17,22,21,25.0,17,31,19,7,15,28.0,19,21.0,20,22,16,14,24,34.0,34.0,21,24,9.0,48.0,17,14,15,21,25,15,16,27.0,17,27,35.0,14,13,25,16,,13,12,15,15,15.0,17,17,14,0,14,18,23,17.0,26.0,18,21,15,36.0,15,20,17,36.0,15,15.0,18.0,15,19,32.0,28,23,18,15.0,18.0,20,12,13,21,25,31.0,18,21,15,12,13,18,29.0,31.0,16,,33.0,33.0,13.0,4,44.0,17,42,23,16.0,13.0,21.0,45.0,17.0,16,19.0,45.0,42.0,15,22,15.0,11,26,22,22.0,50.0,40.0,24,20.0,28,20,16.0,18.0,21,,51.0,12,17,41.0,25,35.0,21.0,42.0,20,17,28.0,25,22,24,10,26,31,22,27,24,35,20,22,28.0,26.0,14,21,25,29.0,34.0,14,35,18,,25,54.0,21,16,20,15,19,16.0,26,27.0,24,27,20.0,18,27,23,39.0,40.0,17,28.0,27.0,17.0,21.0,8.0,19,0.0,27,12,19,48.0,18,32.0,28.0,25,31.0,15.0,38.0,21,8.0,20,24,17,29,45,24,21,17.0,16,38.0,23,20,20,28.0,18,17.0,32,15.0,19,42.0,32,20,16.0,10,21.0,15,,21.0,23,32,26.0,22.0,20.0,19.0,,30,14.0,13.0,23,,9,22,45.0,41.0,21,28.0,30,,32.0,19,21,28,19.0,22,30.0,5.0,21,54.0,4,29.0,1,21,16,20.0,38.0,20,39,47,,25.0,23,23,29.0,17,14.0,15.0,,19.0,24.0,14.0,25.0,7.0,53.0,30.0,15,20,23.0,21.0,13.0,30.0,23.0,,23.0,20.0,23,23,17.0,4.0,0,1.0,39.0,50.0,41.0,15.0,29.0,18,50,57.0,50.0,43.0,21.0,58,22.0,32.0,21.0,27,19,17,60.0,31.0,49.0,17.0,28,24,24.0,22.0,31,35.0,21.0,19,,25.0,51.0,15,14.0,21,40.0,16.0,34.0,16,30.0,23,42.0,14,25,24.0,54.0,1.0,29.0,14,22,19,48.0,47,23.0,19,14,18.0,14,18,28.0,23.0,19,19,12.0,31.0,28.0,30.0,50.0,13.0,17,47.0,13,16,16.0,47.0,30.0,,44.0,41.0,14,35,6.0,,24.0,29.0,,17.0,16,10.0,12,29.0,27.0,14.0,38.0,21,15.0,26,42.0,20.0,45.0,32,49.0,,57.0,23,26,24.0,60.0,25.0,43.0,24.0,15.0,56.0,61.0,,,25.0,24.0,27,31,31.0,15.0,,28,14,16,16,,,26,32,24.0,28.0,24,21.0,33.0,18.0,18,17.0,22.0,26.0,21,25.0,35.0,38.0,,20.0,52.0,29,19.0,17,25.0,17,27,20,23.0,31.0,20.0,,26.0,19.0,55.0,20.0,50.0,22.0,14.0,25,17.0,,24,27.0,22.0,23.0,24.0,6,18.0,49.0,38.0,23,18,26.0,23,10.0,26.0,16.0,29.0,27,31.0,20,9,26.0,17,,25,34.0,27.0,56.0,38,22,21.0,32.0,29,,21,56.0,20,,14.0,,59.0,13.0,26.0,34,24.0,26.0,39.0,15.0,17.0,,47.0,21,18,24.0,24,16,17,0.0,18.0,34.0,38.0,38.0,29.0,46,48.0,38.0,35.0,25,31.0,60.0,26.0,,0.0,27,27.0,12.0,29.0,,12.0,30.0,41.0,31,26.0,30.0,20.0,58.0,,54.0,33.0,24,30.0,24.0,30.0,12.0,24,18,,,22,43.0,24.0,15.0,32,19.0,19.0,19.0,56.0,19,,49.0,17.0,51.0,24.0,18.0,34.0,,34.0,15,23,,60.0,24.0,29.0,29.0,24.0,44.0,53.0,15.0,30.0,33,11,36.0,26,34.0,27.0,25.0,27.0,20,29,30.0,19.0,32.0,31.0,37.0,32.0,,35.0,15.0,15,34.0,43.0,25.0,20.0,30.0,35.0,20,19.0,16.0,21.0,24,18.0,32.0,34.0,36.0,25.0,27.0,26,29.0,26,42.0,30.0,36.0,39.0,31.0,20.0,14.0,29.0,22.0,33.0,29.0,13.0,18.0,20.0,37.0,50.0,,44.0,32.0,30.0,24.0,27,47.0,19.0,18,44.0,24.0,24,31.0,24.0,,29,32,20,,47.0,19.0,22.0,34.0,14.0,21.0,29.0,31.0,21,40.0,15,43.0,31,20,57.0,47,31.0,8.0,14.0,,20,32.0,21.0,41.0,16.0,19.0,32.0,18,51.0,22,45.0,36.0,38.0,27,29.0,35,14,27.0,47.0,30.0,13,26.0,28.0,30,30.0,16.0,19.0,23.0,39.0,27.0,19.0,23.0,42,21.0,32.0,25.0,33.0,24.0,38.0,33.0,22.0,16,18.0,14,29.0,38.0,41.0,29.0,46,7,24.0,34.0,13.0,24.0,32.0,34.0,17.0,44.0,48.0,35,32.0,18.0,47,24,13.0,,17,33.0,40.0,18,30.0,36,27,24,27.0,27.0,,49.0,21.0,32.0,18.0,34.0,28.0,59.0,,29.0,35.0,2.0,45.0,43.0,56.0,48.0,23.0,30.0,53.0,16.0,35.0,23.0,31.0,57.0,57.0,54.0,45.0,16.0,20.0,26.0,22.0,33.0,7.0,,18.0,,34.0,39.0,28.0,39.0,34.0,39.0,17.0,21.0,,29.0,31,19.0,42.0,26.0,14,26.0,23.0,22.0,14.0,38.0,41.0,32.0,41.0,31.0,18.0,30.0,,7.0,,14.0,47.0,22.0,40.0,28.0,,28.0,16.0,49.0,28.0,26.0,39.0,33.0,42.0,29,39.0,54.0,,20,34.0,35.0,45.0,20.0,40.0,29.0,24.0,50.0,18.0,42,30.0,17.0,39.0,12.0,17.0,23.0,24,34,19.0,12.0,23.0,23.0,22.0,41.0,25,20,16.0,33.0,24.0,39.0,27.0,43.0,,37.0,,24.0,18.0,31.0,33.0,33.0,50.0,27.0,41,16.0,46.0,36.0,19.0,19.0,22,45.0,25,44.0,27,39.0,41.0,34.0,19.0,18.0,22.0,34.0,58.0,21.0,,15.0,30.0,41,17.0,21.0,55.0,57.0,47.0,26,31.0,21.0,36.0,44.0,13.0,8.0,60.0,55.0,24.0,27,19,33.0,,,22.0,13.0,19.0,13.0,26.0,24,25.0,,29.0,35.0,41.0,13.0,35.0,23.0,24,15.0,40.0,45.0,21,35,,51.0,53.0,41.0,18.0,23.0,19.0,42.0,21.0,41.0,38.0,49.0,16.0,54.0,26.0,15,14.0,33.0,58.0,33.0,59.0,5,27.0,19.0,16,40.0,23.0,29.0,50.0,,,32.0,26.0,33.0,14.0,,16,29.0,37.0,15.0,,23,53.0,56.0,,15.0,,35.0,14.0,30.0,14.0,35.0,35.0,44.0,36.0,31,26,21.0,31.0,0.0,,54.0,8,22,29.0,19.0,,38.0,33.0,21.0,13.0,31.0,30.0,29.0,,55.0,27.0,14.0,42.0,24,35,34.0,51.0,29.0,,46.0,9,21.0,,,47.0,42.0,30.0,40.0,23.0,25.0,47.0,31.0,,35.0,26.0,,23,7.0,30.0,38,24.0,53.0,22.0,51.0,15.0,41.0,,21.0,16.0,,30.0,34.0,22.0,29.0,20.0,,20.0,35.0,16.0,23.0,14.0,,,38.0,0.0,26.0,29.0,44.0,24.0,45.0,23.0,17.0,16.0,19.0,31.0,44.0,,29.0,1.0,25.0,37.0,43.0,19.0,38.0,47.0,48.0,46.0,,33.0,34.0,15.0,22.0,30.0,58.0,49.0,,12.0,20.0,21.0,,,39,37.0,25.0,,0.0,62.0,29.0,21.0,32.0,42.0,42.0,9.0,29.0,53.0,21.0,49.0,16.0,,20.0,20.0,20.0,57.0,12.0,59.0,33.0,21.0,17.0,38.0,53.0,43.0,53.0,27.0,34.0,28.0,,18.0,19.0,45.0,17.0,,,18.0,,52.0,15.0,31.0,44.0,22,56.0,0.0,7.0,26.0,49.0,16.0,21.0,21.0,34.0,28,14.0,23.0,17.0,58.0,49.0,26.0,43.0,39.0,19.0,30.0,24.0,23.0,24.0,14.0,22.0,21.0,25,44.0,15.0,,,37.0,33.0,20.0,35.0,16.0,21.0,21.0,20.0,,18.0,47.0,21.0,38.0,34.0,42.0,48.0,,48.0,46.0,20.0,26,20,28.0,47.0,29.0,40.0,63.0,21.0,26.0,17.0,27.0,59.0,42.0,25.0,50.0,,35.0,25.0,40.0,23.0,41.0,58.0,20.0,19.0,59.0,19.0,29.0,31.0,62.0,50.0,36.0,,49.0,32.0,56.0,34.0,,,38.0,24.0,23.0,31.0,25.0,,41.0,17.0,20.0,,32.0,25.0,0,43.0,16.0,26.0,,25,29.0,63.0,,22.0,0.0,45.0,26.0,40.0,29,25.0,45.0,50.0,,60.0,43.0,41.0,37,19.0,28.0,38.0,,24,19.0,36.0,29.0,,50.0,13.0,36.0,,40.0,13.0,22.0,46.0,32.0,14.0,24.0,18.0,19.0,,59.0,0.0,53.0,30.0,54.0,43.0,6,25.0,57.0,,13.0,27.0,41.0,38.0,16.0,53.0,,58.0,24.0,33.0,29,14.0,57.0,34.0,32.0,32.0,,37.0,29.0,25.0,39.0,53.0,,54.0,43.0,50.0,,51.0,28.0,27.0,46.0,62.0,25.0,,43.0,22.0,,52.0,,18.0,27.0,27.0,10.0,20.0,,43.0,27.0,38.0,20.0,19.0,16.0,20.0,45.0,,28.0,28.0,36.0,34.0,20.0,24.0,44.0,46.0,27.0,35.0,32.0,25.0,14.0,36.0,45.0,52.0,,36.0,59.0,49.0,43.0,26.0,41.0,26.0,20.0,21.0,16,31.0,,21.0,27.0,22.0,0.0,32.0,41.0,,35.0,16.0,43.0,19.0,35.0,31.0,23.0,27.0,8.0,21.0,8.0,28.0,46.0,45.0,57.0,30.0,46.0,50.0,,47.0,8.0,43.0,,52.0,0.0,,59.0,26.0,28.0,39.0,47.0,59.0,52.0,36.0,20.0,27.0,37.0,23.0,45.0,22.0,24.0,32.0,56.0,30.0,27.0,56.0,40.0,35.0,,40.0,18.0,18.0,,8.0,,,27.0,31.0,29.0,48.0,53.0,19.0,30.0,23.0,37.0,25.0,39.0,58.0,,32.0,35.0,20.0,23.0,48.0,,63.0,35.0,,,28.0,,60.0,27.0,,56.0,27.0,55.0,,16.0,35.0,,35.0,,,62.0,29.0,22.0,,46.0,47.0,,23.0,34.0,,29.0,34.0,24.0,29.0,38.0,30.0,39.0,22.0,32.0,59.0,12.0,29.0,45.0,28.0,15.0,34,31.0,29.0,,40.0,63.0,50.0,50.0,,55.0,39.0,34,,42.0,60.0,50.0,33.0,34.0,46.0,42.0,27,53.0,16.0,63.0,18.0,,28.0,30.0,31.0,,,28.0,22.0,41.0,,45.0,23.0,41.0,31.0,43.0,61.0,33.0,25.0,43.0,62.0,30.0,13.0,49.0,40.0,23.0,34.0,30.0,22.0,,31.0,45.0,24.0,,5.0,2.0,,30.0,59.0,43.0,26.0,28.0,24.0,35.0,39.0,30.0,20.0,15.0,19.0,33.0,,,13.0,32.0,,28.0,,38.0,,,39.0,44.0,23.0,37.0,40.0,22.0,32.0,43.0,24.0,,36.0,57.0,23.0,19.0,,31.0,,43.0,13.0,19.0,31.0,15.0,31.0,13.0,,22.0,19.0,12.0,18.0,19.0,26.0,50.0,,22.0,14.0,17.0,36.0,39.0,29.0,,,,16.0,,55.0,27,,36.0,21.0,,51.0,62.0,28.0,32.0,26.0,41.0,20.0,34.0,40.0,29.0,26.0,14.0,38.0,19.0,25.0,33.0,40.0,,24.0,,29.0,19.0,31.0,30.0,35.0,,50.0,11.0,23.0,,15.0,53.0,24.0,18.0,31.0,24.0,16.0,7.0,30.0,62.0,,25.0,29.0,62.0,23.0,36.0,45.0,18.0,39.0,41.0,23.0,,49.0,45.0,32.0,,48.0,54.0,39.0,35.0,33.0,52.0,50.0,25.0,6.0,45.0,44.0,19.0,37.0,52.0,61.0,56.0,36.0,19.0,20.0,26,20.0,,0,16.0,28.0,13.0,,50.0,25.0,,56.0,11.0,17.0,29.0,,53.0,53.0,24.0,49.0,35.0,,35.0,27.0,34.0,,,37.0,61.0,15.0,21.0,26.0,47.0,20.0,11.0,29.0,33.0,,36.0,30.0,,59.0,44.0,,44.0,31.0,46.0,25.0,49.0,30.0,30.0,18.0,18.0,49.0,27.0,,46.0,22.0,,20.0,27.0,31.0,33.0,14.0,10.0,28.0,50.0,25.0,12.0,,55.0,36.0,18.0,26.0,55.0,,37.0,38.0,25.0,31.0,26.0,,19.0,31.0,22.0,37.0,16.0,43.0,24.0,40.0,,9.0,47.0,21.0,,20.0,24.0,19.0,,30.0,62.0,,,18.0,25.0,20.0,,28.0,,19.0,62.0,22.0,43.0,38.0,41.0,54.0,,39.0,,29.0,52.0,51.0,23.0,,39.0,35.0,48.0,,19.0,60.0,,0.0,27.0,48.0,47.0,45.0,46.0,16.0,51.0,26.0,44.0,,15.0,35.0,40.0,58.0,39.0,38.0,20.0,24.0,29.0,15.0,,34.0,24.0,,45.0,49.0,16.0,,55.0,,33.0,0.0,,,,45.0,16.0,,,14.0,41.0,22.0,45.0,21.0,21.0,57.0,26.0,24.0,47.0,,60.0,52.0,26.0,46.0,10.0,26.0,42.0,,23.0,47.0,34.0,62.0,27.0,62.0,18.0,44.0,25.0,,51.0,24.0,40.0,20.0,54.0,,,47.0,26.0,4.0,,,54.0,,26.0,23.0,29.0,34.0,33.0,30.0,,53.0,16.0,32.0,23.0,,,59.0,27.0,,12.0,45.0,35.0,52.0,42.0,25.0,40.0,2.0,20.0,49.0,0.0,,28.0,47.0,39.0,30.0,0.0,33.0,22.0,36.0,,,51.0,47.0,13.0,60.0,,27.0,19.0,42.0,39.0,,59.0,,22.0,15.0,,46.0,28.0,33.0,23.0,,35.0,27.0,39.0,31.0,39.0,20.0,,31.0,58.0,52.0,34.0,42.0,18.0,31.0,52.0,21.0,,21.0,11.0,28.0,54.0,12.0,,49.0,25.0,48.0,18.0,25.0,,46.0,,49.0,,21.0,51.0,33.0,50.0,23.0,37.0,,31.0,,19.0,,22.0,44.0,,36.0,38.0,31.0,19.0,50.0,23.0,,16.0,38.0,17.0,,41.0,36.0,9.0,,31.0,16.0,0.0,16.0,27.0,11.0,38.0,,41.0,44.0,,27.0,47.0,35.0,26.0,16.0,17.0,,15.0,14.0,,,44.0,63.0,22.0,,17.0,,18.0,20.0,52.0,21.0,35.0,51.0,25.0,,38.0,23.0,,35.0,,,,36.0,39.0,56.0,36.0,25.0,47.0,28.0,16.0,59.0,30.0,53.0,43.0,41.0,33.0,31.0,,24.0,13.0,0.0,54.0,53.0,53.0,,50.0,24.0,13.0,39.0,25.0,15.0,49.0,33.0,,30.0,53.0,29.0,31.0,20.0,34.0,45.0,55.0,56.0,44.0,56.0,,,23.0,,,,29.0,,49.0,36.0,33.0,,30.0,,53.0,,23.0,47.0,,21.0,,56.0,23.0,,40.0,36.0,,56.0,41.0,29.0,33.0,0.0,25.0,33.0,21.0,22.0,21.0,,23.0,,21.0,24.0,13.0,47.0,,,,61.0,10.0,15.0,24.0,38.0,12.0,59.0,54.0,25.0,23.0,,18.0,,55.0,27.0,,20.0,16.0,,27.0,39.0,59.0,46.0,42.0,,24.0,28.0,36.0,40.0,24.0,,,63.0,,,63.0,44.0,25.0,11.0,59.0,,25.0,,,54.0,41.0,23.0,39.0,,37.0,30.0,22.0,59.0,29.0,,24.0,19.0,46.0,,,,16.0,50.0,,,,27.0,8.0,16.0,49.0,51.0,35.0,6.0,52.0,42.0,63.0,,24.0,42.0,14.0,29.0,33.0,43.0,27.0,52.0,0.0,51.0,10.0,24.0,22.0,,46.0,15.0,21.0,30.0,,31.0,31.0,,,,,,,29.0,39.0,32.0,,33.0,23.0,7.0,,33.0,60.0,52.0,28.0,55.0,51.0,,25.0,55.0,48.0,27.0,12.0,,50.0,25.0,49.0,19.0,23.0,25.0,51.0,48.0,,,,41.0,35.0,55.0,50.0,0.0,,,55.0,63.0,43.0,30.0,37.0,,53.0,29.0,16.0,,14.0,21.0,,56.0,,30.0,,19.0,50.0,0.0,26.0,45.0,25.0,,38.0,30.0,15.0,,15.0,,50.0,41.0,59.0,38.0,28.0,31.0,,,,,,39.0,13.0,35.0,17.0,,52.0,9.0,38.0,38.0,,15.0,25.0,43.0,47.0,43.0,25.0,36.0,,38.0,34.0,,22.0,33.0,,31.0,32.0,25.0,,59.0,42.0,38.0,25.0,40.0,18.0,58.0,,21.0,15.0,,25.0,18.0,0.0,47.0,29.0,36.0,36.0,,22.0,,,27.0,46.0,,16.0,28.0,27.0,,24.0,58.0,16.0,24.0,,18.0,,24.0,46.0,,32.0,34.0,29.0,23.0,,62.0,,18.0,,8.0,,30.0,47.0,48.0,37.0,16.0,,27.0,23.0,20.0,35.0,,30.0,,,40.0,46.0,,23.0,36.0,24.0,34.0,18.0,42.0,,34.0,41.0,,58.0,,24.0,55.0,13.0,26.0,,,20.0,48.0,8.0,15.0,18.0,30.0,42.0,17.0,18.0,21.0,40.0,36.0,29.0,46.0,,24.0,,,43.0,49.0,,39.0,,43.0,10.0,,6.0,60.0,28.0,,,25.0,,48.0,59.0,49.0,30.0,30.0,49.0,15.0,,,42.0,39.0,,13.0,36.0,37.0,18.0,31.0,55.0,,51.0,27.0,48.0,,,,,,43.0,54.0,,,0.0,19.0,,31.0,59.0,53.0,22.0,,54.0,,6.0,,28.0,,21.0,43.0,44.0,,0.0,,,14.0,22.0,51.0,46.0,27.0,32.0,27.0,,56.0,63.0,17.0,34.0,7.0,44.0,50.0,,28.0,,49.0,21.0,48.0,41.0,61.0,46.0,,,40.0,46.0,46.0,,39.0,,35.0,44.0,37.0,8.0,26.0,32.0,,18.0,33.0,,38.0,,,,54.0,,41.0,53.0,26.0,,50.0,46.0,55.0,41.0,14.0,63.0,42.0,18.0,23.0,,,38.0,24.0,49.0,,24.0,57.0,48.0,58.0,39.0,,26.0,44.0,49.0,22.0,,37.0,54.0,33.0,33.0,59.0,4.0,,41.0,56.0,33.0,,34.0,32.0,,51.0,,22.0,47.0,18.0,52.0,,44.0,25.0,,34.0,63.0,16.0,28.0,38.0,,33.0,63.0,41.0,34.0,21.0,37.0,40.0,39.0,57.0,49.0,,17.0,41.0,20.0,,16.0,42.0,,,,45.0,,26.0,27.0,51.0,,31.0,,37.0,45.0,33.0,55.0,12.0,40.0,30.0,32.0,49.0,63.0,19.0,39.0,36.0,,43.0,26.0,,43.0,,53.0,21.0,56.0,48.0,41.0,51.0,19.0,,42.0,,23.0,39.0,24.0,,36.0,28.0,34.0,49.0,40.0,27.0,0.0,22.0,7.0,,23.0,48.0,54.0,44.0,12.0,58.0,34.0,,29.0,16.0,19.0,16.0,,,39.0,,,18.0,,,26.0,44.0,,41.0,32.0,20.0,,33.0,54.0,47.0,17.0,40.0,,,,52.0,26.0,49.0,28.0,,20.0,,44.0,,,59.0,58.0,,55.0,41.0,,,38.0,20.0,33.0,,,,,50,3,2.317105263157895,17.80848623853211,-0.3372751247947787
5,3,6,4,6,5,6,7,7,4,7,12,4,8,3,10,11,7,26,14,5,17,8,9,4,12,5,6,8,12,11,9,8,12,0,6,13,13,12,9,13,19.0,15,19,6,16,8,10,6,36,13,16,16,9,22,19,4,17,15,13,9,7,11,8,33.0,14,17,7,16,8,10,16,16,8,21,20,12,28,20,7,21,11,9,12,15,11,11,13,19,24,15,12,37,10,22,14,7,9,12,9,29,21,10,7,13,14,12,18,13,11,10,8.0,16,17,22.0,8,18,12,7,29,14,18,12,15,7,9,11,14.0,16,16,24,8,47.0,0,21,11.0,13,7,5,11,23,18,7,15,32.0,56.0,9,16.0,14,23,14,9,21.0,13,5,23,20,25.0,18,14,17,13,12,19,22,25.0,24,9,13,23,13,35.0,2,33,6,21,10,37.0,10,22.0,22,15,13,13,15,30.0,27.0,10,14,34.0,15.0,9,17,18,15,19,15,7,6.0,21,24,25.0,16,13,17,15,7.0,22,14,29,13,16.0,33,45,19,10,27,21,12,7.0,26.0,9,18,14,39.0,17,25,11,45.0,12,37.0,42.0,19,13,25.0,11,10,18,0.0,19.0,23,19,13,21,10,18.0,14,14,13,11,15,29,26.0,20.0,7,31.0,48.0,28.0,32.0,48,35.0,12,39,13,44.0,26.0,17.0,29.0,,12,29.0,17.0,,8,38,19.0,4,25,19,22.0,34.0,31.0,13,52.0,25,14,12.0,12.0,27,10.0,33.0,14,21,21.0,13,16.0,52.0,23.0,12,16,20.0,21,15,19,25,19,28,15,15,16,11,18,9,21.0,15.0,9,15,18,12.0,11.0,15,30,23,24.0,0,54.0,22,11,30,6,8,23.0,10,49.0,18,24,8.0,17,33,12,33.0,22.0,8,46.0,,14.0,37.0,19.0,0,18.0,35,18,17,43.0,14,37.0,14.0,11,28.0,17.0,27.0,21,57.0,13,30,16,24,13,26,22,17.0,13,15.0,38,11,11,45.0,13,8.0,12,10.0,9,23.0,16,10,15.0,40,12.0,11,26.0,24.0,17,35,,42.0,29.0,24.0,38.0,23,26.0,28.0,20,46.0,17,20,21.0,49.0,14,21.0,39,15.0,,23,23,21,37.0,21,,17.0,15,46.0,15,9.0,12,24,18,39.0,6.0,26,4,1,15.0,24.0,27,28,38.0,26,19.0,32.0,28.0,8.0,23.0,10.0,10.0,12.0,,21.0,14,35,27.0,28.0,16.0,27.0,45.0,30.0,41.0,25.0,23,10,21.0,18.0,13,37.0,41.0,48.0,14.0,12.0,34.0,23,19,,,26.0,17.0,20,13.0,42.0,6.0,37,13,21,43.0,46.0,17.0,21.0,25,18,20.0,38.0,11,45.0,37.0,23,,19.0,46.0,18,12.0,14,5.0,41.0,22.0,5,22.0,37,47.0,13,21,14.0,30.0,12.0,26.0,41,13,25,6.0,10,26.0,27,22,29.0,25,8,15.0,21.0,19,20,17.0,24.0,49.0,20.0,23.0,22.0,16,42.0,15,25,,33.0,41.0,35.0,,,15,5,14.0,19.0,22.0,44.0,49.0,15.0,28,35.0,9,6.0,,14.0,45.0,26,30.0,38,40.0,35.0,25.0,21,14.0,54.0,46.0,21,23,29.0,36.0,23.0,21.0,27.0,24.0,51.0,30.0,35.0,11.0,13.0,17.0,12,20,16.0,16.0,23.0,18,22,12,28,24.0,31.0,17,13,,34.0,0,36.0,21.0,,18,30.0,17.0,41.0,14,28.0,16.0,,21.0,31.0,31.0,22,21.0,16,19.0,15,16,17,27.0,,19.0,15.0,43.0,59.0,41.0,37.0,36.0,23.0,13.0,26,28.0,12.0,21,28.0,,27.0,9.0,17,21.0,40.0,26.0,16,16,20.0,29,14.0,11.0,16.0,8.0,18,33.0,11,24,17.0,22,52.0,18,25.0,48.0,31.0,0,25,28.0,36.0,22,12.0,19,20.0,15,27.0,29.0,31.0,,28.0,21.0,46,46.0,,34.0,9.0,39.0,12.0,,16,17,34.0,19,8,11,34.0,32.0,25.0,18.0,20.0,17.0,15,15.0,23.0,37.0,10,25.0,21.0,25.0,34.0,49.0,15,54.0,22.0,36.0,,54.0,29.0,25.0,28,58.0,31.0,44.0,19.0,10.0,13.0,37.0,24,27.0,,14.0,33.0,25,26,8.0,37.0,19,38.0,54.0,27.0,35,12.0,8.0,29.0,14.0,18,13.0,16.0,12.0,21.0,38.0,29.0,39.0,,14.0,28,30,,42.0,,,24.0,21.0,30.0,11.0,11.0,,13,17,28.0,31,18.0,18.0,12.0,24.0,25,11,28.0,17.0,13.0,14.0,,40.0,33.0,24.0,18.0,13,36.0,,44.0,27.0,,28.0,28,9.0,29.0,,21,,18.0,34.0,12.0,26.0,28.0,19,22.0,26,26.0,28.0,21.0,47.0,,15.0,12.0,57.0,34.0,13.0,19.0,29.0,15.0,17.0,6.0,42.0,21.0,16.0,14.0,43.0,24.0,27,35.0,27.0,13,17.0,14.0,10,26.0,23.0,42.0,25,9,22,15.0,39.0,18.0,42.0,19.0,32.0,18.0,34.0,,19,10.0,17,18.0,10,25,14.0,23,9.0,21.0,13.0,35.0,18,27.0,19.0,47.0,35.0,41.0,52.0,21,20.0,24,14.0,39.0,52.0,25,19.0,14,9,16.0,9.0,22.0,15,25.0,,20,23.0,23.0,14.0,14.0,,27.0,10.0,26.0,19,20.0,22.0,34.0,28.0,36.0,30.0,35.0,6.0,18,31.0,20,22.0,6.0,19.0,23.0,19,14,27.0,30.0,15.0,15.0,44.0,16.0,14.0,34.0,18.0,19,32.0,16.0,13,26,57.0,30.0,19,46.0,34.0,18,30.0,7,14,29,23.0,19.0,21.0,49.0,32.0,57.0,,56.0,,13.0,40.0,26.0,,15.0,29.0,40.0,44.0,54.0,26.0,25.0,,27.0,,29.0,38.0,47.0,42.0,31.0,6.0,32.0,17.0,31.0,18.0,54.0,13.0,51.0,22.0,,44.0,27.0,25.0,10.0,,22.0,19.0,23.0,55.0,42.0,12,42.0,33.0,21.0,17,26.0,7.0,,13.0,32.0,,30.0,6.0,16.0,37.0,24.0,8.0,32.0,,18.0,14.0,30.0,4.0,16.0,55.0,18.0,,24.0,8.0,30.0,18.0,,33.0,15,,50.0,,0,21.0,31.0,0.0,7.0,,,26.0,35.0,37.0,25,20.0,,20.0,19.0,47.0,41.0,24,15,32.0,13.0,34.0,14.0,33.0,,40,20,55.0,38.0,22.0,40.0,,35.0,41.0,24.0,33.0,33.0,43.0,20.0,53.0,26.0,29.0,29.0,26,21.0,18.0,22.0,39.0,15.0,24,22.0,21,,24,22.0,21.0,43.0,31.0,24.0,30.0,22.0,19.0,47.0,16.0,,30.0,47,39.0,25.0,39.0,43.0,8.0,39,13.0,13.0,16.0,28.0,50.0,15.0,45.0,45.0,20.0,25,17,40.0,,14.0,20.0,40.0,18.0,37.0,16.0,22,41.0,,31.0,13.0,26.0,14.0,5.0,18.0,35,13.0,25.0,25.0,22,18,10.0,57.0,47.0,23.0,0.0,30.0,8.0,,50.0,25.0,,17.0,16.0,37.0,,16,55.0,,14.0,47.0,11.0,15,,40.0,26,,16.0,44.0,16.0,29.0,21.0,26.0,26.0,35.0,26.0,27.0,25,21.0,7.0,17.0,27.0,11,8.0,31.0,24.0,26.0,26.0,,40.0,10.0,15.0,17.0,37.0,54.0,13.0,41,15,50.0,44.0,19.0,,28.0,15,26,,,50.0,48.0,17.0,10.0,12.0,,11.0,42.0,36.0,43.0,4.0,7.0,18.0,14,17,19.0,45.0,0.0,13.0,31.0,14,16.0,,,32.0,11.0,18.0,18.0,31.0,16.0,9.0,16.0,,19.0,10.0,56.0,13,23.0,27.0,22,24.0,,14.0,,12.0,,51.0,50.0,20.0,24.0,24.0,16.0,23.0,,32.0,44.0,28.0,19.0,17.0,31.0,34.0,,25.0,23.0,15.0,,34.0,19.0,26.0,,20.0,29.0,,36.0,19.0,28.0,,36.0,29.0,25.0,28.0,24.0,,25.0,0.0,34.0,20.0,23.0,33.0,59.0,31.0,16.0,,,29.0,,17.0,28.0,,,33.0,23,54.0,19.0,43.0,24.0,,25.0,25.0,24.0,18.0,21.0,39.0,26.0,44.0,15.0,43.0,21.0,42.0,19.0,40.0,26.0,21.0,17.0,14.0,34.0,28.0,,19.0,32.0,27.0,,26.0,41.0,39.0,39.0,22.0,13.0,24.0,42.0,45.0,47.0,20.0,,,42.0,13.0,34.0,7,57.0,37.0,15.0,47.0,,,15.0,,53.0,25,44.0,44.0,10.0,,32.0,27.0,,19.0,21.0,36.0,0.0,36.0,27.0,31.0,26.0,,10,17.0,12.0,48.0,,54.0,31.0,21.0,15.0,29.0,10.0,43.0,57.0,21.0,55.0,17.0,25.0,,28.0,46.0,,45.0,19.0,12.0,28.0,11,21,16.0,,17.0,30.0,21.0,32.0,27.0,10.0,11.0,22.0,,55.0,40.0,30.0,26.0,53.0,34.0,14.0,,45.0,9.0,18.0,30.0,24.0,23.0,32.0,,26.0,,0.0,18.0,,26.0,23.0,26.0,,45.0,41.0,24.0,14.0,41.0,45.0,26.0,20.0,44.0,17.0,47.0,34.0,42,51.0,23.0,43.0,26.0,32,53.0,34.0,56.0,24.0,41.0,35.0,26.0,48.0,25,20.0,55.0,25.0,19.0,31.0,44.0,25.0,40,33.0,28.0,32.0,,38,16.0,16.0,,30.0,,26.0,20.0,7.0,33.0,12.0,20.0,,40.0,10.0,41.0,25.0,,,45.0,,0.0,43.0,22.0,,18,46.0,44.0,30.0,15.0,26.0,,22.0,44.0,21.0,25.0,28.0,31.0,15.0,32,25.0,46.0,33.0,43.0,22.0,0.0,21.0,,,41.0,55.0,26.0,41.0,36.0,12.0,,32.0,,50.0,44.0,28.0,49.0,48.0,23.0,35.0,24.0,29.0,41.0,14.0,38.0,32.0,8.0,39.0,34.0,,35.0,,,31.0,43.0,28.0,38.0,5.0,23.0,19.0,25.0,26.0,,37.0,9.0,44.0,34.0,44.0,48.0,38.0,41.0,12.0,24.0,10.0,38.0,38.0,16.0,17.0,,23.0,16.0,38.0,38.0,52.0,26,,,55.0,25.0,16.0,26.0,27.0,48.0,14.0,51.0,16.0,30.0,45.0,15.0,23.0,,27.0,49.0,28.0,59.0,39.0,47.0,15.0,,58.0,,12.0,34.0,43.0,18.0,25.0,20.0,46.0,21.0,16.0,,23.0,35.0,27.0,,17.0,27.0,42.0,,12.0,25.0,,51.0,37.0,22.0,36.0,41.0,12.0,38.0,,30.0,26.0,36.0,42.0,,43.0,0.0,27.0,,49.0,26.0,14.0,36.0,15.0,,,38.0,1.0,20.0,39.0,39.0,56.0,,26.0,,55.0,25.0,23.0,19.0,27.0,12.0,41.0,20.0,,28.0,23.0,38.0,34.0,43.0,45.0,44.0,42.0,55.0,,36.0,29.0,22.0,18.0,,,29.0,,44.0,43.0,,54.0,30.0,44.0,,23.0,0.0,21.0,20.0,24.0,2.0,20.0,24.0,42.0,24.0,10.0,37.0,32.0,26.0,32,14.0,,19.0,48.0,55.0,12.0,,27.0,16.0,22.0,0,20.0,26.0,8.0,32.0,28.0,39.0,49.0,23.0,32,57.0,34.0,19.0,25.0,32.0,,26.0,,36.0,46.0,35.0,17.0,9.0,34.0,,,15.0,26.0,46.0,14.0,,8.0,28.0,33.0,46.0,,12.0,24.0,37.0,26.0,7.0,25.0,,47.0,28.0,58.0,55.0,20.0,53.0,53.0,44.0,,29.0,11.0,37.0,35.0,27.0,33.0,15.0,,12.0,18.0,31.0,16.0,11.0,19.0,33.0,36.0,,,35.0,49.0,35.0,32.0,29.0,,18.0,29.0,36.0,48.0,35.0,40.0,48.0,20.0,,11.0,25.0,23.0,18.0,46.0,43.0,49.0,27.0,50.0,48.0,39.0,,31.0,28.0,46.0,23.0,54.0,55.0,22.0,27.0,,22.0,18.0,39.0,15.0,52.0,46.0,,,27.0,14.0,19.0,12.0,36,,,,39.0,6.0,54.0,57.0,49.0,55.0,33.0,59.0,30.0,49.0,20.0,,27.0,25.0,10.0,15.0,,38.0,,19.0,21.0,35.0,,18.0,,,59.0,21.0,57.0,20.0,27.0,,,11.0,49.0,,38.0,46.0,54.0,25.0,48.0,24.0,,27.0,55.0,40.0,16.0,53.0,12.0,17.0,51.0,,26.0,36.0,26.0,40.0,9.0,,16.0,29.0,31.0,56.0,23.0,,,48.0,8.0,,27.0,38.0,28.0,11.0,,38.0,14.0,,24,45.0,9.0,17,27.0,27.0,36.0,52.0,47.0,,36.0,13.0,16.0,14.0,,31.0,36.0,37.0,33.0,53.0,41.0,40.0,,43.0,18.0,16.0,,22.0,,33.0,27.0,26.0,17.0,28.0,18.0,13.0,,16.0,41.0,28.0,,7.0,,48.0,,19.0,44.0,50.0,38.0,0.0,59.0,21.0,35.0,25.0,,,56.0,55.0,31.0,33.0,,27.0,15.0,30.0,22.0,46.0,18.0,23.0,14.0,55.0,15.0,,,51.0,19.0,,17.0,,31.0,29.0,40.0,37.0,36.0,41.0,14.0,36.0,35.0,28.0,15.0,16.0,,,23.0,,32.0,26.0,5.0,29.0,21.0,36.0,,,26.0,,,20.0,11.0,59.0,,27.0,40.0,37.0,,40.0,,7.0,27.0,38.0,,33.0,56.0,24.0,44.0,,20.0,17.0,16.0,45.0,33.0,,12.0,28.0,27.0,,7.0,32.0,22.0,11.0,41.0,14.0,26.0,26.0,45.0,7.0,7.0,,47.0,31.0,30.0,,33.0,,,57.0,56.0,,11.0,,,19.0,24.0,19.0,56.0,56.0,37.0,,44.0,18.0,26.0,28.0,,,39.0,,43.0,23.0,,12.0,15.0,0.0,45.0,33.0,21.0,,20.0,,35.0,18.0,24.0,,,22.0,,,20.0,40.0,22.0,15.0,47.0,38.0,,,38.0,5.0,37.0,43.0,,,23.0,33.0,31.0,20.0,36.0,19.0,34.0,13.0,27.0,19.0,59.0,,,,10.0,0.0,49.0,,40.0,41.0,18.0,18.0,13.0,15.0,38.0,,34.0,29.0,30.0,55.0,7.0,9.0,55.0,,47.0,46.0,5.0,36.0,42.0,20.0,31.0,,13.0,23.0,57.0,52.0,49.0,,49.0,45.0,36.0,57.0,33.0,19.0,32.0,31.0,6.0,18.0,,44.0,47.0,34.0,43.0,23.0,19.0,47.0,43.0,35.0,0.0,19.0,33.0,52.0,15.0,33.0,,30.0,12.0,30.0,23.0,,,8.0,19.0,6.0,15.0,39.0,,56.0,32.0,32.0,16.0,22.0,17.0,51.0,41.0,,41.0,37.0,,50.0,29.0,40.0,12.0,30.0,36.0,30.0,20.0,,20.0,46.0,,15.0,24.0,,33.0,,,32.0,43.0,,50.0,38.0,58.0,17.0,21.0,,,35.0,34.0,45.0,,,16.0,34.0,43.0,31.0,48.0,38.0,31.0,37.0,26.0,11.0,18.0,,19.0,25.0,10.0,14.0,12.0,22.0,48.0,57.0,31.0,38.0,0.0,,19.0,27.0,32.0,22.0,23.0,42.0,,,46.0,,35.0,44.0,,27.0,23.0,34.0,31.0,13.0,38.0,40.0,24.0,24.0,,41.0,,,27.0,28.0,38.0,27.0,34.0,19.0,14.0,,50.0,57.0,44.0,20.0,39.0,44.0,29.0,48.0,,9.0,14.0,,21.0,36.0,33.0,,38.0,,32.0,29.0,,29.0,33.0,17.0,54.0,,13.0,14.0,50.0,53.0,32.0,59.0,29.0,25.0,,,38.0,,37.0,,51.0,13.0,52.0,,,46.0,45.0,16.0,8.0,,38.0,,,,,46.0,43.0,13.0,14.0,,26.0,56.0,59.0,,32.0,57.0,57.0,31.0,32.0,,14.0,48.0,14.0,42.0,48.0,27.0,43.0,5.0,25.0,31.0,36.0,50.0,35.0,38.0,,13.0,15.0,45.0,35.0,49.0,41.0,26.0,,18.0,44.0,,,40.0,,35.0,,36.0,,43.0,52.0,27.0,29.0,51.0,20.0,,,8.0,43.0,13.0,59.0,,45.0,,18.0,30.0,20.0,49.0,36.0,51.0,59.0,15.0,,29.0,24.0,,16.0,3.0,29.0,32.0,,24.0,40.0,12.0,21.0,38.0,53.0,17.0,29.0,29.0,31.0,27.0,25.0,20.0,,55.0,54.0,20.0,20.0,,26.0,20.0,,,10.0,21.0,2.0,37.0,,10.0,15.0,21.0,30.0,14.0,29.0,,38.0,,,,46.0,42.0,,45.0,51.0,53.0,27.0,,38.0,18.0,59.0,10.0,37.0,,47.0,20.0,,32.0,37.0,32.0,0.0,20.0,0.0,9.0,58.0,,56.0,16.0,,41.0,32.0,49.0,,25.0,,33.0,,34.0,,17.0,,28.0,,57.0,27.0,33.0,27.0,21.0,15.0,21.0,21.0,8.0,,39.0,50.0,,22.0,,15.0,,21.0,12.0,16.0,35.0,21.0,13.0,37.0,,20.0,2.0,,36.0,43.0,43.0,24.0,,51.0,,,57.0,15.0,59.0,19.0,,13.0,40.0,28.0,6.0,45.0,0.0,19.0,56.0,,20.0,12.0,24.0,15.0,19.0,16.0,21.0,33.0,15.0,23.0,,10.0,,32.0,25.0,59.0,18.0,16.0,51.0,12.0,14.0,7.0,,19.0,20.0,10.0,18.0,53.0,20.0,49.0,35.0,42.0,59.0,29.0,,57.0,46.0,,43.0,18.0,,46.0,,38.0,41.0,,31.0,,51.0,34.0,,,31.0,38.0,16.0,50.0,28.0,44.0,,,,58.0,35.0,,9.0,30.0,37.0,33.0,46.0,0.0,,48.0,31.0,0.0,0.0,47.0,17.0,26.0,,16.0,35.0,12.0,,29.0,17.0,21.0,,40.0,41.0,19.0,45.0,10.0,54.0,25.0,55.0,32.0,,41.0,35.0,43.0,,37.0,40.0,,26.0,22.0,,14.0,,30.0,14.0,56.0,25.0,53.0,19.0,,,27.0,44.0,,29.0,,31.0,31.0,46.0,14.0,,28.0,8.0,5.0,49.0,55.0,42.0,42.0,,9.0,,,,45.0,51.0,,,38.0,43.0,17.0,18.0,50.0,,31.0,39.0,14.0,18.0,29.0,,23.0,14.0,27.0,58.0,,13.0,51.0,23.0,28.0,36.0,11.0,,21.0,,59.0,5.0,25.0,14.0,32.0,14.0,22.0,,56.0,,,55.0,24.0,,34.0,,44.0,6.0,40.0,28.0,27.0,46.0,29.0,,30.0,58.0,57.0,39.0,25.0,14.0,48.0,,24.0,57.0,21.0,20.0,17.0,46.0,35.0,,,44.0,25.0,45.0,,,,14.0,35.0,,9.0,,30.0,44.0,31.0,18.0,,18.0,24.0,42.0,13.0,45.0,37.0,18.0,13.0,43.0,20.0,25.0,54.0,40.0,29.0,27.0,14.0,12.0,36.0,33.0,38.0,25.0,37.0,,46.0,,53.0,40.0,43.0,,,58.0,44.0,37.0,19.0,20.0,29.0,,16.0,17.0,15.0,,11.0,19.0,35.0,,42.0,46.0,,,40.0,35.0,45.0,,16.0,41.0,27.0,31.0,31.0,16.0,18.0,29.0,,26.0,,,,14.0,20.0,22.0,,20.0,37.0,34.0,,14.0,21.0,11.0,17.0,39.0,,,,,27.0,,23.0,17.0,26.0,27.0,,28.0,58.0,15.0,11.0,,58.0,47.0,20.0,18.0,,10.0,,55.0,,52.0,39.0,12.0,30.0,48.0,,55.0,59.0,56.0,41.0,26.0,27.0,32.0,26.0,26.0,53.0,10.0,24.0,23.0,21.0,39.0,19.0,48.0,13.0,36.0,,26.0,34.0,30.0,26.0,18.0,11.0,42.0,57.0,,29.0,,,,13.0,25.0,26.0,23.0,10.0,,40.0,17.0,59.0,14.0,33.0,12.0,43.0,14.0,,,26.0,,38.0,49.0,42.0,59.0,,31.0,21.0,50.0,10.0,,,34.0,22.0,,52.0,,18.0,23.0,,,27.0,,,29.0,,,26.0,25.0,29.0,47.0,18.0,,12.0,,44.0,51,3,2.4547945205479453,18.146522234891677,-0.3438894039409115
3,2,2,5,5,5,1,7,4,5,1,6,6,6,8,8,6,10,13,10,6,10,6,9,6,9,6,6,3,4,10,6,6,5,7,9,0,13,10,7,12,11.0,9,4,6,8,16,12,3,22,12,11,7,9,10,12,8,8,9,8,12,18,6,10,24.0,10,9,9,12,5,9,11,12,5,16,7,8,13,17,10,17,10,7,4,11,10,11,12,13,12,11,12,41,11,22,14,12,7,11,11,15,14,8,3,10,14,13,14,10,3,13,37.0,11,10,34.0,9,12,15,13,14,8,16,16,10,14,4,13,6.0,14,10,13,9,43.0,10,14,42.0,25,34,9,14,23,17,9,13,11.0,21.0,18,5.0,13,11,7,23,21.0,0,20,15,14,23.0,13,15,23,15,13,25,18,19.0,12,17,3,16,15,42.0,6,11,9,18,23,19.0,12,39.0,20,10,5,9,27,29.0,17.0,18,18,22.0,16.0,13,15,10,12,11,12,7,28.0,22,36,15.0,12,8,30,3,,14,10,22,24,6.0,10,7,20,13,15,11,15,20.0,30.0,19,5,12,17.0,13,17,37,,9,6.0,9.0,19,16,20.0,9,7,12,17.0,,11,13,14,19,24,8.0,11,12,14,13,14,15,17.0,13.0,8,21.0,23.0,,22.0,24,41.0,5,30,22,23.0,24.0,6.0,30.0,23.0,9,16.0,17.0,28.0,15,21,17.0,12,18,14,20.0,6.0,21.0,18,,20,18,10.0,20.0,12,11.0,25.0,10,19,21.0,7,37.0,16.0,42.0,20,13,8.0,15,21,13,14,11,25,12,14,11,17,22,11,,19.0,23,14,12,12.0,,4,21,18,43.0,10,,13,8,22,5,19,43.0,15,18.0,11,40,11.0,22,30,15,21.0,,23,19.0,15.0,45.0,25.0,13.0,23,14.0,31,24,10,14.0,13,32.0,,14,36.0,21.0,24.0,10,47.0,12,42,23,26,23,15,17,24.0,11,27.0,18,17,11,16.0,17,41.0,14,4.0,23,19.0,24,14,20.0,22,11.0,7,30.0,6.0,40,39,,13.0,9.0,22.0,,16,17.0,8.0,1,50.0,17,9,42.0,29.0,21,18.0,36,18.0,,25,23,40,30.0,13,17.0,20.0,13,43.0,6,7.0,18,11,10,21.0,11.0,17,15,16,34.0,12.0,15,18,37.0,11,14.0,31.0,4.0,25.0,,15.0,14.0,8.0,,9.0,22,23,23.0,53.0,38.0,,21.0,34.0,22.0,13.0,21,11,22.0,12.0,10,28.0,12.0,37.0,3.0,18.0,35.0,19,57,55.0,26.0,28.0,41.0,32,13.0,18.0,16.0,38,14,13,29.0,14.0,13.0,20.0,18,10,8.0,17.0,9,19.0,20.0,14,12.0,,12.0,24,31.0,22,7.0,44.0,48.0,26,38.0,15,31.0,11,18,41.0,39.0,8.0,,12,28,16,26.0,36,6.0,16,35,23.0,6,30,28.0,19.0,15,35,38.0,13.0,11.0,15.0,31.0,29.0,14,16.0,15,17,22.0,24.0,,25.0,43.0,15.0,18,23,12.0,11.0,24.0,15.0,8.0,39.0,25,15.0,6,43.0,41.0,5.0,18.0,18,9.0,16,17.0,29.0,19.0,26,,40.0,31.0,33,37,39.0,36.0,20.0,,41.0,8.0,37.0,14.0,8.0,28.0,24.0,47.0,38,27,12.0,,27.0,1,4,12,16,28.0,22.0,11,12,31.0,45.0,18,27.0,23.0,21.0,19,11.0,14.0,,27,9.0,,25.0,19.0,16.0,10.0,0,27.0,14,7.0,19,12,15,34.0,25.0,24.0,27.0,24.0,,16.0,42.0,22.0,18.0,28.0,13,23.0,17.0,0,5.0,,25.0,,24,20.0,58.0,8.0,8,23,,18,23.0,11.0,23.0,47.0,13,37.0,12,7,49.0,20,,37,33.0,13.0,43.0,25,11,48.0,21.0,39,50.0,15,39.0,13,29.0,23.0,,,33.0,50.0,49,10.0,22.0,30.0,3.0,9.0,0.0,17.0,33,11,30.0,18,7,10,38.0,13.0,18.0,34.0,11.0,0.0,40,13.0,17.0,27.0,11,23.0,55.0,15.0,,36.0,13,,13.0,21.0,,27.0,21.0,29.0,34,29.0,17.0,,,25.0,11.0,17.0,22,26.0,,11.0,11.0,12,12,9.0,5.0,11,29.0,24.0,7.0,36,25.0,22.0,6.0,35.0,16,45.0,29.0,30.0,39.0,20.0,26.0,,55.0,16.0,34,27,,20.0,0.0,24.0,32.0,9.0,19.0,28.0,,,23,13,51.0,19,13.0,22.0,2.0,9.0,12,7,32.0,24.0,47.0,39.0,,15.0,37.0,26.0,44.0,6,41.0,,27.0,29.0,7.0,13.0,12,22.0,27.0,19.0,13,1.0,5.0,29.0,26.0,16.0,12.0,16,14.0,18,27.0,53.0,,47.0,,33.0,,23.0,22.0,,,,12.0,35.0,12.0,12.0,,21.0,13.0,30.0,19.0,26,36.0,8.0,11,36.0,21.0,18,25.0,11.0,24.0,18,14,20,11.0,15.0,22.0,21.0,40.0,6.0,10.0,13.0,22.0,29,37.0,12,50.0,11,20,21.0,23,44.0,6.0,10.0,3.0,20,26.0,9.0,9.0,24.0,54.0,,10,19.0,18,44.0,15.0,51.0,11,5.0,29,11,19.0,29.0,,21,57.0,20.0,11,16.0,18.0,26.0,17.0,53.0,49.0,31.0,32.0,23,16.0,27.0,20.0,32.0,29.0,39.0,49.0,50.0,24,29.0,23,26.0,20.0,26.0,12.0,17,12,19.0,7.0,36.0,24.0,37.0,31.0,37.0,57.0,43.0,19,17.0,29.0,10,21,41.0,11.0,13,35.0,15.0,20,10.0,35,43,33,14.0,28.0,34.0,20.0,11.0,28.0,5.0,26.0,31.0,12.0,22.0,15.0,27.0,24.0,30.0,23.0,22.0,29.0,28.0,21.0,49.0,16.0,,25.0,18.0,36.0,52.0,,35.0,18.0,47.0,33.0,23.0,,25.0,54.0,32.0,54.0,34.0,17.0,,44.0,21.0,20.0,55.0,,19.0,,20,28.0,15.0,14.0,35,54.0,20.0,22.0,22.0,33.0,,28.0,21.0,,22.0,9.0,9.0,17.0,11.0,15.0,20.0,32.0,54.0,12.0,28.0,38.0,20.0,37.0,19.0,,21.0,,15.0,6,40.0,44.0,8.0,19,32.0,15.0,24.0,26.0,20.0,17.0,34.0,33.0,0.0,47,27.0,21.0,23.0,18.0,11.0,,18,28,9.0,15.0,7.0,25.0,14.0,15.0,17,17,,39.0,18.0,,,46.0,39.0,31.0,27.0,18.0,27.0,39.0,27.0,30.0,23.0,35.0,12,24.0,36.0,16.0,41.0,14.0,21,29.0,32,13.0,41,29.0,53.0,30.0,6.0,14.0,31.0,11.0,20.0,19.0,23.0,16.0,26.0,4,13.0,12.0,,26.0,14.0,19,9.0,,35.0,,12.0,20.0,39.0,32.0,9.0,19,12,49.0,33.0,16.0,10.0,49.0,18.0,18.0,14.0,28,,,45.0,0.0,44.0,9.0,27.0,7.0,19,22.0,23.0,17.0,11,17,25.0,,22.0,22.0,24.0,,37.0,,43.0,39.0,18.0,15.0,13.0,53.0,49.0,14,22.0,29.0,33.0,31.0,,14,32.0,,26,40.0,30.0,48.0,27.0,,39.0,32.0,48.0,18.0,19.0,40.0,13,36.0,51.0,45.0,9.0,22,0.0,25.0,17.0,4.0,8.0,,17.0,0.0,13.0,31.0,40.0,29.0,30.0,21,21,,3.0,23.0,27.0,20.0,23,17,15.0,25.0,29.0,,15.0,45.0,38.0,14.0,41.0,14.0,,48.0,33.0,,,40,18,11.0,23.0,27.0,23.0,15.0,20,58.0,,,33.0,19.0,20.0,11.0,33.0,13.0,14.0,26.0,,30.0,23.0,32.0,17,18.0,33.0,24,24.0,21.0,18.0,,45.0,25.0,17.0,28.0,15.0,,28.0,50.0,10.0,16.0,43.0,0.0,36.0,48.0,15.0,9.0,23.0,21.0,,24.0,22.0,10.0,8.0,16.0,49.0,19.0,17.0,33.0,,21.0,18.0,12.0,42.0,11.0,51.0,40.0,32.0,14.0,53.0,33.0,,37.0,,25.0,44.0,23.0,23.0,10.0,46.0,10.0,24.0,23.0,,16.0,12.0,9.0,56.0,23,8.0,55.0,47.0,17.0,21.0,24.0,15.0,17.0,27.0,,49.0,20.0,33.0,10.0,13.0,13.0,,15.0,29.0,20.0,39.0,,39.0,17.0,14.0,14.0,30.0,5.0,22.0,35.0,22.0,22.0,34.0,,35.0,39.0,34.0,28.0,9.0,52.0,,30.0,,17.0,26.0,54.0,8,42.0,38.0,,16.0,25.0,23.0,21.0,38.0,53.0,17,25.0,51.0,51.0,51.0,46.0,32.0,23.0,37.0,14.0,15.0,23.0,39.0,14.0,,27.0,3.0,26,25.0,15.0,16.0,,9.0,5.0,24.0,15.0,12.0,,,36.0,12.0,,15.0,29.0,18.0,49.0,55.0,22.0,,,20.0,,20,15,36.0,,24.0,23.0,,,5.0,24.0,35.0,26.0,27.0,31.0,30.0,11.0,26.0,32.0,18.0,,30.0,26.0,6.0,14.0,13.0,21.0,11.0,49.0,32.0,31.0,32.0,21.0,57.0,24.0,43.0,8.0,10.0,,35.0,19.0,10.0,0.0,,42.0,47.0,30.0,47.0,11.0,22.0,37.0,19,40.0,23.0,29.0,,17,28.0,16.0,46.0,17.0,14.0,,37.0,,17,,39.0,51.0,,26.0,42.0,,30,20.0,19.0,38.0,28.0,42,32.0,11.0,7.0,51.0,38.0,12.0,22.0,11.0,6.0,34.0,24.0,0.0,33.0,15.0,40.0,13.0,,,46.0,22.0,32.0,36.0,15.0,22.0,43,17.0,32.0,28.0,20.0,35.0,20.0,20.0,12.0,4.0,6.0,25.0,,47.0,21,9.0,32.0,36.0,26.0,50.0,16.0,,46.0,26.0,27.0,41.0,,20.0,19.0,29.0,,42.0,46.0,18.0,32.0,38.0,41.0,22.0,27.0,0.0,45.0,20.0,,43.0,34.0,12.0,34.0,18.0,50.0,11.0,,52.0,,,21.0,31.0,50.0,12.0,31.0,28.0,30.0,,0.0,29.0,45.0,,28.0,27.0,49.0,54.0,52.0,50.0,,7.0,,4.0,14.0,8.0,48.0,39.0,26.0,56.0,,45.0,22,58.0,17.0,33.0,51.0,39.0,,35.0,25.0,35.0,58.0,48.0,,18.0,26.0,14.0,,53.0,21.0,18.0,37.0,28.0,,,15.0,22.0,5.0,30.0,27.0,,30.0,23.0,,14.0,27.0,4.0,57.0,30.0,34.0,44.0,,10.0,20.0,,9.0,41.0,34.0,14.0,49.0,50.0,13.0,44.0,,28.0,,11.0,21.0,20.0,54.0,30.0,16.0,40.0,,57.0,45.0,,35.0,9.0,35.0,20.0,23.0,,,15.0,18.0,24.0,43.0,49.0,47.0,40.0,,43.0,56.0,,15.0,22.0,27.0,,23.0,26.0,28.0,16.0,34.0,46.0,,,41.0,,12.0,23.0,23.0,,22.0,29.0,53.0,,21.0,,28.0,10.0,38.0,16.0,24.0,17.0,21.0,42.0,39.0,14.0,46.0,23.0,34.0,18.0,7.0,32.0,32.0,38.0,25.0,37.0,23.0,28,48.0,,,15.0,,29.0,,19.0,16.0,7.0,11,15.0,21.0,,44.0,16.0,14.0,49.0,27.0,43,35.0,34.0,36.0,48.0,,,34.0,26.0,46.0,28.0,,44.0,7.0,28.0,50.0,20.0,,28.0,56.0,40.0,27.0,10.0,0.0,35.0,28.0,,21.0,45.0,51.0,58.0,,32.0,,,17.0,48.0,58.0,30.0,43.0,24.0,12.0,28.0,31.0,,23.0,51.0,41.0,20.0,31.0,15.0,38.0,6.0,18.0,37.0,21.0,23.0,12.0,56.0,24.0,,33.0,26.0,,,36.0,,24.0,,15.0,30.0,55.0,20.0,,23.0,33.0,10.0,30.0,,13.0,58.0,44.0,40.0,34.0,13.0,34.0,34.0,11.0,31.0,23.0,21.0,40.0,31.0,35.0,21.0,39.0,,15.0,,33.0,28.0,17.0,26.0,36.0,,41.0,14.0,8.0,35.0,13,20.0,22.0,9.0,,6.0,42.0,29.0,,,37.0,29.0,40.0,32.0,,7.0,22.0,24.0,21.0,9.0,49.0,0.0,,54.0,27.0,35.0,28.0,8.0,13.0,34.0,34.0,21.0,29.0,46.0,45.0,32.0,,58.0,52.0,23.0,45.0,18.0,23.0,0.0,48.0,27.0,,18.0,,42.0,22.0,21.0,29.0,19.0,,10.0,9.0,,42.0,52.0,,,31.0,28.0,38.0,42.0,41.0,,38.0,,42.0,31.0,,19.0,,14.0,25.0,15.0,29.0,11.0,16,,49.0,33,16.0,50.0,47.0,,27.0,14.0,,39.0,25.0,27.0,57.0,18.0,33.0,23.0,30.0,,16.0,36.0,20.0,39.0,23.0,50.0,46.0,,,33.0,30.0,21.0,,21.0,32.0,,20.0,0.0,,22.0,46.0,47.0,,31.0,33.0,22.0,17.0,51.0,8.0,39.0,20.0,12.0,24.0,50.0,0.0,57.0,40.0,18.0,39.0,28.0,49.0,25.0,21.0,,14.0,,36.0,9.0,54.0,22.0,35.0,28.0,20.0,,,45.0,24.0,36.0,31.0,27.0,50.0,50.0,25.0,,29.0,17.0,35.0,,41.0,9.0,57.0,42.0,23.0,25.0,17.0,24.0,40.0,9.0,39.0,37.0,20.0,31.0,48.0,,58.0,14.0,29.0,,28.0,12.0,49.0,13.0,36.0,7.0,25.0,8.0,,42.0,30.0,11.0,,,24.0,16.0,48.0,29.0,34.0,34.0,48.0,28.0,9.0,25.0,20.0,27.0,10.0,24.0,21.0,,44.0,32.0,,0.0,,15.0,15.0,54.0,,26.0,6.0,10.0,43.0,,19.0,,11.0,44.0,58.0,38.0,,56.0,28.0,,31.0,14.0,,,29.0,39.0,35.0,43.0,20.0,10.0,38.0,36.0,,,35.0,13.0,,14.0,25.0,6.0,25.0,,7.0,31.0,23.0,52.0,32.0,19.0,43.0,41.0,,41.0,12.0,57.0,37.0,42.0,28.0,,32.0,54.0,34.0,24.0,,22.0,55.0,23.0,34.0,16.0,10.0,26.0,24.0,33.0,31.0,,19.0,26.0,56.0,,37.0,30.0,29.0,40.0,51.0,47.0,15.0,0.0,13.0,26.0,28.0,19.0,,47.0,32.0,,24.0,19.0,47.0,50.0,39.0,40.0,42.0,19.0,53.0,32.0,,43.0,46.0,25.0,49.0,39.0,11.0,14.0,21.0,,19.0,42.0,10.0,32.0,56.0,21.0,31.0,44.0,,28.0,43.0,28.0,,37.0,16.0,,19.0,24.0,33.0,22.0,15.0,,4.0,44.0,57.0,58.0,40.0,26.0,28.0,37.0,14.0,,,46.0,29.0,,28.0,28.0,52.0,30.0,14.0,28.0,25.0,25.0,48.0,29.0,23.0,,21.0,57.0,0.0,48.0,30.0,13.0,17.0,,7.0,36.0,13.0,22.0,37.0,30.0,32.0,5.0,0.0,46.0,36.0,,12.0,45.0,11.0,,10.0,24.0,41.0,0.0,0.0,55.0,23.0,35.0,22.0,,54.0,23.0,18.0,,27.0,24.0,,,57.0,27.0,19.0,4.0,16.0,35.0,7.0,12.0,44.0,34.0,,48.0,48.0,,14.0,12.0,,45.0,,22.0,25.0,32.0,20.0,,20.0,37.0,19.0,58.0,49.0,18.0,24.0,27.0,48.0,31.0,,3.0,32.0,19.0,14.0,,53.0,13.0,56.0,23.0,13.0,28.0,,57.0,33.0,44.0,9.0,1.0,29.0,37.0,0.0,,,26.0,18.0,18.0,19.0,18.0,17.0,,10.0,20.0,46.0,11.0,,,41.0,39.0,26.0,35.0,14.0,,,26.0,14.0,19.0,58.0,32.0,,48.0,31.0,28.0,19.0,26.0,36.0,37.0,58.0,31.0,,16.0,27.0,40.0,30.0,,30.0,34.0,22.0,23.0,,22.0,38.0,36.0,19.0,25.0,29.0,28.0,57.0,30.0,19.0,17.0,21.0,41.0,18.0,57.0,45.0,17.0,,39.0,38.0,48.0,18.0,,20.0,,29.0,54.0,40.0,,30.0,45.0,27.0,33.0,,31.0,37.0,41.0,,17.0,12.0,12.0,,28.0,,29.0,33.0,36.0,7.0,29.0,53.0,11.0,,19.0,31.0,5.0,13.0,19.0,36.0,48.0,49.0,19.0,32.0,33.0,28.0,,16.0,21.0,16.0,42.0,13.0,40.0,,24.0,42.0,,7.0,52.0,48.0,,41.0,,,48.0,22.0,38.0,29.0,5.0,39.0,,11.0,23.0,23.0,,,57.0,11.0,28.0,28.0,53.0,44.0,33.0,13.0,11.0,10.0,54.0,37.0,14.0,15.0,7.0,5.0,23.0,18.0,10.0,40.0,13.0,28.0,54.0,,5.0,49.0,,,38.0,,41.0,43.0,35.0,,0.0,21.0,5.0,36.0,35.0,23.0,,10.0,20.0,39.0,31.0,,,,8.0,,,8.0,34.0,39.0,,27.0,14.0,,,,18.0,42.0,48.0,48.0,50.0,58.0,25.0,52.0,42.0,27.0,15.0,38.0,14.0,30.0,34.0,29.0,28.0,19.0,7.0,46.0,31.0,,27.0,17.0,46.0,44.0,26.0,27.0,,11.0,14.0,33.0,36.0,31.0,,,,,,,,22.0,,10.0,40.0,48.0,17.0,,,,9.0,37.0,25.0,26.0,15.0,27.0,4.0,37.0,56.0,12.0,54.0,48.0,15.0,16.0,,16.0,29.0,,32.0,31.0,,,34.0,18.0,40.0,39.0,12.0,32.0,22.0,19.0,,8.0,57.0,49.0,30.0,,24.0,,24.0,19.0,,,42.0,28.0,,23.0,39.0,51.0,47.0,,37.0,14.0,,40.0,16.0,24.0,,14.0,54.0,32.0,33.0,23.0,31.0,,36.0,37.0,25.0,47.0,53.0,,,48.0,,,13.0,56.0,13.0,24.0,39.0,,,,19.0,18.0,22.0,29.0,18.0,22.0,38.0,,,,35.0,,25.0,19.0,16.0,55.0,10.0,22.0,47.0,37.0,32.0,,39.0,55.0,16.0,,41.0,31.0,,,56.0,22.0,26.0,32.0,,22.0,11.0,18.0,25.0,,14.0,38.0,30.0,26.0,25.0,,36.0,,28.0,24.0,23.0,,56.0,15.0,,25.0,34.0,9.0,,14.0,28.0,,36.0,,31.0,15.0,,28.0,32.0,18.0,,35.0,,55.0,40.0,20.0,,10.0,,10.0,,,15.0,10.0,56.0,20.0,,,,39.0,,,,31.0,10.0,,,50.0,45.0,50.0,13.0,40.0,48.0,35.0,5.0,30.0,54.0,35.0,,,,31.0,46.0,,,24.0,45.0,34.0,,16.0,35.0,,,42.0,42.0,19.0,,53.0,47.0,,16.0,,,38.0,7.0,,4.0,13.0,33.0,24.0,45.0,46.0,,34.0,,,,17.0,53.0,40.0,12.0,,17.0,0.0,48.0,,11.0,,43.0,5.0,52.0,6.0,42.0,,17.0,27.0,,38.0,,25.0,10.0,8.0,28.0,,52.0,23.0,,43.0,31.0,26.0,51.0,,29.0,38.0,49.0,,41.0,21.0,52.0,46.0,37.0,,30.0,43.0,,35.0,9.0,,,,43.0,18.0,33.0,,50.0,47.0,,,,38.0,,50.0,,23.0,,54.0,41.0,29.0,38.0,34.0,36.0,45.0,,44.0,17.0,,9.0,40.0,45.0,57.0,17.0,,42.0,45.0,,7.0,53.0,15.0,22.0,21.0,30.0,41.0,,18.0,27.0,39.0,19.0,,12.0,58.0,37.0,41.0,,32.0,9.0,39.0,57.0,43.0,36.0,13.0,26.0,8.0,43.0,23.0,,,,42.0,57.0,21.0,19.0,,54.0,17.0,48.0,,25.0,39.0,,33.0,16.0,22.0,31.0,37.0,35.0,5.0,,,45.0,10.0,14.0,34.0,,14.0,29.0,23.0,24.0,17.0,10.0,48.0,,15.0,22.0,22.0,,14.0,17.0,22.0,,38.0,24.0,30.0,,57.0,20.0,41.0,22.0,27.0,48.0,,43.0,55.0,35.0,,,28.0,32.0,11.0,17.0,,40.0,30.0,19.0,28.0,28.0,,,,39.0,56.0,31.0,,18.0,16.0,35.0,47.0,26.0,47.0,,39.0,,45.0,52,3,2.4307065217391304,18.210098665118977,-0.3346987750839173
3,2,1,8,4,4,8,9,9,2,3,3,8,4,8,8,12,6,7,10,5,13,6,5,7,11,8,5,6,7,11,5,10,9,9,7,8,1,9,9,10,24.0,12,13,7,7,21,10,7,17,10,12,12,5,9,9,9,5,7,9,9,5,21,16,11.0,10,15,12,11,5,17,13,12,6,15,8,14,13,14,10,15,7,12,5,11,13,13,15,0,8,12,18,13,9,22,14,16,8,12,17,13,16,8,9,12,17,13,15,16,15,11,9.0,13,13,24.0,6,22,14,16,22,13,9,13,11,4,9,10,11.0,15,8,10,11,10.0,9,13,11.0,10,17,1,10,3,19,8,10,26.0,6.0,11,7.0,14,7,16,14,,11,20,8,12,19.0,10,17,11,16,20,14,12,30.0,8,15,7,18,14,39.0,6,17,11,16,15,17.0,17,16.0,20,18,0,15,21,24.0,36.0,11,28,41.0,50.0,14,22,12,15,33,9,11,28.0,14,22,,6,10,24,21,9.0,13,18,17,11,,25,10,16,16,10,17,9,25.0,29.0,13,16,19,19.0,20,17,22,40.0,12,27.0,20.0,10,14,29.0,26,17,9,0.0,26.0,8,19,17,19,16,23.0,21,19,19,3,12,15,20.0,13.0,25,60.0,43.0,30.0,15.0,10,30.0,24,9,25,21.0,3.0,23.0,7.0,23.0,2,10.0,12.0,,4,28,53.0,7,24,7,20.0,24.0,,13,11.0,13,26,13.0,14.0,12,9.0,15.0,8,20,,9,17.0,56.0,45.0,13,13,37.0,16,20,18,13,26,17,14,30,13,21,13,17,31.0,20.0,29,14,17,16.0,18.0,13,27,26,37.0,20,36.0,13,13,10,12,3,16.0,15,14.0,16,21,19.0,7,14,17,7.0,4.0,23,20.0,38.0,13.0,36.0,54.0,19,27.0,13,0,21,12.0,27,34.0,28.0,16,24.0,15.0,,16,,18,25,22,24,23,31,24,29.0,0,22.0,15,25,16,26.0,24,,14,5.0,7,15.0,31,17,26.0,16,17.0,8,23.0,26.0,23,24,13.0,41.0,30.0,46.0,35.0,18,22.0,30.0,21,3.0,14,9,33.0,27.0,4,14.0,19,28.0,44.0,26,23,22,30.0,19,22.0,20.0,19,13.0,19,10.0,20,15,11,25.0,37.0,25,21,35,18.0,17.0,17,7,26.0,22,15.0,12.0,8.0,10.0,29.0,13.0,11.0,28.0,29.0,18.0,13,16,32.0,57.0,23.0,42.0,28.0,45.0,,17.0,17,20,18.0,45.0,17,29.0,17.0,11.0,31.0,10.0,6.0,12,32,,13.0,13.0,26.0,12,,34.0,46.0,23,26,17,27.0,19.0,13.0,27.0,3,18,24.0,3.0,21,29.0,32.0,25,5.0,,,28,28.0,20,22.0,14.0,22.0,12,36.0,23,44.0,15,12,43.0,31.0,,41.0,23,11,13,27.0,24,12.0,4,11,30.0,16,25,18.0,43.0,23,6,18.0,16.0,16.0,22.0,32.0,4.0,9,19.0,40,14,22.0,45.0,27.0,40.0,3.0,11.0,12,17,4.0,25.0,15.0,44.0,29.0,17.0,14,7.0,12,3.0,,20.0,42.0,13,42.0,16,43.0,32.0,16.0,23,31.0,31.0,31.0,21,21,23.0,21.0,16.0,,40.0,20.0,,60.0,3.0,13.0,26.0,21.0,13,22,31.0,49.0,27.0,15,37,11,17,35.0,,17,9,41.0,,23,17.0,21.0,47.0,22,6.0,,28.0,20,27.0,32.0,37.0,41.0,34.0,41.0,34,14.0,23,17.0,31,34,11,14.0,27.0,26.0,,24.0,19.0,31.0,,13.0,17.0,10.0,9,56.0,57.0,34,9.0,,19.0,29.0,16,23.0,,35.0,18,9,32.0,31,13.0,17.0,30.0,,18,11.0,33,34,55.0,5,,6,32.0,13.0,26.0,20,33,41.0,21.0,21,31.0,13,14.0,22,,,,56.0,33.0,6.0,36,14.0,21.0,7.0,,,,26.0,13,10,15.0,23,18,24,36.0,33.0,41.0,17.0,9.0,15.0,27,28.0,35.0,27.0,10,35.0,20.0,39.0,31.0,12.0,13,44.0,12.0,18.0,43.0,26.0,34.0,20.0,30,16.0,38.0,8.0,58.0,17.0,17.0,40.0,16,49.0,60.0,31.0,,15,12,13.0,12.0,20,37.0,11.0,29.0,7,8.0,24.0,27.0,12.0,9,28.0,,12.0,8.0,20.0,,12.0,45.0,27.0,0,27,33.0,30.0,17.0,59.0,13.0,14.0,12.0,16.0,,58.0,32,19,20.0,26,46.0,19.0,34.0,36.0,16,12,35.0,24.0,41.0,22.0,10.0,20.0,20.0,42.0,44.0,28,12.0,,,33.0,20.0,45.0,17,33.0,24.0,33.0,11,17.0,21.0,10.0,20.0,18.0,15.0,28,14.0,35,,12.0,49.0,19.0,43.0,34.0,41.0,14.0,36.0,,23.0,35.0,54.0,13.0,8.0,28.0,,22.0,26.0,,27.0,16,25.0,59.0,25,37.0,33.0,7,32.0,45.0,,21,13,20,15.0,20.0,,43.0,34.0,28.0,19.0,56.0,15.0,24,16.0,7,28.0,26,18,12.0,23,20.0,,36.0,6.0,42,30.0,26.0,11.0,53.0,43.0,42.0,21,32.0,15,21.0,47.0,48.0,35,31.0,15,13,13.0,14.0,33.0,18,59.0,38.0,14,15.0,,33.0,11.0,11.0,13.0,38.0,34.0,21,12.0,18.0,19.0,44.0,,19.0,24.0,24.0,10,24.0,15,21.0,41.0,55.0,35.0,13,15,12.0,32.0,25.0,20.0,33.0,18.0,18.0,27.0,33.0,0,57.0,14.0,35,18,15.0,9.0,23,10.0,19.0,21,9.0,16,23,5,16.0,21.0,40.0,3.0,51.0,28.0,26.0,26.0,19.0,35.0,,25.0,,59.0,51.0,56.0,10.0,19.0,18.0,21.0,32.0,21.0,24.0,41.0,26.0,57.0,31.0,,30.0,33.0,27.0,23.0,33.0,17.0,19.0,46.0,24.0,21.0,28.0,13.0,24.0,58.0,15.0,27.0,15.0,43.0,46.0,21.0,30,5.0,25.0,39.0,20,40.0,12.0,33.0,23.0,29.0,,23.0,8.0,23.0,23.0,,,37.0,56.0,30.0,24.0,,16.0,16.0,33.0,33.0,36.0,44.0,17.0,,42.0,29.0,39.0,18,57.0,30.0,,22,15.0,35.0,19.0,11.0,52.0,25.0,26.0,32.0,59.0,28,30.0,,28.0,26.0,34.0,42.0,19,16,0.0,60.0,30.0,,16.0,11.0,12,15,55.0,49.0,,49.0,19.0,28.0,34.0,4.0,36.0,35.0,3.0,42.0,16.0,26.0,22.0,,12,19.0,13.0,40.0,22.0,13.0,24,7.0,36,44.0,24,29.0,20.0,13.0,,12.0,32.0,47.0,32.0,19.0,23.0,32.0,11.0,33,46.0,9.0,27.0,10.0,39.0,28,20.0,38.0,23.0,53.0,21.0,48.0,40.0,12.0,24.0,5,14,14.0,38.0,22.0,29.0,17.0,15.0,14.0,18.0,20,30.0,,14.0,38.0,7.0,42.0,26.0,26.0,27,17.0,26.0,44.0,32,18,13.0,,53.0,25.0,10.0,21.0,48.0,11.0,24.0,39.0,33.0,8.0,12.0,26.0,,6,19.0,12.0,56.0,20.0,32.0,9,8.0,45.0,18,32.0,24.0,21.0,23.0,53.0,36.0,28.0,24.0,52.0,15.0,21.0,32,13.0,40.0,34.0,40.0,19,27.0,36.0,30.0,31.0,,,29.0,11.0,31.0,12.0,25.0,25.0,20.0,21,13,,25.0,21.0,29.0,25.0,11,26,38.0,13.0,21.0,41.0,31.0,17.0,,17.0,16.0,,53.0,24.0,25.0,0.0,46.0,23,24,21.0,44.0,17.0,,43.0,16,12.0,,8.0,,30.0,42.0,7.0,25.0,11.0,42.0,19.0,27.0,25.0,,27.0,22,,28.0,25,43.0,19.0,40.0,11.0,19.0,,11.0,31.0,40.0,,0.0,32.0,22.0,24.0,45.0,,31.0,51.0,41.0,32.0,59.0,27.0,,27.0,26.0,42.0,31.0,52.0,24.0,19.0,28.0,31.0,,16.0,14.0,11.0,49.0,,,20.0,20.0,36.0,21.0,55.0,,57.0,38.0,22.0,20.0,21.0,35.0,27.0,,16.0,58.0,14.0,12.0,,34.0,,34.0,26,21.0,39.0,44.0,58.0,56.0,17.0,31.0,7.0,10.0,30.0,8.0,14.0,36.0,24.0,29.0,8.0,53.0,32.0,32.0,11.0,35.0,33.0,48.0,51.0,33.0,54.0,27.0,12.0,36.0,23.0,38.0,44.0,25.0,,16.0,0.0,37.0,,15.0,53.0,19.0,,,21.0,,39.0,3,28.0,26.0,14.0,23.0,12.0,36.0,35.0,35.0,28.0,22,45.0,38.0,50.0,0.0,26.0,33.0,25.0,30.0,21.0,37.0,25.0,,13.0,19.0,,33.0,11,15.0,24.0,38.0,14.0,5.0,24.0,16.0,60.0,17.0,22.0,0.0,34.0,7.0,28.0,27.0,35.0,16.0,28.0,17.0,38.0,43.0,25.0,31.0,21.0,21,27,20.0,37.0,14.0,22.0,13.0,29.0,10.0,40.0,22.0,26.0,26.0,,,55.0,26.0,36.0,24.0,33.0,45.0,13.0,41.0,31.0,45.0,16.0,25.0,18.0,,21.0,6.0,21.0,21.0,27.0,,15.0,43.0,16.0,7.0,18.0,52.0,19.0,43.0,44.0,27.0,29.0,44.0,52.0,42.0,15.0,41,29.0,35.0,40.0,,16,10.0,34.0,41.0,17.0,13.0,59.0,18.0,35.0,7,34.0,44.0,30.0,49.0,,36.0,36.0,29,39.0,8.0,20.0,0.0,22,33.0,,30.0,30.0,18.0,31.0,,50.0,43.0,5.0,26.0,38.0,31.0,30.0,59.0,22.0,22.0,31.0,15.0,48.0,11.0,23.0,12.0,36.0,22,15.0,20.0,23.0,50.0,37.0,58.0,30.0,,,18.0,46.0,60.0,0.0,22,30.0,0.0,24.0,,,,38.0,13.0,,19.0,58.0,37.0,33.0,20.0,46.0,44.0,,60.0,51.0,40.0,13.0,47.0,25.0,21.0,28.0,24.0,17.0,,55.0,36.0,25.0,19.0,25.0,,,23.0,45.0,32.0,29.0,44.0,7.0,19.0,10.0,18.0,33.0,32.0,49.0,12.0,7.0,26.0,39.0,18.0,9.0,41.0,32.0,14.0,36.0,19.0,10.0,22.0,26.0,0.0,20.0,45.0,20.0,11.0,4.0,,60.0,32,4.0,,28.0,41.0,53.0,49.0,25.0,29.0,33.0,,49.0,10.0,33.0,51.0,25.0,58.0,32.0,,34.0,11.0,,,20.0,28.0,17.0,44.0,4.0,34.0,10.0,18.0,23.0,25.0,15.0,11.0,5.0,19.0,13.0,42.0,0.0,51.0,19.0,,,23.0,41.0,20.0,51.0,,39.0,8.0,,,24.0,31.0,25.0,48.0,16.0,14.0,39.0,40.0,31.0,35.0,,20.0,42.0,,15.0,31.0,9.0,,37.0,42.0,11.0,13.0,30.0,21.0,22.0,49.0,43.0,,14.0,29.0,31.0,,53.0,19.0,,23.0,17.0,21.0,10.0,17.0,27.0,32.0,27.0,30.0,53.0,35.0,42.0,,40.0,,22.0,29.0,51.0,21.0,33.0,20.0,18.0,47.0,24.0,30.0,,50.0,,27.0,23.0,28.0,18.0,27.0,46.0,,32.0,,,36.0,36.0,18.0,11,53.0,20.0,40.0,22.0,23.0,15.0,19.0,,34.0,14.0,12,16.0,35.0,16.0,32.0,17.0,14.0,54.0,31.0,15,27.0,31.0,57.0,25.0,52.0,13.0,42.0,60.0,20.0,21.0,25.0,26.0,56.0,31.0,,10.0,3.0,29.0,26.0,22.0,22.0,17.0,58.0,41.0,35.0,6.0,6.0,2.0,5.0,42.0,31.0,37.0,44.0,,46.0,23.0,37.0,16.0,27.0,34.0,6.0,24.0,13.0,9.0,0.0,26.0,7.0,,24.0,42.0,38.0,24.0,36.0,,9.0,37.0,,49.0,42.0,,17.0,22.0,8.0,42.0,20.0,,27.0,44.0,27.0,21.0,52.0,48.0,39.0,17.0,,23.0,35.0,24.0,25.0,,40.0,31.0,,,,36.0,3.0,31.0,,24.0,35.0,,51.0,,17.0,22.0,35.0,21.0,11.0,7.0,14.0,,,50.0,30.0,,,14.0,36,,,54.0,18.0,,13.0,,,32.0,19.0,26.0,13.0,55.0,,,13.0,20.0,10.0,26.0,45.0,45.0,29.0,19.0,,36.0,,0.0,23.0,10.0,27.0,42.0,15.0,46.0,32.0,45.0,23.0,54.0,,28.0,29.0,18.0,33.0,4.0,60.0,27.0,26.0,36.0,20.0,17.0,42.0,26.0,22.0,25.0,11.0,48.0,35.0,31.0,36.0,18.0,56.0,,25.0,23.0,26.0,18.0,,31.0,20.0,33.0,0.0,17.0,32.0,60.0,38.0,13.0,34.0,47.0,29.0,,13,,27.0,47,56.0,55.0,32.0,57.0,46.0,37.0,43.0,55.0,20.0,22.0,22.0,27.0,25.0,26.0,44.0,10.0,40.0,39.0,,41.0,44.0,45.0,18.0,36.0,39.0,28.0,18.0,56.0,33.0,51.0,58.0,38.0,45.0,35.0,27.0,,29.0,47.0,,31.0,59.0,38.0,44.0,,12.0,6.0,11.0,40.0,46.0,23.0,,23.0,44.0,,41.0,0.0,24.0,37.0,42.0,16.0,24.0,29.0,32.0,7.0,20.0,29.0,35.0,22.0,,13.0,,22.0,53.0,,,0.0,40.0,,41.0,21.0,,43.0,35.0,50.0,30.0,17.0,58.0,41.0,22.0,48.0,14.0,48.0,,34.0,45.0,22.0,,38.0,,43.0,7.0,59.0,12.0,37.0,,,21.0,7.0,49.0,16.0,25.0,20.0,14.0,19.0,55.0,40.0,25.0,,54.0,38.0,36.0,23.0,45.0,15.0,50.0,37.0,25.0,43.0,18.0,13.0,9.0,43.0,23.0,45.0,38.0,43.0,35.0,25.0,29.0,18.0,35.0,38.0,45.0,8.0,14.0,,16.0,39.0,,29.0,,,13.0,56.0,60.0,27.0,35.0,,36.0,19.0,45.0,47.0,28.0,,17.0,49.0,,26.0,11.0,23.0,,32.0,54.0,13.0,12.0,17.0,29.0,23.0,25.0,21.0,35.0,,21.0,12.0,26.0,23.0,18.0,,58.0,16.0,21.0,,28.0,49.0,15.0,16.0,13.0,,,20.0,,35.0,10.0,34.0,49.0,,16.0,,,60.0,37.0,,31.0,21.0,29.0,21.0,46.0,51.0,13.0,23.0,,49.0,,24.0,54.0,48.0,,30.0,46.0,30.0,51.0,23.0,38.0,25.0,7.0,29.0,53.0,27.0,49.0,32.0,28.0,38.0,,,41.0,,27.0,6.0,40.0,27.0,38.0,53.0,29.0,22.0,44.0,,,,12.0,0.0,,23.0,18.0,53.0,10.0,6.0,5.0,16.0,9.0,,25.0,27.0,,45.0,5.0,,,22.0,52.0,,4.0,36.0,33.0,13.0,29.0,37.0,28.0,16.0,32.0,8.0,,50.0,30.0,,26.0,17.0,57.0,,32.0,14.0,,22.0,10.0,37.0,,23.0,27.0,,39.0,10.0,,56.0,25.0,33.0,48.0,54.0,27.0,27.0,37.0,,23.0,25.0,24.0,22.0,40.0,25.0,10.0,12.0,57.0,49.0,10.0,50.0,22.0,30.0,18.0,42.0,15.0,21.0,,42.0,,40.0,23.0,27.0,6.0,,20.0,50.0,14.0,11.0,,13.0,33.0,,51.0,15.0,51.0,41.0,37.0,,55.0,56.0,,36.0,12.0,52.0,27.0,22.0,,,11.0,,50.0,,23.0,14.0,39.0,12.0,2.0,49.0,47.0,15.0,39.0,19.0,,22.0,,30.0,24.0,19.0,44.0,4.0,56.0,55.0,,24.0,36.0,32.0,52.0,,37.0,37.0,27.0,60.0,22.0,17.0,22.0,11.0,32.0,42.0,,58.0,,12.0,37.0,41.0,,,22.0,,16.0,,24.0,33.0,60.0,31.0,,57.0,26.0,26.0,39.0,23.0,13.0,48.0,26.0,59.0,22.0,,56.0,32.0,53.0,21.0,45.0,35.0,22.0,6.0,,28.0,,55.0,40.0,45.0,,,21.0,21.0,38.0,55.0,3.0,55.0,20.0,53.0,,35.0,27.0,11.0,32.0,41.0,,,23.0,,15.0,52.0,31.0,21.0,42.0,24.0,28.0,,15.0,,35.0,54.0,29.0,22.0,,12.0,33.0,17.0,22.0,10.0,18.0,,56.0,33.0,52.0,,10.0,10.0,10.0,,,27.0,14.0,,25.0,24.0,14.0,29.0,33.0,55.0,23.0,53.0,7.0,,,26.0,32.0,,19.0,42.0,30.0,28.0,,24.0,,18.0,30.0,,,,33.0,5.0,21.0,52.0,25.0,40.0,,22.0,,,52.0,27.0,15.0,31.0,37.0,,25.0,26.0,57.0,14.0,43.0,59.0,34.0,13.0,57.0,,,29.0,31.0,12.0,9.0,34.0,17.0,44.0,27.0,31.0,35.0,43.0,,28.0,35.0,,,,38.0,33.0,,,,,,35.0,22.0,18.0,,26.0,46.0,24.0,,40.0,48.0,,51.0,39.0,25.0,24.0,,14.0,35.0,17.0,32.0,,51.0,41.0,32.0,,,,27.0,,41.0,50.0,30.0,,15.0,,,56.0,49.0,22.0,31.0,,18.0,,19.0,,55.0,40.0,25.0,31.0,36.0,10.0,57.0,,55.0,,15.0,,31.0,,,,,33.0,21.0,,6.0,0.0,51.0,23.0,44.0,19.0,22.0,20.0,25.0,46.0,55.0,16.0,,22.0,37.0,36.0,33.0,24.0,51.0,,8.0,46.0,23.0,,19.0,33.0,59.0,,39.0,,50.0,,43.0,34.0,,,11.0,19.0,50.0,,15.0,23.0,,58.0,39.0,52.0,23.0,29.0,,,33.0,21.0,,34.0,13.0,42.0,40.0,42.0,58.0,32.0,,,19.0,25.0,55.0,,,51.0,55.0,35.0,,,,26.0,28.0,12.0,5.0,10.0,13.0,,11.0,18.0,57.0,,14.0,,21.0,26.0,30.0,,31.0,5.0,46.0,,12.0,20.0,23.0,17.0,,55.0,29.0,,31.0,,18.0,24.0,,24.0,21.0,44.0,,37.0,,11.0,26.0,,43.0,23.0,47.0,26.0,37.0,36.0,21.0,15.0,35.0,30.0,43.0,,,22.0,35.0,,5.0,13.0,27.0,13.0,,33.0,56.0,8.0,40.0,13.0,14.0,6.0,,13.0,40.0,26.0,56.0,21.0,47.0,21.0,53.0,,19.0,22.0,,,,19.0,,22.0,3.0,36.0,17.0,18.0,,52.0,45.0,,,10.0,51.0,7.0,60.0,,48.0,,42.0,14.0,,34.0,49.0,29.0,,16.0,27.0,8.0,,42.0,,26.0,,56.0,36.0,,44.0,30.0,15.0,,,31.0,50.0,20.0,18.0,,26.0,,,34.0,16.0,13.0,51.0,58.0,,31.0,24.0,,0.0,55.0,18.0,,43.0,,46.0,40.0,34.0,,53.0,60.0,21.0,,29.0,57.0,6.0,32.0,18.0,24.0,37.0,0.0,38.0,,7.0,49.0,8.0,21.0,,18.0,22.0,48.0,22.0,,,44.0,43.0,47.0,44.0,25.0,53.0,39.0,,,17.0,17.0,19.0,21.0,55.0,34.0,25.0,22.0,,,40.0,,59.0,59.0,11.0,41.0,,34.0,39.0,,,37.0,,20.0,,,,22.0,,1.0,19.0,23.0,,,42.0,,,50.0,,8.0,30.0,,,53.0,59.0,,30.0,,,15.0,45.0,57.0,,,,,23.0,,36.0,36.0,,,43.0,,37.0,20.0,58.0,31.0,31.0,30.0,45.0,7.0,14.0,26.0,35.0,,34.0,52.0,35.0,41.0,,15.0,17.0,15.0,,27.0,52.0,5.0,,,21.0,27.0,,29.0,,,3.0,0.0,13.0,9.0,,58.0,37.0,57.0,45.0,29.0,40.0,13.0,8.0,,25.0,24.0,0.0,47.0,9.0,21.0,50.0,,39.0,23.0,15.0,42.0,29.0,16.0,23.0,,35.0,47.0,45.0,12.0,58.0,15.0,,,32.0,31.0,13.0,,30.0,35.0,0.0,26.0,,27.0,23.0,,25.0,,17.0,,,12.0,39.0,,,33.0,17.0,50.0,19.0,35.0,55.0,,24.0,6.0,,,60.0,16.0,35.0,48.0,31.0,45.0,,53,3,2.444897959183673,18.616461846241783,-0.3452473499419541
8,9,3,9,7,11,9,10,13,6,11,10,10,9,8,11,10,9,20,17,10,15,10,17,10,17,10,12,12,11,16,8,11,12,11,12,16,18,15,17,24,16.0,14,15,14,11,14,10,11,21,13,22,11,15,29,22,20,15,10,18,19,18,20,16,10.0,17,14,16,0,16,11,11,20,11,16,9,16,19,16,9,23,12,11,16,19,8,17,14,18,15,15,14,16,18,9,22,26,1,17,19,16,10,16,18,14,20,15,17,18,17,32,,15,20,35.0,4,10,16,15,26,6,17,17,17,19,16,16,18.0,14,9,26,20,24.0,17,23,51.0,13,32,13,16,19,14,16,18,58.0,14.0,10,15.0,24,14,12,16,17.0,11,13,34,20,40.0,23,19,21,11,15,15,22,14.0,19,20,18,20,20,48.0,11,18,11,29,22,26.0,18,32.0,23,18,20,15,1,18.0,31.0,15,20,51.0,23.0,20,24,19,23,21,16,19,19.0,5,10,24.0,13,19,22,20,34.0,23,16,16,16,10.0,17,21,17,10,27,12,20,22.0,25.0,10,25,21,19.0,23,23,16,46.0,21,20.0,24.0,18,21,16.0,20,26,17,28.0,,24,11,30,24,26,15.0,20,20,0,18,27,25,25.0,18.0,21,54.0,29.0,58.0,54.0,23,16.0,0,20,29,12.0,30.0,22.0,,19.0,17,39.0,46.0,25.0,13,13,28.0,17,19,20,36.0,0.0,23.0,21,,17,27,25.0,24.0,18,,25.0,16,17,29.0,19,35.0,19.0,,26,20,30.0,29,31,21,19,18,15,18,20,10,21,46,21,35.0,22.0,1,16,14,29.0,14.0,9,13,17,57.0,40,23.0,25,12,23,10,15,39.0,19,25.0,24,28,29.0,17,17,21,34.0,43.0,14,26.0,58.0,7.0,17.0,33.0,16,22.0,17,16,23,26.0,24,,0.0,20,11.0,13.0,39.0,18,,20,24,23,30,15,16,19,16.0,14,43.0,25,16,24,33.0,13,15.0,31,15.0,9,23.0,19,23,30.0,28,,21,41.0,11.0,17,37,,34.0,26.0,4.0,54.0,25,33.0,40.0,19,58.0,16,16,18.0,,32,30.0,36,22.0,57.0,21,9,18,23.0,21,29.0,13.0,13,15.0,14,26.0,12,25,23,38.0,39.0,1,18,34,51.0,34.0,8,20,37.0,38,36.0,9.0,27.0,,32.0,35.0,29.0,27.0,,26.0,19,20,11.0,39.0,10.0,27.0,12.0,,16.0,31.0,18,19,17.0,29.0,14,14.0,13.0,17.0,17.0,19.0,16.0,32,36,59.0,29.0,10.0,29.0,32,31.0,16.0,19.0,36,25,17,21.0,17.0,23.0,26.0,19,26,13.0,24.0,25,17.0,17.0,19,15.0,19.0,30.0,15,23.0,29,41.0,49.0,11.0,24,30.0,29,,20,17,50.0,42.0,27.0,,7,21,45,20.0,21,14.0,35,38,22.0,27,23,18.0,28.0,15,24,0.0,41.0,38.0,27.0,13.0,14.0,15,25.0,17,25,24.0,8.0,35.0,38.0,26.0,18.0,21,15,10.0,,25.0,42.0,25.0,46.0,22,36.0,22,,19.0,26.0,35.0,29,21.0,42,31.0,46.0,22.0,27,37.0,20.0,,21,17,18.0,28.0,1.0,26.0,,26.0,21.0,53.0,21.0,17.0,47.0,13.0,22,24,34.0,39.0,21.0,17,22,15,21,39.0,28.0,18,13,25.0,25.0,14,38.0,22.0,,12,16.0,38.0,27.0,24,22.0,24.0,16.0,29.0,,14.0,6,22.0,15,,20,19,30,14.0,30.0,35.0,18.0,51.0,39.0,53.0,30.0,40.0,26.0,33.0,28,27.0,25.0,21,27.0,34.0,31.0,51.0,22,25.0,,46.0,11,30,,17,37.0,20.0,49.0,11.0,19,40.0,23,13,1.0,19,,25,31.0,54.0,21.0,16,24,48.0,12.0,16,10.0,30,27.0,20,29.0,18.0,23.0,27.0,25.0,20.0,14,22.0,45.0,54.0,,,26.0,18.0,18,14,54.0,15,21,22,34.0,40.0,28.0,10.0,55.0,20.0,20,28.0,17.0,37.0,14,12.0,60.0,27.0,35.0,24.0,24,56.0,41.0,27.0,23.0,37.0,24.0,25.0,16,35.0,22.0,59.0,22.0,14.0,36.0,29.0,23,26.0,,15.0,57.0,29,16,41.0,,19,19.0,,22.0,26,13.0,35.0,24.0,15.0,13,,17.0,18.0,27.0,39.0,13.0,23.0,30.0,42.0,28,45,,24.0,43.0,26.0,21.0,20.0,21.0,52.0,,24.0,29,4,29.0,27,,20.0,42.0,42.0,25,14,16.0,46.0,21.0,30.0,55.0,32.0,31.0,29.0,59.0,24,41.0,56.0,28.0,23.0,40.0,39.0,12,30.0,15.0,28.0,20,23.0,32.0,44.0,8.0,33.0,22.0,26,21.0,24,,43.0,15.0,27.0,37.0,42.0,29.0,35.0,22.0,16.0,32.0,35.0,39.0,39.0,30.0,25.0,18.0,28.0,17.0,20.0,48.0,30,40.0,45.0,19,37.0,,20,16.0,18.0,59.0,27,21,25,28.0,43.0,56.0,,36.0,29.0,43.0,,18.0,21,37.0,27,18.0,24,24,24.0,32,14.0,,12.0,14.0,20,14.0,17.0,33.0,24.0,34.0,,15,12.0,26,19.0,18.0,3.0,25,0.0,13,15,33.0,4.0,,7,35.0,47.0,16,44.0,53.0,12.0,30.0,59.0,56.0,39.0,39.0,29,34.0,38.0,35.0,32.0,42.0,52.0,20.0,,13,26.0,26,43.0,27.0,43.0,8.0,31,23,22.0,17.0,56.0,20.0,31.0,23.0,32.0,27.0,44.0,20,15.0,28.0,22,24,,,24,22.0,34.0,33,48.0,29,19,44,19.0,27.0,24.0,22.0,35.0,50.0,,36.0,37.0,12.0,53.0,50.0,10.0,17.0,21.0,,45.0,17.0,24.0,36.0,,32.0,28.0,22.0,36.0,12.0,4.0,50.0,18.0,47.0,13.0,16.0,29.0,33.0,23.0,,23.0,30.0,19.0,41.0,,28.0,27.0,18.0,42.0,16.0,46.0,34.0,27,5.0,36.0,30.0,42,28.0,29.0,12.0,25.0,25.0,45.0,23.0,14.0,,20.0,1.0,34.0,38.0,22.0,25.0,50.0,14.0,36.0,43.0,,38.0,25.0,42.0,20.0,18.0,29.0,37.0,,23,32.0,33.0,15.0,30,55.0,4.0,15.0,15.0,,19.0,21.0,24.0,9.0,35,30.0,30.0,18.0,35.0,,,19,14,30.0,40.0,15.0,,34.0,25.0,22,14,19.0,43.0,22.0,34.0,41.0,36.0,,25.0,38.0,42.0,39.0,,26.0,24.0,30.0,17.0,19,23.0,8.0,48.0,47.0,24.0,28,23.0,27,15.0,16,26.0,28.0,50.0,,16.0,25.0,30.0,25.0,26.0,26.0,43.0,39.0,22,,60.0,,,51.0,46,31.0,46.0,34.0,14.0,37.0,,37.0,44.0,39.0,20,27,19.0,21.0,19.0,53.0,48.0,16.0,,33.0,12,41.0,32.0,47.0,47.0,40.0,44.0,43.0,42.0,24,25.0,41.0,22.0,21,11,41.0,41.0,28.0,41.0,13.0,17.0,12.0,48.0,28.0,19.0,38.0,27.0,29.0,16.0,17.0,29,35.0,,51.0,28.0,13.0,28,48.0,25.0,23,24.0,26.0,,16.0,,40.0,27.0,55.0,24.0,54.0,13.0,37,,28.0,13.0,36.0,22,57.0,,24.0,7.0,22.0,50.0,49.0,17.0,31.0,44.0,40.0,29.0,33.0,27,25,24.0,36.0,27.0,19.0,6.0,22,18,,20.0,42.0,26.0,15.0,41.0,28.0,29.0,20.0,29.0,40.0,,32.0,51.0,50.0,25,22,12.0,16.0,0.0,9.0,,15,60.0,10.0,28.0,25.0,52.0,32.0,34.0,17.0,33.0,16.0,21.0,57.0,57.0,13.0,,24,26.0,18.0,28,35.0,56.0,34.0,12.0,37.0,,23.0,,12.0,28.0,25.0,29.0,18.0,34.0,58.0,52.0,42.0,34.0,27.0,41.0,,,26.0,15.0,30.0,26.0,,31.0,28.0,,17.0,16.0,,38.0,4.0,38.0,44.0,60.0,25.0,29.0,,42.0,,,,39.0,42.0,,42.0,12.0,14.0,34.0,36.0,,26.0,35.0,55.0,57.0,,42.0,34.0,29,52.0,27.0,18.0,34.0,0.0,13.0,15.0,36.0,26.0,23.0,19.0,16.0,55.0,17.0,26.0,36.0,40.0,14.0,38.0,17.0,30.0,10.0,58.0,23.0,32.0,,25.0,14.0,37.0,23.0,27.0,40.0,20.0,42.0,28.0,14.0,38.0,,34.0,31.0,26.0,25.0,28.0,18.0,,24.0,23,,35.0,19.0,28.0,,23.0,14.0,56.0,29.0,24,38.0,18.0,36.0,33.0,28.0,39.0,31.0,22.0,24.0,56.0,34.0,44.0,,48.0,29.0,,17,33.0,15.0,,,19.0,21.0,19.0,25.0,31.0,,23.0,24.0,,24.0,29.0,20.0,28.0,0.0,36.0,42.0,54.0,41.0,31.0,19.0,12,22,42.0,41.0,25.0,31.0,59.0,28.0,24.0,19.0,,34.0,,26.0,41.0,31.0,21.0,,49.0,19.0,,35.0,27.0,,9.0,19.0,21.0,25.0,24.0,16.0,29.0,14.0,,,57.0,,,35.0,29.0,34.0,32.0,19.0,16.0,23.0,34.0,26.0,,25.0,43.0,21.0,31,26.0,29.0,30.0,17.0,18,19.0,,,46.0,48.0,49.0,32.0,38.0,14,,24.0,24.0,,,43.0,44.0,46,37.0,,27.0,48.0,33,,37.0,,31.0,26.0,18.0,23.0,45.0,29.0,23.0,42.0,50.0,23.0,20.0,37.0,23.0,35.0,53.0,,,45.0,0.0,53.0,25.0,25,50.0,24.0,21.0,17.0,29.0,,19.0,30.0,30.0,23.0,23.0,47.0,0.0,15,18.0,50.0,43.0,23.0,18.0,17.0,57.0,38.0,32.0,11.0,12.0,17.0,11.0,58.0,,,26.0,33.0,26.0,48.0,,,16.0,30.0,55.0,,24.0,52.0,55.0,25.0,28.0,41.0,18.0,23.0,28.0,53.0,23.0,49.0,35.0,37.0,24.0,45.0,16.0,52.0,40.0,26.0,30.0,44.0,18.0,24.0,58.0,40.0,19.0,,35.0,,17.0,25.0,27.0,13.0,39.0,,21.0,42.0,22.0,21.0,16.0,53.0,17.0,31,17.0,,23.0,18.0,39.0,45.0,5.0,12.0,39.0,47.0,50.0,27.0,,17.0,29.0,15.0,23.0,27.0,30.0,39.0,,27.0,22.0,29.0,19.0,21.0,33.0,30.0,17.0,43.0,41.0,29.0,44.0,41.0,30.0,47.0,16.0,0.0,40.0,49.0,18.0,28.0,58.0,19.0,,40.0,17.0,26.0,29.0,13.0,,48.0,0.0,25.0,28.0,49.0,27.0,20.0,34.0,21.0,14.0,,26.0,30.0,50.0,17.0,29.0,35.0,29.0,24.0,35.0,57.0,,13.0,54.0,50.0,41.0,56.0,23.0,22.0,,49.0,6.0,44.0,,12.0,6.0,45.0,24.0,54.0,25.0,46.0,35.0,30.0,,23.0,,35.0,31.0,,57.0,37.0,34.0,38.0,39.0,26.0,,20.0,10.0,25.0,30.0,17.0,54.0,24.0,59.0,26.0,25.0,25.0,12.0,,16.0,13.0,38.0,48.0,,,47.0,27.0,20,38.0,33.0,27.0,52.0,,46.0,23.0,42.0,30.0,28.0,30,22.0,19.0,14.0,48.0,37.0,,39.0,15.0,25,35.0,26.0,15.0,27.0,19.0,33.0,28.0,40.0,23.0,29.0,22.0,32.0,27.0,,59.0,8.0,,15.0,38.0,,,26.0,44.0,,,47.0,28.0,54.0,44.0,,30.0,26.0,27.0,43.0,19.0,,32.0,,34.0,35.0,23.0,28.0,16.0,,24.0,,24.0,35.0,25.0,24.0,25.0,35.0,59.0,,,52.0,46.0,39.0,,,31.0,22.0,16.0,,57.0,60.0,42.0,44.0,43.0,27.0,45.0,59.0,43.0,39.0,17.0,17.0,49.0,33.0,,,37.0,23.0,39.0,41.0,38.0,43.0,,36.0,32.0,20.0,31.0,57.0,,34.0,12.0,31.0,52.0,,17.0,12.0,18.0,52.0,49.0,46.0,41.0,25.0,25.0,23.0,25,16.0,26.0,10.0,,26.0,,,30.0,23.0,53.0,21.0,49.0,22.0,39.0,28.0,15.0,,30.0,38.0,14.0,,16.0,30.0,,,42.0,22.0,,37.0,,19.0,47.0,19.0,,,44.0,26.0,,47.0,,25.0,38.0,,,55.0,26.0,29.0,15.0,33.0,23.0,39.0,27.0,33.0,19.0,30.0,18.0,49.0,28.0,,54.0,,43.0,34.0,23.0,,34.0,,17.0,27.0,14.0,32.0,19.0,23.0,45.0,53.0,34.0,,57.0,,33,,49.0,22,53.0,38.0,,45.0,20.0,39.0,32.0,42.0,23.0,24.0,28.0,28.0,31.0,57.0,16.0,55.0,33.0,37.0,,,,52.0,48.0,24.0,44.0,24.0,,13.0,30.0,29.0,27.0,29.0,51.0,,44.0,29.0,28.0,7.0,38.0,,48.0,,16.0,43.0,26.0,17.0,0.0,43.0,59.0,50.0,41.0,24.0,29.0,34.0,43.0,8.0,40.0,31.0,18.0,49.0,24.0,21.0,38.0,22.0,,24.0,25.0,,44.0,51.0,40.0,24.0,20.0,53.0,53.0,44.0,13.0,54.0,,55.0,15.0,,,,54.0,18.0,16.0,47.0,43.0,44.0,0.0,30.0,,13.0,14.0,40.0,22.0,38.0,22.0,46.0,39.0,24.0,13.0,0.0,41.0,16.0,,23.0,9.0,29.0,19.0,31.0,12.0,48.0,31.0,45.0,,,49.0,19.0,27.0,30.0,26.0,59.0,13.0,41.0,,,36.0,24.0,8.0,28.0,18.0,17.0,39.0,22.0,56.0,13.0,23.0,32.0,,29.0,,,48.0,28.0,0.0,11.0,43.0,36.0,11.0,31.0,39.0,,,22.0,54.0,,49.0,,,34.0,50.0,,52.0,,0.0,35.0,0.0,20.0,49.0,51.0,29.0,34.0,13.0,45.0,34.0,35.0,33.0,55.0,27.0,,26.0,,27.0,,35.0,,47.0,25.0,30.0,42.0,21.0,26.0,20.0,52.0,,,16.0,40.0,44.0,42.0,16.0,24.0,45.0,34.0,55.0,13.0,14.0,,2.0,50.0,24.0,34.0,,52.0,26.0,52.0,,20.0,41.0,23.0,50.0,30.0,14.0,44.0,43.0,30.0,,28.0,46.0,11.0,24.0,29.0,14.0,19.0,30.0,33.0,51.0,39.0,43.0,46.0,55.0,24.0,60.0,,17.0,,29.0,20.0,25.0,,25.0,21.0,6.0,27.0,35.0,16.0,24.0,43.0,21.0,27.0,16.0,42.0,,9.0,22.0,31.0,30.0,33.0,26.0,40.0,35.0,46.0,25.0,,59.0,27.0,,0.0,22.0,27.0,32.0,,54.0,21.0,49.0,,,15.0,30.0,23.0,17.0,16.0,,26.0,41.0,19.0,,32.0,54.0,20.0,47.0,42.0,36.0,15.0,27.0,29.0,26.0,,,34.0,35.0,,,23.0,,39.0,,52.0,,33.0,15.0,46.0,28.0,,27.0,50.0,,14.0,31.0,,25.0,34.0,20.0,25.0,59.0,55.0,,57.0,33.0,20.0,,26.0,47.0,35.0,30.0,,43.0,38.0,,19.0,14.0,,23.0,55.0,16.0,54.0,42.0,40.0,54.0,48.0,,31.0,51.0,35.0,24.0,25.0,41.0,22.0,,,37.0,41.0,36.0,51.0,21.0,19.0,4.0,15.0,17.0,13.0,,,,43.0,35.0,25.0,49.0,44.0,37.0,28.0,10.0,,45.0,51.0,39.0,,15.0,,23.0,14.0,,,42.0,37.0,47.0,,34.0,33.0,,,52.0,42.0,42.0,21.0,48.0,52.0,26.0,59.0,25.0,19.0,12.0,51.0,,20.0,34.0,55.0,30.0,,34.0,39.0,30.0,,52.0,33.0,24.0,,47.0,38.0,5.0,40.0,,16.0,,17.0,16.0,35.0,12.0,43.0,32.0,47.0,,56.0,35.0,46.0,42.0,36.0,40.0,29.0,55.0,52.0,,31.0,45.0,23.0,47.0,,41.0,42.0,60.0,27.0,20.0,37.0,34.0,29.0,32.0,22.0,,39.0,35.0,42.0,44.0,26.0,56.0,0.0,46.0,50.0,,,27.0,34.0,44.0,,24.0,45.0,27.0,58.0,,21.0,50.0,42.0,13.0,,46.0,12.0,46.0,25.0,30.0,,57.0,48.0,16.0,,14.0,30.0,57.0,,42.0,17.0,11.0,19.0,,,22.0,11.0,56.0,44.0,56.0,24.0,29.0,,,24.0,,49.0,41.0,34.0,31.0,,,35.0,28.0,50.0,56.0,,,23.0,27.0,22.0,27.0,31.0,,0.0,38.0,21.0,35.0,28.0,33.0,,16.0,29.0,24.0,28.0,42.0,56.0,59.0,42.0,27.0,23.0,22.0,28.0,38.0,,21.0,36.0,,33.0,46.0,,57.0,57.0,58.0,37.0,44.0,60.0,54.0,36.0,42.0,33.0,,,50.0,,34.0,10.0,,,,36.0,,,,36.0,15.0,20.0,,26.0,37.0,,22.0,42.0,33.0,31.0,50.0,,28.0,13.0,,,12.0,30.0,50.0,14.0,16.0,54.0,13.0,50.0,17.0,23.0,12.0,,16.0,22.0,53.0,27.0,,,,,,,26.0,,,29.0,15.0,,,42.0,50.0,,27.0,16.0,33.0,17.0,31.0,53.0,32.0,,56.0,32.0,50.0,14.0,32.0,,,23.0,32.0,35.0,47.0,38.0,19.0,,30.0,4.0,19.0,44.0,57.0,,,0.0,52.0,25.0,26.0,,13.0,39.0,17.0,7.0,29.0,44.0,27.0,17.0,28.0,33.0,,,29.0,33.0,24.0,,41.0,12.0,50.0,41.0,23.0,54.0,,,,30.0,53.0,0.0,32.0,,24.0,33.0,,21.0,24.0,16.0,,27.0,,,,,42.0,28.0,,16.0,60.0,50.0,32.0,,,,,35.0,,36.0,38.0,,,10.0,26.0,35.0,23.0,34.0,,54.0,18.0,,45.0,22.0,11.0,46.0,50.0,33.0,50.0,25.0,25.0,,,14.0,30.0,28.0,18.0,25.0,17.0,,29.0,17.0,49.0,,,32.0,,,53.0,48.0,24.0,40.0,59.0,18.0,39.0,,11.0,24.0,,,48.0,49.0,37.0,,23.0,17.0,,20.0,,58.0,11.0,,,48.0,47.0,51.0,,28.0,13.0,45.0,16.0,,17.0,18.0,25.0,20.0,,19.0,,19.0,,45.0,47.0,15.0,,0.0,,59.0,,,45.0,,58.0,11.0,9.0,54.0,22.0,48.0,,,39.0,,0.0,,26.0,29.0,28.0,27.0,59.0,42.0,59.0,58.0,39.0,49.0,32.0,37.0,36.0,32.0,,57.0,10.0,34.0,34.0,13.0,,,16.0,39.0,16.0,38.0,38.0,,,36.0,,36.0,,54.0,23.0,19.0,21.0,46.0,21.0,,42.0,,35.0,,17.0,8.0,,49.0,55.0,,43.0,32.0,21.0,8.0,33.0,48.0,26.0,,25.0,29.0,,15.0,56.0,58.0,46.0,25.0,57.0,40.0,25.0,48.0,41.0,,52.0,,,,42.0,46.0,42.0,39.0,41.0,,37.0,,26.0,42.0,30.0,28.0,,,55.0,,37.0,,26.0,12.0,56.0,31.0,26.0,24.0,31.0,44.0,18.0,,46.0,26.0,55.0,56.0,19.0,49.0,,39.0,22.0,32.0,45.0,,24.0,44.0,31.0,20.0,54.0,,29.0,51.0,,33.0,30.0,21.0,26.0,34.0,0.0,58.0,36.0,16.0,23.0,,43.0,30.0,29.0,37.0,,36.0,,33.0,,,58.0,,28.0,19.0,21.0,20.0,,,30.0,35.0,35.0,,56.0,35.0,38.0,40.0,49.0,19.0,,45.0,43.0,43.0,32.0,,0.0,21.0,37.0,44.0,37.0,,37.0,43.0,,10.0,56.0,53.0,,15.0,47.0,,21.0,,29.0,34.0,,33.0,60.0,,55.0,51.0,32.0,30.0,,,43.0,8.0,0.0,48.0,,39.0,35.0,27.0,13.0,33.0,11.0,41.0,43.0,2.0,23.0,39.0,26.0,38.0,20.0,19.0,44.0,33.0,22.0,33.0,52.0,15.0,41.0,,57.0,,,36.0,,29.0,,,42.0,54,3,2.4162162162162164,17.38052843193567,-0.3365658257504246
9,8,7,9,10,10,11,12,11,9,2,9,11,11,14,13,11,10,25,17,6,16,7,13,12,11,15,14,9,11,14,13,9,10,11,8,14,20,12,16,0,14.0,18,18,16,14,20,17,14,28,16,17,13,10,6,19,15,18,12,13,19,10,23,9,13.0,12,19,10,11,11,8,19,15,13,14,13,16,16,13,12,18,6,12,13,14,10,12,15,20,8,16,13,31,12,21,20,19,10,15,17,24,21,15,12,13,13,14,19,14,15,20,36.0,16,15,13.0,15,32,7,16,19,17,16,19,11,17,13,13,11.0,17,18,19,22,15.0,2,18,18.0,18,15,13,16,11,14,10,10,33.0,58.0,32,37.0,13,17,20,16,24.0,12,21,13,18,0.0,21,20,19,6,21,22,13,37.0,10,21,13,13,15,18.0,13,16,13,19,20,30.0,20,20.0,18,18,10,12,24,33.0,19.0,28,17,22.0,36.0,19,15,12,14,8,10,11,26.0,0,41,21.0,11,14,26,30,42.0,18,20,13,19,54.0,20,14,17,19,20,10,18,17.0,25.0,5,6,27,20.0,14,20,15,39.0,26,18.0,13.0,33,20,53.0,47,17,15,13.0,0.0,24,11,21,8,19,21.0,12,19,22,18,18,21,21.0,29.0,30,52.0,41.0,26.0,29.0,21,28.0,24,15,29,29.0,38.0,40.0,48.0,31.0,12,22.0,38.0,26.0,17,16,,12,24,20,16.0,33.0,15.0,19,24.0,15,17,37.0,21.0,24,2.0,21.0,16,32,20.0,21,32.0,,,19,13,21.0,27,20,0,19,19,23,15,19,13,29,25,16,30.0,30.0,23,16,18,21.0,13.0,14,28,22,22.0,12,44.0,25,12,14,14,14,59.0,20,14.0,19,21,30.0,17,18,19,49.0,11.0,10,28.0,,16.0,19.0,15.0,15,39.0,0,21,31,34.0,25,13.0,24.0,20,16.0,21.0,,20,37.0,21,31,22,0,31,34,33,11.0,19,23.0,23,27,9,,20,15.0,43,11.0,10,,16,15,40.0,17,53.0,13,22.0,31.0,24,22,,26.0,21.0,22.0,,26,20.0,45.0,31,,11,27,,17.0,25,18.0,34,17.0,,19,22,14,23.0,22,21.0,,22,29.0,17,,22,19,18,28.0,7.0,23,22,20,36.0,29.0,13,19,33.0,7,23.0,23.0,14.0,21.0,23.0,44.0,17.0,38.0,23.0,17.0,23,27,33.0,19.0,20.0,32.0,26.0,49.0,19.0,18.0,35,22,14.0,26.0,15,22.0,19.0,,18.0,35.0,21.0,18,18,20.0,35.0,12.0,19.0,26,16.0,22.0,0.0,18,24,20,49.0,21.0,16.0,48.0,14,18,17.0,13.0,21,15.0,26.0,24,,29.0,32.0,22,0.0,30,23.0,34.0,27.0,17,16.0,17,,20,33,23.0,20.0,28.0,31.0,21,18,24,20.0,33,18.0,9,32,21.0,24,16,23.0,58.0,30,19,23.0,15.0,35.0,53.0,10.0,13.0,14,37.0,22,16,24.0,32.0,27.0,25.0,23.0,51.0,9,35,17.0,28.0,26.0,59.0,54.0,52.0,20,34.0,15,11.0,43.0,12.0,57.0,22,40.0,24,30.0,37.0,18.0,24,52.0,32.0,25.0,26,40,29.0,26.0,23.0,41.0,1.0,16.0,,,24.0,,15.0,33.0,21,23,45.0,23.0,16.0,14,28,19,25,36.0,35.0,17,19,22.0,,17,36.0,21.0,21.0,29,18.0,31.0,,13,30.0,28.0,16.0,58.0,14.0,,15,26.0,17,20.0,11,26,18,9.0,51.0,28.0,44.0,,10.0,43.0,44.0,28.0,35.0,53.0,18,54.0,34.0,30,18.0,,25.0,30.0,20,23.0,27.0,20.0,21,15,25.0,4,17.0,17.0,0.0,31.0,16,20.0,26,25,21.0,34,,16,32.0,24.0,33.0,21,26,40.0,23.0,30,17.0,24,43.0,18,27.0,23.0,47.0,36.0,17.0,31.0,27,15.0,,11.0,32.0,,13.0,28.0,25,23,23.0,27,14,29,31.0,25.0,26.0,17.0,23.0,11.0,28,23.0,21.0,59.0,37,21.0,29.0,37.0,36.0,34.0,16,,40.0,31.0,,30.0,12.0,41.0,41,15.0,20.0,24.0,42.0,18.0,12.0,53.0,36,24.0,30.0,30.0,50.0,22,11,10.0,,15,21.0,,21.0,15,18.0,38.0,38.0,13.0,17,27.0,15.0,7.0,17.0,36.0,33.0,38.0,26.0,,10,45,6.0,39.0,32.0,25.0,42.0,10.0,31.0,15.0,,24.0,24,11,20.0,27,52.0,39.0,25.0,25.0,18,29,22.0,18.0,32.0,44.0,15.0,21.0,,30.0,19.0,12,32.0,42.0,36.0,14.0,6.0,23.0,25,29.0,19.0,18.0,22,,18.0,23.0,43.0,21.0,25.0,29,23.0,17,43.0,,,27.0,,23.0,39.0,45.0,16.0,19.0,,15.0,26.0,42.0,12.0,21.0,20.0,21.0,36.0,24.0,7.0,4,26.0,19.0,30,18.0,24.0,23,29.0,35.0,18.0,23,19,21,20.0,43.0,3.0,28.0,12.0,5.0,36.0,,59.0,28,22.0,18,13.0,21,29,22.0,22,18.0,19.0,28.0,27.0,27,38.0,22.0,34.0,21.0,43.0,25.0,32,57.0,25,40.0,15.0,52.0,29,,21,35,22.0,27.0,42.0,22,26.0,,22,8.0,27.0,20.0,39.0,,30.0,13.0,47.0,39,23.0,16.0,23.0,40.0,38.0,,22.0,18.0,22,7.0,32,20.0,33.0,34.0,27.0,23,19,16.0,12.0,37.0,38.0,26.0,36.0,52.0,18.0,39.0,39,51.0,19.0,29,17,26.0,18.0,19,25.0,33.0,32,21.0,12,23,17,20.0,17.0,30.0,9.0,20.0,23.0,61.0,58.0,32.0,,19.0,20.0,13.0,21.0,22.0,36.0,16.0,42.0,38.0,21.0,,19.0,26.0,41.0,34.0,37.0,26.0,14.0,34.0,30.0,25.0,25.0,35.0,17.0,60.0,,11.0,22.0,13.0,17.0,32.0,17.0,41.0,39.0,20.0,46.0,50.0,26.0,35,15.0,,30.0,25,46.0,24.0,12.0,18.0,42.0,23.0,51.0,19.0,52.0,27.0,16.0,58.0,29.0,21.0,13.0,45.0,24.0,36.0,32.0,50.0,22.0,27.0,12.0,33.0,31.0,32.0,,32.0,26,21.0,20.0,15.0,27,36.0,29.0,27.0,37.0,16.0,47.0,48.0,20.0,8.0,8,22.0,,32.0,34.0,18.0,27.0,21,20,33.0,52.0,29.0,25.0,40.0,12.0,26,16,,24.0,18.0,,35.0,32.0,37.0,22.0,35.0,39.0,14.0,55.0,33.0,39.0,41.0,14.0,7,18.0,45.0,,39.0,,30,42.0,18,22.0,23,36.0,38.0,33.0,19.0,39.0,0.0,26.0,,22.0,47.0,26.0,30.0,27,30.0,16.0,30.0,16.0,23.0,43,18.0,49.0,22.0,12.0,23.0,15.0,,26.0,33.0,21,22,53.0,,56.0,37.0,47.0,47.0,35.0,28.0,27,0.0,,20.0,,39.0,42.0,35.0,24.0,23,28.0,59.0,10.0,27,25,30.0,28.0,19.0,23.0,30.0,40.0,,55.0,,26.0,,17.0,18.0,30.0,61.0,18,22.0,32.0,44.0,35.0,46.0,22,29.0,15.0,40,18.0,20.0,23.0,39.0,24.0,20.0,38.0,29.0,27.0,14.0,,21,31.0,48.0,39.0,,23,27.0,39.0,17.0,0.0,50.0,42.0,33.0,28.0,19.0,14.0,32.0,20.0,26.0,25,19,29.0,,19.0,13.0,22.0,24,31,,25.0,46.0,21.0,31.0,18.0,53.0,43.0,16.0,20.0,51.0,35.0,17.0,16.0,53.0,11,21,15.0,12.0,41.0,36.0,59.0,20,,,0.0,23.0,13.0,,34.0,47.0,29.0,21.0,45.0,59.0,25.0,,26.0,30,22.0,28.0,48,39.0,57.0,,10.0,20.0,20.0,14.0,,24.0,38.0,50.0,16.0,18.0,32.0,23.0,,30.0,28.0,23.0,30.0,14.0,,37.0,43.0,40.0,29.0,56.0,49.0,32.0,52.0,23.0,61.0,,40.0,17.0,23.0,35.0,30.0,,14.0,28.0,31.0,,,,24.0,50.0,29.0,34.0,16.0,20.0,32.0,,52.0,25.0,15.0,,50.0,,27.0,,49,12.0,45.0,40.0,45.0,,27.0,15.0,42.0,16.0,33.0,12.0,20.0,25.0,13.0,23.0,23.0,9.0,23.0,40.0,18.0,38.0,,,34.0,20.0,41.0,17.0,17.0,22.0,,33.0,60.0,16.0,37.0,21.0,0.0,14.0,27.0,,32.0,,,40.0,21.0,35.0,51.0,17,51.0,54.0,51.0,28.0,54.0,56.0,26.0,42.0,40.0,30,36.0,39.0,,53.0,18.0,25.0,32.0,28.0,3.0,33.0,58.0,37.0,36.0,,55.0,48.0,24,,27.0,22.0,33.0,15.0,29.0,,38.0,18.0,50.0,49.0,37.0,19.0,59.0,45.0,,42.0,15.0,6.0,12.0,,23.0,10.0,19.0,21,38,18.0,44.0,,20.0,46.0,18.0,16.0,17.0,32.0,44.0,40.0,46.0,30.0,61.0,37.0,,22.0,41.0,,30.0,39.0,22.0,40.0,41.0,18.0,18.0,9.0,24.0,46.0,,49.0,18.0,13.0,15.0,23.0,21.0,30.0,30.0,36.0,29.0,30.0,28.0,24.0,29.0,53.0,22.0,41.0,8.0,39,27.0,,40.0,43.0,26,21.0,,,34.0,,,,59.0,11,57.0,36.0,25.0,39.0,52.0,54.0,35.0,48,31.0,28.0,27.0,29.0,18,16.0,17.0,32.0,26.0,,22.0,37.0,18.0,20.0,10.0,34.0,29.0,17.0,19.0,49.0,0.0,7.0,0.0,27.0,25.0,37.0,14.0,39.0,,45,26.0,29.0,32.0,30.0,30.0,25.0,31.0,12.0,,10.0,,47.0,19.0,28,27.0,,33.0,,19.0,0.0,31.0,,,24.0,43.0,27.0,40.0,60.0,24.0,22.0,,0.0,30.0,18.0,12.0,,25.0,31.0,60.0,22.0,11.0,20.0,47.0,35.0,28.0,24.0,39.0,61.0,,24.0,34.0,,21.0,35.0,27.0,11.0,46.0,41.0,30.0,18.0,,59.0,21.0,16.0,49.0,41.0,32.0,27.0,29.0,42.0,47.0,43.0,21.0,20.0,22.0,16.0,28.0,40.0,27.0,30.0,31.0,18.0,17.0,20,50.0,,40.0,33.0,51.0,51.0,15.0,54.0,,,23.0,11.0,,17.0,41.0,,14.0,21.0,19.0,53.0,19.0,,15.0,24.0,44.0,42.0,23.0,19.0,23.0,12.0,,39.0,26.0,27.0,21.0,23.0,23.0,60.0,29.0,,11.0,8.0,36.0,33.0,40.0,26.0,34.0,46.0,35.0,,44.0,,19.0,33.0,23.0,58.0,0.0,,20.0,13.0,44.0,43.0,44.0,15.0,45.0,61.0,37.0,8.0,51.0,,22.0,24.0,30.0,19.0,35.0,35.0,,,33.0,16.0,24.0,20.0,32.0,,47.0,47.0,49.0,44.0,25.0,,45.0,38.0,35.0,61.0,61.0,14.0,19.0,11.0,38.0,19.0,27.0,45.0,18.0,35.0,,20.0,25.0,29.0,27.0,32.0,48.0,20.0,,,20.0,34.0,29.0,27.0,45.0,26.0,57.0,30.0,38.0,27.0,19.0,26.0,,16.0,56,33.0,59.0,25.0,18.0,17.0,41.0,23.0,,28.0,38.0,34,16.0,31.0,24.0,34.0,21.0,54.0,23.0,,27,,19.0,32.0,31.0,,52.0,59.0,50.0,31.0,52.0,,31.0,37.0,58.0,,,24.0,37.0,36.0,26.0,40.0,14.0,30.0,,13.0,16.0,52.0,38.0,,,7.0,28.0,25.0,41.0,16.0,39.0,33.0,,53.0,31.0,27.0,30.0,30.0,36.0,,19.0,5.0,32.0,20.0,0.0,3.0,15.0,28.0,26.0,33.0,31.0,33.0,45.0,30.0,41.0,37.0,27.0,31.0,19.0,,46.0,17.0,37.0,41.0,36.0,38.0,25.0,22.0,6.0,,19.0,25.0,32.0,25.0,36.0,28.0,22.0,,42.0,21.0,34.0,11.0,52.0,25.0,29.0,19.0,26.0,19.0,40.0,45.0,,48.0,10.0,20.0,,31.0,28.0,14.0,54.0,29.0,22.0,48.0,,39,49.0,53.0,,44.0,28.0,23.0,,24.0,24.0,21.0,36.0,26.0,60.0,14.0,21.0,40.0,18.0,,42.0,29.0,46.0,61.0,13.0,55.0,34.0,24.0,,,43.0,49.0,21.0,21.0,34.0,20.0,48.0,39.0,22.0,56.0,13.0,,21.0,28.0,46.0,36.0,11.0,,12.0,15.0,23.0,22.0,40.0,44.0,22.0,53.0,21.0,20.0,16.0,,28.0,55.0,26.0,40.0,23.0,44.0,,,,,20.0,52.0,22.0,42.0,26.0,26.0,21.0,,55.0,31.0,23.0,17,50.0,35.0,18,35.0,,32.0,33.0,16.0,37.0,34.0,49.0,32.0,22.0,16.0,23.0,51.0,44.0,22.0,33.0,21.0,42.0,41.0,32.0,20.0,41.0,36.0,39.0,33.0,48.0,20.0,,58.0,28.0,12.0,42.0,,16.0,44.0,23.0,33.0,,,30.0,43.0,32.0,26.0,47.0,17.0,20.0,33.0,20.0,,18.0,0.0,35.0,35.0,50.0,36.0,,30.0,49.0,44.0,55.0,,41.0,,31.0,19.0,40.0,,33.0,57.0,17.0,47.0,59.0,20.0,25.0,34.0,,,38.0,23.0,50.0,12.0,16.0,,55.0,27.0,16.0,49.0,,19.0,33.0,34.0,15.0,29.0,16.0,33.0,17.0,21.0,17.0,30.0,18.0,,37.0,16.0,,37.0,17.0,61.0,,13.0,18.0,47.0,22.0,24.0,33.0,,50.0,,25.0,,29.0,22.0,43.0,57.0,,36.0,31.0,17.0,16.0,16.0,38.0,56.0,15.0,,41.0,51.0,36.0,13.0,41.0,16.0,9.0,41.0,,49.0,30.0,15.0,22.0,,57.0,33.0,18.0,,40.0,16.0,,52.0,50.0,,52.0,22.0,30.0,50.0,23.0,,24.0,34.0,,47.0,17.0,56.0,55.0,57.0,49.0,32.0,56.0,42.0,21.0,37.0,26.0,43.0,22.0,49.0,44.0,47.0,,30.0,38.0,,,42.0,33.0,1.0,,34.0,19.0,35.0,38.0,22.0,33.0,17.0,27.0,,33.0,,29.0,29.0,20.0,,55.0,,,6.0,42.0,32.0,25.0,61.0,49.0,,,35.0,38.0,,43.0,11.0,42.0,42.0,37.0,23.0,22.0,38.0,,38.0,18.0,28.0,44.0,20.0,23.0,17.0,30.0,33.0,36.0,,16.0,26.0,50.0,19.0,25.0,,52.0,,13.0,52.0,40.0,19.0,17.0,42.0,,,45.0,13.0,17.0,32.0,43.0,35.0,29.0,57.0,56.0,29.0,23.0,18.0,19.0,20.0,,45.0,23.0,27.0,16.0,,21.0,28.0,28.0,22.0,17.0,30.0,48.0,23.0,35.0,57.0,27.0,20.0,,26.0,,,48.0,19.0,29.0,48.0,44.0,,22.0,21.0,36.0,16.0,51.0,38.0,44.0,31.0,19.0,55.0,26.0,29.0,,26.0,33.0,,16.0,20.0,,26.0,31.0,39.0,53.0,5.0,,38.0,28.0,17.0,16.0,19.0,42.0,18.0,17.0,46.0,,17.0,21.0,,,36.0,44.0,23.0,,17.0,,42.0,36.0,18.0,47.0,41.0,30.0,54.0,,30.0,20.0,45.0,24.0,32.0,,21.0,39.0,34.0,31.0,26.0,12.0,56.0,20.0,39.0,,44.0,10.0,,,,37.0,,42.0,,36.0,17.0,16.0,29.0,48.0,,,49.0,,41.0,22.0,,28.0,26.0,5.0,20.0,46.0,,26.0,21.0,21.0,,,,53.0,14.0,,57.0,53.0,,48.0,54.0,32.0,,28.0,21.0,29.0,58.0,20.0,54.0,54.0,0.0,25.0,36.0,34.0,24.0,,16.0,44.0,24.0,45.0,58.0,,52.0,61.0,,37.0,40.0,,,42.0,25.0,26.0,,,19.0,27.0,51.0,9.0,24.0,33.0,16.0,,26.0,12.0,36.0,20.0,61.0,35.0,28.0,22.0,16.0,45.0,54.0,26.0,21.0,,,57.0,24.0,,20.0,,,,59.0,,13.0,26.0,58.0,23.0,,45.0,29.0,53.0,22.0,18.0,55.0,55.0,0.0,38.0,60.0,14.0,37.0,40.0,59.0,22.0,,39.0,,20.0,30.0,30.0,,,,21.0,12.0,33.0,23.0,21.0,57.0,,42.0,37.0,19.0,48.0,59.0,50.0,15.0,,5.0,33.0,,,,38.0,56.0,22.0,32.0,31.0,,21.0,22.0,20.0,30.0,55.0,61.0,16.0,,29.0,,18.0,14.0,29.0,,35.0,35.0,55.0,32.0,37.0,30.0,,,,30.0,48.0,13.0,,17.0,57.0,46.0,56.0,51.0,43.0,38.0,24.0,40.0,16.0,60.0,19.0,39.0,45.0,32.0,36.0,,57.0,,,29.0,,,,,,31.0,18.0,44.0,48.0,17.0,30.0,61.0,28.0,51.0,18.0,51.0,37.0,0.0,28.0,49.0,,51.0,22.0,32.0,,,24.0,24.0,36.0,42.0,19.0,40.0,13.0,45.0,28.0,29.0,31.0,35.0,29.0,11.0,44.0,,19.0,37.0,,61.0,19.0,20.0,0.0,26.0,32.0,,,26.0,,32.0,15.0,15.0,43.0,19.0,,37.0,,,22.0,17.0,0.0,,,,48.0,24.0,54.0,55.0,5.0,31.0,38.0,22.0,14.0,30.0,35.0,,29.0,,,15.0,,33.0,36.0,,,32.0,,,27.0,54.0,,60.0,,22.0,39.0,46.0,36.0,35.0,,,58.0,,30.0,22.0,,35.0,,57.0,24.0,35.0,54.0,35.0,29.0,,32.0,37.0,43.0,21.0,,33.0,32.0,28.0,39.0,50.0,43.0,,28.0,,45.0,,,15.0,13.0,56.0,12.0,,20.0,,,32.0,58.0,,13.0,14.0,29.0,,29.0,,24.0,,27.0,,21.0,31.0,21.0,47.0,50.0,60.0,57.0,32.0,43.0,,27.0,50.0,39.0,,26.0,,3.0,37.0,,15.0,,8.0,41.0,49.0,17.0,,51.0,40.0,,32.0,53.0,16.0,15.0,33.0,27.0,40.0,39.0,0.0,21.0,30.0,31.0,53.0,,54.0,51.0,23.0,57.0,32.0,,,25.0,30.0,,30.0,35.0,16.0,,,,,51.0,16.0,,41.0,18.0,11.0,44.0,44.0,30.0,49.0,,,,26.0,17.0,43.0,45.0,22.0,15.0,19.0,35.0,,48.0,26.0,26.0,50.0,15.0,,42.0,,34.0,40.0,45.0,51.0,,,16.0,41.0,22.0,,17.0,19.0,,,,,26.0,26.0,60.0,35.0,35.0,38.0,35.0,29.0,,43.0,14.0,,17.0,45.0,,21.0,58.0,50.0,21.0,35.0,,39.0,,54.0,40.0,15.0,13.0,26.0,17.0,39.0,38.0,26.0,,,35.0,40.0,47.0,,42.0,33.0,,18.0,,33.0,,,21.0,25.0,,3.0,61.0,,36.0,28.0,,21.0,34.0,,29.0,,44.0,25.0,,29.0,,38.0,27.0,,,25.0,32.0,23.0,54.0,19.0,46.0,50.0,8.0,18.0,0.0,58.0,,39.0,32.0,22.0,17.0,42.0,44.0,31.0,24.0,36.0,,,30.0,26.0,26.0,13.0,50.0,20.0,,53.0,32.0,,42.0,27.0,38.0,49.0,,31.0,,18.0,18.0,39.0,,38.0,51.0,,,33.0,37.0,20.0,,37.0,40.0,,,13.0,,49.0,52.0,43.0,,18.0,,34.0,18.0,,43.0,52.0,7.0,41.0,17.0,6.0,59.0,,47.0,24.0,37.0,39.0,,21.0,16.0,13.0,44.0,0.0,,,19.0,40.0,53.0,42.0,39.0,26.0,,,16.0,35.0,54.0,,25.0,,31.0,30.0,,36.0,,30.0,,19.0,18.0,19.0,31.0,61.0,36.0,,,17.0,,16.0,53.0,,31.0,,48.0,28.0,42.0,,58.0,43.0,,40.0,13.0,17.0,59.0,32.0,27.0,23.0,41.0,37.0,45.0,35.0,,54.0,53.0,,47.0,35.0,,42.0,29.0,,27.0,14.0,19.0,37.0,55.0,49.0,,57.0,30.0,47.0,26.0,,51.0,50.0,,,33.0,,55.0,,28.0,,55,3,2.437669376693767,17.34662489319282,-0.3570150041091801
5,6,8,10,7,11,6,10,12,9,9,10,11,6,11,12,16,7,38,21,0,15,7,10,5,14,12,8,9,10,13,10,9,10,17,12,9,15,16,17,18,27.0,13,19,13,0,0,10,9,36,14,14,13,11,17,42,16,11,13,13,13,15,18,10,28.0,13,15,7,19,12,16,15,17,15,16,18,16,13,15,10,15,14,12,14,16,16,16,13,12,9,6,12,27,9,17,14,16,11,18,15,14,33,17,12,15,20,14,20,11,7,14,55.0,17,17,22.0,10,23,19,14,8,5,17,15,18,12,13,17,19.0,24,18,18,18,52.0,11,17,48.0,12,25,15,16,21,13,14,13,33.0,4.0,23,,13,3,14,12,39.0,15,22,22,21,23.0,41,18,18,19,12,15,19,18.0,13,21,16,7,11,25.0,7,21,18,22,16,27.0,17,41.0,15,17,10,35,18,38.0,16.0,22,18,29.0,,16,11,7,16,25,10,16,33.0,15,18,18.0,23,12,14,11,57.0,15,15,28,3,49.0,24,27,15,14,18,17,14,22.0,32.0,18,13,32,8.0,22,16,12,18.0,28,10.0,37.0,24,22,27.0,29,24,12,10.0,,21,17,16,16,24,26.0,14,10,12,13,14,15,20.0,25.0,26,25.0,27.0,33.0,60.0,15,30.0,10,21,7,29.0,31.0,43.0,58.0,32.0,15,15.0,46.0,28.0,12,27,37.0,31,37,18,24.0,31.0,19.0,20,26.0,12,19,14.0,32.0,23,,34.0,12,20,23.0,10,27.0,20.0,9.0,13,13,,27,34,26,16,20,17,18,17,4,35,7,16,15.0,38.0,9,14,17,37.0,14.0,18,38,16,15.0,19,55.0,20,17,22,16,14,19.0,9,10.0,19,14,43.0,17,13,15,19.0,11.0,10,29.0,48.0,21.0,38.0,26.0,23,45.0,8,16,22,23.0,18,12.0,20.0,7,43.0,30.0,35.0,24,11.0,15,22,20,28,14,41,15,35.0,23,16.0,18,21,15,31.0,18,45.0,41,35.0,14,22.0,19,22,37.0,22,25.0,8,25.0,30.0,32,36,40.0,33.0,12.0,16.0,22.0,27,38.0,14.0,19,,16,10,55.0,17.0,31,25.0,11,11.0,51.0,21,19,22,,16,39.0,22.0,18,27.0,16,60.0,22,16,15,58.0,52.0,16,14,29,,25.0,17,23,30.0,18,46.0,19.0,39.0,,17.0,48.0,12.0,44.0,19.0,21.0,17,35,40.0,44.0,27.0,18.0,13.0,,14.0,31.0,20,22,21.0,35.0,16,34.0,32.0,28.0,16.0,43.0,15.0,21,16,27.0,30.0,25.0,34.0,20,,9.0,48.0,16,23,34,48.0,35.0,12.0,24.0,21,23,18.0,42.0,18,12.0,34.0,29,22.0,,17.0,43,18.0,19,24.0,26.0,20.0,18,15.0,24,33.0,15,20,49.0,56.0,16.0,17.0,14,25,15,54.0,43,39.0,23,53,23.0,36,9,14.0,33.0,26,21,25.0,15.0,36.0,30.0,58.0,24.0,19,22.0,15,13,39.0,36.0,34.0,,20.0,39.0,13,37,30.0,36.0,32.0,32.0,48.0,19.0,0,9.0,26,51.0,11.0,10.0,,19,32.0,13,,54.0,16.0,24,,,19.0,30,19,43.0,29.0,24.0,,14.0,20.0,49.0,18.0,12.0,13.0,,30.0,24,23,49.0,41.0,19.0,16,22,11,29,39.0,27.0,18,9,35.0,32.0,28,21.0,33.0,16.0,25,30.0,22.0,41.0,12,31.0,,5.0,45.0,24.0,18.0,22,30.0,23,20.0,11,19,16,58.0,38.0,14.0,19.0,19.0,,20.0,34.0,42.0,20.0,11.0,23,18.0,42.0,26,22.0,23.0,13.0,11.0,20,52.0,,14.0,0,20,31.0,10,17.0,21.0,39.0,25.0,34,28.0,17,31,31.0,19,20.0,35,29.0,10.0,33.0,19,32,25.0,22.0,34,,25,24.0,24,49.0,17.0,,28.0,45.0,15.0,21,13.0,,36.0,20.0,58.0,16.0,,21,20,6.0,22,25,25,51.0,18.0,10.0,17.0,,15.0,36,34.0,26.0,25.0,17,44.0,20.0,25.0,,51.0,23,21.0,42.0,26.0,,24.0,23.0,42.0,12,17.0,36.0,55.0,43.0,21.0,26.0,31.0,29,39.0,,16.0,,24,38,21.0,11.0,20,26.0,12.0,36.0,34,17.0,48.0,25.0,17.0,20,26.0,25.0,22.0,,59.0,16.0,27.0,55.0,42.0,19,26,32.0,29.0,,27.0,38.0,29.0,12.0,,57.0,29.0,16,25,33.0,37,47.0,58.0,36.0,40.0,17,13,27.0,4.0,33.0,13.0,33.0,25.0,,11.0,15.0,30,32.0,24.0,27.0,28.0,16.0,,22,22.0,18.0,20.0,25,31.0,26.0,21.0,28.0,28.0,22.0,35,26.0,27,24.0,21.0,19.0,42.0,,29.0,19.0,47.0,19.0,31.0,,17.0,19.0,37.0,12.0,23.0,21.0,17.0,17.0,19.0,38.0,11,38.0,23.0,20,20.0,38.0,16,27.0,29.0,40.0,27,17,5,36.0,14.0,,40.0,11.0,24.0,19.0,45.0,,8,15.0,14,14.0,14,34,20.0,31,27.0,32.0,22.0,49.0,20,,29.0,28.0,41.0,58.0,58.0,32,23.0,14,59.0,47.0,56.0,20,23.0,10,17,26.0,22.0,25.0,23,57.0,38.0,25,21.0,,32.0,24.0,17.0,18.0,24.0,30.0,40,26.0,27.0,44.0,34.0,,26.0,32.0,13.0,21,13.0,11,25.0,30.0,25.0,26.0,30,23,43.0,14.0,43.0,39.0,20.0,36.0,31.0,4.0,58.0,16,20.0,27.0,28,19,36.0,6.0,14,0.0,31.0,25,14.0,25,35,35,36.0,28.0,23.0,33.0,35.0,27.0,51.0,27.0,31.0,24.0,30.0,25.0,15.0,36.0,34.0,,32.0,8.0,13.0,14.0,,37.0,18.0,31.0,25.0,28.0,42.0,26.0,12.0,46.0,43.0,22.0,32.0,12.0,45.0,51.0,21.0,,22.0,28.0,24.0,31.0,9.0,31.0,33.0,30.0,29.0,35.0,19,16.0,45.0,20.0,28,42.0,46.0,50.0,24.0,0.0,,23.0,13.0,23.0,27.0,52.0,52.0,26.0,46.0,16.0,,33.0,52.0,22.0,13.0,18.0,,38.0,22.0,30.0,49.0,27.0,32.0,33,24.0,53.0,18.0,19,33.0,27.0,25.0,25.0,,17.0,,,,12,29.0,30.0,16.0,13.0,25.0,30.0,33,13,30.0,28.0,14.0,59.0,16.0,45.0,22,28,12.0,37.0,20.0,32.0,33.0,17.0,,16.0,38.0,37.0,13.0,21.0,14.0,28.0,49.0,31.0,18,29.0,23.0,20.0,23.0,0.0,22,17.0,36,33.0,31,14.0,,25.0,48.0,37.0,2.0,28.0,22.0,33.0,18.0,45.0,24.0,25,29.0,22.0,23.0,42.0,25.0,40,29.0,31.0,21.0,36.0,35.0,21.0,46.0,58.0,33.0,25,28,25.0,45.0,,21.0,20.0,30.0,,14.0,25,48.0,28.0,27.0,13.0,28.0,40.0,26.0,13.0,18,16.0,55.0,24.0,17,22,,34.0,31.0,24.0,23.0,14.0,23.0,60.0,36.0,49.0,17.0,40.0,21.0,,57.0,11,20.0,30.0,41.0,39.0,20.0,16,,21.0,40,34.0,23.0,,29.0,,60.0,19.0,27.0,25.0,31.0,24.0,17,18.0,44.0,,23.0,22,15.0,40.0,0.0,18.0,18.0,48.0,49.0,12.0,,24.0,33.0,46.0,25.0,28,32,49.0,22.0,36.0,19.0,29.0,16,36,37.0,29.0,56.0,16.0,13.0,24.0,20.0,18.0,40.0,,,,27.0,,20.0,26,15,,,0.0,24.0,46.0,25,42.0,19.0,30.0,32.0,24.0,30.0,25.0,,15.0,8.0,,23.0,20.0,19.0,47.0,26,37.0,15.0,33,29.0,60.0,27.0,17.0,,,11.0,,35.0,42.0,51.0,,22.0,35.0,27.0,33.0,29.0,47.0,50.0,38.0,,43.0,,11.0,44.0,,,20.0,31.0,48.0,28.0,21.0,57.0,,32.0,14.0,,36.0,56.0,30.0,25.0,22.0,34.0,,36.0,39.0,24.0,,29.0,23.0,20.0,59.0,,53.0,33.0,25.0,37.0,17.0,8.0,20.0,,35,,41.0,,,16.0,26.0,29.0,20.0,17.0,48.0,23.0,26.0,14.0,13.0,27.0,17.0,24.0,55.0,31.0,15.0,39.0,10.0,,24.0,26.0,54.0,48.0,14.0,19.0,,36.0,,20.0,25.0,48.0,24.0,22.0,59.0,9.0,,49.0,34.0,48.0,23.0,,59.0,18,,60.0,,45.0,49.0,34.0,41.0,19.0,24.0,26,10.0,28.0,,,23.0,18.0,26.0,21.0,18.0,35.0,27.0,16.0,41.0,26.0,15.0,25.0,9,4.0,10.0,56.0,41.0,28.0,35.0,19.0,25.0,40.0,,24.0,29.0,16.0,,16.0,26.0,17.0,25.0,19.0,27.0,34.0,34.0,29.0,17.0,33,29,21.0,26.0,30.0,0.0,36.0,20.0,21.0,14.0,54.0,38.0,,18.0,21.0,36.0,53.0,12.0,23.0,18.0,38.0,41.0,12.0,54.0,26.0,29.0,,23.0,0.0,52.0,16.0,39.0,31.0,59.0,26.0,14.0,22.0,23.0,15.0,45.0,56.0,7.0,,26.0,,18.0,37.0,,26.0,22.0,12,29.0,29.0,23.0,36.0,34,18.0,49.0,50.0,47.0,50.0,,29.0,41.0,14,57.0,18.0,33.0,33.0,,29.0,,39,17.0,42.0,20.0,,24,36.0,20.0,,6.0,,7.0,,39.0,24.0,7.0,,38.0,9.0,21.0,29.0,18.0,46.0,,24.0,49.0,47.0,24.0,,32.0,44,55.0,,19.0,,38.0,,,,33.0,33.0,32.0,29.0,19.0,28,19.0,15.0,27.0,32.0,55.0,32.0,10.0,,37.0,46.0,40.0,,2.0,43.0,44.0,21.0,,35.0,16.0,44.0,17.0,47.0,27.0,42.0,,,45.0,33.0,51.0,39.0,42.0,,44.0,22.0,55.0,0.0,20.0,,,32.0,19.0,25.0,16.0,37.0,60.0,42.0,34.0,45.0,,27.0,48.0,41.0,24.0,39.0,,,30.0,23.0,24.0,9.0,18.0,,53.0,45.0,43.0,31.0,28.0,,55.0,34,16.0,30.0,6.0,34.0,32.0,55.0,27.0,18.0,37.0,18.0,,38.0,,32.0,42.0,,20.0,42.0,17.0,,,55.0,0.0,25.0,48.0,28.0,10.0,34.0,41.0,43.0,30.0,36.0,32.0,,25.0,13.0,18.0,47.0,35.0,18.0,11.0,22.0,34.0,26.0,,32.0,43.0,29.0,20.0,,,53.0,26.0,11.0,24.0,,14.0,41.0,0.0,10.0,29.0,56.0,,,49.0,24.0,50.0,11.0,18.0,24.0,16.0,50.0,,35.0,36.0,31.0,,20.0,31.0,58.0,42.0,52.0,16.0,59.0,38.0,11.0,39.0,0.0,9.0,25.0,30.0,48.0,49.0,7.0,37.0,30.0,,32.0,17.0,50.0,42.0,41.0,30.0,51.0,26.0,13.0,27.0,26.0,11.0,47.0,11.0,19.0,,23.0,37.0,22.0,0.0,51.0,21.0,22.0,34.0,,46.0,,,26.0,40.0,31.0,21,36.0,49.0,36.0,41.0,59.0,16.0,2.0,0.0,34.0,,14,48.0,31.0,14.0,29.0,16.0,21.0,29.0,33.0,29,60.0,15.0,36.0,30.0,48.0,,46.0,39.0,19.0,,,40.0,16.0,,43.0,15.0,,,55.0,14.0,,16.0,24.0,,13.0,,40.0,20.0,54.0,,14.0,20.0,30.0,22.0,10.0,20.0,,35.0,,31.0,18.0,54.0,4.0,47.0,29.0,54.0,30.0,19.0,27.0,22.0,33.0,,29.0,38.0,,47.0,0.0,26.0,32.0,24.0,36.0,12.0,10.0,,27.0,,22.0,47.0,27.0,43.0,40.0,58.0,,49.0,,20.0,27.0,23.0,21.0,21.0,18.0,50.0,,12.0,34.0,43.0,13.0,27.0,41.0,60.0,16.0,6.0,27.0,26.0,14.0,,50.0,,18.0,26.0,19.0,12.0,55.0,17.0,,18.0,43.0,13.0,28,34.0,37.0,,51.0,59.0,32.0,51.0,50.0,53.0,47.0,40.0,,0.0,58.0,26.0,0.0,33.0,10.0,60.0,,38.0,,29.0,,48.0,17.0,,,52.0,,18.0,,39.0,15.0,24.0,55.0,17.0,,23.0,35.0,38.0,,,0.0,,,1.0,37.0,,56.0,,24.0,22.0,,24.0,0.0,55.0,60.0,31.0,46.0,30.0,33.0,16.0,27.0,,42.0,23.0,28.0,32.0,9.0,32.0,44.0,20.0,24.0,32.0,,54.0,,45.0,36,22.0,48.0,14,,14.0,49.0,,14.0,,53.0,32.0,23.0,53.0,,12.0,35.0,32.0,29.0,11.0,10.0,26.0,44.0,32.0,,20.0,44.0,34.0,28.0,18.0,38.0,2.0,25.0,37.0,15.0,48.0,29.0,46.0,55.0,32.0,58.0,53.0,24.0,,32.0,19.0,51.0,,25.0,13.0,26.0,21.0,16.0,26.0,38.0,24.0,0.0,21.0,57.0,9.0,14.0,18.0,21.0,40.0,,,18.0,57.0,28.0,49.0,33.0,20.0,0.0,28.0,14.0,48.0,,,25.0,22.0,23.0,26.0,,26.0,14.0,34.0,20.0,35.0,19.0,12.0,15.0,,27.0,,35.0,51.0,,12.0,8.0,21.0,18.0,,,46.0,36.0,,17.0,,,55.0,28.0,17.0,21.0,31.0,14.0,55.0,41.0,21.0,48.0,20.0,,,32.0,,53.0,29.0,39.0,58.0,,24.0,25.0,19.0,37.0,9.0,23.0,51.0,32.0,,,40.0,,30.0,17.0,50.0,45.0,59.0,17.0,59.0,24.0,,,,40.0,23.0,12.0,24.0,37.0,,38.0,17.0,,25.0,,,,54.0,,37.0,26.0,50.0,,9.0,50.0,,60.0,,,31.0,23.0,34.0,55.0,25.0,37.0,,59.0,,11.0,,41.0,52.0,25.0,24.0,45.0,26.0,,,37.0,,26.0,,10.0,59.0,33.0,28.0,39.0,25.0,43.0,,39.0,,22.0,32.0,48.0,22.0,12.0,12.0,23.0,40.0,55.0,32.0,46.0,51.0,,35.0,55.0,,24.0,50.0,18.0,16.0,19.0,30.0,13.0,32.0,35.0,31.0,36.0,14.0,41.0,,39.0,52.0,,59.0,53.0,49.0,40.0,,24.0,29.0,,,43.0,11.0,10.0,,,19.0,18.0,34.0,29.0,16.0,53.0,,49.0,18.0,10.0,17.0,17.0,11.0,34.0,24.0,56.0,37.0,40.0,45.0,,28.0,10.0,26.0,,40.0,29.0,44.0,17.0,23.0,55.0,,,56.0,47.0,30.0,21.0,23.0,25.0,,42.0,21.0,31.0,32.0,8.0,,30.0,,33.0,22.0,17.0,34.0,,15.0,26.0,46.0,51.0,27.0,13.0,18.0,25.0,26.0,28.0,6.0,31.0,23.0,,18.0,,39.0,50.0,,36.0,,31.0,50.0,21.0,,24.0,19.0,43.0,19.0,30.0,38.0,,44.0,32.0,16.0,,9.0,57.0,,17.0,45.0,10.0,49.0,27.0,50.0,,31.0,36.0,50.0,39.0,,,35.0,34.0,,44.0,39.0,34.0,59.0,,,46.0,14.0,,6.0,16.0,22.0,,46.0,56.0,47.0,37.0,28.0,24.0,48.0,36.0,10.0,15.0,41.0,55.0,44.0,36.0,23.0,42.0,33.0,32.0,,42.0,36.0,16.0,51.0,16.0,,,23.0,20.0,8.0,,,28.0,,32.0,12.0,55.0,,,41.0,42.0,11.0,32.0,,47.0,57.0,25.0,,15.0,32.0,,20.0,23.0,,,,,35.0,47.0,46.0,0.0,0.0,25.0,,0.0,,31.0,33.0,31.0,46.0,,,51.0,51.0,23.0,30.0,,,27.0,22.0,18.0,22.0,32.0,22.0,24.0,18.0,46.0,22.0,50.0,60.0,32.0,,30.0,28.0,57.0,35.0,41.0,16.0,25.0,46.0,41.0,,44.0,14.0,31.0,40.0,57.0,51.0,44.0,31.0,56.0,54.0,37.0,31.0,30.0,12.0,36.0,,,33.0,,21.0,,16.0,44.0,,,42.0,13.0,,3.0,,39.0,,50.0,34.0,,,,,49.0,,25.0,55.0,60.0,11.0,,22.0,17.0,31.0,47.0,,21.0,36.0,,57.0,25.0,12.0,,36.0,46.0,52.0,14.0,15.0,,34.0,,39.0,,44.0,,29.0,32.0,21.0,,39.0,,,,44.0,30.0,29.0,38.0,7.0,23.0,30.0,32.0,25.0,56.0,35.0,45.0,9.0,17.0,20.0,51.0,24.0,18.0,13.0,54.0,,28.0,50.0,20.0,9.0,36.0,46.0,26.0,11.0,50.0,46.0,16.0,37.0,13.0,,26.0,40.0,41.0,16.0,,39.0,36.0,37.0,35.0,16.0,,39.0,20.0,10.0,,39.0,20.0,25.0,27.0,29.0,36.0,35.0,41.0,25.0,14.0,24.0,59.0,38.0,35.0,36.0,16.0,22.0,42.0,33.0,59.0,28.0,38.0,,22.0,,,45.0,,31.0,30.0,29.0,0.0,11.0,,18.0,46.0,,,43.0,,11.0,,32.0,15.0,,49.0,55.0,16.0,53.0,,,53.0,40.0,0.0,41.0,53.0,43.0,31.0,,17.0,3.0,53.0,,35.0,38.0,,54.0,54.0,51.0,38.0,43.0,44.0,42.0,22.0,,52.0,48.0,35.0,43.0,14.0,,16.0,29.0,,33.0,16.0,,48.0,32.0,59.0,33.0,59.0,51.0,,56.0,,51.0,44.0,52.0,21.0,36.0,46.0,29.0,31.0,35.0,14.0,42.0,23.0,,,,9.0,,17.0,12.0,54.0,,,55.0,,42.0,48.0,8.0,,16.0,19.0,34.0,16.0,,,,26.0,,30.0,20.0,45.0,31.0,16.0,30.0,42.0,,13.0,,29.0,21.0,52.0,50.0,8.0,,29.0,53.0,20.0,31.0,,33.0,49.0,,,59.0,57.0,59.0,,,,17.0,,36.0,20.0,47.0,,16.0,18.0,,23.0,15.0,,53.0,36.0,13.0,22.0,,42.0,,24.0,16.0,,22.0,58.0,,58.0,56.0,,,11.0,40.0,,38.0,53.0,28.0,28.0,25.0,37.0,26.0,28.0,16.0,48.0,47.0,,54.0,47.0,29.0,,40.0,41.0,,30.0,18.0,32.0,24.0,,14.0,55.0,28.0,33.0,,55.0,21.0,31.0,28.0,,46.0,52.0,,58.0,18.0,59.0,30.0,,59.0,30.0,,31.0,9.0,,,36.0,57.0,24.0,33.0,27.0,12.0,41.0,,21.0,,58.0,59.0,24.0,48.0,54.0,19.0,54.0,16.0,50.0,,28.0,52.0,57.0,31.0,33.0,24.0,29.0,,45.0,39.0,11.0,36.0,24.0,,39.0,41.0,18.0,16.0,40.0,26.0,47.0,39.0,53.0,39.0,34.0,47.0,46.0,48.0,37.0,38.0,58.0,42.0,31.0,26.0,43.0,23.0,,35.0,58.0,56.0,47.0,15.0,29.0,22.0,59.0,25.0,,21.0,35.0,,34.0,,51.0,17.0,,49.0,15.0,60.0,59.0,19.0,23.0,44.0,12.0,26.0,42.0,29.0,21.0,18.0,,,25.0,,29.0,21.0,49.0,22.0,,13.0,21.0,,,49.0,,21.0,45.0,11.0,32.0,25.0,36.0,44.0,39.0,16.0,43.0,,,,41.0,17.0,29.0,,30.0,58.0,24.0,46.0,32.0,53.0,12.0,18.0,,22.0,33.0,18.0,16.0,38.0,4.0,50.0,13.0,49.0,46.0,13.0,16.0,,,,,14.0,,12.0,29.0,52.0,20.0,48.0,47.0,51.0,60.0,20.0,17.0,14.0,49.0,,,10.0,25.0,46.0,42.0,31.0,32.0,23.0,,28.0,15.0,,29.0,,36.0,59.0,35.0,21.0,33.0,17.0,23.0,37.0,39.0,30.0,27.0,,,38.0,37.0,34.0,,20.0,,,,27.0,51.0,,36.0,,55.0,,41.0,26.0,,48.0,33.0,,58.0,,45.0,7.0,3.0,,11.0,41.0,30.0,,25.0,22.0,,46.0,24.0,46.0,,36.0,7.0,,,29.0,,,42.0,,57.0,35.0,41.0,56,3,2.4916897506925206,18.22139374820763,-0.3454280654400204
5,4,5,6,6,5,3,6,8,6,2,5,5,7,5,8,6,8,20,5,6,8,10,11,5,17,6,7,1,1,12,9,5,4,14,8,16,10,10,13,15,21.0,9,8,7,12,17,13,7,21,7,7,0,8,12,7,15,12,6,10,10,12,16,13,20.0,11,14,6,1,10,7,10,16,8,11,8,12,16,10,6,12,9,16,11,15,19,6,4,19,13,11,0,24,12,12,11,15,13,13,8,18,10,9,18,11,18,12,25,7,12,10,17.0,17,12,29.0,8,16,24,12,27,11,16,11,0,7,14,1,7.0,10,7,9,14,29.0,13,13,26.0,11,19,8,18,9,17,12,12,2.0,17.0,19,17.0,7,21,9,13,19.0,4,18,5,17,23.0,14,16,17,17,9,15,13,15.0,22,17,11,18,20,20.0,6,11,5,13,18,8.0,4,12.0,23,13,14,18,14,44.0,12.0,20,25,25.0,15.0,14,13,6,0,32,5,7,16.0,20,34,12.0,0,17,0,14,,14,5,9,12,12.0,12,31,16,24,9,6,8,11.0,20.0,18,20,16,10.0,12,23,15,30.0,10,8.0,12.0,18,21,,9,20,8,7.0,33.0,22,15,12,23,24,20.0,12,14,14,10,15,18,24.0,8.0,19,41.0,7.0,17.0,21.0,26,45.0,13,14,4,19.0,20.0,38.0,,16.0,6,17.0,6.0,4.0,27,7,57.0,31,21,13,23.0,8.0,11.0,10,21.0,21,19,16.0,29.0,8,29.0,46.0,14,39,11.0,7,9.0,22.0,21.0,22,15,4.0,12,15,14,11,23,41,18,12,15,15,22,14,8.0,,15,13,14,23.0,10.0,8,29,16,20.0,24,13.0,21,16,18,9,34,17.0,12,11.0,11,19,20.0,14,12,18,15.0,,9,26.0,12.0,27.0,13.0,18.0,17,32.0,17,14,17,19.0,15,17.0,12.0,19,1.0,3.0,,13,38.0,7,10,17,8,13,16,27,23.0,19,36.0,22,19,0,,12,44.0,22,4.0,13,28.0,19,30,19.0,19,14.0,32,32.0,21.0,15,42,40.0,20.0,9.0,23.0,15.0,19,12.0,27.0,38,,15,17,,22.0,0,14.0,13,11.0,,22,22,23,,7,43.0,25.0,9,16.0,7,15.0,16,16,6,29.0,,23,17,17,23.0,15.0,13,9,19.0,13,32.0,38.0,33.0,9.0,29.0,20.0,3.0,6.0,,22.0,14,20,15.0,16.0,53.0,16.0,13.0,,7.0,30.0,12,19,6.0,9.0,8,22.0,30.0,25.0,15.0,23.0,18.0,8,15,51.0,10.0,43.0,13.0,37,,15.0,30.0,12,14,14,16.0,47.0,10.0,10.0,15,23,16.0,13.0,17,32.0,13.0,28,42.0,16.0,42.0,21,34.0,13,26.0,26.0,21.0,22,14.0,20,11.0,11,18,38.0,11.0,38.0,39.0,13,27,23,7.0,13,10.0,5,17,9.0,26,12,,20.0,18,7,20.0,42.0,32.0,13.0,34.0,16.0,18,12.0,15,27,48.0,12.0,46.0,,7.0,,15,39,12.0,0.0,9.0,21.0,8.0,7.0,11,22.0,9,25.0,10.0,,12.0,29,27.0,23,12.0,31.0,34.0,24,19.0,23.0,34.0,17,33,14.0,25.0,38.0,,,36.0,22.0,0.0,13.0,,47.0,21.0,28,20,19.0,,12.0,15,31,16,20,27.0,36.0,13,10,10.0,14.0,15,49.0,24.0,32.0,19,,,40.0,14,22.0,43.0,18.0,32.0,56.0,15.0,14,20.0,19,16.0,17,26,28,15.0,42.0,11.0,4.0,9.0,8.0,32.0,11.0,21.0,33.0,21.0,0,29.0,42.0,30,7.0,31.0,16.0,11.0,25,19.0,53.0,8.0,13,7,53.0,33,14.0,19.0,23.0,,16,15.0,16,15,21.0,20,41.0,14,18.0,19.0,17.0,18,16,7.0,21.0,24,18.0,9,53.0,11,26.0,12.0,22.0,25.0,49.0,0.0,32,14.0,16.0,18.0,52.0,37.0,28.0,19.0,19,19,26.0,29,23,22,10.0,36.0,43.0,53.0,20.0,32.0,15,15.0,35.0,37.0,51,,,42.0,46.0,21.0,29,36.0,18.0,3.0,,15.0,29.0,34.0,32,32.0,51.0,,3.0,29.0,47.0,57.0,19,33.0,12.0,13.0,19.0,15,10,34.0,,14,,29.0,19.0,20,30.0,18.0,47.0,30.0,16,31.0,9.0,19.0,19.0,30.0,40.0,22.0,45.0,56.0,20,28,,39.0,15.0,13.0,18.0,5.0,39.0,46.0,34.0,42.0,7,30,,28,15.0,17.0,5.0,39.0,10,9,32.0,21.0,21.0,29.0,,16.0,30.0,42.0,33.0,31,36.0,37.0,43.0,32.0,22.0,16.0,21,8.0,9.0,20.0,20,35.0,24.0,13.0,48.0,16.0,16.0,34,26.0,31,,,9.0,25.0,38.0,54.0,47.0,33.0,21.0,35.0,42.0,,17.0,22.0,53.0,12.0,16.0,33.0,25.0,22.0,31.0,29,47.0,15.0,23,10.0,33.0,19,0.0,21.0,51.0,20,15,18,24.0,4.0,31.0,17.0,21.0,,14.0,,43.0,16,25.0,10,51.0,34,24,18.0,28,25.0,15.0,21.0,30.0,25,16.0,47.0,9.0,25.0,18.0,23.0,11,,27,,29.0,12.0,18,44.0,16,21,30.0,28.0,40.0,12,10.0,31.0,7,30.0,18.0,45.0,11.0,41.0,32.0,17.0,18.0,11,32.0,26.0,5.0,23.0,,,20.0,32.0,21,35.0,14,37.0,23.0,21.0,45.0,27,20,39.0,29.0,26.0,49.0,38.0,40.0,23.0,13.0,,22,19.0,12.0,31,19,31.0,13.0,27,36.0,23.0,18,11.0,19,9,24,22.0,21.0,55.0,52.0,6.0,28.0,,36.0,34.0,36.0,38.0,11.0,35.0,25.0,32.0,40.0,35.0,50.0,44.0,36.0,51.0,11.0,25.0,26.0,46.0,,44.0,57.0,21.0,19.0,30.0,41.0,31.0,40.0,25.0,23.0,53.0,41.0,33.0,19.0,,51.0,56.0,15.0,28.0,19.0,47.0,47.0,25,22.0,34.0,21.0,45,21.0,,22.0,38.0,34.0,36.0,0.0,16.0,52.0,13.0,16.0,24.0,18.0,52.0,18.0,4.0,44.0,19.0,28.0,,18.0,36.0,,38.0,34.0,22.0,0.0,30.0,17,42.0,30.0,28.0,28,20.0,27.0,11.0,27.0,40.0,21.0,42.0,,16.0,24,24.0,33.0,22.0,11.0,22.0,16.0,23,17,31.0,40.0,,33.0,12.0,27.0,21,11,48.0,9.0,29.0,44.0,47.0,23.0,28.0,5.0,35.0,54.0,21.0,18.0,20.0,21.0,16.0,20.0,10,16.0,29.0,22.0,42.0,36.0,13,52.0,25,9.0,24,34.0,57.0,10.0,7.0,19.0,23.0,34.0,30.0,22.0,28.0,,3.0,25,14.0,4.0,33.0,13.0,43.0,20,35.0,30.0,28.0,31.0,24.0,0.0,56.0,,10.0,11,17,30.0,30.0,48.0,30.0,23.0,43.0,50.0,19.0,24,31.0,,16.0,20.0,23.0,11.0,28.0,13.0,17,15.0,7.0,29.0,17,11,7.0,29.0,33.0,12.0,33.0,17.0,49.0,18.0,19.0,7.0,42.0,12.0,20.0,34.0,20.0,23,40.0,35.0,,18.0,15.0,15,23.0,26.0,35,15.0,9.0,,36.0,43.0,,15.0,54.0,11.0,,8.0,23,28.0,34.0,16.0,32.0,21,34.0,,49.0,21.0,22.0,21.0,35.0,5.0,35.0,,35.0,35.0,17.0,20,19,48.0,16.0,41.0,20.0,39.0,17,24,26.0,48.0,48.0,43.0,,22.0,21.0,15.0,42.0,22.0,16.0,,12.0,36.0,42.0,22,15,23.0,8.0,,26.0,13.0,25,20.0,,31.0,43.0,39.0,43.0,19.0,,,12.0,,14.0,22.0,24.0,44.0,23,26.0,,24,21.0,15.0,30.0,20.0,20.0,33.0,24.0,37.0,13.0,,16.0,,29.0,29.0,49.0,41.0,,24.0,23.0,35.0,43.0,,47.0,21.0,14.0,48.0,20.0,18.0,26.0,,14.0,45.0,28.0,19.0,20.0,18.0,49.0,,15.0,25.0,,11.0,18.0,,13.0,46.0,32.0,31.0,45.0,20.0,20.0,19.0,23.0,,37.0,53.0,,30.0,27.0,24.0,42.0,23,55.0,10.0,20.0,12.0,,,10.0,,15.0,39.0,6.0,35.0,41.0,28.0,20.0,19.0,54.0,26.0,46.0,18.0,,41.0,38.0,10.0,25.0,,33.0,6.0,35.0,34.0,45.0,15.0,31.0,16.0,16.0,21.0,16.0,41.0,38.0,,50.0,29.0,,0.0,43.0,32.0,17,29.0,35.0,18.0,16.0,13.0,40.0,11.0,23.0,51.0,29,8.0,50.0,,18.0,24.0,39.0,18.0,11.0,37.0,35.0,16.0,20.0,40.0,38.0,16.0,55.0,10,19.0,28.0,,52.0,8.0,28.0,25.0,36.0,52.0,12.0,25.0,24.0,6.0,,46.0,55.0,,57.0,31.0,14.0,19.0,29.0,13.0,29.0,14,29,44.0,37.0,11.0,18.0,21.0,32.0,9.0,16.0,37.0,57.0,34.0,52.0,31.0,30.0,37.0,,0.0,55.0,18.0,25.0,20.0,25.0,26.0,50.0,5.0,25.0,34.0,23.0,31.0,54.0,33.0,,14.0,,22.0,,28.0,17.0,47.0,0.0,48.0,37.0,25.0,17.0,19.0,35.0,0.0,40.0,21,44.0,19.0,24.0,,31,49.0,35.0,,56.0,11.0,24.0,15.0,,23,35.0,53.0,22.0,,,10.0,46.0,28,32.0,40.0,21.0,48.0,17,53.0,19.0,29.0,31.0,,23.0,22.0,53.0,33.0,15.0,35.0,47.0,19.0,9.0,50.0,36.0,12.0,,,23.0,36.0,41.0,10.0,21.0,28,,42.0,22.0,50.0,19.0,33.0,,32.0,44.0,25.0,38.0,28.0,,13,30.0,29.0,44.0,57.0,17.0,19.0,44.0,23.0,,23.0,13.0,,24.0,14.0,,55.0,18.0,51.0,18.0,50.0,20.0,42.0,1.0,49.0,,,29.0,37.0,,17.0,27.0,,39.0,9.0,,,,41.0,35.0,18.0,7.0,35.0,21.0,,13.0,18.0,,27.0,11.0,21.0,21.0,20.0,19.0,25.0,,28.0,16.0,,13.0,39.0,34.0,19.0,13.0,17.0,23.0,41.0,25.0,46.0,28.0,16,23.0,,20.0,15.0,,50.0,19.0,23.0,16.0,32.0,20.0,38.0,,27.0,35.0,20.0,44.0,23.0,19.0,29.0,22.0,40.0,49.0,27.0,43.0,,18.0,31.0,11.0,3.0,23.0,17.0,22.0,29.0,,20.0,24.0,41.0,54.0,9.0,19.0,8.0,35.0,13.0,12.0,31.0,20.0,,20.0,,,25.0,13.0,28.0,26.0,26.0,43.0,27.0,,4.0,53.0,,11.0,30.0,,49.0,39.0,29.0,22.0,,18.0,,13.0,17.0,28.0,10.0,41.0,,27.0,23.0,13.0,12.0,,10.0,32.0,9.0,,32.0,57.0,48.0,51.0,,,,33.0,52.0,43.0,20.0,20.0,36.0,52.0,40.0,14.0,48.0,2.0,17.0,12.0,,10.0,37.0,10.0,30.0,47.0,37.0,27.0,20.0,29.0,15.0,32.0,43.0,18.0,46.0,,,21.0,39.0,,,19,29.0,23.0,26.0,,,15.0,55.0,46.0,19.0,17.0,21,14.0,,19.0,45.0,24.0,27.0,26.0,,11,42.0,14.0,36.0,40.0,25.0,,23.0,,40.0,15.0,,24.0,52.0,40.0,,,31.0,9.0,28.0,49.0,15.0,21.0,41.0,25.0,26.0,,39.0,24.0,12.0,56.0,35.0,46.0,52.0,26.0,,,24.0,30.0,54.0,,20.0,53.0,38.0,,33.0,31.0,31.0,41.0,11.0,47.0,22.0,11.0,,29.0,,18.0,17.0,,,,28.0,24.0,,32.0,56.0,,14.0,34.0,10.0,21.0,17.0,31.0,,42.0,16.0,26.0,25.0,42.0,,,,25.0,20.0,9.0,32.0,11.0,19.0,37.0,53.0,38.0,25.0,7.0,20.0,33.0,15.0,32.0,26.0,47.0,41.0,53.0,52.0,34.0,24.0,38.0,,8.0,,,28,23.0,28.0,46.0,,7.0,9.0,32.0,32.0,,,12.0,57.0,44.0,25.0,24.0,,16.0,32.0,13.0,47.0,13.0,19.0,24.0,26.0,,36.0,,15.0,27.0,11.0,20.0,34.0,11.0,26.0,37.0,18.0,,10.0,13.0,50.0,21.0,20.0,51.0,,38.0,,6.0,16.0,39.0,18.0,33.0,35.0,20.0,,5.0,44.0,22.0,,45.0,31.0,37.0,20.0,,49.0,56.0,31.0,,23.0,22.0,20.0,30.0,,29.0,38.0,24.0,,33.0,29.0,9.0,37,,29.0,3,9.0,25.0,,22.0,33.0,35.0,43.0,17.0,31.0,22.0,,,42.0,,39.0,48.0,,6.0,39.0,24.0,39.0,10.0,17.0,,44.0,56.0,24.0,,57.0,20.0,11.0,21.0,13.0,28.0,0.0,37.0,20.0,19.0,,17.0,30.0,14.0,13.0,52.0,31.0,24.0,21.0,49.0,21.0,21.0,26.0,,,,42.0,26.0,11.0,,17.0,5.0,21.0,46.0,15.0,29.0,5.0,48.0,38.0,35.0,,12.0,17.0,15.0,17.0,38.0,27.0,13.0,,19.0,48.0,25.0,16.0,6.0,,,20.0,26.0,22.0,,28.0,36.0,16.0,0.0,51.0,13.0,24.0,41.0,21.0,,28.0,,32.0,35.0,14.0,34.0,,,41.0,19.0,27.0,50.0,34.0,41.0,48.0,35.0,52.0,,41.0,24.0,12.0,4.0,,20.0,41.0,,44.0,49.0,50.0,37.0,38.0,54.0,23.0,24.0,,33.0,12.0,18.0,30.0,,9.0,35.0,24.0,,51.0,20.0,9.0,40.0,26.0,,19.0,21.0,21.0,20.0,15.0,20.0,35.0,27.0,51.0,41.0,,27.0,,48.0,,,32.0,52.0,49.0,,15.0,,41.0,41.0,21.0,42.0,,43.0,46.0,37.0,,,,47.0,49.0,,50.0,22.0,18.0,20.0,34.0,14.0,23.0,18.0,21.0,7.0,47.0,,29.0,19.0,23.0,16.0,0.0,23.0,10.0,14.0,38.0,50.0,53.0,24.0,19.0,,16.0,,12.0,47.0,,,35.0,,23.0,,41.0,52.0,45.0,52.0,27.0,37.0,,35.0,41.0,42.0,29.0,,36.0,28.0,8.0,52.0,51.0,0.0,49.0,11.0,57.0,19.0,17.0,36.0,27.0,16.0,,43.0,,16.0,19.0,38.0,31.0,38.0,,25.0,31.0,51.0,,9.0,34.0,46.0,,20.0,57.0,27.0,24.0,55.0,30.0,30.0,22.0,49.0,,13.0,,53.0,37.0,13.0,33.0,,21.0,40.0,48.0,10.0,,17.0,18.0,6.0,36.0,15.0,16.0,22.0,,28.0,20.0,43.0,13.0,15.0,52.0,,39.0,20.0,43.0,17.0,23.0,46.0,27.0,37.0,32.0,50.0,30.0,29.0,12.0,,55.0,20.0,14.0,29.0,34.0,41.0,21.0,52.0,33.0,45.0,34.0,,16.0,41.0,39.0,,43.0,19.0,,47.0,29.0,23.0,,14.0,,30.0,16.0,44.0,29.0,15.0,50.0,17.0,14.0,51.0,18.0,,15.0,,25.0,31.0,21.0,22.0,8.0,28.0,25.0,,30.0,47.0,25.0,35.0,,31.0,36.0,,29.0,28.0,13.0,22.0,,18.0,54.0,,39.0,,40.0,37.0,29.0,,,,56.0,33.0,24.0,21.0,34.0,43.0,20.0,44.0,47.0,,30.0,,,14.0,15.0,22.0,35.0,7.0,11.0,,55.0,45.0,10.0,10.0,32.0,38.0,35.0,,,35.0,,50.0,,29.0,29.0,30.0,27.0,43.0,35.0,13.0,16.0,13.0,20.0,39.0,,19.0,56.0,14.0,,,40.0,18.0,37.0,9.0,13.0,,57.0,56.0,38.0,32.0,28.0,37.0,23.0,0.0,15.0,21.0,2.0,29.0,43.0,10.0,,53.0,8.0,38.0,47.0,19.0,28.0,19.0,18.0,26.0,34.0,53.0,6.0,17.0,,,8.0,11.0,27.0,31.0,41.0,,48.0,11.0,24.0,17.0,26.0,42.0,12.0,35.0,38.0,22.0,,,32.0,0.0,,40.0,48.0,13.0,18.0,35.0,,,28.0,19.0,22.0,23.0,15.0,31.0,54.0,56.0,,,16.0,,,,19.0,26.0,16.0,19.0,22.0,11.0,39.0,6.0,14.0,,39.0,51.0,9.0,33.0,,47.0,15.0,52.0,44.0,9.0,37.0,12.0,9.0,39.0,,,,,31.0,21.0,,26.0,21.0,,20.0,,16.0,55.0,36.0,,22.0,52.0,30.0,22.0,9.0,26.0,30.0,23.0,19.0,,51.0,15.0,56.0,21.0,51.0,23.0,25.0,45.0,35.0,,43.0,15.0,,15.0,,,,43.0,,,34.0,,47.0,,,36.0,18.0,,,25.0,43.0,35.0,35.0,16.0,,,,13.0,41.0,34.0,34.0,27.0,18.0,42.0,34.0,40.0,8.0,,36.0,,56.0,34.0,39.0,39.0,22.0,32.0,,0.0,36.0,52.0,43.0,12.0,15.0,49.0,32.0,18.0,11.0,44.0,37.0,,52.0,55.0,33.0,,48.0,23.0,48.0,,14.0,44.0,45.0,,12.0,19.0,28.0,5.0,11.0,45.0,36.0,37.0,40.0,40.0,,38.0,,,37.0,30.0,39.0,57.0,34.0,,,,19.0,15.0,33.0,7.0,,20.0,,,31.0,26.0,49.0,43.0,29.0,,,50.0,,53.0,39.0,30.0,51.0,23.0,51.0,,,36.0,23.0,40.0,,29.0,54.0,,46.0,41.0,20.0,,11.0,39.0,31.0,13.0,15.0,25.0,57.0,,22.0,7.0,,47.0,34.0,42.0,,11.0,57.0,40.0,55.0,16.0,,35.0,26.0,0.0,34.0,53.0,45.0,19.0,17.0,24.0,,4.0,39.0,,42.0,,43.0,,21.0,34.0,13.0,46.0,13.0,8.0,,,35.0,,,,19.0,26.0,21.0,,0.0,,53.0,23.0,,47.0,43.0,26.0,19.0,,15.0,,21.0,45.0,33.0,,13.0,46.0,41.0,26.0,37.0,,33.0,19.0,18.0,50.0,54.0,22.0,45.0,35.0,18.0,,57.0,13.0,7.0,7.0,,,28.0,,18.0,,44.0,32.0,29.0,,25.0,17.0,,38.0,18.0,19.0,47.0,19.0,12.0,30.0,33.0,7.0,19.0,25.0,20.0,34.0,21.0,12.0,28.0,2.0,49.0,,,12.0,35.0,20.0,39.0,,39.0,25.0,,43.0,13.0,9.0,51.0,49.0,37.0,37.0,19.0,,30.0,11.0,38.0,10.0,14.0,44.0,54.0,15.0,,54.0,23.0,48.0,17.0,27.0,,,,22.0,,16.0,11.0,44.0,,18.0,14.0,,14.0,53.0,,13.0,,,25.0,34.0,11.0,18.0,,24.0,,43.0,,,32.0,12.0,41.0,34.0,42.0,22.0,4.0,10.0,17.0,38.0,,53.0,,,,,,39.0,,,26.0,22.0,10.0,16.0,,43.0,24.0,,13.0,29.0,44.0,51.0,13.0,,,54.0,31.0,,18.0,,17.0,34.0,43.0,,7.0,22.0,38.0,,41.0,26.0,,,43.0,,37.0,14.0,,,,,12.0,,50.0,53.0,43.0,15.0,,47.0,27.0,,25.0,15.0,21.0,,22.0,46.0,23.0,22.0,,,,30.0,17.0,,,14.0,49.0,44.0,19.0,6.0,38.0,25.0,53.0,23.0,37.0,19.0,,22.0,20.0,25.0,,6.0,,10.0,49.0,42.0,21.0,11.0,,52.0,36.0,,,49.0,14.0,36.0,30.0,12.0,,,,48.0,,34.0,57.0,,,40.0,48.0,43.0,,41.0,15.0,27.0,37.0,0.0,37.0,49.0,30.0,39.0,12.0,,50.0,44.0,15.0,51.0,10.0,47.0,16.0,55.0,20.0,,,,17.0,15.0,,30.0,23.0,19.0,40.0,18.0,,,11.0,18.0,30.0,10.0,20.0,29.0,39.0,33.0,,25.0,40.0,,53.0,20.0,,55.0,12.0,14.0,31.0,27.0,,48.0,39.0,28.0,45.0,13.0,35.0,18.0,,20.0,7.0,,,,30.0,57,3,2.5350140056022408,18.070110701107012,-0.3488722843810625
6,5,7,7,7,10,4,11,11,10,6,17,8,8,10,9,12,9,31,9,7,8,13,12,9,12,15,8,7,14,15,11,12,13,9,10,14,12,13,10,12,23.0,13,9,9,13,15,9,14,20,13,8,8,15,27,0,14,12,10,11,10,14,22,17,12.0,12,17,10,17,19,12,9,13,13,11,10,17,0,12,7,13,12,13,7,0,20,15,14,26,15,15,0,28,13,14,25,14,16,16,11,13,16,14,1,16,6,15,18,12,9,14,26.0,17,17,10.0,10,27,19,15,37,14,16,11,15,8,15,14,14.0,14,8,15,18,22.0,11,20,23.0,14,25,9,19,14,15,11,16,13.0,28.0,18,9.0,19,16,10,11,49.0,17,19,21,2,18.0,6,19,14,17,14,31,27,22.0,15,18,20,14,12,35.0,10,26,22,16,23,23.0,16,14.0,0,16,18,19,21,36.0,24.0,13,19,46.0,16.0,13,24,19,18,39,13,14,13.0,21,22,23.0,11,14,18,16,20.0,9,16,11,15,62.0,23,32,16,23,16,30,13,57.0,48.0,20,25,0,48.0,18,35,12,34.0,10,30.0,11.0,19,17,32.0,9,24,16,11.0,52.0,26,21,14,5,28,22.0,14,15,21,19,26,22,34.0,18.0,21,21.0,51.0,27.0,42.0,37,21.0,17,13,10,36.0,44.0,20.0,0.0,44.0,20,43.0,21.0,18.0,28,13,32.0,25,30,14,28.0,11.0,13.0,17,,26,26,25.0,22.0,18,32.0,29.0,10,30,30.0,16,29.0,14.0,43.0,18,16,49.0,18,15,20,18,23,18,13,20,30,17,39,28,58.0,17.0,20,25,14,43.0,34.0,21,27,6,,22,53.0,25,21,23,14,16,41.0,11,16.0,17,21,17.0,10,17,24,26.0,21.0,13,30.0,18.0,16.0,18.0,30.0,18,25.0,9,32,28,,17,,23.0,14,,22.0,,31,22.0,27,29,23,15,16,15,15,22.0,17,22.0,28,13,14,35.0,15,18.0,14,23.0,16,60.0,27,17,20.0,14,37.0,13,27.0,23.0,19,33,32.0,16.0,16.0,20.0,62.0,25,19.0,42.0,29,,12,15,16.0,31.0,17,17.0,12,15.0,,2,17,8,49.0,26,34.0,50.0,47,45.0,18,35.0,23,13,7,11.0,21.0,37,17,25,,21.0,20,16,47.0,11,26.0,32.0,,48.0,24.0,18.0,9.0,6.0,,17.0,17,25,16.0,33.0,13.0,17.0,13.0,,23.0,34.0,24,23,22.0,21.0,16,0.0,32.0,,42.0,50.0,27.0,13,24,51.0,45.0,35.0,16.0,30,23.0,22.0,35.0,32,19,20,16.0,33.0,13.0,20.0,7,27,18.0,56.0,18,50.0,26.0,29,,33.0,33.0,19,43.0,17,23.0,15.0,47.0,15,39.0,28,6.0,11,16,34.0,34.0,15.0,16.0,26,22,38,3.0,20,31.0,28,38,22.0,23,26,44.0,27.0,47,13,24.0,27.0,25.0,23.0,38.0,15.0,16,,14,23,58.0,12.0,,48.0,12.0,20.0,10,32,29.0,44.0,54.0,31.0,15.0,36.0,10,31.0,10,22.0,10.0,51.0,22.0,27,22.0,20,,51.0,19.0,41,23.0,27.0,,29,21,34.0,51.0,38.0,,47.0,52.0,,33.0,38.0,,10.0,26.0,28,40,19.0,36.0,5.0,28,5,13,19,51.0,,18,6,,18.0,20,48.0,36.0,19.0,46,24.0,30.0,48.0,14,24.0,61.0,49.0,46.0,21.0,37.0,27,26.0,18,26.0,16,25,27,37.0,33.0,37.0,30.0,18.0,,,14.0,18.0,21.0,35.0,18,21.0,,29,33.0,34.0,16.0,17.0,20,0.0,19.0,23.0,22,16,57.0,25,30.0,42.0,28.0,61.0,24,25.0,26,31,59.0,23,,11,34.0,52.0,46.0,25,18,7.0,14.0,17,36.0,18,,17,27.0,39.0,26.0,,41.0,,13,17.0,,40.0,15.0,26.0,,10.0,14,18,23.0,14,11,22,30.0,13.0,12.0,55.0,0.0,29.0,30,22.0,32.0,24.0,8,31.0,25.0,31.0,52.0,29.0,17,31.0,41.0,31.0,,33.0,10.0,32.0,15,,31.0,16.0,17.0,36.0,11.0,0.0,34,22.0,,18.0,53.0,19,10,42.0,13.0,24,28.0,10.0,24.0,9,15.0,61.0,0.0,,6,12.0,42.0,27.0,27.0,40.0,41.0,41.0,,40.0,15,21,,34.0,,29.0,58.0,20.0,21.0,16.0,56.0,35.0,28,18,53.0,28,,52.0,15.0,10.0,18,33,26.0,19.0,34.0,22.0,,36.0,49.0,13.0,29.0,24,45.0,18.0,,50.0,44.0,56.0,24,29.0,29.0,43.0,20,21.0,17.0,45.0,20.0,16.0,41.0,12,27.0,49,38.0,,23.0,29.0,31.0,27.0,36.0,21.0,28.0,24.0,31.0,,20.0,15.0,15.0,31.0,28.0,31.0,13.0,54.0,,25,19.0,44.0,12,14.0,16.0,36,19.0,12.0,57.0,20,12,14,57.0,19.0,,54.0,37.0,45.0,25.0,26.0,43.0,22,9.0,13,16.0,12,46,26.0,30,,39.0,9.0,16.0,24,9.0,24.0,37.0,26.0,40.0,15.0,15,0.0,22,8.0,45.0,36.0,50,28.0,28,18,42.0,15.0,,16,27.0,28.0,17,27.0,17.0,27.0,26.0,,19.0,22.0,14.0,11,17.0,21.0,54.0,35.0,49.0,,17.0,11.0,18,36.0,21,10.0,22.0,36.0,27.0,29,20,37.0,27.0,19.0,39.0,24.0,38.0,37.0,34.0,36.0,17,25.0,22.0,14,19,34.0,,6,15.0,39.0,29,47.0,31,29,39,41.0,24.0,31.0,17.0,17.0,58.0,46.0,22.0,29.0,62.0,29.0,30.0,26.0,56.0,43.0,34.0,29.0,29.0,42.0,35.0,42.0,23.0,15.0,21.0,16.0,0.0,53.0,48.0,25.0,52.0,28.0,17.0,17.0,35.0,18.0,,,,49.0,20.0,42.0,25.0,16.0,13.0,,62.0,50.0,,22,24.0,19.0,26.0,46,23.0,55.0,17.0,12.0,35.0,15.0,55.0,20.0,,17.0,30.0,21.0,60.0,,15.0,16.0,0.0,38.0,24.0,21.0,17.0,17.0,26.0,37.0,23.0,21.0,,28.0,30,52.0,24.0,17.0,26,,13.0,24.0,26.0,11.0,19.0,23.0,22.0,36.0,16,18.0,25.0,47.0,12.0,15.0,53.0,14,27,38.0,42.0,23.0,,19.0,20.0,18,45,44.0,44.0,51.0,40.0,33.0,27.0,24.0,39.0,50.0,27.0,42.0,30.0,51.0,45.0,13.0,24.0,19,30.0,14.0,17.0,19.0,28.0,9,49.0,40,42.0,20,30.0,7.0,17.0,29.0,25.0,24.0,27.0,29.0,43.0,61.0,41.0,30.0,38,16.0,23.0,60.0,37.0,62.0,16,0.0,47.0,28.0,,36.0,52.0,27.0,37.0,37.0,40,22,48.0,19.0,43.0,41.0,31.0,11.0,57.0,12.0,18,18.0,51.0,48.0,33.0,33.0,22.0,28.0,16.0,28,21.0,55.0,13.0,34,17,,,39.0,15.0,8.0,55.0,24.0,14.0,,,56.0,22.0,31.0,13.0,15.0,25,51.0,,38.0,4.0,,21,,53.0,18,19.0,46.0,29.0,19.0,39.0,13.0,29.0,29.0,13.0,9.0,47.0,10,19.0,33.0,44.0,28.0,22,,23.0,16.0,19.0,19.0,60.0,25.0,35.0,,54.0,44.0,18.0,27.0,26,20,18.0,15.0,32.0,30.0,38.0,37,51,25.0,41.0,,0.0,49.0,20.0,,22.0,34.0,48.0,,,16.0,28.0,28.0,24,29,0.0,19.0,43.0,19.0,62.0,19,25.0,15.0,35.0,16.0,18.0,19.0,20.0,22.0,16.0,20.0,37.0,,55.0,37.0,,23,55.0,37.0,10,23.0,21.0,28.0,34.0,44.0,50.0,13.0,41.0,21.0,,43.0,26.0,6.0,52.0,28.0,30.0,32.0,9.0,23.0,,12.0,,28.0,46.0,21.0,32.0,,25.0,37.0,,35.0,27.0,23.0,,44.0,32.0,,34.0,13.0,19.0,43.0,28.0,13.0,52.0,41.0,32.0,32.0,45.0,,23.0,20.0,10.0,,36.0,31.0,,62.0,23.0,59.0,22.0,26.0,23,57.0,21.0,50.0,,25.0,8.0,31.0,57.0,24.0,15.0,,40.0,14.0,12.0,32.0,18.0,26.0,17.0,53.0,12.0,37.0,10.0,16.0,19.0,10.0,17.0,44.0,21.0,31.0,41.0,22.0,57.0,19.0,59.0,57.0,22.0,18.0,25.0,27.0,44.0,13.0,62.0,37.0,23.0,56.0,11.0,6,26.0,21.0,14.0,23.0,44.0,62.0,29.0,20.0,13.0,42,38.0,,54.0,62.0,34.0,28.0,35.0,21.0,18.0,43.0,38.0,,21.0,20.0,41.0,28.0,15,31.0,43.0,41.0,53.0,10.0,23.0,29.0,21.0,20.0,59.0,31.0,18.0,16.0,53.0,51.0,53.0,54.0,35.0,39.0,22.0,,18.0,23.0,35.0,26,23,14.0,30.0,27.0,42.0,22.0,38.0,16.0,12.0,46.0,,42.0,49.0,55.0,35.0,24.0,52.0,27.0,35.0,52.0,48.0,13.0,24.0,26.0,59.0,25.0,27.0,32.0,16.0,,51.0,8.0,29.0,13.0,36.0,28.0,46.0,50.0,55.0,30.0,9.0,30.0,44.0,15.0,29.0,53.0,47.0,,20.0,25,30.0,12.0,26.0,15.0,27,28.0,0.0,56.0,27.0,24.0,,52.0,44.0,14,28.0,42.0,51.0,28.0,59.0,19.0,,20,,62.0,18.0,,40,26.0,22.0,28.0,44.0,45.0,9.0,12.0,18.0,12.0,,23.0,61.0,18.0,50.0,0.0,10.0,8.0,,47.0,,54.0,37.0,,,34,33.0,,31.0,55.0,,28.0,,35.0,,56.0,22.0,58.0,19.0,29,18.0,15.0,45.0,52.0,24.0,59.0,61.0,,33.0,,28.0,38.0,9.0,19.0,,20.0,50.0,45.0,15.0,48.0,41.0,26.0,,24.0,21.0,26.0,37.0,47.0,23.0,22.0,45.0,,19.0,25.0,,19.0,,54.0,39.0,34.0,39.0,,,57.0,19.0,38.0,28.0,52.0,,26.0,18.0,40.0,47.0,37.0,,15.0,26.0,31.0,11.0,,35.0,21.0,16.0,50.0,,25.0,27.0,50.0,21.0,17,35.0,31.0,39.0,30.0,24.0,44.0,41.0,,56.0,26.0,16.0,19.0,,,39.0,,43.0,20.0,24.0,,,19.0,30.0,27.0,26.0,,0.0,27.0,,41.0,51.0,,19.0,29.0,43.0,17.0,32.0,56.0,36.0,59.0,35.0,31.0,,,13.0,30.0,,38.0,19.0,34.0,,41.0,13.0,34.0,42.0,18.0,30.0,39.0,29.0,44.0,45.0,,22.0,33.0,,37.0,42.0,9.0,21.0,,62.0,,31.0,21.0,29.0,53.0,47.0,,12.0,18.0,13.0,20.0,,28.0,13.0,30.0,25.0,22.0,29.0,41.0,33.0,28.0,39.0,38.0,30.0,46.0,,,17.0,7.0,37.0,54.0,,,,25.0,,27.0,17.0,30.0,13.0,38.0,49.0,12.0,44.0,30.0,41.0,30.0,27.0,30.0,17.0,23.0,49.0,56.0,36.0,,50.0,29.0,12,33.0,,60.0,48.0,37.0,33.0,17.0,28.0,26.0,31.0,20,,20.0,11.0,44.0,18.0,53.0,28.0,,18,25.0,49.0,16.0,54.0,29.0,,35.0,19.0,26.0,34.0,36.0,16.0,12.0,54.0,51.0,21.0,22.0,10.0,35.0,53.0,25.0,22.0,51.0,15.0,40.0,,12.0,33.0,55.0,52.0,43.0,19.0,,,19.0,16.0,19.0,,50.0,16.0,,17.0,38.0,,27.0,,,36.0,56.0,31.0,38.0,28.0,,32.0,,51.0,,,32.0,54.0,20.0,39.0,24.0,,,35.0,37.0,32.0,46.0,0.0,22.0,22.0,23.0,31.0,16.0,16.0,28.0,14.0,39.0,17.0,25.0,9.0,15.0,,23.0,40.0,,40.0,35.0,22.0,,21.0,50.0,44.0,12.0,56.0,30.0,22.0,,,22.0,,,,17.0,27.0,,62.0,27,,33.0,30.0,,14.0,16.0,21.0,41.0,13.0,,39.0,,62.0,32.0,,9.0,28.0,28.0,41.0,,14.0,,25.0,34.0,41.0,24.0,5.0,22.0,40.0,44.0,35.0,,45.0,54.0,58.0,55.0,11.0,41.0,,28.0,42.0,52.0,18.0,,,,6.0,9.0,36.0,48.0,51.0,34.0,29.0,21.0,,17.0,15.0,,40.0,26.0,,19.0,0.0,27.0,,26.0,39.0,53.0,16.0,36.0,33.0,40.0,36.0,46.0,57.0,,,33.0,10.0,25,61.0,32.0,15,33.0,40.0,50.0,28.0,28.0,42.0,27.0,39.0,34.0,38.0,60.0,44.0,21.0,29.0,43.0,43.0,20.0,,50.0,,40.0,,62.0,38.0,,26.0,25.0,21.0,25.0,,14.0,48.0,31.0,44.0,0.0,13.0,24.0,13.0,24.0,38.0,36.0,18.0,16.0,20.0,,20.0,23.0,17.0,56.0,58.0,,42.0,41.0,40.0,35.0,17.0,,38.0,26.0,6.0,43.0,,25.0,9.0,33.0,32.0,25.0,31.0,9.0,16.0,14.0,54.0,49.0,,26.0,56.0,48.0,21.0,59.0,19.0,33.0,7.0,,33.0,21.0,30.0,,,39.0,36.0,20.0,50.0,30.0,38.0,31.0,47.0,46.0,,57.0,53.0,39.0,48.0,,28.0,,16.0,46.0,20.0,,49.0,42.0,52.0,42.0,13.0,,22.0,61.0,31.0,26.0,23.0,29.0,47.0,32.0,40.0,17.0,29.0,48.0,27.0,26.0,25.0,49.0,54.0,19.0,,28.0,42.0,12.0,27.0,22.0,16.0,55.0,19.0,23.0,41.0,18.0,37.0,24.0,25.0,,38.0,,23.0,31.0,56.0,,60.0,,,57.0,57.0,,,25.0,,49.0,,,30.0,30.0,22.0,52.0,28.0,29.0,12.0,40.0,41.0,62.0,,,14.0,25.0,50.0,13.0,27.0,,26.0,39.0,48.0,,19.0,38.0,,33.0,30.0,31.0,20.0,,36.0,43.0,23.0,24.0,39.0,48.0,,,,22.0,56.0,59.0,60.0,42.0,18.0,52.0,,50.0,10.0,51.0,52.0,18.0,44.0,62.0,,,45.0,14.0,27.0,38.0,32.0,,53.0,16.0,16.0,24.0,13.0,17.0,50.0,38.0,7.0,54.0,12.0,39.0,43.0,47.0,38.0,19.0,,37.0,37.0,36.0,38.0,14.0,24.0,41.0,39.0,41.0,34.0,38.0,40.0,14.0,46.0,48.0,33.0,30.0,19.0,,26.0,,38.0,15.0,39.0,0.0,38.0,13.0,,28.0,30.0,22.0,33.0,33.0,31.0,16.0,42.0,18.0,18.0,40.0,,,42.0,39.0,,61.0,57.0,22.0,47.0,41.0,14.0,18.0,37.0,14.0,,56.0,,14.0,43.0,,,48.0,44.0,32.0,60.0,43.0,50.0,28.0,32.0,31.0,22.0,34.0,46.0,30.0,,36.0,28.0,46.0,,35.0,28.0,21.0,,26.0,,35.0,,43.0,40.0,28.0,44.0,12.0,55.0,18.0,32.0,,,50.0,61.0,36.0,33.0,26.0,,45.0,32.0,25.0,,,7.0,27.0,27.0,13.0,36.0,,44.0,,45.0,41.0,29.0,24.0,37.0,41.0,45.0,38.0,28.0,37.0,53.0,47.0,38.0,,51.0,,61.0,,,,30.0,42.0,7.0,24.0,49.0,,43.0,41.0,61.0,31.0,36.0,35.0,,,26.0,31.0,40.0,44.0,16.0,43.0,38.0,40.0,39.0,42.0,39.0,,24.0,43.0,,59.0,62.0,41.0,49.0,29.0,,,,25.0,58.0,37.0,39.0,26.0,58.0,39.0,33.0,6.0,38.0,60.0,35.0,30.0,51.0,21.0,37.0,25.0,38.0,27.0,12.0,27.0,38.0,39.0,19.0,,21.0,41.0,9.0,22.0,47.0,9.0,,59.0,56.0,,,24.0,,58.0,13.0,9.0,,46.0,,46.0,52.0,38.0,10.0,26.0,33.0,23.0,,,18.0,,39.0,,52.0,,18.0,,12.0,36.0,24.0,20.0,34.0,55.0,,53.0,13.0,29.0,,,,,32.0,37.0,18.0,58.0,21.0,13.0,34.0,15.0,,,22.0,45.0,14.0,39.0,45.0,51.0,,44.0,,19.0,37.0,15.0,54.0,,39.0,37.0,31.0,27.0,,,,,24.0,0.0,26.0,18.0,,,16.0,14.0,20.0,20.0,13.0,,57.0,,24.0,37.0,34.0,31.0,35.0,,40.0,30.0,62.0,44.0,6.0,36.0,26.0,,35.0,6.0,24.0,57.0,9.0,25.0,,24.0,29.0,40.0,41.0,,,,37.0,43.0,42.0,43.0,57.0,51.0,35.0,16.0,,49.0,29.0,19.0,42.0,33.0,55.0,,38.0,24.0,28.0,11.0,,20.0,37.0,19.0,20.0,26.0,56.0,,18.0,,,38.0,,34.0,17.0,,30.0,50.0,39.0,32.0,31.0,17.0,24.0,0.0,19.0,17.0,,49.0,42.0,51.0,46.0,38.0,21.0,13.0,44.0,29.0,,,36.0,20.0,50.0,42.0,25.0,17.0,24.0,,,0.0,,,,16.0,44.0,53.0,18.0,9.0,17.0,58.0,23.0,50.0,17.0,,,26.0,37.0,26.0,20.0,60.0,,50.0,25.0,49.0,55.0,33.0,40.0,40.0,,,,23.0,21.0,6.0,,44.0,33.0,60.0,48.0,,29.0,26.0,19.0,,15.0,45.0,61.0,28.0,55.0,,51.0,,8.0,18.0,20.0,0.0,61.0,58.0,,62.0,32.0,47.0,,,46.0,,23.0,21.0,11.0,,33.0,34.0,,39.0,20.0,,,,24.0,34.0,47.0,24.0,,,23.0,32.0,32.0,57.0,,43.0,17.0,,35.0,19.0,14.0,,28.0,21.0,51.0,40.0,34.0,37.0,,,12.0,51.0,29.0,26.0,18.0,19.0,56.0,34.0,38.0,33.0,29.0,45.0,,16.0,48.0,33.0,,,,33.0,30.0,62.0,16.0,12.0,43.0,18.0,22.0,13.0,27.0,24.0,33.0,31.0,49.0,59.0,10.0,42.0,,,46.0,56.0,16.0,16.0,,38.0,17.0,,59.0,55.0,49.0,48.0,,13.0,31.0,,36.0,,,43.0,,53.0,20.0,,,34.0,11.0,32.0,15.0,,43.0,,10.0,43.0,43.0,33.0,25.0,,33.0,52.0,15.0,26.0,22.0,,10.0,39.0,,,15.0,32.0,,15.0,37.0,,23.0,40.0,58.0,47.0,57.0,37.0,57.0,19.0,,33.0,59.0,43.0,25.0,19.0,,35.0,15.0,36.0,28.0,25.0,,12.0,,,,23.0,43.0,23.0,43.0,25.0,18.0,42.0,34.0,54.0,23.0,23.0,,25.0,12.0,28.0,21.0,33.0,62.0,30.0,,21.0,,19.0,,,14.0,18.0,18.0,23.0,0.0,,8.0,,15.0,13.0,,,26.0,,,,22.0,36.0,29.0,43.0,55.0,20.0,,,53.0,33.0,13.0,48.0,55.0,24.0,50.0,,,28.0,44.0,,,29.0,17.0,42.0,58.0,32.0,,,,11.0,,39.0,47.0,24.0,44.0,24.0,,34.0,,21.0,27.0,57.0,30.0,41.0,15.0,,,,19.0,19.0,,,16.0,51.0,48.0,55.0,29.0,,,30.0,25.0,,21.0,,14.0,38.0,40.0,16.0,39.0,21.0,22.0,41.0,30.0,,18.0,15.0,33.0,51.0,42.0,29.0,,6.0,59.0,29.0,27.0,19.0,33.0,26.0,34.0,,51.0,,21.0,,,29.0,18.0,54.0,28.0,23.0,16.0,28.0,49.0,,21.0,52.0,,,,24.0,,57.0,13.0,29.0,35.0,28.0,61.0,,41.0,53.0,16.0,30.0,25.0,,23.0,53.0,43.0,17.0,,38.0,,29.0,37.0,8.0,33.0,42.0,21.0,15.0,,39.0,19.0,45.0,12.0,,57.0,34.0,,23.0,31.0,,,51.0,18.0,51.0,30.0,,23.0,,40.0,17.0,31.0,40.0,45.0,50.0,,18.0,56.0,18.0,17.0,31.0,18.0,,17.0,32.0,53.0,,17.0,,25.0,,,,,49.0,30.0,42.0,58,3,2.4254742547425474,18.782183908045976,-0.3431829529409374
4,3,5,9,2,5,4,6,3,6,6,4,8,5,5,6,11,5,37,16,6,5,7,12,5,6,8,5,6,7,13,10,7,8,9,6,9,16,9,10,18,11.0,10,14,10,17,3,5,9,19,9,8,2,0,18,24,16,20,3,13,11,6,9,4,20.0,14,18,10,4,6,9,6,8,14,7,8,11,11,12,2,24,15,6,13,10,8,10,10,20,20,13,16,12,11,17,15,15,14,14,11,8,2,0,1,13,9,9,21,12,9,11,27.0,15,11,6.0,11,18,12,13,18,14,19,17,15,14,10,12,21.0,11,8,21,15,0.0,11,15,15.0,16,13,20,7,24,7,12,10,15.0,13.0,6,33.0,15,19,2,8,43.0,12,15,13,13,23.0,25,19,9,16,8,23,1,19.0,12,20,6,14,13,18.0,13,15,12,29,9,30.0,13,12.0,11,11,6,7,17,46.0,31.0,10,23,34.0,,15,20,7,16,7,8,8,15.0,29,21,19.0,8,7,17,4,40.0,26,6,8,15,9.0,5,13,14,12,12,12,13,36.0,19.0,17,19,9,20.0,24,18,7,21.0,12,19.0,5.0,13,22,,23,18,12,13.0,37.0,28,13,14,13,15,19.0,26,12,10,15,18,22,21.0,17.0,9,31.0,43.0,14.0,16.0,30,18.0,13,20,22,53.0,4.0,16.0,,14.0,15,23.0,9.0,22.0,17,33,15.0,19,36,24,14.0,29.0,,18,,11,18,14.0,20.0,14,17.0,27.0,12,0,23.0,15,24.0,27.0,32.0,47,7,9.0,7,15,12,16,11,29,16,27,15,18,32,17,16.0,18.0,16,18,13,25.0,15.0,20,34,11,36.0,16,49.0,27,12,11,13,11,18.0,14,15.0,16,15,27.0,7,14,16,,0.0,12,31.0,,22.0,14.0,55.0,17,25.0,23,22,17,24.0,13,43.0,26.0,13,,23.0,55.0,20,7.0,12,19,15,24,16,26,13,5.0,14,36.0,14,9,16,28.0,18,5.0,19,9.0,10,,20,21,36.0,23,29.0,8,23.0,3.0,14,30,14.0,35.0,20.0,26.0,22.0,21,14.0,49.0,3,44.0,18,5,36.0,35.0,22,14.0,23,18.0,28.0,12,20,20,46.0,20,29.0,22.0,17,27.0,13,15.0,9,19,8,13.0,17.0,12,26,16,,37.0,30,28,22.0,14,25.0,10.0,30.0,22.0,26.0,17.0,18.0,8.0,35.0,20.0,15,18,27.0,16.0,27.0,26.0,29.0,,24.0,29.0,17,18,32.0,12.0,13,,40.0,,15.0,30.0,21.0,15,34,8.0,14.0,13.0,15.0,11,17.0,15.0,29.0,19,14,9,23.0,50.0,29.0,24.0,3,19,14.0,42.0,9,5.0,32.0,44,,49.0,28.0,19,24.0,8,15.0,23.0,23.0,26,34.0,19,29.0,16,5,17.0,19.0,11.0,25.0,27,24,31,36.0,10,14.0,12,19,21.0,6,13,30.0,5.0,15,23,10.0,0.0,25.0,28.0,24.0,18.0,18,25.0,17,10,10.0,,18.0,56.0,35.0,,14,35,39.0,,29.0,0.0,,55.0,16,17.0,6,13.0,9.0,11.0,0.0,17,29.0,18,,12.0,16.0,20,33.0,11.0,31.0,16,20,29.0,20.0,32.0,45.0,34.0,5.0,50.0,17.0,16.0,10.0,,25.0,31,18,16.0,11.0,19.0,3,6,14,11,10.0,32.0,14,29,,13.0,18,30.0,19.0,51.0,9,44.0,12.0,,10,13.0,24.0,19.0,31.0,27.0,19.0,6,28.0,19,17.0,18,12,19,29.0,35.0,25.0,5.0,23.0,35.0,41.0,13.0,0.0,24.0,6.0,7,25.0,29.0,0,11.0,47.0,18.0,,28,17.0,21.0,,10,15,31.0,7,26.0,17.0,11.0,19.0,9,10.0,27,30,6.0,18,,7,23.0,16.0,23.0,25,15,24.0,17.0,19,11.0,27,,18,35.0,16.0,25.0,32.0,14.0,14.0,18,26.0,27.0,,7.0,33.0,22.0,50.0,15,14,38.0,20,14,20,50.0,42.0,21.0,37.0,6.0,12.0,23,21.0,0.0,47.0,7,33.0,,27.0,17.0,,20,24.0,25.0,29.0,32.0,51.0,32.0,17.0,41,23.0,,32.0,44.0,10.0,40.0,26.0,19,42.0,18.0,26.0,22.0,18,17,7.0,38.0,33,,51.0,18.0,6,0.0,8.0,9.0,10.0,16,17.0,46.0,16.0,20.0,44.0,30.0,,21.0,18.0,19,23,31.0,30.0,40.0,27.0,,20.0,18.0,,13.0,31.0,31,34,16.0,35,,18.0,49.0,7.0,22,6,20.0,36.0,25.0,19.0,32.0,4.0,47.0,,18.0,35,19.0,7.0,50.0,17.0,14.0,27.0,27,30.0,27.0,19.0,16,20.0,23.0,14.0,27.0,19.0,21.0,10,16.0,11,39.0,14.0,9.0,32.0,,30.0,31.0,28.0,17.0,17.0,29.0,28.0,34.0,20.0,43.0,19.0,11.0,7.0,23.0,,28.0,17,48.0,26.0,25,50.0,48.0,30,27.0,11.0,13.0,23,24,12,24.0,17.0,19.0,30.0,42.0,20.0,22.0,22.0,24.0,8,15.0,12,10.0,8,18,15.0,18,33.0,56.0,29.0,44.0,17,21.0,20.0,33.0,16.0,,16.0,37,20.0,11,34.0,32.0,47.0,13,19.0,23,41,14.0,11.0,,16,4.0,,23,21.0,25.0,12.0,14.0,44.0,25.0,13.0,15.0,8,26.0,23.0,13.0,31.0,54.0,,32.0,11.0,13,27.0,16,38.0,19.0,15.0,20.0,10,21,33.0,10.0,8.0,17.0,7.0,46.0,25.0,17.0,43.0,16,14.0,21.0,22,29,49.0,51.0,17,0.0,43.0,15,9.0,20,14,18,16.0,45.0,16.0,20.0,20.0,,38.0,,23.0,41.0,22.0,22.0,26.0,10.0,25.0,30.0,27.0,53.0,40.0,26.0,39.0,16.0,21.0,28.0,18.0,36.0,,11.0,15.0,33.0,17.0,28.0,27.0,27.0,,43.0,43.0,,20.0,35.0,19.0,,24.0,36.0,26.0,46.0,,39.0,45,23.0,,39.0,16,13.0,7.0,4.0,39.0,40.0,18.0,9.0,6.0,,19.0,10.0,,36.0,,19.0,25.0,30.0,37.0,19.0,14.0,46.0,14.0,22.0,12.0,15.0,40.0,35.0,57.0,0,22.0,25.0,21.0,16,35.0,49.0,23.0,46.0,14.0,13.0,25.0,31.0,42.0,11,19.0,50.0,28.0,39.0,48.0,29.0,15,24,28.0,14.0,7.0,32.0,29.0,,33,19,,0.0,,,22.0,0.0,27.0,34.0,39.0,19.0,,30.0,21.0,26.0,28.0,10.0,16,16.0,17.0,40.0,40.0,1.0,22,42.0,19,36.0,45,44.0,,16.0,55.0,,47.0,8.0,38.0,17.0,21.0,26.0,7.0,31,25.0,17.0,40.0,52.0,19.0,26,8.0,26.0,33.0,24.0,20.0,9.0,34.0,,38.0,20,17,,,46.0,26.0,36.0,32.0,,36.0,6,40.0,34.0,28.0,22.0,27.0,19.0,26.0,7.0,13,45.0,37.0,35.0,26,12,39.0,15.0,8.0,23.0,,9.0,20.0,40.0,18.0,9.0,52.0,11.0,0.0,,17.0,36,10.0,,0.0,15.0,17.0,17,,27.0,12,19.0,23.0,27.0,49.0,36.0,13.0,43.0,24.0,18.0,10.0,37.0,15,27.0,6.0,,19.0,25,23.0,53.0,40.0,28.0,50.0,,41.0,0.0,32.0,15.0,18.0,12.0,35.0,22,17,,31.0,16.0,34.0,22.0,7,24,32.0,48.0,40.0,32.0,13.0,48.0,,15.0,28.0,42.0,,22.0,19.0,45.0,16.0,17,32,25.0,41.0,39.0,45.0,30.0,15,24.0,26.0,14.0,29.0,8.0,20.0,35.0,24.0,21.0,22.0,17.0,,48.0,26.0,33.0,19,38.0,16.0,22,38.0,14.0,28.0,,40.0,47.0,33.0,53.0,4.0,30.0,21.0,42.0,7.0,27.0,43.0,36.0,20.0,31.0,29.0,,13.0,,,27.0,14.0,,20.0,24.0,22.0,22.0,19.0,32.0,,49.0,20.0,8.0,26.0,44.0,23.0,29.0,19.0,22.0,,19.0,,47.0,44.0,31.0,37.0,33.0,21.0,32.0,58.0,31.0,25.0,,7.0,,5.0,,,53,21.0,11.0,15.0,43.0,55.0,7.0,52.0,1.0,11.0,,43.0,21.0,52.0,25.0,20.0,29.0,22.0,23.0,27.0,17.0,52.0,,26.0,17.0,13.0,25.0,37.0,,28.0,14.0,23.0,58.0,23.0,35.0,46.0,8.0,50.0,,57.0,41.0,25.0,,,32.0,19.0,25.0,6,,38.0,34.0,20.0,29.0,17.0,0.0,32.0,29.0,22,48.0,43.0,,34.0,53.0,30.0,27.0,15.0,23.0,52.0,,29.0,38.0,24.0,44.0,57.0,12,,22.0,14.0,54.0,31.0,,11.0,44.0,22.0,43.0,47.0,41.0,23.0,,19.0,26.0,,58.0,30.0,32.0,13.0,14.0,,47.0,7,33,7.0,31.0,19.0,27.0,,28.0,22.0,17.0,44.0,11.0,47.0,39.0,21.0,,32.0,25.0,,,57.0,31.0,18.0,22.0,,11.0,38.0,25.0,46.0,11.0,13.0,11.0,18.0,29.0,9.0,3.0,21.0,41.0,26.0,50.0,31.0,19.0,27.0,26.0,13.0,0.0,26.0,38.0,43.0,18.0,16,16.0,28.0,15.0,29.0,16,,31.0,26.0,27.0,40.0,38.0,17.0,52.0,16,32.0,16.0,18.0,25.0,42.0,39.0,31.0,28,,13.0,25.0,32.0,14,29.0,,26.0,23.0,34.0,20.0,25.0,19.0,16.0,6.0,38.0,,54.0,26.0,,22.0,46.0,29.0,,25.0,10.0,24.0,20.0,22.0,19,27.0,25.0,28.0,17.0,29.0,29.0,,12.0,52.0,,31.0,27.0,58.0,21,27.0,,18.0,37.0,13.0,17.0,52.0,10.0,35.0,9.0,18.0,21.0,,,44.0,12.0,42.0,18.0,,,19.0,46.0,33.0,26.0,13.0,33.0,28.0,25.0,29.0,21.0,,19.0,15.0,24.0,43.0,,47.0,45.0,18.0,55.0,13.0,44.0,21.0,,14.0,33.0,,40.0,38.0,10.0,21.0,33.0,40.0,52.0,,33.0,26.0,13.0,7.0,42.0,22.0,7.0,35.0,42.0,34.0,30.0,,25.0,21.0,19,12.0,,49.0,17.0,33.0,,28.0,,9.0,8.0,35.0,11.0,22.0,9.0,19.0,12.0,16.0,11.0,13.0,,,28.0,43.0,47.0,29.0,30.0,33.0,50.0,20.0,13.0,41.0,,41.0,,49.0,32.0,34.0,45.0,,,14.0,24.0,30.0,32.0,18.0,30.0,10.0,,28.0,,24.0,52.0,27.0,49.0,,36.0,9.0,,43.0,7.0,49.0,53.0,10.0,23.0,22.0,46.0,11.0,24.0,33.0,33.0,28.0,22.0,51.0,29.0,22.0,47.0,30.0,30.0,54.0,,11.0,57.0,21.0,30.0,14.0,38.0,22.0,58.0,53.0,19.0,22.0,,16.0,41.0,,48.0,51.0,29.0,16.0,9.0,,,,32.0,17.0,8.0,,25.0,47.0,9.0,6.0,34.0,5.0,,8.0,37.0,43.0,21.0,17.0,17.0,17.0,,,,,,,47.0,23,33.0,,34.0,28.0,25.0,18.0,45.0,37.0,24.0,24.0,17,20.0,27.0,26.0,24.0,32.0,,28.0,,18,,8.0,,21.0,42.0,49.0,22.0,,9.0,27.0,20.0,14.0,15.0,17.0,46.0,30.0,,28.0,16.0,19.0,32.0,5.0,33.0,58.0,29.0,,29.0,26.0,43.0,,25.0,22.0,26.0,,22.0,,53.0,20.0,37.0,,22.0,26.0,48.0,,18.0,18.0,31.0,42.0,9.0,,15.0,6.0,,43.0,30.0,34.0,24.0,35.0,,14.0,30.0,27.0,,15.0,45.0,,18.0,24.0,18.0,16.0,25.0,16.0,,30.0,,,26.0,13.0,12.0,47.0,1.0,17.0,8.0,,,54.0,28.0,56.0,31.0,27.0,12.0,37.0,54.0,,31.0,12.0,29.0,,21.0,,30.0,33.0,10.0,35.0,21.0,24.0,38.0,28.0,34,18.0,31.0,52.0,22.0,19.0,47.0,,,14.0,22.0,20.0,35.0,35.0,21.0,,6.0,19.0,11.0,,56.0,24.0,18.0,30.0,50.0,53.0,25.0,18.0,30.0,45.0,,7.0,27.0,26.0,17.0,32.0,32.0,27.0,15.0,17.0,21.0,6.0,10.0,15.0,,32.0,17.0,14.0,12.0,,9.0,15.0,16.0,27.0,29.0,,13.0,7.0,28.0,12.0,12.0,,21.0,28.0,26.0,28.0,20.0,37.0,44.0,24.0,,17.0,43.0,11.0,57.0,,15.0,17.0,15.0,,16,57.0,17.0,8,21.0,17.0,,24.0,41.0,,25.0,14.0,16.0,33.0,28.0,17.0,,22.0,26.0,21.0,48.0,15.0,50.0,29.0,33.0,,9.0,,40.0,17.0,26.0,,28.0,49.0,11.0,15.0,21.0,,24.0,38.0,24.0,12.0,20.0,46.0,,17.0,,38.0,14.0,7.0,27.0,48.0,4.0,20.0,32.0,28.0,54.0,,20.0,44.0,13.0,33.0,25.0,7.0,28.0,16.0,40.0,26.0,57.0,20.0,23.0,,23.0,20.0,26.0,11.0,17.0,,25.0,44.0,,,43.0,22.0,14.0,6.0,39.0,35.0,36.0,9.0,30.0,53.0,44.0,37.0,28.0,26.0,,48.0,12.0,18.0,26.0,13.0,,36.0,57.0,56.0,21.0,23.0,53.0,29.0,42.0,14.0,,39.0,23.0,29.0,54.0,35.0,30.0,8.0,,23.0,24.0,16.0,58.0,16.0,28.0,0.0,35.0,10.0,,34.0,29.0,26.0,27.0,28.0,17.0,24.0,,52.0,15.0,,15.0,8.0,56.0,32.0,20.0,9.0,7.0,32.0,,,55.0,14.0,32.0,27.0,,48.0,45.0,,,48.0,,,,40.0,57.0,22.0,30.0,26.0,14.0,18.0,36.0,25.0,,42.0,22.0,31.0,,24.0,35.0,47.0,23.0,32.0,21.0,,36.0,29.0,18.0,18.0,,34.0,,,,,54.0,27.0,9.0,13.0,37.0,25.0,14.0,18.0,56.0,50.0,40.0,30.0,11.0,,10.0,,25.0,,22.0,,37.0,15.0,,,29.0,20.0,42.0,25.0,39.0,43.0,14.0,38.0,23.0,52.0,7.0,,58.0,,31.0,9.0,54.0,44.0,23.0,11.0,21.0,36.0,4.0,,38.0,21.0,30.0,,10.0,41.0,12.0,12.0,44.0,36.0,45.0,,6.0,18.0,10.0,43.0,18.0,30.0,48.0,34.0,30.0,12.0,22.0,38.0,55.0,18.0,21.0,46.0,16.0,53.0,32.0,,6.0,,14.0,38.0,,,48.0,48.0,4.0,51.0,57.0,20.0,58.0,,39.0,26.0,30.0,46.0,,50.0,,23.0,35.0,,12.0,35.0,,,,38.0,21.0,40.0,,22.0,46.0,23.0,,24.0,,58.0,49.0,47.0,56.0,,26.0,14.0,42.0,31.0,2.0,7.0,37.0,44.0,5.0,,53.0,31.0,25.0,51.0,17.0,37.0,,22.0,19.0,19.0,,16.0,24.0,9.0,15.0,44.0,55.0,13.0,9.0,18.0,10.0,12.0,53.0,,,,15.0,17.0,41.0,52.0,39.0,,18.0,40.0,,31.0,29.0,23.0,23.0,4.0,,53.0,52.0,13.0,40.0,49.0,55.0,,28.0,17.0,27.0,26.0,,,,,39.0,,50.0,,,30.0,21.0,,37.0,16.0,13.0,,25.0,0.0,28.0,31.0,19.0,11.0,42.0,44.0,,42.0,24.0,,22.0,3.0,3.0,,39.0,39.0,37.0,50.0,17.0,17.0,,,,29.0,48.0,,,,,25.0,17.0,16.0,23.0,48.0,27.0,46.0,,,,31.0,21.0,,16.0,51.0,9.0,,15.0,28.0,22.0,,33.0,37.0,37.0,36.0,18.0,9.0,,42.0,,41.0,,32.0,52.0,,,29.0,,20.0,,34.0,41.0,54.0,27.0,12.0,28.0,28.0,31.0,55.0,,32.0,44.0,29.0,22.0,7.0,,40.0,,13.0,28.0,,33.0,,13.0,,28.0,46.0,17.0,26.0,48.0,51.0,57.0,34.0,14.0,9.0,44.0,,22.0,,,51.0,28.0,24.0,32.0,,31.0,,39.0,43.0,37.0,,29.0,27.0,17.0,9.0,16.0,,40.0,53.0,,12.0,,13.0,13.0,30.0,,17.0,,7.0,,31.0,57.0,0.0,24.0,33.0,41.0,,53.0,0.0,,54.0,31.0,0.0,28.0,41.0,,,32.0,25.0,4.0,13.0,34.0,31.0,18.0,47.0,0.0,18.0,,,0.0,30.0,,45.0,16.0,20.0,43.0,26.0,30.0,,,52.0,,46.0,26.0,7.0,28.0,,28.0,39.0,40.0,21.0,,,26.0,24.0,49.0,9.0,11.0,51.0,28.0,,,19.0,53.0,,28.0,,57.0,36.0,18.0,57.0,34.0,13.0,29.0,13.0,42.0,,56.0,43.0,26.0,41.0,35.0,56.0,12.0,20.0,53.0,,37.0,45.0,16.0,,42.0,19.0,27.0,16.0,58.0,53.0,44.0,,18.0,,47.0,31.0,51.0,44.0,,10.0,14.0,42.0,16.0,20.0,24.0,21.0,24.0,19.0,41.0,,,25.0,14.0,10.0,23.0,30.0,31.0,26.0,26.0,,,25.0,46.0,46.0,20.0,,9.0,28.0,0.0,,19.0,22.0,,14.0,25.0,38.0,16.0,,32.0,,34.0,57.0,57.0,20.0,10.0,3.0,5.0,0.0,37.0,8.0,,34.0,23.0,35.0,27.0,,17.0,28.0,,35.0,26.0,14.0,,16.0,16.0,23.0,,5.0,,20.0,,,12.0,30.0,49.0,,,42.0,13.0,27.0,,3.0,13.0,5.0,43.0,,57.0,28.0,35.0,16.0,37.0,50.0,46.0,29.0,33.0,22.0,58.0,19.0,20.0,30.0,43.0,53.0,29.0,13.0,11.0,44.0,5.0,47.0,,27.0,51.0,21.0,,,28.0,55.0,20.0,17.0,23.0,33.0,,39.0,50.0,,33.0,36.0,20.0,20.0,26.0,14.0,56.0,19.0,57.0,31.0,,27.0,29.0,12.0,30.0,28.0,18.0,40.0,,45.0,,,58.0,36.0,33.0,58.0,,,16.0,,38.0,55.0,47.0,,39.0,4.0,16.0,28.0,21.0,31.0,45.0,49.0,21.0,7.0,,22.0,39.0,43.0,19.0,,41.0,23.0,,,,21.0,,23.0,,18.0,23.0,32.0,29.0,15.0,31.0,36.0,,38.0,26.0,27.0,46.0,,22.0,31.0,25.0,33.0,29.0,,20.0,,48.0,15.0,,31.0,38.0,8.0,,20.0,26.0,49.0,23.0,51.0,28.0,10.0,,36.0,26.0,,48.0,21.0,10.0,24.0,22.0,49.0,47.0,55.0,32.0,47.0,,30.0,,,,,50.0,25.0,,4.0,23.0,7.0,35.0,,48.0,,37.0,,42.0,51.0,,34.0,40.0,37.0,57.0,,13.0,48.0,17.0,42.0,19.0,,20.0,,,,40.0,22.0,22.0,25.0,21.0,37.0,,,,15.0,45.0,,30.0,27.0,32.0,17.0,8.0,18.0,55.0,,43.0,,30.0,34.0,,,5.0,28.0,34.0,46.0,32.0,24.0,45.0,36.0,13.0,,,41.0,47.0,10.0,23.0,50.0,,54.0,18.0,49.0,,18.0,,,44.0,12.0,45.0,,21.0,16.0,12.0,28.0,49.0,14.0,,25.0,22.0,19.0,40.0,29.0,27.0,26.0,35.0,24.0,,18.0,,24.0,26.0,31.0,,8.0,54.0,,26.0,52.0,7.0,12.0,17.0,58.0,,22.0,17.0,,26.0,44.0,41.0,40.0,36.0,57.0,33.0,,18.0,38.0,,16.0,43.0,34.0,,49.0,48.0,,26.0,,9.0,36.0,,51.0,36.0,,33.0,,16.0,22.0,43.0,53.0,23.0,22.0,38.0,,51.0,19.0,37.0,,29.0,15.0,11.0,17.0,48.0,,50.0,17.0,27.0,7.0,,22.0,45.0,39.0,12.0,48.0,15.0,,44.0,,16.0,,38.0,35.0,7.0,51.0,19.0,32.0,18.0,38.0,31.0,24.0,,13.0,,,57.0,16.0,21.0,29.0,29.0,,51.0,59,3,2.4328358208955225,17.622754491017965,-0.35411424450056306
4,3,1,9,5,5,8,8,3,2,7,6,5,5,9,6,7,5,18,19,4,9,8,5,9,17,10,4,6,6,2,7,5,0,6,6,16,6,9,7,10,31.0,10,21,12,15,18,6,5,29,8,8,11,13,13,30,1,9,9,4,8,8,5,13,,15,18,16,15,8,13,19,13,10,14,12,24,16,13,5,13,9,13,9,12,5,6,7,20,0,12,8,14,15,3,5,18,11,17,13,13,11,8,9,16,17,14,20,12,11,23,9.0,22,19,15.0,9,25,19,13,17,11,21,7,15,15,12,15,21.0,10,8,18,9,10.0,15,16,29.0,12,35,8,16,16,12,16,18,24.0,9.0,6,15.0,9,17,16,12,31.0,11,19,10,22,22.0,31,13,14,18,21,26,12,46.0,19,11,2,11,24,31.0,12,21,6,28,14,11.0,13,21.0,17,9,12,13,20,8.0,11.0,21,16,9.0,26.0,11,7,11,20,32,10,16,24.0,18,25,27.0,9,11,25,28,42.0,7,5,7,11,5.0,12,0,15,14,9,23,14,27.0,25.0,27,19,14,34.0,20,20,15,,6,21.0,14.0,0,12,40.0,19,19,11,12.0,,16,14,5,18,20,32.0,19,12,22,16,16,22,21.0,18.0,21,,40.0,30.0,10.0,15,26.0,19,13,7,28.0,23.0,14.0,,20.0,11,21.0,24.0,24.0,5,43,,8,19,12,19.0,26.0,7.0,23,17.0,13,26,17.0,9.0,20,,35.0,14,11,22.0,16,31.0,54.0,5.0,18,13,15.0,21,13,15,20,17,14,21,19,14,21,32,14,0.0,17.0,21,15,23,25.0,27.0,6,22,10,44.0,18,12.0,17,6,33,11,11,53.0,12,11.0,19,13,17.0,7,40,25,42.0,35.0,18,49.0,14.0,4.0,19.0,16.0,19,19.0,22,27,24,27.0,1,,35.0,24,14.0,18.0,16.0,22,,11,31,19,17,12,11,20,12.0,13,39.0,18,43,21,20.0,22,15.0,24,17.0,16,26.0,22,16,18.0,20,,50,39.0,21.0,10,19,45.0,,35.0,20.0,,24,12.0,4.0,10,24.0,20,17,,37.0,24,22.0,16,22.0,48.0,16,44,19,28.0,10,25.0,27.0,12,22.0,16,10.0,7,19,10,16.0,17.0,30,15,26,36.0,16.0,5,15,37.0,8,12.0,10.0,3.0,0.0,,37.0,31.0,48.0,34.0,22.0,16,28,14.0,22.0,10.0,10.0,26.0,52.0,8.0,17.0,8,23,,13.0,10,14.0,18.0,14.0,24.0,18.0,30.0,24,24,0.0,34.0,22.0,29.0,31,18.0,25.0,23.0,18,12,17,24.0,33.0,13.0,21.0,12,19,23.0,17.0,31,16.0,44.0,8,40.0,29.0,18.0,14,13.0,27,36.0,20.0,16.0,19,20.0,23,48.0,9,21,,42.0,14.0,41.0,11,27,31,21.0,7,42.0,0,17,32.0,34,9,32.0,27.0,20,22,18.0,18.0,22.0,31.0,33.0,25.0,21,,24,12,55.0,8.0,34.0,37.0,3.0,15.0,14,19,13.0,16.0,10.0,44.0,57.0,30.0,10,60.0,35,44.0,17.0,37.0,0.0,10,26.0,17,47.0,,35.0,20,47.0,13.0,30.0,16,24,,45.0,23.0,25.0,24.0,18.0,,,16.0,25.0,29.0,22.0,28,16,36.0,9.0,53.0,10,49,12,16,41.0,,25,26,18.0,32.0,21,15.0,21.0,19.0,21,30.0,17.0,41.0,11,20.0,27.0,20.0,23.0,20.0,45.0,13,24.0,17,22.0,18,26,19,12.0,25.0,24.0,16.0,,4.0,25.0,28.0,55.0,35.0,15.0,4,30.0,,17,38.0,,2.0,38.0,25,24.0,11.0,,11,5,44.0,8,10.0,32.0,23.0,8.0,24,29.0,21,8,51.0,11,24.0,24,42.0,53.0,30.0,14,49,39.0,26.0,18,28.0,17,,13,44.0,42.0,53.0,,37.0,9.0,48,49.0,27.0,26.0,26.0,0.0,17.0,33.0,13,26,16.0,22,34,22,32.0,41.0,20.0,,,20.0,29,23.0,17.0,34.0,19,48.0,,18.0,27.0,14.0,22,24.0,38.0,23.0,40.0,31.0,,22.0,28,41.0,,50.0,36.0,18.0,32.0,19.0,24,29.0,,23.0,54.0,19,9,26.0,8.0,21,42.0,,38.0,34,23.0,21.0,8.0,35.0,23,13.0,28.0,39.0,45.0,22.0,7.0,10.0,,57.0,22,26,47.0,,,26.0,25.0,16.0,20.0,31.0,,29.0,15,21,30.0,11,32.0,31.0,26.0,32.0,23,16,12.0,22.0,17.0,32.0,13.0,35.0,50.0,20.0,29.0,20,8.0,40.0,26.0,40.0,20.0,11.0,19,29.0,18.0,35.0,21,13.0,21.0,7.0,45.0,24.0,23.0,28,34.0,28,21.0,,18.0,50.0,19.0,20.0,30.0,0.0,29.0,54.0,30.0,,10.0,5.0,38.0,37.0,,45.0,11.0,,24.0,11,29.0,26.0,31,21.0,25.0,11,24.0,,46.0,27,12,24,30.0,10.0,31.0,41.0,41.0,,15.0,26.0,19.0,16,19.0,38,32.0,46,41,11.0,0,40.0,28.0,44.0,11.0,22,13.0,31.0,50.0,15.0,38.0,,36,40.0,33,,24.0,,14,24.0,32,7,29.0,9.0,28.0,12,30.0,28.0,21,32.0,13.0,54.0,,36.0,32.0,,39.0,10,18.0,28.0,44.0,,27.0,29.0,27.0,5.0,27,55.0,27,26.0,24.0,40.0,45.0,10,10,17.0,47.0,,22.0,45.0,26.0,18.0,16.0,,20,32.0,18.0,24,26,24.0,46.0,23,18.0,21.0,25,39.0,27,28,21,31.0,22.0,,,26.0,20.0,26.0,17.0,41.0,20.0,57.0,33.0,48.0,21.0,,28.0,36.0,14.0,29.0,34.0,34.0,50.0,20.0,25.0,19.0,20.0,52.0,,26.0,0.0,21.0,23.0,19.0,50.0,35.0,59.0,28.0,41.0,28.0,0.0,33.0,32.0,37.0,41.0,8.0,51.0,38.0,27.0,17,30.0,23.0,16.0,20,33.0,37.0,44.0,15.0,54.0,20.0,18.0,24.0,15.0,15.0,21.0,,20.0,,21.0,24.0,27.0,,23.0,,25.0,47.0,55.0,4.0,53.0,28.0,1.0,,34,38.0,15.0,44.0,17,25.0,23.0,7.0,35.0,16.0,14.0,,,17.0,44,45.0,33.0,20.0,39.0,17.0,28.0,27,31,16.0,15.0,21.0,10.0,26.0,40.0,24,38,14.0,12.0,18.0,14.0,,43.0,,31.0,40.0,33.0,31.0,32.0,37.0,11.0,9.0,51.0,18,24.0,38.0,35.0,,42.0,13,28.0,22,,9,22.0,37.0,22.0,21.0,,15.0,31.0,21.0,22.0,53.0,11.0,25.0,10,21.0,31.0,17.0,36.0,,25,36.0,22.0,3.0,,28.0,33.0,,,35.0,25,7,37.0,26.0,30.0,13.0,17.0,11.0,25.0,10.0,17,,37.0,38.0,40.0,37.0,17.0,34.0,26.0,52,10.0,40.0,,20,17,,,15.0,27.0,29.0,60.0,42.0,,15.0,43.0,45.0,16.0,28.0,,43.0,5,9.0,21.0,46.0,24.0,,15,37.0,27.0,21,23.0,29.0,9.0,37.0,,21.0,35.0,31.0,17.0,,9.0,11,29.0,23.0,15.0,36.0,4,15.0,43.0,21.0,29.0,18.0,41.0,29.0,27.0,27.0,53.0,,45.0,23.0,25,23,,12.0,34.0,39.0,34.0,15,30,50.0,11.0,38.0,25.0,,19.0,29.0,20.0,20.0,15.0,,52.0,26.0,0.0,26.0,41,29,42.0,1.0,33.0,34.0,27.0,14,25.0,,31.0,28.0,12.0,34.0,40.0,,9.0,56.0,,49.0,,60.0,35.0,15,20.0,21.0,24,9.0,20.0,13.0,30.0,42.0,19.0,12.0,40.0,28.0,29.0,54.0,,4.0,,28.0,43.0,25.0,13.0,23.0,,23.0,25.0,37.0,28.0,,37.0,,18.0,44.0,19.0,15.0,,,17.0,39.0,29.0,14.0,,12.0,19.0,12.0,28.0,34.0,29.0,39.0,30.0,24.0,,36.0,30.0,17.0,17.0,27.0,,28.0,,,36.0,17.0,26.0,44.0,23,29.0,23.0,42.0,51.0,34.0,17.0,14.0,11.0,22.0,35.0,19.0,27.0,,22.0,36.0,9.0,,16.0,53.0,13.0,,45.0,,15.0,17.0,,,15.0,46.0,36.0,27.0,48.0,32.0,27.0,39.0,19.0,,,,0.0,44.0,20.0,27.0,26.0,40.0,54.0,16,26.0,41.0,47.0,35.0,50.0,54.0,40.0,44.0,21.0,37,25.0,52.0,,46.0,34.0,26.0,19.0,12.0,14.0,38.0,23.0,37.0,43.0,34.0,,16.0,13,45.0,8.0,21.0,22.0,,23.0,26.0,27.0,11.0,23.0,20.0,,6.0,14.0,37.0,29.0,19.0,16.0,20.0,36.0,,11.0,36.0,40.0,16,41,9.0,44.0,14.0,14.0,31.0,30.0,30.0,6.0,27.0,24.0,34.0,34.0,27.0,,40.0,35.0,26.0,20.0,59.0,39.0,47.0,15.0,21.0,48.0,29.0,50.0,,13.0,60.0,30.0,22.0,16.0,,52.0,29.0,,37.0,,16.0,13.0,11.0,,47.0,24.0,55.0,,42.0,14.0,12,33.0,14.0,26.0,43.0,26,44.0,23.0,31.0,36.0,17.0,31.0,13.0,,28,28.0,35.0,26.0,,36.0,34.0,,26,,44.0,39.0,58.0,22,14.0,10.0,17.0,23.0,44.0,14.0,41.0,16.0,14.0,23.0,18.0,,13.0,36.0,18.0,10.0,16.0,31.0,25.0,,23.0,29.0,36.0,29.0,25,31.0,39.0,13.0,20.0,18.0,,12.0,,,42.0,,33.0,24.0,45,28.0,,19.0,27.0,9.0,,,24.0,28.0,16.0,51.0,20.0,,15.0,,20.0,51.0,,,51.0,44.0,28.0,9.0,38.0,30.0,4.0,27.0,,14.0,18.0,31.0,,21.0,32.0,49.0,8.0,26.0,16.0,39.0,16.0,14.0,18.0,,33.0,46.0,30.0,,18.0,,40.0,21.0,37.0,24.0,54.0,60.0,10.0,15.0,25.0,10.0,48.0,60.0,14.0,27.0,55.0,38.0,23.0,53.0,60.0,0.0,22,,,15.0,14.0,14.0,36.0,29.0,,31.0,17.0,48.0,31.0,34.0,28.0,39.0,12.0,50.0,16.0,33.0,35.0,33.0,27.0,56.0,51.0,6.0,51.0,2.0,,,37.0,31.0,17.0,26.0,14.0,24.0,47.0,53.0,40.0,24.0,30.0,13.0,31.0,,7.0,47.0,52.0,,29.0,18.0,23.0,24.0,52.0,28.0,60.0,59.0,38.0,47.0,34.0,21.0,39.0,31.0,,24.0,17.0,35.0,23.0,24.0,41.0,16.0,23.0,,34.0,59.0,16.0,49.0,0.0,38.0,56.0,20.0,12.0,27.0,31.0,60.0,,46.0,54.0,,21.0,42.0,37.0,60.0,0.0,59.0,,53.0,30.0,35.0,30.0,15.0,12.0,42.0,26.0,,60.0,,29.0,,37.0,6.0,44.0,25.0,23.0,18.0,31.0,48.0,15.0,37.0,27.0,9.0,53.0,9.0,39.0,17.0,19.0,27.0,23.0,30.0,55.0,22,52.0,43.0,57.0,19.0,37.0,16.0,55.0,24.0,20.0,53.0,29,33.0,22.0,,29.0,27.0,,30.0,32.0,41,,38.0,52.0,27.0,22.0,,41.0,47.0,,27.0,31.0,8.0,21.0,,56.0,29.0,25.0,14.0,22.0,44.0,,0.0,,,37.0,28.0,58.0,36.0,43.0,,23.0,23.0,46.0,36.0,13.0,17.0,11.0,16.0,42.0,,46.0,44.0,19.0,37.0,24.0,39.0,51.0,35.0,15.0,35.0,9.0,3.0,,42.0,22.0,2.0,29.0,12.0,15.0,39.0,35.0,44.0,,14.0,,42.0,52.0,36.0,37.0,32.0,33.0,43.0,60.0,48.0,9.0,16.0,14.0,,13.0,,,51.0,,24.0,7.0,,8.0,,57.0,16.0,35.0,26.0,,45.0,21.0,28.0,25.0,37.0,28.0,17.0,27.0,12.0,,47.0,24.0,23.0,43.0,54.0,42,24.0,46.0,16.0,,30.0,52.0,,32.0,18.0,45.0,8.0,52.0,,50.0,7.0,21.0,18.0,50.0,13.0,13.0,20.0,,18.0,31.0,27.0,39.0,15.0,16.0,27.0,51.0,33.0,37.0,28.0,10.0,33.0,41.0,35.0,14.0,46.0,,20.0,16.0,20.0,9.0,,,11.0,15.0,25.0,30.0,30.0,26.0,27.0,26.0,14.0,10.0,14.0,27.0,15.0,55.0,41.0,41.0,54.0,,51.0,0.0,41.0,52.0,42.0,13.0,55.0,36.0,31.0,28.0,19.0,20.0,40.0,56.0,,4,14.0,4.0,12,38.0,52.0,,,30.0,,14.0,37.0,23.0,23.0,60.0,,26.0,59.0,31.0,19.0,58.0,34.0,25.0,34.0,,20.0,28.0,,35.0,26.0,32.0,15.0,44.0,15.0,25.0,51.0,27.0,30.0,31.0,,,30.0,,18.0,,33.0,44.0,38.0,,16.0,38.0,26.0,22.0,,38.0,0.0,39.0,44.0,56.0,37.0,25.0,30.0,46.0,20.0,31.0,52.0,29.0,47.0,31.0,30.0,13.0,19.0,,49.0,14.0,20.0,22.0,21.0,44.0,53.0,13.0,26.0,2.0,10.0,3.0,8.0,29.0,0.0,,18.0,,,31.0,45.0,24.0,33.0,,52.0,60.0,48.0,42.0,32.0,17.0,35.0,12.0,26.0,,26.0,28.0,14.0,,17.0,57.0,17.0,20.0,,31.0,41.0,54.0,26.0,,38.0,31.0,13.0,48.0,32.0,57.0,35.0,19.0,31.0,15.0,31.0,41.0,48.0,27.0,21.0,,35.0,51.0,,,51.0,51.0,19.0,,26.0,37.0,5.0,54.0,,28.0,9.0,39.0,16.0,44.0,22.0,35.0,17.0,,,14.0,25.0,43.0,41.0,42.0,54.0,49.0,,39.0,41.0,40.0,20.0,31.0,17.0,32.0,46.0,,12.0,22.0,42.0,37.0,,50.0,,,,40.0,13.0,37.0,42.0,27.0,28.0,,33.0,18.0,9.0,43.0,35.0,10.0,34.0,42.0,30.0,40.0,10.0,32.0,,52.0,41.0,48.0,32.0,26.0,56.0,,,21.0,50.0,24.0,49.0,27.0,,43.0,41.0,40.0,20.0,44.0,43.0,13.0,19.0,20.0,28.0,0.0,38.0,,49.0,34.0,23.0,,10.0,15.0,20.0,,24.0,19.0,39.0,,23.0,,27.0,20.0,34.0,31.0,,30.0,35.0,25.0,,7.0,48.0,18.0,36.0,23.0,,38.0,8.0,0.0,25.0,12.0,,35.0,49.0,54.0,,22.0,21.0,20.0,38.0,35.0,36.0,17.0,33.0,,50.0,52.0,25.0,25.0,,30.0,10.0,36.0,,23.0,24.0,24.0,24.0,23.0,21.0,10.0,21.0,26.0,21.0,13.0,34.0,23.0,51.0,,45.0,31.0,42.0,,19.0,,,,52.0,16.0,39.0,19.0,,54.0,33.0,16.0,23.0,59.0,34.0,34.0,22.0,48.0,20.0,46.0,,46.0,49.0,8.0,,34.0,37.0,42.0,51.0,34.0,30.0,16.0,,59.0,,30.0,57.0,37.0,31.0,,18.0,13.0,,44.0,,23.0,52.0,11.0,46.0,25.0,45.0,,51.0,16.0,54.0,40.0,19.0,31.0,17.0,22.0,44.0,27.0,26.0,,12.0,5.0,50.0,51.0,57.0,20.0,1.0,24.0,26.0,17.0,20.0,8.0,,54.0,9.0,27.0,48.0,53.0,23.0,22.0,,18.0,19.0,52.0,27.0,,,54.0,39.0,,50.0,,44.0,53.0,42.0,20.0,,,28.0,31.0,34.0,,,51.0,,19.0,,,32.0,,38.0,5.0,47.0,,23.0,33.0,15.0,24.0,19.0,17.0,24.0,22.0,18.0,22.0,59.0,31.0,22.0,,,15.0,16.0,,22.0,,17.0,44.0,49.0,,39.0,25.0,25.0,23.0,15.0,44.0,47.0,29.0,15.0,8.0,,15.0,25.0,46.0,,,54.0,29.0,,,25.0,13.0,,39.0,23.0,43.0,50.0,7.0,51.0,37.0,31.0,56.0,29.0,,33.0,42.0,41.0,,,48.0,12.0,,38.0,27.0,53.0,39.0,,23.0,,45.0,42.0,46.0,27.0,25.0,50.0,59.0,,0.0,21.0,60.0,8.0,24.0,58.0,13.0,39.0,28.0,,26.0,,,37.0,23.0,31.0,,,,16.0,,29.0,,,31.0,26.0,46.0,23.0,5.0,20.0,48.0,20.0,25.0,,,46.0,,27.0,,40.0,35.0,,,,19.0,,26.0,49.0,53.0,,32.0,21.0,,42.0,13.0,10.0,30.0,49.0,,15.0,28.0,34.0,29.0,28.0,21.0,56.0,20.0,33.0,52.0,26.0,28.0,57.0,17.0,57.0,,8.0,25.0,49.0,46.0,36.0,16.0,59.0,14.0,,20.0,25.0,22.0,11.0,48.0,40.0,31.0,36.0,36.0,38.0,53.0,40.0,38.0,19.0,32.0,50.0,,25.0,53.0,33.0,35.0,13.0,26.0,12.0,38.0,18.0,21.0,,57.0,32.0,37.0,4.0,40.0,43.0,47.0,23.0,57.0,27.0,,34.0,33.0,,20.0,,25.0,10.0,,,22.0,46.0,8.0,26.0,,9.0,37.0,,50.0,37.0,30.0,18.0,22.0,,33.0,17.0,,20.0,,30.0,56.0,21.0,,26.0,,,37.0,28.0,39.0,,41.0,,25.0,22.0,,0.0,26.0,25.0,,29.0,43.0,27.0,7.0,51.0,7.0,,50.0,33.0,46.0,22.0,41.0,28.0,14.0,,,33.0,25.0,,,,39.0,53.0,50.0,25.0,35.0,28.0,59.0,20.0,24.0,39.0,11.0,13.0,34.0,12.0,,,42.0,35.0,,19.0,,10.0,25.0,37.0,,,60.0,13.0,46.0,41.0,30.0,27.0,19.0,10.0,17.0,21.0,,50.0,22.0,52.0,42.0,,49.0,27.0,26.0,,18.0,32.0,31.0,26.0,39.0,23.0,59.0,58.0,54.0,16.0,,,15.0,,17.0,1.0,18.0,20.0,16.0,57.0,9.0,,17.0,,,27.0,15.0,,25.0,53.0,48.0,13.0,36.0,33.0,,16.0,,40.0,43.0,53.0,42.0,8.0,46.0,58.0,,36.0,37.0,,10.0,23.0,36.0,,,,42.0,19.0,36.0,12.0,24.0,,37.0,37.0,41.0,38.0,,,16.0,,8.0,34.0,,,35.0,24.0,48.0,22.0,53.0,37.0,18.0,10.0,,,51.0,13.0,39.0,22.0,47.0,31.0,23.0,34.0,49.0,30.0,58.0,18.0,8.0,,36.0,,30.0,26.0,51.0,22.0,18.0,18.0,,,51.0,,45.0,51.0,34.0,,,26.0,50.0,,36.0,13.0,19.0,25.0,,,,,21.0,,17.0,46.0,49.0,0.0,,,54.0,54.0,49.0,44.0,25.0,12.0,,,23.0,54.0,43.0,,50.0,41.0,42.0,,42.0,,9.0,26.0,25.0,10.0,23.0,,,,57.0,43.0,,46.0,53.0,15.0,12.0,19.0,,56.0,,51.0,,38.0,,35.0,22.0,24.0,,28.0,43.0,60.0,40.0,36.0,26.0,22.0,15.0,60.0,17.0,,29.0,50.0,14.0,41.0,54.0,,7.0,,48.0,17.0,,,,46.0,43.0,,50.0,46.0,,11.0,57.0,21.0,,15.0,15.0,40.0,22.0,6.0,,16.0,19.0,11.0,,54.0,,0.0,,,12.0,44.0,,13.0,1.0,47.0,23.0,,,,10.0,48.0,47.0,43.0,45.0,19.0,,58.0,48.0,17.0,40.0,,13.0,39.0,17.0,10.0,,40.0,35.0,14.0,33.0,,25.0,40.0,52.0,,,,31.0,46.0,,29.0,28.0,32.0,52.0,,23.0,9.0,40.0,27.0,29.0,,39.0,,,38.0,13.0,41.0,50.0,45.0,38.0,54.0,10.0,,,35.0,,35.0,,21.0,21.0,21.0,27.0,28.0,38.0,50.0,,37.0,25.0,,9.0,0.0,22.0,49.0,24.0,,,8.0,15.0,38.0,47.0,,15.0,54.0,,34.0,,13.0,45.0,42.0,43.0,48.0,60.0,,,,,49.0,,,8.0,25.0,,22.0,32.0,60,3,2.467032967032967,18.782283577796953,-0.3356906421831241
6,7,7,9,9,7,10,11,10,9,11,17,12,10,12,11,15,7,29,16,14,11,13,8,11,12,13,10,12,13,12,10,11,10,20,13,9,8,15,11,20,14.0,13,15,11,15,0,13,17,17,20,14,15,19,16,34,19,22,8,11,12,8,10,18,20.0,13,16,11,18,18,15,20,19,13,8,18,12,9,16,13,17,12,13,20,18,20,16,20,14,12,17,22,35,9,15,17,16,18,13,16,26,16,22,16,11,17,2,29,19,19,13,18.0,15,30,7.0,20,22,28,21,20,17,23,11,16,12,18,15,18.0,21,13,27,17,35.0,12,17,27.0,17,30,16,14,13,23,12,29,24.0,43.0,5,55.0,27,23,17,9,34.0,14,21,6,19,45.0,33,20,22,13,18,12,21,23.0,24,18,15,24,11,15.0,12,15,26,21,13,31.0,15,14.0,16,14,20,21,24,63.0,42.0,13,20,22.0,63.0,24,21,19,26,21,10,13,14.0,19,35,20.0,24,21,14,19,26.0,16,17,16,16,41.0,18,19,22,16,18,16,15,11.0,15.0,16,15,13,25.0,21,30,5,,18,23.0,34.0,22,17,,19,21,21,12.0,25.0,10,22,18,0,18,44.0,25,9,19,26,25,29,38.0,31.0,23,,23.0,24.0,40.0,14,43.0,17,19,21,23.0,27.0,20.0,,27.0,14,34.0,26.0,51.0,27,33,48.0,28,28,27,17.0,29.0,42.0,12,38.0,5,23,13.0,11.0,10,19.0,13.0,15,18,14.0,16,27.0,8.0,18.0,19,19,13.0,26,20,22,35,27,25,11,19,12,8,23,18,36.0,29.0,23,3,13,18.0,30.0,31,6,35,33.0,25,,20,23,26,14,40,37.0,24,25.0,27,25,46.0,20,14,24,38.0,25.0,7,29.0,,20.0,30.0,40.0,22,27.0,41,13,21,25.0,21,33.0,22.0,23,41.0,25.0,24.0,9,,15,20,20,15,36,20,23,22.0,20,23.0,22,12,18,,19,11.0,6,20.0,3,49.0,18,20,27.0,42,16.0,21,16.0,39.0,18,24,41.0,,27.0,16.0,37.0,37,31.0,18.0,17,23.0,22,18,21.0,25.0,39,19.0,16,29.0,62.0,16,63,36,36.0,12,25.0,29.0,21,22.0,12,41.0,18,17,20,44.0,32.0,16,0,36,,23.0,30,16,12.0,21,56.0,21.0,64.0,39.0,12.0,27.0,16.0,23.0,21.0,37.0,21,16,,26.0,30.0,9.0,21.0,27.0,55.0,15.0,13,14,32.0,,20,33.0,27.0,30.0,12.0,54.0,22.0,16,26,25.0,48.0,19.0,32.0,37,61.0,31.0,28.0,26,18,25,0.0,29.0,24.0,27.0,28,19,14.0,,32,41.0,34.0,26,61.0,47.0,52.0,31,28.0,21,24.0,19.0,31.0,17,21.0,13,31.0,29,17,16.0,45.0,33.0,14.0,35,27,30,14.0,26,36.0,0,26,27.0,27,18,15.0,25.0,22,26,21.0,21.0,29.0,18.0,41.0,21.0,35,22.0,24,20,38.0,56.0,33.0,15.0,40.0,,16,20,21.0,37.0,36.0,26.0,44.0,30.0,5,9.0,25,26.0,8.0,0.0,,12,29.0,28,,38.0,44.0,27,48.0,39.0,36.0,21,34,17.0,49.0,49.0,24.0,10.0,27.0,,22.0,13.0,0.0,32.0,17.0,44,26,58.0,17.0,36.0,22,24,21,19,33.0,,20,30,10.0,,32,19.0,29.0,,21,43.0,37.0,,14,,,18.0,,24.0,62.0,23,31.0,15,31.0,14,25,35,24.0,24.0,28.0,59.0,20.0,,20.0,31.0,19.0,29.0,26.0,22,44.0,,16,34.0,26.0,22.0,15.0,31,36.0,27.0,,19,11,,39,27.0,21.0,12.0,44.0,31,32.0,32,29,30.0,20,23.0,41,31.0,13.0,26.0,16,19,15.0,14.0,37,,17,30.0,14,37.0,48.0,,49.0,38.0,13.0,23,35.0,22.0,44.0,16.0,,44.0,,19,19,28.0,22,32,24,26.0,21.0,28.0,0.0,51.0,39.0,26,13.0,25.0,50.0,14,18.0,35.0,35.0,20.0,27.0,34,52.0,39.0,30.0,,26.0,11.0,21.0,27,,36.0,,30.0,45.0,36.0,17.0,27,54.0,45.0,15.0,40.0,23,15,,50.0,19,57.0,10.0,13.0,45,21.0,60.0,14.0,17.0,6,,16.0,15.0,29.0,45.0,23.0,31.0,35.0,49.0,25,26,42.0,57.0,,15.0,,20.0,45.0,49.0,48.0,36.0,19,31,31.0,24,61.0,31.0,24.0,34.0,28,11,51.0,20.0,40.0,50.0,62.0,20.0,33.0,27.0,45.0,30,36.0,,20.0,22.0,33.0,38.0,23,24.0,23.0,22.0,21,62.0,13.0,24.0,64.0,24.0,24.0,36,37.0,24,18.0,34.0,39.0,28.0,30.0,28.0,49.0,55.0,30.0,15.0,16.0,13.0,22.0,10.0,61.0,45.0,21.0,43.0,18.0,,46.0,0,30.0,33.0,25,,29.0,11,18.0,60.0,50.0,28,25,2,15.0,27.0,15.0,25.0,18.0,21.0,23.0,55.0,26.0,17,19.0,22,19.0,19,20,13.0,42,28.0,50.0,20.0,39.0,24,34.0,21.0,34.0,18.0,41.0,23.0,22,56.0,28,9.0,27.0,,0,19.0,18,31,29.0,12.0,18.0,34,10.0,56.0,19,2.0,14.0,42.0,24.0,48.0,14.0,39.0,31.0,49,18.0,9.0,25.0,31.0,35.0,,26.0,28.0,20,21.0,14,50.0,33.0,20.0,25.0,41,16,48.0,,17.0,29.0,,34.0,32.0,41.0,14.0,12,16.0,21.0,45,13,15.0,16.0,27,56.0,30.0,23,21.0,29,27,31,48.0,22.0,35.0,,14.0,,25.0,54.0,16.0,49.0,36.0,17.0,,5.0,43.0,39.0,37.0,13.0,31.0,47.0,,35.0,43.0,30.0,18.0,,,48.0,12.0,35.0,31.0,33.0,22.0,31.0,30.0,44.0,18.0,63.0,40.0,31.0,16.0,46.0,41.0,36.0,12.0,,,28.0,28,28.0,31.0,0.0,13,27.0,47.0,,16.0,34.0,24.0,24.0,13.0,28.0,55.0,35.0,,35.0,35.0,,11.0,20.0,31.0,35.0,,58.0,18.0,,38.0,22.0,39.0,10.0,21.0,19,42.0,19.0,31.0,16,19.0,7.0,25.0,15.0,63.0,25.0,21.0,17.0,16.0,17,33.0,21.0,23.0,8.0,31.0,40.0,23,17,31.0,14.0,30.0,,31.0,51.0,33,21,,49.0,59.0,51.0,33.0,16.0,9.0,27.0,32.0,38.0,29.0,,49.0,64.0,35.0,23.0,33,41.0,22.0,35.0,32.0,31.0,22,35.0,43,19.0,27,32.0,48.0,19.0,19.0,51.0,40.0,48.0,36.0,24.0,16.0,39.0,47.0,13,0.0,14.0,51.0,40.0,25.0,17,45.0,,22.0,59.0,20.0,42.0,,43.0,21.0,28,30,47.0,23.0,18.0,19.0,29.0,26.0,22.0,14.0,19,38.0,61.0,0.0,34.0,18.0,43.0,15.0,40.0,36,35.0,18.0,,31,23,45.0,9.0,58.0,41.0,,,,25.0,20.0,22.0,22.0,10.0,24.0,,38.0,11,,42.0,35.0,32.0,11.0,16,,23.0,34,47.0,32.0,17.0,44.0,5.0,61.0,30.0,,15.0,12.0,29.0,14,35.0,29.0,42.0,10.0,35,38.0,28.0,30.0,28.0,29.0,41.0,35.0,28.0,44.0,40.0,38.0,13.0,22.0,41,20,22.0,30.0,32.0,20.0,,20,33,23.0,36.0,28.0,,24.0,22.0,,40.0,29.0,36.0,,25.0,38.0,42.0,52.0,0,23,19.0,23.0,18.0,57.0,29.0,20,16.0,55.0,47.0,19.0,14.0,40.0,38.0,19.0,17.0,0.0,26.0,29.0,41.0,45.0,23.0,23,16.0,54.0,20,29.0,58.0,,44.0,19.0,44.0,15.0,30.0,,48.0,29.0,34.0,21.0,46.0,44.0,,29.0,55.0,25.0,21.0,17.0,,,22.0,,36.0,36.0,26.0,22.0,,14.0,,23.0,24.0,22.0,37.0,12.0,,18.0,31.0,17.0,20.0,56.0,55.0,62.0,29.0,37.0,57.0,49.0,48.0,39.0,31.0,19.0,52.0,18.0,49.0,34.0,25.0,45.0,38.0,35.0,14,19.0,25.0,30.0,54.0,45.0,20.0,37.0,33.0,17.0,46.0,10.0,30.0,,51.0,44.0,21.0,15.0,24.0,,49.0,31.0,8.0,62.0,25.0,35.0,42.0,37.0,,38.0,61.0,52.0,37.0,0.0,31.0,,30.0,63.0,,11.0,,,18.0,,12.0,,64.0,24,31.0,18.0,49.0,30.0,47.0,,40.0,39.0,32.0,15,31.0,21.0,58.0,37.0,33.0,57.0,30.0,24.0,18.0,,63.0,48.0,50.0,22.0,,15.0,15,12.0,12.0,35.0,29.0,14.0,30.0,39.0,19.0,32.0,,27.0,,23.0,40.0,62.0,57.0,,,26.0,12.0,44.0,42.0,21.0,22.0,19,39,42.0,25.0,28.0,11.0,23.0,,48.0,36.0,41.0,27.0,46.0,32.0,19.0,37.0,,59.0,30.0,,27.0,40.0,9.0,,43.0,17.0,54.0,38.0,,33.0,,17.0,29.0,,,20.0,,,24.0,48.0,35.0,50.0,32.0,27.0,33.0,25.0,56.0,17.0,,26.0,22,42.0,28.0,21.0,,24,,26.0,,57.0,46.0,,33.0,0.0,24,35.0,41.0,22.0,46.0,,26.0,,25,62.0,0.0,35.0,,14,,15.0,49.0,18.0,28.0,21.0,19.0,37.0,30.0,,36.0,39.0,42.0,22.0,46.0,15.0,30.0,63.0,34.0,,25.0,29.0,,62.0,31,37.0,34.0,28.0,38.0,12.0,59.0,21.0,20.0,20.0,,,,49.0,30,29.0,25.0,24.0,28.0,34.0,,33.0,,28.0,22.0,33.0,53.0,20.0,22.0,51.0,,35.0,,38.0,41.0,,,57.0,47.0,48.0,42.0,28.0,,32.0,41.0,28.0,17.0,33.0,25.0,16.0,33.0,33.0,,18.0,30.0,25.0,26.0,8.0,,35.0,26.0,,48.0,37.0,19.0,,50.0,10.0,,21.0,13.0,25.0,58.0,11.0,30.0,39.0,17.0,23.0,22.0,17.0,32.0,34.0,16.0,43.0,29,28.0,,17.0,46.0,17.0,,27.0,33.0,29.0,38.0,34.0,27.0,40.0,21.0,23.0,22.0,24.0,37.0,23.0,33.0,19.0,28.0,40.0,37.0,26.0,,20.0,29.0,8.0,57.0,37.0,30.0,52.0,,45.0,22.0,42.0,,16.0,16.0,24.0,34.0,,16.0,12.0,28.0,59.0,42.0,25.0,9.0,,44.0,13.0,44.0,33.0,33.0,46.0,,58.0,28.0,34.0,,31.0,24.0,,62.0,16.0,35.0,31.0,25.0,43.0,18.0,51.0,24.0,14.0,16.0,,61.0,31.0,41.0,26.0,,,34.0,31.0,32.0,33.0,,30.0,28.0,26.0,50.0,18.0,,33.0,38.0,,34.0,27.0,42.0,21.0,,63.0,,57.0,3.0,,43.0,56.0,41.0,,28.0,,15.0,16.0,30.0,17.0,35.0,23.0,28.0,24.0,29.0,,48.0,49.0,47.0,56.0,40.0,25,58.0,13.0,,25.0,42.0,20.0,41.0,31.0,32.0,,34,18.0,19.0,52.0,10.0,31.0,51.0,42.0,32.0,21,17.0,39.0,21.0,12.0,22.0,57.0,36.0,,29.0,34.0,,23.0,50.0,26.0,47.0,54.0,8.0,35.0,40.0,34.0,47.0,22.0,4.0,54.0,53.0,45.0,45.0,17.0,,,31.0,51.0,17.0,29.0,34.0,25.0,18.0,,27.0,59.0,31.0,38.0,44.0,16.0,,37.0,43.0,33.0,20.0,51.0,31.0,17.0,37.0,42.0,35.0,,38.0,35.0,24.0,48.0,45.0,25.0,48.0,,,26.0,20.0,33.0,20.0,51.0,,17.0,15.0,47.0,4.0,,48.0,30.0,,,62.0,13.0,35.0,15.0,16.0,55.0,33.0,33.0,,19.0,24.0,0.0,41.0,28.0,23.0,24.0,28.0,,44.0,,32.0,27.0,63.0,60.0,,24.0,,10.0,40,20.0,,63.0,29.0,12.0,25.0,21.0,0.0,46.0,25.0,28.0,41.0,35.0,24.0,16.0,11.0,60.0,38.0,20.0,41.0,49.0,42.0,34.0,26.0,64.0,27.0,28.0,43.0,33.0,23.0,12.0,30.0,31.0,40.0,,54.0,52.0,50.0,25.0,,23.0,23.0,49.0,52.0,,,14.0,21.0,,28.0,32.0,24.0,24.0,48.0,35.0,13.0,38.0,39.0,27.0,22.0,47.0,21.0,38.0,,40.0,22.0,49.0,41.0,21.0,,29.0,42.0,31.0,,43.0,59.0,,26.0,22.0,22,28.0,21.0,21,27.0,,16.0,35.0,47.0,52.0,62.0,34.0,27.0,24.0,51.0,26.0,44.0,,45.0,,59.0,,42.0,49.0,44.0,,,32.0,56.0,,22.0,17.0,24.0,,20.0,55.0,,29.0,34.0,,,6.0,29.0,52.0,,,55.0,,36.0,24.0,35.0,21.0,12.0,,,33.0,42.0,36.0,44.0,43.0,,31.0,20.0,,30.0,38.0,32.0,30.0,31.0,29.0,31.0,,,23.0,29.0,30.0,33.0,43.0,18.0,31.0,45.0,21.0,12.0,29.0,,53.0,,21.0,15.0,23.0,33.0,,23.0,23.0,38.0,48.0,,29.0,,25.0,17.0,,43.0,25.0,,30.0,44.0,29.0,,14.0,,18.0,,47.0,27.0,22.0,23.0,47.0,54.0,31.0,33.0,23.0,49.0,31.0,,33.0,16.0,39.0,24.0,34.0,52.0,22.0,28.0,38.0,44.0,26.0,24.0,,34.0,39.0,42.0,20.0,36.0,39.0,44.0,51.0,33.0,,,,0.0,15.0,34.0,38.0,45.0,34.0,,50.0,,,35.0,64.0,,43.0,,,,,,43.0,42.0,22.0,29.0,10.0,40.0,31.0,,25.0,26.0,28.0,32.0,14.0,26.0,45.0,36.0,61.0,15.0,32.0,45.0,54.0,51.0,50.0,63.0,,20.0,,47.0,,,28.0,,14.0,8.0,16.0,,54.0,56.0,41.0,23.0,38.0,27.0,34.0,44.0,55.0,40.0,24.0,31.0,27.0,,,,28.0,59.0,,,42.0,32.0,27.0,14.0,52.0,,48.0,31.0,30.0,,13.0,36.0,,48.0,21.0,31.0,14.0,37.0,39.0,48.0,41.0,33.0,,28.0,44.0,,13.0,42.0,13.0,24.0,61.0,16.0,55.0,50.0,44.0,24.0,47.0,51.0,62.0,13.0,40.0,49.0,51.0,26.0,,17.0,30.0,19.0,5.0,,35.0,31.0,41.0,20.0,28.0,61.0,47.0,,16.0,25.0,60.0,22.0,54.0,24.0,47.0,39.0,14.0,24.0,42.0,21.0,34.0,21.0,31.0,39.0,28.0,,,17.0,30.0,37.0,37.0,,24.0,,28.0,44.0,44.0,38.0,,47.0,40.0,53.0,33.0,43.0,16.0,42.0,38.0,28.0,,23.0,28.0,28.0,45.0,18.0,39.0,18.0,51.0,21.0,,26.0,12.0,35.0,,33.0,27.0,30.0,22.0,25.0,22.0,52.0,44.0,31.0,23.0,30.0,19.0,34.0,15.0,,14.0,50.0,18.0,35.0,20.0,0.0,,,57.0,,39.0,49.0,7.0,51.0,40.0,60.0,,15.0,19.0,19.0,28.0,,35.0,19.0,31.0,18.0,19.0,36.0,50.0,,,36.0,14.0,20.0,21.0,,30.0,52.0,17.0,48.0,59.0,40.0,21.0,36.0,20.0,,18.0,,,27.0,25.0,16.0,23.0,,64.0,22.0,31.0,37.0,8.0,33.0,61.0,23.0,,23.0,48.0,44.0,18.0,18.0,,8.0,18.0,,39.0,22.0,30.0,11.0,56.0,50.0,63.0,45.0,46.0,27.0,34.0,20.0,37.0,44.0,30.0,26.0,32.0,49.0,30.0,20.0,60.0,58.0,62.0,2.0,24.0,25.0,26.0,15.0,31.0,22.0,19.0,52.0,19.0,20.0,11.0,29.0,39.0,,64.0,33.0,39.0,,40.0,55.0,21.0,,,52.0,,51.0,18.0,21.0,41.0,21.0,0.0,,15.0,40.0,41.0,19.0,45.0,37.0,30.0,56.0,43.0,48.0,,37.0,,,,41.0,15.0,,41.0,,60.0,29.0,35.0,17.0,53.0,17.0,,11.0,17.0,,,42.0,,,9.0,40.0,60.0,22.0,3.0,,48.0,37.0,46.0,26.0,23.0,20.0,44.0,38.0,35.0,35.0,37.0,20.0,19.0,39.0,20.0,19.0,22.0,34.0,18.0,38.0,,38.0,,47.0,27.0,47.0,39.0,35.0,19.0,26.0,,19.0,52.0,15.0,50.0,24.0,21.0,35.0,58.0,10.0,13.0,,24.0,32.0,34.0,,,19.0,26.0,,17.0,33.0,27.0,32.0,,,62.0,23.0,19.0,27.0,36.0,,,32.0,,27.0,57.0,48.0,31.0,16.0,26.0,,19.0,52.0,21.0,,34.0,47.0,19.0,28.0,24.0,45.0,20.0,46.0,47.0,,39.0,,19.0,,31.0,,13.0,34.0,,43.0,53.0,63.0,27.0,13.0,17.0,30.0,42.0,28.0,44.0,24.0,,22.0,26.0,16.0,50.0,37.0,43.0,15.0,,17.0,30.0,,43.0,26.0,33.0,26.0,19.0,,26.0,49.0,29.0,36.0,22.0,32.0,,10.0,,,24.0,14.0,44.0,37.0,17.0,32.0,,37.0,34.0,27.0,60.0,47.0,56.0,48.0,15.0,31.0,,43.0,,30.0,41.0,37.0,15.0,36.0,52.0,13.0,46.0,37.0,,38.0,64.0,38.0,31.0,16.0,29.0,23.0,46.0,49.0,,24.0,59.0,,29.0,46.0,,34.0,,20.0,31.0,24.0,25.0,24.0,22.0,24.0,58.0,14.0,21.0,,14.0,,22.0,22.0,18.0,,18.0,,45.0,50.0,53.0,41.0,7.0,25.0,62.0,45.0,19.0,,54.0,22.0,,51.0,31.0,,33.0,27.0,,57.0,21.0,,,54.0,22.0,,38.0,12.0,42.0,,47.0,,54.0,,49.0,,12.0,28.0,,,,35.0,33.0,55.0,64.0,19.0,,,30.0,18.0,,19.0,,,36.0,53.0,40.0,25.0,63.0,32.0,36.0,39.0,19.0,,32.0,54.0,56.0,42.0,,45.0,,43.0,19.0,28.0,38.0,,45.0,32.0,37.0,20.0,53.0,35.0,,32.0,,,21.0,,35.0,39.0,31.0,38.0,44.0,0.0,64.0,34.0,18.0,30.0,40.0,62.0,40.0,55.0,36.0,43.0,37.0,,,56.0,64.0,27.0,36.0,9.0,30.0,38.0,,22.0,43.0,15.0,23.0,33.0,,37.0,46.0,41.0,36.0,36.0,23.0,20.0,43.0,26.0,15.0,37.0,48.0,24.0,9.0,,0.0,62.0,19.0,,19.0,63.0,36.0,20.0,12.0,24.0,,,51.0,16.0,43.0,47.0,,27.0,38.0,38.0,48.0,23.0,,,12.0,25.0,20.0,23.0,,48.0,15.0,17.0,34.0,54.0,,21.0,22.0,17.0,,59.0,62.0,,27.0,61.0,34.0,,,,29.0,29.0,16.0,,24.0,,34.0,,,,48.0,,,23.0,53.0,23.0,64.0,32.0,60.0,35.0,,0.0,,32.0,,,,,20.0,27.0,,,29.0,46.0,40.0,29.0,,,14.0,29.0,43.0,64.0,51.0,15.0,42.0,,35.0,38.0,18.0,,43.0,57.0,47.0,,40.0,58.0,14.0,29.0,55.0,,33.0,54.0,,39.0,22.0,34.0,30.0,44.0,41.0,0.0,30.0,64.0,,54.0,37.0,38.0,,11.0,,25.0,,,28.0,,32.0,30.0,,,,,20.0,22.0,,28.0,24.0,56.0,,,49.0,39.0,,58.0,48.0,,36.0,51.0,26.0,,44.0,25.0,,26.0,34.0,18.0,15.0,34.0,14.0,53.0,38.0,16.0,26.0,,32.0,29.0,,0.0,56.0,53.0,,23.0,53.0,11.0,8.0,21.0,28.0,,41.0,18.0,21.0,33.0,11.0,34.0,58.0,,40.0,27.0,,0.0,30.0,25.0,,,29.0,,51.0,,0.0,37.0,58.0,,9.0,23.0,,11.0,,,,15.0,29.0,35.0,64.0,42.0,20.0,39.0,33.0,,,45.0,34.0,36.0,43.0,,61,3,2.4523160762942777,17.958810068649885,-0.3368223861444428
3,1,4,3,5,6,4,9,9,7,7,8,6,6,8,8,5,4,35,12,8,12,9,6,10,10,7,10,6,7,9,8,9,11,9,7,20,10,11,9,12,20.0,14,5,11,10,20,7,6,37,13,11,9,17,14,17,17,13,9,0,10,11,17,16,6.0,10,11,4,10,8,16,10,12,6,14,11,10,5,13,8,15,7,10,6,12,12,0,14,19,10,12,7,18,5,11,11,11,16,4,15,21,16,9,11,11,13,14,14,16,10,9,18.0,12,13,15.0,17,12,18,17,22,13,18,9,14,12,7,13,6.0,12,7,7,13,13.0,8,13,22.0,16,23,25,13,20,20,14,6,25.0,7.0,8,23.0,13,18,9,11,8.0,9,21,16,17,45.0,18,19,11,12,10,9,18,43.0,19,21,10,19,19,48.0,11,31,9,22,14,10.0,27,20.0,10,12,15,14,13,,11.0,7,16,23.0,60.0,0,18,8,12,21,14,13,37.0,28,20,23.0,22,20,24,13,10.0,15,10,18,15,5.0,11,35,14,26,16,18,11,34.0,36.0,6,16,16,33.0,9,18,26,43.0,14,7.0,22.0,13,22,38.0,4,20,12,31.0,7.0,21,19,9,14,14,19.0,20,11,9,13,17,30,19.0,32.0,14,54.0,22.0,39.0,30.0,24,19.0,17,43,19,,22.0,31.0,12.0,31.0,4,,23.0,43.0,2,16,14.0,12,34,9,15.0,12.0,24.0,25,26.0,19,20,22.0,9.0,4,28.0,7.0,9,15,25.0,19,15.0,54.0,44.0,23,22,18.0,15,33,23,21,21,31,13,18,19,5,4,18,15.0,11.0,5,15,15,12.0,19.0,16,29,25,34.0,27,39.0,20,10,17,5,9,28.0,10,17.0,10,20,27.0,14,8,20,41.0,13.0,26,30.0,25.0,14.0,26.0,,22,11.0,15,8,11,20.0,20,43.0,26.0,19,37.0,18.0,35.0,17,,18,25,20,25,18,19,22,13.0,20,,19,5,11,46.0,15,12.0,13,27.0,13,28.0,42,24,16.0,24,14.0,10,22.0,26.0,17,32,10.0,8.0,14.0,20.0,40.0,19,29.0,20.0,14,35.0,14,9,,52.0,19,34.0,16,10.0,57.0,14,20,28,29.0,7,10.0,53.0,10,13.0,8,21.0,19,18,4,30.0,26.0,10,20,21,,24.0,29,13,37.0,11,20.0,21.0,17.0,49.0,27.0,27.0,15.0,53.0,42.0,28.0,14,36,20.0,30.0,27.0,38.0,37.0,,39.0,14.0,13,17,15.0,32.0,10,,27.0,,21.0,20.0,27.0,30,16,16.0,36.0,26.0,18.0,18,24.0,36.0,29.0,16,19,15,,37.0,17.0,18.0,9,15,0.0,12.0,10,41.0,27.0,18,38.0,32.0,16.0,19,43.0,12,30.0,13.0,25.0,19,27.0,3,21.0,29,15,48.0,32.0,25.0,37.0,35,2,22,26.0,14,48.0,17,26,27.0,24,27,17.0,25.0,21,14,23.0,18.0,14.0,22.0,36.0,11.0,7,45.0,7,10,26.0,16.0,20.0,7.0,,15.0,14,9,17.0,55.0,27.0,24.0,13.0,6.0,19,26.0,8,45.0,7.0,12.0,33.0,18,26.0,11,,25.0,28.0,16,14.0,,30.0,22,19,,,13.0,52.0,43.0,12.0,38.0,,15.0,37.0,28.0,26.0,24,12,28.0,40.0,8.0,16,8,21,15,,9.0,15,13,32.0,19.0,16,35.0,33.0,19.0,6,42.0,20.0,,5,27.0,20.0,24.0,,17.0,33.0,15,12.0,12,8.0,9,18,24,30.0,36.0,12.0,10.0,44.0,,14.0,23.0,22.0,47.0,18.0,26,29.0,20.0,36,9.0,,9.0,19.0,19,8.0,23.0,13.0,23,4,21.0,8,16.0,7.0,17.0,45.0,14,14.0,25,23,29.0,14,52.0,20,49.0,32.0,44.0,7,19,53.0,31.0,29,6.0,14,54.0,21,16.0,13.0,51.0,,26.0,27.0,19,15.0,17.0,14.0,58.0,58.0,,11.0,18,9,9.0,15,28,15,14.0,18.0,30.0,35.0,20.0,38.0,35,10.0,43.0,24.0,18,17.0,11.0,22.0,,21.0,23,48.0,14.0,23.0,55.0,54.0,9.0,27.0,18,28.0,39.0,,58.0,,17.0,47.0,16,,16.0,17.0,28.0,25,10,57.0,7.0,24,44.0,,26.0,21,12.0,10.0,7.0,,16,18.0,55.0,12.0,,31.0,35.0,11.0,15.0,4.0,20,17,22.0,24.0,,20.0,18.0,8.0,23.0,40.0,27.0,26.0,43,21,8.0,30,19.0,9.0,,22.0,3,16,14.0,29.0,17.0,21.0,36.0,28.0,20.0,14.0,19.0,26,16.0,26.0,13.0,17.0,,24.0,16,44.0,19.0,19.0,18,15.0,12.0,49.0,33.0,27.0,25.0,12,19.0,18,,51.0,16.0,41.0,53.0,,10.0,,25.0,17.0,23.0,12.0,36.0,7.0,29.0,18.0,23.0,27.0,9.0,31.0,16.0,18,36.0,38.0,17,29.0,60.0,25,12.0,38.0,25.0,14,12,15,10.0,25.0,,49.0,0.0,48.0,20.0,24.0,30.0,28,13.0,16,,14,24,39.0,23,,54.0,14.0,46.0,17,24.0,25.0,8.0,28.0,21.0,11.0,16,14.0,25,20.0,28.0,,19,21.0,5,11,20.0,12.0,22.0,13,8.0,22.0,17,20.0,11.0,19.0,32.0,55.0,13.0,54.0,27.0,43,24.0,20.0,47.0,49.0,56.0,21.0,30.0,25.0,12,35.0,20,52.0,20.0,36.0,,23,14,28.0,13.0,30.0,28.0,,22.0,20.0,20.0,5.0,14,30.0,19.0,37,33,42.0,17.0,23,28.0,17.0,10,15.0,19,33,21,23.0,30.0,20.0,23.0,44.0,21.0,44.0,,37.0,37.0,26.0,19.0,20.0,18.0,22.0,39.0,19.0,34.0,23.0,44.0,35.0,30.0,0.0,25.0,29.0,22.0,19.0,17.0,6.0,7.0,40.0,24.0,23.0,43.0,20.0,39.0,51.0,22.0,40.0,27.0,12.0,27.0,19.0,26.0,20.0,27.0,19.0,32.0,21,20.0,21.0,30.0,36,26.0,8.0,16.0,20.0,39.0,22.0,27.0,39.0,50.0,50.0,27.0,20.0,,36.0,21.0,27.0,42.0,24.0,26.0,46.0,33.0,18.0,49.0,10.0,16.0,21.0,,42.0,25,54.0,19.0,,12,25.0,19.0,26.0,28.0,31.0,14.0,12.0,12.0,56.0,20,24.0,36.0,14.0,26.0,,40.0,26,14,13.0,36.0,16.0,27.0,48.0,29.0,26,0,16.0,48.0,59.0,16.0,50.0,39.0,49.0,10.0,,23.0,38.0,38.0,28.0,34.0,16.0,17.0,29,38.0,22.0,31.0,27.0,17.0,18,,22,23.0,19,25.0,,17.0,43.0,10.0,27.0,38.0,29.0,38.0,15.0,41.0,27.0,37,13.0,32.0,25.0,23.0,25.0,8,12.0,16.0,11.0,42.0,3.0,12.0,36.0,44.0,15.0,8,11,43.0,46.0,54.0,27.0,39.0,13.0,50.0,16.0,40,37.0,,23.0,59.0,22.0,15.0,23.0,15.0,24,30.0,24.0,20.0,24,17,,,19.0,14.0,10.0,,,,16.0,30.0,,0.0,12.0,53.0,,25,15.0,40.0,49.0,13.0,15.0,13,,,29,38.0,52.0,,6.0,27.0,42.0,14.0,27.0,26.0,49.0,,10,25.0,44.0,6.0,32.0,16,13.0,,13.0,25.0,46.0,26.0,30.0,50.0,45.0,37.0,19.0,36.0,24.0,23,13,8.0,17.0,13.0,29.0,17.0,30,18,23.0,39.0,33.0,46.0,48.0,26.0,,4.0,30.0,36.0,16.0,,,6.0,22.0,0,13,21.0,10.0,24.0,27.0,24.0,21,25.0,53.0,,43.0,,47.0,26.0,0.0,27.0,0.0,10.0,10.0,32.0,16.0,,31,22.0,,25,23.0,5.0,,14.0,15.0,41.0,15.0,17.0,41.0,21.0,27.0,34.0,9.0,16.0,18.0,29.0,21.0,20.0,13.0,0.0,56.0,,58.0,13.0,20.0,24.0,24.0,23.0,11.0,39.0,7.0,56.0,,20.0,38.0,23.0,9.0,58.0,47.0,24.0,43.0,22.0,34.0,43.0,39.0,37.0,34.0,27.0,51.0,19.0,,11.0,23.0,,10.0,27.0,58.0,55.0,12.0,10.0,25.0,42,17.0,9.0,,25.0,10.0,18.0,24.0,24.0,46.0,30.0,15.0,37.0,41.0,39.0,10.0,28.0,21.0,17.0,,20.0,29.0,,26.0,36.0,13.0,,44.0,21.0,26.0,38.0,30.0,25.0,31.0,,29.0,22.0,,31.0,,,,31.0,32.0,40.0,42.0,17.0,32,25.0,40.0,28.0,51.0,,46.0,40.0,38.0,33.0,12,29.0,,37.0,25.0,44.0,24.0,57.0,19.0,22.0,31.0,18.0,26.0,22.0,34.0,31.0,35.0,38,53.0,26.0,58.0,24.0,37.0,16.0,36.0,9.0,,28.0,21.0,22.0,6.0,36.0,38.0,0.0,0.0,35.0,37.0,18.0,34.0,16.0,25.0,10.0,34,24,44.0,17.0,31.0,24.0,25.0,21.0,39.0,28.0,31.0,25.0,,48.0,37.0,43.0,,31.0,12.0,,44.0,43.0,16.0,16.0,28.0,17.0,53.0,21.0,24.0,16.0,11.0,17.0,15.0,27.0,,30.0,38.0,,21.0,46.0,19.0,17.0,15.0,57.0,27.0,58.0,0.0,12.0,,22.0,20,33.0,16.0,19.0,58.0,27,33.0,,37.0,32.0,30.0,24.0,5.0,59.0,26,12.0,8.0,19.0,47.0,13.0,12.0,,38,13.0,60.0,18.0,53.0,15,,29.0,29.0,50.0,,21.0,25.0,25.0,12.0,0.0,46.0,35.0,18.0,13.0,17.0,11.0,30.0,45.0,44.0,,21.0,47.0,52.0,23.0,24,34.0,0.0,18.0,,25.0,39.0,18.0,,38.0,13.0,22.0,37.0,46.0,26,27.0,53.0,37.0,32.0,21.0,,59.0,26.0,21.0,44.0,45.0,,28.0,17.0,33.0,23.0,35.0,24.0,59.0,50.0,58.0,21.0,26.0,26.0,,16.0,40.0,43.0,18.0,27.0,27.0,52.0,32.0,,,12.0,0.0,,18.0,28.0,29.0,56.0,21.0,,21.0,19.0,33.0,59.0,16.0,26.0,39.0,40.0,25.0,26.0,59.0,5.0,28.0,19.0,11.0,,20.0,5.0,27.0,35.0,33.0,24.0,18.0,39.0,8.0,17,5.0,33.0,11.0,43.0,34.0,32.0,27.0,,22.0,50.0,49.0,18.0,37.0,17.0,17.0,,60.0,21.0,19.0,46.0,21.0,,22.0,49.0,,,39.0,39.0,8.0,41.0,21.0,27.0,0.0,15.0,45.0,44.0,9.0,28.0,26.0,29.0,27.0,31.0,,0.0,31.0,32.0,37.0,33.0,19.0,26.0,19.0,34.0,46.0,16.0,,50.0,17.0,26.0,38.0,48.0,36.0,24.0,19.0,,,23.0,35.0,22.0,18.0,42.0,27.0,,3.0,18.0,46.0,29.0,44.0,34.0,14.0,12.0,21.0,29.0,25.0,24.0,18.0,20.0,54.0,28.0,28.0,31.0,16.0,20.0,25.0,,32.0,0.0,46.0,33.0,21.0,18.0,40.0,28.0,39.0,,15.0,16.0,,6.0,13.0,37.0,17.0,20.0,,,,29.0,27.0,42.0,26.0,30.0,53.0,15.0,55.0,20.0,51.0,,19.0,37.0,20,37.0,37.0,39.0,21.0,37.0,16.0,20.0,21.0,37.0,,23,,53.0,41.0,23.0,28.0,47.0,50.0,54.0,26,26.0,52.0,,,,45.0,51.0,,43.0,,38.0,20.0,20.0,44.0,,13.0,2.0,23.0,26.0,,34.0,38.0,37.0,53.0,16.0,29.0,15.0,40.0,31.0,56.0,42.0,39.0,51.0,31.0,13.0,14.0,8.0,,39.0,21.0,25.0,,9.0,25.0,30.0,,30.0,29.0,58.0,17.0,12.0,8.0,56.0,11.0,,5.0,35.0,20.0,15.0,53.0,22.0,26.0,9.0,,,32.0,8.0,24.0,5.0,48.0,24.0,13.0,29.0,39.0,,54.0,19.0,,,,28.0,0.0,,34.0,20.0,30.0,,40.0,15.0,17.0,21.0,23.0,50.0,,13.0,23.0,43.0,,15.0,3.0,,13.0,12.0,,57.0,57.0,,18.0,23,,45.0,,19.0,30.0,34.0,,25.0,45.0,,14.0,36.0,27.0,18.0,35.0,20.0,39.0,35.0,,34.0,44.0,42.0,23.0,,,25.0,29.0,17.0,31.0,33.0,14.0,49.0,53.0,,,46.0,13.0,32.0,26.0,54.0,37.0,25.0,9.0,,14.0,,35.0,,30.0,29.0,24.0,35.0,12.0,,54.0,34.0,21.0,32.0,30.0,11.0,18.0,25.0,,,35.0,25.0,,35.0,37.0,58.0,21.0,25.0,,39.0,58.0,28.0,43.0,25.0,18.0,13,28.0,23.0,16,30.0,27.0,17.0,,46.0,,50.0,38.0,9.0,11.0,26.0,47.0,22.0,14.0,20.0,38.0,39.0,14.0,44.0,,18.0,,52.0,30.0,55.0,,33.0,,,,26.0,43.0,,43.0,,37.0,41.0,18.0,38.0,7.0,58.0,38.0,0.0,21.0,32.0,18.0,16.0,32.0,40.0,12.0,,55.0,16.0,15.0,31.0,41.0,42.0,44.0,26.0,17.0,18.0,20.0,21.0,19.0,,35.0,42.0,,58.0,23.0,1.0,60.0,30.0,30.0,22.0,26.0,51.0,,,,20.0,,41.0,,43.0,8.0,28.0,45.0,21.0,,39.0,44.0,39.0,21.0,8.0,17.0,49.0,43.0,,,,43.0,17.0,38.0,,,24.0,47.0,,,30.0,48.0,29.0,,,,35.0,,32.0,10.0,18.0,51.0,25.0,25.0,12.0,41.0,39.0,57.0,14.0,36.0,58.0,7.0,23.0,,20.0,,0.0,24.0,37.0,,36.0,12.0,19.0,29.0,48.0,9.0,47.0,10.0,52.0,17.0,,38.0,21.0,,58.0,,26.0,33.0,20.0,,,,60.0,16.0,18.0,39.0,,26.0,,46.0,,42.0,19.0,18.0,28.0,29.0,,33.0,24.0,9.0,23.0,35.0,28.0,47.0,36.0,35.0,27.0,,21.0,,45.0,11.0,22.0,,56.0,,52.0,49.0,12.0,21.0,26.0,29.0,27.0,59.0,21.0,52.0,13.0,43.0,22.0,,36.0,59.0,26.0,20.0,,38.0,,50.0,60.0,33.0,53.0,25.0,,57.0,45.0,40.0,27.0,26.0,20.0,47.0,23.0,,,,22.0,17.0,,26.0,,10.0,,37.0,13.0,39.0,16.0,60.0,,25.0,32.0,49.0,7.0,49.0,10.0,27.0,35.0,40.0,,25.0,15.0,25.0,46.0,36.0,12.0,9.0,11.0,6.0,9.0,20.0,35.0,29.0,,29.0,29.0,40.0,60.0,13.0,,43.0,41.0,18.0,6.0,,36.0,16.0,,56.0,46.0,28.0,2.0,35.0,25.0,23.0,42.0,18.0,,14.0,14.0,,25.0,24.0,32.0,13.0,,18.0,47.0,27.0,,,18.0,49.0,24.0,26.0,15.0,60.0,58.0,28.0,10.0,,41.0,59.0,21.0,33.0,7.0,43.0,17.0,,42.0,,,38.0,43.0,24.0,27.0,,28.0,30.0,17.0,53.0,,,8.0,27.0,21.0,,15.0,,22.0,,,,,25.0,,,42.0,,0.0,23.0,13.0,,14.0,18.0,,35.0,16.0,23.0,,14.0,28.0,12.0,17.0,29.0,25.0,10.0,29.0,15.0,,49.0,14.0,8.0,27.0,55.0,25.0,18.0,35.0,,22.0,41.0,27.0,60.0,24.0,46.0,8.0,38.0,36.0,18.0,31.0,42.0,32.0,50.0,,15.0,,20.0,20.0,0.0,,59.0,34.0,0.0,39.0,20.0,12.0,54.0,25.0,,,,6.0,45.0,59.0,33.0,13.0,,35.0,,47.0,53.0,,58.0,48.0,26.0,41.0,35.0,15.0,34.0,,42.0,26.0,,44.0,28.0,46.0,18.0,40.0,21.0,18.0,25.0,,34.0,,56.0,38.0,39.0,17.0,36.0,8.0,34.0,13.0,,,7.0,,,10.0,,34.0,,15.0,,55.0,35.0,32.0,34.0,32.0,,55.0,30.0,7.0,,47.0,44.0,32.0,14.0,17.0,,39.0,49.0,,,59.0,45.0,,2.0,,53.0,,40.0,59.0,52.0,,,,,58.0,36.0,22.0,15.0,37.0,40.0,,,17.0,44.0,26.0,,38.0,37.0,21.0,,8.0,,,31.0,8.0,13.0,20.0,10.0,,31.0,,,38.0,39.0,,34.0,45.0,20.0,,45.0,,52.0,11.0,44.0,24.0,16.0,52.0,,26.0,27.0,23.0,19.0,24.0,21.0,35.0,34.0,17.0,27.0,8.0,21.0,29.0,47.0,16.0,16.0,16.0,,25.0,30.0,51.0,44.0,34.0,,,45.0,45.0,22.0,60.0,33.0,19.0,50.0,4.0,21.0,,47.0,,15.0,25.0,32.0,13.0,19.0,43.0,,35.0,30.0,34.0,25.0,32.0,51.0,32.0,17.0,21.0,44.0,,32.0,55.0,23.0,,12.0,42.0,11.0,21.0,35.0,35.0,,,47.0,20.0,27.0,39.0,45.0,41.0,26.0,29.0,,27.0,57.0,26.0,,15.0,,20.0,,50.0,50.0,,46.0,31.0,,33.0,,35.0,20.0,27.0,56.0,28.0,18.0,,,13.0,32.0,27.0,23.0,12.0,26.0,,,43.0,19.0,33.0,59.0,42.0,,36.0,7.0,36.0,,,54.0,11.0,41.0,41.0,51.0,25.0,,20.0,31.0,16.0,,16.0,25.0,24.0,36.0,30.0,47.0,60.0,21.0,54.0,,,37.0,,33.0,,35.0,,22.0,,45.0,16.0,21.0,13.0,17.0,9.0,,,42.0,25.0,39.0,44.0,,55.0,15.0,,29.0,10.0,33.0,,39.0,34.0,,29.0,12.0,47.0,0.0,,9.0,22.0,,46.0,0.0,24.0,41.0,42.0,27.0,23.0,29.0,55.0,20.0,,40.0,60.0,22.0,18.0,49.0,,18.0,28.0,,32.0,51.0,60.0,24.0,39.0,39.0,15.0,29.0,,58.0,25.0,46.0,31.0,32.0,44.0,40.0,17.0,43.0,,19.0,32.0,31.0,28.0,46.0,16.0,42.0,58.0,49.0,36.0,34.0,34.0,23.0,,38.0,18.0,40.0,52.0,18.0,13.0,22.0,18.0,19.0,12.0,28.0,29.0,29.0,44.0,26.0,8.0,,40.0,34.0,23.0,19.0,,24.0,,58.0,36.0,10.0,,38.0,9.0,49.0,,35.0,12.0,,,54.0,38.0,19.0,29.0,,,,22.0,,22.0,40.0,60.0,31.0,,13.0,18.0,23.0,8.0,26.0,,43.0,,41.0,31.0,16.0,31.0,39.0,19.0,43.0,32.0,,,0.0,26.0,7.0,38.0,,,44.0,,58.0,57.0,44.0,,,55.0,,14.0,11.0,45.0,34.0,25.0,26.0,,,,,42.0,12.0,,28.0,,38.0,41.0,9.0,,30.0,12.0,40.0,41.0,,29.0,32.0,17.0,28.0,49.0,,31.0,28.0,48.0,18.0,36.0,28.0,28.0,,,24.0,50.0,41.0,,29.0,16.0,39.0,,36.0,19.0,,14.0,,36.0,30.0,15.0,24.0,,27.0,24.0,48.0,60.0,31.0,43.0,,14.0,59.0,,37.0,,27.0,,33.0,43.0,,34.0,16.0,51.0,,19.0,28.0,7.0,,15.0,34.0,57.0,22.0,59.0,28.0,33.0,,38.0,23.0,23.0,,26.0,38.0,,45.0,46.0,13.0,46.0,35.0,8.0,31.0,21.0,,43.0,19.0,46.0,35.0,44.0,46.0,26.0,48.0,36.0,55.0,,,18.0,25.0,,,44.0,12.0,47.0,,37.0,27.0,39.0,27.0,,25.0,60.0,3.0,49.0,56.0,43.0,57.0,,,3.0,27.0,,,29.0,,,20.0,21.0,35.0,,,44.0,19.0,,53.0,,,45.0,24.0,47.0,,,,27.0,30.0,48.0,,,31.0,9.0,,60.0,,14.0,43.0,16.0,37.0,17.0,38.0,13.0,58.0,,,19.0,11.0,,40.0,40.0,33.0,27.0,,50.0,59.0,34.0,,10.0,23.0,6.0,,42.0,15.0,56.0,29.0,,40.0,37.0,31.0,,,24.0,,35.0,5.0,29.0,58.0,29.0,45.0,52.0,62,3,2.4993103448275864,18.33922462941847,-0.3561340807806297
4,3,4,8,7,6,7,8,8,9,4,7,6,6,4,7,11,0,19,10,10,10,11,8,8,13,7,6,5,5,9,10,9,11,7,4,12,10,7,11,14,11.0,14,11,7,12,6,10,8,10,12,17,11,7,18,33,10,12,0,7,8,17,12,4,26.0,8,14,11,13,7,18,12,15,11,8,13,10,18,9,6,16,12,7,8,14,21,7,13,19,9,8,9,14,4,17,8,22,13,10,17,10,21,8,10,16,17,15,13,4,9,5,37.0,17,13,7.0,8,20,0,14,19,13,15,9,11,8,9,10,10.0,7,3,12,14,55.0,9,14,16.0,15,17,5,14,12,2,14,13,31.0,56.0,5,7.0,13,11,10,20,17.0,10,7,1,15,16.0,32,5,27,17,12,11,15,36.0,19,17,7,21,4,27.0,9,12,7,32,20,15.0,16,14.0,18,11,10,22,20,,0.0,19,20,0.0,45.0,9,6,8,14,43,12,18,15.0,23,25,9.0,10,16,11,16,41.0,24,17,18,14,25.0,23,12,9,9,11,27,9,14.0,18.0,12,18,18,,27,18,20,,14,9.0,9.0,7,15,19.0,8,30,11,14.0,36.0,8,16,16,18,21,13.0,20,13,11,12,11,20,19.0,13.0,11,37.0,25.0,13.0,21.0,21,16.0,13,21,8,9.0,5.0,24.0,,10.0,9,19.0,12.0,16.0,6,15,30.0,23,18,6,20.0,14.0,19.0,11,,10,11,12.0,12.0,17,,49.0,7,19,20.0,10,25.0,15.0,6.0,34,14,28.0,22,25,15,26,19,12,14,17,23,12,30,11,19.0,12.0,19,16,11,16.0,15.0,15,26,10,17.0,22,9.0,20,12,15,4,23,13.0,1,10.0,13,21,24.0,4,13,3,13.0,14.0,19,20.0,,29.0,6.0,17.0,18,28.0,19,8,19,10.0,11,34.0,11.0,0,7.0,9.0,28.0,26,35.0,9,23,22,20,15,24,20,25.0,10,19.0,17,18,0,32.0,7,31.0,24,26.0,21,5.0,15,13,32.0,23,15.0,9,26.0,16.0,28,17,4.0,29.0,10.0,19.0,32.0,10,8.0,15.0,20,42.0,14,21,53.0,25.0,12,28.0,5,12.0,39.0,16,37,16,15.0,18,13.0,5.0,26,14.0,9,18.0,17,23,18,6.0,36.0,28,11,6,14.0,41.0,29,26,41.0,33,22.0,12.0,21.0,0.0,22.0,10.0,21.0,20.0,19.0,14.0,11,19,25.0,,19.0,36.0,23.0,25.0,21.0,23.0,18,15,31.0,35.0,22,,12.0,,17.0,41.0,20.0,8,10,20.0,13.0,13.0,14.0,22,46.0,23.0,32.0,39,9,22,55.0,53.0,15.0,14.0,5,17,20.0,,6,11.0,33.0,26,34.0,22.0,31.0,15,10.0,17,23.0,30.0,11.0,16,21.0,18,3.0,11,14,34.0,9.0,21.0,,22,10,29,13.0,19,25.0,3,14,12.0,23,21,10.0,24.0,20,10,27.0,29.0,7.0,11.0,42.0,23.0,18,31.0,5,4,36.0,26.0,,18.0,25.0,20.0,13,44,17.0,,22.0,23.0,,37.0,28,14.0,14,15.0,,15.0,25.0,12,6.0,16,41.0,17.0,33.0,26,20.0,18.0,51.0,16,24,23.0,21.0,38.0,5.0,,12.0,37.0,25.0,41.0,11.0,21.0,20.0,2,25,28.0,47.0,51.0,12,23,20,18,35.0,27.0,12,9,42.0,36.0,6,16.0,16.0,18.0,21,,30.0,22.0,9,31.0,,18.0,39.0,25.0,36.0,7,19.0,15,15.0,12,15,14,52.0,44.0,31.0,26.0,,22.0,26.0,9.0,47.0,24.0,18.0,17,31.0,,28,14.0,44.0,11.0,19.0,12,19.0,10.0,4.0,13,4,33.0,22,26.0,32.0,24.0,35.0,22,15.0,12,24,18.0,17,,5,31.0,22.0,22.0,9,17,31.0,27.0,23,6.0,27,13.0,15,21.0,23.0,23.0,42.0,12.0,13.0,36,31.0,0.0,22.0,39.0,9.0,16.0,35.0,21,13,6.0,16,13,12,,,26.0,,,13.0,30,44.0,8.0,38.0,10,31.0,22.0,22.0,30.0,31.0,17,16.0,26.0,43.0,16.0,24.0,21.0,22.0,25,,47.0,11.0,12.0,14.0,10.0,25.0,20,23.0,,18.0,36.0,16,6,20.0,36.0,17,50.0,14.0,25.0,15,28.0,,23.0,,16,27.0,55.0,21.0,20.0,28.0,17.0,51.0,40.0,7.0,17,23,,,6.0,22.0,40.0,7.0,17.0,,10.0,34.0,6,12,17.0,25,14.0,15.0,14.0,31.0,9,12,30.0,23.0,12.0,20.0,35.0,45.0,9.0,35.0,17.0,5,9.0,25.0,,37.0,9.0,15.0,20,17.0,12.0,18.0,11,51.0,26.0,36.0,43.0,28.0,1.0,29,28.0,36,20.0,37.0,,,,21.0,14.0,21.0,26.0,9.0,,19.0,52.0,24.0,12.0,27.0,,32.0,27.0,10.0,34.0,29,28.0,13.0,11,9.0,26.0,20,16.0,19.0,20.0,33,4,17,26.0,18.0,54.0,19.0,7.0,18.0,27.0,9.0,12.0,20,17.0,14,31.0,30,25,56.0,18,7.0,35.0,24.0,,18,38.0,23.0,32.0,,35.0,11.0,32,,9,16.0,,21.0,35,4.0,7,27,24.0,21.0,12.0,15,3.0,,14,34.0,,,18.0,31.0,36.0,29.0,40.0,22,26.0,6.0,15.0,30.0,18.0,16.0,26.0,29.0,18,29.0,22,13.0,47.0,,22.0,10,16,37.0,37.0,40.0,25.0,19.0,45.0,18.0,32.0,17.0,21,12.0,27.0,29,16,23.0,15.0,24,26.0,29.0,20,22.0,29,15,40,36.0,28.0,21.0,6.0,8.0,17.0,22.0,,19.0,42.0,28.0,33.0,36.0,22.0,11.0,28.0,27.0,25.0,19.0,19.0,,22.0,27.0,36.0,24.0,56.0,12.0,,7.0,24.0,10.0,28.0,19.0,24.0,,14.0,13.0,37.0,7.0,18.0,0.0,19.0,35.0,33.0,11.0,26.0,,,19,11.0,5.0,31.0,24,18.0,,23.0,18.0,28.0,24.0,39.0,17.0,46.0,28.0,43.0,18.0,18.0,25.0,31.0,13.0,27.0,24.0,16.0,22.0,43.0,,,23.0,13.0,48.0,9.0,,16,14.0,30.0,6.0,11,,47.0,35.0,14.0,14.0,16.0,41.0,,16.0,20,21.0,17.0,22.0,20.0,26.0,40.0,17,18,16.0,,8.0,,28.0,36.0,29,17,17.0,38.0,23.0,9.0,49.0,19.0,36.0,19.0,34.0,25.0,6.0,,50.0,37.0,28.0,27.0,41,16.0,20.0,52.0,36.0,48.0,17,,39,8.0,27,45.0,,14.0,32.0,48.0,48.0,21.0,32.0,26.0,27.0,35.0,10.0,16,37.0,22.0,22.0,38.0,33.0,17,9.0,41.0,22.0,11.0,,16.0,,9.0,,19,18,,,,24.0,22.0,32.0,13.0,41.0,14,30.0,44.0,,55.0,,14.0,18.0,11.0,36,33.0,6.0,14.0,20,18,48.0,18.0,13.0,18.0,15.0,38.0,,,42.0,19.0,,12.0,17.0,,16.0,20,,24.0,47.0,24.0,8.0,10,13.0,17.0,4,25.0,25.0,27.0,24.0,46.0,35.0,36.0,35.0,21.0,56.0,40.0,32,21.0,46.0,15.0,,15,19.0,24.0,29.0,19.0,,37.0,,16.0,8.0,47.0,12.0,37.0,13.0,28,28,37.0,39.0,21.0,7.0,18.0,12,19,32.0,14.0,44.0,,36.0,45.0,,34.0,13.0,29.0,2.0,36.0,35.0,16.0,31.0,23,21,19.0,,14.0,13.0,51.0,21,42.0,,,22.0,33.0,0.0,17.0,40.0,25.0,40.0,9.0,,49.0,30.0,,19,8.0,15.0,0,40.0,26.0,12.0,16.0,9.0,34.0,40.0,,28.0,,26.0,28.0,17.0,30.0,27.0,16.0,25.0,24.0,14.0,,,27.0,46.0,23.0,,51.0,29.0,12.0,19.0,24.0,36.0,19.0,28.0,33.0,9.0,14.0,26.0,38.0,44.0,37.0,17.0,39.0,53.0,,15.0,42.0,29.0,36.0,,15.0,17.0,34.0,,27.0,41.0,9.0,,16.0,12.0,16.0,22.0,29,17.0,12.0,,36.0,21.0,,11.0,25.0,18.0,10.0,51.0,20.0,22.0,25.0,25.0,25.0,29.0,16.0,,19.0,7.0,23.0,5.0,22.0,14.0,0.0,30.0,14.0,31.0,,28.0,0.0,26.0,52.0,17.0,28.0,28.0,,40.0,,26.0,41.0,31.0,23.0,32.0,38.0,18,,23.0,30.0,23.0,,22.0,13.0,14.0,28.0,34,30.0,25.0,,27.0,34.0,16.0,25.0,43.0,22.0,38.0,,34.0,16.0,22.0,9.0,27.0,18,33.0,17.0,40.0,29.0,6.0,25.0,21.0,8.0,,17.0,39.0,25.0,,22.0,18.0,7.0,34.0,24.0,47.0,17.0,17.0,40.0,12.0,13.0,24,28,34.0,20.0,20.0,22.0,,31.0,26.0,46.0,,12.0,49.0,15.0,,,27.0,15.0,27.0,43.0,,,14.0,15.0,,21.0,41.0,46.0,47.0,22.0,,20.0,30.0,7.0,,,,,16.0,28.0,,22.0,32.0,14.0,23.0,42.0,30.0,,30.0,14.0,22,25.0,18.0,21.0,13.0,18,33.0,30.0,27.0,50.0,,,10.0,,28,22.0,23.0,32.0,51.0,18.0,2.0,23.0,23,37.0,13.0,44.0,,0,10.0,40.0,28.0,27.0,38.0,31.0,,42.0,13.0,35.0,13.0,35.0,49.0,,55.0,21.0,14.0,29.0,55.0,,,13.0,7.0,20.0,23,50.0,15.0,13.0,32.0,34.0,56.0,26.0,25.0,29.0,11.0,20.0,22.0,18.0,23,18.0,27.0,24.0,31.0,39.0,31.0,27.0,26.0,20.0,,16.0,28.0,13.0,36.0,,30.0,,,38.0,,29.0,38.0,13.0,45.0,21.0,18.0,32.0,35.0,24.0,7.0,27.0,46.0,25.0,,,15.0,33.0,43.0,39.0,31.0,2.0,50.0,5.0,48.0,22.0,25.0,8.0,39.0,50.0,27.0,,30.0,8.0,,40.0,39.0,17.0,10.0,56.0,18.0,16.0,12.0,14.0,46.0,32.0,17.0,18.0,,22.0,11,10.0,50.0,24.0,23.0,,13.0,33.0,32.0,27.0,,24.0,13.0,22.0,27.0,18.0,,36.0,18.0,29.0,52.0,24.0,45.0,16.0,36.0,18.0,22.0,49.0,17.0,29.0,50.0,16.0,55.0,,24.0,39.0,9.0,12.0,21.0,44.0,,55.0,46.0,47.0,19.0,15.0,30.0,18.0,24.0,28.0,18.0,33.0,38.0,37.0,,21.0,14.0,14.0,31.0,46.0,21.0,33.0,,,45.0,55.0,6.0,34.0,11.0,49.0,,29.0,,56.0,17.0,24.0,4.0,,23.0,31.0,,13.0,34.0,35.0,40.0,,8.0,21.0,22.0,,30.0,19.0,46.0,41.0,26.0,,34.0,43.0,25.0,,14.0,24.0,14.0,11.0,,55.0,18.0,10.0,27.0,0.0,26.0,15.0,18.0,,39.0,16.0,2.0,35.0,,20.0,34.0,25.0,19.0,28.0,33.0,33.0,,49.0,17.0,13,53.0,33.0,22.0,32.0,43.0,31.0,16.0,,35.0,24.0,34,,,7.0,12.0,,,16.0,32.0,35,23.0,34.0,,16.0,14.0,27.0,32.0,49.0,,27.0,,47.0,29.0,12.0,,13.0,38.0,37.0,31.0,21.0,,17.0,0.0,,16.0,10.0,22.0,,,22.0,9.0,22.0,25.0,,25.0,46.0,12.0,,22.0,31.0,24.0,36.0,,,,34.0,9.0,40.0,28.0,,51.0,25.0,46.0,29.0,12.0,10.0,,47.0,,,34.0,30.0,,12.0,,,35.0,44.0,32.0,25.0,39.0,16.0,24.0,22.0,27.0,37.0,,16.0,23.0,22.0,29.0,,,33.0,50.0,53.0,0.0,53.0,11.0,16.0,10.0,7.0,42.0,23.0,30.0,18.0,25.0,19.0,21.0,,19.0,,15.0,,44.0,41.0,28.0,1.0,29,12.0,39.0,19.0,42.0,52.0,22.0,16.0,,25.0,21.0,24.0,48.0,35.0,,,16.0,11.0,9.0,,30.0,,35.0,39.0,,37.0,37.0,23.0,,48.0,,23.0,47.0,24.0,,,50.0,9.0,43.0,,,27.0,46.0,6.0,,34.0,44.0,13.0,,43.0,23.0,45.0,23.0,18.0,25.0,,20.0,48.0,,15.0,20.0,24.0,53.0,21.0,44.0,44.0,54.0,29.0,11.0,8.0,26.0,4.0,23.0,24.0,,19.0,,35.0,19.0,35.0,31,,33.0,16,40.0,21.0,,7.0,14.0,46.0,27.0,,20.0,48.0,52.0,16.0,,,14.0,45.0,15.0,,19.0,36.0,25.0,,27.0,21.0,,30.0,22.0,15.0,15.0,37.0,36.0,27.0,23.0,45.0,,,19.0,34.0,42.0,,28.0,27.0,27.0,56.0,34.0,32.0,10.0,15.0,14.0,,0.0,16.0,22.0,,,23.0,12.0,43.0,23.0,42.0,17.0,9.0,43.0,28.0,51.0,13.0,47.0,21.0,34.0,,19.0,46.0,22.0,49.0,37.0,42.0,16.0,1.0,16.0,,23.0,,15.0,37.0,16.0,,19.0,,14.0,12.0,48.0,24.0,,10.0,18.0,,34.0,21.0,18.0,11.0,47.0,11.0,32.0,27.0,10.0,14.0,,11.0,10.0,29.0,29.0,7.0,4.0,0.0,33.0,0.0,,,18.0,10.0,40.0,33.0,,,14.0,24.0,,17.0,30.0,54.0,26.0,31.0,25.0,,46.0,13.0,43.0,46.0,21.0,,14.0,48.0,31.0,21.0,31.0,7.0,,15.0,,11.0,24.0,15.0,28.0,50.0,22.0,26.0,21.0,30.0,,,,,31.0,,30.0,41.0,45.0,8.0,51.0,52.0,,24.0,40.0,31.0,35.0,30.0,22.0,10.0,2.0,36.0,,,15.0,17.0,22.0,47.0,38.0,8.0,,14.0,,,35.0,32.0,11.0,30.0,22.0,28.0,5.0,43.0,38.0,52.0,10.0,14.0,47.0,26.0,29.0,21.0,,11.0,22.0,18.0,,6.0,47.0,23.0,,52.0,40.0,36.0,43.0,29.0,11.0,33.0,56.0,50.0,17.0,34.0,,,40.0,35.0,33.0,41.0,26.0,31.0,,17.0,56.0,11.0,,43.0,31.0,0.0,39.0,52.0,38.0,32.0,40.0,21.0,,16.0,22.0,50.0,21.0,,26.0,11.0,7.0,19.0,24.0,22.0,,7.0,24.0,16.0,10.0,42.0,,,44.0,25.0,15.0,,36.0,33.0,28.0,33.0,30.0,46.0,,22.0,38.0,35.0,21.0,,24.0,8.0,13.0,32.0,,,25.0,40.0,24.0,34.0,13.0,20.0,31.0,42.0,27.0,25.0,17.0,37.0,21.0,47.0,,,53.0,11.0,10.0,51.0,26.0,56.0,,7.0,13.0,,52.0,31.0,,48.0,13.0,33.0,17.0,25.0,20.0,12.0,46.0,,,24.0,,27.0,,22.0,0.0,35.0,50.0,9.0,16.0,44.0,43.0,14.0,,53.0,26.0,,,,24.0,,18.0,16.0,51.0,43.0,38.0,12.0,,17.0,20.0,,36.0,38.0,39.0,40.0,32.0,15.0,,33.0,55.0,,22.0,34.0,18.0,32.0,37.0,17.0,20.0,33.0,14.0,33.0,29.0,4.0,,24.0,,16.0,53.0,26.0,26.0,13.0,27.0,50.0,,42.0,,43.0,12.0,,54.0,,19.0,,13.0,39.0,8.0,8.0,53.0,26.0,35.0,13.0,38.0,38.0,50.0,44.0,8.0,50.0,,14.0,30.0,41.0,55.0,11.0,29.0,31.0,22.0,17.0,37.0,12.0,14.0,,23.0,,33.0,,,,33.0,47.0,10.0,22.0,24.0,8.0,25.0,49.0,36.0,37.0,,27.0,28.0,36.0,34.0,45.0,,39.0,23.0,32.0,,44.0,,,54.0,13.0,36.0,42.0,11.0,29.0,17.0,38.0,,39.0,28.0,,39.0,39.0,,21.0,,24.0,32.0,11.0,,16.0,,25.0,34.0,34.0,,9.0,51.0,35.0,42.0,33.0,38.0,19.0,32.0,,42.0,55.0,11.0,15.0,19.0,13.0,24.0,,42.0,,55.0,51.0,,,13.0,,9.0,54.0,50.0,51.0,54.0,11.0,25.0,35.0,32.0,28.0,23.0,22.0,42.0,45.0,45.0,18.0,17.0,30.0,,10.0,32.0,37.0,9.0,18.0,53.0,,27.0,26.0,30.0,28.0,,38.0,32.0,26.0,19.0,15.0,31.0,49.0,9.0,8.0,31.0,,35.0,29.0,40.0,,52.0,14.0,20.0,,15.0,25.0,,47.0,22.0,43.0,16.0,,48.0,,,10.0,18.0,51.0,,12.0,48.0,35.0,35.0,38.0,32.0,41.0,27.0,39.0,11.0,26.0,,18.0,55.0,,53.0,18.0,48.0,10.0,38.0,43.0,6.0,0.0,,26.0,20.0,,6.0,20.0,36.0,28.0,40.0,51.0,37.0,36.0,18.0,20.0,19.0,17.0,27.0,,,,18.0,13.0,0.0,48.0,14.0,47.0,0.0,,11.0,23.0,17.0,14.0,52.0,,32.0,21.0,27.0,24.0,,11.0,28.0,30.0,39.0,,,47.0,42.0,,,21.0,56.0,26.0,20.0,,26.0,,29.0,54.0,55.0,,11.0,4.0,,9.0,0.0,15.0,54.0,43.0,,25.0,22.0,17.0,41.0,,,39.0,51.0,29.0,36.0,,34.0,38.0,21.0,18.0,,16.0,14.0,,34.0,36.0,,55.0,,36.0,15.0,,33.0,37.0,23.0,31.0,45.0,13.0,4.0,41.0,16.0,15.0,,12.0,,11.0,,14.0,41.0,,,33.0,,,,39.0,,20.0,18.0,35.0,8.0,54.0,14.0,23.0,47.0,,12.0,56.0,26.0,54.0,27.0,8.0,,28.0,,12.0,13.0,38.0,35.0,28.0,22.0,7.0,53.0,23.0,8.0,15.0,48.0,29.0,11.0,,34.0,29.0,37.0,28.0,,42.0,,23.0,,,,,45.0,44.0,32.0,14.0,17.0,42.0,23.0,,54.0,36.0,0.0,22.0,22.0,51.0,14.0,,39.0,17.0,27.0,13.0,38.0,23.0,,20.0,,23.0,,43.0,43.0,42.0,,25.0,,46.0,35.0,53.0,,36.0,12.0,26.0,6.0,42.0,41.0,26.0,35.0,26.0,31.0,,15.0,30.0,,51.0,27.0,,23.0,35.0,30.0,27.0,,28.0,48.0,32.0,49.0,26.0,30.0,30.0,35.0,30.0,35.0,55.0,23.0,46.0,19.0,55.0,17.0,38.0,27.0,34.0,19.0,,37.0,12.0,,,53.0,24.0,27.0,41.0,22.0,29.0,,17.0,21.0,6.0,,47.0,30.0,13.0,17.0,18.0,,40.0,22.0,32.0,,27.0,44.0,39.0,43.0,,,14.0,11.0,,25.0,,15.0,55.0,,19.0,,,6.0,52.0,49.0,33.0,21.0,31.0,15.0,44.0,18.0,33.0,16.0,,23.0,19.0,,33.0,,40.0,15.0,,30.0,49.0,43.0,40.0,,28.0,27.0,,14.0,20.0,,29.0,,46.0,,20.0,53.0,28.0,43.0,30.0,37.0,45.0,20.0,46.0,54.0,,30.0,43.0,36.0,38.0,18.0,,,,30.0,45.0,,33.0,25.0,,10.0,,,16.0,15.0,42.0,,28.0,,,34.0,34.0,,15.0,14.0,41.0,32.0,20.0,,46.0,19.0,40.0,52.0,52.0,,19.0,14.0,31.0,,21.0,28.0,29.0,18.0,21.0,34.0,9.0,45.0,,,47.0,46.0,12.0,,12.0,50.0,21.0,34.0,25.0,8.0,22.0,50.0,,6.0,31.0,,,,6.0,8.0,16.0,22.0,12.0,36.0,36.0,,14.0,17.0,29.0,28.0,55.0,35.0,20.0,0.0,49.0,52.0,39.0,24.0,,53.0,20.0,26.0,33.0,20.0,,32.0,39.0,22.0,40.0,,47.0,28.0,43.0,17.0,47.0,,,52.0,36.0,,,29.0,,11.0,43.0,3.0,,0.0,11.0,27.0,16.0,11.0,,33.0,36.0,54.0,10.0,38.0,,19.0,30.0,39.0,13.0,53.0,45.0,,39.0,39.0,24.0,27.0,44.0,,54.0,39.0,63,3,2.371161548731642,17.16209188095926,-0.3328344109535982
5,3,4,8,6,10,6,9,7,3,2,4,5,6,10,5,11,6,14,23,7,10,8,10,1,13,11,7,1,11,12,8,8,9,6,13,6,7,9,11,3,15.0,15,14,10,11,8,16,12,19,9,9,7,10,23,24,4,10,6,9,16,11,16,9,,11,11,14,15,9,10,15,13,9,15,7,12,14,14,11,9,10,11,8,14,6,10,13,15,12,15,8,32,11,15,14,18,11,12,9,8,13,14,13,17,18,16,15,10,7,17,52.0,16,22,15.0,19,16,14,13,16,14,20,9,13,11,16,12,36.0,6,14,10,10,13.0,14,9,17.0,17,17,29,12,13,22,5,21,27.0,44.0,13,12.0,8,13,18,11,26.0,12,11,7,15,48.0,23,0,14,17,13,20,19,15.0,14,5,12,21,8,10.0,9,38,12,16,29,15.0,19,17.0,17,11,6,20,14,,32.0,6,6,46.0,11.0,17,43,27,17,15,13,11,5.0,17,22,42.0,15,16,37,14,12.0,10,11,18,18,47.0,17,19,17,18,15,26,13,27.0,12.0,14,12,14,50.0,6,15,15,41.0,15,7.0,23.0,21,11,8.0,27,12,20,5.0,47.0,18,6,15,16,17,14.0,28,7,12,12,17,15,12.0,22.0,11,30.0,,10.0,7.0,30,14.0,12,27,21,20.0,17.0,10.0,10.0,21.0,11,40.0,15.0,54.0,6,27,21.0,17,21,20,24.0,29.0,26.0,20,20.0,15,13,15.0,8.0,16,31.0,18.0,13,17,31.0,18,34.0,18.0,17.0,20,14,26.0,9,23,16,13,28,9,15,10,12,19,9,10,33.0,22.0,12,16,21,20.0,19.0,17,18,13,23.0,14,23.0,19,12,22,13,19,9.0,18,21.0,16,21,51.0,17,21,19,34.0,28.0,14,20.0,16.0,17.0,28.0,34.0,14,16.0,13,19,13,57.0,17,11.0,29.0,19,8.0,19.0,,26,,19,36,18,28,16,14,20,19.0,12,13.0,18,14,24,5.0,10,6.0,18,3.0,17,22.0,36,20,15.0,17,52.0,9,20.0,26.0,16,21,13.0,42.0,11.0,22.0,33.0,20,28.0,14.0,16,18.0,19,12,38.0,,13,24.0,45,20.0,18.0,18,17,7,30.0,42,32.0,42.0,17,22.0,8,10.0,22,18,8,23.0,17.0,23,26,44,13.0,29.0,17,14,44.0,12,19.0,4.0,12.0,17.0,16.0,27.0,20.0,4.0,28.0,11.0,18,18,14.0,12.0,14.0,26.0,3.0,30.0,43.0,17.0,16,17,25.0,56.0,13,51.0,23.0,22.0,18.0,13.0,14.0,19,22,,14.0,11.0,28.0,24,33.0,20.0,39.0,5,18,13,39.0,,8.0,14.0,29,16,0.0,31.0,1,7.0,42.0,27,15.0,25.0,12.0,13,14.0,13,13.0,32.0,33.0,24,18.0,15,40.0,17,38,24.0,42.0,18.0,25.0,9,17,22,19.0,32,17.0,6,22,23.0,24,20,37.0,59.0,37,19,45.0,29.0,36.0,25.0,18.0,31.0,27,56.0,16,18,31.0,15.0,45.0,16.0,26.0,29.0,15,17,37.0,,26.0,60.0,17.0,29.0,29,46.0,23,46.0,,2.0,,18,17.0,19,,25.0,15.0,22,14.0,41.0,,18,21,22.0,,20.0,35.0,48.0,14.0,13.0,27.0,17.0,13.0,22.0,20.0,40,21,33.0,22.0,19.0,13,7,15,24,14.0,20.0,22,7,56.0,15.0,11,19.0,20.0,22.0,36,33.0,24.0,,10,29.0,25.0,22.0,18.0,37.0,28.0,14,16.0,13,13.0,10,24,14,25.0,31.0,22.0,19.0,52.0,49.0,19.0,29.0,23.0,32.0,21.0,8,23.0,11.0,22,0.0,23.0,,28.0,23,28.0,37.0,31.0,16,21,51.0,18,29.0,21.0,20.0,46.0,13,13.0,26,23,30.0,15,,4,29.0,16.0,15.0,45,24,,38.0,24,6.0,39,58.0,8,,6.0,21.0,,33.0,5.0,28,15.0,,45.0,40.0,12.0,38.0,,18,23,53.0,14,22,15,42.0,14.0,11.0,45.0,,30.0,19,15.0,9.0,21.0,42,36.0,,50.0,21.0,36.0,26,29.0,11.0,33.0,32.0,12.0,13.0,28.0,22,45.0,29.0,6.0,46.0,0.0,12.0,24.0,22,23.0,42.0,33.0,15.0,11,8,35.0,,11,29.0,42.0,21.0,15,8.0,29.0,34.0,24.0,16,26.0,26.0,16.0,19.0,24.0,24.0,,21.0,0.0,20,0,,32.0,51.0,36.0,21.0,32.0,15.0,41.0,18.0,35.0,37,29,0.0,22,27.0,25.0,19.0,22.0,0,13,50.0,13.0,17.0,22.0,17.0,38.0,17.0,33.0,34.0,30,31.0,41.0,28.0,41.0,40.0,23.0,15,16.0,29.0,20.0,28,54.0,34.0,21.0,16.0,21.0,23.0,23,27.0,40,43.0,20.0,12.0,19.0,15.0,44.0,45.0,18.0,27.0,24.0,48.0,11.0,15.0,,56.0,25.0,21.0,11.0,,23.0,0.0,30,12.0,49.0,16,20.0,38.0,11,35.0,13.0,41.0,15,18,18,42.0,10.0,,28.0,18.0,3.0,0.0,39.0,20.0,19,16.0,29,29.0,8,43,35.0,24,15.0,45.0,28.0,20.0,23,36.0,14.0,11.0,20.0,27.0,27.0,28,36.0,23,25.0,41.0,33.0,27,19.0,20,22,41.0,23.0,40.0,19,20.0,18.0,19,31.0,11.0,46.0,30.0,,16.0,17.0,19.0,17,38.0,,23.0,24.0,42.0,40.0,37.0,15.0,28,19.0,6,14.0,24.0,7.0,30.0,26,14,15.0,23.0,29.0,25.0,28.0,24.0,41.0,50.0,,17,37.0,8.0,21,7,19.0,45.0,17,,17.0,14,41.0,57,20,23,20.0,27.0,,7.0,19.0,24.0,,19.0,25.0,17.0,32.0,23.0,39.0,21.0,20.0,,30.0,32.0,19.0,18.0,22.0,27.0,59.0,18.0,21.0,,35.0,,27.0,16.0,17.0,23.0,17.0,18.0,,17.0,48.0,,31.0,39.0,53.0,21.0,,29.0,59.0,12.0,43.0,44.0,19,18.0,35.0,22.0,13,22.0,11.0,32.0,16.0,19.0,53.0,42.0,26.0,53.0,17.0,27.0,51.0,39.0,18.0,43.0,27.0,55.0,33.0,25.0,39.0,32.0,16.0,,17.0,15.0,40.0,,,15,,44.0,,17,35.0,43.0,10.0,46.0,30.0,12.0,17.0,14.0,,5,29.0,15.0,40.0,34.0,33.0,59.0,11,19,24.0,25.0,59.0,8.0,33.0,14.0,21,42,44.0,42.0,18.0,30.0,16.0,27.0,30.0,17.0,41.0,26.0,25.0,31.0,47.0,19.0,18.0,20.0,32,15.0,22.0,23.0,16.0,14.0,21,32.0,15,31.0,28,23.0,30.0,33.0,20.0,23.0,34.0,18.0,47.0,25.0,,,10.0,8,45.0,22.0,18.0,26.0,38.0,22,35.0,16.0,39.0,19.0,11.0,11.0,41.0,24.0,50.0,28,30,7.0,18.0,50.0,15.0,36.0,34.0,23.0,38.0,21,29.0,,40.0,20.0,41.0,16.0,23.0,54.0,14,0.0,35.0,28.0,25,10,26.0,37.0,24.0,53.0,,31.0,19.0,,37.0,41.0,,21.0,15.0,49.0,35.0,13,10.0,,,20.0,8.0,23,28.0,19.0,8,25.0,18.0,,24.0,,16.0,41.0,20.0,22.0,15.0,19.0,11,32.0,23.0,9.0,17.0,19,18.0,37.0,25.0,14.0,19.0,40.0,24.0,20.0,41.0,,27.0,29.0,22.0,23,20,,20.0,29.0,13.0,17.0,23,17,15.0,20.0,27.0,27.0,35.0,19.0,26.0,29.0,13.0,27.0,,23.0,24.0,,50.0,22,38,27.0,42.0,36.0,8.0,,13,60.0,17.0,,54.0,11.0,25.0,18.0,16.0,16.0,17.0,57.0,40.0,37.0,28.0,,14,26.0,7.0,26,29.0,,22.0,23.0,18.0,,,,44.0,,31.0,,30.0,26.0,33.0,25.0,27.0,20.0,19.0,17.0,36.0,49.0,,39.0,14.0,32.0,28.0,18.0,25.0,28.0,31.0,49.0,36.0,50.0,43.0,26.0,11.0,39.0,12.0,13.0,47.0,56.0,20.0,13.0,43.0,15.0,17.0,42.0,29.0,27.0,29.0,21.0,10.0,51.0,25.0,11.0,23.0,28.0,22.0,,,27,18.0,13.0,,33.0,38.0,34.0,34.0,37.0,27.0,17.0,4.0,37.0,15.0,21.0,42.0,9.0,40.0,14.0,45.0,34.0,41.0,34.0,22.0,21.0,14.0,30.0,17.0,,25.0,53.0,22.0,37.0,12.0,16.0,31.0,44.0,40.0,41.0,,14.0,24.0,57.0,37.0,19.0,13.0,42.0,6,16.0,41.0,38.0,12.0,22.0,60.0,33.0,7.0,23.0,14,23.0,57.0,34.0,54.0,34.0,41.0,26.0,39.0,22.0,13.0,21.0,22.0,46.0,12.0,29.0,,20,41.0,27.0,31.0,17.0,52.0,53.0,15.0,33.0,34.0,29.0,,7.0,59.0,35.0,49.0,20.0,28.0,20.0,51.0,49.0,54.0,27.0,37.0,19.0,22,16,19.0,48.0,36.0,25.0,36.0,18.0,43.0,44.0,33.0,23.0,,37.0,55.0,37.0,39.0,18.0,,0.0,40.0,42.0,11.0,13.0,,,40.0,5.0,38.0,36.0,37.0,34.0,20.0,46.0,60.0,28.0,42.0,19.0,19.0,34.0,49.0,11.0,17.0,23.0,16.0,27.0,46.0,54.0,,29.0,22,0.0,22.0,32.0,48.0,39,31.0,,52.0,37.0,7.0,37.0,,,25,18.0,44.0,44.0,53.0,48.0,22.0,49.0,0,47.0,0.0,38.0,54.0,10,,38.0,42.0,20.0,49.0,13.0,,32.0,10.0,60.0,13.0,37.0,26.0,45.0,45.0,44.0,,35.0,,55.0,48.0,33.0,0.0,21.0,16,38.0,,30.0,18.0,26.0,44.0,0.0,,41.0,26.0,0.0,5.0,30.0,33,22.0,49.0,,25.0,,24.0,49.0,10.0,,21.0,36.0,9.0,39.0,17.0,,24.0,40.0,36.0,58.0,35.0,,12.0,15.0,,28.0,0.0,34.0,28.0,12.0,29.0,23.0,47.0,19.0,21.0,48.0,,24.0,18.0,,20.0,36.0,43.0,8.0,20.0,36.0,23.0,31.0,36.0,,21.0,,5.0,24.0,30.0,43.0,10.0,,32.0,41.0,7.0,10.0,13.0,6.0,,,34.0,48.0,35.0,49.0,4,9.0,53.0,39.0,21.0,22.0,34.0,29.0,39.0,41.0,23.0,40.0,,36.0,15.0,19.0,57.0,33.0,22.0,,,31.0,,45.0,,21.0,,15.0,11.0,,51.0,39.0,57.0,39.0,38.0,58.0,38.0,24.0,13.0,40.0,22.0,25.0,33.0,27.0,29.0,14.0,56.0,17.0,,39.0,9.0,21.0,32.0,28.0,,,58.0,47.0,,48.0,23.0,41.0,50.0,34.0,,24.0,4.0,,19.0,19.0,53.0,32.0,56.0,20.0,12.0,7.0,22.0,43.0,,11.0,35.0,18.0,,32.0,26.0,49.0,49.0,44.0,25.0,28.0,21.0,,49.0,,32.0,53.0,40.0,37.0,15.0,15.0,5.0,22.0,25.0,40.0,,19.0,19.0,16.0,41.0,20.0,37.0,40.0,14.0,42.0,10.0,22.0,24.0,11.0,,40.0,41.0,58.0,15.0,40.0,12.0,,,32.0,14.0,23,54.0,32.0,,55.0,30.0,24.0,,46.0,20.0,,13,,24.0,26.0,,19.0,18.0,27.0,,35,46.0,42.0,28.0,24.0,,34.0,60.0,23.0,26.0,22.0,45.0,17.0,41.0,40.0,4.0,,35.0,37.0,58.0,29.0,34.0,47.0,55.0,,32.0,10.0,,,30.0,,8.0,43.0,48.0,33.0,41.0,57.0,25.0,33.0,42.0,,51.0,36.0,11.0,36.0,50.0,23.0,6.0,38.0,,,40.0,23.0,,16.0,27.0,13.0,30.0,57.0,56.0,,23.0,25.0,55.0,11.0,,16.0,,22.0,41.0,32.0,32.0,40.0,26.0,46.0,,9.0,,16.0,20.0,23.0,23.0,36.0,3.0,,45.0,25.0,21.0,58.0,23.0,38.0,21.0,59.0,28.0,27.0,16.0,,26.0,34.0,10.0,,36.0,30.0,14.0,,21.0,21.0,33.0,0.0,25,17.0,,23.0,,12.0,14.0,,6.0,60.0,28.0,,,52.0,23.0,46.0,59.0,28.0,5.0,24.0,32.0,44.0,,10.0,,42.0,,56.0,,43.0,21.0,20.0,45.0,14.0,53.0,21.0,,54.0,13.0,51.0,,15.0,20.0,4.0,24.0,51.0,44.0,19.0,19.0,,39.0,24.0,13.0,18.0,35.0,9.0,44.0,30.0,22.0,37.0,15.0,13.0,11.0,17.0,,,,18.0,34.0,39.0,21.0,,32.0,,,30.0,,55.0,24.0,52.0,14,,25.0,8,15.0,12.0,17.0,60.0,40.0,4.0,,,12.0,33.0,39.0,6.0,34.0,,40.0,,47.0,,39.0,26.0,43.0,26.0,23.0,40.0,,29.0,56.0,58.0,14.0,53.0,11.0,28.0,24.0,48.0,,33.0,,6.0,25.0,20.0,43.0,29.0,19.0,39.0,39.0,44.0,45.0,50.0,9.0,,,26.0,43.0,34.0,,16.0,52.0,21.0,23.0,30.0,24.0,14.0,34.0,8.0,5.0,22.0,50.0,13.0,,,9.0,41.0,20.0,44.0,22.0,43.0,27.0,27.0,17.0,,27.0,50.0,,44.0,,10.0,12.0,,,33.0,16.0,41.0,40.0,60.0,19.0,59.0,16.0,,,12.0,42.0,32.0,20.0,36.0,41.0,22.0,34.0,27.0,37.0,,14.0,12.0,30.0,17.0,,58.0,7.0,,28.0,,26.0,21.0,,57.0,,37.0,33.0,30.0,27.0,44.0,,18.0,,27.0,38.0,,13.0,37.0,16.0,46.0,9.0,35.0,,6.0,,,12.0,32.0,50.0,15.0,14.0,17.0,8.0,51.0,21.0,,38.0,49.0,25.0,30.0,22.0,30.0,2.0,42.0,45.0,33.0,59.0,6.0,23.0,38.0,,25.0,11.0,35.0,19.0,22.0,41.0,26.0,28.0,17.0,41.0,48.0,55.0,30.0,,13.0,21.0,47.0,,14.0,49.0,24.0,,41.0,,,60.0,23.0,12.0,29.0,40.0,18.0,19.0,,19.0,14.0,26.0,19.0,31.0,,37.0,55.0,18.0,27.0,,16.0,36.0,20.0,,28.0,33.0,55.0,19.0,36.0,51.0,44.0,26.0,36.0,39.0,47.0,31.0,28.0,28.0,10.0,21.0,43.0,33.0,38.0,14.0,,15.0,55.0,,19.0,44.0,10.0,28.0,46.0,27.0,20.0,39.0,46.0,18.0,,36.0,27.0,26.0,23.0,31.0,33.0,21.0,38.0,,44.0,18.0,50.0,52.0,39.0,58.0,42.0,0.0,,8.0,38.0,,15.0,60.0,,11.0,42.0,17.0,,25.0,47.0,,,43.0,20.0,39.0,,32.0,,28.0,37.0,8.0,34.0,44.0,51.0,,,53.0,16.0,,27.0,42.0,,0.0,25.0,,23.0,,34.0,41.0,,45.0,8.0,24.0,38.0,29.0,,49.0,25.0,18.0,11.0,27.0,19.0,,20.0,,34.0,37.0,43.0,54.0,16.0,29.0,24.0,,33.0,29.0,47.0,54.0,32.0,,,15.0,11.0,24.0,52.0,28.0,6.0,14.0,2.0,46.0,29.0,25.0,,15.0,53.0,14.0,48.0,52.0,27.0,29.0,28.0,13.0,,22.0,,,45.0,8.0,,52.0,,,25.0,22.0,19.0,,18.0,,35.0,32.0,0.0,,,20.0,37.0,9.0,57.0,25.0,7.0,,46.0,,30.0,35.0,31.0,,57.0,,38.0,15.0,26.0,20.0,,,,42.0,52.0,,58.0,,11.0,37.0,,,,,15.0,,,47.0,12.0,,24.0,33.0,45.0,18.0,25.0,24.0,28.0,27.0,28.0,,20.0,37.0,35.0,22.0,12.0,40.0,,42.0,22.0,,8.0,33.0,,,37.0,20.0,26.0,,31.0,30.0,,38.0,23.0,7.0,,,16.0,21.0,0.0,32.0,24.0,18.0,54.0,43.0,0.0,49.0,,39.0,,50.0,,48.0,42.0,35.0,17.0,,55.0,60.0,30.0,42.0,,21.0,19.0,,,24.0,36.0,11.0,17.0,58.0,33.0,18.0,,9.0,44.0,55.0,52.0,30.0,30.0,0.0,20.0,,17.0,43.0,28.0,,,0.0,56.0,,38.0,,36.0,56.0,43.0,15.0,47.0,27.0,40.0,29.0,27.0,15.0,0.0,24.0,35.0,,7.0,,16.0,,17.0,13.0,51.0,45.0,31.0,,37.0,40.0,,45.0,,,,16.0,15.0,32.0,40.0,,17.0,,,,39.0,20.0,18.0,43.0,15.0,,33.0,11.0,31.0,30.0,43.0,51.0,10.0,23.0,37.0,28.0,,17.0,,49.0,38.0,,50.0,56.0,16.0,53.0,49.0,29.0,47.0,14.0,25.0,32.0,12.0,28.0,17.0,54.0,45.0,18.0,41.0,31.0,,42.0,9.0,38.0,,,,,33.0,,43.0,55.0,6.0,34.0,17.0,32.0,22.0,51.0,,16.0,40.0,27.0,18.0,28.0,,33.0,39.0,45.0,,13.0,14.0,23.0,,37.0,,47.0,19.0,28.0,,49.0,23.0,18.0,53.0,,21.0,,17.0,38.0,,35.0,25.0,,,,27.0,60.0,25.0,,15.0,25.0,54.0,26.0,,43.0,,27.0,22.0,14.0,46.0,,,10.0,25.0,32.0,38.0,16.0,37.0,,26.0,28.0,45.0,16.0,46.0,,31.0,52.0,52.0,23.0,30.0,19.0,20.0,58.0,35.0,54.0,,54.0,,,,,,,23.0,28.0,24.0,10.0,49.0,47.0,43.0,34.0,8.0,40.0,16.0,12.0,14.0,60.0,40.0,13.0,38.0,30.0,45.0,23.0,15.0,34.0,15.0,,41.0,30.0,,,,36.0,50.0,31.0,,8.0,,,40.0,42.0,8.0,32.0,,,15.0,19.0,24.0,17.0,21.0,30.0,40.0,39.0,22.0,36.0,,45.0,,0.0,43.0,,47.0,,33.0,42.0,,30.0,49.0,24.0,21.0,22.0,24.0,43.0,45.0,,15.0,17.0,,34.0,13.0,,22.0,,31.0,,,21.0,,36.0,,26.0,,28.0,,,29.0,38.0,,25.0,32.0,45.0,,,32.0,21.0,,,45.0,,39.0,,16.0,55.0,,7.0,,16.0,19.0,43.0,19.0,36.0,11.0,,26.0,,37.0,32.0,36.0,,34.0,55.0,,20.0,,50.0,33.0,49.0,,59.0,19.0,9.0,,29.0,,30.0,36.0,,43.0,,18.0,17.0,57.0,39.0,52.0,18.0,53.0,59.0,,54.0,25.0,16.0,,16.0,42.0,,39.0,38.0,,40.0,,30.0,39.0,22.0,35.0,11.0,43.0,,15.0,,13.0,,,34.0,14.0,,57.0,29.0,21.0,22.0,29.0,30.0,13.0,40.0,13.0,35.0,49.0,39.0,50.0,12.0,,26.0,11.0,,33.0,29.0,25.0,,42.0,,17.0,13.0,,52.0,20.0,44.0,,0.0,,19.0,35.0,15.0,60.0,,30.0,,29.0,13.0,44.0,,,54.0,50.0,,48.0,,37.0,40.0,44.0,30.0,,45.0,,38.0,,26.0,30.0,10.0,,14.0,36.0,37.0,,,15.0,33.0,,52.0,,,50.0,33.0,,22.0,55.0,34.0,35.0,24.0,23.0,24.0,19.0,4.0,44.0,23.0,32.0,,,26.0,,58.0,24.0,60.0,28.0,,11.0,24.0,46.0,26.0,39.0,31.0,47.0,23.0,12.0,,41.0,17.0,30.0,19.0,13.0,32.0,,48.0,36.0,48.0,20.0,58.0,26.0,35.0,40.0,50.0,,17.0,3.0,19.0,28.0,59.0,35.0,24.0,56.0,,45.0,49.0,18.0,,30.0,18.0,,,,43.0,20.0,36.0,43.0,49.0,17.0,22.0,30.0,,,,19.0,24.0,36.0,7.0,49.0,22.0,30.0,,,,,51.0,39.0,19.0,24.0,,22.0,19.0,,,24.0,20.0,18.0,25.0,59.0,34.0,22.0,36.0,34.0,11.0,33.0,44.0,19.0,30.0,42.0,28.0,39.0,17.0,17.0,,36.0,29.0,,,,,,18.0,64,3,2.4917127071823204,18.20165430690245,-0.34662869978572813
4,4,5,8,4,8,5,6,8,12,7,7,6,5,10,12,9,2,29,13,6,6,7,12,10,7,9,8,7,9,11,13,6,10,5,3,20,15,14,7,7,15.0,14,6,7,13,0,12,13,14,9,5,11,15,25,8,13,3,13,13,11,9,8,16,30.0,12,14,16,9,11,16,17,14,6,9,13,17,16,17,14,18,8,9,14,13,22,12,10,21,15,16,16,26,19,6,18,10,19,12,15,18,21,11,10,15,17,16,9,13,15,5,12.0,16,12,42.0,14,17,14,11,19,15,18,14,16,11,19,15,19.0,8,13,13,8,20.0,9,14,14.0,14,29,8,6,12,21,20,5,49.0,30.0,10,19.0,16,16,16,14,,9,15,20,14,,7,18,15,16,18,19,18,39.0,16,17,18,22,10,11.0,9,0,17,16,3,18.0,20,17.0,12,10,6,23,16,15.0,15.0,12,16,,51.0,13,8,10,15,19,9,19,12.0,21,20,34.0,5,13,20,33,,16,18,7,16,47.0,15,19,18,21,18,19,16,18.0,38.0,18,7,28,27.0,18,13,26,,11,8.0,,16,18,,35,17,15,16.0,17.0,20,19,17,6,20,7.0,17,9,23,11,20,18,21.0,43.0,10,,4.0,16.0,19.0,18,19.0,18,15,17,16.0,24.0,29.0,16.0,25.0,17,17.0,19.0,8.0,18,11,24.0,7,29,6,23.0,9.0,20.0,31,19.0,20,25,17.0,25.0,15,15.0,33.0,15,23,10.0,4,29.0,24.0,2.0,20,19,21.0,18,18,18,8,18,17,11,20,11,29,29,17,23.0,10.0,24,18,21,10.0,9.0,18,30,18,22.0,22,25.0,19,19,24,3,18,19.0,11,27.0,16,25,26.0,15,14,19,44.0,44.0,0,44.0,9.0,32.0,21.0,11.0,14,19.0,25,18,16,29.0,14,31.0,11.0,20,,18.0,51.0,21,34.0,16,19,20,9,30,10,29,24.0,24,32.0,19,12,14,43.0,23,35.0,17,37.0,17,53.0,11,28,20.0,19,,22,22.0,32.0,32,50,,12.0,13.0,40.0,9.0,20,6.0,6.0,24,,17,17,13.0,,26,46.0,25,42.0,37.0,24,18,23,37.0,22,0.0,41.0,16,24.0,6,13.0,23,26,14,19.0,21.0,17,6,19,44.0,27.0,21,42,39.0,19,28.0,16.0,17.0,20.0,26.0,26.0,16.0,18.0,34.0,20.0,20,22,0.0,45.0,30.0,22.0,51.0,,17.0,16.0,20,15,12.0,28.0,14,23.0,8.0,49.0,34.0,25.0,25.0,16,22,,17.0,50.0,19.0,14,34.0,21.0,19.0,49,13,21,47.0,35.0,13.0,18.0,19,19,17.0,41.0,16,27.0,21.0,22,52.0,32.0,21.0,20,32.0,34,25.0,31.0,15.0,10,27.0,18,18.0,4,14,40.0,15.0,19.0,21.0,43,23,28,23.0,21,14.0,21,26,23.0,39,17,24.0,30.0,25,26,35.0,13.0,8.0,30.0,34.0,22.0,18,41.0,22,20,,38.0,25.0,54.0,11.0,38.0,9,7,37.0,19.0,20.0,38.0,10.0,36.0,15,14.0,10,51.0,17.0,46.0,,19,27.0,36,41.0,33.0,15.0,20,21.0,,,11,19,28.0,23.0,38.0,25.0,52.0,31.0,32.0,15.0,45.0,10.0,20.0,43.0,22,22,25.0,,,10,21,12,14,18.0,,22,17,18.0,45.0,24,28.0,17.0,48.0,22,6.0,26.0,13.0,17,33.0,,23.0,24.0,15.0,32.0,6,29.0,19,39.0,13,39,17,20.0,18.0,41.0,,,,23.0,18.0,8.0,32.0,12.0,16,21.0,17.0,25,12.0,14.0,28.0,27.0,15,28.0,15.0,14.0,16,17,,20,26.0,25.0,16.0,,23,24.0,15,27,28.0,19,28.0,25,34.0,32.0,10.0,15,19,,14.0,32,27.0,21,17.0,20,35.0,28.0,39.0,,17.0,12.0,22,35.0,,42.0,35.0,44.0,,10.0,11,8,21.0,23,28,19,30.0,27.0,21.0,14.0,,13.0,35,25.0,5.0,31.0,3,12.0,,27.0,4.0,27.0,27,,27.0,0.0,45.0,27.0,40.0,30.0,17,43.0,54.0,,42.0,,37.0,28.0,22,22.0,21.0,42.0,19.0,15,11,33.0,,17,19.0,23.0,32.0,24,14.0,17.0,23.0,32.0,12,21.0,22.0,19.0,22.0,21.0,12.0,32.0,,19.0,28,24,,26.0,31.0,22.0,27.0,11.0,20.0,,16.0,26.0,23,15,29.0,28,30.0,30.0,29.0,,17,12,27.0,26.0,19.0,45.0,29.0,,17.0,20.0,26.0,16,27.0,33.0,35.0,28.0,16.0,12.0,17,24.0,3.0,38.0,33,55.0,32.0,47.0,32.0,13.0,26.0,37,34.0,27,,18.0,7.0,43.0,54.0,21.0,35.0,29.0,21.0,28.0,29.0,18.0,23.0,13.0,27.0,20.0,13.0,10.0,5.0,17.0,17.0,21,0.0,0.0,18,48.0,36.0,17,43.0,30.0,28.0,23,14,3,9.0,48.0,18.0,15.0,46.0,18.0,20.0,19.0,24.0,16,33.0,17,16.0,40,25,18.0,12,38.0,38.0,37.0,9.0,38,30.0,17.0,34.0,42.0,26.0,21.0,20,29.0,38,33.0,24.0,44.0,26,40.0,12,14,4.0,14.0,14.0,21,25.0,44.0,15,19.0,12.0,22.0,30.0,,,38.0,28.0,34,24.0,19.0,17.0,35.0,36.0,34.0,29.0,20.0,7,31.0,21,33.0,25.0,20.0,32.0,16,25,39.0,52.0,44.0,6.0,0.0,14.0,21.0,30.0,,21,8.0,13.0,26,16,52.0,34.0,17,,17.0,15,34.0,30,23,27,27.0,12.0,30.0,24.0,6.0,16.0,,,22.0,29.0,37.0,12.0,51.0,38.0,14.0,21.0,29.0,47.0,11.0,40.0,,13.0,,31.0,47.0,,20.0,53.0,36.0,17.0,27.0,28.0,29.0,14.0,17.0,,11.0,35.0,26.0,28.0,16.0,15.0,21.0,19.0,53.0,11.0,28.0,14.0,8,11.0,24.0,36.0,24,39.0,,12.0,14.0,38.0,,,18.0,39.0,22.0,18.0,17.0,6.0,19.0,17.0,,34.0,28.0,26.0,6.0,20.0,,,20.0,27.0,26.0,38.0,18.0,29,15.0,22.0,5.0,16,10.0,39.0,30.0,30.0,24.0,13.0,21.0,48.0,20.0,17,21.0,,28.0,8.0,41.0,10.0,17,17,53.0,14.0,17.0,33.0,33.0,40.0,30,11,,50.0,20.0,36.0,36.0,4.0,37.0,21.0,14.0,51.0,53.0,23.0,22.0,18.0,7.0,18.0,18,20.0,36.0,35.0,29.0,12.0,15,,16,21.0,31,21.0,42.0,32.0,,26.0,42.0,40.0,36.0,29.0,0.0,19.0,31.0,28,50.0,0.0,52.0,25.0,11.0,24,28.0,12.0,41.0,13.0,22.0,,20.0,30.0,19.0,25,34,,20.0,,51.0,,18.0,14.0,19.0,12,28.0,0.0,33.0,21.0,34.0,17.0,,20.0,0,16.0,17.0,14.0,21,12,17.0,37.0,22.0,23.0,40.0,18.0,,30.0,47.0,39.0,39.0,31.0,18.0,33.0,35.0,19,,34.0,19.0,22.0,,17,27.0,44.0,19,52.0,17.0,43.0,,44.0,34.0,37.0,,10.0,8.0,,18,41.0,11.0,30.0,12.0,26,,43.0,,33.0,28.0,25.0,41.0,11.0,29.0,14.0,26.0,39.0,18.0,18,20,14.0,6.0,30.0,,44.0,28,25,47.0,50.0,21.0,19.0,33.0,33.0,20.0,37.0,18.0,42.0,,29.0,18.0,18.0,27.0,18,13,15.0,23.0,23.0,34.0,,25,44.0,29.0,17.0,33.0,19.0,39.0,32.0,32.0,27.0,27.0,7.0,50.0,43.0,,39.0,20,37.0,26.0,34,33.0,29.0,21.0,48.0,29.0,30.0,23.0,19.0,15.0,50.0,26.0,17.0,5.0,36.0,25.0,37.0,38.0,27.0,30.0,26.0,41.0,15.0,41.0,27.0,17.0,38.0,25.0,8.0,25.0,24.0,6.0,13.0,,42.0,34.0,13.0,23.0,55.0,34.0,17.0,21.0,39.0,35.0,,30.0,4.0,39.0,26.0,32.0,16.0,40.0,21.0,37.0,,28.0,48.0,55.0,,55.0,31.0,17.0,35,13.0,36.0,38.0,37.0,41.0,8.0,21.0,18.0,21.0,29.0,6.0,24.0,50.0,8.0,35.0,10.0,35.0,6.0,15.0,20.0,42.0,20.0,17.0,24.0,16.0,22.0,38.0,19.0,12.0,20.0,38.0,30.0,24.0,31.0,40.0,36.0,,49.0,28.0,46.0,26.0,42.0,53.0,17.0,,,21,31.0,12.0,18.0,32.0,,23.0,50.0,,,22,42.0,,28.0,,38.0,21.0,20.0,16.0,21.0,,42.0,18.0,,38.0,29.0,40.0,20,31.0,7.0,20.0,39.0,17.0,18.0,37.0,,17.0,,13.0,52.0,7.0,,8.0,33.0,36.0,23.0,25.0,43.0,44.0,10.0,10.0,18.0,14,12,13.0,43.0,30.0,16.0,31.0,19.0,22.0,22.0,36.0,23.0,,36.0,38.0,,32.0,,22.0,30.0,27.0,18.0,41.0,,,24.0,49.0,16.0,,13.0,12.0,53.0,33.0,25.0,25.0,12.0,,50.0,29.0,46.0,,7.0,21.0,23.0,48.0,27.0,17.0,20.0,16.0,17.0,38,26.0,20.0,39.0,15.0,55,27.0,,55.0,29.0,42.0,37.0,42.0,44.0,37,,18.0,39.0,,35.0,,28.0,35,25.0,37.0,17.0,32.0,19,13.0,8.0,,48.0,24.0,25.0,,38.0,16.0,16.0,21.0,,23.0,29.0,25.0,11.0,21.0,16.0,22.0,42.0,35.0,44.0,,,30,,25.0,25.0,20.0,25.0,,13.0,20.0,,14.0,39.0,17.0,31.0,13,34.0,,23.0,,,38.0,,,0.0,,33.0,34.0,,16.0,20.0,25.0,,26.0,23.0,14.0,29.0,33.0,32.0,29.0,25.0,43.0,16.0,,13.0,41.0,35.0,25.0,28.0,31.0,16.0,36.0,30.0,,41.0,24.0,16.0,14.0,24.0,26.0,31.0,20.0,55.0,52.0,36.0,28.0,,31.0,20.0,20.0,,48.0,15.0,22.0,11.0,29.0,12.0,36.0,27.0,,44.0,37.0,24.0,12.0,,18,18.0,,43.0,31.0,41.0,27.0,29.0,23.0,48.0,47.0,47.0,10.0,43.0,39.0,55.0,,38.0,16.0,1.0,31.0,25.0,13.0,15.0,23.0,28.0,,17.0,,18.0,53.0,23.0,19.0,,,16.0,22.0,19.0,39.0,,20.0,22.0,17.0,,9.0,14.0,32.0,29.0,16.0,29.0,,40.0,14.0,,17.0,14.0,45.0,21.0,23.0,32.0,39.0,44.0,,29.0,33.0,28.0,20.0,16.0,43.0,19.0,36.0,9.0,41.0,52.0,20.0,54.0,20.0,,18.0,25.0,26.0,16.0,24.0,,18.0,8.0,16.0,,41.0,47.0,26.0,16.0,,27.0,37.0,32.0,42.0,33.0,,38.0,7.0,,36.0,43.0,20.0,,10.0,33.0,25.0,6.0,25.0,9.0,10.0,,0.0,24.0,22.0,21.0,29.0,22.0,10.0,29.0,18.0,31.0,27.0,34.0,36.0,38.0,50.0,13,27.0,23.0,,23.0,,10.0,18.0,37.0,28.0,17.0,20,26.0,53.0,50.0,17.0,20.0,29.0,22.0,,18,40.0,8.0,42.0,24.0,22.0,45.0,35.0,17.0,13.0,36.0,36.0,20.0,10.0,32.0,48.0,25.0,,29.0,29.0,49.0,,12.0,44.0,,10.0,,16.0,31.0,34.0,31.0,31.0,8.0,,41.0,29.0,45.0,12.0,27.0,19.0,22.0,0.0,34.0,11.0,24.0,29.0,19.0,18.0,16.0,25.0,18.0,36.0,,,25.0,24.0,20.0,23.0,23.0,25.0,,21.0,19.0,32.0,15.0,,0.0,14.0,22.0,29.0,23.0,37.0,31.0,43.0,22.0,14.0,,19.0,53.0,46.0,31.0,30.0,,,14.0,32.0,17.0,,,51.0,11.0,48.0,6.0,,19.0,17.0,26.0,26.0,49.0,19.0,29.0,23.0,16.0,48.0,31.0,39.0,,32.0,9.0,45,22.0,,14.0,,16.0,29.0,,49.0,36.0,16.0,,43.0,25.0,14.0,,7.0,20.0,36.0,52.0,49.0,49.0,45.0,18.0,25.0,,9.0,55.0,,27.0,47.0,22.0,29.0,31.0,29.0,,,14.0,31.0,38.0,53.0,28.0,,44.0,55.0,14.0,22.0,29.0,12.0,48.0,37.0,,15.0,26.0,,,,11.0,52.0,17.0,20.0,27.0,29.0,32.0,42.0,47.0,23.0,,41.0,,,19.0,21.0,19.0,,27.0,18.0,,18.0,38.0,19,17.0,15.0,16,23.0,,38.0,53.0,39.0,6.0,28.0,17.0,17.0,27.0,50.0,18.0,,,19.0,,31.0,17.0,,,7.0,19.0,16.0,22.0,16.0,,18.0,22.0,37.0,51.0,9.0,12.0,41.0,53.0,38.0,,39.0,9.0,50.0,,10.0,19.0,39.0,26.0,21.0,25.0,47.0,23.0,52.0,37.0,15.0,50.0,17.0,,48.0,27.0,11.0,37.0,37.0,6.0,26.0,21.0,47.0,17.0,26.0,22.0,15.0,2.0,27.0,9.0,15.0,,36.0,41.0,,,30.0,11.0,24.0,53.0,43.0,44.0,,18.0,30.0,15.0,,,,40.0,19.0,30.0,,54.0,16.0,,49.0,29.0,20.0,19.0,0.0,,,,37.0,23.0,14.0,23.0,45.0,23.0,40.0,22.0,29.0,31.0,51.0,27.0,48.0,34.0,21.0,33.0,10.0,,35.0,36.0,0.0,,44.0,23.0,21.0,48.0,20.0,31.0,54.0,25.0,,37.0,32.0,,36.0,36.0,43.0,16.0,46.0,39.0,0.0,,29.0,27.0,2.0,,22.0,46.0,17.0,33.0,36.0,,24.0,26.0,24.0,,,,,41.0,29.0,37.0,50.0,7.0,21.0,,,36.0,38.0,14.0,44.0,35.0,45.0,17.0,35.0,,,18.0,0.0,31.0,28.0,10.0,18.0,0.0,0.0,44.0,19.0,19.0,26.0,24.0,,37.0,20.0,13.0,40.0,13.0,,31.0,29.0,51.0,,55.0,23.0,18.0,,,28.0,28.0,43.0,24.0,,49.0,23.0,,11.0,17.0,42.0,36.0,46.0,50.0,0.0,0.0,54.0,24.0,28.0,,32.0,8.0,36.0,25.0,13.0,21.0,24.0,10.0,19.0,30.0,29.0,35.0,16.0,35.0,,30.0,14.0,34.0,47.0,35.0,18.0,28.0,13.0,,,42.0,35.0,39.0,,40.0,,34.0,21.0,22.0,33.0,25.0,47.0,50.0,38.0,25.0,51.0,,35.0,19.0,18.0,31.0,40.0,,,44.0,31.0,44.0,41.0,,37.0,42.0,31.0,26.0,20.0,21.0,18.0,,37.0,17.0,25.0,,21.0,34.0,48.0,16.0,46.0,,20.0,24.0,38.0,27.0,33.0,,25.0,44.0,,,15.0,40.0,29.0,15.0,28.0,27.0,46.0,,23.0,22.0,17.0,,,55.0,17.0,34.0,23.0,33.0,,21.0,28.0,30.0,17.0,24.0,43.0,20.0,,,27.0,22.0,33.0,31.0,10.0,9.0,5.0,44.0,6.0,33.0,,48.0,,,8.0,29.0,36.0,32.0,,31.0,25.0,,16.0,43.0,28.0,52.0,52.0,39.0,,49.0,22.0,,53.0,27.0,32.0,31.0,16.0,47.0,6.0,18.0,26.0,37.0,,7.0,55.0,40.0,,22.0,46.0,,29.0,35.0,34.0,46.0,,28.0,52.0,,15.0,11.0,12.0,19.0,46.0,9.0,39.0,,13.0,17.0,,43.0,,34.0,37.0,39.0,40.0,20.0,,39.0,30.0,,17.0,10.0,29.0,50.0,5.0,,15.0,36.0,38.0,27.0,27.0,33.0,,39.0,,20.0,18.0,32.0,0.0,27.0,33.0,,21.0,7.0,,29.0,55.0,,40.0,24.0,13.0,33.0,50.0,10.0,37.0,48.0,6.0,44.0,,,14.0,39.0,,40.0,,17.0,,28.0,13.0,43.0,13.0,22.0,,,32.0,,25.0,23.0,,,,,21.0,,43.0,,18.0,19.0,41.0,,,47.0,28.0,24.0,,16.0,,30.0,,16.0,,40.0,21.0,47.0,18.0,31.0,28.0,33.0,29.0,,23.0,,39.0,17.0,26.0,46.0,48.0,,53.0,,17.0,37.0,20.0,,21.0,44.0,14.0,49.0,25.0,23.0,49.0,11.0,,11.0,18.0,21.0,,,,,19.0,15.0,27.0,19.0,19.0,50.0,32.0,49.0,33.0,22.0,21.0,,50.0,38.0,42.0,,50.0,19.0,21.0,10.0,,,41.0,7.0,35.0,,41.0,34.0,37.0,33.0,23.0,,23.0,33.0,37.0,48.0,21.0,40.0,,26.0,42.0,38.0,,36.0,29.0,15.0,24.0,33.0,13.0,38.0,,25.0,0.0,14.0,,25.0,,19.0,28.0,38.0,15.0,49.0,,,45.0,51.0,,47.0,,,39.0,55.0,42.0,20.0,37.0,28.0,,9.0,,37.0,,,,,54.0,,13.0,17.0,13.0,,30.0,,21.0,24.0,55.0,35.0,18.0,35.0,27.0,21.0,,15.0,9.0,,41.0,36.0,32.0,18.0,19.0,26.0,41.0,21.0,29.0,15.0,31.0,10.0,,28.0,47.0,23.0,46.0,30.0,17.0,39.0,27.0,5.0,30.0,53.0,18.0,,37.0,28.0,22.0,29.0,47.0,,22.0,0.0,15.0,31.0,17.0,,9.0,,,,41.0,22.0,,31.0,26.0,23.0,,12.0,,36.0,,,55.0,42.0,47.0,,12.0,30.0,,46.0,29.0,35.0,0.0,12.0,29.0,16.0,36.0,24.0,39.0,20.0,38.0,8.0,51.0,31.0,15.0,8.0,,10.0,45.0,6.0,38.0,,17.0,,24.0,,14.0,38.0,17.0,21.0,29.0,,46.0,13.0,32.0,,,30.0,33.0,11.0,36.0,50.0,30.0,25.0,21.0,45.0,,25.0,17.0,32.0,15.0,48.0,42.0,46.0,51.0,,13.0,18.0,37.0,36.0,47.0,27.0,30.0,47.0,39.0,,21.0,24.0,29.0,37.0,41.0,41.0,49.0,19.0,55.0,,46.0,43.0,44.0,38.0,35.0,51.0,26.0,25.0,31.0,,,18.0,54.0,,24.0,,19.0,7.0,,34.0,,20.0,29.0,42.0,38.0,18.0,21.0,10.0,,,17.0,21.0,38.0,55.0,31.0,13.0,41.0,14.0,10.0,13.0,34.0,,,16.0,18.0,45.0,,,37.0,,25.0,21.0,34.0,13.0,,,49.0,47.0,31.0,,31.0,,40.0,42.0,18.0,15.0,19.0,26.0,36.0,10.0,9.0,54.0,14.0,55.0,55.0,32.0,28.0,,,32.0,6.0,41.0,9.0,13.0,20.0,6.0,29.0,43.0,28.0,,,18.0,,,,9.0,42.0,34.0,,20.0,30.0,13.0,23.0,,35.0,,54.0,19.0,18.0,17.0,21.0,38.0,33.0,23.0,,19.0,47.0,,,32.0,24.0,29.0,,,,15.0,,51.0,39.0,23.0,54.0,45.0,,55.0,21.0,,15.0,,,13.0,28.0,46.0,11.0,,15.0,55.0,,,44.0,,18.0,26.0,17.0,51.0,13.0,23.0,45.0,41.0,29.0,16.0,,,12.0,,21.0,21.0,40.0,23.0,45.0,22.0,45.0,26.0,,24.0,40.0,,34.0,41.0,40.0,21.0,0.0,,45.0,22.0,30.0,17.0,52.0,49.0,32.0,19.0,,,42.0,21.0,32.0,35.0,,20.0,,50.0,24.0,16.0,14.0,22.0,47.0,,31.0,51.0,38.0,24.0,,38.0,,19.0,47.0,9.0,50.0,,23.0,20.0,51.0,32.0,,31.0,49.0,19.0,31.0,16.0,48.0,14.0,46.0,43.0,,30.0,50.0,27.0,11.0,,,,28.0,4.0,,15.0,17.0,39.0,,32.0,18.0,52.0,33.0,24.0,12.0,,,28.0,29.0,40.0,38.0,,8.0,41.0,23.0,43.0,33.0,,18.0,21.0,7.0,12.0,32.0,24.0,,39.0,13.0,12.0,36.0,36.0,11.0,13.0,19.0,39.0,14.0,32.0,,36.0,36.0,,,40.0,,,32.0,,12.0,34.0,18.0,48.0,38.0,,,65,3,2.428958051420839,16.559158134243457,-0.32513960218073945
3,4,1,5,2,8,6,7,3,5,2,8,4,2,11,1,9,6,29,11,3,5,4,6,7,8,10,4,3,10,11,8,8,9,0,5,22,9,11,4,12,34.0,13,12,9,17,9,7,8,9,6,4,8,3,10,13,13,8,6,5,11,11,6,10,20.0,8,18,11,13,7,11,12,9,9,11,14,10,7,10,6,9,9,9,7,10,9,9,7,23,13,11,9,18,7,11,23,22,4,11,10,16,7,0,7,8,11,12,10,7,6,16,11.0,12,11,11.0,2,13,9,8,12,12,8,8,11,15,7,14,9.0,6,19,11,8,11.0,9,14,21.0,10,28,8,9,16,10,6,9,26.0,13.0,25,21.0,17,14,8,12,0.0,11,6,8,11,21.0,13,24,0,7,9,16,14,30.0,16,23,10,11,5,24.0,6,15,12,24,27,21.0,13,12.0,5,12,7,4,22,12.0,8.0,3,14,19.0,40.0,8,23,14,18,18,9,9,14.0,17,3,22.0,10,8,22,15,46.0,3,12,29,0,5.0,15,4,12,6,12,16,14,13.0,2.0,0,10,9,11.0,22,17,11,23.0,13,24.0,10.0,24,24,21.0,22,16,17,2.0,41.0,16,14,13,9,19,35.0,17,11,12,16,18,21,18.0,10.0,15,24.0,42.0,9.0,31.0,28,30.0,18,13,13,37.0,5.0,24.0,15.0,42.0,11,20.0,9.0,13.0,9,11,19.0,12,28,10,22.0,14.0,17.0,13,,5,16,12.0,13.0,10,32.0,20.0,9,19,15.0,11,19.0,10.0,34.0,15,25,20.0,13,19,24,17,16,17,7,26,10,16,8,12,13.0,8.0,15,12,8,26.0,34.0,31,26,14,28.0,17,19.0,19,4,18,18,21,,4,18.0,15,30,31.0,19,13,22,,29.0,18,36.0,9.0,27.0,21.0,43.0,7,23.0,17,17,9,15.0,8,,6.0,22,9.0,19.0,,17,9.0,11,21,25,17,4,10,12,12.0,15,21.0,13,24,18,14.0,21,51.0,21,4.0,12,31.0,9,17,5.0,26,21.0,4,22.0,9.0,13,18,52.0,31.0,11.0,34.0,,23,0.0,32.0,18,34.0,12,22,5.0,,12,11.0,20,11.0,8.0,12,22,9,17.0,7,29.0,14.0,10,55.0,14,8.0,15,23,6,18.0,23.0,19,21,17,37.0,25.0,30,13,19.0,24,,46.0,13.0,2.0,38.0,7.0,24.0,10.0,37.0,21.0,10,18,23.0,43.0,20.0,22.0,20.0,48.0,33.0,21.0,13,10,36.0,16.0,20,,23.0,11.0,24.0,14.0,23.0,17,16,47.0,46.0,50.0,20.0,19,52.0,23.0,21.0,14,14,6,39.0,20.0,7.0,16.0,25,18,13.0,23.0,11,32.0,8.0,40,27.0,14.0,37.0,18,9.0,29,18.0,26.0,17.0,19,27.0,0,34.0,12,13,,18.0,25.0,36.0,19,22,18,24.0,36,3.0,15,25,29.0,6,28,7.0,17.0,34,22,,17.0,33.0,19.0,17.0,18.0,8,14.0,21,21,26.0,0.0,19.0,35.0,7.0,34.0,10,11,19.0,43.0,22.0,18.0,21.0,29.0,16,26.0,19,,19.0,36.0,30.0,14,36.0,14,15.0,38.0,31.0,19,15.0,35.0,,24,16,14.0,28.0,21.0,23.0,16.0,12.0,40.0,,37.0,12.0,44.0,49.0,27,16,21.0,13.0,8.0,9,9,25,14,30.0,14.0,22,11,41.0,25.0,20,18.0,17.0,,33,,13.0,27.0,22,18.0,18.0,11.0,55.0,11.0,32.0,10,23.0,11,16.0,9,23,8,44.0,34.0,20.0,19.0,13.0,9.0,5.0,47.0,,20.0,44.0,9,20.0,,19,25.0,36.0,7.0,13.0,8,19.0,31.0,23.0,21,17,26.0,20,27.0,34.0,11.0,42.0,21,41.0,13,29,25.0,10,15.0,20,29.0,31.0,29.0,22,28,28.0,6.0,29,16.0,10,13.0,10,41.0,18.0,33.0,27.0,28.0,21.0,36,11.0,19.0,28.0,7.0,23.0,29.0,42.0,15,14,22.0,31,18,15,18.0,,3.0,12.0,22.0,39.0,17,23.0,23.0,35.0,9,22.0,,15.0,19.0,,16,35.0,5.0,24.0,30.0,10.0,14.0,27.0,15,27.0,38.0,27.0,45.0,,10.0,28.0,22,8.0,20.0,,26.0,18,6,6.0,29.0,24,44.0,9.0,24.0,19,2.0,12.0,8.0,,10,44.0,13.0,5.0,9.0,17.0,10.0,25.0,12.0,,22,25,,27.0,,12.0,21.0,13.0,26.0,38.0,40.0,16.0,37,12,22.0,27,,25.0,29.0,44.0,10,0,21.0,24.0,11.0,40.0,20.0,14.0,17.0,,14.0,13,34.0,45.0,29.0,16.0,26.0,,15,36.0,15.0,17.0,13,25.0,27.0,40.0,26.0,27.0,18.0,30,36.0,15,49.0,26.0,33.0,37.0,16.0,26.0,29.0,,19.0,19.0,39.0,21.0,21.0,41.0,26.0,44.0,39.0,30.0,15.0,11.0,13.0,15,32.0,27.0,12,36.0,28.0,8,,35.0,21.0,17,15,11,25.0,8.0,,5.0,0.0,51.0,15.0,30.0,,27,30.0,21,18.0,5,28,16.0,31,34.0,22.0,23.0,48.0,24,7.0,23.0,19.0,24.0,32.0,,9,42.0,22,5.0,20.0,18.0,17,37.0,9,18,57.0,19.0,41.0,19,41.0,39.0,17,21.0,14.0,22.0,19.0,0.0,13.0,12.0,25.0,11,9.0,34.0,25.0,35.0,16.0,,13.0,34.0,12,20.0,9,23.0,23.0,45.0,12.0,30,25,21.0,15.0,5.0,6.0,45.0,12.0,45.0,13.0,31.0,6,14.0,25.0,10,19,20.0,25.0,22,50.0,20.0,21,11.0,15,21,23,35.0,24.0,46.0,22.0,47.0,34.0,14.0,,48.0,12.0,22.0,22.0,25.0,18.0,43.0,36.0,28.0,3.0,23.0,12.0,48.0,1.0,17.0,37.0,29.0,23.0,54.0,24.0,10.0,14.0,7.0,20.0,30.0,,,52.0,12.0,34.0,40.0,31.0,47.0,12.0,27.0,37.0,,29.0,28.0,44.0,15,12.0,40.0,16.0,31,27.0,20.0,9.0,10.0,,,24.0,16.0,45.0,55.0,32.0,14.0,38.0,22.0,11.0,17.0,19.0,30.0,17.0,,23.0,38.0,,36.0,18.0,22.0,21.0,20.0,8,45.0,,16.0,18,39.0,17.0,16.0,23.0,11.0,48.0,42.0,14.0,17.0,34,29.0,47.0,22.0,11.0,41.0,6.0,31,8,39.0,11.0,3.0,,9.0,13.0,32,16,,39.0,34.0,9.0,36.0,39.0,12.0,15.0,38.0,18.0,2.0,33.0,23.0,56.0,14.0,13.0,10,22.0,47.0,15.0,,44.0,12,18.0,24,22.0,41,25.0,10.0,9.0,20.0,18.0,39.0,28.0,20.0,11.0,26.0,20.0,22.0,3,35.0,23.0,41.0,25.0,15.0,26,15.0,29.0,14.0,42.0,17.0,30.0,,32.0,8.0,26,22,23.0,21.0,8.0,18.0,,18.0,,17.0,32,38.0,44.0,20.0,,22.0,32.0,26.0,33.0,14,16.0,56.0,12.0,12,18,,,19.0,34.0,27.0,6.0,33.0,14.0,24.0,13.0,29.0,20.0,35.0,22.0,11.0,13,11.0,37.0,35.0,1.0,,10,25.0,10.0,6,26.0,24.0,17.0,,,28.0,21.0,12.0,24.0,12.0,,23,,28.0,12.0,12.0,26,28.0,32.0,16.0,19.0,18.0,19.0,31.0,27.0,43.0,18.0,40.0,36.0,14.0,27,14,52.0,34.0,24.0,40.0,,14,11,33.0,34.0,21.0,,14.0,43.0,34.0,24.0,35.0,25.0,56.0,,34.0,31.0,21.0,18,36,7.0,10.0,22.0,19.0,40.0,16,52.0,,22.0,52.0,31.0,38.0,17.0,54.0,4.0,12.0,6.0,50.0,44.0,36.0,55.0,16,19.0,3.0,23,37.0,26.0,22.0,42.0,15.0,48.0,4.0,,34.0,34.0,29.0,29.0,11.0,17.0,10.0,18.0,25.0,39.0,21.0,,14.0,26.0,46.0,21.0,,24.0,22.0,17.0,46.0,,22.0,9.0,,,22.0,19.0,6.0,38.0,21.0,18.0,23.0,18.0,25.0,30.0,41.0,24.0,30.0,,24.0,30.0,48.0,16.0,16.0,20.0,25.0,,20.0,11.0,,,33.0,22,8.0,26.0,20.0,29.0,20.0,31.0,17.0,,10.0,25.0,4.0,2.0,53.0,23.0,43.0,25.0,28.0,17.0,27.0,27.0,31.0,9.0,,34.0,11.0,25.0,31.0,,30.0,48.0,10.0,,18.0,,,,,49.0,,29.0,11.0,45.0,,23.0,38.0,27.0,7,9.0,,10.0,12.0,45.0,,13.0,36.0,8.0,16,24.0,44.0,,,20.0,25.0,15.0,18.0,9.0,11.0,43.0,32.0,11.0,24.0,18.0,23.0,19,46.0,13.0,8.0,17.0,,5.0,20.0,26.0,30.0,9.0,19.0,,54.0,,17.0,21.0,30.0,,26.0,,,19.0,16.0,29.0,20,13,8.0,,43.0,23.0,51.0,10.0,14.0,34.0,35.0,29.0,46.0,26.0,22.0,8.0,41.0,22.0,56.0,19.0,10.0,12.0,35.0,,47.0,10.0,12.0,23.0,38.0,28.0,17.0,26.0,10.0,,53.0,,22.0,31.0,28.0,24.0,41.0,27.0,43.0,,33.0,,20.0,,41.0,22.0,31,31.0,20.0,32.0,19.0,32,30.0,25.0,,,14.0,31.0,54.0,,15,,25.0,15.0,48.0,15.0,8.0,,25,,20.0,16.0,30.0,1,,47.0,49.0,39.0,27.0,7.0,37.0,18.0,50.0,34.0,24.0,25.0,30.0,56.0,28.0,13.0,,46.0,28.0,9.0,23.0,23.0,7.0,10.0,49,56.0,31.0,16.0,16.0,51.0,33.0,,8.0,9.0,48.0,13.0,25.0,14.0,25,18.0,51.0,38.0,,12.0,24.0,,,,52.0,18.0,8.0,21.0,31.0,45.0,21.0,37.0,16.0,,29.0,51.0,,50.0,32.0,53.0,38.0,20.0,27.0,15.0,29.0,28.0,37.0,23.0,57.0,6.0,,,16.0,57.0,33.0,41.0,18.0,9.0,43.0,28.0,23.0,,,38.0,19.0,0.0,,8.0,8.0,18.0,14.0,26.0,19.0,27.0,37.0,39.0,55.0,41.0,,14.0,22.0,45.0,13.0,29.0,1,6.0,,13.0,48.0,21.0,20.0,21.0,44.0,28.0,34.0,34.0,20.0,10.0,46.0,34.0,24.0,18.0,9.0,13.0,,,,37.0,29.0,47.0,38.0,28.0,21.0,11.0,,33.0,,35.0,16.0,24.0,38.0,19.0,,,28.0,22.0,14.0,31.0,42.0,,40.0,,25.0,20.0,,,25.0,,37.0,28.0,14.0,30.0,,24.0,9.0,33.0,45.0,25.0,18.0,30.0,43.0,16.0,0.0,12.0,51.0,24.0,27.0,22.0,19.0,30.0,10.0,27.0,26.0,34.0,,38.0,,31.0,,,27.0,17.0,23.0,1.0,22.0,,15.0,25.0,,44.0,32.0,,34.0,,50.0,54.0,36.0,14.0,38.0,4.0,12.0,9.0,19.0,20.0,18.0,47.0,41.0,19.0,17.0,,28.0,18.0,26.0,18.0,46.0,9.0,26.0,17.0,23.0,23.0,,,,13,20.0,29.0,11.0,11.0,35.0,19.0,36.0,17.0,15.0,26.0,11,7.0,31.0,21.0,,34.0,35.0,42.0,,14,21.0,27.0,32.0,47.0,13.0,39.0,30.0,33.0,,13.0,55.0,17.0,8.0,,27.0,,,15.0,21.0,,,18.0,26.0,13.0,11.0,,20.0,23.0,27.0,,8.0,24.0,29.0,,16.0,57.0,,32.0,,31.0,24.0,45.0,21.0,10.0,42.0,33.0,44.0,55.0,33.0,,18.0,46.0,43.0,48.0,28.0,2.0,38.0,36.0,42.0,49.0,36.0,27.0,47.0,,,18.0,16.0,29.0,31.0,0.0,31.0,18.0,12.0,31.0,,4.0,32.0,,36.0,46.0,15.0,9.0,7.0,29.0,21.0,41.0,,,28.0,,14.0,14.0,37.0,,14.0,18.0,32.0,,33.0,19.0,11.0,,29.0,35.0,25.0,,57.0,21.0,27,56.0,,10.0,34.0,26.0,41.0,37.0,51.0,,,,15.0,24.0,36.0,5.0,19.0,11.0,4.0,11.0,0.0,34.0,,17.0,,24.0,24.0,20.0,33.0,26.0,52.0,32.0,27.0,38.0,25.0,,0.0,,11.0,39.0,29.0,36.0,13.0,39.0,41.0,12.0,28.0,23.0,40.0,15.0,37.0,55.0,0.0,17.0,29.0,4.0,40.0,,51.0,42.0,41.0,32.0,18.0,10.0,25.0,23.0,17.0,,,17.0,15.0,15.0,27.0,21.0,,,9.0,30.0,,39.0,18,45.0,24.0,9,,,,21.0,27.0,29.0,18.0,,14.0,42.0,46.0,,42.0,,45.0,24.0,24.0,26.0,57.0,36.0,35.0,34.0,,32.0,19.0,34.0,12.0,35.0,30.0,48.0,12.0,30.0,54.0,,41.0,,23.0,50.0,,,30.0,8.0,29.0,24.0,,23.0,22.0,23.0,6.0,14.0,25.0,,41.0,,19.0,21.0,20.0,28.0,12.0,28.0,24.0,5.0,32.0,4.0,12.0,38.0,24.0,19.0,,41.0,39.0,41.0,35.0,27.0,32.0,31.0,47.0,28.0,,38.0,38.0,8.0,11.0,,28.0,18.0,8.0,,32.0,32.0,18.0,53.0,,31.0,,16.0,,15.0,54.0,,25.0,25.0,19.0,0.0,31.0,39.0,48.0,17.0,21.0,28.0,15.0,9.0,13.0,24.0,,28.0,31.0,,30.0,,52.0,23.0,19.0,25.0,41.0,43.0,30.0,13.0,17.0,27.0,4.0,10.0,0.0,7.0,27.0,37.0,,38.0,8.0,,,6.0,,34.0,,20.0,26.0,,24.0,36.0,47.0,52.0,,49.0,13.0,25.0,39.0,43.0,,40.0,49.0,12.0,41.0,14.0,,46.0,55.0,23.0,52.0,34.0,13.0,33.0,,44.0,,14.0,34.0,46.0,46.0,,32.0,24.0,14.0,31.0,37.0,49.0,19.0,33.0,,29.0,,19.0,23.0,45.0,9.0,,13.0,,38.0,25.0,,40.0,,23.0,,40.0,21.0,28.0,,26.0,16.0,,9.0,45.0,16.0,41.0,35.0,,,,38.0,26.0,37.0,1.0,53.0,37.0,46.0,20.0,,36.0,37.0,0.0,48.0,53.0,32.0,45.0,52.0,17.0,15.0,13.0,,21.0,37.0,,42.0,33.0,13.0,40.0,55.0,13.0,19.0,50.0,22.0,,29.0,30.0,30.0,6.0,7.0,22.0,24.0,9.0,,15.0,15.0,6.0,52.0,18.0,35.0,53.0,,,10.0,22.0,10.0,46.0,,19.0,19.0,29.0,37.0,17.0,41.0,44.0,46.0,,9.0,15.0,11.0,29.0,53.0,27.0,11.0,26.0,16.0,,14.0,20.0,8.0,,38.0,,57.0,41.0,32.0,32.0,5.0,47.0,,,11.0,9.0,10.0,,57.0,21.0,15.0,38.0,24.0,,46.0,33.0,28.0,,34.0,25.0,18.0,35.0,11.0,29.0,48.0,19.0,13.0,17.0,16.0,,34.0,26.0,,38.0,19.0,32.0,42.0,25.0,9.0,40.0,15.0,,26.0,24.0,8.0,7.0,45.0,,15.0,19.0,20.0,25.0,48.0,37.0,11.0,50.0,24.0,,46.0,52.0,,,52.0,4.0,43.0,23.0,34.0,,,28.0,20.0,,32.0,24.0,,15.0,18.0,,,,,10.0,36.0,38.0,30.0,11.0,41.0,,37.0,24.0,,53.0,34.0,39.0,,18.0,30.0,6.0,22.0,,,9.0,,18.0,13.0,29.0,31.0,21.0,39.0,35.0,37.0,,17.0,39.0,20.0,15.0,43.0,10.0,,47.0,3.0,22.0,,,,37.0,12.0,26.0,54.0,22.0,51.0,16.0,,6.0,45.0,,9.0,,48.0,20.0,18.0,33.0,17.0,46.0,33.0,,41.0,22.0,,40.0,32.0,29.0,,39.0,27.0,22.0,27.0,28.0,28.0,,46.0,34.0,41.0,,,44.0,,,29.0,40.0,40.0,36.0,,,31.0,53.0,53.0,40.0,26.0,21.0,,11.0,,19.0,43.0,51.0,49.0,,,40.0,,17.0,54.0,28.0,17.0,38.0,35.0,,10.0,54.0,30.0,16.0,12.0,51.0,29.0,53.0,25.0,,40.0,38.0,,,21.0,51.0,,44.0,23.0,,27.0,14.0,24.0,22.0,35.0,38.0,9.0,5.0,27.0,,,23.0,,32.0,,18.0,44.0,26.0,18.0,32.0,45.0,41.0,,40.0,33.0,15.0,52.0,18.0,30.0,,23.0,48.0,22.0,25.0,,54.0,45.0,,16.0,5.0,44.0,45.0,,30.0,16.0,7.0,38.0,,,,45.0,10.0,21.0,,23.0,15.0,38.0,,,19.0,31.0,25.0,47.0,45.0,22.0,26.0,,17.0,30.0,24.0,54.0,25.0,,37.0,40.0,23.0,,24.0,13.0,52.0,19.0,38.0,23.0,,52.0,15.0,15.0,38.0,,27.0,0.0,36.0,15.0,10.0,46.0,22.0,,,6.0,46.0,19.0,33.0,17.0,12.0,13.0,11.0,15.0,16.0,18.0,,,41.0,9.0,20.0,49.0,27.0,24.0,10.0,16.0,37.0,24.0,12.0,,6.0,,,0.0,15.0,8.0,34.0,40.0,6.0,,54.0,16.0,27.0,,45.0,19.0,49.0,21.0,30.0,47.0,32.0,13.0,,57.0,31.0,55.0,4.0,,,37.0,17.0,19.0,14.0,7.0,31.0,52.0,25.0,30.0,14.0,,7.0,9.0,41.0,,53.0,,33.0,21.0,28.0,,,7.0,27.0,30.0,47.0,35.0,11.0,40.0,,7.0,50.0,,,21.0,5.0,,24.0,15.0,22.0,,,40.0,,0.0,28.0,46.0,36.0,,7.0,12.0,,8.0,30.0,55.0,53.0,35.0,18.0,21.0,54.0,22.0,32.0,47.0,4.0,,27.0,22.0,54.0,,28.0,49.0,,43.0,,,,43.0,29.0,25.0,,22.0,2.0,,28.0,14.0,49.0,6.0,20.0,9.0,19.0,,21.0,27.0,44.0,27.0,15.0,26.0,26.0,13.0,,,,,40.0,22.0,11.0,17.0,17.0,29.0,13.0,27.0,46.0,,29.0,37.0,40.0,,31.0,36.0,45.0,33.0,,,,25.0,,46.0,20.0,27.0,32.0,24.0,14.0,,31.0,11.0,38.0,49.0,39.0,55.0,32.0,0.0,43.0,,,26.0,30.0,,22.0,,54.0,50.0,38.0,31.0,12.0,,42.0,39.0,38.0,,,5.0,41.0,16.0,31.0,,45.0,39.0,,20.0,3.0,,,50.0,,49.0,4.0,51.0,,24.0,16.0,31.0,,38.0,9.0,27.0,27.0,,,38.0,,26.0,33.0,12.0,0.0,26.0,32.0,,41.0,,,,46.0,,,34.0,33.0,13.0,39.0,20.0,31.0,,34.0,4.0,23.0,0.0,42.0,20.0,,26.0,52.0,21.0,0.0,,20.0,,,48.0,1.0,13.0,21.0,45.0,2.0,32.0,15.0,,22.0,21.0,,16.0,0.0,,38.0,,20.0,19.0,37.0,17.0,26.0,29.0,20.0,21.0,34.0,,15.0,,55.0,19.0,26.0,55.0,57.0,,27.0,23.0,39.0,20.0,29.0,27.0,,18.0,16.0,52.0,53.0,19.0,8.0,25.0,23.0,53.0,42.0,33.0,,27.0,48.0,33.0,31.0,18.0,14.0,1.0,40.0,,,5.0,,44.0,24.0,15.0,18.0,31.0,26.0,15.0,18.0,32.0,,36.0,43.0,15.0,,,35.0,26.0,46.0,,14.0,25.0,53.0,48.0,57.0,17.0,11.0,20.0,,,31.0,32.0,57.0,,0.0,40.0,,,,17.0,53.0,50.0,36.0,17.0,25.0,,32.0,53.0,,33.0,,,19.0,16.0,14.0,48.0,19.0,28.0,48.0,,45.0,42.0,35.0,44.0,,,52.0,30.0,46.0,39.0,47.0,47.0,16.0,54.0,30.0,47.0,43.0,36.0,22.0,,57.0,14.0,,20.0,28.0,21.0,,9.0,18.0,29.0,24.0,34.0,,23.0,,27.0,45.0,17.0,30.0,46.0,,,,,26.0,,31.0,,28.0,57.0,,23.0,22.0,,,,66,3,2.563380281690141,17.45129962867752,-0.3597852805626147
13,12,14,19,15,14,18,17,16,13,16,20,19,16,13,17,14,14,46,16,16,15,17,18,19,20,5,20,16,20,19,21,18,19,21,19,14,22,20,22,29,45.0,21,21,22,21,19,20,9,20,21,16,19,21,29,17,20,16,17,19,18,23,28,22,18.0,19,25,19,23,15,25,20,23,22,16,21,23,19,16,15,31,22,17,15,24,24,17,23,10,27,23,20,24,17,24,23,28,22,27,24,24,19,25,18,22,25,22,17,25,14,19,21.0,21,29,15.0,15,21,20,22,27,24,23,20,18,23,19,19,21.0,16,28,21,23,17.0,22,24,24.0,20,31,37,21,24,21,20,28,41.0,52.0,17,26.0,20,26,18,17,53.0,21,26,25,34,29.0,32,26,24,24,20,36,24,30.0,28,24,30,25,24,26.0,15,36,26,20,18,25.0,23,22.0,28,18,21,25,25,,19.0,36,30,63.0,25.0,26,35,21,21,23,22,26,24.0,23,20,59.0,26,22,25,15,35.0,18,21,18,24,38.0,29,25,20,24,21,36,26,62.0,43.0,24,0,24,45.0,40,29,19,35.0,25,,19.0,34,22,,34,25,33,21.0,39.0,16,24,24,27,25,44.0,27,27,17,20,35,19,31.0,25.0,22,35.0,36.0,25.0,34.0,19,42.0,21,30,37,,18.0,0.0,14.0,20.0,29,43.0,43.0,35.0,25,21,25.0,13,45,31,28.0,26.0,22.0,25,20.0,27,23,22.0,20.0,30,58.0,23.0,22,36,40.0,23,28.0,42.0,,23,30,52.0,28,26,35,39,27,23,23,25,23,33,38,23,66.0,29.0,16,23,23,26.0,13.0,16,34,19,35.0,36,37.0,34,22,35,23,20,22.0,24,39.0,27,26,26.0,29,9,24,,41.0,18,44.0,43.0,32.0,25.0,32.0,27,41.0,37,37,18,34.0,27,,25.0,34,32.0,41.0,22.0,37,0.0,22,26,29,30,20,23,25,26.0,27,34.0,28,37,26,,22,,21,33.0,23,38.0,46,23,32.0,21,60.0,33,40.0,34.0,16,32,22.0,47.0,15.0,23.0,38.0,23,29.0,60.0,36,28.0,3,28,,40.0,28,66.0,39,21.0,34.0,41,28,31,28.0,26,31.0,,29,61.0,27,25.0,35,27,15,38.0,,27,37,29,24.0,36.0,29,35,49.0,32,29.0,47.0,40.0,41.0,50.0,24.0,25.0,21.0,63.0,32.0,26,16,25.0,,17.0,63.0,33.0,,,29.0,33,27,25.0,33.0,26,55.0,28.0,26.0,23.0,38.0,19.0,28,31,,41.0,35.0,25.0,48,60.0,34.0,57.0,33,28,22,,,,31.0,30,26,26.0,36.0,22,57.0,37.0,26,37.0,23.0,41.0,15,21.0,53,37.0,35.0,20.0,24,65.0,24,57.0,34,25,18.0,55.0,25.0,62.0,22,22,37,40.0,43,38.0,24,36,22.0,26,23,43.0,40.0,28,32,34.0,33.0,33.0,30.0,27.0,44.0,27,35.0,13,0,42.0,18.0,42.0,35.0,33.0,45.0,30,17,16.0,,18.0,39.0,29.0,29.0,23,26.0,27,42.0,60.0,63.0,25.0,51,25.0,29,17.0,36.0,29.0,37,30.0,42.0,,31,26,27.0,50.0,7.0,,,27.0,26.0,23.0,50.0,40.0,21.0,25.0,44,36,44.0,56.0,28.0,20,32,15,33,38.0,,26,29,47.0,47.0,0,48.0,30.0,35.0,27,66.0,24.0,44.0,21,35.0,,24.0,23.0,27.0,30.0,24,40.0,22,28.0,21,31,24,22.0,30.0,14.0,,21.0,36.0,50.0,26.0,21.0,54.0,19.0,25,46.0,58.0,29,32.0,47.0,26.0,19.0,21,27.0,46.0,26.0,23,33,26.0,18,36.0,29.0,23.0,30.0,42,28.0,32,36,42.0,32,63.0,32,32.0,0.0,32.0,38,19,36.0,49.0,30,32.0,34,51.0,28,35.0,32.0,,62.0,38.0,19.0,30,23.0,35.0,56.0,,26.0,43.0,24.0,25,24,10.0,32,26,32,27.0,35.0,35.0,58.0,25.0,57.0,26,28.0,25.0,43.0,16,63.0,25.0,44.0,29.0,54.0,22,,31.0,28.0,,25.0,30.0,32.0,36,40.0,67.0,25.0,24.0,,24.0,26.0,34,37.0,27.0,30.0,,26,16,17.0,60.0,24,35.0,48.0,31.0,31,18.0,19.0,,63.0,35,21.0,49.0,35.0,27.0,45.0,22.0,55.0,41.0,51.0,18,29,29.0,30.0,54.0,29.0,39.0,20.0,39.0,48.0,58.0,47.0,45,49,34.0,30,63.0,28.0,43.0,44.0,22,34,28.0,24.0,36.0,38.0,41.0,44.0,29.0,51.0,18.0,50,23.0,41.0,65.0,36.0,42.0,46.0,31,37.0,24.0,22.0,22,58.0,49.0,35.0,27.0,20.0,31.0,31,38.0,26,43.0,36.0,60.0,52.0,29.0,56.0,50.0,28.0,18.0,18.0,29.0,26.0,27.0,45.0,,38.0,34.0,13.0,25.0,,1.0,28,33.0,40.0,33,49.0,42.0,27,55.0,32.0,24.0,26,39,34,25.0,25.0,39.0,53.0,25.0,20.0,25.0,19.0,,27,33.0,19,17.0,26,28,51.0,23,34.0,26.0,47.0,57.0,30,45.0,18.0,34.0,21.0,46.0,44.0,38,50.0,7,38.0,56.0,,27,39.0,15,24,31.0,17.0,44.0,25,25.0,39.0,24,41.0,,26.0,31.0,40.0,19.0,46.0,49.0,42,34.0,38.0,34.0,28.0,24.0,26.0,48.0,42.0,22,30.0,29,,35.0,28.0,23.0,24,21,27.0,24.0,21.0,66.0,49.0,44.0,20.0,38.0,37.0,18,35.0,30.0,30,32,40.0,,19,34.0,46.0,16,30.0,20,44,33,43.0,29.0,,,16.0,65.0,,,29.0,40.0,54.0,40.0,23.0,39.0,29.0,51.0,20.0,26.0,28.0,38.0,34.0,34.0,58.0,31.0,38.0,31.0,20.0,,30.0,28.0,30.0,,31.0,29.0,31.0,,63.0,,56.0,26.0,26.0,50.0,33.0,38.0,,24.0,52.0,41.0,37,14.0,33.0,30.0,27,32.0,17.0,16.0,41.0,48.0,44.0,33.0,54.0,57.0,61.0,27.0,36.0,66.0,19.0,21.0,34.0,,35.0,21.0,48.0,28.0,22.0,52.0,35.0,20.0,,38.0,,23,20.0,57.0,32.0,52,42.0,36.0,30.0,31.0,32.0,43.0,,,,30,39.0,24.0,45.0,28.0,43.0,,26,25,42.0,23.0,17.0,52.0,,36.0,36,26,34.0,34.0,43.0,35.0,48.0,41.0,17.0,25.0,,61.0,,49.0,20.0,29.0,21.0,44.0,35,52.0,43.0,29.0,26.0,33.0,36,55.0,35,57.0,27,38.0,47.0,37.0,,,49.0,27.0,56.0,,46.0,11.0,30.0,15,45.0,24.0,24.0,29.0,67.0,37,53.0,32.0,32.0,44.0,23.0,34.0,,25.0,39.0,29,32,24.0,52.0,24.0,30.0,,0.0,31.0,22.0,25,,46.0,31.0,37.0,41.0,30.0,47.0,19.0,16,44.0,37.0,48.0,31,26,32.0,50.0,17.0,8.0,23.0,,0.0,42.0,24.0,16.0,,34.0,31.0,27.0,37.0,22,34.0,41.0,,36.0,61.0,32,43.0,33.0,35,,22.0,36.0,60.0,38.0,67.0,27.0,,24.0,33.0,43.0,33,31.0,30.0,40.0,48.0,39,49.0,40.0,36.0,39.0,43.0,,24.0,35.0,26.0,60.0,24.0,25.0,48.0,36,43,58.0,37.0,32.0,16.0,,24,36,31.0,20.0,67.0,48.0,,49.0,48.0,54.0,29.0,51.0,59.0,31.0,32.0,,26.0,36,31,45.0,,42.0,26.0,40.0,30,58.0,57.0,,29.0,61.0,38.0,28.0,,18.0,,26.0,21.0,,25.0,25.0,33,38.0,24.0,35,51.0,26.0,47.0,,26.0,48.0,23.0,20.0,48.0,49.0,47.0,,20.0,27.0,55.0,,,40.0,28.0,30.0,,,49.0,44.0,47.0,,,33.0,29.0,65.0,,19.0,52.0,40.0,25.0,22.0,20.0,,53.0,46.0,46.0,28.0,48.0,43.0,,22.0,58.0,,,34.0,17.0,40.0,24.0,,32.0,23.0,,,,19.0,25.0,28,0.0,31.0,,,45.0,62.0,33.0,,42.0,35.0,38.0,32.0,66.0,21.0,34.0,22.0,55.0,23.0,23.0,26.0,27.0,,39.0,22.0,33.0,52.0,31.0,57.0,14.0,59.0,31.0,45.0,28.0,65.0,31.0,25.0,45.0,61.0,18.0,48.0,62.0,,,29.0,12.0,19.0,6,,42.0,31.0,53.0,58.0,27.0,20.0,54.0,65.0,25,17.0,54.0,49.0,32.0,34.0,32.0,32.0,18.0,29.0,44.0,39.0,42.0,34.0,39.0,30.0,,24,34.0,46.0,57.0,50.0,48.0,34.0,30.0,33.0,9.0,,32.0,65.0,54.0,22.0,35.0,37.0,,35.0,38.0,25.0,,62.0,51.0,,27,28,28.0,41.0,28.0,38.0,21.0,24.0,29.0,22.0,34.0,20.0,57.0,33.0,64.0,33.0,27.0,36.0,38.0,65.0,24.0,33.0,13.0,,37.0,21.0,,44.0,67.0,43.0,55.0,26.0,,,29.0,,,23.0,29.0,33.0,46.0,22.0,,60.0,45.0,37.0,,32.0,44.0,36.0,29,43.0,25.0,31.0,40.0,27,24.0,,,33.0,50.0,40.0,25.0,53.0,29,36.0,7.0,42.0,,,23.0,,36,0.0,0.0,14.0,48.0,26,55.0,24.0,56.0,33.0,,45.0,39.0,22.0,32.0,25.0,15.0,66.0,23.0,57.0,31.0,38.0,30.0,39.0,59.0,56.0,42.0,35.0,,,33,35.0,28.0,35.0,35.0,41.0,55.0,61.0,,26.0,21.0,29.0,37.0,38.0,28,38.0,40.0,26.0,27.0,46.0,,,,30.0,25.0,61.0,23.0,57.0,40.0,,25.0,52.0,,22.0,39.0,27.0,0.0,34.0,24.0,38.0,,31.0,57.0,,32.0,32.0,51.0,17.0,,20.0,25.0,61.0,32.0,34.0,28.0,35.0,39.0,34.0,38.0,53.0,33.0,,42.0,36.0,35.0,,47.0,36.0,26.0,,45.0,,,,54.0,11.0,36.0,33.0,45.0,33.0,41.0,16.0,,57.0,20,55.0,,25.0,31.0,19.0,54.0,22.0,52.0,46.0,59.0,46.0,34.0,26.0,64.0,,43.0,23.0,45.0,22.0,53.0,28.0,,22.0,27.0,29.0,14.0,49.0,5.0,29.0,60.0,35.0,,,52.0,35.0,44.0,47.0,30.0,52.0,24.0,63.0,41.0,56.0,23.0,,26.0,31.0,,35.0,33.0,,34.0,40.0,67.0,31.0,21.0,5.0,35.0,34.0,36.0,47.0,36.0,,40.0,,,17.0,51.0,44.0,35.0,40.0,22.0,59.0,13.0,46.0,26.0,30.0,57.0,35.0,22.0,42.0,0.0,,58.0,37.0,30.0,23.0,,29.0,38.0,,27.0,39.0,51.0,32.0,48.0,35.0,46.0,50.0,49.0,32.0,37.0,,,27.0,33.0,58.0,33.0,51.0,42.0,38.0,28.0,34.0,40.0,17.0,35.0,24.0,53.0,36.0,57.0,50.0,53.0,32.0,,32.0,,34.0,51.0,27,58.0,36.0,,29.0,26.0,17.0,25.0,65.0,,32.0,38,,21.0,20.0,40.0,28.0,61.0,27.0,,26,39.0,51.0,,34.0,,54.0,,26.0,50.0,54.0,42.0,26.0,22.0,51.0,50.0,25.0,60.0,60.0,39.0,,33.0,31.0,39.0,36.0,43.0,46.0,22.0,40.0,37.0,42.0,20.0,40.0,50.0,48.0,56.0,,63.0,49.0,43.0,37.0,14.0,29.0,,42.0,27.0,41.0,44.0,,53.0,1.0,22.0,26.0,,,,29.0,60.0,31.0,33.0,,38.0,37.0,25.0,37.0,,36.0,39.0,39.0,20.0,,38.0,32.0,25.0,21.0,36.0,23.0,25.0,66.0,46.0,47.0,47.0,21.0,28.0,37.0,37.0,18.0,,29.0,22.0,37.0,47.0,25.0,35.0,,19.0,42.0,37.0,57.0,38.0,53.0,66.0,26.0,,53.0,,21.0,,30.0,30,36.0,,26.0,30.0,,43.0,26.0,55.0,,65.0,,59.0,,28.0,40.0,32.0,54.0,28.0,,41.0,46.0,,45.0,63.0,,29.0,19.0,34.0,54.0,38.0,33.0,15.0,35.0,41.0,61.0,,,,32.0,,67.0,19.0,44.0,21.0,,,20.0,50.0,52.0,32.0,23.0,28.0,24.0,,58.0,22.0,41.0,40.0,52.0,63.0,31.0,28.0,66.0,0.0,58.0,24.0,,48.0,30.0,52.0,29.0,39.0,55.0,50.0,57.0,20.0,64.0,36.0,28.0,41,44.0,19.0,23,0.0,,21.0,56.0,,35.0,34.0,50.0,37.0,45.0,66.0,,,34.0,46.0,,17.0,47.0,67.0,46.0,66.0,19.0,0.0,39.0,,42.0,18.0,,36.0,51.0,22.0,23.0,49.0,57.0,30.0,,47.0,26.0,30.0,,46.0,23.0,57.0,,,50.0,21.0,,48.0,31.0,40.0,,8.0,63.0,54.0,44.0,23.0,64.0,40.0,49.0,49.0,19.0,47.0,,34.0,57.0,,17.0,49.0,23.0,32.0,32.0,29.0,67.0,46.0,42.0,,23.0,23.0,57.0,31.0,,47.0,,30.0,38.0,54.0,0.0,18.0,55.0,0.0,35.0,,27.0,23.0,62.0,51.0,50.0,,20.0,53.0,56.0,50.0,31.0,37.0,41.0,58.0,20.0,43.0,59.0,30.0,49.0,,33.0,,,,27.0,,,33.0,37.0,32.0,29.0,43.0,53.0,48.0,20.0,45.0,48.0,20.0,29.0,55.0,59.0,52.0,45.0,17.0,47.0,35.0,,51.0,24.0,45.0,33.0,33.0,64.0,61.0,,0.0,25.0,36.0,61.0,38.0,41.0,37.0,45.0,53.0,25.0,65.0,31.0,,41.0,,,48.0,29.0,37.0,,22.0,64.0,27.0,28.0,22.0,19.0,,29.0,34.0,26.0,67.0,46.0,,,59.0,,66.0,58.0,48.0,,,37.0,42.0,38.0,,22.0,55.0,64.0,44.0,25.0,20.0,30.0,,0.0,32.0,27.0,43.0,,27.0,,61.0,24.0,36.0,59.0,54.0,66.0,65.0,43.0,41.0,36.0,54.0,,40.0,8.0,35.0,26.0,20.0,39.0,,45.0,,,37.0,21.0,59.0,54.0,51.0,41.0,29.0,29.0,26.0,54.0,52.0,35.0,,43.0,20.0,,35.0,52.0,29.0,35.0,35.0,34.0,37.0,24.0,32.0,43.0,46.0,46.0,,32.0,50.0,26.0,37.0,30.0,42.0,53.0,31.0,23.0,,43.0,,,17.0,30.0,36.0,24.0,40.0,43.0,,31.0,58.0,15.0,42.0,51.0,36.0,65.0,48.0,53.0,38.0,43.0,,,20.0,18.0,48.0,50.0,20.0,34.0,52.0,24.0,56.0,15.0,0.0,29.0,,30.0,65.0,,,33.0,38.0,,31.0,42.0,39.0,56.0,46.0,40.0,33.0,64.0,38.0,54.0,56.0,42.0,0.0,,45.0,38.0,52.0,56.0,,58.0,67.0,30.0,24.0,14.0,25.0,27.0,40.0,22.0,37.0,,29.0,23.0,24.0,20.0,38.0,63.0,,,34.0,35.0,20.0,31.0,47.0,62.0,61.0,65.0,43.0,52.0,34.0,14.0,,33.0,40.0,23.0,,44.0,42.0,15.0,52.0,34.0,55.0,,46.0,61.0,,32.0,0.0,25.0,32.0,53.0,50.0,15.0,40.0,34.0,,,30.0,25.0,35.0,21.0,43.0,33.0,63.0,41.0,,,20.0,36.0,63.0,20.0,,44.0,0.0,32.0,20.0,41.0,55.0,47.0,24.0,23.0,27.0,37.0,40.0,,,24.0,,,30.0,42.0,,50.0,23.0,,,28.0,,,24.0,,25.0,47.0,38.0,39.0,32.0,,48.0,65.0,26.0,29.0,65.0,36.0,34.0,16.0,65.0,43.0,45.0,,22.0,24.0,25.0,40.0,51.0,29.0,,36.0,43.0,37.0,58.0,60.0,,31.0,44.0,44.0,43.0,,,35.0,56.0,,46.0,62.0,24.0,,57.0,41.0,35.0,52.0,,55.0,36.0,1.0,23.0,,,22.0,28.0,,43.0,,,60.0,57.0,54.0,,,,51.0,46.0,,39.0,,,40.0,40.0,27.0,51.0,34.0,,28.0,63.0,38.0,32.0,,,,60.0,27.0,,21.0,21.0,,,27.0,34.0,,25.0,34.0,,27.0,,51.0,23.0,30.0,51.0,65.0,58.0,39.0,,39.0,24.0,45.0,41.0,22.0,50.0,,27.0,,20.0,,24.0,44.0,28.0,21.0,35.0,21.0,,18.0,33.0,,,,20.0,45.0,,,25.0,29.0,61.0,36.0,57.0,,42.0,24.0,66.0,34.0,26.0,,51.0,39.0,37.0,59.0,,50.0,19.0,38.0,29.0,34.0,32.0,29.0,45.0,50.0,45.0,31.0,48.0,57.0,,62.0,26.0,48.0,28.0,24.0,32.0,51.0,34.0,31.0,43.0,,57.0,58.0,45.0,7.0,50.0,67.0,,49.0,,,23.0,,,,37.0,32.0,28.0,38.0,51.0,49.0,28.0,,50.0,,32.0,57.0,,35.0,46.0,35.0,31.0,53.0,21.0,35.0,,21.0,40.0,40.0,58.0,,28.0,33.0,55.0,33.0,,19.0,,63.0,36.0,50.0,37.0,39.0,24.0,,,25.0,,51.0,47.0,37.0,,40.0,,34.0,,,34.0,24.0,,62.0,,,43.0,17.0,30.0,39.0,63.0,24.0,,50.0,,28.0,32.0,42.0,33.0,42.0,39.0,66.0,59.0,38.0,,32.0,61.0,18.0,,30.0,21.0,33.0,45.0,42.0,53.0,18.0,49.0,34.0,32.0,32.0,43.0,0.0,43.0,30.0,30.0,,25.0,42.0,0.0,22.0,33.0,51.0,20.0,39.0,44.0,66.0,,50.0,,,43.0,46.0,28.0,,50.0,22.0,37.0,29.0,56.0,31.0,32.0,45.0,,39.0,,25.0,,,31.0,37.0,17.0,,,36.0,,62.0,41.0,52.0,52.0,29.0,48.0,38.0,40.0,,32.0,51.0,,44.0,32.0,32.0,52.0,44.0,32.0,32.0,,58.0,18.0,26.0,45.0,,30.0,29.0,25.0,34.0,37.0,32.0,48.0,41.0,30.0,51.0,40.0,43.0,46.0,25.0,,,59.0,46.0,35.0,29.0,,30.0,,30.0,27.0,32.0,39.0,23.0,31.0,34.0,,35.0,30.0,30.0,41.0,24.0,,61.0,26.0,60.0,,,24.0,36.0,,54.0,14.0,43.0,,47.0,,33.0,21.0,37.0,58.0,,,34.0,41.0,23.0,49.0,,,58.0,39.0,22.0,57.0,,,49.0,,45.0,48.0,29.0,60.0,,34.0,,,24.0,41.0,,21.0,,39.0,44.0,49.0,57.0,56.0,32.0,55.0,52.0,32.0,,28.0,22.0,24.0,19.0,41.0,53.0,37.0,37.0,36.0,47.0,20.0,31.0,38.0,49.0,20.0,,55.0,,37.0,29.0,,59.0,65.0,31.0,38.0,27.0,27.0,43.0,12.0,51.0,,33.0,,39.0,47.0,,34.0,61.0,,28.0,43.0,,67.0,0.0,,,27.0,,36.0,37.0,29.0,64.0,,0.0,64.0,40.0,,,30.0,31.0,,28.0,48.0,63.0,26.0,29.0,31.0,0.0,38.0,44.0,50.0,35.0,60.0,40.0,,45.0,46.0,30.0,,,38.0,67.0,,18.0,65.0,39.0,33.0,,37.0,25.0,,43.0,,,53.0,,60.0,,45.0,49.0,35.0,53.0,,38.0,30.0,42.0,,45.0,27.0,48.0,57.0,51.0,,29.0,62.0,58.0,,50.0,,17.0,46.0,,,,,62.0,28.0,44.0,19.0,21.0,,29.0,44.0,,18.0,,41.0,51.0,30.0,51.0,,45.0,46.0,62.0,33.0,,24.0,52.0,39.0,25.0,30.0,,46.0,24.0,32.0,54.0,32.0,55.0,57.0,,63.0,,47.0,,,42.0,,37.0,,61.0,55.0,,,24.0,58.0,27.0,,23.0,62.0,38.0,0.0,25.0,18.0,,18.0,25.0,65.0,,59.0,57.0,19.0,,47.0,25.0,44.0,,32.0,,47.0,26.0,,,59.0,67,3,2.494459833795014,17.711155378486055,-0.3663463517694827
9,8,8,10,9,10,11,10,10,9,9,10,11,10,7,14,11,10,20,13,11,18,11,8,12,20,6,10,9,12,13,13,11,10,17,22,15,14,17,10,16,26.0,16,11,11,10,14,9,10,25,6,17,15,11,27,12,17,11,15,13,15,19,9,12,14.0,14,15,14,14,12,23,16,16,14,14,14,13,21,16,8,26,11,11,12,15,24,4,11,23,16,17,16,31,11,14,17,27,21,3,22,16,14,21,14,15,16,15,20,19,26,14,,16,25,37.0,18,17,21,18,22,17,29,14,24,8,14,25,24.0,11,16,28,22,,22,18,16.0,14,44,12,19,10,10,24,24,31.0,15.0,19,15.0,22,17,15,27,31.0,13,15,19,16,47.0,21,19,17,16,25,14,20,26.0,19,20,12,21,11,64.0,15,14,15,16,29,,12,31.0,18,22,9,24,20,30.0,26.0,10,27,34.0,26.0,22,17,12,22,20,12,12,18.0,25,10,16.0,21,15,34,17,33.0,26,6,26,17,13.0,18,24,21,18,16,26,7,14.0,11.0,12,22,20,37.0,17,18,20,,14,48.0,29.0,23,30,42.0,14,19,22,14.0,6.0,14,19,18,21,26,25.0,20,22,26,28,12,21,21.0,40.0,17,,31.0,19.0,30.0,30,52.0,20,21,17,,30.0,2.0,,19.0,3,24.0,18.0,37.0,20,11,7.0,24,21,22,16.0,17.0,43.0,10,15.0,30,19,16.0,37.0,10,13.0,27.0,21,31,22.0,15,8.0,23.0,,31,24,24.0,23,19,23,29,16,13,19,22,12,35,35,18,42.0,38.0,24,16,14,26.0,61.0,18,36,17,,16,20.0,23,21,22,13,15,42.0,24,25.0,21,25,24.0,29,24,17,29.0,60.0,11,46.0,33.0,38.0,28.0,28.0,10,25.0,17,11,21,19.0,12,21.0,25.0,23,,39.0,16.0,25,15.0,10,33,7,32,13,33,20,25.0,18,19.0,22,16,23,40.0,18,41.0,28,10.0,16,55.0,31,30,24.0,12,32.0,22,20.0,20.0,23,25,20.0,39.0,16.0,13.0,17.0,18,38.0,25.0,30,,28,4,54.0,21.0,15,30.0,26,25.0,24.0,0,20,26,,16,34.0,25.0,16,31.0,15,15.0,20,26,10,23.0,24.0,35,14,14,22.0,28.0,20,9,31.0,22,23.0,14.0,,40.0,19.0,23.0,27.0,18.0,49.0,24.0,7,33,34.0,52.0,23.0,12.0,27.0,47.0,34.0,28.0,29,19,22.0,28.0,13,,21.0,33.0,24.0,23.0,25.0,22,21,17.0,39.0,42.0,32.0,31,23.0,53.0,57.0,10,29,18,33.0,13.0,19.0,30.0,22,19,22.0,,21,53.0,13.0,29,57.0,51.0,41.0,23,63.0,16,15.0,39.0,27.0,17,19.0,17,45.0,36,41,35.0,21.0,62.0,64.0,19,24,34,13.0,29,18.0,18,31,21.0,25,23,11.0,20.0,32,23,61.0,,61.0,,26.0,15.0,0,18.0,11,14,28.0,19.0,31.0,29.0,16.0,,21,25,10.0,38.0,15.0,25.0,15.0,7.0,19,16.0,16,15.0,20.0,52.0,45.0,17,58.0,19,47.0,19.0,30.0,29,26.0,35.0,44.0,21,13,21.0,41.0,43.0,58.0,23.0,21.0,,18.0,19.0,14.0,17.0,31.0,23,28,22.0,47.0,,27,23,18,21,29.0,30.0,0,31,15.0,20.0,12,40.0,40.0,12.0,31,36.0,34.0,,30,20.0,16.0,46.0,56.0,38.0,19.0,26,19.0,16,15.0,16,27,21,26.0,33.0,0.0,28.0,23.0,28.0,26.0,45.0,34.0,29.0,20.0,21,31.0,17.0,16,36.0,,13.0,46.0,23,38.0,26.0,,23,14,11.0,10,23.0,43.0,21.0,31.0,17,18.0,10,9,24.0,30,48.0,24,45.0,,4.0,20,25,11.0,25.0,27,56.0,23,27.0,23,31.0,35.0,,,33.0,54.0,17,21.0,26.0,17.0,,11.0,18.0,27.0,16,18,28.0,30,23,16,27.0,36.0,39.0,41.0,54.0,51.0,65,45.0,28.0,59.0,14,60.0,22.0,17.0,,19.0,29,,25.0,,42.0,40.0,36.0,36.0,12,17.0,36.0,36.0,56.0,50.0,49.0,38.0,30,17.0,39.0,37.0,13.0,23,6,24.0,10.0,17,23.0,14.0,19.0,23,11.0,13.0,19.0,23.0,17,20.0,,18.0,32.0,28.0,27.0,24.0,51.0,43.0,15,28,,29.0,65.0,30.0,55.0,20.0,32.0,,21.0,29.0,38,24,36.0,32,50.0,25.0,19.0,20.0,27,24,25.0,23.0,17.0,26.0,29.0,15.0,16.0,40.0,14.0,40,30.0,,29.0,43.0,25.0,15.0,19,38.0,23.0,25.0,19,56.0,30.0,22.0,26.0,27.0,34.0,18,64.0,42,,34.0,42.0,47.0,,16.0,58.0,22.0,34.0,12.0,65.0,29.0,18.0,29.0,44.0,37.0,42.0,49.0,46.0,47.0,22.0,31,37.0,52.0,17,31.0,64.0,19,36.0,7.0,45.0,30,23,20,25.0,18.0,51.0,27.0,27.0,,16.0,13.0,17.0,22,27.0,17,30.0,20,12,17.0,19,65.0,14.0,33.0,13.0,28,58.0,19.0,14.0,43.0,,,19,23.0,21,9.0,56.0,48.0,41,29.0,12,11,34.0,26.0,,17,22.0,42.0,21,0.0,,39.0,22.0,60.0,21.0,25.0,20.0,46,31.0,49.0,20.0,31.0,,30.0,24.0,10.0,22,17.0,14,21.0,42.0,47.0,22.0,18,29,42.0,13.0,21.0,29.0,28.0,24.0,24.0,30.0,14.0,28,41.0,34.0,18,26,51.0,47.0,15,36.0,20.0,20,19.0,12,15,16,45.0,33.0,27.0,33.0,23.0,25.0,18.0,58.0,27.0,27.0,61.0,15.0,39.0,21.0,46.0,20.0,24.0,33.0,18.0,61.0,30.0,39.0,5.0,59.0,22.0,15.0,,0.0,17.0,33.0,18.0,28.0,32.0,60.0,27.0,37.0,12.0,57.0,52.0,25.0,45.0,55.0,29.0,26.0,36.0,30.0,51.0,18.0,23,35.0,24.0,56.0,22,22.0,22.0,26.0,25.0,51.0,33.0,8.0,15.0,,22.0,25.0,45.0,23.0,27.0,26.0,54.0,63.0,43.0,22.0,,31.0,55.0,,18.0,53.0,55.0,22.0,,20,19.0,41.0,28.0,19,36.0,5.0,16.0,26.0,,26.0,32.0,48.0,,14,31.0,26.0,41.0,40.0,19.0,,17,16,40.0,26.0,36.0,41.0,36.0,25.0,17,43,,0.0,,39.0,24.0,19.0,,9.0,47.0,43.0,44.0,,61.0,30.0,23.0,52.0,9,44.0,23.0,55.0,36.0,34.0,16,16.0,17,1.0,30,16.0,56.0,13.0,34.0,35.0,21.0,42.0,25.0,24.0,27.0,,22.0,23,37.0,,32.0,,48.0,21,46.0,37.0,38.0,45.0,16.0,15.0,61.0,27.0,24.0,21,22,43.0,19.0,28.0,42.0,0.0,30.0,29.0,29.0,21,59.0,32.0,33.0,,32.0,17.0,24.0,24.0,10,23.0,32.0,23.0,13,1,,,53.0,23.0,,14.0,12.0,36.0,33.0,30.0,42.0,23.0,17.0,32.0,,25,20.0,38.0,14.0,45.0,18.0,22,20.0,32.0,25,19.0,37.0,,17.0,,14.0,27.0,25.0,46.0,51.0,41.0,21,38.0,41.0,31.0,44.0,25,22.0,65.0,30.0,9.0,,,45.0,23.0,26.0,20.0,31.0,20.0,35.0,39,23,0.0,21.0,55.0,43.0,,16,18,26.0,53.0,28.0,51.0,,23.0,27.0,15.0,26.0,23.0,22.0,18.0,31.0,26.0,,16,27,11.0,12.0,50.0,,35.0,7,58.0,10.0,,,28.0,30.0,26.0,,46.0,28.0,61.0,41.0,26.0,15.0,41.0,32,22.0,33.0,27,41.0,0.0,35.0,65.0,18.0,,16.0,32.0,38.0,57.0,29.0,32.0,25.0,20.0,24.0,,30.0,,13.0,37.0,42.0,,,6.0,,60.0,35.0,20.0,15.0,,19.0,45.0,45.0,42.0,42.0,23.0,21.0,,12.0,15.0,31.0,27.0,54.0,47.0,38.0,38.0,64.0,,20.0,15.0,30.0,43.0,50.0,31.0,33.0,48.0,14.0,47.0,20.0,52.0,59.0,30,,13.0,,40.0,33.0,61.0,26.0,,18.0,,10.0,,,16.0,36.0,18.0,,36.0,38.0,17.0,52.0,21.0,33.0,45.0,51.0,45.0,64.0,24.0,50.0,28.0,35.0,31.0,19.0,,30.0,60.0,,55.0,29.0,,31.0,25.0,,30.0,25.0,25.0,33,21.0,16.0,26.0,50.0,38.0,33.0,23.0,23.0,,31,3.0,28.0,59.0,,,34.0,27.0,51.0,24.0,43.0,37.0,21.0,,41.0,21.0,32.0,14,50.0,21.0,19.0,33.0,20.0,24.0,17.0,23.0,38.0,14.0,,,27.0,55.0,,27.0,35.0,,28.0,41.0,25.0,57.0,41.0,59.0,13,13,13.0,42.0,27.0,34.0,40.0,31.0,47.0,28.0,21.0,20.0,58.0,41.0,35.0,28.0,16.0,,20.0,40.0,51.0,31.0,26.0,,0.0,8.0,,24.0,49.0,23.0,21.0,14.0,40.0,51.0,,,,25.0,18.0,37.0,11.0,18.0,,34.0,30.0,26.0,23.0,,30.0,36.0,22,53.0,23.0,21.0,15.0,33,32.0,30.0,34.0,51.0,46.0,,12.0,48.0,32,,32.0,21.0,,31.0,51.0,,26,47.0,43.0,50.0,56.0,25,,23.0,44.0,53.0,31.0,45.0,25.0,30.0,28.0,55.0,13.0,55.0,36.0,26.0,52.0,8.0,52.0,,30.0,34.0,20.0,42.0,16.0,48.0,17,32.0,19.0,30.0,,38.0,24.0,59.0,23.0,49.0,59.0,35.0,27.0,24.0,19,0.0,,46.0,39.0,52.0,31.0,55.0,51.0,38.0,0.0,37.0,32.0,,,23.0,22.0,30.0,33.0,42.0,56.0,15.0,28.0,47.0,51.0,38.0,40.0,25.0,,41.0,27.0,33.0,21.0,0.0,34.0,36.0,27.0,8.0,60.0,26.0,23.0,14.0,32.0,29.0,54.0,24.0,27.0,51.0,52.0,,23.0,20.0,7.0,23.0,18.0,48.0,,35.0,13.0,40.0,33.0,43.0,,27.0,,60.0,50.0,31.0,65.0,,28,22.0,,41.0,19.0,,57.0,19.0,,42.0,41.0,29.0,22.0,37.0,37.0,34.0,49.0,37.0,28.0,34.0,17.0,27.0,,35.0,,51.0,,22.0,49.0,36.0,18.0,31.0,23.0,44.0,28.0,9.0,39.0,0.0,29.0,20.0,38.0,13.0,22.0,,55.0,17.0,35.0,33.0,38.0,24.0,,23.0,65.0,22.0,60.0,,35.0,48.0,,42.0,26.0,47.0,37.0,17.0,38.0,56.0,21.0,39.0,16.0,29.0,,29.0,51.0,33.0,20.0,31.0,51.0,41.0,6.0,14.0,35.0,32.0,34.0,,41.0,59.0,61.0,,39.0,29.0,29.0,,0.0,48.0,,29.0,46.0,,0.0,40.0,,26.0,42.0,22.0,,,23.0,13.0,30.0,13.0,30.0,15.0,34.0,56.0,26.0,13.0,32.0,25.0,27.0,23.0,30.0,16.0,29.0,46.0,,,,22.0,43.0,20,0.0,33.0,62.0,26.0,41.0,32.0,45.0,20.0,34.0,,25,16.0,40.0,12.0,50.0,32.0,27.0,39.0,30.0,32,27.0,,58.0,12.0,,,46.0,62.0,25.0,0.0,44.0,31.0,13.0,,38.0,49.0,20.0,59.0,39.0,,18.0,21.0,53.0,45.0,41.0,15.0,16.0,31.0,,40.0,,65.0,40.0,43.0,31.0,31.0,40.0,27.0,47.0,35.0,18.0,53.0,31.0,50.0,34.0,30.0,40.0,59.0,14.0,22.0,37.0,41.0,,39.0,17.0,34.0,16.0,28.0,44.0,46.0,38.0,27.0,28.0,27.0,34.0,23.0,37.0,21.0,60.0,44.0,27.0,53.0,32.0,31.0,19.0,,30.0,46.0,21.0,20.0,18.0,,0.0,20.0,,40.0,,26.0,41.0,,27.0,19.0,,20.0,20.0,53.0,28.0,,28.0,22.0,20.0,29.0,30.0,,45.0,14.0,27.0,16.0,26,43.0,30.0,52.0,40.0,16.0,16.0,,33.0,28.0,,26.0,61.0,49.0,24.0,32.0,11.0,29.0,12.0,43.0,60.0,38.0,,18.0,,42.0,40.0,,,32.0,20.0,18.0,44.0,,30.0,25.0,21.0,34.0,37.0,26.0,,13.0,38.0,34.0,,7.0,49.0,20.0,39.0,,28.0,37.0,,23.0,19.0,11.0,60.0,32.0,50.0,22.0,37.0,34.0,27.0,30.0,49.0,,24.0,,17.0,,12.0,22.0,32.0,18.0,20.0,23.0,24.0,28.0,28.0,14.0,18,56.0,20.0,21,29.0,41.0,40.0,,41.0,11.0,23.0,40.0,25.0,38.0,35.0,,18.0,19.0,26.0,51.0,50.0,46.0,38.0,38.0,22.0,33.0,0.0,53.0,,,,56.0,31.0,33.0,20.0,,34.0,44.0,,21.0,65.0,,,49.0,38.0,26.0,18.0,34.0,40.0,20.0,39.0,29.0,57.0,,34.0,20.0,31.0,,42.0,37.0,53.0,35.0,33.0,29.0,53.0,15.0,41.0,37.0,10.0,31.0,35.0,,16.0,23.0,24.0,18.0,23.0,55.0,23.0,22.0,15.0,38.0,13.0,,15.0,46.0,52.0,43.0,20.0,11.0,21.0,48.0,21.0,17.0,19.0,0.0,,19.0,45.0,,28.0,,49.0,37.0,29.0,35.0,14.0,,,,26.0,19.0,26.0,20.0,27.0,22.0,,34.0,,35.0,24.0,,39.0,20.0,38.0,38.0,0.0,45.0,43.0,,,26.0,38.0,38.0,51.0,30.0,20.0,12.0,41.0,12.0,37.0,18.0,46.0,,22.0,49.0,12.0,29.0,63.0,,52.0,,48.0,,17.0,40.0,37.0,45.0,54.0,46.0,37.0,,49.0,52.0,,35.0,43.0,,58.0,29.0,24.0,47.0,31.0,42.0,,30.0,40.0,29.0,,34.0,,1.0,26.0,,22.0,54.0,25.0,25.0,45.0,25.0,24.0,,,,12.0,15.0,44.0,25.0,,28.0,62.0,,44.0,12.0,24.0,54.0,50.0,28.0,25.0,,17.0,0.0,,61.0,27.0,48.0,11.0,26.0,,60.0,,42.0,,45.0,10.0,32.0,52.0,30.0,22.0,64.0,14.0,31.0,65.0,15.0,37.0,50.0,31.0,,25.0,17.0,37.0,38.0,,52.0,42.0,27.0,,,,55.0,25.0,51.0,20.0,15.0,,,56.0,48.0,51.0,,29.0,50.0,38.0,,14.0,,,46.0,,17.0,62.0,,22.0,50.0,5.0,,54.0,,,16.0,47.0,,50.0,21.0,11.0,,,26.0,55.0,57.0,39.0,,31.0,24.0,46.0,30.0,57.0,63.0,24.0,36.0,57.0,19.0,23.0,44.0,60.0,14.0,,23.0,38.0,37.0,,29.0,54.0,19.0,36.0,12.0,17.0,,,11.0,28.0,37.0,,,23.0,30.0,23.0,52.0,33.0,17.0,26.0,30.0,61.0,51.0,42.0,47.0,24.0,18.0,,28.0,24.0,19.0,46.0,40.0,12.0,,34.0,19.0,18.0,27.0,25.0,20.0,14.0,28.0,26.0,,,24.0,18.0,65.0,23.0,18.0,18.0,49.0,64.0,28.0,,34.0,23.0,30.0,,29.0,49.0,32.0,,48.0,32.0,36.0,26.0,31.0,9.0,,37.0,56.0,25.0,,,48.0,17.0,19.0,,51.0,30.0,0.0,18.0,46.0,,,,40.0,51.0,30.0,21.0,,24.0,,9.0,42.0,18.0,,33.0,9.0,33.0,33.0,17.0,,38.0,,58.0,36.0,59.0,46.0,17.0,,,36.0,38.0,46.0,53.0,,31.0,64.0,58.0,52.0,56.0,22.0,56.0,46.0,,65.0,25.0,30.0,,46.0,41.0,25.0,55.0,60.0,,36.0,17.0,,,,,42.0,43.0,,,20.0,26.0,,26.0,36.0,41.0,0.0,,65.0,60.0,35.0,27.0,57.0,27.0,33.0,,44.0,40.0,40.0,32.0,39.0,32.0,35.0,48.0,25.0,,,,32.0,34.0,50.0,,21.0,51.0,,31.0,61.0,,22.0,58.0,49.0,,52.0,,47.0,12.0,29.0,11.0,,39.0,51.0,49.0,35.0,,,,27.0,26.0,50.0,26.0,,,29.0,52.0,39.0,,,31.0,42.0,62.0,,,20.0,26.0,42.0,26.0,32.0,21.0,14.0,29.0,17.0,31.0,41.0,45.0,38.0,36.0,45.0,24.0,59.0,,31.0,22.0,41.0,,,45.0,,18.0,52.0,27.0,35.0,15.0,27.0,42.0,12.0,29.0,13.0,14.0,15.0,30.0,31.0,,20.0,45.0,,,65.0,49.0,36.0,,40.0,24.0,55.0,,30.0,25.0,,34.0,49.0,18.0,,37.0,24.0,34.0,35.0,35.0,37.0,,31.0,,15.0,,,65.0,13.0,39.0,,46.0,41.0,11.0,49.0,38.0,,47.0,0.0,33.0,,,23.0,21.0,,24.0,,29.0,60.0,,63.0,25.0,23.0,43.0,48.0,38.0,44.0,,41.0,25.0,39.0,13.0,50.0,33.0,,56.0,39.0,20.0,31.0,,19.0,51.0,,59.0,33.0,21.0,42.0,,36.0,20.0,49.0,23.0,8.0,24.0,23.0,16.0,,24.0,,,52.0,53.0,33.0,,50.0,,62.0,18.0,12.0,40.0,46.0,33.0,41.0,56.0,39.0,15.0,22.0,16.0,26.0,30.0,26.0,,40.0,,42.0,14.0,22.0,44.0,40.0,47.0,,64.0,44.0,44.0,,,,15.0,44.0,38.0,30.0,18.0,33.0,46.0,60.0,20.0,58.0,,36.0,,49.0,11.0,19.0,8.0,15.0,34.0,64.0,,27.0,31.0,,,36.0,29.0,10.0,18.0,23.0,12.0,63.0,,5.0,,41.0,43.0,0.0,,30.0,36.0,45.0,43.0,,51.0,,32.0,13.0,43.0,39.0,33.0,,57.0,,,32.0,57.0,21.0,24.0,,33.0,25.0,38.0,,39.0,,,34.0,,51.0,35.0,,14.0,0.0,61.0,57.0,39.0,,43.0,55.0,38.0,27.0,18.0,,,13.0,,,43.0,,,54.0,33.0,45.0,,44.0,43.0,19.0,42.0,54.0,33.0,49.0,22.0,29.0,,23.0,,46.0,,6.0,48.0,,7.0,52.0,34.0,43.0,35.0,,,7.0,20.0,,22.0,11.0,59.0,20.0,36.0,28.0,49.0,25.0,55.0,65.0,,38.0,30.0,43.0,,34.0,47.0,16.0,0.0,18.0,35.0,51.0,34.0,30.0,,22.0,44.0,54.0,51.0,55.0,49.0,20.0,,,10.0,46.0,,30.0,61.0,28.0,38.0,41.0,22.0,,20.0,14.0,,32.0,,58.0,53.0,61.0,26.0,36.0,,39.0,44.0,14.0,37.0,,,,23.0,20.0,50.0,29.0,34.0,33.0,29.0,30.0,25.0,,12.0,20.0,52.0,40.0,,,61.0,36.0,27.0,50.0,35.0,49.0,16.0,45.0,38.0,18.0,,,47.0,,64.0,,,29.0,12.0,55.0,,25.0,,,26.0,45.0,23.0,18.0,26.0,46.0,50.0,21.0,,,25.0,,16.0,59.0,44.0,,38.0,,37.0,29.0,37.0,44.0,29.0,37.0,41.0,38.0,16.0,32.0,23.0,,42.0,,42.0,,28.0,,30.0,,16.0,53.0,,10.0,29.0,26.0,21.0,,33.0,31.0,25.0,22.0,,,32.0,64.0,22.0,23.0,12.0,16.0,53.0,28.0,46.0,29.0,20.0,14.0,40.0,,42.0,,,34.0,25.0,56.0,41.0,24.0,57.0,35.0,30.0,58.0,27.0,37.0,,46.0,42.0,30.0,32.0,,62.0,,32.0,,23.0,57.0,,42.0,18.0,14.0,27.0,54.0,19.0,44.0,46.0,34.0,,,55.0,,23.0,48.0,23.0,,,51.0,26.0,57.0,45.0,13.0,38.0,21.0,,,,,47.0,,63.0,,15.0,13.0,,,,44.0,19.0,50.0,14.0,18.0,43.0,59.0,63.0,33.0,15.0,,,,20.0,,53.0,,31.0,20.0,65.0,30.0,,25.0,43.0,19.0,24.0,46.0,51.0,23.0,,68,3,2.5090152565880723,18.456726649528704,-0.35572338990245456
6,3,7,11,8,4,10,11,3,6,4,8,9,9,10,10,0,9,28,15,8,11,9,14,11,17,15,9,5,10,15,11,12,9,10,8,14,13,12,7,19,34.0,4,14,10,7,18,15,15,19,8,13,12,15,14,16,9,12,10,13,12,8,27,16,18.0,14,9,11,11,0,9,13,17,12,16,12,6,16,17,7,16,9,9,9,16,17,16,8,19,9,13,6,29,14,9,14,17,12,16,8,17,19,17,18,12,15,13,22,2,10,11,17.0,4,19,45.0,15,21,23,15,15,12,14,12,14,11,16,14,13.0,18,13,16,16,28.0,12,23,22.0,15,24,9,17,12,4,17,18,16.0,38.0,13,13.0,16,12,11,11,18.0,11,17,2,17,34.0,15,22,21,18,8,17,20,47.0,11,23,10,0,13,36.0,10,16,14,28,16,15.0,17,17.0,17,17,14,18,20,33.0,17.0,15,18,49.0,44.0,16,19,16,16,17,19,13,11.0,16,14,44.0,0,17,15,20,22.0,24,19,7,14,,14,17,16,18,23,22,20,8.0,11.0,7,18,16,19.0,20,13,14,28.0,13,9.0,55.0,12,17,30.0,32,32,15,25.0,28.0,11,23,20,20,12,33.0,15,12,14,12,15,23,24.0,14.0,13,30.0,29.0,9.0,25.0,13,11.0,26,11,10,37.0,18.0,39.0,,25.0,11,23.0,2.0,14.0,15,25,18.0,19,27,15,21.0,,33.0,22,20.0,17,12,28.0,25.0,15,40.0,9.0,10,23,18.0,11,29.0,22.0,37.0,8,18,12.0,3,28,24,26,15,16,0,23,12,11,8,17,12.0,15.0,25,17,16,22.0,26.0,12,15,18,16.0,20,20.0,16,17,20,13,27,57.0,16,11.0,29,17,28.0,19,12,28,11.0,53.0,14,34.0,21.0,10.0,32.0,24.0,18,21.0,35,16,20,19.0,16,14.0,26.0,29,48.0,18.0,,23,13.0,11,26,28,13,17,20,11,19.0,21,36.0,19,14,17,19.0,10,61.0,23,51.0,21,17.0,20,19,30.0,45,21.0,51,22.0,12.0,18,31,6.0,33.0,24.0,33.0,,29,5.0,17.0,22,49.0,15,13,58.0,19.0,24,,21,13.0,13.0,16,20,12,23.0,17,21.0,31.0,28,,12,35.0,31,16,16,23.0,36.0,43,31,27,59.0,25.0,30,21,19.0,11,19.0,36.0,19.0,46.0,25.0,21.0,15.0,17.0,25.0,31.0,17,18,0.0,48.0,14.0,10.0,42.0,17.0,28.0,18.0,20,26,28.0,32.0,12,22.0,9.0,18.0,46.0,22.0,42.0,36,36,21.0,45.0,,14.0,23,,30.0,28.0,32,17,49,14.0,,24.0,12.0,27,10,19.0,33.0,7,50.0,31.0,22,44.0,,13.0,28,41.0,43,19.0,35.0,8.0,25,17.0,4,,14,9,45.0,46.0,56.0,15.0,20,13,42,10.0,37,25.0,32,14,27.0,0,15,23.0,14.0,21,16,32.0,21.0,32.0,17.0,35.0,31.0,19,44.0,9,20,42.0,32.0,30.0,47.0,21.0,44.0,12,15,8.0,8.0,24.0,38.0,45.0,61.0,10,33.0,15,52.0,39.0,,17.0,31,7.0,0,2.0,7.0,,44,35.0,,32.0,22,13,37.0,34.0,23.0,38.0,31.0,19.0,17.0,58.0,43.0,22.0,19.0,28.0,32,45,20.0,22.0,10.0,13,52,16,25,40.0,24.0,15,17,10.0,,24,27.0,21.0,50.0,22,18.0,,31.0,15,14.0,20.0,29.0,32.0,23.0,54.0,18,16.0,18,30.0,15,24,26,17.0,20.0,20.0,47.0,43.0,54.0,15.0,15.0,19.0,33.0,,12,25.0,16.0,21,44.0,50.0,27.0,0.0,21,22.0,11.0,19.0,24,15,12.0,28,47.0,13.0,22.0,35.0,14,44.0,11,28,22.0,19,24.0,20,25.0,,32.0,32,21,38.0,3.0,24,32.0,18,15.0,8,,27.0,32.0,,15.0,6.0,15,39.0,36.0,34.0,31.0,,38.0,26.0,17,23,23.0,19,14,14,30.0,35.0,21.0,39.0,14.0,10.0,47,27.0,30.0,52.0,51,,48.0,31.0,20.0,49.0,20,14.0,30.0,15.0,32.0,31.0,60.0,21.0,31,10.0,29.0,36.0,19.0,11.0,25.0,20.0,31,30.0,,24.0,30.0,16,18,,,18,24.0,24.0,19.0,30,22.0,9.0,33.0,2.0,23,59.0,37.0,24.0,,22.0,18.0,26.0,57.0,22.0,22,17,32.0,14.0,28.0,20.0,27.0,38.0,,35.0,27.0,43.0,21,18,18.0,26,27.0,28.0,7.0,16.0,15,10,29.0,15.0,11.0,11.0,17.0,23.0,,60.0,14.0,17,28.0,44.0,42.0,38.0,22.0,23.0,27,19.0,16.0,22.0,3,25.0,7.0,30.0,22.0,15.0,0.0,38,0.0,39,,33.0,35.0,35.0,25.0,16.0,18.0,21.0,7.0,32.0,16.0,34.0,22.0,21.0,21.0,22.0,,,17.0,25.0,21.0,35,24.0,16.0,8,12.0,27.0,20,31.0,,36.0,22,25,24,,25.0,,,30.0,12.0,28.0,10.0,42.0,14,33.0,16,21.0,18,29,15.0,27,22.0,,13.0,14.0,25,16.0,12.0,46.0,15.0,30.0,11.0,16,31.0,19,49.0,27.0,29.0,36,23.0,16,34,40.0,30.0,9.0,18,31.0,28.0,22,34.0,,30.0,14.0,16.0,19.0,,40.0,12,11.0,25.0,15.0,43.0,24.0,52.0,18.0,39.0,22,40.0,19,17.0,29.0,19.0,19.0,26,27,22.0,15.0,60.0,25.0,17.0,17.0,,19.0,,20,15.0,13.0,32,5,19.0,49.0,30,44.0,45.0,25,22.0,53,18,43,43.0,19.0,,39.0,12.0,8.0,39.0,51.0,17.0,28.0,21.0,31.0,14.0,30.0,14.0,22.0,46.0,39.0,27.0,16.0,,21.0,30.0,36.0,40.0,17.0,,51.0,19.0,21.0,,21.0,15.0,25.0,32.0,,19.0,42.0,49.0,16.0,16.0,,21.0,21.0,56.0,17.0,23.0,41.0,19,,21.0,20.0,27,18.0,8.0,,20.0,39.0,24.0,31.0,15.0,12.0,15.0,13.0,22.0,21.0,46.0,27.0,25.0,29.0,28.0,27.0,37.0,17.0,15.0,33.0,44.0,31.0,28.0,,35.0,17,27.0,36.0,,32,16.0,44.0,37.0,18.0,35.0,24.0,31.0,26.0,,5,21.0,14.0,5.0,20.0,38.0,,20,19,14.0,17.0,33.0,37.0,,29.0,24,45,33.0,42.0,,,51.0,25.0,25.0,21.0,49.0,5.0,,42.0,23.0,30.0,,32.0,14,23.0,29.0,29.0,28.0,31.0,13,29.0,43,16.0,21,31.0,,36.0,50.0,31.0,27.0,14.0,30.0,32.0,26.0,55.0,29.0,14,18.0,22.0,31.0,,40.0,22,,39.0,44.0,23.0,34.0,34.0,32.0,48.0,54.0,28,17,56.0,,42.0,12.0,37.0,25.0,,20.0,22,26.0,33.0,21.0,28.0,28.0,23.0,44.0,27.0,23,15.0,26.0,24.0,19,39,32.0,17.0,15.0,28.0,23.0,,60.0,54.0,19.0,33.0,,15.0,29.0,7.0,,17,15.0,13.0,46.0,41.0,,23,,22.0,0,14.0,36.0,51.0,44.0,,,11.0,18.0,17.0,43.0,28.0,9,18.0,,12.0,28.0,27,13.0,43.0,20.0,10.0,41.0,25.0,39.0,7.0,10.0,16.0,11.0,44.0,29.0,44,19,,4.0,33.0,11.0,17.0,22,30,58.0,53.0,40.0,26.0,30.0,15.0,28.0,31.0,42.0,21.0,,,18.0,14.0,35.0,19,30,39.0,20.0,30.0,10.0,27.0,22,27.0,21.0,46.0,30.0,26.0,18.0,27.0,30.0,13.0,6.0,25.0,32.0,20.0,10.0,32.0,15,31.0,20.0,37,25.0,30.0,24.0,54.0,,39.0,51.0,,31.0,52.0,44.0,,6.0,,13.0,37.0,32.0,20.0,58.0,37.0,14.0,14.0,33.0,36.0,,43.0,43.0,28.0,,24.0,39.0,30.0,28.0,,44.0,27.0,43.0,52.0,16.0,16.0,26.0,25.0,54.0,29.0,44.0,23.0,46.0,43.0,16.0,46.0,13.0,40.0,,43.0,22.0,24.0,46.0,11.0,4.0,58.0,57.0,38,17.0,16.0,17.0,,36.0,47.0,44.0,26.0,59.0,29.0,21.0,21.0,59.0,40.0,19.0,40.0,52.0,51.0,39.0,7.0,42.0,39.0,33.0,33.0,39.0,22.0,,,,47.0,37.0,31.0,23.0,27.0,22.0,18.0,,,15.0,42.0,37.0,33.0,24.0,61.0,28.0,,8,,42.0,48.0,26.0,44.0,39.0,11.0,44.0,,23,24.0,21.0,,26.0,16.0,18.0,40.0,26.0,30.0,46.0,19.0,52.0,52.0,50.0,,28.0,34,35.0,26.0,56.0,53.0,22.0,14.0,14.0,22.0,52.0,,,27.0,49.0,46.0,22.0,34.0,35.0,39.0,53.0,43.0,,28.0,22.0,39.0,30,39,20.0,44.0,9.0,32.0,36.0,29.0,12.0,39.0,56.0,,,8.0,32.0,51.0,54.0,,28.0,48.0,26.0,40.0,17.0,,43.0,17.0,,51.0,26.0,50.0,45.0,37.0,,38.0,,20.0,0.0,40.0,28.0,33.0,30.0,9.0,36.0,,10.0,29.0,21.0,6.0,48.0,16.0,26,19.0,14.0,27.0,43.0,21,38.0,25.0,51.0,20.0,59.0,50.0,41.0,45.0,10,26.0,14.0,20.0,,14.0,28.0,30.0,36,38.0,35.0,23.0,25.0,0,45.0,17.0,59.0,47.0,,10.0,14.0,8.0,16.0,,27.0,53.0,36.0,28.0,50.0,29.0,31.0,,25.0,31.0,4.0,,37.0,28.0,31,32.0,,8.0,13.0,35.0,17.0,16.0,16.0,50.0,35.0,,33.0,9.0,31,9.0,53.0,32.0,43.0,7.0,,36.0,42.0,31.0,43.0,45.0,48.0,,24.0,18.0,26.0,17.0,,38.0,22.0,,21.0,7.0,43.0,,47.0,13.0,35.0,44.0,31.0,41.0,26.0,38.0,,4.0,26.0,0.0,38.0,24.0,25.0,13.0,20.0,7.0,,17.0,26.0,33.0,15.0,,15.0,,42.0,37.0,20.0,,,,48.0,11.0,11.0,5.0,8.0,8.0,,46.0,18.0,12.0,34.0,20.0,17,32.0,40.0,,50.0,25.0,,46.0,,,34.0,11.0,58.0,24.0,,37.0,31.0,27.0,24.0,24.0,,21.0,,10.0,25.0,20.0,0.0,8.0,42.0,21.0,,17.0,40.0,,21.0,45.0,28.0,41.0,41.0,26.0,18.0,11.0,19.0,51.0,17.0,52.0,,,,24.0,13.0,10.0,34.0,18.0,49.0,24.0,18.0,29.0,21.0,30.0,21.0,37.0,61.0,41.0,22.0,58.0,44.0,39.0,26.0,20.0,52.0,39.0,49.0,25.0,48.0,,28.0,58.0,,23.0,49.0,10.0,29.0,54.0,36.0,27.0,26.0,,53.0,58.0,46.0,34.0,21.0,,38.0,21.0,25.0,,47.0,33.0,29.0,50.0,24.0,4.0,,,25.0,,18.0,34.0,20.0,23.0,42.0,33.0,37.0,19.0,37.0,8.0,23.0,22.0,,10.0,,20.0,25.0,24.0,53.0,41.0,,38,23.0,25.0,16.0,14.0,43.0,53.0,14.0,27.0,0.0,42.0,30,16.0,,41.0,31.0,29.0,,43.0,36.0,25,,22.0,27.0,,18.0,,44.0,18.0,,61.0,19.0,28.0,52.0,35.0,,34.0,29.0,10.0,25.0,25.0,51.0,19.0,19.0,61.0,18.0,26.0,22.0,,35.0,45.0,,,46.0,55.0,34.0,19.0,21.0,58.0,49.0,0.0,32.0,,,17.0,11.0,40.0,,,12.0,27.0,17.0,,48.0,33.0,,15.0,19.0,,53.0,46.0,33.0,21.0,16.0,15.0,31.0,49.0,,32.0,48.0,40.0,27.0,43.0,,22.0,39.0,,19.0,40.0,39.0,28.0,20.0,55.0,61.0,43.0,18.0,61.0,48.0,,20.0,,9.0,52.0,22.0,42.0,49.0,59.0,,41.0,18.0,17.0,11.0,37.0,,33.0,31.0,42.0,,44.0,40,21.0,24.0,,,17.0,0.0,32.0,,,31.0,58.0,34.0,36.0,13.0,11.0,24.0,37.0,22.0,18.0,36.0,31.0,46.0,44.0,,45.0,28.0,49.0,13.0,16.0,,24.0,20.0,,29.0,13.0,52.0,19.0,23.0,22.0,,42.0,29.0,6.0,43.0,28.0,29.0,24.0,19.0,55.0,30.0,33.0,5.0,25.0,38.0,14.0,22.0,52.0,56.0,14.0,23.0,29.0,20.0,39.0,49.0,,,,40.0,,33.0,38.0,16.0,,,24.0,50.0,30.0,10.0,48.0,12,41.0,8.0,15,6.0,56.0,53.0,44.0,,38.0,57.0,14.0,21.0,21.0,27.0,,60.0,,37.0,42.0,49.0,16.0,,52.0,,37.0,26.0,16.0,,,26.0,39.0,13.0,,33.0,,52.0,42.0,,19.0,,47.0,23.0,,55.0,19.0,35.0,19.0,24.0,18.0,23.0,19.0,6.0,22.0,27.0,45.0,38.0,45.0,47.0,40.0,12.0,15.0,39.0,13.0,26.0,54.0,53.0,24.0,24.0,57.0,13.0,35.0,15.0,41.0,60.0,30.0,26.0,,53.0,52.0,,,57.0,24.0,57.0,38.0,36.0,31.0,17.0,18.0,36.0,,,42.0,,41.0,51.0,14.0,43.0,26.0,37.0,16.0,49.0,30.0,,21.0,23.0,0.0,,52.0,17.0,31.0,24.0,54.0,0.0,30.0,39.0,35.0,,32.0,,30.0,29.0,,28.0,38.0,0.0,,16.0,0.0,9.0,22.0,14.0,19.0,41.0,59.0,39.0,25.0,31.0,27.0,,49.0,20.0,45.0,11.0,15.0,13.0,24.0,28.0,40.0,16.0,39.0,50.0,38.0,61.0,21.0,38.0,13.0,18.0,25.0,20.0,58.0,10.0,58.0,,41.0,35.0,59.0,8.0,10.0,18.0,20.0,36.0,16.0,44.0,,8.0,46.0,,30.0,20.0,35.0,,58.0,19.0,20.0,36.0,,44.0,,17.0,,,11.0,61.0,9.0,44.0,11.0,28.0,57.0,22.0,35.0,47.0,10.0,,,57.0,,33.0,2.0,49.0,31.0,13.0,28.0,36.0,1.0,17.0,,28.0,55.0,57.0,,25.0,47.0,39.0,,22.0,36.0,13.0,,,21.0,,8.0,36.0,14.0,39.0,,14.0,13.0,51.0,12.0,31.0,35.0,,45.0,,,32.0,43.0,20.0,,53.0,44.0,25.0,46.0,50.0,,25.0,39.0,23.0,,17.0,30.0,,45.0,,39.0,57.0,31.0,13.0,40.0,18.0,45.0,,25.0,10.0,44.0,24.0,29.0,,,18.0,45.0,6.0,,28.0,31.0,49.0,25.0,35.0,,13.0,30.0,22.0,58.0,31.0,31.0,,59.0,23.0,58.0,51.0,18.0,5.0,40.0,55.0,28.0,,58.0,,15.0,60.0,,33.0,,24.0,37.0,,40.0,35.0,6.0,,16.0,,48.0,14.0,12.0,21.0,14.0,,27.0,18.0,48.0,33.0,16.0,35.0,57.0,53.0,28.0,25.0,,47.0,25.0,26.0,36.0,21.0,7.0,43.0,54.0,17.0,,,,16.0,,16.0,30.0,10.0,,9.0,18.0,,25.0,22.0,54.0,35.0,34.0,23.0,26.0,46.0,30.0,44.0,26.0,45.0,18.0,46.0,,42.0,,,14.0,17.0,28.0,,20.0,,17.0,,32.0,,37.0,36.0,,30.0,9.0,5.0,49.0,31.0,,33.0,61.0,12.0,13.0,23.0,18.0,,38.0,61.0,,34.0,,42.0,61.0,21.0,,,28.0,,32.0,,,47.0,,40.0,29.0,37.0,45.0,,16.0,41.0,17.0,,36.0,10.0,29.0,38.0,,,39.0,,,42.0,,,,,39.0,,20.0,21.0,30.0,,43.0,,15.0,24.0,,22.0,37.0,21.0,24.0,,52.0,,15.0,,21.0,60.0,25.0,,43.0,23.0,32.0,19.0,9.0,17.0,,27.0,50.0,42.0,22.0,57.0,44.0,21.0,27.0,51.0,16.0,18.0,,41.0,54.0,23.0,22.0,31.0,17.0,21.0,,30.0,48.0,,,23.0,34.0,10.0,,36.0,,24.0,58.0,,,47.0,53.0,,,28.0,33.0,,58.0,41.0,41.0,44.0,5.0,28.0,26.0,,56.0,14.0,23.0,25.0,50.0,39.0,35.0,30.0,43.0,44.0,19.0,20.0,28.0,19.0,11.0,,16.0,53.0,29.0,57.0,26.0,23.0,,28.0,32.0,0.0,27.0,31.0,13.0,19.0,,33.0,,25.0,47.0,49.0,,36.0,21.0,,9.0,15.0,,,6.0,21.0,9.0,,,25.0,21.0,40.0,,52.0,0.0,15.0,0.0,,,,44.0,23.0,11.0,,38.0,38.0,17.0,26.0,22.0,29.0,27.0,,9.0,14.0,40.0,37.0,,23.0,43.0,,29.0,0.0,,,32.0,18.0,,21.0,26.0,32.0,31.0,30.0,34.0,33.0,7.0,,60.0,36.0,,33.0,31.0,22.0,21.0,29.0,47.0,30.0,44.0,22.0,34.0,18.0,26.0,34.0,,18.0,,35.0,50.0,,52.0,19.0,37.0,49.0,41.0,,,7.0,18.0,33.0,12.0,25.0,38.0,38.0,36.0,,29.0,,,34.0,28.0,12.0,33.0,,53.0,35.0,46.0,58.0,53.0,49.0,33.0,,,27.0,51.0,11.0,30.0,50.0,,10.0,27.0,12.0,,56.0,22.0,,17.0,13.0,45.0,,35.0,8.0,29.0,13.0,37.0,0.0,,41.0,40.0,31.0,57.0,9.0,60.0,,37.0,34.0,48.0,,21.0,28.0,34.0,34.0,50.0,37.0,34.0,57.0,56.0,30.0,56.0,24.0,20.0,21.0,30.0,22.0,,28.0,,8.0,27.0,,48.0,16.0,,45.0,,52.0,44.0,28.0,,,42.0,25.0,31.0,18.0,38.0,,46.0,30.0,25.0,41.0,,37.0,51.0,10.0,,10.0,37.0,,16.0,53.0,,31.0,29.0,,14.0,17.0,55.0,61.0,,18.0,27.0,,,52.0,50.0,55.0,39.0,47.0,23.0,,17.0,54.0,50.0,15.0,23.0,30.0,46.0,28.0,27.0,35.0,61.0,,58.0,0.0,46.0,11.0,59.0,52.0,11.0,25.0,,,37.0,,,27.0,,45.0,29.0,27.0,31.0,55.0,,,,,9.0,8.0,,,8.0,,37.0,17.0,27.0,,52.0,21.0,,,25.0,43.0,,28.0,,10.0,19.0,30.0,10.0,34.0,55.0,,,47.0,49.0,25.0,,43.0,26.0,55.0,12.0,47.0,37.0,60.0,43.0,47.0,44.0,18.0,45.0,24.0,,16.0,40.0,13.0,,,14.0,35.0,30.0,42.0,59.0,49.0,,36.0,,39.0,29.0,16.0,47.0,44.0,40.0,33.0,10.0,21.0,35.0,26.0,,,57.0,5.0,,19.0,29.0,12.0,31.0,42.0,47.0,38.0,59.0,41.0,,27.0,,30.0,,60.0,34.0,,16.0,,22.0,,31.0,29.0,,27.0,,47.0,57.0,,17.0,12.0,30.0,11.0,21.0,18.0,57.0,24.0,29.0,32.0,58.0,,18.0,22.0,,10.0,35.0,41.0,,,60.0,17.0,51.0,30.0,,33.0,38.0,19.0,,40.0,43.0,,23.0,,41.0,,12.0,,30.0,,13.0,,14.0,30.0,44.0,18.0,,,1.0,0.0,27.0,40.0,60.0,,36.0,,,4.0,,19.0,51.0,45.0,,,43.0,,25.0,,34.0,,29.0,20.0,,,,34.0,19.0,28.0,,22.0,44.0,15.0,48.0,39.0,52.0,,7.0,,48.0,22.0,37.0,32.0,35.0,48.0,,13.0,48.0,,,27.0,,28.0,,,19.0,41.0,,38.0,21.0,,58.0,,17.0,29.0,8.0,60.0,44.0,10.0,38.0,,,23.0,49.0,48.0,,28.0,42.0,21.0,,50.0,,49.0,26.0,18.0,,43.0,59.0,50.0,24.0,22.0,18.0,24.0,30.0,23.0,16.0,36.0,,28.0,5.0,,45.0,61.0,15.0,40.0,39.0,37.0,29.0,58.0,,27.0,58.0,53.0,69,3,2.4008097165991904,18.341027120600117,-0.339347585801601
2,3,7,7,3,3,4,5,9,10,7,8,11,4,9,8,0,7,18,32,8,11,8,10,5,16,13,6,6,10,12,9,8,9,12,6,11,8,14,5,16,32.0,10,13,7,3,15,2,12,19,7,12,3,8,20,13,13,6,4,11,12,8,15,9,15.0,13,12,3,5,8,10,13,13,8,13,11,11,18,12,0,19,11,8,7,14,22,13,10,13,14,7,12,7,17,18,12,9,21,12,9,5,11,14,17,12,9,14,18,1,11,17,,15,22,27.0,11,14,15,11,21,10,14,7,14,8,14,13,7.0,11,12,21,15,14.0,8,9,27.0,13,11,5,15,6,9,28,23,17.0,17.0,8,12.0,20,13,8,10,16.0,11,16,16,15,41.0,19,22,22,11,15,16,15,11.0,16,21,12,3,19,15.0,6,35,14,22,16,21.0,24,19.0,16,14,18,21,14,19.0,34.0,22,18,39.0,10.0,13,9,12,21,17,9,11,25.0,28,26,36.0,17,17,12,15,45.0,3,5,5,14,55.0,8,24,16,26,13,5,11,26.0,36.0,20,12,14,8.0,15,17,16,,11,0.0,40.0,12,17,,16,4,5,37.0,24.0,18,16,11,18,13,31.0,15,15,16,10,13,29,,31.0,19,23.0,7.0,18.0,21.0,27,30.0,20,19,33,16.0,48.0,25.0,16.0,30.0,14,35.0,31.0,30.0,18,20,0.0,3,17,18,35.0,14.0,27.0,11,16.0,13,19,14.0,21.0,18,,12.0,20,17,21.0,26,12.0,16.0,30.0,18,18,29.0,20,16,25,0,13,23,6,27,7,17,12,12,18.0,31.0,9,15,9,23.0,10.0,11,29,11,11.0,26,48.0,6,14,16,10,15,53.0,12,27.0,22,28,25.0,13,12,16,21.0,28.0,8,,15.0,22.0,38.0,7.0,12,6.0,6,15,11,22.0,9,,9.0,16,29.0,20.0,,7,22.0,10,13,14,9,19,22,9,22.0,15,39.0,19,23,16,,9,14.0,16,13.0,15,35.0,26,23,36.0,30,23.0,33,40.0,7.0,16,24,36.0,13.0,9.0,16.0,17.0,25,23.0,28.0,20,,15,18,23.0,14.0,13,14.0,20,11.0,,16,19,18,26.0,18,29.0,,16,17.0,21,25.0,26,27,21,55.0,28.0,21,27,26,34.0,27.0,10,12,40.0,13,9.0,26.0,24.0,25.0,28.0,8.0,31.0,20.0,33.0,,22,20,21.0,44.0,31.0,12.0,,25.0,,29.0,5,16,13.0,17.0,15,22.0,12.0,20.0,14.0,24.0,,19,17,53.0,14.0,13.0,13.0,38,5.0,15.0,0.0,10,10,14,31.0,,14.0,18.0,16,16,16.0,41.0,40,10.0,19.0,20,23.0,46.0,9.0,8,20.0,14,25.0,21.0,13.0,11,34.0,15,16.0,13,12,31.0,25.0,14.0,11.0,22,15,11,19.0,23,18.0,34,22,22.0,20,10,29.0,20.0,0,19,27.0,12.0,44.0,31.0,26.0,11.0,25,29.0,24,18,17.0,22.0,21.0,,18.0,33.0,21,12,39.0,,12.0,49.0,6.0,34.0,19,26.0,8,36.0,9.0,37.0,18.0,33,9.0,17,21.0,18.0,25.0,28,18.0,,,26,25,58.0,20.0,17.0,17.0,,18.0,47.0,23.0,14.0,45.0,37.0,24.0,16,27,52.0,,22.0,20,32,18,17,25.0,58.0,18,6,6.0,15.0,10,22.0,19.0,23.0,21,,22.0,15.0,25,12.0,31.0,20.0,54.0,0.0,14.0,19,14.0,16,35.0,14,26,17,,45.0,18.0,4.0,28.0,,47.0,35.0,58.0,31.0,9.0,15,28.0,,20,17.0,43.0,11.0,18.0,14,36.0,,44.0,12,15,,18,12.0,18.0,13.0,,20,,15,21,13.0,19,,17,0.0,9.0,16.0,28,22,21.0,29.0,17,23.0,27,9.0,13,28.0,6.0,15.0,38.0,19.0,23.0,31,22.0,5.0,51.0,19.0,49.0,51.0,35.0,15,7,19.0,20,9,12,32.0,42.0,6.0,31.0,0.0,22.0,27,17.0,17.0,18.0,19,21.0,39.0,0.0,8.0,39.0,24,44.0,44.0,28.0,,11.0,35.0,19.0,30,,51.0,,,19.0,17.0,25.0,1,31.0,15.0,26.0,16.0,16,16,,16.0,16,25.0,,36.0,26,21.0,12.0,12.0,,12,31.0,12.0,21.0,,56.0,22.0,13.0,38.0,7.0,14,5,30.0,29.0,41.0,19.0,28.0,26.0,18.0,33.0,22.0,41.0,25,20,41.0,16,11.0,23.0,29.0,20.0,20,33,35.0,19.0,24.0,32.0,47.0,24.0,29.0,35.0,6.0,23,21.0,38.0,,30.0,36.0,6.0,19,18.0,16.0,30.0,25,34.0,16.0,31.0,32.0,26.0,15.0,18,26.0,46,,15.0,34.0,,29.0,39.0,39.0,35.0,25.0,33.0,30.0,37.0,13.0,,,38.0,,39.0,16.0,19.0,,22,31.0,,13,56.0,30.0,19,27.0,34.0,37.0,22,24,17,42.0,23.0,51.0,28.0,17.0,25.0,15.0,44.0,32.0,17,14.0,22,12.0,21,33,7.0,21,,,20.0,50.0,25,,35.0,25.0,25.0,0.0,52.0,13,,20,21.0,4.0,30.0,45,25.0,17,20,47.0,13.0,26.0,23,28.0,,20,23.0,10.0,25.0,15.0,47.0,10.0,55.0,21.0,19,45.0,23.0,27.0,8.0,49.0,16.0,28.0,28.0,20,26.0,10,48.0,12.0,29.0,37.0,20,16,15.0,9.0,,40.0,15.0,21.0,27.0,47.0,20.0,24,34.0,11.0,42,15,52.0,,22,11.0,24.0,1,14.0,19,11,20,21.0,38.0,,15.0,52.0,11.0,11.0,52.0,36.0,25.0,23.0,14.0,5.0,52.0,27.0,,21.0,22.0,31.0,22.0,29.0,22.0,,6.0,10.0,41.0,25.0,28.0,12.0,21.0,,25.0,13.0,30.0,56.0,50.0,27.0,19.0,23.0,21.0,43.0,38.0,25.0,14.0,20.0,26.0,46.0,36.0,19,8.0,,21.0,43,21.0,55.0,10.0,21.0,29.0,,33.0,14.0,18.0,28.0,27.0,,36.0,,10.0,,15.0,0.0,23.0,45.0,37.0,20.0,50.0,16.0,26.0,26.0,47.0,26.0,15,34.0,29.0,10.0,32,16.0,24.0,7.0,29.0,8.0,37.0,16.0,27.0,28.0,29,14.0,30.0,35.0,8.0,24.0,,24,16,30.0,46.0,24.0,20.0,32.0,25.0,1,25,18.0,30.0,26.0,39.0,55.0,30.0,35.0,16.0,33.0,24.0,41.0,16.0,36.0,31.0,31.0,25.0,13,21.0,36.0,22.0,10.0,57.0,32,9.0,20,26.0,19,14.0,54.0,31.0,15.0,,17.0,23.0,35.0,32.0,11.0,17.0,20.0,26,16.0,48.0,24.0,36.0,15.0,4,36.0,35.0,26.0,20.0,35.0,8.0,,34.0,28.0,23,21,15.0,26.0,18.0,11.0,,16.0,44.0,30.0,20,,48.0,13.0,13.0,15.0,12.0,11.0,27.0,21,24.0,15.0,37.0,16,7,58.0,0.0,12.0,48.0,9.0,25.0,13.0,33.0,17.0,23.0,17.0,41.0,5.0,52.0,40.0,27,12.0,36.0,39.0,29.0,8.0,24,7.0,24.0,16,31.0,31.0,,15.0,,38.0,22.0,31.0,46.0,7.0,,7,29.0,17.0,13.0,,25,9.0,13.0,2.0,13.0,21.0,38.0,16.0,35.0,29.0,19.0,20.0,20.0,25.0,29,10,24.0,28.0,15.0,17.0,,29,14,32.0,17.0,39.0,17.0,23.0,14.0,11.0,13.0,41.0,33.0,48.0,,,,11.0,18,20,20.0,36.0,30.0,13.0,21.0,16,45.0,8.0,,25.0,0.0,24.0,25.0,14.0,44.0,31.0,,43.0,29.0,39.0,,12,51.0,33.0,17,47.0,,15.0,15.0,27.0,51.0,29.0,28.0,42.0,52.0,28.0,50.0,16.0,39.0,34.0,54.0,30.0,41.0,36.0,,46.0,,26.0,34.0,45.0,25.0,19.0,32.0,,48.0,25.0,12.0,,,24.0,16.0,55.0,45.0,,26.0,19.0,33.0,7.0,26.0,44.0,34.0,,,55.0,14.0,,,22.0,45.0,12.0,,,52.0,20.0,9.0,,18,37.0,18.0,20.0,24.0,17.0,17.0,14.0,44.0,57.0,35.0,,22.0,,23.0,39.0,15.0,,47.0,24.0,45.0,12.0,,52.0,45.0,36.0,35.0,21.0,35.0,40.0,24.0,27.0,12.0,29.0,21.0,32.0,21.0,,18.0,54.0,19.0,28.0,19.0,26.0,21.0,50.0,14.0,18,26.0,28.0,11.0,41.0,30.0,,19.0,,58.0,31,21.0,40.0,28.0,53.0,15.0,27.0,21.0,18.0,11.0,,17.0,21.0,,30.0,29.0,34.0,18,49.0,22.0,22.0,22.0,46.0,16.0,11.0,10.0,31.0,34.0,41.0,31.0,44.0,36.0,36.0,16.0,0.0,,29.0,56.0,,19.0,35.0,17.0,14,14,23.0,55.0,26.0,15.0,,40.0,11.0,16.0,20.0,14.0,40.0,42.0,40.0,26.0,40.0,26.0,47.0,18.0,5.0,52.0,20.0,46.0,23.0,56.0,20.0,27.0,12.0,15.0,29.0,,17.0,22.0,7.0,,,,10.0,,37.0,11.0,45.0,44.0,28.0,13.0,15.0,14.0,21.0,19.0,26,31.0,15.0,27.0,17.0,26,18.0,22.0,58.0,46.0,13.0,23.0,19.0,,22,26.0,36.0,37.0,49.0,12.0,22.0,28.0,5,27.0,19.0,19.0,19.0,18,38.0,44.0,17.0,20.0,,20.0,11.0,41.0,17.0,23.0,14.0,23.0,17.0,22.0,25.0,34.0,30.0,23.0,0.0,,58.0,4.0,36.0,27.0,23,38.0,21.0,17.0,14.0,44.0,31.0,12.0,25.0,18.0,18.0,34.0,6.0,10.0,15,21.0,45.0,44.0,18.0,31.0,21.0,,19.0,28.0,27.0,28.0,32.0,,10.0,28.0,13.0,43.0,,13.0,27.0,24.0,57.0,32.0,0.0,25.0,19.0,22.0,27.0,15.0,39.0,21.0,54.0,24.0,15.0,20.0,14.0,17.0,35.0,48.0,20.0,50.0,,8.0,27.0,16.0,42.0,32.0,25.0,38.0,12.0,53.0,50.0,30.0,,39.0,16.0,24.0,,,14.0,33.0,43.0,25.0,,47.0,39.0,12.0,53.0,33.0,19,25.0,33.0,19.0,25.0,,31.0,30.0,29.0,41.0,49.0,29.0,44.0,34.0,25.0,,,16.0,23.0,21.0,,22.0,,52.0,43.0,36.0,,16.0,58.0,17.0,48.0,47.0,35.0,28.0,32.0,4.0,24.0,19.0,58.0,41.0,23.0,11.0,22.0,26.0,10.0,57.0,55.0,33.0,27.0,53.0,9.0,40.0,45.0,,44.0,,16.0,58.0,50.0,21.0,45.0,35.0,44.0,33.0,29.0,42.0,57.0,19.0,24.0,28.0,24.0,14.0,43.0,16.0,9.0,17.0,24.0,,19.0,21.0,38.0,25.0,31.0,,13.0,,18.0,10.0,,47.0,,36.0,34.0,42.0,22.0,25.0,25.0,,42.0,,28.0,,50.0,31.0,25.0,21.0,23.0,34.0,38.0,26.0,22.0,28.0,10.0,43.0,14.0,32.0,19.0,32.0,,28.0,33.0,13.0,51.0,17.0,,18.0,52.0,24.0,20.0,13,23.0,,41.0,20.0,45.0,16.0,,,37.0,,40,10.0,13.0,9.0,43.0,52.0,,30.0,15.0,12,19.0,21.0,14.0,,19.0,,35.0,58.0,12.0,30.0,,26.0,20.0,17.0,9.0,49.0,40.0,,46.0,36.0,21.0,18.0,,,11.0,17.0,17.0,25.0,42.0,41.0,19.0,39.0,27.0,21.0,,32.0,15.0,16.0,36.0,0.0,18.0,26.0,,0.0,33.0,,42.0,22.0,20.0,19.0,29.0,44.0,,,53.0,26.0,24.0,21.0,,52.0,27.0,40.0,,49.0,,36.0,23.0,43.0,31.0,39.0,28.0,34.0,39.0,,58.0,13.0,,38.0,53.0,,20.0,,27.0,33.0,13.0,16.0,,25.0,,28.0,13.0,33.0,32.0,,21.0,,22.0,6.0,9.0,38.0,8.0,,,26.0,,33.0,44.0,48.0,16,,47.0,50.0,,,24.0,45.0,29.0,8.0,20.0,19.0,48.0,44.0,18.0,43.0,17.0,20.0,32.0,40.0,19.0,29.0,13.0,32.0,34.0,,11.0,22.0,22.0,21.0,5.0,13.0,13.0,30.0,28.0,,24.0,23.0,11.0,19.0,16.0,31.0,12.0,23.0,56.0,35.0,38.0,36.0,41.0,48.0,55.0,18.0,3.0,18.0,9.0,,44.0,14.0,,51.0,14.0,18.0,37.0,32.0,39.0,29.0,29.0,49.0,55.0,47.0,19.0,0.0,28.0,56.0,37.0,24.0,15.0,29.0,24.0,,21,34.0,21.0,18,,56.0,24.0,25.0,22.0,11.0,,,26.0,,28.0,24.0,53.0,25.0,42.0,49.0,26.0,19.0,,38.0,,15.0,39.0,24.0,,35.0,13.0,16.0,18.0,39.0,19.0,47.0,33.0,13.0,38.0,,25.0,,,17.0,,44.0,25.0,,42.0,46.0,47.0,19.0,15.0,32.0,22.0,25.0,37.0,58.0,26.0,27.0,30.0,35.0,37.0,31.0,23.0,30.0,30.0,23.0,21.0,31.0,38.0,,12.0,34.0,0.0,32.0,54.0,50.0,23.0,,51.0,,,37.0,19.0,19.0,32.0,39.0,10.0,14.0,,37.0,16.0,58.0,10.0,48.0,,33.0,32.0,23.0,27.0,37.0,,,13.0,44.0,4.0,,54.0,12.0,30.0,12.0,54.0,20.0,17.0,36.0,37.0,38.0,11.0,25.0,15.0,39.0,21.0,,57.0,41.0,,,37.0,,12.0,16.0,20.0,48.0,10.0,35.0,29.0,16.0,15.0,41.0,,,24.0,11.0,19.0,27.0,,,42.0,,13.0,10.0,21.0,33.0,48.0,,25.0,33.0,23.0,,15.0,30.0,28.0,,,21.0,11.0,26.0,10.0,40.0,32.0,20.0,23.0,48.0,27.0,18.0,39.0,14.0,14.0,28.0,23.0,,18.0,43.0,,35.0,22.0,,15.0,12.0,33.0,,,42.0,,48.0,39.0,26.0,23.0,50.0,,14.0,40.0,44.0,,43.0,8.0,16.0,14.0,36.0,,15.0,38.0,34.0,29.0,36.0,37.0,25.0,47.0,26.0,31.0,46.0,,30.0,38.0,39.0,36.0,25.0,12.0,40.0,18.0,34.0,,57.0,26.0,19.0,24.0,36.0,20.0,9.0,48.0,13.0,13.0,38.0,2.0,28.0,22.0,58.0,,,26.0,36.0,15.0,16.0,22.0,34.0,4.0,53.0,54.0,27.0,34.0,,9.0,14.0,31.0,27.0,37.0,43.0,29.0,50.0,17.0,46.0,25.0,,,37.0,,13.0,25.0,35.0,51.0,26.0,,50.0,22.0,38.0,27.0,38.0,7.0,,41.0,29.0,,36.0,,14.0,40.0,24.0,9.0,34.0,52.0,,,,,0.0,17.0,19.0,16.0,43.0,,,34.0,,29.0,30.0,16.0,32.0,28.0,15.0,21.0,48.0,41.0,52.0,36.0,,9.0,26.0,21.0,19.0,20.0,19.0,32.0,41.0,23.0,21.0,17.0,28.0,51.0,35.0,16.0,41.0,,36.0,26.0,22.0,50.0,,17.0,12.0,4.0,31.0,54.0,24.0,7.0,12.0,51.0,15.0,,21.0,,29.0,37.0,58.0,,6.0,35.0,27.0,40.0,39.0,54.0,18.0,,,23.0,26.0,,26.0,13.0,39.0,12.0,,42.0,40.0,7.0,13.0,39.0,26.0,49.0,,49.0,41.0,,39.0,20.0,15.0,11.0,25.0,,43.0,,,52.0,0.0,50.0,21.0,34.0,,,43.0,24.0,,,,50.0,53.0,24.0,21.0,28.0,,,,18.0,7.0,22.0,44.0,,53.0,17.0,9.0,28.0,,31.0,,24.0,31.0,50.0,45.0,30.0,,12.0,27.0,15.0,26.0,,46.0,,,,12.0,,,7.0,45.0,38.0,24.0,18.0,39.0,41.0,18.0,36.0,46.0,52.0,53.0,42.0,57.0,54.0,,33.0,33.0,,28.0,35.0,54.0,58.0,,41.0,42.0,25.0,,33.0,53.0,31.0,34.0,19.0,36.0,,7.0,19.0,28.0,37.0,17.0,,46.0,,,35.0,26.0,19.0,25.0,49.0,33.0,42.0,15.0,17.0,,39.0,47.0,15.0,10.0,41.0,29.0,,47.0,30.0,17.0,11.0,,43.0,33.0,,33.0,,23.0,,25.0,37.0,56.0,46.0,,37.0,26.0,20.0,19.0,11.0,12.0,15.0,16.0,,29.0,,17.0,26.0,18.0,54.0,,51.0,,17.0,35.0,,,21.0,22.0,36.0,25.0,18.0,55.0,36.0,,,,40.0,51.0,,,17.0,28.0,13.0,29.0,30.0,,25.0,25.0,22.0,27.0,28.0,31.0,,28.0,10.0,21.0,31.0,23.0,,48.0,,,32.0,32.0,,,29.0,36.0,,14.0,39.0,33.0,,50.0,,54.0,32.0,17.0,50.0,37.0,43.0,44.0,29.0,46.0,,20.0,,,9.0,0.0,,26.0,35.0,,57.0,24.0,,14.0,22.0,35.0,26.0,14.0,41.0,42.0,18.0,10.0,22.0,18.0,,,10.0,13.0,,,18.0,,49.0,,48.0,21.0,,,16.0,20.0,24.0,14.0,27.0,56.0,19.0,11.0,,15.0,31.0,4.0,38.0,,15.0,,29.0,48.0,,13.0,,48.0,41.0,,4.0,22.0,,,45.0,9.0,8.0,42.0,38.0,,36.0,19.0,35.0,,37.0,,57.0,,41.0,37.0,15.0,,35.0,25.0,33.0,33.0,,12.0,,47.0,10.0,38.0,,46.0,27.0,56.0,,26.0,,27.0,,22.0,49.0,28.0,50.0,,20.0,28.0,46.0,,23.0,35.0,24.0,47.0,15.0,27.0,,35.0,18.0,40.0,,42.0,,17.0,13.0,,24.0,43.0,,29.0,49.0,27.0,22.0,9.0,40.0,28.0,26.0,19.0,56.0,39.0,56.0,42.0,11.0,24.0,,30.0,32.0,36.0,51.0,29.0,35.0,21.0,,,39.0,49.0,,31.0,,,20.0,23.0,,34.0,33.0,21.0,47.0,20.0,52.0,37.0,25.0,,9.0,30.0,,,24.0,38.0,,57.0,58.0,3.0,27.0,39.0,,33.0,28.0,44.0,17.0,48.0,40.0,,31.0,20.0,,30.0,,35.0,0.0,20.0,24.0,25.0,15.0,19.0,9.0,13.0,48.0,45.0,18.0,53.0,17.0,33.0,58.0,39.0,57.0,0.0,41.0,27.0,15.0,,21.0,41.0,40.0,35.0,17.0,28.0,,31.0,20.0,35.0,,19.0,,16.0,,34.0,,10.0,27.0,11.0,24.0,,36.0,50.0,,4.0,33.0,18.0,27.0,58.0,29.0,20.0,57.0,12.0,27.0,48.0,36.0,36.0,,,24.0,,18.0,23.0,37.0,,48.0,,53.0,,39.0,26.0,,6.0,,18.0,,24.0,46.0,27.0,22.0,25.0,14.0,29.0,8.0,36.0,49.0,30.0,,36.0,32.0,,49.0,58.0,42.0,51.0,,57.0,13.0,25.0,,32.0,4.0,,28.0,23.0,14.0,31.0,9.0,,,28.0,37.0,57.0,36.0,19.0,,,40.0,,50.0,,,16.0,,39.0,35.0,,14.0,53.0,21.0,40.0,,,17.0,19.0,35.0,36.0,,,57.0,53.0,33.0,28.0,,22.0,18.0,14.0,50.0,50.0,,25.0,,16.0,53.0,53.0,23.0,53.0,21.0,24.0,12.0,41.0,27.0,21.0,30.0,50.0,36.0,40.0,,,5.0,54.0,0.0,35.0,17.0,,17.0,,25.0,18.0,55.0,42.0,27.0,55.0,13.0,17.0,0.0,0.0,,19.0,12.0,,57.0,22.0,49.0,56.0,,,27.0,32.0,,41.0,,20.0,,,37.0,,55.0,20.0,53.0,,42.0,41.0,34.0,15.0,,13.0,,51.0,15.0,56.0,8.0,,24.0,31.0,33.0,51.0,,27.0,,30.0,,12.0,26.0,37.0,,41.0,16.0,,25.0,11.0,49.0,,17.0,,54.0,56.0,34.0,,49.0,38.0,24.0,,40.0,29.0,16.0,,22.0,40.0,22.0,,,36.0,28.0,51.0,,24.0,56.0,18.0,14.0,54.0,,18.0,38.0,70,3,2.533426183844011,17.57191296976547,-0.3660603799345172
5,6,9,4,7,11,7,9,8,13,10,9,12,6,10,9,12,6,18,31,11,17,12,10,9,12,12,8,11,11,16,12,10,11,13,10,12,15,15,12,14,19.0,20,15,11,16,19,11,11,23,10,16,10,13,16,8,14,10,12,13,14,27,18,12,51.0,12,22,6,12,13,14,18,18,13,19,14,13,11,18,15,17,14,16,12,17,11,12,15,20,13,20,13,19,9,12,14,27,9,17,13,25,17,11,17,11,18,12,18,14,12,17,36.0,19,16,20.0,14,17,23,14,22,19,1,16,15,12,19,16,44.0,22,22,17,10,18.0,9,20,20.0,27,20,19,17,13,15,10,17,28.0,30.0,19,23.0,14,14,9,11,19.0,13,18,14,16,39.0,0,25,19,17,9,31,12,20.0,16,26,15,12,16,29.0,8,30,14,26,18,13.0,27,51.0,15,13,18,15,19,21.0,48.0,34,16,42.0,26.0,10,19,11,13,22,11,22,33.0,10,14,18.0,11,19,20,31,42.0,19,13,12,26,21.0,28,13,23,31,13,10,17,21.0,32.0,10,19,17,13.0,18,15,15,11.0,13,12.0,16.0,20,12,0.0,12,21,0,28.0,33.0,8,16,14,16,26,36.0,19,9,22,16,17,29,16.0,32.0,24,36.0,27.0,13.0,14.0,16,37.0,8,27,18,53.0,17.0,29.0,14.0,24.0,19,28.0,26.0,25.0,19,26,,11,21,1,17.0,41.0,44.0,19,34.0,20,22,28.0,11.0,3,17.0,25.0,15,33,22.0,23,27.0,7.0,30.0,21,16,34.0,18,15,20,37,26,24,18,24,23,8,7,15,49.0,31.0,43,22,15,15.0,15.0,22,20,19,37.0,19,43.0,10,31,20,11,24,59.0,8,19.0,18,13,34.0,23,14,18,13.0,2.0,10,31.0,33.0,14.0,14.0,6.0,17,17.0,10,32,18,27.0,19,10.0,59.0,29,48.0,46.0,,21,63.0,16,19,19,27,26,18,14,14.0,27,18.0,11,57,12,,20,27.0,27,19.0,11,22.0,19,23,16.0,14,33.0,28,20.0,23.0,18,23,12.0,,21.0,33.0,16.0,21,39.0,26.0,39,59.0,17,16,,21.0,24,20.0,24,20.0,,10,15,31,30.0,17,28.0,34.0,25,24.0,12,27.0,17,28,17,6.0,,26,25,17,43.0,36.0,21,29,23.0,27,47.0,13.0,15.0,27.0,60.0,50.0,17.0,11.0,58.0,24.0,19,22,25.0,,14.0,37.0,23.0,25.0,29.0,26.0,14,17,53.0,17.0,17,16.0,16.0,24.0,20.0,51.0,23.0,17,25,50.0,7.0,32.0,23.0,40,27.0,30.0,0.0,15,20,18,22.0,47.0,25.0,20.0,14,27,29.0,28.0,11,36.0,44.0,19,,38.0,57.0,27,32.0,32,32.0,16.0,32.0,10,22.0,15,29.0,15,24,,20.0,20.0,55.0,0,19,25,11.0,32,36.0,17,47,19.0,26,15,28.0,35.0,26,9,23.0,18.0,42.0,45.0,45.0,16.0,31,,14,0,29.0,31.0,59.0,42.0,26.0,21.0,15,9,29.0,44.0,31.0,34.0,20.0,,13,6.0,6,38.0,,22.0,29.0,28,17.0,9,22.0,47.0,25.0,28,24.0,,19.0,14,13,27.0,,26.0,26.0,32.0,51.0,,23.0,18.0,22.0,25.0,14.0,22,22,51.0,19.0,19.0,17,27,27,22,0.0,42.0,29,38,18.0,,15,24.0,21.0,34.0,25,23.0,35.0,31.0,10,51.0,29.0,27.0,19.0,61.0,26.0,22,19.0,17,32.0,13,33,20,41.0,27.0,30.0,28.0,,15.0,25.0,34.0,22.0,,33.0,17,,,38,14.0,50.0,17.0,19.0,24,38.0,62.0,55.0,17,39,35.0,23,18.0,31.0,32.0,13.0,35,24.0,20,11,18.0,16,16.0,11,31.0,,12.0,26,36,,31.0,34,15.0,13,17.0,18,31.0,26.0,59.0,,26.0,11.0,28,30.0,28.0,15.0,47.0,39.0,39.0,,18,25,2.0,26,24,25,31.0,28.0,5.0,16.0,,22.0,31,25.0,21.0,,2,27.0,,25.0,42.0,17.0,32,58.0,20.0,3.0,,28.0,20.0,36.0,32,13.0,29.0,,16.0,63.0,34.0,22.0,27,31.0,23.0,25.0,34.0,18,15,13.0,40.0,23,61.0,,20.0,16,8.0,21.0,24.0,38.0,13,41.0,38.0,22.0,21.0,9.0,20.0,56.0,,34.0,29,24,18.0,0.0,32.0,23.0,30.0,10.0,17.0,38.0,30.0,53.0,2,16,38.0,22,,34.0,20.0,8.0,16,19,28.0,44.0,19.0,18.0,34.0,35.0,23.0,0.0,28.0,11,25.0,54.0,57.0,35.0,27.0,27.0,15,0.0,18.0,23.0,37,42.0,40.0,17.0,45.0,20.0,20.0,35,44.0,34,46.0,20.0,10.0,32.0,25.0,31.0,,46.0,23.0,59.0,44.0,20.0,22.0,31.0,,42.0,50.0,24.0,6.0,36.0,31.0,21,27.0,17.0,23,55.0,19.0,20,,9.0,37.0,18,20,16,23.0,33.0,42.0,45.0,21.0,62.0,15.0,36.0,23.0,2,22.0,28,,9,36,25.0,4,,,61.0,42.0,32,32.0,0.0,31.0,19.0,30.0,,10,41.0,25,15.0,39.0,40.0,33,40.0,31,15,32.0,13.0,48.0,18,14.0,,19,21.0,18.0,4.0,17.0,52.0,24.0,32.0,36.0,15,12.0,35.0,17.0,,29.0,24.0,38.0,17.0,26,49.0,8,40.0,30.0,43.0,41.0,20,20,27.0,15.0,28.0,30.0,33.0,25.0,34.0,38.0,22.0,12,32.0,37.0,38,24,23.0,62.0,15,36.0,16.0,38,25.0,17,33,30,31.0,36.0,,33.0,20.0,,,,16.0,14.0,23.0,30.0,14.0,18.0,51.0,47.0,24.0,34.0,16.0,26.0,46.0,38.0,30.0,18.0,37.0,29.0,,19.0,40.0,29.0,18.0,33.0,18.0,21.0,60.0,,38.0,,35.0,15.0,34.0,29.0,28.0,28.0,38.0,37.0,58.0,58.0,7,34.0,,28.0,21,26.0,14.0,21.0,22.0,50.0,36.0,44.0,18.0,14.0,17.0,,38.0,20.0,,25.0,9.0,34.0,28.0,12.0,32.0,53.0,18.0,38.0,49.0,58.0,19.0,43.0,29.0,18,37.0,27.0,8.0,29,34.0,11.0,15.0,19.0,14.0,16.0,24.0,,,25,33.0,47.0,37.0,20.0,23.0,,18,32,,16.0,12.0,,36.0,11.0,18,12,,0.0,31.0,,25.0,24.0,,0.0,7.0,60.0,33.0,14.0,40.0,16.0,6.0,50.0,30,19.0,26.0,29.0,36.0,29.0,29,29.0,32,,17,23.0,48.0,13.0,29.0,,29.0,44.0,26.0,19.0,18.0,4.0,44.0,23,21.0,,36.0,49.0,29.0,54,,15.0,19.0,50.0,16.0,31.0,,23.0,39.0,11,42,20.0,26.0,62.0,9.0,16.0,31.0,52.0,45.0,34,24.0,29.0,24.0,28.0,26.0,21.0,41.0,17.0,42,20.0,35.0,32.0,21,20,23.0,,33.0,30.0,10.0,18.0,42.0,19.0,24.0,15.0,43.0,21.0,15.0,32.0,26.0,30,51.0,22.0,57.0,19.0,11.0,16,39.0,33.0,29,17.0,14.0,15.0,44.0,29.0,,33.0,44.0,42.0,11.0,38.0,28,18.0,30.0,0.0,12.0,21,35.0,23.0,21.0,36.0,22.0,22.0,36.0,18.0,,20.0,26.0,24.0,32.0,10,21,59.0,29.0,0.0,19.0,59.0,23,17,26.0,,29.0,57.0,30.0,21.0,14.0,42.0,24.0,33.0,26.0,41.0,31.0,28.0,49.0,29,28,28.0,60.0,39.0,16.0,53.0,40,55.0,12.0,22.0,22.0,39.0,30.0,19.0,23.0,20.0,43.0,30.0,,28.0,22.0,24.0,26,14.0,16.0,21,51.0,5.0,26.0,21.0,34.0,17.0,9.0,32.0,0.0,,13.0,30.0,30.0,31.0,27.0,13.0,36.0,16.0,18.0,35.0,58.0,32.0,,36.0,19.0,22.0,19.0,30.0,58.0,,45.0,31.0,,20.0,21.0,24.0,25.0,57.0,28.0,25.0,52.0,20.0,10.0,,14.0,8.0,42.0,,39.0,18.0,36.0,33.0,30.0,32.0,20.0,35.0,,31.0,,15.0,26.0,8,19.0,20.0,,35.0,,,28.0,25.0,47.0,27.0,11.0,14.0,54.0,16.0,41.0,32.0,29.0,15.0,0.0,46.0,18.0,8.0,21.0,41.0,22.0,,,,23.0,31.0,40.0,36.0,25.0,43.0,43.0,20.0,,49.0,7.0,50.0,12.0,,60.0,40.0,34.0,24.0,12,45.0,38.0,27.0,42.0,0.0,35.0,24.0,22.0,19.0,35,29.0,19.0,33.0,16.0,51.0,25.0,17.0,44.0,19.0,34.0,39.0,23.0,19.0,23.0,16.0,62.0,19,54.0,35.0,,62.0,,34.0,27.0,23.0,24.0,53.0,36.0,,14.0,35.0,62.0,36.0,58.0,33.0,12.0,28.0,58.0,56.0,14.0,47.0,8,22,26.0,,13.0,24.0,,27.0,23.0,18.0,48.0,24.0,42.0,36.0,19.0,,21.0,,33.0,23.0,33.0,25.0,24.0,,30.0,,,39.0,57.0,9.0,44.0,,50.0,,,29.0,,26.0,60.0,12.0,,8.0,14.0,54.0,27.0,38.0,14.0,,60.0,29.0,27,52.0,42.0,26.0,,24,21.0,,,53.0,28.0,62.0,30.0,17.0,22,31.0,37.0,33.0,,20.0,33.0,,62,39.0,39.0,28.0,,13,32.0,34.0,44.0,28.0,37.0,14.0,17.0,,23.0,10.0,26.0,,15.0,22.0,28.0,5.0,54.0,0.0,56.0,,29.0,62.0,36.0,34.0,18,59.0,,19.0,38.0,52.0,,30.0,20.0,24.0,51.0,19.0,61.0,20.0,34,37.0,52.0,42.0,,32.0,24.0,26.0,55.0,32.0,20.0,53.0,28.0,43.0,51.0,45.0,,47.0,24.0,24.0,39.0,34.0,19.0,21.0,35.0,57.0,39.0,63.0,,17.0,43.0,36.0,30.0,28.0,,21.0,16.0,35.0,,51.0,11.0,50.0,8.0,12.0,44.0,28.0,45.0,,,51.0,30.0,56.0,0.0,12.0,21.0,42.0,42.0,53.0,27.0,17.0,,18.0,20.0,9.0,26.0,23.0,36.0,27.0,27.0,33.0,28,,,21.0,29.0,20.0,59.0,28.0,,22.0,11.0,49.0,35.0,,46.0,27.0,,27.0,34.0,23.0,51.0,14.0,53.0,19.0,,47.0,,26.0,57.0,10.0,14.0,28.0,,30.0,,24.0,13.0,16.0,31.0,25.0,54.0,24.0,51.0,,16.0,22.0,45.0,,,12.0,13.0,,18.0,9.0,63.0,,48.0,36.0,60.0,,11.0,22.0,63.0,19.0,45.0,23.0,32.0,18.0,19.0,22.0,,31.0,53.0,8.0,17.0,36.0,8.0,55.0,25.0,33.0,,52.0,12.0,34.0,,,44.0,,53.0,52.0,31.0,49.0,,47.0,,28.0,37.0,,35.0,50.0,48.0,49.0,25.0,,15.0,21.0,15.0,24.0,34.0,59.0,56.0,49.0,30.0,29.0,54.0,55.0,30.0,35.0,42.0,28.0,19.0,56.0,10.0,14.0,44.0,50.0,,60.0,26.0,19,28.0,19.0,30.0,21.0,,18.0,63.0,,17.0,49.0,14,14.0,,17.0,36.0,37.0,10.0,30.0,,19,36.0,39.0,26.0,35.0,28.0,17.0,36.0,35.0,36.0,,21.0,28.0,11.0,51.0,,38.0,42.0,31.0,37.0,40.0,48.0,21.0,32.0,27.0,36.0,34.0,,38.0,34.0,,9.0,49.0,,48.0,46.0,,14.0,46.0,39.0,,35.0,,12.0,18.0,11.0,30.0,15.0,,19.0,,17.0,39.0,24.0,56.0,19.0,19.0,32.0,54.0,,42.0,40.0,49.0,12.0,22.0,40.0,23.0,33.0,18.0,61.0,13.0,28.0,0.0,52.0,37.0,,28.0,45.0,27.0,45.0,,9.0,22.0,61.0,52.0,16.0,14.0,60.0,36.0,52.0,27.0,16.0,8.0,24.0,45.0,42.0,58.0,18.0,,28.0,48.0,20.0,30.0,,33.0,59.0,37.0,28.0,20.0,24,46.0,,,,,30.0,,27.0,36.0,28.0,21.0,22.0,21.0,42.0,45.0,26.0,32.0,55.0,23.0,33.0,29.0,33.0,26.0,37.0,35.0,59.0,,52.0,48.0,53.0,24.0,34.0,35.0,,34.0,26.0,12.0,14.0,14.0,35.0,18.0,42.0,12.0,34.0,,29.0,29.0,20.0,59.0,29.0,43.0,29.0,41.0,42.0,26.0,7.0,20.0,63.0,51.0,,25.0,20.0,39.0,44.0,23.0,29.0,,29.0,41.0,25.0,,25.0,24.0,59.0,40.0,45.0,,36.0,19.0,12,23.0,,0,50.0,58.0,15.0,56.0,43.0,35.0,14.0,24.0,59.0,44.0,50.0,,57.0,,35.0,,,18.0,24.0,,31.0,,28.0,37.0,11.0,30.0,19.0,25.0,44.0,22.0,36.0,25.0,55.0,43.0,41.0,,56.0,16.0,19.0,59.0,,11.0,62.0,,47.0,35.0,29.0,34.0,44.0,,,51.0,38.0,41.0,19.0,20.0,16.0,26.0,29.0,29.0,23.0,17.0,33.0,48.0,8.0,28.0,,16.0,,13.0,,43.0,18.0,50.0,43.0,45.0,28.0,51.0,15.0,,18.0,23.0,57.0,18.0,20.0,14.0,,,17.0,25.0,22.0,35.0,37.0,24.0,,23.0,29.0,39.0,62.0,25.0,21.0,19.0,23.0,56.0,,11.0,31.0,19.0,40.0,15.0,,,52.0,30.0,,29.0,35.0,44.0,22.0,0.0,44.0,22.0,39.0,50.0,31.0,,39.0,,25.0,55.0,28.0,18.0,35.0,45.0,,42.0,15.0,34.0,19.0,24.0,60.0,18.0,11.0,33.0,,33.0,32.0,30.0,,15.0,31.0,36.0,39.0,29.0,,39.0,35.0,,,35.0,,,,47.0,58.0,,,11.0,44.0,,14.0,24.0,32.0,30.0,58.0,,,26.0,44.0,36.0,30.0,,20.0,24.0,36.0,27.0,20.0,,63.0,24.0,,50.0,56.0,,14.0,,56.0,35.0,19.0,16.0,59.0,17.0,15.0,58.0,44.0,62.0,56.0,14.0,33.0,,14.0,35.0,13.0,45.0,60.0,56.0,55.0,21.0,32.0,,40.0,,58.0,,20.0,,17.0,17.0,35.0,31.0,29.0,38.0,63.0,26.0,58.0,29.0,23.0,42.0,39.0,15.0,35.0,20.0,34.0,,36.0,35.0,,,25.0,20.0,17.0,29.0,27.0,,51.0,,25.0,30.0,,16.0,20.0,,43.0,22.0,,15.0,25.0,,37.0,17.0,9.0,60.0,,21.0,,28.0,2.0,50.0,19.0,12.0,24.0,40.0,34.0,41.0,38.0,,14.0,44.0,36.0,62.0,,35.0,17.0,31.0,45.0,14.0,51.0,19.0,49.0,62.0,10.0,20.0,48.0,29.0,23.0,45.0,27.0,,,17.0,59.0,50.0,21.0,16.0,,45.0,23.0,,22.0,56.0,38.0,55.0,,37.0,,3.0,55.0,26.0,16.0,44.0,,55.0,19.0,35.0,23.0,19.0,20.0,,56.0,29.0,,20.0,34.0,,28.0,59.0,12.0,,,14.0,25.0,,,,31.0,54.0,35.0,27.0,,,44.0,18.0,19.0,46.0,17.0,38.0,43.0,0.0,33.0,6.0,,,,32.0,39.0,49.0,18.0,19.0,10.0,44.0,50.0,40.0,,21.0,38.0,,,20.0,42.0,,18.0,12.0,,43.0,35.0,23.0,16.0,,,41.0,62.0,14.0,22.0,27.0,,41.0,35.0,,34.0,,,34.0,42.0,43.0,27.0,44.0,31.0,0.0,28.0,43.0,23.0,28.0,33.0,11.0,,,14.0,20.0,28.0,,25.0,48.0,27.0,,62.0,32.0,16.0,52.0,26.0,47.0,59.0,34.0,30.0,52.0,34.0,10.0,27.0,39.0,12.0,61.0,19.0,40.0,26.0,,,9.0,29.0,27.0,16.0,29.0,59.0,,,,,25.0,59.0,63.0,39.0,,,32.0,24.0,,53.0,48.0,61.0,24.0,53.0,,,32.0,32.0,,,27.0,25.0,,20.0,30.0,40.0,42.0,31.0,,50.0,46.0,52.0,0.0,50.0,10.0,,61.0,30.0,17.0,10.0,35.0,,23.0,35.0,,,,46.0,27.0,,,58.0,,28.0,22.0,33.0,,,61.0,43.0,34.0,,,18.0,16.0,52.0,31.0,24.0,,45.0,16.0,52.0,48.0,48.0,,47.0,21.0,,50.0,33.0,15.0,20.0,26.0,15.0,31.0,27.0,,45.0,,56.0,16.0,31.0,26.0,31.0,34.0,48.0,54.0,19.0,,,20.0,60.0,52.0,28.0,,,61.0,,38.0,12.0,45.0,3.0,,16.0,27.0,40.0,,29.0,48.0,,17.0,,51.0,27.0,13.0,,34.0,0.0,,53.0,58.0,62.0,61.0,43.0,18.0,,28.0,22.0,30.0,,38.0,29.0,14.0,24.0,12.0,51.0,34.0,33.0,17.0,32.0,44.0,29.0,,54.0,,,,11.0,21.0,,,49.0,22.0,42.0,25.0,16.0,55.0,37.0,24.0,35.0,,,29.0,32.0,,37.0,28.0,,26.0,,24.0,,52.0,33.0,25.0,35.0,,26.0,12.0,37.0,,,35.0,49.0,40.0,45.0,,12.0,,20.0,0.0,28.0,45.0,10.0,,49.0,22.0,,33.0,41.0,,22.0,39.0,27.0,57.0,22.0,45.0,63.0,,,,32.0,42.0,33.0,22.0,36.0,,25.0,33.0,0.0,,34.0,,11.0,28.0,63.0,24.0,24.0,17.0,,32.0,21.0,21.0,,,30.0,21.0,,,,50.0,,40.0,35.0,,62.0,16.0,,32.0,21.0,35.0,15.0,27.0,51.0,56.0,,43.0,15.0,25.0,22.0,20.0,5.0,54.0,26.0,23.0,38.0,19.0,34.0,,39.0,24.0,22.0,55.0,37.0,33.0,26.0,52.0,21.0,43.0,16.0,,42.0,55.0,,36.0,21.0,,25.0,53.0,,25.0,46.0,,17.0,31.0,,,30.0,48.0,,17.0,,41.0,39.0,25.0,37.0,47.0,26.0,40.0,59.0,,32.0,,,20.0,24.0,33.0,54.0,61.0,14.0,,30.0,50.0,45.0,45.0,29.0,,33.0,,34.0,,45.0,,25.0,44.0,17.0,27.0,17.0,,34.0,37.0,,63.0,51.0,18.0,,27.0,49.0,36.0,51.0,23.0,,22.0,46.0,31.0,43.0,11.0,,26.0,,12.0,13.0,,26.0,63.0,34.0,47.0,51.0,16.0,27.0,22.0,26.0,37.0,,,28.0,17.0,54.0,,38.0,37.0,27.0,,29.0,36.0,42.0,28.0,62.0,63.0,12.0,21.0,,52.0,28.0,56.0,,29.0,39.0,44.0,27.0,62.0,,33.0,29.0,,31.0,45.0,16.0,22.0,32.0,19.0,,58.0,62.0,,,52.0,,33.0,32.0,,21.0,27.0,49.0,,30.0,39.0,,,,18.0,32.0,18.0,46.0,43.0,51.0,50.0,,36.0,40.0,,11.0,30.0,56.0,,35.0,,27.0,33.0,44.0,,25.0,,56.0,,,,47.0,61.0,41.0,29.0,,62.0,,,14.0,39.0,47.0,23.0,15.0,,31.0,45.0,,12.0,21.0,23.0,35.0,34.0,55.0,,27.0,18.0,58.0,27.0,22.0,18.0,46.0,39.0,62.0,23.0,29.0,,,47.0,42.0,,38.0,8.0,44.0,0.0,52.0,49.0,,49.0,10.0,,17.0,44.0,22.0,40.0,41.0,12.0,38.0,32.0,43.0,13.0,10.0,17.0,,,47.0,,34.0,56.0,,25.0,49.0,56.0,,,27.0,,39.0,,34.0,23.0,30.0,31.0,,27.0,,,27.0,26.0,28.0,60.0,34.0,,56.0,15.0,57.0,39.0,34.0,,47.0,51.0,41.0,52.0,59.0,19.0,39.0,59.0,61.0,14.0,,,52.0,32.0,62.0,44.0,17.0,54.0,31.0,55.0,41.0,14.0,24.0,24.0,13.0,,26.0,63.0,15.0,35.0,20.0,39.0,27.0,53.0,8.0,,,34.0,43.0,,49.0,40.0,61.0,56.0,,,51.0,38.0,,57.0,49.0,33.0,31.0,71,3,2.5951704545454546,18.303056027164686,-0.3616759951593038
5,3,1,6,5,6,7,7,4,3,2,4,4,6,5,7,8,8,14,4,3,14,0,6,8,12,7,9,12,7,8,6,7,4,5,14,11,5,12,13,11,33.0,15,21,7,13,17,6,6,15,9,13,2,7,21,24,2,18,7,7,8,4,14,7,14.0,13,18,10,8,7,18,15,14,9,8,14,14,18,15,13,20,9,7,12,13,5,16,13,23,8,14,17,30,9,18,10,19,11,9,17,10,19,15,8,16,17,15,19,16,11,4,25.0,17,0,7.0,9,14,17,9,35,17,13,9,16,8,12,15,41.0,10,15,14,12,35.0,14,13,26.0,13,24,11,11,4,10,0,5,6.0,5.0,7,10.0,10,17,5,8,26.0,13,16,18,20,18.0,23,17,15,16,17,6,14,6.0,16,18,10,15,8,18.0,7,2,12,19,10,15.0,16,16.0,14,17,5,8,16,28.0,15.0,38,19,9.0,30.0,16,16,6,9,38,7,11,15.0,12,23,38.0,15,12,15,9,56.0,17,15,15,12,,25,18,17,17,7,18,11,15.0,16.0,14,22,14,38.0,14,17,16,36.0,18,13.0,12.0,15,14,18.0,12,14,14,40.0,19.0,16,15,16,16,18,32.0,8,17,18,12,14,26,28.0,19.0,20,34.0,37.0,13.0,19.0,28,33.0,12,14,18,,6.0,18.0,32.0,13.0,11,27.0,35.0,8.0,8,14,19.0,20,18,24,20.0,26.0,9.0,6,37.0,18,13,27.0,11.0,17,10.0,17.0,8,7,9.0,8,14.0,24.0,,13,18,32.0,15,18,19,18,19,9,9,30,8,13,10,13,57.0,45.0,18,14,15,13.0,44.0,13,20,17,12.0,19,28.0,15,9,21,8,13,15.0,16,17.0,10,17,18.0,14,17,12,22.0,33.0,8,21.0,40.0,13.0,32.0,17.0,15,39.0,13,12,11,15.0,17,49.0,37.0,21,19.0,26.0,28.0,17,20.0,12,17,17,7,20,8,14,1.0,13,1.0,17,37,21,30.0,18,,21,37.0,20,,11,12,29.0,19,16.0,17,33.0,19.0,16,10,55.0,32.0,7.0,27.0,54.0,14,30.0,24.0,18,49.0,10,8,46.0,23.0,12,18.0,21,10.0,,18,19,18,40.0,14,17.0,44.0,12,15.0,25,26.0,22,20,14,18.0,32.0,16,10,11,10.0,23.0,27,21,20.0,23,22.0,48.0,23.0,15.0,,15.0,28.0,38.0,49.0,27.0,21,6,19.0,42.0,17.0,48.0,42.0,,54.0,18.0,9,8,5.0,,17,,10.0,26.0,33.0,25.0,26.0,8,41,13.0,32.0,45.0,18.0,42,32.0,49.0,20.0,12,18,18,13.0,25.0,5.0,20.0,4,19,18.0,22.0,15,56.0,29.0,19,20.0,13.0,9.0,19,38.0,13,20.0,15.0,16.0,18,53.0,20,26.0,19,16,40.0,24.0,,,8,11,36,19.0,25,20.0,17,21,22.0,11,15,24.0,29.0,18,22,21.0,28.0,10.0,54.0,37.0,22.0,17,14.0,21,9,,,0.0,31.0,25.0,44.0,22,24,22.0,40.0,23.0,33.0,57.0,28.0,18,41.0,5,,2.0,29.0,15.0,18,44.0,10,54.0,18.0,14.0,17,40.0,29.0,,42,24,11.0,24.0,34.0,,26.0,41.0,4.0,14.0,47.0,55.0,28.0,47.0,25,31,25.0,22.0,18.0,1,18,16,25,21.0,,16,8,9.0,34.0,19,11.0,15.0,51.0,17,19.0,,23.0,34,20.0,44.0,39.0,22.0,21.0,51.0,13,16.0,17,5.0,14,22,9,18.0,17.0,16.0,39.0,23.0,9.0,14.0,45.0,,25.0,14.0,14,47.0,38.0,19,12.0,20.0,17.0,30.0,18,23.0,17.0,16.0,7,15,16.0,21,23.0,10.0,0.0,6.0,15,12.0,17,35,10.0,10,36.0,13,23.0,15.0,18.0,9,24,42.0,32.0,39,,11,15.0,16,,11.0,26.0,,42.0,49.0,21,18.0,55.0,27.0,13.0,17.0,37.0,30.0,14,23,21.0,22,13,21,53.0,36.0,18.0,30.0,37.0,5.0,44,19.0,26.0,37.0,17,17.0,25.0,20.0,20.0,40.0,18,,18.0,25.0,24.0,43.0,10.0,21.0,14,38.0,34.0,56.0,18.0,21.0,28.0,17.0,16,19.0,26.0,35.0,30.0,15,16,30.0,13.0,15,35.0,6.0,10.0,14,9.0,51.0,8.0,,0,15.0,25.0,14.0,,10.0,21.0,49.0,29.0,28.0,33,19,20.0,24.0,23.0,17.0,11.0,5.0,19.0,27.0,35.0,29.0,10,14,9.0,19,21.0,14.0,58.0,12.0,15,14,27.0,22.0,22.0,29.0,23.0,49.0,0.0,13.0,22.0,4,32.0,13.0,17.0,28.0,21.0,47.0,18,21.0,18.0,12.0,37,48.0,13.0,21.0,29.0,24.0,20.0,40,38.0,29,,,8.0,40.0,,27.0,52.0,39.0,26.0,34.0,,45.0,18.0,11.0,27.0,26.0,9.0,25.0,43.0,6.0,17.0,17,30.0,28.0,13,40.0,57.0,17,34.0,13.0,42.0,15,11,17,18.0,30.0,50.0,20.0,5.0,17.0,16.0,8.0,22.0,16,17.0,16,47.0,12,19,13.0,21,13.0,24.0,38.0,53.0,21,21.0,9.0,30.0,16.0,23.0,45.0,0,21.0,10,2.0,,20.0,21,18.0,13,10,49.0,17.0,53.0,22,,,22,16.0,34.0,42.0,27.0,34.0,12.0,14.0,,24,10.0,13.0,13.0,35.0,39.0,,31.0,50.0,28,23.0,56,54.0,24.0,,38.0,25,13,35.0,29.0,29.0,11.0,0.0,23.0,57.0,26.0,47.0,14,7.0,19.0,28,33,,57.0,16,17.0,40.0,17,25.0,6,12,37,17.0,16.0,29.0,32.0,,20.0,21.0,38.0,54.0,32.0,0.0,26.0,28.0,39.0,23.0,,26.0,35.0,31.0,11.0,28.0,48.0,21.0,45.0,22.0,34.0,34.0,25.0,11.0,24.0,43.0,22.0,23.0,43.0,44.0,46.0,13.0,32.0,55.0,11.0,57.0,16.0,36.0,16.0,34.0,44.0,29.0,4.0,33,31.0,20.0,48.0,18,38.0,51.0,,13.0,24.0,35.0,27.0,19.0,13.0,35.0,32.0,49.0,36.0,31.0,22.0,21.0,21.0,27.0,,48.0,30.0,19.0,13.0,6.0,33.0,25.0,54.0,17.0,11,37.0,18.0,42.0,0,10.0,8.0,21.0,43.0,37.0,24.0,49.0,42.0,19.0,32,12.0,,26.0,9.0,25.0,19.0,18,0,2.0,26.0,44.0,25.0,26.0,,2,26,,27.0,12.0,37.0,,33.0,12.0,5.0,41.0,25.0,30.0,,12.0,24.0,4.0,14.0,17,18.0,38.0,49.0,21.0,18.0,8,20.0,11,25.0,18,32.0,,16.0,55.0,33.0,22.0,0.0,23.0,43.0,21.0,11.0,43.0,29,9.0,,47.0,49.0,,28,30.0,22.0,26.0,16.0,39.0,,39.0,28.0,18.0,43,17,12.0,27.0,0.0,11.0,30.0,9.0,23.0,24.0,22,6.0,36.0,28.0,36.0,29.0,26.0,13.0,21.0,16,22.0,32.0,38.0,18,7,56.0,49.0,,23.0,54.0,44.0,,25.0,44.0,42.0,23.0,11.0,22.0,7.0,8.0,6,40.0,22.0,,24.0,13.0,7,,32.0,21,18.0,37.0,,26.0,23.0,52.0,31.0,40.0,,28.0,20.0,29,36.0,25.0,,,26,,58.0,16.0,14.0,11.0,18.0,39.0,15.0,34.0,20.0,33.0,11.0,,20,15,11.0,43.0,12.0,3.0,55.0,20,5,56.0,,34.0,36.0,13.0,22.0,,24.0,16.0,33.0,41.0,56.0,44.0,24.0,18.0,30,25,30.0,29.0,30.0,,,18,46.0,,8.0,5.0,,41.0,16.0,48.0,17.0,30.0,48.0,45.0,26.0,53.0,38.0,22,38.0,16.0,14,34.0,,25.0,16.0,12.0,19.0,36.0,26.0,44.0,52.0,53.0,23.0,2.0,8.0,21.0,32.0,23.0,25.0,20.0,36.0,15.0,,38.0,25.0,24.0,16.0,16.0,2.0,38.0,47.0,20.0,20.0,8.0,31.0,26.0,23.0,9.0,33.0,16.0,6.0,24.0,2.0,31.0,33.0,,40.0,43.0,18.0,53.0,27.0,27.0,39.0,,15.0,39.0,,,18.0,,44.0,,19,58.0,37.0,,15.0,,33.0,31.0,15.0,15.0,32.0,41.0,42.0,41.0,17.0,26.0,8.0,,15.0,,23.0,45.0,2.0,19.0,,6.0,,40.0,25.0,24.0,48.0,57.0,46.0,20.0,,30.0,22.0,58.0,28.0,9.0,20.0,23.0,,0.0,33.0,17.0,,6,,47.0,31.0,16.0,31.0,15.0,5.0,1.0,17.0,16,41.0,19.0,14.0,31.0,44.0,29.0,24.0,22.0,12.0,15.0,,,57.0,43.0,26.0,11.0,10,53.0,41.0,39.0,49.0,13.0,32.0,57.0,,39.0,,25.0,,3.0,,,24.0,23.0,38.0,22.0,11.0,24.0,,,,18,13,7.0,35.0,42.0,12.0,,36.0,28.0,9.0,16.0,24.0,25.0,34.0,7.0,,15.0,48.0,,22.0,17.0,26.0,37.0,14.0,29.0,,25.0,18.0,25.0,9.0,15.0,21.0,25.0,6.0,27.0,50.0,27.0,0.0,32.0,23.0,8.0,38.0,,31.0,31.0,,20.0,28.0,36.0,20.0,22,34.0,23.0,23.0,34.0,23,34.0,29.0,38.0,32.0,40.0,,18.0,39.0,15,38.0,28.0,17.0,,,4.0,37.0,27,44.0,14.0,33.0,39.0,19,26.0,27.0,44.0,,,3.0,54.0,18.0,6.0,35.0,20.0,,6.0,25.0,28.0,25.0,,36.0,31.0,,34.0,30.0,24.0,44.0,18,22.0,23.0,25.0,38.0,20.0,27.0,42.0,43.0,16.0,15.0,42.0,22.0,,31,15.0,39.0,47.0,14.0,,25.0,27.0,42.0,48.0,26.0,,49.0,15.0,,20.0,14.0,25.0,42.0,21.0,49.0,,27.0,18.0,32.0,,4.0,39.0,,44.0,31.0,26.0,,19.0,16.0,21.0,22.0,,30.0,58.0,40.0,54.0,40.0,20.0,32.0,16.0,6.0,0.0,16.0,55.0,45.0,31.0,17.0,42.0,,33.0,26.0,15.0,47.0,13.0,25.0,33.0,10.0,8.0,37.0,41.0,30.0,8.0,,36.0,25,22.0,47.0,48.0,27.0,25.0,46.0,34.0,0.0,19.0,55.0,23.0,18.0,45.0,48.0,45.0,,16.0,47.0,17.0,10.0,11.0,0.0,39.0,40.0,40.0,27.0,10.0,24.0,19.0,,30.0,28.0,7.0,27.0,28.0,46.0,18.0,,33.0,,15.0,25.0,,8.0,13.0,7.0,12.0,42.0,14.0,36.0,,,,,39.0,22.0,27.0,39.0,33.0,19.0,15.0,55.0,54.0,25.0,29.0,,8.0,24.0,16.0,45.0,5.0,33.0,13.0,19.0,45.0,14.0,25.0,42.0,41.0,13.0,15.0,25.0,,47.0,,12.0,32.0,36.0,,38.0,10.0,,45.0,17.0,43.0,20.0,,36.0,35.0,26.0,19.0,,35.0,18.0,14.0,20.0,,46.0,,11.0,,,18.0,,17.0,24.0,25.0,43.0,1.0,13.0,28.0,56.0,57.0,,,25.0,34.0,39.0,12,0.0,,,,27.0,21.0,38.0,,18.0,19.0,9,6.0,15.0,26.0,19.0,28.0,26.0,30.0,51.0,16,22.0,9.0,20.0,,13.0,,,19.0,20.0,36.0,,30.0,16.0,31.0,28.0,29.0,,21.0,17.0,21.0,26.0,18.0,37.0,22.0,,,40.0,20.0,23.0,45.0,37.0,58.0,36.0,20.0,11.0,,10.0,24.0,,17.0,32.0,51.0,6.0,14.0,,49.0,23.0,42.0,52.0,,,34.0,35.0,,12.0,33.0,35.0,42.0,13.0,,0.0,22.0,46.0,53.0,42.0,,13.0,52.0,41.0,23.0,25.0,15.0,14.0,49.0,33.0,38.0,22.0,26.0,21.0,,50.0,,8.0,,18.0,38.0,11.0,,39.0,24.0,6.0,6.0,54.0,,18.0,,36.0,35.0,11.0,11.0,,39.0,36.0,46.0,12.0,,,16.0,17,40.0,46.0,,21.0,24.0,26.0,16.0,45.0,28.0,,12.0,31.0,45.0,23.0,54.0,19.0,27.0,21.0,0.0,51.0,29.0,12.0,11.0,54.0,28.0,30.0,20.0,42.0,24.0,,24.0,14.0,38.0,16.0,19.0,,34.0,33.0,20.0,48.0,42.0,26.0,23.0,48.0,,,39.0,43.0,46.0,26.0,16.0,18.0,18.0,,7.0,37.0,44.0,,55.0,13.0,,12.0,24.0,28.0,48.0,6.0,,17.0,39.0,5.0,31.0,43.0,18.0,21.0,26.0,52.0,50.0,24.0,12.0,18,26.0,23.0,21,49.0,0.0,18.0,56.0,37.0,12.0,26.0,,7.0,52.0,19.0,35.0,30.0,,49.0,,13.0,,43.0,41.0,24.0,16.0,,,52.0,57.0,2.0,18.0,,35.0,24.0,38.0,,51.0,9.0,18.0,25.0,39.0,39.0,25.0,31.0,32.0,,35.0,15.0,11.0,35.0,32.0,20.0,29.0,29.0,,57.0,,38.0,,,52.0,23.0,14.0,9.0,41.0,18.0,31.0,21.0,,30.0,13.0,49.0,45.0,57.0,26.0,23.0,,35.0,29.0,,31.0,34.0,17.0,23.0,36.0,21.0,26.0,,8.0,24.0,,48.0,19.0,20.0,,,18.0,45.0,,20.0,,39.0,,22.0,,30.0,20.0,38.0,,15.0,24.0,39.0,34.0,23.0,7.0,19.0,0.0,,43.0,29.0,,23.0,28.0,9.0,36.0,,57.0,25.0,22.0,47.0,35.0,30.0,34.0,15.0,30.0,,14.0,50.0,41.0,32.0,,49.0,54.0,18.0,14.0,16.0,37.0,,17.0,21.0,14.0,,,26.0,35.0,,,43.0,18.0,38.0,36.0,55.0,,26.0,,29.0,,40.0,,31.0,54.0,35.0,49.0,21.0,33.0,,23.0,45.0,0.0,57.0,11.0,23.0,17.0,,,39.0,24.0,43.0,17.0,14.0,,,38.0,44.0,22.0,10.0,5.0,39.0,48.0,20.0,17.0,56.0,28.0,,37.0,57.0,24.0,21.0,24.0,55.0,16.0,,11.0,12.0,31.0,25.0,46.0,33.0,41.0,1.0,,28.0,23.0,23.0,42.0,43.0,,40.0,52.0,22.0,,49.0,38.0,50.0,16.0,20.0,9.0,22.0,9.0,,15.0,39.0,,27.0,25.0,19.0,28.0,56.0,54.0,46.0,32.0,51.0,15.0,17.0,45.0,40.0,30.0,,,44.0,18.0,,,36.0,17.0,52.0,58.0,28.0,0.0,28.0,,,38.0,37.0,24.0,7.0,,16.0,,43.0,43.0,,11.0,15.0,,27.0,14.0,,49.0,,14.0,20.0,,,,0.0,22.0,23.0,49.0,,,31.0,46.0,9.0,15.0,24.0,34.0,48.0,16.0,51.0,,37.0,21.0,29.0,,12.0,37.0,46.0,25.0,25.0,,56.0,25.0,21.0,54.0,,33.0,38.0,,13.0,49.0,18.0,,54.0,37.0,38.0,25.0,42.0,,,47.0,,51.0,38.0,22.0,22.0,,8.0,,39.0,,,30.0,13.0,34.0,19.0,14.0,36.0,,,2.0,52.0,23.0,44.0,10.0,16.0,36.0,58.0,35.0,,34.0,37.0,18.0,47.0,,,34.0,8.0,25.0,20.0,36.0,51.0,20.0,30.0,28.0,20.0,,,28.0,8.0,44.0,17.0,48.0,34.0,5.0,34.0,,41.0,27.0,,29.0,43.0,12.0,,10.0,15.0,29.0,48.0,14.0,52.0,19.0,53.0,,36.0,57.0,42.0,45.0,,,37.0,44.0,29.0,51.0,17.0,42.0,,21.0,,10.0,35.0,50.0,31.0,,58.0,20.0,7.0,12.0,40.0,,21.0,,26.0,,17.0,,32.0,46.0,20.0,,53.0,13.0,35.0,,48.0,,25.0,,50.0,55.0,16.0,41.0,,29.0,,14.0,,21.0,27.0,42.0,23.0,,47.0,58.0,,23.0,,46.0,,35.0,,56.0,22.0,24.0,47.0,9.0,52.0,35.0,47.0,,25.0,,25.0,29.0,47.0,29.0,0.0,11.0,,52.0,6.0,33.0,30.0,53.0,27.0,43.0,26.0,50.0,51.0,10.0,46.0,57.0,47.0,55.0,,,17.0,39.0,,43.0,52.0,43.0,30.0,48.0,,52.0,36.0,,,37.0,46.0,43.0,23.0,33.0,,8.0,10.0,12.0,57.0,26.0,,,,13.0,42.0,12.0,,20.0,27.0,18.0,35.0,33.0,,17.0,32.0,,22.0,41.0,43.0,47.0,13.0,43.0,30.0,,51.0,29.0,20.0,31.0,8.0,31.0,51.0,45.0,17.0,44.0,,,,58.0,21.0,21.0,24.0,57.0,19.0,20.0,31.0,,,,25.0,,30.0,19.0,19.0,45.0,33.0,8.0,,34.0,39.0,19.0,,,56.0,45.0,9.0,19.0,30.0,,28.0,46.0,12.0,,27.0,,20.0,26.0,,18.0,12.0,,14.0,10.0,49.0,10.0,57.0,54.0,12.0,24.0,,27.0,32.0,29.0,8.0,,55.0,36.0,22.0,23.0,26.0,50.0,32.0,22.0,7.0,21.0,,30.0,,,,,34.0,46.0,24.0,37.0,21.0,13.0,26.0,10.0,,50.0,45.0,29.0,,52.0,17.0,52.0,27.0,23.0,,52.0,36.0,,4.0,22.0,42.0,43.0,16.0,10.0,7.0,,9.0,,34.0,21.0,32.0,50.0,35.0,21.0,17.0,42.0,19.0,34.0,38.0,24.0,23.0,38.0,,30.0,,51.0,44.0,53.0,32.0,,14.0,55.0,5.0,36.0,,45.0,44.0,35.0,35.0,,33.0,25.0,,30.0,,,41.0,54.0,52.0,,40.0,36.0,19.0,11.0,22.0,11.0,51.0,55.0,,17.0,24.0,,13.0,38.0,,18.0,24.0,11.0,0.0,36.0,43.0,0.0,21.0,57.0,34.0,27.0,10.0,58.0,,,,33.0,15.0,54.0,12.0,,45.0,,,16.0,14.0,,28.0,25.0,28.0,24.0,,17.0,43.0,45.0,20.0,41.0,,5.0,42.0,,57.0,,30.0,25.0,,21.0,21.0,50.0,15.0,37.0,56.0,31.0,,26.0,,55.0,42.0,54.0,25.0,16.0,6.0,,,5.0,,11.0,37.0,8.0,29.0,19.0,23.0,,11.0,25.0,15.0,,6.0,13.0,16.0,55.0,57.0,21.0,33.0,24.0,55.0,24.0,24.0,21.0,17.0,52.0,23.0,4.0,,35.0,,,41.0,38.0,19.0,5.0,,23.0,23.0,29.0,55.0,11.0,,,48.0,16.0,9.0,2.0,,42.0,20.0,17.0,15.0,,36.0,38.0,,46.0,43.0,23.0,38.0,37.0,10.0,,21.0,17.0,14.0,,20.0,,34.0,15.0,,32.0,52.0,50.0,,46.0,27.0,53.0,,,,10.0,38.0,26.0,26.0,,41.0,,40.0,25.0,,37.0,37.0,19.0,23.0,54.0,,39.0,,,46.0,,50.0,22.0,12.0,26.0,15.0,19.0,,41.0,44.0,36.0,17.0,,,,51.0,21.0,22.0,,15.0,38.0,47.0,8.0,7.0,,29.0,4.0,46.0,49.0,26.0,45.0,,,15.0,,,24.0,29.0,34.0,,5.0,,52.0,,,36.0,25.0,23.0,40.0,34.0,16.0,,22.0,,27.0,,13.0,25.0,25.0,53.0,55.0,,,9.0,47.0,52.0,36.0,26.0,41.0,,42.0,36.0,43.0,23.0,,28.0,11.0,11.0,,42.0,40.0,21.0,21.0,,13.0,35.0,,12.0,16.0,6.0,10.0,29.0,37.0,,,,,39.0,29.0,53.0,40.0,30.0,37.0,52.0,,,47.0,24.0,51.0,55.0,,24.0,41.0,21.0,7.0,,54.0,51.0,,37.0,21.0,26.0,43.0,,,8.0,34.0,30.0,42.0,52.0,,55.0,,33.0,16.0,13.0,41.0,47.0,48.0,12.0,52.0,,,36.0,,33.0,39.0,,54.0,34.0,,50.0,16.0,,42.0,,,16.0,,,44.0,,44.0,15.0,32.0,,21.0,48.0,,58.0,35.0,,,20.0,,,21.0,52.0,50.0,49.0,72,3,2.5237430167597767,18.491404011461317,-0.3561968969975267
3,4,4,7,1,7,5,7,3,5,6,11,6,4,6,11,6,9,18,7,5,10,5,6,0,14,8,2,7,7,12,9,6,5,9,10,11,10,8,8,15,21.0,15,11,8,6,10,5,9,17,0,11,9,8,14,0,11,17,12,7,21,8,7,9,13.0,8,1,6,4,9,8,10,15,10,12,6,14,13,13,8,14,7,13,13,15,12,14,8,27,12,14,16,7,13,12,11,14,10,14,9,20,19,4,14,9,15,8,18,7,14,20,55.0,14,29,11.0,11,11,9,13,24,14,14,10,10,10,10,9,0.0,1,11,14,14,14.0,11,13,30.0,18,6,14,15,9,17,20,30,22.0,33.0,8,17.0,13,18,12,15,19.0,8,17,11,19,33.0,13,10,14,15,15,15,19,14.0,23,15,9,16,11,38.0,8,6,9,16,16,16.0,15,23.0,24,14,16,13,14,,35.0,26,13,51.0,16.0,6,22,6,13,24,16,13,12.0,9,17,34.0,11,17,16,23,,13,13,30,17,9.0,11,27,13,12,22,25,11,29.0,11.0,17,26,15,46.0,16,24,6,,18,9.0,19.0,20,16,,20,18,19,24.0,19.0,32,20,12,23,15,20.0,22,17,7,11,5,19,39.0,12.0,17,,29.0,19.0,19.0,19,21.0,17,16,17,14.0,12.0,25.0,38.0,18.0,8,22.0,1.0,46.0,5,24,4.0,13,17,12,21.0,41.0,13.0,20,,3,20,21.0,23.0,22,,8.0,13,17,22.0,12,31.0,46.0,19.0,21,22,37.0,10,17,21,27,23,21,13,19,16,18,29,14,32.0,31.0,6,11,11,13.0,8.0,28,17,14,,14,23.0,33,13,20,11,11,26.0,8,24.0,14,21,19.0,15,8,12,,,17,28.0,,13.0,19.0,21.0,16,19.0,18,4,7,19.0,16,9.0,49.0,10,,14.0,,24,37.0,15,17,20,18,27,29,11,33.0,12,15.0,24,25,15,48.0,15,,21,26.0,27,27.0,28,13,15.0,19,17.0,7,12.0,18.0,13,24,18.0,4.0,12.0,30.0,27.0,20,28.0,29.0,16,39.0,16,9,11.0,43.0,26,23.0,10,11.0,29.0,38,16,26,33.0,10,27.0,28.0,15,33.0,3,38.0,21,15,13,8.0,36.0,24,32,18,29.0,22.0,29,25,18.0,10,12.0,7.0,22.0,16.0,47.0,16.0,10.0,18.0,,38.0,19,16,28.0,38.0,7.0,13.0,12.0,17.0,49.0,10.0,15,24,8.0,14.0,8,16.0,53.0,32.0,12.0,39.0,36.0,19,40,42.0,30.0,21.0,33.0,12,52.0,31.0,,49,15,18,,36.0,32.0,38.0,10,14,15.0,,13,10.0,26.0,19,32.0,22.0,19.0,25,14.0,24,15.0,14.0,9.0,33,25.0,26,7.0,24,22,10.0,13.0,27.0,12.0,31,13,28,39.0,22,26.0,10,38,10.0,7,17,47.0,20.0,11,14,22.0,1.0,28.0,,23.0,8.0,22,20.0,22,10,28.0,26.0,55.0,45.0,7.0,17.0,16,20,6.0,16.0,28.0,33.0,6.0,38.0,19,5.0,11,30.0,52.0,13.0,19.0,23,22.0,16,,17.0,27.0,23,46.0,13.0,,14,16,25.0,36.0,18.0,38.0,0.0,20.0,,,,7.0,30.0,26.0,12,22,19.0,19.0,17.0,14,6,3,23,43.0,21.0,12,6,15.0,32.0,16,33.0,24.0,30.0,18,40.0,14.0,,30,24.0,,22.0,,22.0,37.0,15,34.0,10,29.0,11,23,37,26.0,26.0,10.0,22.0,19.0,18.0,12.0,46.0,22.0,26.0,18.0,10,34.0,38.0,15,32.0,,7.0,37.0,10,21.0,24.0,,4,15,11.0,10,8.0,12.0,32.0,,16,17.0,17,23,38.0,6,41.0,22,18.0,0.0,21.0,31,24,31.0,35.0,27,8.0,19,25.0,18,,9.0,29.0,35.0,25.0,26.0,11,45.0,29.0,17.0,21.0,30.0,,35.0,29,13,37.0,29,14,28,56.0,38.0,34.0,52.0,0.0,13.0,20,36.0,19.0,32.0,10,40.0,36.0,,19.0,,23,37.0,21.0,24.0,41.0,30.0,,24.0,29,,55.0,32.0,11.0,32.0,22.0,33.0,21,28.0,7.0,20.0,13.0,20,15,28.0,11.0,29,23.0,10.0,14.0,23,25.0,7.0,7.0,5.0,20,42.0,,20.0,28.0,45.0,24.0,10.0,29.0,15.0,15,14,16.0,42.0,23.0,46.0,19.0,7.0,23.0,23.0,20.0,47.0,29,9,12.0,15,33.0,39.0,26.0,21.0,16,14,13.0,4.0,18.0,24.0,19.0,27.0,28.0,35.0,13.0,8,21.0,50.0,,33.0,26.0,28.0,22,17.0,22.0,20.0,13,54.0,45.0,23.0,18.0,29.0,29.0,26,12.0,34,40.0,32.0,24.0,34.0,31.0,26.0,50.0,5.0,25.0,11.0,,31.0,16.0,16.0,21.0,23.0,19.0,26.0,49.0,,,18,28.0,0.0,27,28.0,25.0,16,21.0,47.0,32.0,15,7,22,11.0,15.0,25.0,10.0,5.0,13.0,23.0,19.0,40.0,16,28.0,15,40.0,2,18,11.0,19,42.0,29.0,18.0,0.0,22,14.0,13.0,44.0,12.0,,,17,44.0,8,20.0,,32.0,28,18.0,9,15,35.0,19.0,23.0,21,25.0,26.0,15,17.0,10.0,35.0,22.0,,37.0,21.0,40.0,17,8.0,5.0,18.0,19.0,23.0,25.0,34.0,40.0,14,14.0,37,18.0,36.0,38.0,15.0,18,27,19.0,8.0,25.0,35.0,10.0,47.0,34.0,24.0,19.0,16,,18.0,50,17,,7.0,21,51.0,45.0,11,19.0,18,18,27,13.0,27.0,26.0,12.0,17.0,29.0,48.0,46.0,11.0,39.0,23.0,13.0,12.0,46.0,17.0,18.0,7.0,13.0,48.0,25.0,,27.0,34.0,21.0,27.0,27.0,16.0,46.0,55.0,15.0,24.0,24.0,14.0,12.0,,19.0,30.0,,14.0,12.0,47.0,36.0,18.0,16.0,,55.0,,54.0,11,9.0,23.0,25.0,36,27.0,,35.0,27.0,40.0,,21.0,34.0,43.0,22.0,16.0,26.0,21.0,,18.0,28.0,10.0,37.0,15.0,,28.0,21.0,32.0,7.0,13.0,43.0,25.0,16.0,16,13.0,32.0,16.0,24,32.0,18.0,24.0,30.0,54.0,25.0,46.0,24.0,31.0,28,24.0,11.0,23.0,30.0,13.0,23.0,17,10,41.0,37.0,25.0,,25.0,17.0,21,21,31.0,50.0,18.0,20.0,,29.0,22.0,21.0,42.0,24.0,7.0,36.0,36.0,25.0,23.0,14.0,20,40.0,18.0,24.0,18.0,8.0,13,33.0,18,13.0,18,2.0,31.0,21.0,,31.0,43.0,15.0,37.0,14.0,25.0,40.0,5.0,18,33.0,9.0,44.0,48.0,34.0,30,13.0,47.0,23.0,5.0,34.0,,29.0,36.0,53.0,30,24,18.0,,12.0,19.0,,15.0,,14.0,13,18.0,42.0,55.0,51.0,,27.0,15.0,10.0,17,30.0,16.0,15.0,18,4,14.0,45.0,39.0,12.0,52.0,53.0,27.0,14.0,33.0,12.0,13.0,39.0,16.0,48.0,,7,27.0,,,24.0,6.0,19,41.0,23.0,23,47.0,15.0,28.0,29.0,31.0,35.0,14.0,54.0,13.0,,35.0,11,15.0,35.0,51.0,46.0,28,19.0,40.0,23.0,31.0,21.0,,25.0,13.0,,24.0,32.0,32.0,26.0,23,11,35.0,10.0,0.0,48.0,13.0,21,26,30.0,13.0,50.0,9.0,,20.0,15.0,2.0,19.0,36.0,30.0,33.0,17.0,13.0,33.0,27,36,18.0,22.0,47.0,,21.0,20,38.0,52.0,,35.0,23.0,17.0,19.0,45.0,29.0,8.0,12.0,10.0,42.0,,,29,45.0,16.0,22,25.0,15.0,24.0,15.0,24.0,42.0,,17.0,22.0,,31.0,,15.0,53.0,20.0,,28.0,33.0,51.0,37.0,,29.0,43.0,7.0,54.0,31.0,,22.0,,52.0,51.0,,47.0,22.0,9.0,28.0,27.0,43.0,,11.0,13.0,51.0,13.0,20.0,32.0,24.0,,34.0,20.0,34.0,9.0,12.0,36.0,49.0,13.0,21.0,10.0,,,26.0,28.0,21,,26.0,17.0,29.0,15.0,11.0,30.0,8.0,14.0,48.0,8.0,29.0,27.0,44.0,26.0,30.0,44.0,27.0,,47.0,39.0,6.0,37.0,12.0,17.0,,21.0,7.0,27.0,,42.0,29.0,24.0,22.0,34.0,16.0,,25.0,9.0,30.0,,29.0,42.0,30.0,37.0,14.0,16,25.0,9.0,45.0,34.0,29.0,37.0,12.0,44.0,22.0,31,37.0,17.0,23.0,26.0,15.0,33.0,14.0,47.0,33.0,30.0,0.0,33.0,,18.0,,,12,37.0,2.0,19.0,33.0,,18.0,36.0,27.0,22.0,,44.0,,27.0,54.0,,33.0,0.0,,22.0,14.0,22.0,55.0,34.0,10.0,16,19,15.0,37.0,24.0,33.0,21.0,17.0,7.0,16.0,23.0,30.0,38.0,21.0,50.0,26.0,,32.0,52.0,28.0,30.0,38.0,41.0,26.0,22.0,53.0,,17.0,,29.0,7.0,,44.0,53.0,38.0,52.0,56.0,42.0,17.0,17.0,,8.0,49.0,32.0,27.0,26.0,42.0,48.0,,17.0,16,23.0,16.0,31.0,18.0,24,18.0,26.0,41.0,10.0,12.0,,6.0,33.0,24,56.0,31.0,12.0,23.0,,,,36,,38.0,48.0,22.0,25,25.0,15.0,30.0,30.0,25.0,35.0,29.0,24.0,14.0,6.0,38.0,33.0,22.0,0.0,19.0,32.0,,44.0,12.0,27.0,5.0,11.0,27.0,42.0,20,28.0,29.0,10.0,,34.0,49.0,46.0,29.0,34.0,,,36.0,15.0,14,30.0,,35.0,23.0,14.0,51.0,,12.0,,0.0,44.0,11.0,52.0,,40.0,30.0,18.0,52.0,,32.0,52.0,29.0,38.0,39.0,,,33.0,52.0,55.0,23.0,6.0,36.0,24.0,13.0,0.0,54.0,26.0,54.0,31.0,36.0,19.0,52.0,9.0,18.0,26.0,19.0,24.0,,22.0,48.0,49.0,27.0,33.0,49.0,32.0,24.0,56.0,,37.0,15.0,19.0,,35.0,,25.0,15.0,17.0,,31.0,31,14.0,,44.0,11.0,36.0,37.0,23.0,13.0,9.0,28.0,28.0,41.0,26.0,,,19.0,21.0,,14.0,,12.0,49.0,20.0,,6.0,45.0,26.0,,49.0,,34.0,13.0,21.0,16.0,34.0,30.0,21.0,,21.0,20.0,,23.0,,18.0,7.0,47.0,46.0,55.0,34.0,27.0,,0.0,35.0,19.0,,19.0,27.0,53.0,21.0,21.0,30.0,,,19.0,47.0,,28.0,37.0,27.0,,29.0,,5.0,17.0,26.0,30.0,37.0,43.0,38.0,30.0,22.0,20.0,,35.0,26.0,27.0,12.0,6.0,17.0,18.0,20.0,56.0,49.0,39.0,18.0,27.0,,32.0,22.0,,51.0,44.0,0.0,42.0,14.0,25.0,,25.0,34.0,11.0,,24.0,,,19.0,25.0,32.0,35.0,21.0,,9.0,21.0,32.0,31.0,32.0,,,47.0,31,19.0,37.0,18.0,,33.0,0.0,37.0,,14.0,35.0,13,10.0,21.0,43.0,36.0,30.0,36.0,37.0,26.0,29,19.0,30.0,19.0,56.0,,38.0,19.0,37.0,28.0,25.0,14.0,24.0,6.0,46.0,,18.0,24.0,11.0,23.0,30.0,36.0,26.0,9.0,24.0,15.0,21.0,14.0,,,,11.0,56.0,24.0,56.0,32.0,35.0,,15.0,0.0,25.0,15.0,34.0,8.0,49.0,23.0,39.0,25.0,51.0,8.0,18.0,20.0,20.0,,53.0,21.0,26.0,,39.0,32.0,32.0,28.0,44.0,39.0,11.0,,,29.0,33.0,48.0,34.0,49.0,43.0,28.0,13.0,,26.0,,14.0,23.0,43.0,47.0,,,18.0,,21.0,20.0,,,38.0,15.0,16.0,32.0,33.0,27.0,12.0,22.0,41.0,0.0,0.0,23.0,32.0,,44.0,44.0,22.0,49.0,10.0,44,13.0,33.0,,,19.0,32.0,,33.0,38.0,16.0,23.0,37.0,24.0,17.0,25.0,25.0,29.0,11.0,29.0,31.0,32.0,24.0,22.0,28.0,52.0,24.0,16.0,,,31.0,21.0,,48.0,45.0,15.0,29.0,14.0,18.0,48.0,25.0,29.0,48.0,,36.0,53.0,,40.0,16.0,41.0,39.0,49.0,32.0,21.0,,15.0,39.0,54.0,,18.0,30.0,,20.0,29.0,24.0,,,,22.0,12.0,36.0,26.0,24.0,40.0,14.0,,22.0,28.0,27.0,39.0,14,37.0,26.0,15,19.0,25.0,28.0,20.0,10.0,,33.0,20.0,35.0,20.0,54.0,36.0,23.0,13.0,10.0,29.0,31.0,21.0,25.0,51.0,35.0,43.0,30.0,24.0,,18.0,23.0,31.0,21.0,,32.0,12.0,25.0,4.0,,17.0,54.0,28.0,8.0,37.0,13.0,25.0,,,19.0,42.0,14.0,,,46.0,,0.0,37.0,,37.0,33.0,50.0,26.0,23.0,34.0,28.0,15.0,20.0,31.0,6.0,33.0,42.0,29.0,16.0,5.0,,0.0,38.0,27.0,14.0,20.0,,,37.0,11.0,21.0,,32.0,13.0,25.0,,0.0,11.0,20.0,,41.0,43.0,6.0,17.0,28.0,49.0,17.0,21.0,35.0,,,26.0,11.0,23.0,14.0,10.0,23.0,33.0,24.0,52.0,51.0,23.0,28.0,26.0,,26.0,,,18.0,24.0,,18.0,,41.0,6.0,,,32.0,24.0,23.0,25.0,50.0,34.0,12.0,30.0,32.0,19.0,,24.0,53.0,48.0,26.0,16.0,18.0,29.0,13.0,40.0,45.0,45.0,31.0,38.0,,53.0,,29.0,19.0,0.0,41.0,53.0,54.0,,30.0,,16.0,,46.0,17.0,8.0,26.0,25.0,42.0,36.0,27.0,12.0,22.0,,27.0,21.0,29.0,,26.0,,29.0,,,5.0,,25.0,,15.0,8.0,37.0,11.0,19.0,,,,37.0,6.0,33.0,,35.0,32.0,,49.0,42.0,32.0,27.0,,26.0,45.0,40.0,12.0,,52.0,19.0,27.0,40.0,13.0,18.0,49.0,53.0,,32.0,15.0,,20.0,33.0,,11.0,48.0,24.0,22.0,12.0,45.0,8.0,35.0,10.0,,25.0,,49.0,52.0,21.0,17.0,36.0,39.0,,36.0,11.0,,47.0,46.0,50.0,44.0,32.0,,29.0,26.0,22.0,28.0,33.0,7.0,10.0,34.0,51.0,8.0,15.0,3.0,26.0,38.0,,6.0,35.0,53.0,10.0,31.0,17.0,,16.0,29.0,23.0,16.0,44.0,,44.0,32.0,6.0,32.0,18.0,,28.0,30.0,49.0,22.0,33.0,,,15.0,,17.0,52.0,20.0,20.0,34.0,23.0,23.0,18.0,,37.0,13.0,31.0,,52.0,,19.0,33.0,56.0,20.0,36.0,52.0,37.0,,41.0,42.0,,37.0,,19.0,31.0,26.0,26.0,28.0,22.0,,53.0,,46.0,16.0,,33.0,17.0,37.0,11.0,30.0,44.0,33.0,,,10.0,45.0,15.0,,27.0,52.0,55.0,45.0,13.0,31.0,33.0,20.0,22.0,26.0,13.0,,16.0,,32.0,,10.0,38.0,,,22.0,35.0,28.0,,,8.0,17.0,49.0,33.0,,13.0,,25.0,16.0,27.0,23.0,42.0,15.0,20.0,6.0,,,,19.0,17.0,46.0,15.0,16.0,,39.0,,34.0,,37.0,27.0,36.0,,,,35.0,6.0,,39.0,17.0,,47.0,47.0,45.0,15.0,15.0,33.0,50.0,18.0,35.0,19.0,39.0,32.0,38.0,32.0,15.0,20.0,47.0,38.0,,43.0,27.0,30.0,24.0,47.0,,26.0,6.0,43.0,,7.0,52.0,,,,9.0,32.0,25.0,10.0,48.0,28.0,11.0,36.0,18.0,25.0,54.0,,,30.0,35.0,,,39.0,32.0,6.0,,19.0,12.0,,37.0,,44.0,33.0,37.0,,,22.0,,24.0,26.0,15.0,16.0,45.0,25.0,14.0,21.0,10.0,,30.0,52.0,,,5.0,9.0,,17.0,12.0,,23.0,12.0,30.0,32.0,33.0,,21.0,7.0,23.0,12.0,,,15.0,33.0,51.0,31.0,,,32.0,32.0,27.0,37.0,42.0,40.0,24.0,28.0,27.0,25.0,56.0,,22.0,27.0,,44.0,33.0,30.0,19.0,7.0,,54.0,37.0,16.0,19.0,18.0,25.0,23.0,23.0,,22.0,56.0,38.0,,15.0,22.0,22.0,,18.0,16.0,47.0,26.0,21.0,,,20.0,13.0,26.0,49.0,40.0,55.0,,,42.0,37.0,45.0,31.0,48.0,,,48.0,44.0,,,34.0,36.0,,,35.0,33.0,28.0,,,22.0,,15.0,22.0,,,9.0,56.0,41.0,,42.0,18.0,45.0,,,15.0,9.0,14.0,30.0,12.0,10.0,,,35.0,50.0,16.0,46.0,32.0,21.0,,29.0,56.0,7.0,,16.0,,29.0,31.0,31.0,,56.0,11.0,,32.0,32.0,23.0,9.0,8.0,37.0,27.0,7.0,23.0,36.0,48.0,32.0,41.0,23.0,16.0,28.0,,28.0,8.0,14.0,54.0,26.0,,32.0,,19.0,29.0,15.0,40.0,23.0,,47.0,40.0,,14.0,41.0,15.0,10.0,41.0,14.0,28.0,,38.0,29.0,,42.0,,32.0,24.0,0.0,52.0,47.0,56.0,30.0,19.0,,30.0,,34.0,10.0,37.0,43.0,28.0,24.0,,50.0,13.0,47.0,12.0,43.0,34.0,,,31.0,,16.0,21.0,28.0,,48.0,,52.0,,24.0,12.0,18.0,43.0,,19.0,41.0,18.0,,19.0,35.0,38.0,27.0,,6.0,,40.0,22.0,,7.0,21.0,43.0,13.0,15.0,43.0,,13.0,35.0,,,,26.0,,27.0,52.0,,43.0,,18.0,17.0,26.0,,14.0,23.0,16.0,,47.0,,26.0,,36.0,34.0,29.0,21.0,49.0,36.0,32.0,,17.0,,,30.0,,36.0,33.0,16.0,44.0,36.0,18.0,31.0,35.0,,,24.0,8.0,30.0,,8.0,41.0,,,14.0,38.0,,15.0,42.0,21.0,13.0,43.0,29.0,7.0,43.0,33.0,,43.0,24.0,18.0,16.0,21.0,35.0,26.0,,15.0,30.0,3.0,50.0,47.0,17.0,,53.0,53.0,,,11.0,46.0,51.0,47.0,41.0,,9.0,46.0,16.0,39.0,,14.0,23.0,43.0,20.0,16.0,47.0,56.0,44.0,30.0,38.0,,20.0,36.0,14.0,28.0,12.0,31.0,36.0,,4.0,20.0,32.0,25.0,53.0,11.0,18.0,38.0,,34.0,50.0,18.0,8.0,51.0,54.0,14.0,16.0,11.0,,,18.0,15.0,33.0,0.0,25.0,41.0,18.0,48.0,29.0,12.0,15.0,39.0,40.0,55.0,,34.0,,26.0,34.0,30.0,14.0,26.0,29.0,35.0,,,,,32.0,48.0,,19.0,53.0,43.0,51.0,,,19.0,,29.0,19.0,,,7.0,43.0,33.0,35.0,34.0,33.0,20.0,45.0,25.0,,45.0,43.0,,17.0,18.0,48.0,15.0,41.0,39.0,28.0,,41.0,36.0,29.0,,20.0,25.0,23.0,34.0,36.0,12.0,11.0,54.0,46.0,,14.0,36.0,37.0,9.0,11.0,50.0,22.0,36.0,24.0,,53.0,17.0,48.0,20.0,33.0,8.0,15.0,22.0,39.0,33.0,18.0,42.0,,,15.0,19.0,12.0,23.0,47.0,,24.0,40.0,,,,46.0,,,25.0,,11.0,41.0,34.0,34.0,12.0,,56.0,,47.0,0.0,0.0,,31.0,52.0,26.0,11.0,36.0,,14.0,18.0,0.0,,,13.0,,12.0,19.0,56.0,17.0,12.0,12.0,,24.0,,47.0,50.0,,,21.0,17.0,,,21.0,34.0,,12.0,30.0,,32.0,6.0,37.0,,17.0,34.0,,10.0,11.0,,21.0,,32.0,5.0,,51.0,47.0,25.0,,24.0,21.0,,,31.0,,,8.0,21.0,,21.0,,,73,3,2.302752293577982,17.31419503750721,-0.333566299770046
6,4,7,5,7,7,5,8,6,5,0,3,8,9,9,8,13,8,6,14,6,12,5,8,6,7,9,11,10,15,11,8,10,14,9,9,14,5,15,13,16,16.0,18,13,8,13,19,10,10,36,15,11,7,11,16,3,7,9,7,9,9,9,24,12,5.0,15,12,15,12,10,14,12,14,10,8,14,21,12,7,9,12,11,10,10,13,8,11,16,13,16,19,11,23,16,12,9,10,17,14,13,26,14,11,10,14,14,15,11,14,12,15,,16,26,56.0,10,26,10,17,25,18,25,7,16,2,11,16,25.0,15,12,9,14,8.0,10,13,6.0,24,0,12,10,11,9,21,25,,18.0,33,25.0,12,23,23,17,19.0,14,20,23,14,52.0,11,16,19,15,11,22,8,16.0,23,15,14,15,10,38.0,7,14,5,14,20,28.0,16,27.0,14,19,11,1,29,16.0,46.0,13,17,21.0,34.0,12,21,24,13,44,12,13,11.0,18,23,26.0,8,13,20,13,33.0,41,12,10,23,,20,20,12,17,8,20,15,28.0,10.0,15,15,8,16.0,18,22,19,,16,29.0,17.0,34,16,42.0,11,16,15,19.0,33.0,20,21,18,13,18,18.0,24,20,10,22,14,16,23.0,19.0,12,,29.0,34.0,16.0,19,29.0,19,22,24,,28.0,17.0,6.0,23.0,13,15.0,28.0,7.0,5,18,35.0,20,19,19,23.0,35.0,41.0,14,35.0,23,14,16.0,17.0,13,,19.0,8,8,17.0,2,16.0,44.0,,29,22,19.0,19,19,23,23,25,27,23,18,13,21,16,11,11.0,27.0,34,13,15,13.0,29.0,13,28,16,33.0,25,52.0,19,14,15,11,19,26.0,11,20.0,14,15,14.0,13,16,17,20.0,10.0,13,50.0,34.0,7.0,21.0,25.0,20,29.0,22,18,25,34.0,18,21.0,20.0,18,22.0,29.0,17.0,21,22.0,12,26,24,18,22,21,9,3.0,14,30.0,0,12,7,49.0,7,9.0,40,43.0,15,38.0,49,21,9.0,25,15.0,32,25.0,28.0,20,28,6.0,11.0,8.0,21.0,40.0,19,0.0,41.0,20,,24,16,26.0,14.0,33,19.0,21,17.0,38.0,15,32,39,39.0,15,31.0,17.0,15,58.0,15,17.0,22,11,10,23.0,36.0,36,10,28,56.0,38.0,13,14,39.0,20,29.0,30.0,32.0,24.0,16.0,31.0,21.0,32.0,28.0,13.0,16,35,22.0,18.0,20.0,14.0,,22.0,44.0,9.0,18,27,53.0,21.0,15,17.0,55.0,17.0,15.0,23.0,46.0,14,20,42.0,26.0,39.0,19.0,8,48.0,19.0,17.0,17,17,13,21.0,,58.0,19.0,10,9,17.0,27.0,22,14.0,19.0,31,19.0,16.0,45.0,10,18.0,14,26.0,14.0,18.0,12,18.0,22,,21,33,8.0,22.0,,29.0,15,19,35,42.0,10,9.0,22,35,27.0,0,8,36.0,19.0,16,20,27.0,20.0,57.0,25.0,43.0,21.0,24,35.0,25,10,52.0,27.0,20.0,18.0,21.0,34.0,15,31,7.0,23.0,31.0,20.0,11.0,22.0,41,19.0,35,20.0,15.0,,6.0,19,24.0,16,23.0,36.0,14.0,0,17.0,44.0,,18,22,21.0,30.0,34.0,,19.0,11.0,39.0,37.0,12.0,31.0,47.0,41.0,25,19,30.0,6.0,24.0,13,32,12,21,22.0,,14,8,56.0,33.0,15,22.0,29.0,22.0,18,32.0,19.0,,9,27.0,54.0,34.0,,40.0,45.0,17,18.0,23,19.0,18,10,22,23.0,32.0,45.0,46.0,48.0,50.0,40.0,20.0,10.0,25.0,17.0,15,22.0,55.0,22,28.0,43.0,26.0,31.0,10,25.0,36.0,45.0,20,24,53.0,18,12.0,23.0,7.0,19.0,16,45.0,28,34,22.0,16,12.0,13,46.0,14.0,27.0,16,23,4.0,36.0,38,44.0,22,,22,26.0,24.0,20.0,32.0,11.0,19.0,31,19.0,44.0,25.0,36.0,,,11.0,31,32,26.0,24,34,23,10.0,21.0,40.0,18.0,19.0,17.0,32,46.0,43.0,25.0,28,24.0,34.0,17.0,,21.0,23,,44.0,27.0,28.0,33.0,21.0,14.0,21,54.0,22.0,58.0,46.0,,25.0,43.0,23,30.0,21.0,17.0,,14,13,24.0,9.0,15,28.0,8.0,27.0,18,18.0,,5.0,,14,13.0,37.0,16.0,16.0,26.0,60.0,38.0,60.0,45.0,30,20,43.0,28.0,25.0,49.0,43.0,35.0,21.0,52.0,57.0,48.0,48,17,21.0,27,,32.0,36.0,11.0,18,15,19.0,36.0,14.0,20.0,21.0,21.0,27.0,41.0,55.0,18,22.0,,29.0,16.0,52.0,,15,47.0,26.0,26.0,12,53.0,25.0,28.0,31.0,0.0,19.0,37,23.0,22,38.0,36.0,25.0,51.0,,14.0,46.0,28.0,43.0,13.0,24.0,,29.0,,,29.0,30.0,20.0,19.0,30.0,16.0,42,22.0,28.0,22,,35.0,16,20.0,28.0,23.0,23,13,24,55.0,34.0,,18.0,8.0,26.0,37.0,58.0,22.0,17,19.0,9,12.0,7,12,11.0,17,21.0,18.0,24.0,31.0,5,17.0,36.0,11.0,23.0,29.0,52.0,16,37.0,3,9.0,19.0,23.0,21,37.0,16,39,23.0,7.0,51.0,15,22.0,32.0,17,18.0,10.0,53.0,21.0,37.0,18.0,18.0,44.0,55,20.0,26.0,16.0,52.0,59.0,,35.0,16.0,41,16.0,17,11.0,45.0,16.0,16.0,16,14,33.0,31.0,42.0,42.0,24.0,32.0,25.0,40.0,21.0,23,34.0,11.0,26,28,,,10,25.0,25.0,24,13.0,19,12,31,25.0,18.0,39.0,,26.0,51.0,42.0,39.0,39.0,24.0,16.0,23.0,30.0,30.0,37.0,55.0,25.0,33.0,20.0,35.0,,17.0,36.0,25.0,0.0,33.0,47.0,13.0,13.0,15.0,48.0,24.0,0.0,28.0,,16.0,29.0,45.0,16.0,40.0,23.0,22.0,22.0,15.0,32.0,30.0,54.0,18.0,20,29.0,27.0,37.0,11,6.0,,7.0,21.0,20.0,19.0,23.0,20.0,26.0,48.0,15.0,53.0,17.0,,28.0,24.0,26.0,40.0,22.0,14.0,25.0,40.0,51.0,34.0,18.0,46.0,25.0,,7,21.0,43.0,24.0,23,24.0,33.0,15.0,28.0,16.0,51.0,21.0,,20.0,28,27.0,38.0,32.0,17.0,25.0,,20,24,,,52.0,48.0,,48.0,13,15,40.0,27.0,17.0,31.0,,29.0,16.0,26.0,30.0,,30.0,55.0,31.0,,27.0,17.0,18,25.0,26.0,,25.0,9.0,25,11.0,21,26.0,39,14.0,60.0,,,32.0,19.0,24.0,14.0,11.0,14.0,32.0,27.0,8,16.0,26.0,17.0,9.0,53.0,33,15.0,35.0,57.0,41.0,40.0,15.0,10.0,42.0,18.0,10,15,11.0,,36.0,18.0,51.0,29.0,34.0,39.0,33,24.0,22.0,12.0,,6.0,13.0,59.0,22.0,29,31.0,14.0,16.0,27,12,25.0,36.0,25.0,26.0,20.0,8.0,12.0,36.0,17.0,18.0,49.0,16.0,4.0,34.0,,18,9.0,,,41.0,,0,59.0,10.0,12,43.0,20.0,12.0,12.0,,35.0,29.0,17.0,13.0,58.0,14.0,21,,44.0,,38.0,16,15.0,40.0,25.0,18.0,33.0,,26.0,24.0,48.0,38.0,17.0,50.0,,32,16,,26.0,25.0,12.0,28.0,22,36,33.0,23.0,,17.0,45.0,30.0,,25.0,35.0,18.0,20.0,23.0,9.0,36.0,15.0,17,14,10.0,,35.0,27.0,,15,40.0,,22.0,25.0,15.0,36.0,18.0,38.0,50.0,,26.0,,18.0,21.0,27.0,34,29.0,30.0,21,61.0,34.0,11.0,37.0,51.0,62.0,38.0,44.0,,46.0,18.0,34.0,15.0,44.0,54.0,21.0,25.0,28.0,24.0,29.0,22.0,39.0,,22.0,48.0,27.0,26.0,22.0,15.0,48.0,34.0,,45.0,,33.0,33.0,36.0,60.0,50.0,20.0,17.0,61.0,45.0,35.0,,37.0,31.0,,20.0,40.0,42.0,26.0,39.0,6.0,12.0,24.0,23.0,,26.0,46.0,31.0,23,,7.0,17.0,35.0,11.0,19.0,17.0,,42.0,4.0,,27.0,,58.0,28.0,31.0,42.0,57.0,,36.0,41.0,,27.0,33.0,19.0,,45.0,9.0,38.0,15.0,36.0,,10.0,,14.0,26.0,19.0,39.0,27.0,41.0,13.0,61.0,40.0,25.0,44.0,27.0,39,19.0,23.0,22.0,28.0,,,15.0,8.0,20.0,19,44.0,30.0,,43.0,14.0,45.0,12.0,35.0,52.0,57.0,53.0,22.0,6.0,21.0,20.0,,14,47.0,8.0,17.0,,7.0,5.0,18.0,14.0,8.0,,17.0,35.0,13.0,58.0,26.0,25.0,18.0,,37.0,12.0,20.0,16.0,28.0,47.0,18,12,11.0,46.0,17.0,26.0,,33.0,11.0,18.0,,17.0,45.0,,,18.0,26.0,22.0,17.0,38.0,30.0,54.0,32.0,,51.0,50.0,8.0,15.0,39.0,,22.0,50.0,17.0,17.0,35.0,19.0,22.0,21.0,29.0,27.0,13.0,16.0,9.0,59.0,34.0,32.0,49.0,23.0,,23.0,11,30.0,12.0,13.0,,19,,,33.0,35.0,11.0,0.0,,52.0,24,45.0,,21.0,51.0,27.0,10.0,,33,46.0,31.0,36.0,42.0,23,44.0,20.0,52.0,,15.0,16.0,12.0,56.0,54.0,17.0,28.0,,16.0,17.0,45.0,53.0,60.0,,45.0,,29.0,28.0,53.0,33.0,13,36.0,,25.0,20.0,7.0,9.0,13.0,19.0,,20.0,27.0,52.0,22.0,18,17.0,50.0,34.0,55.0,17.0,20.0,35.0,29.0,,0.0,,29.0,47.0,24.0,27.0,,18.0,43.0,20.0,19.0,18.0,17.0,,30.0,45.0,35.0,30.0,36.0,27.0,26.0,13.0,11.0,10.0,52.0,29.0,,,50.0,,45.0,24.0,62.0,,42.0,26.0,25.0,,,12.0,15.0,,43.0,,38.0,,38.0,30.0,,24.0,,11.0,29.0,41.0,,24.0,29.0,40.0,28.0,14.0,17,7.0,,30.0,45.0,,27.0,,50.0,56.0,34.0,30.0,23.0,27.0,20.0,46.0,,22.0,33.0,32.0,31.0,,62.0,26.0,38.0,35.0,53.0,47.0,21.0,19.0,28.0,35.0,,56.0,,6.0,43.0,,47.0,21.0,47.0,18.0,29.0,32.0,20.0,,25.0,27.0,,27.0,0.0,,30.0,,46.0,37.0,31.0,16.0,52.0,22.0,31.0,18.0,43.0,27.0,,,17.0,16.0,17.0,17.0,34.0,30.0,37.0,40.0,2.0,,16.0,,24.0,43.0,22.0,26.0,30.0,18.0,24.0,40.0,,,35.0,,61.0,,45.0,18.0,,17.0,21.0,23.0,33.0,,29.0,24.0,11.0,25.0,32.0,23.0,25.0,18.0,41.0,12.0,23.0,31.0,30.0,,,48.0,54.0,12.0,36.0,13.0,57.0,53.0,47.0,,30.0,,54.0,27.0,42.0,22,28.0,,41.0,,,11.0,50.0,,20.0,17.0,12,18.0,37.0,57.0,35.0,50.0,46.0,34.0,11.0,25,25.0,23.0,56.0,47.0,16.0,60.0,47.0,,34.0,42.0,,32.0,29.0,35.0,37.0,32.0,42.0,20.0,52.0,,39.0,16.0,29.0,29.0,11.0,24.0,6.0,52.0,33.0,48.0,56.0,37.0,28.0,29.0,11.0,40.0,8.0,45.0,36.0,,19.0,,29.0,24.0,34.0,13.0,3.0,45.0,7.0,40.0,43.0,51.0,58.0,11.0,7.0,14.0,45.0,37.0,17.0,,25.0,36.0,17.0,53.0,24.0,42.0,15.0,48.0,13.0,40.0,17.0,37.0,17.0,19.0,27.0,55.0,35.0,11.0,42.0,11.0,,34.0,21.0,,33.0,0.0,,30.0,,,37.0,46.0,8.0,20.0,10.0,13.0,39.0,56.0,23.0,6.0,17.0,,16.0,44.0,24.0,31.0,51.0,40.0,33,,25.0,12.0,,32.0,0.0,,,,22.0,,37.0,26.0,0.0,,25.0,22.0,1.0,10.0,,29.0,43.0,,4.0,56.0,,39.0,24.0,47.0,4.0,28.0,23.0,32.0,46.0,,59.0,25.0,,,,10.0,15.0,10.0,,,,27.0,43.0,,13.0,33.0,36.0,22.0,48.0,24.0,,15.0,,54.0,15.0,37.0,13.0,35.0,27.0,23.0,21.0,56.0,,15.0,38.0,56.0,14.0,,58.0,21.0,14.0,29.0,,30.0,21,56.0,10.0,8,27.0,48.0,,,23.0,10.0,26.0,24.0,14.0,,30.0,,58.0,17.0,,29.0,8.0,18.0,,,19.0,62.0,46.0,34.0,61.0,,30.0,11.0,25.0,42.0,23.0,55.0,55.0,41.0,35.0,41.0,,20.0,22.0,39.0,18.0,18.0,26.0,57.0,,13.0,25.0,35.0,31.0,27.0,62.0,29.0,,,21.0,33.0,18.0,38.0,23.0,20.0,26.0,28.0,45.0,57.0,,,31.0,29.0,34.0,13.0,,43.0,42.0,30.0,,44.0,,14.0,21.0,,19.0,27.0,13.0,20.0,15.0,0.0,,57.0,20.0,27.0,,49.0,,22.0,9.0,38.0,56.0,25.0,18.0,47.0,48.0,48.0,31.0,,58.0,25.0,43.0,24.0,52.0,,18.0,26.0,25.0,15.0,,53.0,24.0,35.0,28.0,47.0,41.0,21.0,,,,13.0,25.0,14.0,22.0,24.0,20.0,16.0,58.0,,40.0,,,,35.0,47.0,10.0,7.0,12.0,27.0,52.0,34.0,32.0,16.0,,30.0,11.0,10.0,,54.0,,,61.0,14.0,50.0,26.0,23.0,51.0,,14.0,10.0,,50.0,60.0,53.0,46.0,18.0,38.0,21.0,28.0,18.0,,40.0,43.0,20.0,38.0,14.0,,48.0,44.0,13.0,34.0,33.0,,45.0,32.0,13.0,40.0,24.0,32.0,,56.0,25.0,37.0,14.0,19.0,,1.0,18.0,54.0,17.0,45.0,62.0,,37.0,,21.0,,24.0,54.0,59.0,17.0,54.0,25.0,47.0,,,,35.0,37.0,12.0,30.0,18.0,27.0,31.0,33.0,22.0,48.0,25.0,,12.0,,14.0,19.0,13.0,15.0,44.0,34.0,61.0,28.0,9.0,51.0,16.0,43.0,44.0,33.0,34.0,37.0,21.0,50.0,,,16.0,17.0,44.0,25.0,,35.0,15.0,0.0,41.0,19.0,17.0,9.0,0.0,21.0,0.0,57.0,15.0,36.0,1.0,35.0,26.0,41.0,,32.0,56.0,37.0,25.0,31.0,,20.0,30.0,36.0,41.0,20.0,12.0,,22.0,6.0,37.0,20.0,14.0,33.0,19.0,,35.0,36.0,45.0,14.0,,37.0,47.0,15.0,59.0,,,,10.0,,58.0,45.0,24.0,18.0,47.0,,17.0,57.0,30.0,,31.0,34.0,26.0,,11.0,,20.0,17.0,47.0,19.0,,62.0,,41.0,,,,39.0,30.0,,9.0,,23.0,21.0,36.0,34.0,53.0,21.0,40.0,,12.0,38.0,44.0,,22.0,27.0,19.0,,29.0,18.0,,54.0,31.0,,33.0,38.0,13.0,36.0,41.0,55.0,,,9.0,,23.0,37.0,11.0,19.0,,11.0,17.0,47.0,61.0,50.0,,13.0,35.0,17.0,,49.0,,,34.0,23.0,26.0,,55.0,33.0,15.0,62.0,40.0,56.0,41.0,10.0,62.0,14.0,21.0,42.0,,50.0,42.0,47.0,49.0,29.0,49.0,13.0,35.0,16.0,16.0,32.0,31.0,27.0,,38.0,60.0,38.0,,40.0,11.0,,44.0,25.0,31.0,,42.0,57.0,32.0,22.0,32.0,20.0,52.0,36.0,52.0,43.0,,,11.0,53.0,19.0,,23.0,23.0,17.0,46.0,26.0,33.0,44.0,15.0,35.0,33.0,34.0,39.0,36.0,,57.0,35.0,22.0,5.0,,19.0,8.0,37.0,45.0,0.0,40.0,,10.0,36.0,16.0,14.0,12.0,50.0,41.0,,7.0,36.0,29.0,,37.0,,33.0,41.0,49.0,36.0,56.0,11.0,33.0,34.0,18.0,16.0,33.0,30.0,36.0,12.0,38.0,46.0,57.0,,43.0,60.0,46.0,17.0,41.0,,24.0,,37.0,23.0,11.0,,26.0,19.0,51.0,15.0,33.0,40.0,58.0,25.0,46.0,20.0,31.0,17.0,47.0,,,32.0,62.0,23.0,,21.0,23.0,42.0,18.0,20.0,,,37.0,17.0,9.0,26.0,27.0,,20.0,40.0,29.0,49.0,,9.0,15.0,37.0,19.0,18.0,,49.0,34.0,17.0,,,35.0,52.0,32.0,7.0,35.0,,,,40.0,52.0,,42.0,,41.0,23.0,42.0,8.0,60.0,,15.0,45.0,33.0,60.0,36.0,,,,58.0,14.0,,17.0,35.0,36.0,30.0,16.0,16.0,,50.0,36.0,,57.0,32.0,10.0,,17.0,30.0,,,12.0,22.0,34.0,39.0,14.0,25.0,40.0,21.0,25.0,23.0,40.0,59.0,21.0,57.0,22.0,60.0,,24.0,13.0,42.0,,53.0,14.0,46.0,,48.0,,20.0,,13.0,13.0,33.0,31.0,27.0,46.0,9.0,60.0,,56.0,36.0,18.0,,10.0,26.0,31.0,27.0,45.0,25.0,40.0,,17.0,28.0,,34.0,36.0,40.0,32.0,12.0,,45.0,,23.0,,,15.0,,6.0,,53.0,32.0,,,18.0,30.0,,55.0,41.0,,25.0,57.0,23.0,27.0,,,,46.0,27.0,0.0,21.0,11.0,28.0,15.0,25.0,35.0,32.0,16.0,40.0,18.0,16.0,40.0,22.0,60.0,,12.0,27.0,,0.0,,12.0,62.0,9.0,57.0,,36.0,,56.0,44.0,,20.0,,20.0,,20.0,,25.0,11.0,,37.0,41.0,35.0,11.0,49.0,33.0,,18.0,42.0,31.0,62.0,13.0,48.0,27.0,,20.0,18.0,36.0,59.0,62.0,,44.0,,21.0,53.0,26.0,19.0,32.0,27.0,32.0,58.0,22.0,34.0,51.0,,,43.0,28.0,42.0,22.0,14.0,56.0,39.0,12.0,,,0.0,,,41.0,35.0,21.0,45.0,15.0,51.0,32.0,31.0,28.0,,,48.0,22.0,21.0,12.0,,28.0,32.0,,17.0,,,44.0,45.0,58.0,22.0,22.0,20.0,43.0,,10.0,12.0,37.0,25.0,62.0,35.0,,30.0,57.0,30.0,8.0,49.0,23.0,30.0,23.0,31.0,17.0,18.0,,39.0,26.0,42.0,19.0,16.0,24.0,35.0,21.0,25.0,,,44.0,36.0,13.0,17.0,51.0,47.0,19.0,46.0,12.0,39.0,54.0,,33.0,,57.0,47.0,20.0,,40.0,62.0,44.0,10.0,57.0,,43.0,30.0,21.0,12.0,20.0,45.0,57.0,34.0,15.0,31.0,24.0,,37.0,22.0,26.0,15.0,24.0,57.0,19.0,26.0,24.0,,21.0,23.0,24.0,53.0,30.0,32.0,53.0,32.0,27.0,,61.0,25.0,,36.0,51.0,12.0,17.0,,27.0,,27.0,33.0,,47.0,32.0,,29.0,,30.0,39.0,,58.0,55.0,,0.0,26.0,,16.0,16.0,50.0,,17.0,13.0,41.0,24.0,,49.0,14.0,,,34.0,24.0,,43.0,16.0,61.0,0.0,39.0,48.0,28.0,,46.0,44.0,,0.0,,34.0,28.0,,25.0,29.0,43.0,,32.0,17.0,48.0,10.0,15.0,,21.0,,34.0,,3.0,57.0,41.0,,55.0,,12.0,0.0,13.0,28.0,54.0,41.0,39.0,,30.0,50.0,18.0,,29.0,59.0,28.0,34.0,31.0,61.0,30.0,45.0,28.0,23.0,,39.0,43.0,53.0,19.0,13.0,,20.0,,19.0,48.0,44.0,29.0,29.0,35.0,11.0,35.0,17.0,,17.0,34.0,23.0,25.0,,,46.0,29.0,,,,16.0,0.0,27.0,50.0,,,38.0,,,,62.0,17.0,,20.0,39.0,38.0,,24.0,17.0,14.0,43.0,16.0,,,31.0,,15.0,40.0,,49.0,,,,40.0,51.0,,,33.0,0.0,24.0,74,3,2.494475138121547,18.280466970387245,-0.34735306721113834
5,3,7,6,8,6,7,9,9,6,8,15,12,7,5,8,7,6,23,18,14,9,13,14,11,11,7,11,9,11,13,9,8,2,14,13,8,11,12,12,15,19.0,10,19,7,10,9,8,8,26,12,13,14,11,13,21,15,10,9,13,7,17,20,17,53.0,14,11,6,10,9,23,14,15,12,7,12,13,12,10,8,15,15,8,12,14,14,6,14,3,18,11,13,33,15,15,14,26,9,17,22,16,7,14,8,11,16,1,15,13,7,5,31.0,14,22,19.0,14,19,14,13,15,8,10,10,15,8,9,11,58.0,13,10,13,12,21.0,13,13,11.0,10,11,12,11,9,16,9,23,13.0,,9,15.0,19,17,14,0,36.0,12,11,12,20,50.0,20,16,16,17,21,18,15,20.0,23,18,15,15,12,27.0,16,20,7,30,16,8.0,17,9.0,16,9,16,21,13,43.0,24.0,18,15,26.0,22.0,13,52,8,19,14,1,17,9.0,13,18,51.0,12,9,12,12,21.0,21,12,14,9,,21,22,23,30,16,4,12,25.0,10.0,14,10,14,16.0,25,28,8,27.0,8,31.0,25.0,13,16,22.0,9,25,17,21.0,24.0,15,21,13,23,22,32.0,24,8,22,22,20,25,27.0,17.0,19,,26.0,22.0,18.0,32,31.0,16,28,17,13.0,9.0,13.0,6.0,17.0,16,26.0,26.0,13.0,10,12,17.0,44,34,18,58.0,18.0,50.0,10,,18,13,7.0,19.0,13,49.0,21.0,14,16,32.0,20,28.0,9.0,46.0,19,22,44.0,18,35,22,23,14,15,20,29,15,26,21,26,16.0,38.0,15,19,15,16.0,39.0,17,29,11,52.0,17,23.0,18,17,35,11,4,23.0,6,17.0,18,18,16.0,20,14,14,43.0,,6,29.0,29.0,19.0,12.0,17.0,18,45.0,20,28,28,16.0,27,,27.0,15,,19.0,57.0,11,43.0,26,29,24,8,24,19,11,49.0,17,17.0,24,17,9,37.0,1,12.0,17,11.0,6,,21,36,53.0,32,53.0,14,25.0,15.0,16,46,50.0,15.0,11.0,19.0,18.0,2,44.0,11.0,17,15.0,11,26,36.0,36.0,22,24.0,13,10.0,28.0,15,23,21,20.0,26,39.0,31.0,23,23.0,21,34.0,20,25,14,27.0,36.0,21,21,20,29.0,26.0,18,28,12.0,15,43.0,14.0,53.0,,,25.0,16.0,8.0,36.0,28.0,21,25,18.0,18.0,0.0,15.0,23.0,0.0,31.0,49.0,10,19,18.0,21.0,16,16.0,18.0,19.0,19.0,18.0,2.0,14,21,,33.0,17.0,35.0,18,57.0,23.0,14.0,46,26,3,34.0,33.0,27.0,27.0,15,23,28.0,27.0,33,19.0,10.0,14,46.0,41.0,44.0,24,30.0,11,16.0,18.0,20.0,32,22.0,24,5.0,17,12,,13.0,15.0,54.0,40,14,20,16.0,22,40.0,10,19,34.0,22,21,48.0,37.0,18,19,27.0,17.0,35.0,20.0,21.0,15.0,24,37.0,22,8,21.0,,36.0,46.0,,12.0,15,4,21.0,22.0,8.0,44.0,43.0,,8,36.0,17,25.0,31.0,,0.0,19,28.0,26,52.0,35.0,24.0,24,23.0,,26.0,19,27,14.0,23.0,31.0,12.0,29.0,10.0,,25.0,32.0,29.0,11.0,45.0,16,19,50.0,11.0,15.0,18,21,15,13,30.0,23.0,17,18,8.0,37.0,15,37.0,38.0,35.0,16,,,13.0,13,13.0,29.0,35.0,,40.0,22.0,23,20.0,17,25.0,15,22,14,31.0,38.0,8.0,19.0,47.0,24.0,43.0,53.0,17.0,14.0,45.0,16,24.0,13.0,15,18.0,55.0,34.0,22.0,15,27.0,52.0,23.0,14,16,21.0,5,22.0,41.0,48.0,9.0,30,25.0,28,18,,7,,20,10.0,,39.0,22,19,9.0,27.0,20,13.0,23,34.0,25,19.0,12.0,18.0,,43.0,10.0,26,34.0,30.0,19.0,26.0,33.0,27.0,33.0,15,19,,18,16,18,27.0,23.0,34.0,55.0,17.0,17.0,27,38.0,30.0,45.0,11,19.0,29.0,46.0,18.0,42.0,35,,22.0,25.0,58.0,26.0,20.0,33.0,28,,33.0,51.0,,13.0,21.0,37.0,14,34.0,25.0,28.0,39.0,0,24,31.0,,20,27.0,11.0,33.0,19,12.0,21.0,26.0,28.0,21,0.0,50.0,21.0,10.0,26.0,16.0,,20.0,31.0,13,21,25.0,29.0,24.0,25.0,35.0,17.0,21.0,20.0,,23.0,15,20,34.0,35,40.0,41.0,24.0,22.0,25,11,22.0,22.0,35.0,33.0,,6.0,46.0,35.0,47.0,21,32.0,15.0,14.0,20.0,19.0,13.0,14,16.0,32.0,10.0,21,,26.0,,34.0,3.0,11.0,21,17.0,24,16.0,10.0,25.0,28.0,45.0,,21.0,42.0,26.0,31.0,19.0,15.0,13.0,7.0,,24.0,34.0,12.0,21.0,13.0,,19,31.0,,17,23.0,49.0,14,29.0,13.0,34.0,25,33,22,40.0,25.0,32.0,39.0,25.0,21.0,36.0,19.0,15.0,25,18.0,29,44.0,15,26,14.0,15,58.0,,28.0,10.0,21,27.0,18.0,33.0,18.0,21.0,39.0,14,27.0,13,45.0,0.0,41.0,11,26.0,14,24,45.0,24.0,56.0,26,10.0,23.0,20,20.0,22.0,25.0,30.0,42.0,29.0,28.0,31.0,9,24.0,36.0,31.0,,32.0,19.0,26.0,24.0,28,29.0,9,16.0,28.0,40.0,,11,15,32.0,45.0,47.0,27.0,15.0,19.0,57.0,20.0,46.0,30,21.0,16.0,26,24,56.0,,15,26.0,33.0,29,9.0,26,33,29,42.0,32.0,49.0,27.0,39.0,29.0,25.0,44.0,57.0,26.0,33.0,21.0,44.0,24.0,21.0,,43.0,26.0,41.0,28.0,35.0,43.0,36.0,27.0,36.0,43.0,29.0,26.0,23.0,22.0,,32.0,13.0,40.0,37.0,31.0,26.0,57.0,18.0,39.0,17.0,24.0,29.0,19.0,24.0,,48.0,23.0,17,47.0,10.0,11.0,21,47.0,58.0,,19.0,30.0,48.0,25.0,15.0,51.0,35.0,42.0,47.0,,,14.0,25.0,22.0,31.0,36.0,22.0,42.0,12.0,52.0,8.0,42.0,40.0,41.0,19.0,27,45.0,23.0,16.0,18,33.0,20.0,5.0,20.0,,13.0,17.0,10.0,52.0,22,34.0,16.0,34.0,14.0,23.0,24.0,18,16,49.0,12.0,,22.0,6.0,13.0,29,22,29.0,,,,,35.0,18.0,18.0,29.0,20.0,46.0,13.0,32.0,42.0,44.0,41.0,28,22.0,23.0,19.0,31.0,18.0,16,,30,29.0,17,29.0,47.0,19.0,41.0,,26.0,47.0,40.0,7.0,58.0,0.0,19.0,31,36.0,15.0,18.0,,27.0,18,48.0,36.0,23.0,16.0,20.0,34.0,14.0,44.0,13.0,9,15,33.0,14.0,,35.0,16.0,13.0,,10.0,23,24.0,44.0,23.0,33.0,23.0,48.0,15.0,34.0,9,29.0,31.0,19.0,24,14,40.0,24.0,13.0,33.0,18.0,24.0,25.0,35.0,21.0,27.0,48.0,20.0,20.0,31.0,,31,31.0,35.0,31.0,17.0,16.0,16,24.0,16.0,20,14.0,24.0,,38.0,28.0,,41.0,28.0,20.0,8.0,,1,35.0,29.0,12.0,17.0,27,15.0,48.0,23.0,39.0,28.0,,19.0,41.0,42.0,33.0,34.0,16.0,19.0,31,11,19.0,18.0,30.0,9.0,23.0,31,47,38.0,19.0,34.0,,56.0,25.0,25.0,21.0,16.0,,49.0,,34.0,57.0,33.0,18,22,12.0,24.0,47.0,8.0,42.0,20,44.0,39.0,13.0,33.0,41.0,41.0,8.0,7.0,23.0,18.0,,43.0,37.0,,,19,23.0,12.0,0,27.0,,11.0,45.0,29.0,,12.0,,16.0,25.0,12.0,34.0,14.0,48.0,54.0,,28.0,52.0,21.0,29.0,42.0,37.0,,35.0,,,,53.0,18.0,26.0,16.0,37.0,10.0,28.0,41.0,12.0,37.0,32.0,15.0,21.0,16.0,11.0,17.0,,26.0,32.0,47.0,,15.0,25.0,35.0,,25.0,52.0,33.0,50.0,55.0,27.0,0.0,23.0,,9,,46.0,,12.0,43.0,27.0,26.0,18.0,18.0,19.0,11.0,40.0,56.0,16.0,31.0,27.0,56.0,10.0,45.0,23.0,33.0,35.0,8.0,29.0,39.0,47.0,35.0,56.0,13.0,,24.0,30.0,16.0,,16.0,35.0,27.0,,17.0,,50.0,9.0,39.0,39.0,,19.0,9,51.0,40.0,23.0,29.0,32.0,52.0,15.0,,,24,20.0,40.0,28.0,,51.0,49.0,23.0,17.0,26.0,34.0,39.0,32.0,16.0,20.0,46.0,,5,22.0,18.0,51.0,36.0,19.0,12.0,13.0,17.0,5.0,21.0,36.0,21.0,13.0,12.0,39.0,13.0,28.0,,43.0,26.0,0.0,,9.0,36.0,34,24,25.0,27.0,20.0,18.0,19.0,43.0,32.0,12.0,49.0,13.0,33.0,46.0,10.0,42.0,25.0,37.0,32.0,,45.0,33.0,29.0,,18.0,41.0,48.0,51.0,49.0,47.0,,13.0,33.0,,38.0,16.0,50.0,,30.0,30.0,45.0,14.0,33.0,53.0,30.0,36.0,25.0,,25.0,22.0,20,33.0,23.0,13.0,16.0,19,12.0,43.0,53.0,44.0,21.0,26.0,33.0,27.0,25,51.0,13.0,37.0,29.0,35.0,9.0,41.0,42,33.0,,14.0,12.0,21,,19.0,32.0,31.0,43.0,21.0,,57.0,11.0,33.0,34.0,43.0,24.0,26.0,32.0,9.0,45.0,,15.0,42.0,26.0,,23.0,43.0,17,42.0,29.0,33.0,16.0,30.0,50.0,,21.0,26.0,50.0,19.0,50.0,51.0,36,38.0,19.0,53.0,,22.0,,19.0,18.0,44.0,8.0,35.0,15.0,46.0,23.0,,18.0,,23.0,,,14.0,17.0,41.0,3.0,,34.0,19.0,55.0,,20.0,36.0,35.0,12.0,33.0,14.0,,38.0,48.0,54.0,19.0,,10.0,28.0,,35.0,31.0,21.0,29.0,20.0,32.0,25.0,20.0,14.0,16.0,18.0,42.0,37.0,,6.0,,11.0,19.0,6.0,28.0,38.0,19.0,11.0,,15.0,26,11.0,,,39.0,,52.0,27.0,33.0,,,31.0,8.0,39.0,0.0,,19.0,47.0,17.0,46.0,29.0,13.0,51.0,32.0,25.0,25.0,32.0,9.0,,0.0,38.0,,,51.0,48.0,20.0,0.0,31.0,0.0,24.0,,22.0,33.0,,19.0,,41.0,6.0,36.0,21.0,45.0,45.0,52.0,,35.0,22.0,27.0,17.0,30.0,,8.0,39.0,44.0,,27.0,20.0,26.0,43.0,32.0,17.0,,37.0,18.0,36.0,1.0,20.0,22.0,29.0,15.0,,35.0,12.0,17.0,17.0,45.0,28.0,30.0,,39.0,35.0,36.0,26.0,36.0,35.0,,30.0,40.0,,45.0,20.0,4.0,47.0,22.0,16.0,42.0,22.0,20.0,51.0,,32.0,40.0,27.0,17.0,28.0,21.0,15.0,27.0,14.0,6.0,20.0,27.0,36.0,13.0,,19.0,31.0,49.0,34.0,21.0,21,46.0,11.0,24.0,19.0,20.0,9.0,45.0,,35.0,57.0,12,,25.0,9.0,54.0,19.0,14.0,24.0,29.0,30,20.0,29.0,25.0,11.0,23.0,12.0,58.0,27.0,,,42.0,39.0,37.0,34.0,41.0,31.0,26.0,27.0,22.0,,,6.0,,46.0,,54.0,28.0,34.0,28.0,23.0,31.0,23.0,25.0,17.0,11.0,38.0,20.0,45.0,39.0,,35.0,9.0,44.0,24.0,19.0,33.0,36.0,29.0,28.0,32.0,56.0,,,51.0,39.0,18.0,38.0,26.0,31.0,,23.0,10.0,30.0,41.0,,37.0,51.0,30.0,32.0,34.0,47.0,29.0,52.0,26.0,21.0,38.0,34.0,55.0,46.0,,31.0,6.0,18.0,,,35.0,,,,56.0,23.0,13.0,11.0,,,,34.0,4.0,29.0,22.0,29.0,12.0,24.0,,27.0,38.0,14.0,42.0,25,15.0,37.0,39.0,38.0,17.0,11.0,22.0,,,43.0,18.0,37.0,58.0,52.0,,15.0,17.0,12.0,,21.0,35.0,37.0,20.0,8.0,33.0,45.0,19.0,27.0,37.0,,58.0,48.0,46.0,38.0,45.0,57.0,19.0,,31.0,35.0,3.0,31.0,42.0,23.0,,17.0,28.0,37.0,36.0,23.0,42.0,45.0,16.0,42.0,14.0,27.0,55.0,55.0,,26.0,,20.0,17.0,36.0,36.0,28.0,,34.0,13.0,46.0,11.0,,12.0,,15.0,36.0,35.0,24.0,,25,35.0,52.0,23,40.0,23.0,56.0,,46.0,50.0,45.0,13.0,45.0,36.0,54.0,21.0,25.0,25.0,,48.0,,17.0,,51.0,54.0,,25.0,25.0,36.0,13.0,35.0,30.0,21.0,32.0,24.0,22.0,42.0,57.0,0.0,35.0,22.0,8.0,,57.0,22.0,22.0,,,29.0,16.0,,37.0,11.0,12.0,26.0,51.0,25.0,24.0,36.0,16.0,13.0,21.0,37.0,11.0,22.0,27.0,,16.0,,33.0,34.0,0.0,56.0,0.0,36.0,22.0,21.0,,42.0,,,15.0,9.0,,44.0,28.0,30.0,,,7.0,26.0,38.0,27.0,,2.0,,35.0,45.0,11.0,32.0,,14.0,46.0,11.0,36.0,16.0,44.0,,31.0,20.0,24.0,10.0,29.0,10.0,,13.0,48.0,16.0,,,,51.0,33.0,,39.0,15.0,31.0,49.0,10.0,26.0,17.0,39.0,26.0,,,14.0,48.0,11.0,54.0,58.0,18.0,,16.0,16.0,58.0,16.0,47.0,7.0,19.0,22.0,,15.0,,42.0,25.0,28.0,,12.0,9.0,,,,,20.0,32.0,30.0,,29.0,15.0,,41.0,30.0,10.0,26.0,,33.0,17.0,14.0,24.0,46.0,17.0,39.0,2.0,34.0,37.0,48.0,22.0,30.0,0.0,37.0,20.0,,34.0,0.0,20.0,22.0,28.0,3.0,34.0,9.0,,26.0,18.0,24.0,49.0,,16.0,14.0,31.0,36.0,44.0,,,29.0,,,16.0,8.0,,44.0,39.0,19.0,34.0,45.0,33.0,,27.0,25.0,38.0,32.0,43.0,34.0,30.0,33.0,30.0,17.0,0.0,,9.0,36.0,29.0,24.0,22.0,22.0,30.0,,16.0,50.0,45.0,22.0,,,45.0,24.0,23.0,0.0,47.0,31.0,,,18.0,52.0,55.0,9.0,20.0,,16.0,32.0,57.0,11.0,31.0,52.0,37.0,22.0,,48.0,,,,37.0,41.0,50.0,,27.0,27.0,35.0,24.0,16.0,,42.0,24.0,,27.0,,48.0,46.0,31.0,26.0,21.0,21.0,0.0,41.0,56.0,44.0,27.0,10.0,24.0,,,0.0,54.0,34.0,42.0,,34.0,37.0,,37.0,,,25.0,37.0,0.0,,19.0,52.0,,48.0,20.0,,58.0,25.0,28.0,,16.0,27.0,,15.0,18.0,28.0,38.0,,,16.0,19.0,,39.0,51.0,47.0,15.0,,51.0,35.0,23.0,33.0,25.0,54.0,24.0,25.0,,37.0,,,,19.0,19.0,,22.0,,46.0,43.0,26.0,43.0,18.0,,,45.0,,19.0,4.0,,40.0,12.0,48.0,13.0,19.0,24.0,13.0,21.0,25.0,38.0,23.0,34.0,,19.0,12.0,9.0,41.0,37.0,23.0,,41.0,8.0,,28.0,20.0,53.0,39.0,26.0,34.0,20.0,10.0,53.0,25.0,52.0,,53.0,58.0,,29.0,35.0,40.0,16.0,46.0,5.0,40.0,14.0,50.0,17.0,21.0,28.0,33.0,20.0,38.0,49.0,34.0,30.0,20.0,31.0,,23.0,34.0,54.0,54.0,,53.0,,,40.0,37.0,45.0,,35.0,30.0,,16.0,45.0,38.0,30.0,,,24.0,,31.0,31.0,,,19.0,,,36.0,21.0,10.0,19.0,46.0,,15.0,,57.0,36.0,53.0,,26.0,25.0,,34.0,0.0,21.0,17.0,,,0.0,29.0,56.0,30.0,44.0,,46.0,,16.0,,43.0,24.0,34.0,31.0,18.0,51.0,34.0,36.0,24.0,44.0,14.0,,,4.0,,19.0,37.0,14.0,33.0,32.0,41.0,40.0,14.0,27.0,,,,49.0,,,50.0,19.0,44.0,,,39.0,24.0,10.0,31.0,43.0,6.0,,32.0,17.0,42.0,16.0,51.0,,36.0,,55.0,,37.0,,44.0,43.0,43.0,24.0,45.0,50.0,17.0,18.0,15.0,22.0,,19.0,56.0,,,50.0,,23.0,,,,33.0,38.0,,18.0,33.0,48.0,36.0,32.0,42.0,,22.0,25.0,26.0,,23.0,35.0,40.0,,,21.0,,,44.0,,55.0,22.0,30.0,12.0,29.0,53.0,31.0,41.0,42.0,33.0,44.0,52.0,20.0,15.0,14.0,32.0,26.0,38.0,54.0,44.0,31.0,,,,7.0,,27.0,,46.0,,39.0,16.0,11.0,35.0,23.0,35.0,19.0,49.0,49.0,44.0,36.0,24.0,13.0,47.0,,,,23.0,,51.0,12.0,39.0,24.0,13.0,13.0,22.0,57.0,13.0,22.0,,,38.0,37.0,42.0,14.0,21.0,33.0,31.0,45.0,16.0,,,10.0,7.0,,17.0,23.0,,,54.0,13.0,,22.0,,,47.0,49.0,52.0,42.0,44.0,,,,17.0,,37.0,50.0,38.0,57.0,23.0,27.0,52.0,14.0,29.0,27.0,,26.0,,25.0,38.0,16.0,19.0,56.0,20.0,,9.0,20.0,,45.0,30.0,,,51.0,32.0,39.0,19.0,54.0,41.0,16.0,9.0,32.0,32.0,26.0,,29.0,37.0,27.0,25.0,21.0,41.0,49.0,13.0,46.0,10.0,,19.0,16.0,37.0,,16.0,,,,51.0,,43.0,,38.0,,,45.0,,39.0,21.0,25.0,33.0,18.0,,39.0,18.0,23.0,37.0,19.0,,35.0,24.0,40.0,20.0,46.0,,37.0,25.0,15.0,57.0,,26.0,35.0,52.0,25.0,,,39.0,26.0,,19.0,,39.0,18.0,22.0,39.0,40.0,51.0,23.0,32.0,40.0,,,37.0,26.0,30.0,,34.0,,18.0,,56.0,9.0,22.0,30.0,16.0,42.0,54.0,22.0,24.0,,25.0,21.0,38.0,,34.0,8.0,,32.0,,24.0,15.0,,52.0,27.0,56.0,18.0,,35.0,21.0,,43.0,40.0,20.0,0.0,,33.0,17.0,40.0,55.0,36.0,19.0,,44.0,10.0,45.0,27.0,,24.0,14.0,21.0,47.0,46.0,42.0,,9.0,17.0,10.0,56.0,25.0,,22.0,,34.0,,19.0,,18.0,53.0,53.0,11.0,14.0,,26.0,13.0,,23.0,,26.0,,,26.0,,53.0,30.0,26.0,50.0,23.0,36.0,29.0,,42.0,,,,,26.0,28.0,23.0,,39.0,,36.0,37.0,,48.0,58.0,39.0,50.0,34.0,49.0,,25.0,47.0,11.0,,51.0,33.0,54.0,41.0,15.0,,56.0,37.0,27.0,53.0,34.0,,49.0,,20.0,,18.0,30.0,31.0,54.0,55.0,56.0,,13.0,40.0,,38.0,49.0,54.0,24.0,48.0,37.0,,55.0,47.0,32.0,30.0,15.0,44.0,20.0,27.0,35.0,,29.0,25.0,,44.0,26.0,25.0,18.0,41.0,50.0,2.0,47.0,,,,,46.0,19.0,,18.0,,,53.0,34.0,,36.0,,26.0,42.0,14.0,40.0,,31.0,13.0,58.0,39.0,31.0,0.0,0.0,,,30.0,,29.0,36.0,,44.0,18.0,42.0,,16.0,51.0,39.0,18.0,,54.0,34.0,36.0,44.0,37.0,48.0,21.0,,54.0,54.0,31.0,31.0,,,24.0,14.0,11.0,,24.0,,31.0,53.0,30.0,42.0,,58.0,27.0,,11.0,20.0,37.0,48.0,40.0,,29.0,36.0,30.0,44.0,14.0,,47.0,25.0,30.0,,53.0,28.0,,39.0,45.0,57.0,28.0,25.0,,38.0,15.0,53.0,36.0,15.0,14.0,36.0,75,3,2.372994652406417,17.634697967363298,-0.35912078047428897
4,7,7,6,6,8,8,9,13,10,8,9,7,5,8,8,17,11,16,14,8,10,11,11,10,8,10,7,8,9,15,11,8,6,9,14,31,12,12,13,13,14.0,14,25,11,10,10,8,9,15,9,9,9,7,25,24,11,18,14,10,14,19,18,0,17.0,12,16,12,13,10,11,13,20,8,10,11,17,16,15,5,16,13,10,11,21,8,10,14,31,13,11,12,25,12,0,13,15,12,17,10,21,11,15,8,15,12,15,19,0,12,13,36.0,14,22,21.0,14,17,8,19,15,12,20,11,13,10,8,11,13.0,8,15,17,22,15.0,21,31,29.0,16,25,8,11,9,11,11,21,37.0,18.0,15,,10,17,9,11,,16,9,30,24,25.0,23,16,23,15,15,16,25,0.0,12,31,15,13,9,17.0,11,32,21,44,15,22.0,16,,19,17,10,19,14,42.0,22.0,33,21,39.0,,16,23,15,18,22,9,14,26.0,18,23,54.0,15,17,19,13,13.0,8,14,17,17,44.0,2,17,16,31,15,18,12,33.0,27.0,9,30,27,15.0,11,8,16,29.0,14,13.0,20.0,14,31,20.0,13,32,15,29.0,28.0,23,20,13,23,26,13.0,13,16,16,9,17,49,21.0,13.0,17,27.0,23.0,17.0,12.0,22,24.0,11,15,29,12.0,40.0,30.0,24.0,17.0,14,50.0,24.0,36.0,8,18,,8,15,27,47.0,37.0,35.0,18,18.0,10,12,17.0,21.0,17,,36.0,20,23,31.0,20,18.0,13.0,,48,19,11.0,25,20,22,12,22,20,16,17,9,15,20,20,12.0,48.0,35,18,7,25.0,10.0,11,24,15,,10,31.0,22,24,30,16,36,21.0,9,36.0,17,12,46.0,26,23,18,34.0,36.0,6,28.0,43.0,35.0,22.0,29.0,16,23.0,22,15,18,39.0,13,20.0,14.0,11,41.0,11.0,55.0,21,11.0,21,34,19,16,15,17,23,20.0,14,24.0,24,32,19,41.0,14,17.0,24,16.0,28,30.0,15,24,28.0,45,47.0,37,10.0,9.0,18,19,,17.0,32.0,25.0,33.0,30,25.0,50.0,24,42.0,13,7,22.0,49.0,28,18.0,21,11.0,51.0,20,16,20,28.0,11,18.0,58.0,16,33.0,27,14.0,21,16,14,16.0,36.0,20,21,27,42.0,40.0,9,15,22.0,52,23.0,12.0,19.0,26.0,9.0,31.0,32.0,31.0,27.0,11.0,18,12,45.0,,31.0,23.0,28.0,16.0,27.0,17.0,18,17,21.0,32.0,17,18.0,21.0,,36.0,23.0,10.0,27,39,,21.0,25.0,14.0,23,23.0,17.0,22.0,17,14,12,,48.0,44.0,22.0,9,29,17.0,46.0,41,45.0,21.0,4,35.0,22.0,32.0,20,23.0,12,15.0,36.0,22.0,19,38.0,30,8.0,21,12,,52.0,11.0,22.0,7,21,19,22.0,18,11.0,29,16,29.0,18,10,29.0,17.0,18,26,49.0,14.0,16.0,13.0,23.0,11.0,9,40.0,21,33,22.0,52.0,39.0,42.0,14.0,40.0,21,30,27.0,19.0,9.0,34.0,,18.0,18,,27,39.0,9.0,58.0,31.0,28,10.0,17,17.0,37.0,32.0,30,40.0,,27.0,30,22,56.0,35.0,15.0,52.0,17.0,44.0,29.0,16.0,40.0,19.0,20.0,29.0,20,15,31.0,21.0,29.0,12,38,29,17,31.0,41.0,13,19,24.0,35.0,13,23.0,13.0,24.0,17,7.0,18.0,28.0,30,21.0,,44.0,,23.0,45.0,15,36.0,14,23.0,28,21,20,30.0,33.0,16.0,50.0,42.0,19.0,24.0,6.0,31.0,24.0,8.0,10,,11.0,25,23.0,51.0,14.0,6.0,19,32.0,26.0,21.0,22,8,18.0,35,18.0,42.0,16.0,52.0,22,7.0,9,20,35.0,19,31.0,16,24.0,36.0,35.0,35,14,25.0,16.0,19,50.0,25,49.0,17,24.0,28.0,50.0,38.0,33.0,46.0,39,51.0,,23.0,23.0,12.0,,,22,27,32.0,18,26,16,17.0,18.0,20.0,34.0,18.0,11.0,33,34.0,14.0,45.0,13,15.0,16.0,23.0,23.0,23.0,32,,53.0,23.0,23.0,39.0,44.0,,31,16.0,13.0,,26.0,,,38.0,0,39.0,,33.0,54.0,8,18,9.0,8.0,19,17.0,30.0,20.0,15,22.0,25.0,15.0,,23,,15.0,16.0,31.0,21.0,19.0,17.0,52.0,57.0,28,25,49.0,40.0,43.0,28.0,17.0,14.0,,,22.0,51.0,24,24,41.0,25,22.0,0.0,16.0,14.0,18,15,20.0,29.0,19.0,42.0,21.0,,52.0,37.0,46.0,25,24.0,56.0,0.0,29.0,51.0,29.0,22,23.0,21.0,23.0,31,42.0,22.0,54.0,20.0,24.0,16.0,20,32.0,30,24.0,31.0,40.0,29.0,58.0,18.0,38.0,30.0,43.0,25.0,,24.0,11.0,5.0,50.0,27.0,19.0,15.0,,51.0,29.0,9,23.0,15.0,17,1.0,37.0,18,32.0,26.0,,16,20,22,33.0,30.0,17.0,19.0,17.0,28.0,17.0,29.0,27.0,9,14.0,15,35.0,12,29,16.0,9,43.0,31.0,,29.0,20,28.0,23.0,50.0,15.0,9.0,,18,,34,12.0,22.0,35.0,28,18.0,13,20,44.0,8.0,21.0,23,35.0,34.0,27,0.0,22.0,36.0,30.0,,14.0,26.0,22.0,19,36.0,21.0,37.0,23.0,27.0,,20.0,10.0,27,31.0,29,39.0,35.0,20.0,34.0,10,30,23.0,55.0,9.0,17.0,36.0,31.0,20.0,26.0,14.0,23,31.0,19.0,22,19,25.0,15.0,15,24.0,50.0,19,18.0,33,14,29,43.0,24.0,,37.0,39.0,21.0,22.0,44.0,46.0,29.0,32.0,20.0,55.0,41.0,38.0,,9.0,29.0,40.0,33.0,22.0,24.0,25.0,0.0,41.0,49.0,41.0,,9.0,0.0,29.0,44.0,28.0,6.0,0.0,53.0,34.0,17.0,44.0,24.0,19.0,,22.0,17.0,,,51.0,38.0,29,17.0,30.0,24.0,18,41.0,,31.0,25.0,39.0,42.0,20.0,18.0,24.0,28.0,22.0,19.0,0.0,32.0,21.0,57.0,45.0,26.0,31.0,26.0,21.0,,,26.0,24.0,41.0,44.0,19.0,28,41.0,36.0,16.0,28,14.0,32.0,23.0,34.0,46.0,27.0,42.0,,35.0,11,33.0,22.0,20.0,19.0,35.0,18.0,25,18,16.0,24.0,16.0,11.0,13.0,32.0,24,20,29.0,53.0,33.0,17.0,,23.0,20.0,16.0,33.0,42.0,51.0,45.0,12.0,0.0,15.0,23.0,13,42.0,26.0,25.0,10.0,31.0,28,,22,,6,30.0,44.0,12.0,24.0,26.0,53.0,24.0,39.0,21.0,35.0,,16.0,21,28.0,33.0,29.0,,22.0,29,27.0,13.0,20.0,37.0,13.0,19.0,,22.0,18.0,12,11,,25.0,,37.0,23.0,18.0,21.0,39.0,0,23.0,,17.0,11.0,26.0,14.0,30.0,18.0,14,15.0,15.0,23.0,15,19,38.0,23.0,0.0,57.0,34.0,10.0,17.0,50.0,27.0,36.0,21.0,19.0,19.0,,21.0,30,43.0,28.0,20.0,53.0,11.0,19,31.0,42.0,30,,30.0,,16.0,,35.0,13.0,33.0,19.0,42.0,40.0,51,33.0,34.0,11.0,,29,55.0,38.0,22.0,0.0,43.0,,9.0,,18.0,53.0,20.0,53.0,,46,13,19.0,29.0,15.0,16.0,57.0,11,38,28.0,24.0,,18.0,16.0,49.0,18.0,28.0,21.0,21.0,44.0,33.0,4.0,25.0,,24,28,26.0,19.0,41.0,28.0,48.0,13,28.0,29.0,57.0,35.0,54.0,21.0,27.0,,40.0,8.0,,22.0,,21.0,,17,40.0,15.0,24,56.0,42.0,50.0,,29.0,26.0,27.0,19.0,,37.0,16.0,27.0,18.0,52.0,45.0,33.0,27.0,34.0,22.0,22.0,14.0,25.0,15.0,30.0,,,12.0,29.0,34.0,20.0,41.0,15.0,13.0,,13.0,34.0,27.0,,51.0,23.0,,22.0,,,26.0,22.0,32.0,35.0,40.0,12.0,34.0,48.0,19.0,46.0,11.0,,15.0,,50.0,45.0,41.0,45,51.0,40.0,,49.0,,,18.0,35.0,13.0,25.0,7.0,27.0,32.0,9.0,28.0,24.0,,22.0,35.0,42.0,18.0,18.0,54.0,15.0,13.0,36.0,22.0,32.0,33.0,17.0,37.0,34.0,23.0,54.0,52.0,50.0,42.0,20.0,15.0,38.0,34.0,25.0,,21.0,,32.0,12,,,30.0,47.0,33.0,,22.0,,,17,13.0,0.0,28.0,37.0,26.0,42.0,17.0,36.0,21.0,39.0,38.0,19.0,37.0,24.0,40.0,29.0,30,38.0,19.0,,39.0,,20.0,28.0,23.0,26.0,37.0,14.0,,16.0,46.0,48.0,23.0,,,40.0,21.0,16.0,,14.0,15.0,19,21,40.0,29.0,30.0,17.0,,47.0,46.0,30.0,,,53.0,37.0,21.0,54.0,55.0,26.0,,54.0,,24.0,19.0,21.0,,22.0,25.0,,54.0,13.0,45.0,30.0,53.0,31.0,4.0,13.0,55.0,41.0,27.0,36.0,9.0,1.0,43.0,32.0,13.0,44.0,29.0,56.0,,9.0,21,35.0,18.0,17.0,15.0,26,32.0,36.0,36.0,41.0,19.0,34.0,6.0,44.0,18,20.0,28.0,26.0,33.0,,24.0,24.0,30,33.0,22.0,30.0,11.0,30,40.0,20.0,26.0,35.0,30.0,34.0,47.0,23.0,16.0,5.0,19.0,56.0,28.0,53.0,48.0,20.0,14.0,31.0,,42.0,36.0,20.0,25.0,,24,45.0,,30.0,46.0,29.0,,19.0,25.0,27.0,22.0,43.0,21.0,13.0,20,46.0,28.0,27.0,38.0,53.0,,38.0,,,18.0,,14.0,33.0,47.0,,36.0,,22.0,27.0,37.0,57.0,57.0,21.0,45.0,20.0,,36.0,39.0,12.0,25.0,54.0,17.0,29.0,47.0,,21.0,48.0,30.0,,40.0,20.0,8.0,38.0,19.0,19.0,19.0,,18.0,39.0,23.0,,52.0,11.0,17.0,28.0,17.0,32.0,41.0,27.0,52.0,18.0,37.0,28.0,,58.0,37.0,21.0,53.0,45.0,29,52.0,44.0,19.0,18.0,23.0,33.0,29.0,,32.0,41.0,22.0,48.0,39.0,,29.0,42.0,26.0,38.0,27.0,43.0,31.0,41.0,,37.0,38.0,,54.0,36.0,47.0,15.0,39.0,,30.0,9.0,57.0,30.0,14.0,51.0,18.0,,26.0,30.0,,,43.0,16.0,51.0,,34.0,,43.0,47.0,23.0,21.0,36.0,21.0,34.0,,44.0,51.0,30.0,15.0,39.0,41.0,21.0,17.0,28.0,51.0,43.0,34.0,23.0,,,32.0,47.0,29.0,,37.0,39.0,27.0,,14.0,,14.0,14.0,18.0,0.0,35.0,50.0,52.0,55.0,21.0,,46.0,45.0,43.0,,42.0,55.0,12.0,18.0,39.0,29.0,,48.0,23.0,18.0,28.0,51.0,34.0,14.0,51.0,44.0,,24.0,18.0,11.0,24.0,29.0,42.0,16.0,,51.0,48.0,,27.0,,,17,19.0,56.0,,39.0,54.0,24.0,,38.0,26.0,15.0,30,,19.0,27.0,27.0,27.0,38.0,9.0,45.0,33,40.0,19.0,45.0,52.0,14.0,28.0,25.0,,44.0,30.0,40.0,37.0,12.0,42.0,33.0,48.0,,27.0,30.0,,54.0,18.0,27.0,46.0,21.0,18.0,13.0,32.0,45.0,33.0,15.0,38.0,,,33.0,19.0,17.0,53.0,,40.0,14.0,52.0,,15.0,52.0,0.0,,33.0,29.0,34.0,14.0,,,,,6.0,54.0,52.0,14.0,23.0,26.0,17.0,16.0,16.0,,15.0,34.0,31.0,29.0,52.0,27.0,17.0,23.0,44.0,35.0,10.0,41.0,54.0,40.0,28.0,0.0,,,13.0,23.0,29.0,,28.0,56.0,,24.0,6.0,,54.0,11.0,21.0,29.0,18.0,16.0,30.0,11.0,,10.0,41.0,26.0,53.0,40.0,11.0,45,15.0,,30.0,16.0,13.0,32.0,28.0,,15.0,26.0,19.0,,39.0,41.0,51.0,9.0,35.0,42.0,50.0,26.0,27.0,2.0,22.0,49.0,47.0,33.0,25.0,25.0,32.0,31.0,14.0,30.0,29.0,20.0,27.0,,25.0,16.0,,,20.0,42.0,,49.0,43.0,,30.0,12.0,54.0,29.0,43.0,11.0,24.0,13.0,,18.0,16.0,,39.0,26.0,29.0,10.0,28.0,19.0,,28.0,56.0,13.0,57.0,42.0,22.0,,27.0,19.0,23.0,29.0,36.0,53.0,54.0,9,,41.0,11,33.0,55.0,40.0,,25.0,20.0,,,19.0,31.0,,12.0,24.0,,,44.0,43.0,,,,54.0,17.0,46.0,,34.0,15.0,,6.0,,46.0,30.0,26.0,,53.0,15.0,15.0,10.0,27.0,,12.0,30.0,36.0,53.0,,0.0,25.0,39.0,27.0,30.0,33.0,56.0,18.0,35.0,34.0,51.0,28.0,,39.0,39.0,16.0,,,54.0,17.0,10.0,55.0,17.0,31.0,33.0,49.0,19.0,19.0,28.0,20.0,31.0,53.0,17.0,17.0,,19.0,18.0,29.0,41.0,23.0,0.0,17.0,51.0,,26.0,22.0,46.0,23.0,,15.0,11.0,20.0,,,49.0,15.0,28.0,27.0,20.0,,25.0,52.0,21.0,10.0,35.0,20.0,21.0,15.0,41.0,26.0,,15.0,39.0,,30.0,12.0,26.0,31.0,18.0,29.0,27.0,27.0,21.0,,33.0,41.0,28.0,11.0,29.0,18.0,25.0,,24.0,,23.0,45.0,20.0,42.0,,11.0,54.0,33.0,,0.0,29.0,33.0,29.0,18.0,,33.0,45.0,34.0,,,20.0,45.0,52.0,,48.0,,50.0,,28.0,12.0,42.0,46.0,41.0,28.0,,17.0,,,18.0,47.0,,15.0,45.0,47.0,33.0,19.0,43.0,16.0,33.0,,,17.0,,,25.0,21.0,28.0,47.0,,16.0,43.0,25.0,38.0,23.0,53.0,29.0,25.0,19.0,53.0,40.0,35.0,,21.0,21.0,21.0,,37.0,26.0,33.0,34.0,,51.0,,37.0,31.0,41.0,26.0,40.0,11.0,18.0,,44.0,27.0,,46.0,49.0,34.0,46.0,,27.0,45.0,23.0,56.0,0.0,14.0,39.0,41.0,32.0,,30.0,54.0,22.0,11.0,24.0,30.0,,45.0,,,,36.0,26.0,28.0,31.0,6.0,52.0,24.0,14.0,22.0,,12.0,41.0,,39.0,25.0,,32.0,,55.0,45.0,28.0,33.0,20.0,32.0,13.0,42.0,,33.0,58.0,32.0,42.0,0.0,20.0,23.0,27.0,21.0,48.0,38.0,,21.0,37.0,39.0,29.0,,37.0,38.0,,48.0,40.0,33.0,51.0,25.0,,,32.0,34.0,,,28.0,15.0,40.0,31.0,42.0,40.0,50.0,46.0,16.0,,,46.0,,,,38.0,32.0,17.0,,,23.0,13.0,37.0,14.0,43.0,17.0,33.0,25.0,23.0,15.0,20.0,,24.0,29.0,20.0,,14.0,43.0,58.0,,11.0,12.0,45.0,46.0,12.0,26.0,,20.0,14.0,46.0,23.0,49.0,44.0,,17.0,,50.0,,14.0,58.0,,,13.0,31.0,12.0,17.0,27.0,48.0,30.0,52.0,,23.0,3.0,,46.0,12.0,14.0,24.0,,,,44.0,19.0,41.0,43.0,30.0,,25.0,24.0,25.0,16.0,23.0,43.0,,35.0,56.0,,33.0,30.0,55.0,28.0,23.0,39.0,29.0,43.0,41.0,43.0,37.0,23.0,39.0,,39.0,26.0,27.0,41.0,49.0,26.0,40.0,43.0,,57.0,,12.0,34.0,19.0,28.0,,26.0,36.0,27.0,38.0,0.0,26.0,,,29.0,37.0,,43.0,34.0,,32.0,24.0,28.0,57.0,,38.0,,12.0,41.0,25.0,,41.0,30.0,,24.0,,,,26.0,,32.0,43.0,41.0,17.0,31.0,27.0,,39.0,27.0,15.0,,44.0,24.0,29.0,28.0,26.0,25.0,28.0,56.0,,30.0,54.0,52.0,,,39.0,,30.0,11.0,,27.0,32.0,44.0,53.0,33.0,43.0,29.0,27.0,,43.0,45.0,36.0,21.0,30.0,34.0,,42.0,22.0,12.0,51.0,,16.0,49.0,10.0,36.0,,48.0,22.0,38.0,,29.0,28.0,39.0,24.0,,,25.0,,,54.0,22.0,,31.0,41.0,54.0,24.0,36.0,28.0,20.0,57.0,23.0,12.0,26.0,44.0,51.0,34.0,21.0,1.0,,48.0,17.0,19.0,0.0,32.0,,,37.0,42.0,56.0,18.0,,27.0,10.0,38.0,,27.0,,,31.0,27.0,28.0,,,42.0,20.0,,,41.0,15.0,35.0,13.0,53.0,16.0,43.0,32.0,52.0,,48.0,39.0,31.0,56.0,35.0,42.0,24.0,17.0,14.0,40.0,51.0,,58.0,12.0,38.0,56.0,53.0,30.0,37.0,,26.0,46.0,12.0,,,34.0,,,26.0,43.0,43.0,,,15.0,29.0,58.0,41.0,38.0,33.0,42.0,,,,49.0,15.0,0.0,32.0,42.0,49.0,30.0,27.0,9.0,37.0,58.0,,51.0,38.0,,17.0,,29.0,16.0,,,18.0,0.0,35.0,45.0,25.0,39.0,52.0,22.0,57.0,46.0,,,6.0,,31.0,,25.0,46.0,12.0,,27.0,44.0,,11.0,30.0,32.0,,26.0,26.0,,53.0,12.0,,,57.0,52.0,,40.0,20.0,44.0,33.0,7.0,17.0,51.0,23.0,,14.0,50.0,46.0,,28.0,19.0,32.0,16.0,48.0,42.0,,34.0,42.0,13.0,,,23.0,39.0,42.0,,,,21.0,53.0,,5.0,57.0,31.0,14.0,18.0,,22.0,48.0,51.0,30.0,33.0,,29.0,,43.0,43.0,35.0,27.0,25.0,,44.0,21.0,,24.0,48.0,45.0,22.0,,47.0,14.0,,,37.0,,33.0,38.0,,,17.0,28.0,15.0,31.0,20.0,,41.0,15.0,,21.0,,37.0,46.0,12.0,27.0,,21.0,,32.0,,47.0,,,,51.0,,26.0,44.0,37.0,,56.0,38.0,57.0,17.0,39.0,25.0,9.0,25.0,17.0,29.0,19.0,38.0,,,26.0,55.0,28.0,12.0,,23.0,32.0,18.0,32.0,51.0,22.0,,21.0,,47.0,27.0,55.0,13.0,24.0,,30.0,44.0,,,23.0,36.0,16.0,25.0,56.0,,19.0,25.0,40.0,32.0,26.0,50.0,,51.0,20.0,,36.0,12.0,55.0,13.0,15.0,12.0,9.0,47.0,,40.0,,30.0,,35.0,28.0,,49.0,51.0,,55.0,20.0,,28.0,33.0,,50.0,53.0,,,16.0,,55.0,50.0,15.0,26.0,41.0,19.0,,35.0,27.0,53.0,26.0,24.0,23.0,,30.0,13.0,,32.0,27.0,26.0,45.0,39.0,31.0,,39.0,33.0,56.0,,,17.0,53.0,,,43.0,50.0,,39.0,36.0,29.0,45.0,44.0,34.0,44.0,30.0,21.0,35.0,,,58.0,20.0,,,,55.0,41.0,39.0,20.0,17.0,58.0,48.0,22.0,28.0,47.0,12.0,54.0,40.0,,46.0,51.0,23.0,26.0,0.0,20.0,,36.0,32.0,19.0,16.0,28.0,19.0,12.0,12.0,28.0,21.0,49.0,35.0,13.0,,21.0,,50.0,11.0,48.0,22.0,,21.0,,,56.0,35.0,26.0,22.0,56.0,47.0,47.0,,44.0,40.0,46.0,36.0,32.0,32.0,25.0,46.0,13.0,10.0,49.0,,35.0,22.0,,38.0,,58.0,11.0,43.0,29.0,38.0,,22.0,,39.0,19.0,,,42.0,29.0,37.0,36.0,53.0,14.0,48.0,29.0,,,16.0,34.0,12.0,,39.0,37.0,,48.0,41.0,11.0,50.0,20.0,35.0,47.0,16.0,41.0,33.0,45.0,30.0,9.0,35.0,,45.0,28.0,,,49.0,16.0,29.0,33.0,,,,32.0,,,10.0,49.0,44.0,28.0,23.0,39.0,28.0,,15.0,16.0,76,3,2.442019099590723,17.809768637532134,-0.35119095690424357
2,2,2,10,4,7,3,4,6,1,5,6,5,5,5,4,21,3,22,9,4,1,6,12,5,10,8,3,8,6,15,6,5,9,6,4,10,5,11,9,12,39.0,7,14,9,9,14,14,8,11,8,10,4,13,28,30,12,5,3,13,4,8,3,15,4.0,13,10,21,16,11,17,11,9,6,8,6,15,9,2,10,11,2,7,10,9,8,9,13,17,18,10,12,27,11,14,14,27,18,16,16,7,20,11,8,12,8,10,15,15,12,11,27.0,12,22,22.0,9,17,14,12,23,9,20,6,14,8,9,10,9.0,9,14,12,10,30.0,11,9,15.0,10,4,11,11,9,12,6,29,8.0,,18,14.0,5,17,3,13,12.0,20,18,20,13,18.0,29,16,8,11,13,15,21,8.0,16,13,7,16,21,19.0,6,23,11,14,24,10.0,12,10.0,11,6,11,7,17,37.0,16.0,12,12,41.0,20.0,15,28,8,10,15,17,6,24.0,19,25,27.0,5,11,25,6,51.0,16,15,8,12,45.0,22,23,24,19,12,22,9,33.0,23.0,21,16,12,25.0,8,17,3,55.0,14,33.0,14.0,17,14,22.0,22,22,14,14.0,,16,10,23,18,14,38.0,23,13,14,8,13,14,24.0,8.0,16,40.0,6.0,31.0,18.0,25,11.0,17,11,11,33.0,32.0,31.0,26.0,22.0,3,41.0,41.0,12.0,3,12,16.0,33,21,28,19.0,7.0,22.0,15,52.0,8,20,48.0,17.0,17,49.0,20.0,17,5,18.0,7,15.0,50.0,8.0,29,18,28.0,18,22,19,1,18,3,10,19,6,21,25,14,26.0,33.0,8,2,5,3.0,23.0,8,23,0,0.0,22,33.0,17,22,12,12,14,11.0,16,17.0,7,15,11.0,27,14,15,3.0,9.0,3,27.0,15.0,2.0,16.0,20.0,19,34.0,22,16,16,13.0,17,36.0,15.0,25,,11.0,20.0,0,,13,25,17,6,14,16,28,9.0,12,13.0,19,11,11,,8,7.0,14,8.0,11,,9,26,10.0,7,16.0,35,13.0,19.0,10,36,17.0,22.0,20.0,5.0,,12,,29.0,3,5.0,24,22,13.0,57.0,24,29.0,9,36.0,,7,18,21,22.0,20,28.0,40.0,25,5.0,21,,21,28,11,26.0,28.0,16,16,19,24.0,29.0,9,16,26.0,26,36.0,30.0,26.0,20.0,41.0,24.0,24.0,33.0,0.0,25.0,17,10,15.0,7.0,47.0,18.0,15.0,36.0,54.0,26.0,8,11,41.0,6.0,15,,26.0,15.0,13.0,31.0,21.0,13,33,14.0,33.0,5.0,31.0,25,41.0,26.0,56.0,35,18,34,24.0,13.0,18.0,20.0,5,13,8.0,32.0,14,9.0,30.0,23,28.0,15.0,39.0,17,23.0,12,24.0,25.0,20.0,25,4.0,28,28.0,15,23,52.0,19.0,7.0,17.0,20,31,24,4.0,11,0.0,21,16,47.0,20,22,19.0,31.0,13,27,22.0,19.0,46.0,,14.0,8.0,28,20.0,18,16,25.0,4.0,32.0,22.0,4.0,58.0,12,43,,17.0,19.0,32.0,,18.0,20,5.0,24,,12.0,28.0,32.0,18,29.0,22,19.0,,11.0,12,32.0,28.0,,15,24,24.0,17.0,23.0,20.0,,15.0,10.0,14.0,58.0,,,0.0,32,20,15.0,48.0,37.0,13,36,10,16,26.0,,4,11,10.0,9.0,18,35.0,33.0,23.0,8,34.0,19.0,23.0,29,23.0,41.0,23.0,29.0,20.0,45.0,14,30.0,15,,12,20,19,39.0,27.0,29.0,6.0,,11.0,33.0,30.0,12.0,29.0,8.0,25,29.0,30.0,4,10.0,,17.0,15.0,5,29.0,12.0,15.0,14,19,13.0,35,7.0,8.0,25.0,46.0,28,51.0,27,23,57.0,10,16.0,10,10.0,20.0,29.0,17,11,33.0,16.0,30,37.0,15,,14,45.0,44.0,14.0,29.0,51.0,6.0,17,30.0,22.0,34.0,5.0,16.0,17.0,38.0,16,15,33.0,18,23,15,14.0,26.0,14.0,55.0,13.0,12.0,16,21.0,33.0,13.0,26,,23.0,44.0,14.0,13.0,27,20.0,26.0,11.0,26.0,26.0,23.0,44.0,33,32.0,17.0,29.0,7.0,51.0,,25.0,0,34.0,24.0,24.0,42.0,28,34,42.0,21.0,11,31.0,16.0,36.0,9,16.0,45.0,24.0,,15,54.0,58.0,22.0,12.0,25.0,27.0,39.0,17.0,25.0,26,30,,25.0,20.0,33.0,17.0,12.0,47.0,,52.0,32.0,16,17,13.0,22,,21.0,12.0,9.0,13,12,,25.0,27.0,25.0,31.0,13.0,,25.0,17.0,15,,40.0,18.0,24.0,42.0,20.0,28,16.0,24.0,10.0,0,37.0,27.0,40.0,27.0,29.0,7.0,31,8.0,23,,16.0,41.0,26.0,18.0,39.0,43.0,39.0,26.0,14.0,,4.0,26.0,5.0,18.0,19.0,18.0,15.0,37.0,,40.0,21,17.0,,9,26.0,21.0,14,50.0,5.0,,13,9,17,11.0,13.0,24.0,23.0,26.0,32.0,28.0,47.0,41.0,21,24.0,13,53.0,8,28,28.0,24,19.0,,7.0,21.0,21,23.0,21.0,31.0,27.0,11.0,,18,41.0,22,38.0,57.0,30.0,18,0.0,16,19,22.0,4.0,,9,30.0,24.0,19,34.0,9.0,35.0,16.0,27.0,11.0,21.0,,16,14.0,22.0,25.0,42.0,26.0,11.0,36.0,19.0,22,35.0,29,14.0,33.0,,2.0,23,15,7.0,18.0,33.0,20.0,33.0,,24.0,23.0,37.0,28,24.0,0.0,13,12,18.0,31.0,13,24.0,27.0,26,10.0,5,20,26,32.0,25.0,48.0,25.0,29.0,35.0,35.0,47.0,31.0,0.0,20.0,33.0,17.0,21.0,12.0,15.0,23.0,10.0,19.0,49.0,22.0,,41.0,28.0,29.0,25.0,4.0,,24.0,24.0,7.0,17.0,36.0,22.0,,18.0,36.0,40.0,46.0,26.0,20.0,32.0,27.0,19.0,16.0,,32.0,22.0,29,24.0,24.0,29.0,15,21.0,21.0,22.0,32.0,36.0,20.0,31.0,23.0,27.0,0.0,15.0,18.0,40.0,,35.0,24.0,16.0,29.0,38.0,55.0,24.0,,17.0,19.0,25.0,36.0,35.0,47.0,11,,22.0,52.0,5,36.0,20.0,3.0,16.0,14.0,24.0,20.0,22.0,,40,38.0,,25.0,25.0,53.0,22.0,17,15,27.0,28.0,,17.0,7.0,44.0,17,15,23.0,39.0,,26.0,29.0,,16.0,18.0,25.0,,25.0,43.0,37.0,21.0,4.0,24.0,38,35.0,16.0,15.0,16.0,28.0,12,,19,13.0,22,30.0,15.0,26.0,,28.0,34.0,38.0,28.0,13.0,17.0,17.0,26.0,3,55.0,24.0,17.0,36.0,10.0,24,29.0,40.0,21.0,,21.0,16.0,,32.0,29.0,17,18,26.0,40.0,37.0,9.0,54.0,29.0,0.0,11.0,18,15.0,,40.0,53.0,41.0,37.0,10.0,10.0,19,4.0,18.0,54.0,34,22,57.0,26.0,21.0,11.0,,22.0,,,18.0,23.0,7.0,55.0,20.0,9.0,25.0,18,14.0,35.0,23.0,13.0,,18,,22.0,9,44.0,25.0,16.0,16.0,35.0,27.0,20.0,,23.0,,,25,26.0,36.0,,32.0,16,18.0,32.0,37.0,21.0,13.0,54.0,25.0,50.0,42.0,42.0,,29.0,32.0,34,27,30.0,8.0,,10.0,42.0,28,33,38.0,56.0,48.0,54.0,41.0,,39.0,7.0,15.0,27.0,24.0,28.0,27.0,14.0,,46,22,12.0,25.0,18.0,13.0,11.0,19,13.0,52.0,,22.0,18.0,27.0,29.0,58.0,,57.0,,39.0,35.0,35.0,30.0,14,56.0,31.0,21,30.0,,12.0,12.0,10.0,17.0,,24.0,,51.0,19.0,25.0,21.0,32.0,44.0,25.0,24.0,20.0,42.0,0.0,26.0,,,24.0,,9.0,16.0,0.0,17.0,13.0,46.0,30.0,43.0,,25.0,19.0,27.0,,24.0,,42.0,41.0,32.0,,,19.0,48.0,55.0,13.0,12.0,21.0,28.0,29.0,15.0,13.0,,25.0,45.0,16.0,11.0,31.0,18,,22.0,34.0,37.0,45.0,49.0,31.0,53.0,37.0,13.0,13.0,16.0,48.0,9.0,18.0,27.0,47.0,19.0,49.0,23.0,31.0,,21.0,22.0,22.0,52.0,33.0,12.0,25.0,,32.0,21.0,17.0,29.0,35.0,16.0,49.0,29.0,38.0,45.0,13.0,5.0,35.0,26.0,10.0,,5,29.0,41.0,7.0,27.0,32.0,32.0,23.0,,34.0,11,28.0,22.0,,,0.0,47.0,35.0,20.0,21.0,17.0,30.0,13.0,16.0,31.0,,14.0,12,22.0,19.0,54.0,35.0,,11.0,36.0,21.0,0.0,23.0,15.0,57.0,33.0,15.0,31.0,31.0,13.0,29.0,20.0,24.0,19.0,39.0,15.0,,7,42,,50.0,13.0,14.0,26.0,11.0,21.0,14.0,58.0,0.0,41.0,31.0,,,58.0,29.0,,,17.0,24.0,15.0,18.0,20.0,13.0,44.0,25.0,31.0,18.0,10.0,23.0,15.0,56.0,9.0,18.0,16.0,,25.0,47.0,43.0,16.0,14.0,56.0,40.0,33.0,52.0,17.0,,23.0,20,19.0,21.0,7.0,49.0,31,11.0,10.0,,35.0,50.0,27.0,16.0,,10,,18.0,28.0,40.0,,3.0,,23,,30.0,27.0,,27,38.0,8.0,47.0,16.0,20.0,25.0,17.0,17.0,6.0,29.0,22.0,39.0,26.0,17.0,46.0,20.0,5.0,25.0,41.0,,40.0,23.0,18.0,,14,30.0,41.0,29.0,17.0,8.0,22.0,16.0,22.0,21.0,33.0,22.0,25.0,31.0,20,20.0,11.0,23.0,43.0,0.0,,28.0,20.0,56.0,10.0,24.0,32.0,7.0,38.0,34.0,,35.0,,,,,0.0,,29.0,13.0,32.0,13.0,50.0,48.0,14.0,27.0,,32.0,39.0,17.0,44.0,,24.0,15.0,38.0,30.0,19.0,11.0,52.0,39.0,15.0,40.0,20.0,,45.0,23.0,26.0,21.0,19.0,25.0,45.0,42.0,11.0,4.0,35.0,9.0,54.0,3.0,43.0,20.0,31.0,22.0,21.0,24.0,13,14.0,36.0,,35.0,25.0,31.0,27.0,37.0,10.0,44.0,,18.0,19.0,,23.0,32.0,35.0,19.0,15.0,26.0,39.0,49.0,12.0,45.0,38.0,25.0,17.0,43.0,38.0,49.0,31.0,23.0,19.0,13.0,,32.0,,36.0,,35.0,13.0,37.0,53.0,43.0,35.0,,36.0,42.0,35.0,,33.0,24.0,19.0,,44.0,,40.0,21.0,48.0,4.0,47.0,51.0,24.0,36.0,47.0,17.0,27.0,23.0,26.0,49.0,,28.0,5.0,33.0,33.0,26.0,25.0,,37.0,25.0,26.0,9.0,18.0,,,6.0,50.0,58.0,17.0,25.0,17.0,58.0,39.0,50.0,22.0,48.0,35.0,22.0,25.0,24.0,14.0,,18.0,,23.0,18.0,10.0,40.0,20.0,9.0,20.0,19.0,20.0,49.0,12.0,26.0,11.0,29.0,18.0,25.0,37.0,33.0,,2.0,,40.0,30.0,41.0,17,42.0,14.0,32.0,,32.0,16.0,50.0,41.0,33.0,,15,40.0,,58.0,36.0,20.0,26.0,50.0,,15,29.0,30.0,,18.0,,46.0,32.0,33.0,,9.0,17.0,19.0,27.0,,35.0,16.0,21.0,22.0,22.0,9.0,19.0,18.0,58.0,,20.0,6.0,12.0,49.0,33.0,50.0,12.0,22.0,16.0,33.0,5.0,44.0,16.0,49.0,47.0,19.0,21.0,28.0,48.0,10.0,51.0,26.0,7.0,,57.0,,16.0,8.0,,,19.0,5.0,20.0,,11.0,,20.0,43.0,33.0,17.0,,,38.0,14.0,22.0,14.0,29.0,29.0,,41.0,,,22.0,31.0,21.0,24.0,44.0,31.0,32.0,,26.0,34.0,,26.0,19.0,27.0,14.0,55.0,17.0,,31.0,14.0,,9.0,20.0,46.0,9.0,47.0,20.0,,57.0,,30.0,,41,51.0,33.0,13.0,,40.0,25.0,32.0,27.0,20.0,35.0,6.0,41.0,15.0,,9.0,28.0,56.0,35.0,16.0,30.0,54.0,25.0,,23.0,23.0,17.0,13.0,48.0,,38.0,33.0,,35.0,,15.0,14.0,,32.0,58.0,32.0,41.0,41.0,3.0,,51.0,27.0,13.0,51.0,31.0,24.0,42.0,29.0,48.0,,12.0,,35.0,0.0,33.0,,54.0,28.0,24.0,26.0,46.0,24.0,,,42.0,18.0,11.0,50.0,34.0,22.0,,9.0,41.0,56.0,43.0,17,,11.0,17,16.0,9.0,50.0,18.0,37.0,46.0,38.0,27.0,17.0,48.0,45.0,,12.0,35.0,40.0,28.0,49.0,17.0,32.0,17.0,22.0,,20.0,32.0,21.0,26.0,38.0,48.0,37.0,25.0,14.0,46.0,36.0,26.0,28.0,13.0,,6.0,16.0,,32.0,37.0,19.0,56.0,0.0,23.0,51.0,13.0,,36.0,,,,,28.0,18.0,,28.0,26.0,7.0,14.0,46.0,17.0,31.0,32.0,,,,45.0,7.0,23.0,30.0,30.0,33.0,,31.0,20.0,8.0,29.0,49.0,16.0,57.0,,19.0,31.0,17.0,,53.0,23.0,21.0,,56.0,6.0,36.0,9.0,,49.0,46.0,30.0,,10.0,20.0,16.0,29.0,43.0,,19.0,19.0,34.0,,19.0,35.0,18.0,18.0,26.0,,57.0,,48.0,12.0,21.0,24.0,,24.0,,43.0,26.0,,16.0,51.0,30.0,43.0,,44.0,40.0,39.0,10.0,,41.0,42.0,7.0,33.0,20.0,25.0,,23.0,,23.0,24.0,26.0,,57.0,24.0,18.0,19.0,0.0,,,,,,19.0,,42.0,9.0,0.0,47.0,,19.0,24.0,,,38.0,28.0,,,26.0,14.0,27.0,18.0,19.0,55.0,,31.0,42.0,20.0,25.0,31.0,36.0,26.0,20.0,20.0,33.0,10.0,,29.0,53.0,56.0,9.0,16.0,,33.0,13.0,40.0,37.0,12.0,16.0,31.0,,35.0,20.0,14.0,43.0,26.0,,42.0,14.0,26.0,,36.0,,,17.0,25.0,14.0,26.0,11.0,16.0,31.0,43.0,21.0,19.0,20.0,,6.0,18.0,,21.0,,27.0,39.0,26.0,43.0,45.0,8.0,49.0,52.0,28.0,44.0,20.0,18.0,,38.0,23.0,28.0,20.0,13.0,26.0,,19.0,19.0,28.0,39.0,5.0,39.0,5.0,13.0,,,8.0,28.0,53.0,55.0,24.0,12.0,14.0,20.0,,41.0,24.0,,26.0,27.0,6.0,44.0,11.0,,,20.0,10.0,43.0,17.0,7.0,11.0,25.0,24.0,51.0,19.0,,,57.0,17.0,30.0,18.0,58.0,40.0,40.0,30.0,,,0.0,21.0,22.0,52.0,57.0,32.0,32.0,,26.0,,28.0,,,31.0,43.0,31.0,14.0,22.0,14.0,0.0,22.0,24.0,,54.0,39.0,56.0,9.0,18.0,21.0,,,17.0,16.0,,0.0,36.0,37.0,,16.0,43.0,,13.0,,,18.0,25.0,5.0,49.0,6.0,48.0,7.0,28.0,30.0,13.0,38.0,19.0,,,38.0,43.0,58.0,15.0,,37.0,24.0,46.0,14.0,,19.0,48.0,,,17.0,6.0,33.0,50.0,21.0,19.0,14.0,27.0,27.0,46.0,5.0,21.0,,25.0,41.0,28.0,42.0,42.0,19.0,9.0,46.0,7.0,,45.0,5.0,16.0,,,36.0,18.0,,,,,,16.0,51.0,37.0,23.0,,14.0,10.0,,,16.0,,40.0,,17.0,27.0,29.0,,54.0,28.0,,46.0,27.0,28.0,36.0,17.0,23.0,31.0,41.0,18.0,21.0,53.0,41.0,,,33.0,15.0,28.0,27.0,29.0,37.0,56.0,23.0,42.0,36.0,58.0,36.0,11.0,,9.0,29.0,49.0,5.0,39.0,0.0,0.0,22.0,50.0,41.0,,43.0,11.0,26.0,11.0,,21.0,,,24.0,,26.0,7.0,43.0,16.0,38.0,32.0,17.0,47.0,34.0,19.0,27.0,31.0,,8.0,20.0,,,22.0,8.0,35.0,22.0,20.0,,21.0,32.0,43.0,21.0,33.0,26.0,,41.0,,34.0,13.0,57.0,,29.0,,13.0,,36.0,50.0,,,16.0,13.0,32.0,30.0,55.0,28.0,46.0,27.0,23.0,,30.0,49.0,15.0,18.0,49.0,33.0,53.0,27.0,40.0,,24.0,54.0,34.0,44.0,,,21.0,38.0,17.0,22.0,,,17.0,40.0,52.0,20.0,,14.0,15.0,52.0,,26.0,28.0,20.0,,7.0,34.0,28.0,,,23.0,37.0,40.0,,23.0,23.0,6.0,15.0,27.0,39.0,49.0,25.0,52.0,13.0,,40.0,,,,33.0,28.0,49.0,39.0,56.0,15.0,,16.0,,32.0,7.0,49.0,,19.0,24.0,27.0,20.0,,26.0,,33.0,24.0,36.0,32.0,,44.0,35.0,21.0,,39.0,,21.0,30.0,37.0,37.0,17.0,,8.0,36.0,45.0,,55.0,32.0,5.0,,,14.0,30.0,32.0,39.0,24.0,13.0,16.0,58.0,33.0,23.0,17.0,40.0,44.0,,19.0,31.0,54.0,13.0,,44.0,,33.0,41.0,,,30.0,37.0,4.0,21.0,,14.0,7.0,,24.0,54.0,20.0,52.0,10.0,54.0,36.0,4.0,8.0,15.0,45.0,27.0,,20.0,28.0,48.0,20.0,22.0,58.0,20.0,43.0,3.0,18.0,37.0,41.0,26.0,40.0,36.0,46.0,52.0,15.0,24.0,,34.0,22.0,50.0,43.0,32.0,26.0,49.0,35.0,56.0,33.0,22.0,20.0,6.0,,54.0,,14.0,7.0,20.0,10.0,,,33.0,,22.0,,48.0,34.0,58.0,22.0,41.0,14.0,58.0,48.0,37.0,,26.0,27.0,57.0,12.0,,11.0,,27.0,37.0,25.0,41.0,22.0,28.0,25.0,30.0,31.0,16.0,,27.0,,16.0,25.0,26.0,43.0,,22.0,33.0,,,47.0,,16.0,31.0,,32.0,27.0,48.0,,19.0,36.0,26.0,38.0,28.0,10.0,,24.0,,,18.0,7.0,,19.0,,20.0,,20.0,5.0,31.0,,20.0,32.0,19.0,8.0,,,37.0,7.0,16.0,20.0,,15.0,36.0,40.0,,10.0,53.0,19.0,,35.0,15.0,,17.0,23.0,0.0,51.0,25.0,15.0,45.0,7.0,,34.0,40.0,,31.0,,,7.0,24.0,52.0,32.0,,,22.0,25.0,21.0,,25.0,17.0,26.0,27.0,58.0,38.0,24.0,,5.0,,19.0,35.0,8.0,,,11.0,,35.0,31.0,24.0,,22.0,,31.0,7.0,20.0,,6.0,40.0,30.0,19.0,,22.0,45.0,12.0,25.0,13.0,13.0,40.0,,27.0,8.0,56.0,,31.0,,,23.0,32.0,48.0,,,9.0,46.0,22.0,56.0,,57.0,36.0,11.0,28.0,8.0,,17.0,54.0,24.0,25.0,34.0,44.0,39.0,,29.0,14.0,,34.0,10.0,40.0,,27.0,51.0,18.0,24.0,38.0,24.0,56.0,,13.0,49.0,,17.0,46.0,11.0,58.0,46.0,31.0,,36.0,41.0,,56.0,,39.0,19.0,39.0,11.0,,10.0,15.0,,30.0,16.0,26.0,29.0,50.0,55.0,,15.0,15.0,16.0,31.0,24.0,42.0,30.0,,28.0,24.0,,30.0,,,25.0,,34.0,,32.0,38.0,,16.0,7.0,58.0,11.0,19.0,24.0,,,28.0,55.0,21.0,42.0,52.0,31.0,43.0,27.0,14.0,7.0,,47.0,15.0,17.0,48.0,57.0,58.0,,3.0,31.0,20.0,22.0,24.0,37.0,36.0,37.0,42.0,,,43.0,12.0,21.0,13.0,,33.0,20.0,,40.0,40.0,35.0,15.0,,,55.0,,,,45.0,39.0,50.0,23.0,28.0,25.0,16.0,23.0,54.0,,32.0,42.0,37.0,,24.0,7.0,8.0,,33.0,19.0,,23.0,,18.0,42.0,31.0,53.0,,5.0,18.0,,20.0,18.0,13.0,39.0,38.0,42.0,,77,3,2.4631147540983607,17.647479954180984,-0.3284623687839176
5,4,4,5,5,6,9,8,8,5,8,8,6,4,10,3,11,6,14,17,8,18,9,10,11,15,11,7,7,7,11,8,7,7,7,7,9,10,7,5,11,12.0,12,11,10,8,7,6,0,15,10,17,11,17,17,6,8,10,11,11,6,9,6,18,25.0,12,6,13,20,9,12,10,7,9,10,10,11,14,13,8,24,8,10,14,9,9,6,17,18,16,12,8,21,11,15,14,20,13,4,11,14,28,6,15,11,13,13,19,12,15,7,29.0,10,16,39.0,15,18,18,18,22,11,22,12,15,14,1,14,54.0,11,11,14,19,14.0,13,20,15.0,11,34,11,16,28,9,12,17,55.0,7.0,9,8.0,13,17,5,17,17.0,14,11,14,18,24.0,8,21,6,12,14,14,17,8.0,18,22,17,18,16,12.0,12,23,0,28,17,19.0,13,18.0,20,16,22,0,21,8.0,22.0,7,23,20.0,39.0,13,41,8,15,24,8,0,12.0,14,30,40.0,10,23,12,10,32.0,18,5,10,12,52.0,12,19,20,14,17,10,13,10.0,13.0,9,17,23,,10,17,18,24.0,12,10.0,31.0,14,20,,12,26,15,,0.0,12,14,13,19,18,24.0,25,15,15,20,15,16,17.0,18.0,23,14.0,55.0,27.0,14.0,31,23.0,13,16,13,,10.0,21.0,9.0,42.0,16,15.0,22.0,14.0,10,24,20.0,14,20,19,26.0,26.0,24.0,9,,16,15,20.0,15.0,13,,19.0,12,20,5.0,17,31.0,11.0,36.0,23,7,12.0,19,14,11,19,2,25,0,20,26,24,36,19,25.0,26.0,5,12,18,20.0,19.0,22,32,14,4.0,19,,30,23,24,13,11,,12,53.0,14,19,11.0,24,18,17,,42.0,35,14.0,25.0,7.0,13.0,20.0,31,15.0,15,15,19,13.0,16,,30.0,18,16.0,18.0,26.0,14,36.0,8,4,7,36,18,24,21,17.0,16,20.0,18,0,25,16.0,13,25.0,22,47.0,21,,4,32,16.0,3,21.0,27,23.0,18.0,23,28,19.0,18.0,5.0,,17.0,21,46.0,22.0,19,57.0,21,11,18.0,23.0,40,,15,12.0,26.0,19,20,21,6.0,40,29.0,15.0,33,59.0,13,37.0,21,21,11,33.0,18.0,36,19,18,13.0,23.0,21,6,14.0,33,13.0,23.0,5.0,23.0,38.0,19.0,33.0,12.0,29.0,22.0,4,16,23.0,,19.0,9.0,33.0,22.0,,42.0,20,3,30.0,40.0,15,58.0,27.0,19.0,20.0,20.0,23.0,11,20,23.0,20.0,15.0,32.0,20,49.0,19.0,60.0,27,35,39,,32.0,36.0,36.0,3,13,25.0,13.0,14,36.0,23.0,30,,12.0,46.0,0,22.0,9,20.0,29.0,27.0,14,52.0,12,33.0,9,21,,10.0,12.0,31.0,13,26,35,20.0,40,11.0,17,16,25.0,30,17,24.0,25.0,28,18,22.0,18.0,15.0,17.0,22.0,9.0,22,22.0,12,19,34.0,13.0,31.0,57.0,9.0,22.0,16,31,11.0,30.0,29.0,24.0,,29.0,17,22.0,25,14.0,8.0,,11.0,16,19.0,15,0.0,40.0,21.0,12,19.0,,,32,29,51.0,21.0,20.0,24.0,,30.0,18.0,,34.0,21.0,13.0,14.0,25,20,18.0,13.0,11.0,26,26,22,1,15.0,,17,22,,22.0,9,31.0,18.0,,27,25.0,,,8,17.0,28.0,13.0,16.0,9.0,33.0,27,31.0,14,7.0,12,18,11,14.0,28.0,14.0,18.0,33.0,59.0,8.0,,21.0,31.0,13.0,25,23.0,31.0,13,35.0,,34.0,13.0,19,24.0,15.0,25.0,18,9,30.0,20,20.0,15.0,16.0,17.0,28,30.0,17,27,34.0,19,49.0,19,35.0,21.0,18.0,31,12,20.0,36.0,21,2.0,4,33.0,25,6.0,53.0,,33.0,37.0,14.0,37,12.0,,61.0,35.0,15.0,,39.0,0,19,44.0,28,38,14,32.0,17.0,6.0,41.0,41.0,28.0,11,,28.0,31.0,57,47.0,56.0,10.0,7.0,17.0,33,20.0,42.0,25.0,37.0,,15.0,30.0,28,15.0,,,14.0,23.0,14.0,33.0,19,29.0,0.0,19.0,31.0,26,18,,13.0,29,45.0,0.0,25.0,18,41.0,20.0,34.0,44.0,17,15.0,11.0,0.0,37.0,32.0,24.0,,23.0,40.0,23,27,36.0,26.0,44.0,20.0,13.0,22.0,12.0,45.0,52.0,19.0,28,21,42.0,31,26.0,14.0,26.0,5.0,13,29,47.0,37.0,8.0,32.0,51.0,15.0,18.0,18.0,22.0,7,32.0,37.0,,4.0,36.0,27.0,11,27.0,25.0,20.0,30,29.0,,37.0,32.0,13.0,25.0,20,31.0,20,,31.0,25.0,50.0,43.0,,29.0,37.0,24.0,16.0,30.0,58.0,60.0,,23.0,27.0,,14.0,8.0,,43.0,26,30.0,37.0,15,17.0,22.0,7,61.0,19.0,8.0,21,14,20,32.0,14.0,57.0,24.0,22.0,31.0,28.0,,59.0,16,41.0,20,23.0,27,32,,16,,39.0,1.0,,11,,19.0,9.0,13.0,31.0,31.0,16,,29,30.0,61.0,39.0,21,18.0,18,12,32.0,17.0,13.0,23,18.0,39.0,21,25.0,,22.0,14.0,27.0,23.0,32.0,0.0,12,5.0,18.0,23.0,19.0,23.0,47.0,47.0,28.0,18,12.0,18,13.0,6.0,34.0,54.0,17,22,10.0,12.0,37.0,46.0,20.0,30.0,28.0,26.0,46.0,10,22.0,16.0,14,20,28.0,54.0,13,51.0,17.0,20,16.0,27,19,34,19.0,19.0,35.0,,35.0,10.0,47.0,36.0,30.0,24.0,35.0,26.0,13.0,22.0,37.0,,19.0,23.0,16.0,42.0,,45.0,35.0,34.0,20.0,19.0,34.0,25.0,29.0,38.0,31.0,34.0,43.0,35.0,12.0,41.0,39.0,25.0,35.0,24.0,22.0,,28.0,29.0,44.0,,14.0,45.0,20,34.0,26.0,16.0,31,16.0,56.0,42.0,16.0,45.0,38.0,49.0,13.0,31.0,24.0,21.0,46.0,61.0,37.0,,,35.0,57.0,18.0,,27.0,32.0,23.0,11.0,28.0,0.0,,,24,32.0,37.0,50.0,15,,38.0,35.0,32.0,33.0,37.0,25.0,29.0,31.0,10,32.0,39.0,14.0,19.0,40.0,,28,17,43.0,17.0,25.0,14.0,7.0,21.0,21,19,50.0,36.0,19.0,5.0,52.0,35.0,,31.0,31.0,23.0,35.0,50.0,19.0,32.0,,27.0,12,18.0,31.0,35.0,20.0,6.0,12,,35,14.0,29,15.0,22.0,28.0,46.0,21.0,19.0,25.0,56.0,29.0,26.0,35.0,32.0,30,27.0,,15.0,0.0,,14,19.0,46.0,40.0,37.0,25.0,,42.0,41.0,15.0,0,22,49.0,40.0,32.0,29.0,47.0,29.0,24.0,22.0,21,,31.0,27.0,40.0,24.0,47.0,19.0,18.0,20,17.0,36.0,26.0,16,14,22.0,23.0,,28.0,9.0,,,13.0,23.0,28.0,51.0,24.0,39.0,16.0,31.0,21,37.0,27.0,29.0,30.0,43.0,18,35.0,46.0,27,,16.0,31.0,43.0,,19.0,20.0,31.0,30.0,,11.0,32,23.0,22.0,12.0,11.0,24,30.0,30.0,19.0,16.0,18.0,23.0,24.0,28.0,,42.0,35.0,38.0,29.0,0,26,9.0,27.0,16.0,35.0,23.0,16,19,30.0,36.0,57.0,25.0,27.0,22.0,49.0,6.0,24.0,19.0,60.0,,25.0,36.0,39.0,61,30,10.0,33.0,23.0,28.0,61.0,17,33.0,17.0,,19.0,47.0,,27.0,24.0,28.0,59.0,36.0,60.0,35.0,36.0,59.0,15,8.0,35.0,22,36.0,26.0,38.0,11.0,0.0,56.0,,17.0,,28.0,8.0,52.0,16.0,18.0,33.0,21.0,37.0,29.0,15.0,24.0,31.0,56.0,59.0,5.0,,34.0,42.0,47.0,10.0,,29.0,8.0,22.0,50.0,34.0,25.0,27.0,43.0,7.0,16.0,45.0,13.0,,61.0,32.0,18.0,21.0,,10.0,6.0,,,,60.0,13.0,22.0,5.0,,14.0,32.0,59.0,21,16.0,24.0,26.0,18.0,,,24.0,11.0,25.0,25.0,26.0,25.0,,17.0,26.0,7.0,26.0,52.0,55.0,27.0,21.0,12.0,60.0,29.0,22.0,,21.0,19.0,24.0,61.0,44.0,53.0,42.0,60.0,36.0,19.0,30.0,22.0,51.0,53.0,24.0,,33.0,47.0,15.0,,13,47.0,,20.0,29.0,52.0,46.0,47.0,13.0,,22,45.0,,25.0,25.0,0.0,23.0,14.0,13.0,26.0,42.0,9.0,22.0,,28.0,13.0,,18,21.0,21.0,53.0,40.0,11.0,19.0,16.0,30.0,23.0,45.0,16.0,13.0,25.0,29.0,29.0,27.0,17.0,,37.0,,14.0,39.0,15.0,10.0,13,18,9.0,,25.0,27.0,16.0,27.0,27.0,35.0,21.0,28.0,44.0,30.0,9.0,58.0,,26.0,27.0,15.0,,11.0,49.0,51.0,37.0,20.0,38.0,42.0,0.0,12.0,15.0,,42.0,37.0,8.0,17.0,26.0,20.0,45.0,22.0,20.0,21.0,19.0,60.0,39.0,17.0,38.0,13.0,,36.0,15,24.0,12.0,32.0,19.0,27,22.0,,61.0,11.0,,42.0,35.0,55.0,19,50.0,27.0,9.0,17.0,,8.0,,26,34.0,31.0,25.0,,15,,42.0,25.0,19.0,36.0,12.0,,59.0,27.0,,8.0,,17.0,41.0,56.0,7.0,16.0,11.0,,39.0,25.0,61.0,39.0,,50,,44.0,24.0,45.0,,,43.0,26.0,26.0,18.0,13.0,39.0,37.0,22,15.0,,32.0,50.0,,59.0,,31.0,,,26.0,34.0,56.0,60.0,,27.0,35.0,46.0,3.0,,37.0,23.0,10.0,24.0,2.0,12.0,35.0,,58.0,17.0,54.0,30.0,24.0,60.0,,43.0,14.0,42.0,9.0,44.0,31.0,25.0,,30.0,27.0,34.0,18.0,31.0,,,0.0,41.0,7.0,,13.0,36.0,58.0,49.0,59.0,47.0,36.0,23.0,11.0,,28.0,25.0,28.0,43.0,52.0,24,13.0,28.0,19.0,40.0,55.0,24.0,22.0,44.0,31.0,52.0,21.0,22.0,14.0,27.0,5.0,45.0,36.0,23.0,50.0,50.0,11.0,22.0,13.0,41.0,38.0,36.0,7.0,27.0,23.0,,17.0,0.0,21.0,48.0,15.0,46.0,34.0,37.0,53.0,30.0,27.0,18.0,,50.0,12.0,41.0,18.0,,38.0,,,46.0,45.0,,37.0,57.0,20.0,,42.0,19.0,20.0,56.0,34.0,,,30.0,29.0,23.0,27.0,16.0,0.0,10.0,,40.0,41.0,,43.0,40.0,43.0,41.0,34.0,14.0,20.0,44.0,21.0,28.0,33.0,,,,,46.0,53.0,,33.0,23.0,7.0,28.0,,16.0,33.0,,54.0,50.0,52.0,21.0,,36.0,55.0,17.0,35.0,34.0,35.0,19.0,31.0,36.0,18.0,61.0,28.0,8.0,26.0,37.0,35.0,31.0,,39.0,,34.0,55,60.0,30.0,,,,14.0,51.0,55.0,23.0,27.0,8,,17.0,46.0,33.0,,13.0,31.0,18.0,19,35.0,13.0,61.0,58.0,56.0,31.0,48.0,30.0,34.0,,,23.0,56.0,39.0,59.0,17.0,28.0,,30.0,53.0,12.0,18.0,36.0,47.0,47.0,8.0,51.0,,16.0,46.0,14.0,43.0,,,22.0,46.0,36.0,,,31.0,21.0,,11.0,58.0,33.0,27.0,,,19.0,,28.0,25.0,,,15.0,37.0,35.0,,51.0,51.0,23.0,12.0,,26.0,,,30.0,17.0,45.0,29.0,23.0,16.0,34.0,12.0,18.0,,32.0,12.0,25.0,8.0,,,23.0,19.0,39.0,23.0,26.0,,15.0,,33.0,10.0,25.0,49.0,29.0,10.0,34.0,26.0,14.0,19.0,8.0,39.0,40.0,60.0,36.0,0.0,61.0,48.0,19,53.0,45.0,44.0,61.0,,33.0,19.0,26.0,28.0,,44.0,46.0,3.0,45.0,20.0,22.0,41.0,15.0,8.0,25.0,,39.0,18.0,20.0,41.0,38.0,,,29.0,22.0,15.0,20.0,15.0,13.0,,16.0,24.0,,33.0,40.0,30.0,23.0,30.0,25.0,,9.0,,15.0,48.0,29.0,24.0,32.0,22.0,,25.0,,23.0,,33.0,11.0,52.0,25.0,28.0,31.0,45.0,31.0,,33.0,,0.0,39.0,,14.0,19.0,21.0,26.0,,19.0,14.0,16,44.0,14.0,51,17.0,,2.0,,27.0,17.0,,,23.0,,60.0,38.0,16.0,,32.0,39.0,32.0,53.0,32.0,54.0,26.0,,50.0,22.0,11.0,22.0,57.0,21.0,44.0,26.0,52.0,28.0,14.0,53.0,,61.0,28.0,30.0,,19.0,17.0,29.0,54.0,20.0,56.0,25.0,20.0,33.0,31.0,17.0,,,49.0,61.0,45.0,25.0,13.0,53.0,22.0,,34.0,35.0,32.0,31.0,12.0,46.0,22.0,59.0,27.0,,24.0,53.0,30.0,60.0,18.0,48.0,27.0,47.0,17.0,38.0,19.0,34.0,,53.0,17.0,12.0,25.0,,47.0,,13.0,32.0,,8.0,22.0,37.0,20.0,29.0,,13.0,40.0,29.0,49.0,24.0,34.0,,44.0,23.0,33.0,26.0,21.0,,,28.0,,24.0,38.0,44.0,37.0,12.0,34.0,40.0,50.0,30.0,,17.0,,,18.0,54.0,18.0,14.0,0.0,24.0,30.0,,,25.0,26.0,11.0,,11.0,,51.0,19.0,46.0,23.0,36.0,,19.0,15.0,,16.0,21.0,,55.0,29.0,53.0,27.0,49.0,24.0,,30.0,24.0,15.0,,31.0,27.0,17.0,58.0,,30.0,22.0,28.0,46.0,43.0,,23.0,40.0,,39.0,,17.0,37.0,28.0,29.0,,35.0,36.0,18.0,8.0,46.0,28.0,18.0,,33.0,,9.0,61.0,32.0,21.0,25.0,,48.0,42.0,8.0,,52.0,,30.0,18.0,43.0,30.0,41.0,50.0,30.0,23.0,55.0,56.0,31.0,56.0,26.0,12.0,37.0,37.0,33.0,17.0,19.0,,29.0,22.0,5.0,,18.0,23.0,8.0,,,44.0,13.0,58.0,35.0,,49.0,58.0,59.0,,11.0,32.0,,35.0,60.0,36.0,,17.0,24.0,56.0,41.0,32.0,32.0,,15.0,20.0,56.0,24.0,15.0,15.0,25.0,,20.0,61.0,,11.0,61.0,16.0,41.0,61.0,35.0,27.0,39.0,46.0,,42.0,,52.0,,38.0,11.0,55.0,26.0,,10.0,24.0,16.0,45.0,25.0,,,56.0,50.0,34.0,44.0,49.0,61.0,,54.0,,,,29.0,58.0,,21.0,39.0,,34.0,18.0,,25.0,45.0,50.0,33.0,11.0,18.0,48.0,42.0,57.0,7.0,43.0,,14.0,,28.0,34.0,40.0,21.0,39.0,,42.0,50.0,17.0,28.0,39.0,11.0,,,13.0,57.0,10.0,17.0,13.0,40.0,,15.0,,56.0,17.0,29.0,17.0,56.0,,8.0,43.0,14.0,33.0,7.0,,58.0,23.0,7.0,14.0,28.0,56.0,,,31.0,24.0,0.0,37.0,41.0,11.0,,18.0,6.0,53.0,29.0,21.0,39.0,49.0,34.0,26.0,11.0,21.0,51.0,34.0,41.0,18.0,48.0,26.0,22.0,,34.0,,30.0,36.0,53.0,23.0,21.0,48.0,,27.0,55.0,31.0,41.0,50.0,38.0,40.0,31.0,,,14.0,,52.0,,60.0,26.0,30.0,,,,38.0,41.0,20.0,41.0,59.0,,30.0,38.0,25.0,,33.0,46.0,40.0,38.0,38.0,45.0,24.0,,48.0,0.0,,19.0,42.0,,29.0,10.0,26.0,23.0,7.0,,,19.0,,19.0,28.0,16.0,9.0,43.0,,14.0,,31.0,28.0,,9.0,,,,19.0,21.0,54.0,24.0,25.0,17.0,10.0,,24.0,17.0,10.0,37.0,13.0,22.0,28.0,31.0,,51.0,20.0,17.0,30.0,45.0,50.0,17.0,42.0,21.0,27.0,16.0,40.0,21.0,11.0,21.0,46.0,9.0,38.0,,38.0,,29.0,54.0,35.0,9.0,15.0,,30.0,,10.0,37.0,42.0,41.0,,1.0,18.0,34.0,46.0,,10.0,28.0,,24.0,32.0,43.0,32.0,53.0,37.0,34.0,,32.0,43.0,33.0,35.0,,41.0,,22.0,25.0,49.0,17.0,50.0,7.0,36.0,,53.0,18.0,32.0,41.0,,,,24.0,26.0,12.0,23.0,,12.0,37.0,25.0,20.0,52.0,37.0,36.0,47.0,,59.0,44.0,22.0,,,46.0,25.0,55.0,37.0,,24.0,35.0,18.0,54.0,14.0,33.0,33.0,48.0,15.0,24.0,45.0,28.0,24.0,36.0,35.0,,15.0,20.0,,,,43.0,15.0,26.0,42.0,,24.0,34.0,,18.0,18.0,,13.0,,52.0,9.0,26.0,58.0,,17.0,27.0,38.0,43.0,34.0,,32.0,,41.0,5.0,57.0,28.0,38.0,60.0,,49.0,,,,,14.0,,1.0,23.0,33.0,18.0,,49.0,23.0,44.0,34.0,20.0,13.0,41.0,18.0,,24.0,33.0,15.0,19.0,9.0,54.0,11.0,19.0,35.0,20.0,11.0,38.0,39.0,,10.0,,14.0,37.0,25.0,45.0,25.0,8.0,,27.0,48.0,44.0,31.0,,,61.0,45.0,58.0,4.0,34.0,47.0,17.0,47.0,12.0,,41.0,26.0,,,23.0,22.0,,37.0,18.0,21.0,27.0,33.0,29.0,,24.0,,11.0,23.0,19.0,33.0,41.0,26.0,52.0,34.0,,,10.0,26.0,55.0,28.0,24.0,18.0,,41.0,36.0,39.0,21.0,19.0,21.0,,13.0,45.0,30.0,27.0,52.0,,33.0,12.0,60.0,18.0,18.0,24.0,44.0,,20.0,,50.0,47.0,35.0,,12.0,46.0,14.0,38.0,,,31.0,51.0,11.0,,30.0,,35.0,50.0,22.0,,61.0,22.0,,,44.0,32.0,,17.0,57.0,10.0,,48.0,59.0,45.0,54.0,14.0,19.0,,12.0,,,30.0,2.0,57.0,55.0,37.0,22.0,22.0,17.0,,36.0,19.0,11.0,,28.0,,,45.0,23.0,59.0,,52.0,40.0,31.0,19.0,8.0,26.0,,57.0,57.0,43.0,26.0,24.0,56.0,,19.0,,,32.0,,,40.0,34.0,8.0,9.0,,13.0,19.0,51.0,12.0,9.0,,,10.0,28.0,21.0,,40.0,26.0,30.0,4.0,56.0,31.0,17.0,21.0,52.0,22.0,14.0,,15.0,53.0,38.0,32.0,37.0,19.0,39.0,41.0,24.0,,41.0,8.0,,21.0,43.0,30.0,,,,34.0,54.0,,44.0,49.0,47.0,19.0,17.0,52.0,31.0,57.0,21.0,27.0,9.0,10.0,34.0,21.0,43.0,7.0,,61.0,39.0,32.0,,18.0,12.0,,60.0,34.0,30.0,22.0,58.0,22.0,29.0,14.0,40.0,,9.0,39.0,18.0,27.0,53.0,52.0,21.0,54.0,44.0,42.0,,19.0,38.0,20.0,17.0,46.0,56.0,27.0,,27.0,21.0,28.0,15.0,9.0,22.0,1.0,,,,18.0,,55.0,59.0,17.0,27.0,,51.0,,,2.0,32.0,32.0,29.0,46.0,,41.0,19.0,,,54.0,34.0,22.0,,43.0,15.0,40.0,54.0,,49.0,43.0,27.0,,,,33.0,38.0,0.0,30.0,,61.0,21.0,,,40.0,25.0,18.0,,40.0,,25.0,,,34.0,13.0,26.0,42.0,38.0,14.0,31.0,21.0,36.0,37.0,,54.0,39.0,22.0,41.0,,22.0,41.0,33.0,61.0,34.0,,,,28.0,20.0,50.0,34.0,27.0,47.0,14.0,21.0,31.0,24.0,42.0,53.0,,39.0,48.0,50.0,40.0,,9.0,59.0,57.0,,23.0,,,57.0,35.0,33.0,14.0,6.0,,52.0,,17.0,15.0,,37.0,,45.0,28.0,44.0,30.0,20.0,12.0,40.0,19.0,54.0,28.0,60.0,15.0,18.0,78,3,2.3828647925033466,18.43038705950318,-0.3342744575360544
5,1,6,8,6,12,4,9,2,8,2,8,9,9,13,10,13,11,33,27,7,19,8,12,3,11,14,6,7,14,11,9,12,11,8,10,10,4,10,14,13,15.0,15,14,13,9,13,20,12,24,3,18,14,11,20,11,9,9,7,17,21,14,17,10,33.0,16,14,14,6,11,12,15,14,8,13,12,13,16,10,8,18,10,13,16,13,16,13,10,22,23,14,16,30,13,9,18,14,17,10,16,27,10,20,1,6,19,12,0,17,7,22,,16,15,44.0,12,16,13,9,17,14,11,13,17,14,12,10,22.0,10,16,7,15,57.0,11,18,27.0,14,12,16,15,13,14,7,2,40.0,30.0,15,19.0,19,22,11,18,12.0,15,11,2,15,35.0,13,22,16,20,9,16,19,21.0,19,23,13,18,10,5.0,4,48,0,28,17,24.0,14,41.0,19,15,7,15,7,22.0,23.0,15,26,,45.0,19,30,23,20,27,13,20,22.0,18,11,39.0,22,3,31,16,,18,14,9,13,38.0,20,21,19,12,20,24,15,13.0,28.0,17,25,7,60.0,14,18,11,52.0,8,13.0,17.0,22,17,59.0,15,21,21,9.0,42.0,20,11,14,15,19,14.0,18,18,17,15,16,20,17.0,34.0,11,35.0,15.0,,20.0,16,31.0,19,19,25,36.0,2.0,37.0,,30.0,14,29.0,24.0,11.0,10,15,4.0,21,32,19,29.0,9.0,56.0,20,,18,16,16.0,19.0,15,,27.0,13,15,37.0,9,16.0,31.0,39.0,14,11,36.0,16,21,17,16,24,26,18,21,10,28,27,12,25.0,29.0,16,22,27,27.0,4.0,16,27,10,,19,21.0,22,13,25,11,11,29.0,12,11.0,17,19,43.0,18,18,11,46.0,20.0,15,22.0,,12.0,21.0,47.0,17,22.0,21,15,17,,21,16.0,27.0,12,13.0,12.0,46.0,23,27.0,13,32,34,14,15,14,37,21.0,18,22.0,20,14,21,18.0,13,17.0,26,13.0,20,32.0,32,13,30.0,33,21.0,11,25.0,10.0,16,27,37.0,31.0,35.0,18.0,9.0,19,13.0,11.0,14,,12,25,,,17,14.0,10,25.0,,20,23,19,43.0,16,15.0,13.0,19,9.0,16,34.0,13,15,19,6.0,21.0,25,21,28,45.0,16.0,15,19,28.0,22,21.0,30.0,16.0,12.0,17.0,15.0,18.0,17.0,38.0,14.0,22,23,15.0,37.0,7.0,17.0,0.0,31.0,36.0,22.0,17,18,18.0,36.0,9,49.0,28.0,38.0,19.0,23.0,19.0,23,26,26.0,19.0,13.0,23.0,11,,43.0,16.0,24,21,20,,33.0,31.0,30.0,0,13,16.0,35.0,17,13.0,4.0,17,22.0,56.0,,35,31.0,15,20.0,11.0,53.0,23,16.0,35,11.0,26,13,21.0,57.0,10.0,38.0,18,26,26,18.0,28,9.0,19,37,34.0,8,20,15.0,21.0,18,20,28.0,,51.0,19.0,11.0,8.0,20,,16,16,20.0,27.0,24.0,,10.0,24.0,18,11,46.0,,12.0,8.0,40.0,20.0,16,26.0,39,26.0,,,,20,15.0,18,15.0,32.0,27.0,18,27.0,,,24,10,46.0,,23.0,,,13.0,33.0,16.0,34.0,25.0,40.0,19.0,27,19,10.0,6.0,,22,12,9,9,18.0,19.0,28,23,,,12,37.0,39.0,19.0,18,20.0,14.0,,18,26.0,57.0,30.0,45.0,19.0,36.0,21,38.0,26,26.0,18,30,9,36.0,36.0,19.0,47.0,42.0,10.0,16.0,24.0,3.0,49.0,19.0,21,25.0,55.0,15,59.0,34.0,12.0,27.0,15,24.0,49.0,29.0,10,25,27.0,21,21.0,15.0,25.0,,36,30.0,22,12,39.0,16,14.0,13,5.0,13.0,48.0,22,13,15.0,52.0,44,18.0,11,,27,17.0,19.0,17.0,,52.0,46.0,11,16.0,37.0,20.0,50.0,13.0,56.0,17.0,29,15,15.0,25,38,17,32.0,20.0,27.0,,,23.0,26,38.0,16.0,30.0,15,43.0,16.0,28.0,30.0,25.0,19,37.0,17.0,23.0,48.0,36.0,28.0,27.0,33,36.0,,45.0,33.0,11.0,21.0,35.0,28,38.0,34.0,20.0,18.0,20,9,30.0,8.0,23,19.0,,17.0,12,15.0,,28.0,7.0,18,34.0,48.0,24.0,21.0,37.0,28.0,,16.0,39.0,22,25,25.0,24.0,37.0,39.0,29.0,23.0,15.0,20.0,14.0,38.0,33,9,50.0,31,20.0,,27.0,12.0,24,10,37.0,19.0,54.0,23.0,,24.0,19.0,17.0,4.0,8,29.0,,57.0,23.0,49.0,10.0,26,16.0,17.0,15.0,18,,16.0,22.0,16.0,21.0,23.0,45,37.0,22,60.0,47.0,42.0,21.0,,38.0,38.0,20.0,35.0,26.0,30.0,,48.0,14.0,25.0,39.0,,33.0,13.0,19.0,37.0,17,27.0,50.0,18,47.0,54.0,15,21.0,28.0,52.0,18,20,19,34.0,,47.0,26.0,37.0,6.0,15.0,25.0,29.0,26,28.0,23,17.0,21,18,43.0,32,35.0,25.0,15.0,24.0,29,25.0,13.0,19.0,19.0,59.0,31.0,4,24.0,17,22.0,28.0,17.0,14,22.0,18,31,13.0,,36.0,25,21.0,29.0,15,18.0,,38.0,,51.0,44.0,8.0,23.0,22,55.0,28.0,32.0,0.0,42.0,,51.0,17.0,14,36.0,29,43.0,28.0,39.0,22.0,33,18,46.0,30.0,23.0,19.0,27.0,36.0,24.0,36.0,36.0,17,47.0,13.0,0,31,13.0,28.0,20,28.0,38.0,35,37.0,24,12,21,21.0,26.0,31.0,24.0,21.0,26.0,27.0,29.0,30.0,13.0,,14.0,31.0,36.0,19.0,,20.0,,45.0,,36.0,24.0,31.0,18.0,49.0,33.0,47.0,12.0,33.0,19.0,14.0,8.0,44.0,9.0,,54.0,39.0,41.0,38.0,23.0,15.0,56.0,4.0,10.0,40.0,16.0,42.0,,26,15.0,34.0,21.0,22,19.0,12.0,27.0,34.0,41.0,,33.0,28.0,,,25.0,51.0,28.0,27.0,18.0,,19.0,11.0,40.0,,36.0,,34.0,14.0,24.0,27.0,18.0,37.0,8,34.0,23.0,14.0,12,22.0,39.0,5.0,38.0,49.0,50.0,22.0,53.0,22.0,4,18.0,18.0,35.0,8.0,39.0,25.0,20,19,21.0,27.0,31.0,41.0,46.0,57.0,19,19,,36.0,17.0,,22.0,35.0,,25.0,26.0,57.0,16.0,11.0,27.0,19.0,6.0,21.0,19,28.0,,19.0,29.0,25.0,24,23.0,0,35.0,15,25.0,21.0,0.0,25.0,33.0,39.0,,48.0,20.0,26.0,34.0,38.0,9,26.0,17.0,13.0,9.0,23.0,27,12.0,44.0,43.0,8.0,38.0,33.0,,22.0,19.0,8,15,12.0,14.0,,10.0,36.0,9.0,24.0,25.0,12,20.0,,36.0,58.0,59.0,17.0,12.0,18.0,9,42.0,19.0,18.0,17,14,11.0,22.0,46.0,25.0,12.0,12.0,19.0,58.0,,28.0,31.0,24.0,28.0,0.0,13.0,23,34.0,12.0,5.0,27.0,20.0,12,56.0,21.0,4,29.0,44.0,20.0,20.0,26.0,44.0,24.0,43.0,6.0,26.0,23.0,23,40.0,45.0,15.0,45.0,27,58.0,53.0,24.0,21.0,32.0,28.0,46.0,26.0,29.0,15.0,22.0,22.0,58.0,18,22,,39.0,24.0,34.0,9.0,23,23,,41.0,30.0,27.0,28.0,0.0,48.0,22.0,31.0,37.0,,47.0,18.0,33.0,47.0,26,25,31.0,24.0,44.0,37.0,39.0,19,0.0,42.0,34.0,21.0,12.0,23.0,20.0,,,17.0,49.0,23.0,38.0,14.0,30.0,21,37.0,,25,51.0,36.0,24.0,59.0,29.0,19.0,19.0,34.0,10.0,37.0,20.0,36.0,40.0,30.0,,29.0,22.0,43.0,27.0,19.0,0.0,30.0,43.0,34.0,17.0,,22.0,26.0,17.0,17.0,24.0,11.0,27.0,13.0,23.0,28.0,40.0,,29.0,24.0,,21.0,19.0,29.0,,26.0,30.0,,42.0,22.0,0.0,22.0,37.0,30.0,20.0,,37.0,,29.0,10.0,40.0,24,24.0,24.0,,13.0,35.0,17.0,51.0,,33.0,18.0,33.0,15.0,46.0,17.0,40.0,27.0,48.0,12.0,37.0,16.0,33.0,7.0,43.0,39.0,24.0,10.0,30.0,31.0,32.0,33.0,46.0,41.0,16.0,57.0,38.0,29.0,0.0,0.0,26.0,,21.0,,38.0,14.0,,33.0,37,42.0,16.0,12.0,35.0,,36.0,34.0,41.0,20.0,17,18.0,27.0,46.0,26.0,43.0,32.0,38.0,33.0,20.0,25.0,33.0,59.0,,27.0,,52.0,10,9.0,18.0,,24.0,12.0,12.0,30.0,23.0,29.0,47.0,,38.0,52.0,,36.0,29.0,38.0,,47.0,30.0,,19.0,38.0,13.0,22,18,32.0,34.0,27.0,20.0,18.0,29.0,17.0,39.0,,45.0,34.0,32.0,36.0,,45.0,34.0,,40.0,45.0,22.0,42.0,43.0,,36.0,23.0,44.0,,4.0,24.0,14.0,41.0,40.0,21.0,,22.0,35.0,23.0,47.0,,24.0,47.0,12.0,37.0,,,,17.0,24.0,30,32.0,17.0,34.0,33.0,19,41.0,,38.0,54.0,47.0,,16.0,35.0,20,32.0,47.0,27.0,,21.0,8.0,30.0,28,,,34.0,55.0,36,37.0,36.0,18.0,18.0,20.0,23.0,26.0,33.0,24.0,,22.0,56.0,23.0,28.0,36.0,28.0,22.0,31.0,,,25.0,23.0,19.0,29.0,21,31.0,7.0,18.0,46.0,19.0,,,30.0,20.0,14.0,59.0,40.0,34.0,35,22.0,32.0,40.0,,,19.0,,37.0,,24.0,24.0,,,35.0,20.0,27.0,39.0,29.0,23.0,,23.0,43.0,17.0,42.0,40.0,12.0,37.0,,16.0,40.0,28.0,,38.0,32.0,7.0,40.0,54.0,42.0,29.0,41.0,,32.0,42.0,28.0,17.0,26.0,42.0,47.0,,27.0,2.0,32.0,29.0,,0.0,18.0,16.0,,36.0,23.0,13.0,58.0,40.0,,36.0,37.0,34.0,,,23,37.0,,16.0,19.0,27.0,43.0,57.0,41.0,35.0,,31.0,19.0,0.0,26.0,14.0,12.0,18.0,23.0,21.0,,,,22.0,32.0,28.0,,9.0,26.0,19.0,31.0,47.0,29.0,53.0,11.0,11.0,34.0,16.0,37.0,33.0,28.0,30.0,36.0,,49.0,21.0,25.0,27.0,17.0,43.0,23.0,48.0,36.0,56.0,14.0,31.0,17.0,34.0,,38.0,6.0,26.0,,,21.0,24.0,27.0,11.0,16.0,23.0,,26.0,28.0,7.0,21.0,42.0,40.0,50.0,31.0,45.0,22.0,50.0,53.0,55.0,28.0,53.0,22.0,24.0,,,21.0,27.0,41.0,34.0,43.0,33.0,29.0,,20.0,,57.0,32.0,43.0,24.0,36.0,,20.0,38.0,41.0,18.0,31.0,33.0,22.0,,41.0,19.0,24.0,18.0,27.0,17.0,28.0,30.0,25.0,31.0,17.0,53.0,20.0,49.0,38.0,22,55.0,32.0,,,17.0,15.0,29.0,,29.0,25.0,11,51.0,31.0,35.0,27.0,37.0,,34.0,10.0,33,21.0,,25.0,25.0,15.0,47.0,60.0,38.0,,13.0,38.0,14.0,38.0,31.0,,22.0,26.0,26.0,37.0,14.0,21.0,16.0,51.0,28.0,40.0,52.0,45.0,58.0,,,39.0,47.0,17.0,,,29.0,13.0,39.0,38.0,18.0,36.0,47.0,,,,34.0,19.0,,12.0,47.0,6.0,28.0,37.0,,34.0,14.0,36.0,34.0,6.0,,34.0,25.0,15.0,57.0,,,20.0,26.0,26.0,26.0,40.0,51.0,12.0,21.0,40.0,27.0,15.0,51.0,48.0,,19.0,32.0,28.0,18.0,,26.0,9.0,34.0,24.0,44.0,29.0,19.0,14.0,25.0,18.0,50.0,22.0,,6.0,36.0,16.0,31.0,35.0,48.0,,,,23.0,22,36.0,24.0,20.0,37.0,22.0,,,,38.0,,30.0,30.0,,7.0,59.0,19.0,39.0,11.0,7.0,54.0,25.0,20.0,14.0,54.0,24.0,20.0,,,,,14.0,17.0,,24.0,10.0,,31.0,,19.0,,42.0,,22.0,29.0,41.0,38.0,7.0,53.0,,51.0,,17.0,,41.0,7.0,26.0,15.0,,,55.0,21.0,53.0,30.0,44.0,,19.0,40.0,15.0,21.0,38.0,12.0,51.0,29.0,13.0,,11.0,,,19.0,43,14.0,50.0,15,0.0,28.0,,43.0,,17.0,,58.0,16.0,23.0,39.0,20.0,,33.0,31.0,,39.0,44.0,31.0,60.0,18.0,58.0,27.0,25.0,41.0,24.0,41.0,51.0,53.0,34.0,8.0,38.0,29.0,29.0,26.0,26.0,32.0,11.0,,31.0,55.0,29.0,30.0,36.0,53.0,12.0,31.0,42.0,22.0,,34.0,56.0,46.0,45.0,56.0,,48.0,15.0,,12.0,30.0,50.0,16.0,20.0,10.0,33.0,25.0,17.0,41.0,13.0,53.0,32.0,52.0,53.0,18.0,19.0,19.0,14.0,22.0,44.0,0.0,41.0,48.0,,31.0,32.0,,55.0,37.0,,21.0,37.0,38.0,,,,,14.0,54.0,16.0,,22.0,40.0,32.0,27.0,33.0,,6.0,,27.0,29.0,37.0,47.0,21.0,,,,40.0,35.0,,60.0,43.0,45.0,31.0,,28.0,15.0,8.0,51.0,30.0,11.0,16.0,56.0,18.0,23.0,29.0,25.0,42.0,23.0,37.0,27.0,5.0,30.0,11.0,28.0,34.0,16.0,30.0,,21.0,12.0,,11.0,44.0,33.0,18.0,15.0,46.0,,17.0,44.0,33.0,20.0,41.0,54.0,,24.0,27.0,45.0,55.0,,19.0,,10.0,30.0,0.0,29.0,16.0,44.0,,,,58.0,43.0,57.0,52.0,40.0,,,26.0,,60.0,20.0,42.0,42.0,56.0,34.0,,30.0,23.0,45.0,25.0,18.0,33.0,38.0,42.0,14.0,,23.0,47.0,21.0,55.0,17.0,45.0,38.0,26.0,,,40.0,38.0,60.0,60.0,,,13.0,31.0,55.0,41.0,42.0,18.0,39.0,,23.0,31.0,18.0,13.0,50.0,11.0,56.0,52.0,38.0,28.0,57.0,41.0,17.0,,19.0,43.0,35.0,41.0,20.0,,22.0,18.0,52.0,,,60.0,,,53.0,16.0,55.0,16.0,52.0,,16.0,44.0,44.0,50.0,,,14.0,41.0,21.0,60.0,,42.0,15.0,40.0,30.0,49.0,36.0,20.0,55.0,23.0,28.0,7.0,,32.0,7.0,17.0,7.0,,19.0,39.0,,40.0,18.0,42.0,,,40.0,14.0,22.0,44.0,22.0,31.0,,29.0,31.0,40.0,17.0,57.0,59.0,27.0,42.0,50.0,15.0,,27.0,31.0,29.0,35.0,41.0,35.0,58.0,45.0,41.0,32.0,23.0,42.0,,15.0,,,22.0,13.0,24.0,15.0,33.0,41.0,31.0,58.0,39.0,19.0,7.0,,,47.0,44.0,43.0,14.0,39.0,45.0,57.0,15.0,54.0,,,32.0,32.0,42.0,12.0,42.0,17.0,35.0,29.0,49.0,57.0,28.0,20.0,,52.0,27.0,14.0,41.0,41.0,7.0,,,27.0,28.0,4.0,34.0,,23.0,33.0,49.0,16.0,27.0,7.0,,36.0,40.0,52.0,,,52.0,6.0,39.0,6.0,27.0,30.0,20.0,50.0,18.0,14.0,32.0,29.0,28.0,36.0,57.0,,53.0,46.0,,,,,40.0,39.0,40.0,15.0,24.0,16.0,19.0,32.0,,,,20.0,12.0,,39.0,60.0,41.0,58.0,19.0,10.0,40.0,22.0,39.0,52.0,43.0,46.0,34.0,37.0,26.0,,7.0,17.0,11.0,41.0,20.0,27.0,45.0,37.0,38.0,,57.0,38.0,45.0,,,0.0,39.0,51.0,36.0,46.0,20.0,6.0,51.0,51.0,52.0,21.0,,14.0,,11.0,23.0,18.0,31.0,45.0,21.0,22.0,55.0,13.0,28.0,,,36.0,12.0,,,12.0,22.0,,57.0,8.0,46.0,,,23.0,11.0,,35.0,15.0,,23.0,53.0,43.0,6.0,0.0,39.0,,,,40.0,35.0,,23.0,,44.0,56.0,,48.0,43.0,,13.0,38.0,43.0,26.0,,30.0,28.0,21.0,24.0,,23.0,29.0,,,41.0,40.0,,22.0,38.0,,22.0,48.0,18.0,20.0,49.0,27.0,41.0,29.0,53.0,18.0,,20.0,58.0,,47.0,19.0,38.0,28.0,24.0,24.0,48.0,54.0,50.0,,,,0.0,,,47.0,8.0,27.0,43.0,,22.0,30.0,41.0,8.0,22.0,49.0,17.0,54.0,17.0,24.0,20.0,38.0,51.0,27.0,,44.0,57.0,,25.0,,,57.0,45.0,,48.0,22.0,60.0,,47.0,37.0,37.0,,30.0,22.0,29.0,,,49.0,,29.0,23.0,10.0,29.0,43.0,,29.0,31.0,5.0,49.0,43.0,42.0,21.0,36.0,41.0,48.0,3.0,35.0,40.0,,37.0,36.0,34.0,20.0,,22.0,20.0,59.0,51.0,28.0,57.0,39.0,,14.0,41.0,15.0,,51.0,26.0,0.0,49.0,28.0,31.0,,59.0,,37.0,,26.0,,,25.0,28.0,,52.0,16.0,49.0,42.0,34.0,38.0,,26.0,27.0,18.0,37.0,17.0,26.0,18.0,54.0,4.0,,58.0,,60.0,55.0,,31.0,19.0,0.0,,22.0,58.0,,31.0,55.0,29.0,,10.0,19.0,56.0,60.0,,23.0,27.0,35.0,36.0,17.0,25.0,34.0,31.0,18.0,30.0,6.0,,,51.0,4.0,,30.0,33.0,11.0,27.0,57.0,,14.0,17.0,54.0,38.0,54.0,20.0,25.0,46.0,,15.0,20.0,,,42.0,26.0,41.0,47.0,37.0,28.0,46.0,17.0,32.0,14.0,28.0,28.0,44.0,33.0,,21.0,14.0,,57.0,9.0,37.0,51.0,,20.0,,35.0,,,20.0,43.0,17.0,35.0,16.0,59.0,37.0,47.0,35.0,22.0,46.0,24.0,10.0,38.0,47.0,57.0,21.0,34.0,37.0,14.0,31.0,16.0,0.0,47.0,,,33.0,33.0,40.0,20.0,12.0,,,47.0,47.0,49.0,14.0,27.0,44.0,18.0,25.0,60.0,,,5.0,39.0,59.0,,,19.0,0.0,38.0,16.0,,18.0,56.0,,17.0,54.0,35.0,44.0,34.0,16.0,42.0,,18.0,21.0,,26.0,38.0,29.0,56.0,31.0,,,11.0,39.0,,59.0,53.0,34.0,29.0,17.0,,,33.0,57.0,19.0,,39.0,15.0,8.0,,6.0,38.0,35.0,53.0,28.0,26.0,49.0,35.0,52.0,46.0,,17.0,52.0,,36.0,,42.0,28.0,48.0,57.0,26.0,,17.0,,,17.0,27.0,,,59.0,30.0,18.0,,14.0,,0.0,15.0,43.0,,,,26.0,,30.0,19.0,,,,55.0,39.0,36.0,18.0,,42.0,16.0,59.0,47.0,44.0,24.0,,36.0,,32.0,36.0,26.0,,11.0,50.0,45.0,,,56.0,57.0,22.0,36.0,28.0,29.0,30.0,19.0,,,30.0,,,48.0,46.0,54.0,31.0,,31.0,,,,36.0,36.0,60.0,26.0,,12.0,35.0,25.0,56.0,,12.0,18.0,,,27.0,14.0,52.0,51.0,38.0,27.0,41.0,33.0,10.0,,30.0,35.0,26.0,,44.0,31.0,29.0,60.0,,16.0,17.0,22.0,21.0,25.0,,,,32.0,27.0,35.0,17.0,16.0,8.0,,15.0,27.0,,,17.0,31.0,,58.0,41.0,12.0,39.0,58.0,,18.0,47.0,20.0,,46.0,32.0,21.0,50.0,15.0,,,25.0,44.0,11.0,0.0,46.0,25.0,,,44.0,,,15.0,,25.0,,,,34.0,,36.0,55.0,,53.0,,19.0,12.0,24.0,22.0,45.0,,24.0,,,54.0,29.0,17.0,22.0,49.0,11.0,45.0,0.0,,24.0,,39.0,40.0,27.0,,79,3,2.5708215297450425,18.422801489544543,-0.3646059137481396
1,5,2,6,3,6,6,7,4,4,6,7,6,6,8,5,7,6,14,19,6,12,7,8,8,8,7,7,7,4,9,10,1,13,14,2,15,12,11,9,17,10.0,16,12,7,10,5,18,8,9,13,11,7,9,29,9,13,17,6,7,20,7,17,10,,9,11,19,7,7,9,7,12,9,11,9,16,2,10,8,20,9,10,8,13,27,11,14,21,3,14,10,25,11,15,20,10,7,13,8,27,10,17,7,12,14,13,18,12,9,21,50.0,11,14,13.0,13,16,19,17,15,16,18,11,17,10,11,16,23.0,14,7,22,10,15.0,13,18,21.0,14,8,8,11,10,19,31,3,3.0,7.0,8,14.0,8,16,12,7,22.0,9,18,24,14,43.0,8,14,11,13,10,18,21,23.0,15,19,15,18,8,11.0,9,21,6,20,12,11.0,19,46.0,21,17,15,26,0,12.0,14.0,15,21,41.0,51.0,18,28,5,15,26,11,13,13.0,27,15,36.0,19,14,17,28,5.0,22,20,22,13,18.0,23,24,20,27,21,18,15,17.0,34.0,25,5,12,23.0,16,25,7,20.0,17,4.0,37.0,7,18,30.0,23,17,10,20.0,23.0,10,16,19,26,17,25.0,13,16,9,23,9,14,24.0,18.0,19,27.0,43.0,24.0,,28,24.0,6,8,13,24.0,19.0,10.0,56.0,8.0,14,13.0,20.0,,4,14,20.0,11,22,17,33.0,23.0,56.0,18,15.0,10,24,20.0,32.0,2,22.0,18.0,12,32,26.0,12,19.0,11.0,21.0,17,19,,20,20,20,24,16,31,8,11,17,22,0,14,8.0,15.0,0,18,16,23.0,25.0,13,32,11,,21,,12,6,18,6,26,16.0,9,27.0,14,19,20.0,22,2,21,47.0,0.0,11,28.0,54.0,45.0,18.0,18.0,17,18.0,24,19,17,26.0,17,12.0,17.0,24,50.0,11.0,56.0,19,13.0,21,16,33,14,10,10,19,25.0,12,35.0,25,16,17,47.0,18,10.0,22,13.0,18,21.0,24,23,14.0,46,29.0,16,18.0,12.0,18,45,55.0,55.0,7.0,3.0,15.0,22,20.0,3.0,44,33.0,17,14,45.0,21.0,21,35.0,31,5.0,,20,22,24,33.0,34,12.0,32.0,32,20.0,28,9.0,16,24,10,10.0,43.0,19,16,20,,28.0,12,25,35.0,22,41.0,26.0,15.0,3.0,21.0,20.0,33.0,19.0,32.0,17.0,12,8,14.0,,4.0,22.0,21.0,,20.0,20.0,18,18,23.0,41.0,15,,7.0,45.0,19.0,34.0,25.0,22,54,18.0,37.0,5.0,20.0,43,16.0,24.0,29.0,44,21,18,30.0,,13.0,24.0,15,12,21.0,45.0,15,23.0,25.0,20,,29.0,51.0,21,12.0,29,22.0,44.0,13.0,25,30.0,24,6.0,20,23,56.0,16.0,,21.0,34,18,20,18.0,19,49.0,23,15,23.0,34,19,12.0,23.0,26,16,9.0,31.0,,13.0,27.0,27.0,24,12.0,15,14,18.0,52.0,50.0,16.0,5.0,18.0,15,8,10.0,18.0,40.0,34.0,6.0,26.0,14,22.0,14,29.0,5.0,29.0,,22,40.0,26,23.0,15.0,19.0,16,53.0,,42.0,20,16,24.0,39.0,13.0,25.0,9.0,38.0,53.0,31.0,12.0,15.0,29.0,31.0,17,15,18.0,,9.0,15,19,14,18,27.0,12.0,15,12,4.0,,17,32.0,49.0,42.0,25,43.0,14.0,35.0,8,15.0,13.0,37.0,31.0,24.0,,14,26.0,21,15.0,23,12,33,10.0,43.0,0.0,8.0,25.0,,,58.0,,55.0,31.0,12,33.0,33.0,45,30.0,48.0,16.0,14.0,9,31.0,55.0,13.0,21,17,23.0,25,12.0,8.0,14.0,36.0,16,24.0,23,21,36.0,30,42.0,38,15.0,34.0,24.0,22,10,10.0,7.0,25,9.0,32,21.0,20,,33.0,18.0,56.0,42.0,8.0,30,28.0,,26.0,,24.0,10.0,,15,16,14.0,26,13,18,20.0,,7.0,35.0,21.0,16.0,11,21.0,10.0,56.0,13,43.0,11.0,23.0,17.0,36.0,24,58.0,22.0,24.0,,,26.0,27.0,48,,,33.0,13.0,,18.0,24.0,23,47.0,18.0,28.0,9.0,11,12,15.0,10.0,17,13.0,24.0,28.0,40,32.0,25.0,32.0,18.0,13,10.0,19.0,24.0,17.0,28.0,45.0,9.0,,10.0,34,25,,36.0,36.0,23.0,17.0,8.0,20.0,,47.0,31.0,23,11,48.0,31,,26.0,14.0,46.0,21,9,24.0,17.0,11.0,34.0,15.0,29.0,29.0,17.0,27.0,10,29.0,53.0,56.0,19.0,22.0,10.0,9,0.0,26.0,25.0,24,11.0,6.0,16.0,21.0,12.0,18.0,11,23.0,28,44.0,,41.0,27.0,,35.0,23.0,42.0,36.0,21.0,31.0,3.0,26.0,35.0,8.0,22.0,,9.0,46.0,41.0,19.0,15,47.0,26.0,11,15.0,40.0,32,36.0,14.0,,24,15,27,22.0,,39.0,50.0,3.0,13.0,12.0,,18.0,20,20.0,12,21.0,27,31,11.0,22,24.0,11.0,55.0,3.0,31,27.0,32.0,29.0,,24.0,36.0,30,22.0,33,5.0,28.0,33.0,27,45.0,19,7,37.0,24.0,23.0,10,50.0,,13,35.0,,34.0,21.0,,0.0,13.0,28.0,22,26.0,23.0,22.0,24.0,44.0,44.0,9.0,31.0,15,33.0,2,12.0,25.0,9.0,40.0,25,19,23.0,29.0,14.0,20.0,25.0,14.0,36.0,29.0,26.0,16,22.0,18.0,19,22,31.0,,9,28.0,30.0,18,16.0,15,21,33,25.0,19.0,26.0,57.0,24.0,26.0,31.0,57.0,51.0,39.0,47.0,34.0,30.0,24.0,14.0,40.0,11.0,,43.0,22.0,26.0,21.0,44.0,41.0,39.0,21.0,39.0,,30.0,24.0,54.0,25.0,24.0,28.0,7.0,30.0,20.0,24.0,22.0,16.0,17.0,55.0,21.0,29.0,34.0,49.0,41.0,51.0,24,10.0,,28.0,7,34.0,,48.0,44.0,49.0,44.0,32.0,6.0,37.0,22.0,12.0,21.0,22.0,31.0,25.0,41.0,26.0,20.0,25.0,,,16.0,42.0,55.0,20.0,33.0,,,13,16.0,21.0,22.0,18,30.0,16.0,9.0,28.0,,20.0,20.0,13.0,,31,19.0,57.0,33.0,,9.0,39.0,22,18,19.0,46.0,54.0,43.0,8.0,49.0,36,12,,25.0,55.0,18.0,20.0,30.0,37.0,18.0,28.0,,4.0,40.0,19.0,26.0,31.0,19.0,39,20.0,23.0,17.0,40.0,20.0,14,26.0,34,,19,25.0,,24.0,,16.0,18.0,27.0,39.0,18.0,11.0,27.0,32.0,27,,,24.0,,30.0,43,52.0,23.0,12.0,31.0,15.0,,,24.0,31.0,9,10,30.0,33.0,39.0,25.0,,20.0,24.0,,10,19.0,58.0,41.0,11.0,41.0,21.0,11.0,2.0,26,24.0,25.0,26.0,22,19,16.0,7.0,21.0,7.0,19.0,37.0,17.0,39.0,6.0,28.0,47.0,26.0,11.0,33.0,34.0,28,37.0,27.0,33.0,31.0,47.0,19,,35.0,51,18.0,20.0,36.0,19.0,,,12.0,7.0,17.0,48.0,,21,29.0,20.0,14.0,,17,22.0,,0.0,18.0,35.0,,20.0,21.0,28.0,26.0,28.0,26.0,28.0,45,24,30.0,41.0,23.0,13.0,,13,23,32.0,39.0,36.0,58.0,9.0,,10.0,34.0,30.0,,,,24.0,43.0,34.0,16,13,23.0,20.0,42.0,27.0,11.0,24,40.0,7.0,36.0,25.0,,37.0,31.0,24.0,10.0,43.0,53.0,13.0,0.0,27.0,41.0,19,47.0,40.0,41,41.0,20.0,13.0,,26.0,38.0,37.0,30.0,44.0,,15.0,49.0,29.0,27.0,26.0,33.0,25.0,9.0,22.0,,,27.0,,32.0,,32.0,7.0,29.0,40.0,48.0,13.0,12.0,,25.0,0.0,31.0,28.0,,15.0,21.0,35.0,51.0,25.0,,49.0,47.0,,23.0,8.0,36.0,0.0,30.0,46.0,,41.0,17.0,56.0,27.0,47.0,49.0,35.0,40,30.0,19.0,,,16.0,35.0,43.0,,42.0,11.0,30.0,16.0,20.0,8.0,21.0,8.0,45.0,15.0,,20.0,58.0,10.0,,16.0,27.0,47.0,40.0,12.0,32.0,15.0,19.0,24.0,36.0,55.0,40.0,8.0,26.0,24.0,17.0,27.0,30.0,19.0,,16.0,28.0,28.0,15,18.0,37.0,24.0,31.0,,34.0,32.0,17.0,58.0,16,0.0,,,30.0,25.0,41.0,21.0,10.0,19.0,8.0,3.0,14.0,49.0,24.0,17.0,,11,10.0,22.0,,27.0,12.0,47.0,11.0,13.0,31.0,,,15.0,14.0,,54.0,16.0,33.0,30.0,,17.0,20.0,,24.0,13.0,13,15,15.0,16.0,18.0,18.0,50.0,30.0,8.0,4.0,54.0,38.0,49.0,31.0,50.0,44.0,18.0,27.0,,33.0,39.0,39.0,30.0,14.0,18.0,26.0,17.0,22.0,31.0,38.0,,,33.0,14.0,20.0,30.0,13.0,51.0,35.0,16.0,22.0,13.0,17.0,20.0,38.0,27.0,,9.0,,18.0,30,25.0,20.0,31.0,,23,14.0,,18.0,42.0,19.0,45.0,15.0,42.0,14,1.0,27.0,33.0,26.0,58.0,8.0,,42,38.0,22.0,27.0,51.0,23,55.0,32.0,19.0,57.0,58.0,42.0,,51.0,30.0,,32.0,29.0,17.0,27.0,,30.0,15.0,35.0,20.0,53.0,10.0,48.0,10.0,,16,,22.0,27.0,22.0,26.0,,20.0,25.0,31.0,,25.0,41.0,21.0,27,19.0,,39.0,48.0,36.0,28.0,42.0,,36.0,18.0,46.0,39.0,12.0,,6.0,27.0,26.0,,54.0,53.0,,20.0,,26.0,49.0,,29.0,48.0,11.0,17.0,18.0,37.0,18.0,15.0,28.0,16.0,19.0,54.0,14.0,22.0,7.0,34.0,17.0,26.0,33.0,22.0,13.0,,29.0,51.0,,21.0,27.0,31.0,23.0,32.0,49.0,,51.0,8.0,28.0,25.0,9.0,42.0,55.0,29.0,17.0,53.0,,22,4.0,21.0,9.0,19.0,31.0,49.0,36.0,51.0,33.0,42.0,37.0,35.0,,40.0,34.0,21.0,35.0,22.0,23.0,49.0,54.0,56.0,58.0,33.0,37.0,54.0,23.0,16.0,,17.0,,13.0,,17.0,27.0,28.0,15.0,41.0,,31.0,31.0,38.0,0.0,30.0,30.0,14.0,41.0,48.0,20.0,16.0,34.0,,35.0,28.0,46.0,38.0,35.0,51.0,39.0,22.0,,13.0,18.0,31.0,12.0,28.0,33.0,46.0,23.0,24.0,7.0,,30.0,17.0,28.0,45.0,,,21.0,,,,36.0,20.0,9.0,21.0,15.0,,,17.0,,29.0,50.0,,29.0,,,47.0,,11.0,21.0,54.0,17.0,,18.0,28.0,29.0,22.0,52.0,23.0,24.0,23.0,,,38.0,25.0,15.0,28.0,38.0,35.0,16.0,21.0,,40.0,49.0,,,28.0,21,25.0,,58.0,13.0,57.0,17.0,57.0,38.0,26.0,56.0,23,8.0,,,44.0,11.0,46.0,40.0,33.0,14,57.0,8.0,17.0,,9.0,29.0,24.0,42.0,21.0,27.0,,27.0,12.0,18.0,53.0,49.0,6.0,26.0,23.0,52.0,35.0,13.0,49.0,33.0,,,41.0,46.0,44.0,34.0,11.0,,26.0,,37.0,20.0,,18.0,36.0,,28.0,27.0,16.0,,17.0,30.0,0.0,45.0,33.0,41.0,35.0,32.0,21.0,21.0,0.0,12.0,34.0,55.0,8.0,31.0,16.0,30.0,36.0,49.0,22.0,,21.0,18.0,24.0,34.0,,12.0,13.0,39.0,15.0,,19.0,9.0,,47.0,,5.0,40.0,12.0,,30.0,,34.0,10.0,33.0,10.0,46.0,22.0,,41.0,,38.0,16.0,14.0,27.0,20.0,33.0,16.0,40.0,,,0.0,52.0,32,36.0,,20.0,56.0,23.0,58.0,20.0,27.0,15.0,,,54.0,57.0,23.0,20.0,52.0,26.0,10.0,10.0,27.0,,22.0,40.0,14.0,,23.0,20.0,46.0,19.0,,26.0,41.0,21.0,30.0,36.0,28.0,42.0,18.0,35.0,27.0,12.0,23.0,,39.0,29.0,45.0,21.0,,57.0,19.0,19.0,49.0,,24.0,29.0,19.0,43.0,23.0,12.0,44.0,33.0,23.0,27.0,28.0,45.0,,,38.0,,,32.0,,34.0,34.0,,,35.0,,32.0,29,,26.0,0,18.0,46.0,14.0,,39.0,33.0,53.0,,30.0,41.0,17.0,12.0,55.0,,27.0,34.0,38.0,44.0,55.0,7.0,39.0,10.0,30.0,15.0,33.0,13.0,55.0,51.0,25.0,35.0,13.0,32.0,,22.0,23.0,52.0,,5.0,0.0,17.0,54.0,29.0,51.0,51.0,23.0,28.0,4.0,18.0,19.0,17.0,49.0,25.0,28.0,55.0,21.0,56.0,0.0,29.0,28.0,,34.0,32.0,32.0,8.0,,30.0,29.0,15.0,35.0,5.0,20.0,26.0,24.0,51.0,52.0,31.0,14.0,50.0,11.0,50.0,39.0,48.0,31.0,28.0,,32.0,31.0,42.0,27.0,31.0,16.0,19.0,,5.0,,49.0,,40.0,42.0,,18.0,32.0,,23.0,28.0,,20.0,37.0,21.0,56.0,23.0,9.0,27.0,34.0,33.0,53.0,56.0,49.0,22.0,36.0,39.0,22.0,56.0,45.0,,51.0,20.0,13.0,33.0,36.0,14.0,27.0,14.0,10.0,58.0,25.0,13.0,,16.0,16.0,4.0,9.0,,,19.0,14.0,,35.0,37.0,23.0,12.0,26.0,11.0,46.0,,8.0,22.0,33.0,,23.0,32.0,,46.0,24.0,0.0,58.0,31.0,34.0,24.0,23.0,52.0,50.0,0.0,19.0,16.0,8.0,,27.0,44.0,26.0,50.0,53.0,28.0,29.0,33.0,35.0,26.0,34.0,,35.0,14.0,42.0,,29.0,25.0,,,18.0,22.0,16.0,,44.0,14.0,43.0,45.0,10.0,22.0,23.0,,49.0,23.0,15.0,7.0,45.0,25.0,,32.0,36.0,,23.0,35.0,38.0,22.0,28.0,43.0,,,23.0,56.0,,,43.0,41.0,,29.0,,,39.0,28.0,42.0,20.0,36.0,37.0,,,31.0,27.0,14.0,,9.0,43.0,39.0,23.0,14.0,37.0,55.0,21.0,39.0,17.0,,45.0,48.0,0.0,26.0,,41.0,25.0,36.0,,54.0,28.0,,42.0,34.0,38.0,33.0,,24.0,30.0,34.0,,27.0,,34.0,,28.0,26.0,43.0,22.0,29.0,26.0,37.0,17.0,30.0,13.0,25.0,42.0,54.0,,,46.0,20.0,39.0,,37.0,20.0,22.0,,25.0,18.0,,12.0,19.0,12.0,28.0,25.0,36.0,,17.0,,19.0,44.0,40.0,19.0,29.0,20.0,17.0,53.0,,39.0,39.0,56.0,25.0,45.0,39.0,28.0,37.0,32.0,,8.0,19.0,54.0,25.0,38.0,54.0,,9.0,43.0,16.0,6.0,40.0,49.0,25.0,,49.0,35.0,14.0,49.0,,47.0,41.0,10.0,,22.0,34.0,29.0,42.0,44.0,53.0,14.0,,27.0,31.0,22.0,48.0,26.0,53.0,20.0,18.0,10.0,48.0,15.0,48.0,,,,26.0,26.0,,35.0,34.0,43.0,,,,0.0,28.0,,,,30.0,42.0,45.0,22.0,26.0,,11.0,10.0,45.0,,37.0,25.0,55.0,31.0,34.0,33.0,48.0,,24.0,,36.0,,22.0,19.0,54.0,17.0,35.0,14.0,48.0,35.0,30.0,,16.0,35.0,36.0,38.0,19.0,45.0,10.0,,44.0,33.0,,20.0,39.0,43.0,27.0,27.0,0.0,,26.0,7.0,24.0,,24.0,52.0,6.0,54.0,29.0,50.0,22.0,13.0,,,25.0,52.0,30.0,,21.0,,,28.0,46.0,35.0,24.0,36.0,,,51.0,28.0,40.0,23.0,,,35.0,11.0,33.0,28.0,,41.0,57.0,54.0,,,,,30.0,27.0,45.0,52.0,,53.0,56.0,41.0,37.0,11.0,55.0,11.0,,52.0,52.0,51.0,31.0,48.0,20.0,44.0,38.0,32.0,44.0,18.0,,44.0,28.0,31.0,30.0,15.0,20.0,21.0,,58.0,44.0,,22.0,15.0,,29.0,23.0,49.0,,,17.0,25.0,23.0,,40.0,51.0,15.0,32.0,,23.0,29.0,,17.0,52.0,,8.0,,25.0,14.0,10.0,37.0,34.0,39.0,10.0,22.0,34.0,,,17.0,11.0,,,30.0,6.0,47.0,12.0,26.0,29.0,18.0,0.0,37.0,,14.0,,12.0,,16.0,29.0,25.0,18.0,39.0,1.0,48.0,23.0,46.0,13.0,,15.0,26.0,5.0,33.0,50.0,58.0,46.0,25.0,28.0,,27.0,,,25.0,,,18.0,35.0,21.0,20.0,16.0,,20.0,38.0,51.0,,15.0,,39.0,47.0,27.0,35.0,52.0,12.0,,21.0,49.0,16.0,,23.0,30.0,51.0,34.0,44.0,31.0,14.0,,35.0,38.0,36.0,20.0,24.0,22.0,,13.0,,21.0,39.0,54.0,22.0,42.0,45.0,,27.0,26.0,11.0,12.0,,44.0,26.0,0.0,18.0,,23.0,33.0,,,48.0,,27.0,,35.0,18.0,2.0,40.0,5.0,30.0,27.0,,20.0,27.0,,26.0,44.0,39.0,28.0,58.0,,,,,36.0,42.0,54.0,31.0,18.0,9.0,54.0,32.0,40.0,13.0,28.0,0.0,34.0,,,,44.0,15.0,57.0,21.0,,44.0,17.0,,,18.0,58.0,29.0,39.0,51.0,31.0,0.0,25.0,,7.0,53.0,,,25.0,14.0,44.0,22.0,20.0,58.0,32.0,,,20.0,18.0,16.0,37.0,,15.0,53.0,36.0,31.0,,22.0,26.0,42.0,44.0,45.0,32.0,,43.0,15.0,,25.0,19.0,31.0,31.0,,,,33.0,41.0,,31.0,57.0,41.0,54.0,25.0,45.0,,20.0,42.0,,29.0,19.0,,34.0,56.0,,57.0,,,,51.0,26.0,48.0,50.0,37.0,,27.0,,6.0,36.0,,30.0,,,39.0,12.0,56.0,48.0,,22.0,26.0,,56.0,29.0,28.0,42.0,13.0,,35.0,7.0,21.0,31.0,35.0,9.0,34.0,,32.0,54.0,16.0,27.0,,13.0,29.0,36.0,28.0,,,,34.0,20.0,,30.0,24.0,,45.0,23.0,,,44.0,51.0,37.0,31.0,57.0,54.0,11.0,34.0,13.0,,24.0,13.0,,41.0,31.0,27.0,51.0,21.0,44.0,57.0,46.0,,29.0,20.0,31.0,,12.0,29.0,,20.0,40.0,37.0,29.0,,,27.0,33.0,,,,19.0,19.0,,55.0,19.0,21.0,,33.0,13.0,,49.0,24.0,0.0,38.0,23.0,54.0,25.0,38.0,18.0,39.0,31.0,27.0,36.0,,43.0,,7.0,,37.0,11.0,,32.0,27.0,14.0,52.0,7.0,39.0,37.0,57.0,,3.0,31.0,53.0,,35.0,30.0,,39.0,45.0,47.0,44.0,26.0,49.0,,32.0,38.0,14.0,45.0,38.0,32.0,,,32.0,43.0,57.0,,38.0,15.0,,43.0,47.0,,23.0,,41.0,47.0,36.0,31.0,,10.0,4.0,,40.0,23.0,,43.0,27.0,,28.0,,20.0,,21.0,16.0,41.0,,48.0,46.0,10.0,31.0,48.0,,,,39.0,,56.0,,43.0,17.0,44.0,31.0,0.0,38.0,22.0,25.0,14.0,,44.0,18.0,56.0,53.0,8.0,29.0,42.0,12.0,29.0,,15.0,18.0,21.0,45.0,,22.0,,24.0,,37.0,26.0,24.0,9.0,19.0,,,12.0,58.0,12.0,39.0,45.0,,58.0,25.0,45.0,38.0,37.0,39.0,,44.0,3.0,40.0,37.0,11.0,17.0,21.0,20.0,50.0,52.0,8.0,,12.0,26.0,48.0,45.0,45.0,18.0,20.0,50.0,,50.0,,,51.0,,43.0,45.0,,,44.0,,29.0,80,3,2.442019099590723,18.12392426850258,-0.3400835413720025
10,7,5,11,9,11,13,14,9,14,6,16,15,11,15,12,10,14,10,15,8,20,13,10,12,15,16,12,10,16,18,13,11,9,16,14,16,3,14,14,21,15.0,13,18,12,9,19,24,11,41,12,21,11,13,15,17,17,16,13,16,16,20,19,12,19.0,16,11,14,19,12,9,18,14,13,18,13,13,11,18,11,20,12,12,17,13,17,12,13,17,20,17,24,32,15,20,6,26,20,17,19,24,14,15,14,18,12,17,22,18,13,25,13.0,17,36,46.0,15,17,21,12,22,12,25,13,17,3,20,15,10.0,13,4,14,15,30.0,16,14,25.0,19,38,15,18,24,14,14,35,29.0,43.0,26,36.0,18,19,13,16,47.0,17,18,23,20,43.0,26,20,13,19,15,11,25,,18,21,14,19,15,29.0,0,13,12,24,17,29.0,19,23.0,22,13,17,15,29,,59.0,32,23,63.0,35.0,23,42,17,18,24,12,17,29.0,21,23,,12,18,22,27,52.0,22,16,13,18,10.0,18,17,23,41,17,11,1,14.0,30.0,10,18,21,37.0,25,14,9,,20,39.0,54.0,27,24,28.0,24,26,19,15.0,24.0,16,21,15,21,17,3.0,16,14,16,8,29,24,20.0,25.0,21,55.0,51.0,22.0,17.0,14,21.0,21,13,25,32.0,16.0,21.0,45.0,,8,23.0,22.0,26.0,11,39,34.0,28,29,27,34.0,54.0,44.0,4,15.0,28,3,20.0,27.0,12,31.0,31.0,15,19,15.0,17,26.0,42.0,45.0,33,20,44.0,30,27,22,22,18,43,17,28,25,20,35,1,22.0,43.0,0,19,14,27.0,29.0,28,22,18,18.0,19,36.0,20,13,21,14,19,23.0,12,26.0,17,20,18.0,20,17,19,19.0,39.0,27,51.0,41.0,27.0,25.0,20.0,14,43.0,33,17,16,23.0,25,35.0,48.0,26,23.0,33.0,,20,43.0,11,21,20,28,14,20,17,16.0,17,44.0,24,33,19,56.0,24,28.0,28,23.0,18,17.0,22,32,32.0,16,33.0,30,28.0,30.0,17,42,13.0,0.0,10.0,16.0,16.0,18,31.0,15.0,9,36.0,24,25,30.0,14.0,0,19.0,57,24.0,,22,31,23,60.0,30,16.0,,18,25.0,13,63.0,28,25,22,21.0,34.0,19,19,22,,26.0,31,18,,30,27.0,16.0,36.0,58.0,,26.0,26.0,45.0,,28.0,18,40,19.0,18.0,33.0,27.0,31.0,,17.0,25.0,11,18,13.0,,18,29.0,13.0,14.0,20.0,26.0,29.0,24,26,16.0,24.0,35.0,17.0,43,33.0,38.0,62.0,30,18,25,48.0,,22.0,19.0,35,15,20.0,11.0,17,15.0,38.0,9,,30.0,15.0,25,32.0,27,18.0,26.0,28.0,15,22.0,30,9.0,25,26,51.0,14.0,20.0,26.0,54,21,34,19.0,27,23.0,24,30,34.0,14,26,12.0,18.0,31,22,29.0,23.0,45.0,37.0,18.0,8.0,34,34.0,29,17,19.0,12.0,22.0,37.0,36.0,24.0,11,12,15.0,37.0,30.0,24.0,0.0,15.0,25,27.0,16,38.0,22.0,14.0,30.0,25,23.0,24,5.0,,46.0,29,28.0,38.0,42.0,32,24,24.0,48.0,23.0,33.0,50.0,39.0,25.0,26.0,11.0,34.0,17.0,22.0,17,34,45.0,23.0,55.0,26,34,17,20,,8.0,7,27,20.0,30.0,23,31.0,3.0,15.0,30,43.0,25.0,43.0,16,29.0,16.0,39.0,61.0,28.0,,29,25.0,24,17.0,22,20,11,,18.0,15.0,5.0,,62.0,,,,32.0,16.0,23,41.0,25.0,2,38.0,34.0,30.0,23.0,17,15.0,27.0,,24,34,51.0,25,28.0,23.0,11.0,29.0,18,30.0,26,33,26.0,21,17.0,14,37.0,16.0,20.0,15,34,52.0,16.0,42,31.0,17,15.0,25,34.0,23.0,18.0,,43.0,11.0,35,26.0,,38.0,20.0,24.0,19.0,26.0,20,18,23.0,31,15,26,53.0,31.0,24.0,39.0,33.0,28.0,39,29.0,43.0,47.0,35,29.0,28.0,27.0,24.0,17.0,36,49.0,0.0,58.0,,29.0,20.0,33.0,14,36.0,30.0,27.0,60.0,31.0,33.0,32.0,18,42.0,24.0,27.0,39.0,22,13,57.0,12.0,34,39.0,,12.0,9,30.0,,8.0,39.0,19,21.0,25.0,18.0,51.0,20.0,48.0,55.0,25.0,31.0,14,24,46.0,,,44.0,21.0,23.0,21.0,34.0,36.0,45.0,21,23,30.0,28,42.0,31.0,38.0,42.0,22,19,28.0,36.0,39.0,25.0,52.0,27.0,36.0,27.0,23.0,24,46.0,29.0,,24.0,27.0,17.0,21,15.0,20.0,39.0,18,44.0,26.0,60.0,32.0,21.0,18.0,41,47.0,33,34.0,19.0,59.0,50.0,37.0,29.0,43.0,28.0,41.0,46.0,38.0,,31.0,13.0,22.0,19.0,,47.0,31.0,14.0,14.0,29,33.0,22.0,25,57.0,42.0,23,26.0,23.0,28.0,12,28,22,28.0,23.0,,31.0,26.0,34.0,30.0,,,25,26.0,16,21.0,26,20,16.0,21,,11.0,34.0,40.0,19,27.0,26.0,45.0,27.0,38.0,48.0,41,46.0,19,17.0,63.0,,32,30.0,35,47,34.0,10.0,,38,,7.0,19,27.0,17.0,39.0,37.0,,25.0,33.0,41.0,21,19.0,42.0,58.0,55.0,59.0,33.0,22.0,4.0,10,42.0,51,28.0,25.0,52.0,30.0,17,24,28.0,27.0,41.0,15.0,25.0,15.0,3.0,0.0,36.0,20,31.0,15.0,31,25,23.0,26.0,23,39.0,44.0,6,18.0,27,30,15,22.0,32.0,,17.0,15.0,13.0,15.0,61.0,,25.0,28.0,20.0,26.0,27.0,42.0,54.0,27.0,13.0,22.0,28.0,51.0,32.0,33.0,22.0,49.0,30.0,23.0,,24.0,30.0,41.0,37.0,22.0,30.0,38.0,16.0,8.0,30.0,32.0,,37.0,43.0,19.0,42.0,33.0,19.0,44.0,0.0,39,20.0,31.0,9.0,15,26.0,33.0,42.0,35.0,39.0,61.0,60.0,20.0,14.0,39.0,41.0,62.0,25.0,25.0,58.0,19.0,15.0,38.0,35.0,58.0,31.0,49.0,62.0,25.0,45.0,62.0,57.0,50.0,29,0.0,29.0,,26,,28.0,17.0,16.0,27.0,26.0,27.0,30.0,39.0,19,37.0,,25.0,35.0,11.0,30.0,30,34,26.0,49.0,17.0,15.0,33.0,40.0,28,51,,59.0,,,34.0,63.0,26.0,31.0,,62.0,31.0,25.0,26.0,28.0,12.0,23.0,32,21.0,40.0,31.0,39.0,36.0,14,14.0,16,10.0,18,38.0,,27.0,,8.0,24.0,29.0,27.0,21.0,0.0,59.0,32.0,15,46.0,50.0,14.0,16.0,14.0,25,28.0,51.0,45.0,41.0,23.0,10.0,9.0,44.0,43.0,34,10,18.0,22.0,38.0,21.0,,31.0,41.0,38.0,32,27.0,7.0,27.0,30.0,26.0,27.0,35.0,27.0,20,19.0,56.0,40.0,27,19,52.0,,32.0,26.0,41.0,26.0,,51.0,16.0,24.0,,28.0,38.0,58.0,47.0,40,42.0,23.0,24.0,37.0,40.0,14,32.0,25.0,23,29.0,21.0,,22.0,,51.0,43.0,24.0,15.0,32.0,31.0,29,17.0,42.0,,,39,23.0,53.0,23.0,32.0,53.0,28.0,35.0,30.0,21.0,43.0,46.0,25.0,31.0,17,24,12.0,28.0,9.0,50.0,45.0,40,26,52.0,23.0,30.0,45.0,19.0,34.0,38.0,27.0,44.0,55.0,31.0,26.0,3.0,35.0,19.0,20,21,22.0,,21.0,11.0,28.0,20,21.0,41.0,,20.0,44.0,29.0,44.0,26.0,58.0,18.0,,,22.0,24.0,,27,59.0,19.0,23,16.0,31.0,16.0,,33.0,,22.0,55.0,53.0,,44.0,25.0,8.0,32.0,38.0,39.0,31.0,21.0,28.0,48.0,26.0,32.0,48.0,36.0,36.0,47.0,38.0,27.0,27.0,,54.0,,38.0,32.0,50.0,52.0,29.0,,29.0,21.0,,32.0,20.0,53.0,42.0,38.0,63.0,28.0,27.0,16.0,34.0,42.0,51.0,32.0,37.0,51.0,39.0,52.0,63.0,,33.0,19,,25.0,45.0,42.0,35.0,14.0,39.0,,37.0,18.0,14.0,33.0,56.0,14.0,27.0,18.0,33.0,21.0,15.0,58.0,52.0,34.0,17.0,27.0,42.0,,41.0,38.0,56.0,,50.0,55.0,31.0,44.0,11.0,19.0,32.0,45.0,38.0,54.0,14.0,,,39.0,38.0,57.0,8,34.0,32.0,29.0,17.0,30.0,23.0,27.0,,28.0,18,27.0,23.0,32.0,53.0,30.0,33.0,31.0,4.0,27.0,53.0,13.0,0.0,39.0,48.0,36.0,0.0,37,40.0,36.0,,,54.0,30.0,58.0,37.0,,4.0,48.0,31.0,41.0,,29.0,42.0,43.0,,25.0,24.0,22.0,,8.0,26.0,28,26,41.0,23.0,30.0,28.0,20.0,29.0,23.0,18.0,23.0,23.0,45.0,28.0,34.0,54.0,,41.0,0.0,,62.0,16.0,41.0,,34.0,44.0,,27.0,25.0,17.0,,20.0,35.0,,24.0,22.0,22.0,60.0,17.0,57.0,,23.0,43.0,24.0,0.0,26.0,56.0,43.0,,13.0,25,24.0,25.0,26.0,,31,26.0,44.0,,21.0,36.0,34.0,29.0,62.0,36,45.0,52.0,,,26.0,21.0,,21,38.0,46.0,37.0,28.0,29,41.0,46.0,,46.0,50.0,10.0,26.0,45.0,18.0,18.0,28.0,17.0,31.0,31.0,,26.0,39.0,43.0,,,54.0,21.0,32.0,,30,51.0,,26.0,30.0,33.0,,49.0,40.0,54.0,,,9.0,25.0,37,31.0,18.0,30.0,52.0,35.0,35.0,29.0,59.0,,18.0,,47.0,24.0,8.0,,25.0,46.0,31.0,47.0,42.0,27.0,,,38.0,51.0,20.0,33.0,54.0,24.0,44.0,34.0,16.0,18.0,,,33.0,27.0,41.0,16.0,32.0,47.0,13.0,30.0,20.0,23.0,30.0,42.0,15.0,0.0,36.0,,10.0,28.0,26.0,,31.0,22.0,30.0,,62.0,45.0,27.0,29.0,50.0,,24.0,45.0,25.0,,24,24.0,43.0,,29.0,,59.0,35.0,40.0,14.0,61.0,3.0,42.0,48.0,,33.0,41.0,41.0,16.0,28.0,23.0,26.0,41.0,31.0,31.0,18.0,,15.0,59.0,13.0,24.0,,,29.0,0.0,10.0,20.0,33.0,23.0,14.0,26.0,58.0,33.0,55.0,14.0,45.0,27.0,22.0,36.0,20.0,17.0,,,25.0,25.0,22.0,33.0,21.0,37.0,43.0,40.0,53.0,51.0,37.0,32.0,58.0,25.0,36.0,28.0,15.0,28.0,17.0,19.0,44.0,26.0,33.0,37.0,,,36.0,56.0,24.0,,42.0,,55.0,35.0,55.0,35.0,30.0,35.0,,31.0,37.0,38.0,,54.0,50.0,34.0,16.0,42.0,29.0,,32.0,,,18.0,13.0,26.0,,23.0,11.0,14.0,24.0,,48.0,40.0,21.0,58.0,38.0,,15.0,27.0,,48.0,22.0,50.0,42.0,20.0,20,38.0,31.0,56.0,57.0,40.0,28.0,30.0,32.0,33.0,,15,32.0,,30.0,43.0,33.0,,29.0,37.0,16,56.0,,35.0,30.0,60.0,,38.0,40.0,,26.0,41.0,31.0,36.0,,24.0,6.0,58.0,26.0,35.0,18.0,,60.0,33.0,,33.0,,10.0,42.0,57.0,43.0,31.0,23.0,,,42.0,46.0,24.0,31.0,33.0,,36.0,35.0,14.0,47.0,,63.0,21.0,46.0,38.0,28.0,52.0,,24.0,44.0,47.0,31.0,49.0,,20.0,,35.0,0.0,29.0,17.0,43.0,33.0,17.0,42.0,,36.0,24.0,11.0,,12.0,,25.0,60.0,35.0,48.0,47.0,35.0,35.0,24.0,33.0,27.0,55.0,31.0,42.0,16.0,32.0,48.0,,61.0,,22.0,47.0,19.0,,18.0,,18.0,49.0,34.0,,30.0,19.0,,,25,19.0,40.0,32.0,39.0,22.0,9.0,28.0,50.0,19.0,49.0,18.0,,19.0,33.0,20.0,19.0,13.0,57.0,61.0,27.0,47.0,,36.0,,,21.0,27.0,35.0,22.0,43.0,28.0,,20.0,41.0,,23.0,45.0,19.0,24.0,49.0,20.0,23.0,,,,,,14.0,44.0,20.0,32.0,24.0,11.0,27.0,36.0,,,55.0,,23.0,22.0,33.0,53.0,35.0,54.0,49.0,,32.0,63.0,,37.0,,23.0,47.0,33.0,40.0,33.0,16.0,43.0,21,47.0,43.0,20,36.0,22.0,31.0,40.0,27.0,,48.0,46.0,23.0,18.0,31.0,33.0,43.0,,0.0,29.0,31.0,36.0,45.0,,,14.0,51.0,53.0,26.0,19.0,,22.0,24.0,27.0,15.0,31.0,,33.0,,30.0,23.0,35.0,43.0,61.0,30.0,18.0,,,14.0,53.0,31.0,52.0,38.0,33.0,36.0,48.0,51.0,,,25.0,47.0,21.0,29.0,32.0,23.0,,57.0,19.0,14.0,,48.0,,21.0,12.0,63.0,,24.0,37.0,6.0,61.0,,,29.0,,47.0,14.0,,47.0,,33.0,48.0,,53.0,,19.0,49.0,51.0,29.0,38.0,29.0,33.0,60.0,43.0,62.0,18.0,44.0,45.0,60.0,60.0,,40.0,18.0,,,31.0,,41.0,45.0,36.0,41.0,49.0,,34.0,32.0,48.0,12.0,42.0,34.0,,43.0,19.0,,22.0,30.0,14.0,29.0,50.0,22.0,42.0,40.0,,,30.0,33.0,6.0,,15.0,21.0,35.0,54.0,54.0,40.0,44.0,36.0,34.0,17.0,15.0,53.0,30.0,48.0,32.0,20.0,43.0,60.0,,41.0,55.0,53.0,,44.0,40.0,38.0,39.0,37.0,,41.0,18.0,30.0,37.0,61.0,17.0,57.0,37.0,,39.0,32.0,38.0,48.0,60.0,25.0,33.0,44.0,33.0,28.0,20.0,26.0,,5.0,26.0,41.0,,28.0,,19.0,25.0,54.0,29.0,39.0,41.0,25.0,22.0,20.0,,34.0,32.0,26.0,25.0,36.0,36.0,,38.0,60.0,,50.0,33.0,,5.0,37.0,,41.0,46.0,13.0,,,23.0,29.0,21.0,,36.0,,,42.0,29.0,26.0,37.0,61.0,52.0,41.0,17.0,,14.0,51.0,,14.0,46.0,49.0,34.0,,18.0,51.0,38.0,52.0,42.0,27.0,53.0,23.0,43.0,16.0,26.0,10.0,,26.0,27.0,22.0,21.0,,,58.0,29.0,30.0,32.0,29.0,60.0,27.0,16.0,39.0,27.0,28.0,33.0,60.0,,,23.0,51.0,29.0,,42.0,21.0,55.0,49.0,45.0,58.0,17.0,,53.0,1.0,10.0,30.0,,53.0,3.0,,61.0,25.0,37.0,29.0,16.0,54.0,48.0,49.0,25.0,,55.0,30.0,42.0,32.0,63.0,,40.0,26.0,47.0,4.0,44.0,,,,,63.0,35.0,45.0,,30.0,42.0,25.0,22.0,40.0,32.0,,40.0,35.0,13.0,16.0,18.0,51.0,43.0,17.0,28.0,20.0,35.0,46.0,,20.0,31.0,,38.0,41.0,52.0,36.0,20.0,28.0,54.0,20.0,23.0,42.0,,28.0,36.0,27.0,25.0,37.0,16.0,32.0,8.0,38.0,38.0,30.0,40.0,10.0,23.0,,59.0,33.0,33.0,36.0,37.0,,47.0,42.0,,48.0,33.0,,10.0,17.0,,45.0,,48.0,,44.0,63.0,45.0,45.0,56.0,39.0,49.0,9.0,,,60.0,,,15.0,61.0,,21.0,56.0,23.0,30.0,25.0,26.0,21.0,,,27.0,,41.0,30.0,,41.0,38.0,,28.0,,40.0,42.0,,,,,16.0,,22.0,23.0,20.0,32.0,18.0,,39.0,25.0,16.0,,,38.0,,24.0,53.0,45.0,,12.0,0.0,37.0,26.0,20.0,,25.0,26.0,56.0,,14.0,,27.0,56.0,23.0,26.0,,,25.0,,,59.0,58.0,,62.0,,,,,,25.0,19.0,0.0,31.0,11.0,,,,30.0,42.0,20.0,23.0,60.0,42.0,,,45.0,22.0,,47.0,,37.0,32.0,41.0,10.0,0.0,,52.0,,17.0,45.0,,54.0,31.0,13.0,18.0,41.0,,,42.0,32.0,27.0,48.0,0.0,31.0,39.0,29.0,34.0,57.0,,53.0,,17.0,,37.0,27.0,50.0,0.0,,30.0,24.0,60.0,18.0,42.0,32.0,46.0,,16.0,21.0,,32.0,,52.0,31.0,48.0,,31.0,26.0,52.0,,30.0,,37.0,43.0,11.0,,30.0,40.0,,21.0,55.0,,56.0,,49.0,41.0,27.0,29.0,30.0,38.0,30.0,27.0,60.0,54.0,33.0,49.0,,34.0,41.0,36.0,40.0,53.0,34.0,25.0,34.0,,30.0,16.0,31.0,16.0,36.0,46.0,0.0,40.0,59.0,21.0,27.0,25.0,14.0,24.0,41.0,35.0,18.0,,,17.0,,0.0,37.0,39.0,30.0,51.0,54.0,15.0,,,,53.0,,23.0,,50.0,33.0,,36.0,32.0,22.0,16.0,15.0,52.0,13.0,22.0,30.0,21.0,,13.0,,1.0,,32.0,36.0,39.0,,29.0,,51.0,43.0,24.0,52.0,49.0,,23.0,33.0,55.0,35.0,,24.0,63.0,46.0,,32.0,61.0,,28.0,,,0.0,53.0,41.0,32.0,41.0,34.0,29.0,15.0,17.0,18.0,51.0,46.0,14.0,,28.0,50.0,,,26.0,,59.0,8.0,,19.0,,,14.0,53.0,,53.0,59.0,,,25.0,36.0,23.0,15.0,13.0,,28.0,19.0,27.0,,40.0,,44.0,61.0,40.0,33.0,29.0,,23.0,46.0,,26.0,60.0,36.0,43.0,45.0,38.0,63.0,23.0,31.0,38.0,,35.0,29.0,43.0,18.0,42.0,20.0,34.0,0.0,,14.0,26.0,54.0,28.0,,,16.0,,11.0,31.0,0.0,52.0,22.0,52.0,17.0,,32.0,16.0,,20.0,26.0,46.0,25.0,,32.0,46.0,,,21.0,29.0,58.0,,21.0,,34.0,,,,63.0,41.0,31.0,,44.0,57.0,14.0,9.0,45.0,12.0,30.0,37.0,39.0,60.0,22.0,58.0,34.0,38.0,47.0,,25.0,28.0,34.0,,27.0,38.0,,,,11.0,16.0,53.0,43.0,,52.0,,,24.0,30.0,40.0,46.0,46.0,43.0,39.0,51.0,,15.0,27.0,46.0,31.0,,25.0,,49.0,61.0,19.0,42.0,,40.0,39.0,,32.0,32.0,36.0,,49.0,,,17.0,22.0,45.0,38.0,22.0,,45.0,12.0,,35.0,50.0,38.0,24.0,18.0,55.0,,48.0,,60.0,56.0,56.0,28.0,18.0,41.0,22.0,57.0,28.0,,,40.0,49.0,45.0,39.0,29.0,13.0,13.0,18.0,42.0,37.0,40.0,60.0,21.0,0.0,19.0,36.0,27.0,40.0,53.0,36.0,41.0,,32.0,,12.0,33.0,40.0,0.0,52.0,,19.0,46.0,,52.0,37.0,30.0,,,,53.0,,38.0,,15.0,22.0,42.0,41.0,40.0,27.0,,27.0,38.0,52.0,4.0,26.0,63.0,,21.0,,48.0,29.0,49.0,27.0,27.0,,,19.0,13.0,45.0,26.0,19.0,57.0,33.0,30.0,24.0,32.0,63.0,,15.0,29.0,24.0,37.0,46.0,44.0,41.0,52.0,35.0,22.0,25.0,34.0,20.0,17.0,32.0,25.0,10.0,47.0,,50.0,32.0,58.0,,16.0,56.0,,,16.0,,59.0,17.0,30.0,,20.0,53.0,34.0,35.0,21.0,14.0,32.0,48.0,48.0,30.0,21.0,29.0,,34.0,,21.0,60.0,20.0,20.0,24.0,,43.0,,35.0,35.0,,29.0,52.0,18.0,,31.0,,26.0,26.0,19.0,17.0,,21.0,17.0,23.0,21.0,27.0,34.0,,29.0,23.0,44.0,44.0,25.0,13.0,,15.0,34.0,24.0,,,,62.0,14.0,35.0,40.0,,18.0,,41.0,,57.0,39.0,38.0,57.0,29.0,,81,3,2.3810160427807485,18.175683371298405,-0.3486227700163648
4,4,3,6,0,6,6,7,1,7,2,7,5,10,13,9,7,5,5,39,11,11,10,7,9,12,12,2,4,7,10,8,8,9,4,13,14,12,12,11,18,32.0,2,18,7,16,9,9,11,18,3,10,12,11,13,22,8,8,10,7,10,18,17,11,16.0,5,17,5,17,9,12,18,16,2,10,8,10,13,11,15,17,6,11,10,16,18,12,9,13,8,10,8,19,8,14,14,22,11,11,11,29,10,18,7,2,17,9,13,14,9,11,35.0,16,13,31.0,18,18,12,13,21,9,14,11,11,6,10,12,36.0,13,7,18,12,22.0,13,12,,14,10,20,17,27,11,15,14,21.0,12.0,13,45.0,8,7,8,12,0.0,6,1,26,17,,25,16,15,15,14,0,19,16.0,12,17,11,15,16,24.0,10,38,16,25,16,47.0,17,46.0,13,7,10,21,20,50.0,10.0,9,16,,,19,22,8,10,13,14,7,11.0,17,28,,14,11,28,28,14.0,17,13,13,8,8.0,13,6,4,16,11,18,9,40.0,16.0,14,15,30,20.0,17,17,8,20.0,10,14.0,33.0,14,11,30.0,26,11,6,24.0,27.0,17,12,11,12,11,31.0,15,9,15,14,17,15,29.0,39.0,16,9.0,12.0,2.0,43.0,38,26.0,8,13,37,,50.0,21.0,45.0,11.0,17,41.0,14.0,25.0,8,18,18.0,11,23,24,,11.0,,21,3.0,11,15,11.0,16.0,6,21.0,45.0,14,19,18.0,8,16.0,8.0,22.0,15,16,10.0,27,10,2,34,25,28,17,24,10,23,16,12,25.0,23.0,13,20,6,5.0,13.0,8,24,13,41.0,15,0.0,16,17,24,9,12,29.0,11,14.0,8,33,29.0,18,16,14,,11.0,25,43.0,23.0,8.0,25.0,46.0,13,39.0,21,18,6,46.0,12,10.0,16.0,13,,18.0,,17,7.0,18,29,18,26,15,15,22,24.0,15,40.0,14,16,14,,12,,15,21.0,9,34.0,18,14,21.0,13,13.0,11,15.0,7.0,25,29,13.0,13.0,7.0,13.0,34.0,21,15.0,16.0,13,48.0,13,23,,25.0,13,19.0,32,12.0,35.0,23,15,10,51.0,19,35.0,46.0,21,28.0,2,12.0,11,21,17,13.0,25.0,16,11,15,29.0,39.0,5,11,33.0,22,10.0,13.0,14.0,14.0,30.0,7.0,21.0,40.0,23.0,28.0,10,17,18.0,18.0,14.0,10.0,31.0,,17.0,23.0,6,16,43.0,16.0,16,19.0,5.0,8.0,53.0,16.0,27.0,14,13,,16.0,,16.0,12,19.0,13.0,24.0,15,22,18,28.0,27.0,16.0,24.0,8,18,15.0,29.0,5,15.0,22.0,22,17.0,33.0,46.0,11,24.0,33,48.0,17.0,28.0,15,17.0,24,26.0,12,28,27.0,30.0,15.0,,45,8,15,55.0,3,33.0,25,35,25.0,21,19,18.0,16.0,28,26,13.0,34.0,14.0,30.0,13.0,20.0,10,47.0,16,21,44.0,19.0,23.0,50.0,34.0,26.0,11,13,27.0,,26.0,24.0,28.0,18.0,16,19.0,29,,6.0,18.0,,24,25.0,15,10.0,11.0,18.0,24,47.0,42.0,13.0,18,29,32.0,18.0,17.0,23.0,23.0,11.0,,15.0,37.0,5.0,,17.0,24,23,8.0,,11.0,13,10,12,11,0.0,12.0,16,22,,28.0,14,13.0,21.0,14.0,27,23.0,28.0,11.0,14,55.0,37.0,16.0,51.0,16.0,10.0,14,20.0,18,7.0,26,15,17,20.0,34.0,27.0,31.0,42.0,39.0,32.0,15.0,9.0,27.0,19.0,24,14.0,12.0,14,23.0,28.0,15.0,15.0,13,11.0,10.0,,37,34,22.0,27,16.0,15.0,23.0,25.0,6,49.0,33,9,34.0,16,32.0,25,23.0,0.0,30.0,12,12,31.0,48.0,8,6.0,14,,15,39.0,13.0,,54.0,23.0,15.0,21,25.0,50.0,39.0,0.0,35.0,47.0,14.0,17,28,20.0,26,56,15,15.0,46.0,51.0,,8.0,6.0,31,16.0,10.0,45.0,21,,32.0,24.0,45.0,12.0,21,50.0,22.0,46.0,38.0,,41.0,32.0,30,49.0,37.0,9.0,,,18.0,52.0,5,23.0,,38.0,44.0,23,23,17.0,51.0,25,21.0,11.0,23.0,45,6.0,21.0,46.0,,11,31.0,18.0,13.0,51.0,34.0,49.0,14.0,47.0,33.0,24,17,20.0,42.0,12.0,15.0,34.0,12.0,,33.0,,56.0,8,21,,23,14.0,55.0,36.0,25.0,17,19,30.0,17.0,9.0,33.0,10.0,21.0,36.0,52.0,5.0,20,18.0,56.0,,42.0,40.0,10.0,14,22.0,24.0,29.0,11,8.0,19.0,19.0,21.0,30.0,15.0,17,13.0,43,,41.0,23.0,42.0,12.0,56.0,7.0,30.0,21.0,40.0,,,13.0,24.0,38.0,16.0,33.0,17.0,,35.0,22.0,15,28.0,46.0,14,36.0,36.0,10,39.0,0.0,43.0,19,19,13,10.0,11.0,18.0,28.0,19.0,13.0,13.0,22.0,0.0,24,11.0,19,,2,22,19.0,18,40.0,2.0,17.0,24.0,13,20.0,17.0,46.0,17.0,7.0,15.0,39,26.0,22,30.0,23.0,50.0,44,16.0,25,25,22.0,6.0,19.0,6,15.0,21.0,19,24.0,42.0,17.0,13.0,,20.0,38.0,29.0,33,18.0,23.0,19.0,47.0,50.0,21.0,47.0,42.0,27,18.0,27,10.0,15.0,28.0,13.0,17,24,16.0,11.0,50.0,17.0,28.0,27.0,14.0,3.0,29.0,5,29.0,9.0,16,18,33.0,56.0,18,29.0,45.0,20,30.0,24,22,27,,28.0,,33.0,48.0,32.0,,44.0,,50.0,19.0,23.0,25.0,17.0,10.0,17.0,46.0,13.0,16.0,31.0,35.0,16.0,31.0,24.0,,,21.0,46.0,22.0,38.0,13.0,20.0,31.0,12.0,0.0,0.0,41.0,16.0,16.0,51.0,10.0,19.0,48.0,40.0,15.0,44.0,,52.0,25,21.0,25.0,9.0,6,9.0,12.0,21.0,28.0,38.0,37.0,20.0,12.0,,40.0,25.0,24.0,42.0,16.0,37.0,22.0,19.0,25.0,20.0,11.0,37.0,,,12.0,19.0,21.0,,40.0,29,19.0,36.0,15.0,21,47.0,21.0,18.0,0.0,,14.0,23.0,48.0,20.0,6,25.0,12.0,34.0,46.0,,,14,24,38.0,50.0,,13.0,31.0,30.0,28,16,39.0,18.0,21.0,25.0,14.0,26.0,,23.0,10.0,,20.0,52.0,44.0,18.0,25.0,20.0,25,23.0,12.0,15.0,35.0,49.0,36,52.0,28,,24,21.0,56.0,18.0,34.0,23.0,28.0,40.0,23.0,18.0,24.0,,28.0,39,21.0,26.0,19.0,55.0,44.0,29,32.0,14.0,32.0,17.0,24.0,10.0,55.0,47.0,40.0,25,16,39.0,45.0,,33.0,15.0,10.0,45.0,40.0,16,,,31.0,14.0,26.0,26.0,25.0,24.0,28,29.0,27.0,34.0,32,33,18.0,20.0,36.0,35.0,24.0,25.0,22.0,,,5.0,22.0,7.0,11.0,17.0,21.0,15,10.0,15.0,29.0,10.0,7.0,15,,50.0,18,49.0,18.0,13.0,8.0,25.0,,11.0,19.0,21.0,5.0,20.0,23,48.0,13.0,7.0,22.0,25,,37.0,34.0,14.0,19.0,36.0,8.0,27.0,30.0,5.0,35.0,32.0,29.0,20,10,46.0,32.0,25.0,45.0,28.0,36,12,26.0,,,21.0,,38.0,,18.0,,44.0,30.0,54.0,32.0,32.0,19.0,16,28,16.0,10.0,20.0,7.0,40.0,25,12.0,38.0,,20.0,51.0,7.0,22.0,,17.0,25.0,22.0,38.0,45.0,30.0,24.0,25,28.0,44.0,25,40.0,30.0,25.0,,0.0,18.0,12.0,,,45.0,24.0,,7.0,28.0,7.0,23.0,13.0,30.0,19.0,45.0,16.0,29.0,10.0,35.0,14.0,44.0,14.0,11.0,15.0,29.0,13.0,47.0,34.0,40.0,15.0,23.0,42.0,43.0,,14.0,18.0,32.0,19.0,,15.0,29.0,30.0,52.0,19.0,9.0,24.0,32.0,23.0,19.0,24.0,17.0,,21.0,34.0,19.0,,24,17.0,15.0,46.0,,,9.0,16.0,19.0,40.0,14.0,17.0,29.0,35.0,7.0,39.0,33.0,0.0,24.0,16.0,11.0,26.0,29.0,28.0,20.0,26.0,,52.0,12.0,20.0,4.0,26.0,32.0,26.0,41.0,21.0,12.0,,,29.0,,41.0,,28.0,26.0,,,24,,45.0,48.0,30.0,20.0,16.0,23.0,23.0,11.0,19,29.0,54.0,54.0,44.0,19.0,29.0,33.0,12.0,8.0,51.0,30.0,10.0,29.0,20.0,12.0,52.0,24,25.0,11.0,,14.0,17.0,26.0,38.0,14.0,20.0,39.0,15.0,28.0,14.0,20.0,28.0,24.0,22.0,25.0,37.0,2.0,56.0,39.0,21.0,14.0,0,18,22.0,29.0,15.0,12.0,,26.0,21.0,19.0,25.0,19.0,43.0,43.0,36.0,12.0,28.0,37.0,29.0,13.0,25.0,21.0,20.0,52.0,36.0,25.0,54.0,18.0,29.0,47.0,39.0,9.0,39.0,19.0,13.0,33.0,,16.0,25.0,13.0,,24.0,13.0,27.0,,28.0,23.0,14.0,42.0,47.0,14,31.0,10.0,21.0,15.0,42,17.0,55.0,27.0,31.0,34.0,,14.0,27.0,14,,24.0,15.0,,15.0,35.0,29.0,36,50.0,13.0,25.0,54.0,30,,6.0,46.0,54.0,50.0,18.0,37.0,,12.0,,25.0,52.0,9.0,8.0,20.0,17.0,,23.0,23.0,23.0,32.0,,,28.0,19,41.0,19.0,25.0,26.0,44.0,7.0,,12.0,25.0,18.0,40.0,35.0,19.0,11,15.0,13.0,9.0,20.0,36.0,38.0,,27.0,23.0,,21.0,43.0,19.0,34.0,44.0,,,27.0,40.0,42.0,,,30.0,28.0,8.0,17.0,27.0,32.0,40.0,31.0,18.0,8.0,43.0,27.0,25.0,52.0,16.0,32.0,51.0,28.0,20.0,16.0,16.0,41.0,24.0,22.0,48.0,37.0,,24.0,,21.0,33.0,48.0,43.0,32.0,23.0,8.0,14.0,20.0,39.0,23.0,56.0,41.0,41.0,19.0,20.0,22.0,,26,38.0,22.0,9.0,19.0,45.0,42.0,40.0,22.0,32.0,22.0,,24.0,,22.0,54.0,38.0,,17.0,13.0,44.0,0.0,,39.0,27.0,31.0,47.0,18.0,25.0,,,,39.0,16.0,17.0,,33.0,8.0,26.0,37.0,27.0,,26.0,18.0,9.0,27.0,46.0,14.0,,56.0,37.0,53.0,16.0,39.0,15.0,18.0,34.0,28.0,,26.0,28.0,46.0,24.0,48.0,17.0,,42.0,29.0,18.0,12.0,,,25.0,47.0,13.0,12.0,31.0,45.0,,38.0,21.0,47.0,32.0,12.0,15.0,29.0,54.0,,,28.0,47.0,47.0,,23.0,,27.0,26.0,,13.0,18.0,17.0,8.0,,,15.0,13.0,14.0,17.0,39.0,4.0,30.0,,26.0,27.0,30.0,56.0,24.0,9.0,41.0,20.0,19.0,26.0,14.0,15.0,,45.0,38.0,20.0,,18,20.0,19.0,29.0,39.0,31.0,15.0,43.0,54.0,50.0,41.0,26,43.0,,22.0,24.0,26.0,25.0,48.0,25.0,27,33.0,,,16.0,22.0,19.0,,,33.0,,13.0,25.0,41.0,0.0,,37.0,39.0,19.0,28.0,45.0,,10.0,45.0,,36.0,25.0,46.0,26.0,28.0,31.0,56.0,29.0,,,43.0,,37.0,,44.0,,8.0,,,26.0,14.0,43.0,49.0,,14.0,,7.0,,,29.0,32.0,37.0,25.0,37.0,18.0,24.0,33.0,19.0,15.0,9.0,,21.0,44.0,10.0,32.0,27.0,20.0,29.0,27.0,29.0,9.0,,10.0,32.0,,,,50.0,,,16.0,43.0,33.0,34.0,45.0,38.0,8.0,32.0,,15.0,34.0,30.0,21.0,25.0,11.0,,,15.0,,,51.0,27.0,22.0,23.0,17,39.0,22.0,14.0,0.0,,12.0,,13.0,38.0,,,17.0,51.0,11.0,12.0,28.0,,37.0,34.0,25.0,25.0,,26.0,,,37.0,14.0,20.0,34.0,19.0,33.0,17.0,9.0,24.0,55.0,35.0,19.0,0.0,,43.0,32.0,45.0,31.0,,55.0,0.0,23.0,,,27.0,54.0,19.0,29.0,,11.0,34.0,22.0,55.0,19.0,46.0,17.0,27.0,37.0,19.0,,19.0,52.0,26.0,23.0,24.0,54.0,25.0,,45.0,33.0,25.0,30.0,41.0,21.0,8,46.0,27.0,13,26.0,,30.0,,45.0,,55.0,18.0,29.0,55.0,48.0,26.0,,33.0,,38.0,25.0,30.0,,,25.0,49.0,,31.0,,,19.0,27.0,32.0,20.0,0.0,55.0,25.0,35.0,40.0,21.0,,37.0,15.0,56.0,38.0,31.0,18.0,56.0,33.0,,44.0,27.0,26.0,14.0,39.0,,29.0,18.0,31.0,11.0,16.0,34.0,14.0,12.0,23.0,30.0,31.0,17.0,46.0,56.0,,24.0,,29.0,19.0,19.0,22.0,,39.0,38.0,56.0,28.0,41.0,22.0,29.0,26.0,29.0,,19.0,8.0,,53.0,30.0,42.0,16.0,41.0,,11.0,52.0,55.0,10.0,9.0,,37.0,37.0,10.0,0.0,38.0,39.0,37.0,,23.0,29.0,21.0,23.0,6.0,25.0,41.0,,,24.0,14.0,27.0,,26.0,27.0,21.0,,45.0,56.0,21.0,49.0,42.0,45.0,23.0,45.0,30.0,19.0,30.0,,25.0,50.0,22.0,23.0,9.0,6.0,6.0,,11.0,27.0,,,20.0,36.0,39.0,40.0,40.0,34.0,24.0,32.0,31.0,,,51.0,,49.0,,39.0,6.0,,,13.0,29.0,,47.0,35.0,23.0,30.0,39.0,52.0,53.0,31.0,19.0,29.0,32.0,34.0,12.0,16.0,31.0,47.0,38.0,,49.0,47.0,10.0,,,36.0,7.0,54.0,19.0,25.0,,44.0,,42.0,16.0,46.0,,13.0,36.0,23.0,29.0,,22.0,13.0,10.0,17.0,,34.0,32.0,56.0,28.0,37.0,,37.0,8.0,26.0,23.0,28.0,28.0,20.0,53.0,31.0,21.0,17.0,23.0,,,,32.0,46.0,36.0,19.0,32.0,18.0,31.0,,10.0,,,40.0,37.0,19.0,13.0,47.0,19.0,36.0,26.0,,36.0,24.0,25.0,11.0,40.0,29.0,46.0,23.0,35.0,44.0,48.0,51.0,42.0,31.0,,,56.0,31.0,0.0,45.0,27.0,20.0,,21.0,33.0,23.0,20.0,13.0,18.0,,43.0,,21.0,33.0,56.0,46.0,14.0,22.0,16.0,33.0,,40.0,,52.0,24.0,,,22.0,20.0,54.0,39.0,,20.0,49.0,51.0,23.0,18.0,25.0,0.0,33.0,21.0,50.0,21.0,,56.0,33.0,15.0,31.0,29.0,19.0,20.0,47.0,19.0,23.0,20.0,38.0,38.0,37.0,26.0,,50.0,40.0,,51.0,10.0,48.0,,21.0,29.0,,19.0,36.0,,44.0,31.0,26.0,14.0,13.0,22.0,,,19.0,,29.0,35.0,13.0,,4.0,38.0,21.0,51.0,31.0,40.0,,30.0,,49.0,46.0,13.0,16.0,16.0,53.0,8.0,,15.0,11.0,23.0,12.0,31.0,24.0,37.0,26.0,,38.0,13.0,12.0,,34.0,35.0,43.0,16.0,43.0,50.0,12.0,,21.0,29.0,43.0,16.0,,20.0,,21.0,33.0,35.0,,43.0,47.0,51.0,19.0,39.0,33.0,26.0,44.0,49.0,49.0,31.0,40.0,30.0,12.0,26.0,21.0,15.0,34.0,26.0,31.0,40.0,29.0,,,33.0,32.0,21.0,,,19.0,38.0,,30.0,13.0,9.0,22.0,40.0,,,16.0,33.0,8.0,41.0,8.0,23.0,27.0,7.0,,50.0,22.0,37.0,,,,17.0,39.0,16.0,40.0,,11.0,31.0,,9.0,,,0.0,,,55.0,34.0,54.0,24.0,35.0,22.0,20.0,52.0,26.0,27.0,,50.0,16.0,28.0,30.0,,,28.0,22.0,4.0,36.0,,40.0,4.0,23.0,18.0,45.0,,,0.0,34.0,14.0,22.0,22.0,22.0,35.0,39.0,25.0,46.0,52.0,,,26.0,17.0,50.0,53.0,,38.0,29.0,,,21.0,30.0,,20.0,19.0,24.0,24.0,26.0,24.0,48.0,26.0,38.0,,46.0,17.0,45.0,45.0,22.0,18.0,,,42.0,12.0,16.0,27.0,,29.0,,25.0,12.0,49.0,17.0,48.0,26.0,49.0,30.0,,23.0,,48.0,,,,18.0,17.0,2.0,,11.0,21.0,22.0,,30.0,49.0,38.0,,13.0,30.0,,52.0,,46.0,17.0,,20.0,48.0,,,,,12.0,9.0,29.0,23.0,14.0,,,41.0,38.0,10.0,24.0,26.0,37.0,45.0,26.0,41.0,33.0,19.0,32.0,14.0,,33.0,14.0,31.0,24.0,38.0,,52.0,28.0,30.0,27.0,43.0,26.0,16.0,43.0,6.0,,,7.0,,41.0,15.0,,,,45.0,28.0,,45.0,19.0,49.0,34.0,11.0,42.0,36.0,8.0,44.0,,,36.0,14.0,10.0,48.0,,50.0,25.0,27.0,24.0,,,48.0,,35.0,,46.0,,37.0,16.0,39.0,40.0,,49.0,50.0,49.0,,28.0,49.0,12.0,28.0,9.0,0.0,,20.0,18.0,,,47.0,47.0,50.0,8.0,15.0,12.0,31.0,,,10.0,,24.0,28.0,45.0,55.0,35.0,17.0,47.0,,,,18.0,14.0,39.0,30.0,12.0,0.0,26.0,49.0,8.0,,37.0,26.0,,32.0,24.0,20.0,27.0,,,24.0,,,47.0,55.0,43.0,29.0,17.0,17.0,34.0,54.0,44.0,,12.0,23.0,,,0.0,30.0,44.0,16.0,45.0,,11.0,51.0,,,44.0,,33.0,13.0,18.0,15.0,33.0,50.0,29.0,16.0,,,29.0,47.0,7.0,,28.0,,33.0,,,41.0,21.0,18.0,40.0,38.0,49.0,13.0,18.0,,30.0,26.0,34.0,,36.0,42.0,25.0,,36.0,43.0,27.0,18.0,21.0,45.0,,13.0,46.0,35.0,20.0,23.0,,38.0,,23.0,13.0,35.0,52.0,54.0,10.0,,21.0,18.0,45.0,32.0,27.0,,27.0,29.0,41.0,31.0,,8.0,34.0,26.0,37.0,26.0,,48.0,42.0,45.0,,,,23.0,49.0,35.0,28.0,15.0,,48.0,19.0,38.0,,,51.0,,17.0,43.0,54.0,11.0,,17.0,,39.0,12.0,,28.0,,19.0,38.0,37.0,19.0,55.0,,,8.0,23.0,56.0,7.0,17.0,11.0,26.0,,46.0,25.0,18.0,24.0,,42.0,13.0,25.0,23.0,9.0,24.0,56.0,32.0,15.0,19.0,20.0,12.0,,46.0,5.0,,28.0,20.0,37.0,,54.0,36.0,0.0,24.0,,9.0,52.0,17.0,47.0,32.0,,26.0,17.0,36.0,56.0,21.0,46.0,28.0,33.0,10.0,,11.0,44.0,,19.0,18.0,41.0,54.0,17.0,,46.0,,17.0,,,,48.0,,,17.0,31.0,34.0,,19.0,16.0,33.0,29.0,,,,44.0,,16.0,32.0,18.0,10.0,26.0,22.0,24.0,26.0,35.0,25.0,,44.0,36.0,28.0,,13.0,23.0,33.0,,,,36.0,,,21.0,,27.0,46.0,33.0,2.0,12.0,,52.0,48.0,,37.0,31.0,,,30.0,55.0,23.0,22.0,31.0,,20.0,10.0,25.0,33.0,39.0,,47.0,28.0,12.0,33.0,,,18.0,,8.0,26.0,,19.0,12.0,41.0,18.0,52.0,56.0,31.0,16.0,30.0,35.0,47.0,31.0,9.0,46.0,41.0,21.0,25.0,49.0,33.0,22.0,38.0,37.0,29.0,,,44.0,,,41.0,21.0,32.0,,28.0,36.0,31.0,49.0,25.0,18.0,52.0,46.0,43.0,11.0,,16.0,55.0,32.0,42.0,,16.0,17.0,28.0,35.0,47.0,45.0,,38.0,,16.0,82,3,2.4616438356164383,17.552080344332854,-0.33968061000352184
5,5,7,10,6,3,6,8,7,11,8,9,7,8,9,9,4,6,19,10,7,8,9,11,9,8,10,9,9,0,10,12,14,14,9,7,14,13,13,15,15,21.0,14,12,16,12,18,7,14,22,15,22,10,20,39,19,12,8,10,11,12,11,16,21,7.0,17,19,12,10,14,19,20,14,8,9,14,16,12,8,8,26,15,9,12,13,18,17,18,12,7,16,10,21,17,16,12,10,9,11,18,18,20,8,7,18,18,19,8,7,13,22,,25,18,22.0,21,21,19,19,19,15,25,12,16,16,16,14,45.0,16,10,26,14,,11,15,13.0,15,15,15,14,19,12,16,17,14.0,13.0,16,34.0,7,0,10,14,33.0,15,19,8,17,,29,14,12,17,14,26,17,10.0,25,13,17,13,10,20.0,10,19,17,32,17,34.0,20,13.0,23,18,15,17,28,40.0,11.0,21,25,15.0,47.0,13,16,15,7,25,15,15,24.0,19,8,55.0,7,14,4,7,35.0,29,21,18,17,29.0,17,19,24,17,13,26,17,20.0,29.0,28,10,23,20.0,38,27,20,42.0,12,8.0,52.0,15,12,,9,13,17,36.0,,19,20,22,24,21,26.0,24,17,20,23,13,18,26.0,19.0,29,20.0,36.0,20.0,43.0,18,27.0,12,25,9,59.0,27.0,21.0,7.0,23.0,16,35.0,46.0,37.0,10,21,21.0,4,19,30,27.0,31.0,28.0,13,34.0,21,29,26.0,20.0,12,55.0,22.0,6,20,27.0,6,18.0,7.0,,10,31,,15,23,30,24,18,17,26,15,14,24,15,21,40.0,60.0,23,17,10,22.0,36.0,12,34,16,,21,33.0,18,8,18,7,20,20.0,14,39.0,19,18,,14,12,18,42.0,26.0,23,36.0,36.0,12.0,11.0,16.0,16,39.0,11,25,22,21.0,19,29.0,33.0,13,,14.0,14.0,25,,13,17,14,22,33,16,19,18.0,2,42.0,16,20,3,40.0,23,,23,16.0,31,52.0,27,22,20.0,9,9.0,15,20.0,34.0,19,16,23.0,36.0,17.0,38.0,25.0,17,22.0,19.0,19,59.0,24,11,,31.0,22,31.0,18,15.0,30.0,20,46,10,24.0,20,44.0,20.0,18,21.0,19,26.0,13,11,21,21.0,29.0,23,9,19,56.0,20.0,8,36,28.0,19,14.0,26.0,,19.0,15.0,45.0,18.0,33.0,35.0,18.0,21,23,15.0,23.0,43.0,19.0,57.0,18.0,,9.0,6,27,23.0,22.0,18,17.0,5.0,16.0,37.0,27.0,21.0,21,18,,21.0,26.0,26.0,32,29.0,27.0,21.0,11,20,19,21.0,40.0,14.0,24.0,8,22,24.0,37.0,16,13.0,20.0,11,,,32.0,9,17.0,16,11.0,24.0,18.0,12,17.0,31,,15,15,,16.0,,24.0,17,25,28,17.0,4,12.0,13,14,17.0,16,27,35.0,43.0,0,27,20.0,7.0,42.0,11.0,35.0,13.0,21,20.0,11,9,48.0,32.0,33.0,56.0,33.0,51.0,28,6,16.0,45.0,33.0,42.0,,52.0,19,22.0,21,54.0,19.0,10.0,,14,9.0,13,25.0,,32.0,23,19.0,0.0,,28,24,45.0,39.0,29.0,12.0,,24.0,60.0,18.0,32.0,23.0,34.0,57.0,33,7,44.0,49.0,20.0,16,14,15,17,37.0,,0,12,30.0,40.0,24,24.0,29.0,53.0,0,0.0,50.0,33.0,2,33.0,,22.0,,28.0,47.0,15,23.0,15,,27,6,19,27.0,43.0,39.0,43.0,49.0,52.0,6.0,25.0,31.0,34.0,12.0,27,54.0,26.0,20,9.0,,14.0,,18,48.0,18.0,22.0,29,20,39.0,21,14.0,0.0,16.0,,20,27.0,20,29,36.0,10,27.0,29,23.0,28.0,22.0,11,11,14.0,41.0,6,40.0,14,15.0,16,26.0,19.0,37.0,38.0,9.0,16.0,51,16.0,36.0,53.0,14.0,13.0,46.0,34.0,16,13,21.0,5,20,28,25.0,14.0,14.0,56.0,15.0,34.0,24,21.0,17.0,36.0,32,0.0,,29.0,12.0,20.0,20,7.0,,35.0,33.0,17.0,13.0,23.0,25,,14.0,39.0,58.0,19.0,21.0,24.0,12,23.0,24.0,17.0,32.0,28,18,59.0,12.0,20,24.0,0.0,21.0,28,23.0,58.0,11.0,51.0,30,16.0,24.0,29.0,,22.0,24.0,25.0,35.0,18.0,14,24,59.0,46.0,1.0,23.0,28.0,14.0,32.0,42.0,38.0,,25,9,,33,34.0,29.0,31.0,28.0,25,9,18.0,16.0,29.0,38.0,19.0,29.0,,52.0,26.0,10,30.0,27.0,,30.0,48.0,31.0,31,24.0,36.0,30.0,26,,37.0,11.0,45.0,29.0,18.0,25,32.0,18,55.0,,39.0,35.0,35.0,33.0,46.0,31.0,9.0,34.0,10.0,11.0,16.0,10.0,19.0,,27.0,31.0,24.0,34.0,,26,32.0,43.0,26,57.0,33.0,32,46.0,44.0,15.0,27,23,29,52.0,24.0,32.0,15.0,19.0,14.0,22.0,,22.0,26,27.0,22,16.0,22,39,17.0,16,17.0,,31.0,13.0,15,34.0,28.0,5.0,10.0,61.0,,13,47.0,28,16.0,27.0,36.0,19,3.0,16,11,26.0,11.0,,20,49.0,27.0,19,25.0,35.0,19.0,21.0,30.0,,13.0,,30,13.0,26.0,43.0,24.0,23.0,42.0,51.0,23.0,16,18.0,7,53.0,25.0,38.0,45.0,25,11,30.0,23.0,25.0,32.0,19.0,15.0,16.0,,18.0,20,18.0,26.0,28,40,24.0,18.0,24,,19.0,26,19.0,9,24,27,45.0,25.0,,37.0,33.0,58.0,4.0,35.0,28.0,55.0,28.0,26.0,40.0,47.0,44.0,55.0,50.0,23.0,35.0,33.0,39.0,21.0,,40.0,32.0,23.0,,59.0,12.0,50.0,27.0,12.0,29.0,35.0,10.0,,23.0,,44.0,30.0,12.0,1.0,26.0,17.0,35.0,25.0,19.0,32.0,42,23.0,54.0,38.0,9,27.0,18.0,7.0,27.0,33.0,19.0,13.0,10.0,18.0,45.0,44.0,42.0,34.0,,30.0,48.0,15.0,14.0,18.0,26.0,43.0,55.0,,15.0,33.0,28.0,,26.0,15,55.0,33.0,7.0,21,44.0,45.0,39.0,10.0,19.0,,37.0,,,26,26.0,14.0,16.0,34.0,33.0,21.0,20,25,29.0,41.0,28.0,37.0,27.0,9.0,31,31,29.0,0.0,46.0,28.0,25.0,19.0,19.0,34.0,36.0,30.0,22.0,,23.0,36.0,22.0,32.0,25,18.0,27.0,37.0,13.0,11.0,17,11.0,27,,20,41.0,,23.0,32.0,,27.0,20.0,41.0,34.0,9.0,13.0,29.0,21,24.0,17.0,33.0,33.0,46.0,12,12.0,,23.0,43.0,16.0,,38.0,51.0,38.0,19,18,31.0,32.0,,17.0,42.0,25.0,12.0,10.0,15,33.0,,20.0,38.0,16.0,,46.0,30.0,17,16.0,25.0,40.0,0,11,38.0,60.0,,31.0,39.0,15.0,11.0,50.0,18.0,10.0,27.0,22.0,11.0,,37.0,11,,,13.0,56.0,36.0,19,32.0,16.0,27,18.0,30.0,50.0,,46.0,37.0,14.0,,16.0,49.0,35.0,18,32.0,45.0,14.0,22.0,21,24.0,32.0,21.0,29.0,26.0,19.0,30.0,6.0,40.0,41.0,29.0,27.0,29.0,18,31,15.0,20.0,42.0,43.0,,22,31,27.0,21.0,41.0,25.0,20.0,,9.0,20.0,23.0,,,,30.0,,61.0,24,12,49.0,20.0,34.0,41.0,36.0,16,56.0,49.0,,12.0,0.0,23.0,48.0,36.0,8.0,9.0,,47.0,26.0,39.0,,29,46.0,13.0,27,19.0,,32.0,16.0,48.0,10.0,28.0,39.0,7.0,45.0,44.0,18.0,25.0,,25.0,33.0,44.0,26.0,25.0,33.0,21.0,40.0,16.0,10.0,28.0,11.0,,20.0,31.0,31.0,43.0,12.0,27.0,42.0,30.0,31.0,21.0,41.0,20.0,56.0,44.0,39.0,,36.0,49.0,31.0,23.0,46.0,54.0,28.0,28.0,53.0,17.0,41.0,37.0,20.0,25.0,37.0,16.0,13.0,,26,,22.0,35.0,33.0,,45.0,17.0,,57.0,0.0,18.0,25.0,,23.0,,56.0,,48.0,26.0,51.0,25.0,,23.0,15.0,36.0,,37.0,10.0,30.0,,26.0,30.0,48.0,54.0,17.0,37.0,,,29.0,27.0,37.0,29.0,,19.0,,29.0,25,43.0,19.0,11.0,28.0,20.0,54.0,40.0,,,28,40.0,20.0,47.0,,25.0,41.0,7.0,24.0,14.0,42.0,38.0,42.0,58.0,60.0,29.0,,13,11.0,27.0,37.0,17.0,17.0,54.0,9.0,11.0,29.0,21.0,51.0,36.0,,46.0,28.0,29.0,55.0,,,19.0,,53.0,13.0,28.0,20,11,44.0,18.0,20.0,13.0,18.0,48.0,38.0,21.0,,31.0,48.0,39.0,40.0,,48.0,40.0,36.0,,25.0,50.0,42.0,47.0,,16.0,47.0,40.0,50.0,19.0,52.0,56.0,,,22.0,16.0,,,27.0,42.0,28.0,28.0,53.0,37.0,,34.0,,,35.0,24.0,14,32.0,25.0,19.0,10.0,43,42.0,23.0,49.0,17.0,31.0,,13.0,18.0,27,29.0,26.0,30.0,20.0,39.0,15.0,,41,28.0,,18.0,32.0,30,37.0,19.0,6.0,38.0,61.0,32.0,26.0,25.0,13.0,48.0,20.0,47.0,14.0,,,32.0,25.0,,43.0,0.0,51.0,38.0,15.0,40.0,36,,26.0,53.0,23.0,37.0,39.0,,20.0,23.0,44.0,25.0,40.0,16.0,39,28.0,48.0,28.0,,52.0,,,28.0,59.0,10.0,36.0,25.0,31.0,31.0,21.0,32.0,34.0,,30.0,20.0,30.0,26.0,29.0,,24.0,25.0,48.0,39.0,29.0,18.0,30.0,16.0,20.0,26.0,12.0,25.0,42.0,35.0,34.0,18.0,38.0,53.0,52.0,38.0,28.0,35.0,40.0,28.0,9.0,24.0,37.0,61.0,33.0,39.0,33.0,,15.0,11.0,10.0,20.0,30.0,28.0,6.0,53.0,24.0,22.0,24.0,53.0,60.0,26,11.0,,6.0,39.0,,,0.0,,53.0,38.0,,53.0,18.0,34.0,,47.0,23.0,20.0,19.0,,39.0,49.0,33.0,25.0,32.0,,12.0,22.0,32.0,17.0,56.0,55.0,37.0,12.0,13.0,20.0,14.0,20.0,,24.0,40.0,28.0,43.0,19.0,49.0,26.0,43.0,20.0,21.0,32.0,56.0,24.0,5.0,,24.0,35.0,19.0,30.0,37.0,7.0,21.0,34.0,21.0,21.0,,24.0,16.0,14.0,30.0,37.0,,26.0,18.0,17.0,35.0,29.0,51.0,,41.0,13.0,0.0,17.0,26.0,40.0,31.0,25.0,26.0,45.0,25.0,19.0,29.0,,,,37.0,20.0,36.0,51.0,,,38.0,45.0,12.0,,57.0,30.0,19.0,59.0,25.0,25.0,,0.0,19.0,26.0,19.0,43.0,23.0,54.0,31.0,48.0,42.0,42.0,,,34.0,37.0,24.0,33.0,27,30.0,61.0,15.0,18.0,57.0,24.0,34.0,57.0,41.0,21.0,32,25.0,17.0,24.0,27.0,11.0,34.0,27.0,,36,15.0,16.0,57.0,30.0,,31.0,44.0,38.0,23.0,,,25.0,31.0,,44.0,,21.0,33.0,,47.0,31.0,36.0,44.0,24.0,0.0,23.0,17.0,49.0,33.0,47.0,16.0,27.0,19.0,,18.0,50.0,,28.0,43.0,,38.0,26.0,31.0,43.0,13.0,31.0,48.0,51.0,27.0,,,45.0,41.0,24.0,39.0,,10.0,50.0,31.0,41.0,22.0,36.0,,28.0,24.0,46.0,37.0,40.0,21.0,57.0,14.0,40.0,17.0,17.0,,18.0,50.0,26.0,26.0,31.0,,23.0,11.0,14.0,,18.0,,48.0,23.0,50.0,19.0,20.0,,25.0,39.0,,,35.0,56.0,42.0,17.0,0.0,59.0,,,33.0,,10.0,19,19.0,,53.0,,24.0,24.0,,27.0,10.0,25.0,17.0,40.0,16.0,47.0,55.0,54.0,,58.0,,33.0,51.0,13.0,55.0,35.0,,,10.0,31.0,0.0,27.0,13.0,24.0,42.0,,22.0,14.0,34.0,,,41.0,33.0,14.0,,26.0,61.0,43.0,37.0,28.0,27.0,35.0,21.0,41.0,29.0,,,29.0,47.0,,37.0,50.0,23.0,31.0,35.0,,47.0,19.0,60.0,28.0,14.0,,44.0,54.0,,32.0,28.0,52.0,46.0,,30.0,13,,,21,22.0,19.0,22.0,,35.0,10.0,60.0,16.0,42.0,,55.0,11.0,,35.0,37.0,,33.0,4.0,,44.0,28.0,22.0,31.0,22.0,,39.0,46.0,53.0,28.0,34.0,51.0,54.0,43.0,48.0,,,,12.0,23.0,46.0,35.0,,,43.0,,21.0,43.0,3.0,36.0,27.0,,45.0,16.0,22.0,37.0,42.0,15.0,18.0,41.0,17.0,45.0,44.0,21.0,10.0,,25.0,54.0,,51.0,10.0,17.0,31.0,36.0,,47.0,25.0,,47.0,55.0,41.0,22.0,22.0,35.0,13.0,35.0,35.0,11.0,,32.0,41.0,,23.0,41.0,21.0,59.0,19.0,20.0,61.0,18.0,,11.0,12.0,8.0,58.0,35.0,23.0,28.0,40.0,27.0,46.0,49.0,41.0,33.0,49.0,,46.0,30.0,,58.0,43.0,19.0,31.0,21.0,,15.0,,10.0,,55.0,42.0,,24.0,9.0,,27.0,36.0,,27.0,0.0,,35.0,25.0,12.0,42.0,40.0,19.0,32.0,,31.0,20.0,,61.0,37.0,58.0,42.0,5.0,26.0,60.0,,,,,53.0,53.0,,47.0,,54.0,56.0,39.0,24.0,,13.0,9.0,,20.0,18.0,48.0,30.0,10.0,41.0,40.0,32.0,28.0,16.0,14.0,47.0,,,45.0,50.0,,44.0,59.0,18.0,52.0,50.0,43.0,36.0,19.0,39.0,38.0,35.0,45.0,60.0,,34.0,,47.0,41.0,28.0,,47.0,32.0,21.0,25.0,60.0,50.0,45.0,35.0,43.0,,45.0,51.0,28.0,16.0,21.0,12.0,39.0,50.0,21.0,24.0,32.0,20.0,16.0,58.0,46.0,,,36.0,17.0,37.0,20.0,,35.0,19.0,15.0,13.0,59.0,30.0,35.0,11.0,36.0,,29.0,57.0,31.0,13.0,34.0,27.0,27.0,44.0,27.0,21.0,49.0,29.0,37.0,12.0,36.0,34.0,60.0,31.0,22.0,21.0,32.0,31.0,26.0,,23.0,46.0,33.0,,26.0,,38.0,,32.0,8.0,15.0,18.0,,28.0,20.0,25.0,10.0,51.0,40.0,29.0,33.0,,23.0,20.0,34.0,52.0,18.0,,35.0,46.0,36.0,30.0,35.0,38.0,,32.0,44.0,15.0,20.0,16.0,51.0,,42.0,33.0,,25.0,41.0,,41.0,41.0,20.0,52.0,28.0,57.0,31.0,48.0,47.0,55.0,33.0,12.0,54.0,,34.0,31.0,,,20.0,11.0,34.0,61.0,18.0,,32.0,,,27.0,45.0,40.0,10.0,29.0,61.0,27.0,59.0,17.0,51.0,36.0,,47.0,,13.0,,,11.0,,55.0,,26.0,,,50.0,55.0,35.0,53.0,29.0,26.0,51.0,,,43.0,36.0,27.0,38.0,30.0,23.0,58.0,51.0,27.0,20.0,22.0,42.0,14.0,20.0,31.0,45.0,,50.0,34.0,,18.0,24.0,28.0,29.0,30.0,29.0,39.0,32.0,,30.0,,,23.0,47.0,37.0,16.0,30.0,39.0,20.0,,48.0,36.0,38.0,24.0,23.0,50.0,47.0,,,52.0,22.0,54.0,29.0,20.0,,,,36.0,32.0,30.0,12.0,24.0,45.0,24.0,0.0,39.0,34.0,,25.0,43.0,40.0,,33.0,46.0,35.0,48.0,,55.0,51.0,,19.0,30.0,16.0,,53.0,22.0,16.0,27.0,32.0,35.0,,47.0,26.0,15.0,24.0,0.0,46.0,,45.0,,18.0,26.0,36.0,4.0,26.0,58.0,25.0,27.0,14.0,,,,33.0,,28.0,35.0,15.0,52.0,60.0,61.0,,12.0,44.0,,,42.0,50.0,49.0,0.0,27.0,,21.0,42.0,12.0,,32.0,,36.0,11.0,17.0,59.0,,17.0,26.0,29.0,41.0,,22.0,18.0,18.0,22.0,42.0,,,11.0,26.0,20.0,34.0,,23.0,24.0,30.0,26.0,,13.0,,49.0,16.0,14.0,18.0,19.0,22.0,25.0,20.0,30.0,,31.0,56.0,25.0,15.0,,53.0,1.0,,25.0,49.0,,,36.0,56.0,27.0,20.0,22.0,14.0,36.0,30.0,56.0,27.0,,14.0,16.0,49.0,51.0,32.0,50.0,10.0,,40.0,52.0,26.0,45.0,58.0,31.0,8.0,34.0,,,27.0,32.0,33.0,,55.0,36.0,29.0,39.0,,30.0,30.0,32.0,10.0,,16.0,32.0,47.0,34.0,,29.0,51.0,47.0,25.0,41.0,34.0,61.0,,32.0,,31.0,13.0,50.0,,13.0,32.0,6.0,34.0,,25.0,15.0,,40.0,15.0,,36.0,12.0,21.0,16.0,21.0,33.0,14.0,47.0,45.0,,,,,,19.0,11.0,46.0,40.0,39.0,,36.0,16.0,,59.0,31.0,45.0,15.0,18.0,56.0,35.0,9.0,58.0,,44.0,,13.0,,35.0,41.0,23.0,24.0,40.0,31.0,,,21.0,39.0,31.0,,,,35.0,,,26.0,37.0,18.0,50.0,38.0,14.0,44.0,,26.0,,10.0,30.0,20.0,60.0,,,,45.0,22.0,35.0,31.0,50.0,0.0,,30.0,8.0,59.0,31.0,,56.0,34.0,52.0,58.0,,47.0,,25.0,,14.0,8.0,,19.0,,,24.0,58.0,18.0,,37.0,10.0,48.0,28.0,60.0,23.0,46.0,,,59.0,23.0,,22.0,,10.0,19.0,17.0,,36.0,9.0,31.0,21.0,,29.0,38.0,10.0,44.0,41.0,,25.0,24.0,48.0,21.0,33.0,23.0,,24.0,,31.0,38.0,12.0,20.0,,37.0,30.0,25.0,42.0,3.0,,,58.0,53.0,,26.0,26.0,,19.0,,,18.0,34.0,9.0,32.0,,19.0,,25.0,47.0,46.0,15.0,32.0,52.0,13.0,,22.0,53.0,44.0,56.0,,,29.0,57.0,33.0,16.0,32.0,,6.0,23.0,55.0,52.0,53.0,28.0,32.0,36.0,29.0,24.0,17.0,39.0,25.0,22.0,0.0,,14.0,,59.0,31.0,57.0,23.0,0.0,,46.0,19.0,,39.0,,,18.0,56.0,33.0,22.0,61.0,20.0,13.0,29.0,,,34.0,23.0,13.0,,,,8.0,6.0,49.0,0.0,37.0,,36.0,16.0,25.0,44.0,22.0,20.0,46.0,56.0,61.0,31.0,,37.0,53.0,30.0,,,36.0,28.0,39.0,45.0,40.0,0.0,54.0,34.0,42.0,60.0,,35.0,,36.0,45.0,24.0,31.0,45.0,,50.0,23.0,44.0,54.0,,40.0,12.0,37.0,,41.0,10.0,31.0,50.0,38.0,,,51.0,,31.0,55.0,,52.0,,,,21.0,,,21.0,21.0,,48.0,26.0,60.0,15.0,,18.0,,18.0,57.0,,29.0,,25.0,29.0,61.0,33.0,41.0,28.0,12.0,19.0,20.0,49.0,,16.0,34.0,49.0,24.0,,,21.0,22.0,33.0,18.0,45.0,57.0,41.0,,22.0,11.0,34.0,52.0,,32.0,45.0,14.0,52.0,36.0,51.0,,54.0,31.0,,,57.0,55.0,54.0,11.0,18.0,12.0,39.0,44.0,54.0,18.0,34.0,38.0,35.0,,20.0,34.0,42.0,42.0,39.0,27.0,,48.0,27.0,18.0,33.0,32.0,44.0,17.0,28.0,32.0,57.0,22.0,12.0,46.0,,,46.0,,,26.0,45.0,24.0,30.0,18.0,26.0,38.0,30.0,20.0,47.0,,22.0,21.0,34.0,30.0,8.0,,39.0,19.0,,,,41.0,20.0,,,39.0,54.0,13.0,59.0,,18.0,19.0,23.0,44.0,,,45.0,83,3,2.4359673024523163,18.340725806451612,-0.3404796339739073
9,8,10,10,3,10,10,12,7,10,11,19,9,12,12,13,11,10,22,43,14,11,13,7,9,11,11,12,10,5,14,9,13,10,14,11,19,19,19,15,22,25.0,9,31,11,12,23,13,13,16,13,10,16,15,20,9,19,14,15,8,11,13,16,14,17.0,4,18,15,16,16,24,17,19,11,17,19,16,25,16,15,15,12,13,9,18,22,13,24,20,16,18,14,29,17,20,20,12,13,15,23,21,10,13,11,17,21,16,25,21,6,13,,20,17,30.0,21,13,24,23,56,18,24,18,0,15,19,21,40.0,14,15,17,15,23.0,12,20,27.0,18,20,13,12,14,23,18,13,19.0,31.0,28,33.0,18,17,14,18,26.0,12,24,15,32,,19,21,20,22,0,17,26,36.0,20,24,9,24,13,42.0,10,42,16,27,23,27.0,28,18.0,23,12,18,21,24,48.0,29.0,30,22,31.0,37.0,14,31,10,22,18,14,18,34.0,23,16,30.0,19,20,15,15,36.0,12,15,22,17,,21,6,16,35,18,17,20,57.0,35.0,29,14,23,,25,21,35,40.0,17,16.0,0.0,27,23,48.0,18,31,26,20.0,34.0,18,22,18,24,33,26.0,19,13,29,16,13,30,21.0,59.0,9,35.0,39.0,32.0,25.0,29,3.0,14,19,20,18.0,21.0,16.0,,26.0,4,29.0,41.0,58.0,10,56,45.0,12,21,18,46.0,23.0,31.0,21,7.0,20,28,18.0,21.0,24,39.0,34.0,17,22,20.0,20,24.0,14.0,0.0,24,21,39.0,25,19,26,25,11,20,21,22,14,14,18,25,27.0,38.0,30,21,11,22.0,16.0,16,24,17,23.0,16,35.0,20,9,33,10,26,42.0,15,46.0,23,26,27.0,19,13,1,15.0,29.0,14,44.0,40.0,12.0,22.0,27.0,23,41.0,16,14,10,24.0,23,6.0,30.0,11,17.0,26.0,24.0,18,15.0,25,34,29,13,56,15,25,17.0,21,28.0,25,29,23,54.0,21,13.0,28,10.0,17,57.0,32,28,20.0,48,8.0,18,,22.0,33,24,58.0,35.0,30.0,14.0,12.0,33,25.0,34.0,21,54.0,23,27,,41.0,24,51.0,9,28.0,31.0,22,19,21,33.0,24,35.0,,30,18.0,7,17.0,20,8,19,19.0,25.0,15,20,0,,27.0,15,19,36.0,28,25.0,45.0,22.0,31.0,,34.0,22.0,41.0,30.0,18.0,16,15,21.0,23.0,36.0,31.0,28.0,,,6.0,18,17,17.0,37.0,22,17.0,12.0,,27.0,,32.0,18,27,,24.0,,27.0,25,,13.0,28.0,23,22,15,45.0,35.0,52.0,21.0,18,32,25.0,12.0,17,18.0,55.0,28,34.0,,,22,20.0,14,17.0,36.0,19.0,7,34.0,31,20.0,0,24,,36.0,44.0,,27,23,14,45.0,25,24.0,14,37,19.0,39,26,33.0,29.0,32,18,30.0,9.0,15.0,21.0,17.0,13.0,17,23.0,20,19,22.0,,34.0,23.0,18.0,39.0,18,25,39.0,39.0,17.0,23.0,29.0,56.0,11,29.0,30,54.0,22.0,22.0,,15,20.0,26,34.0,21.0,25.0,33,45.0,28.0,26.0,28,21,,34.0,32.0,25.0,43.0,19.0,21.0,,38.0,15.0,22.0,23.0,22,28,35.0,,27.0,20,17,19,29,42.0,21.0,5,11,49.0,34.0,22,28.0,28.0,12.0,31,,32.0,7.0,22,42.0,39.0,29.0,37.0,18.0,27.0,26,25.0,18,22.0,18,6,39,20.0,36.0,14.0,29.0,24.0,,38.0,26.0,26.0,48.0,15.0,23,31.0,,16,0.0,30.0,53.0,12.0,23,33.0,,,11,26,23.0,27,19.0,18.0,11.0,49.0,17,43.0,11,9,42.0,19,8.0,24,19.0,39.0,39.0,0,23,14.0,23.0,21,18.0,38,,19,50.0,15.0,17.0,33.0,54.0,13.0,22,55.0,29.0,0.0,20.0,46.0,39.0,33.0,25,22,18.0,30,31,10,48.0,21.0,40.0,35.0,,21.0,38,28.0,25.0,54.0,16,33.0,16.0,22.0,,,27,35.0,29.0,28.0,,31.0,22.0,25.0,33,57.0,20.0,55.0,58.0,,19.0,39.0,17,37.0,,23.0,20.0,22,26,48.0,0.0,20,59.0,42.0,31.0,25,11.0,16.0,27.0,,12,17.0,49.0,30.0,60.0,19.0,33.0,46.0,53.0,22.0,19,28,31.0,33.0,1.0,24.0,16.0,21.0,20.0,47.0,25.0,31.0,33,32,38.0,23,24.0,43.0,28.0,28.0,18,13,27.0,23.0,15.0,44.0,,24.0,38.0,41.0,31.0,33,40.0,,33.0,36.0,41.0,,21,34.0,15.0,49.0,33,21.0,,28.0,26.0,22.0,24.0,29,34.0,37,,18.0,16.0,43.0,36.0,,,51.0,30.0,44.0,,54.0,14.0,,50.0,39.0,31.0,38.0,11.0,58.0,45.0,21,29.0,54.0,0,28.0,27.0,13,24.0,17.0,,18,16,5,23.0,27.0,16.0,31.0,30.0,27.0,23.0,,49.0,28,25.0,22,18.0,40,32,29.0,34,,10.0,28.0,49.0,16,56.0,19.0,56.0,51.0,44.0,43.0,21,61.0,39,27.0,29.0,57.0,9,22.0,13,33,61.0,40.0,35.0,10,14.0,27.0,32,26.0,25.0,38.0,29.0,,59.0,33.0,27.0,30,37.0,21.0,26.0,28.0,,21.0,30.0,48.0,28,34.0,28,18.0,21.0,47.0,,33,21,,17.0,42.0,40.0,25.0,26.0,0.0,55.0,37.0,24,41.0,15.0,26,23,29.0,37.0,24,27.0,31.0,41,18.0,30,17,13,17.0,18.0,15.0,55.0,12.0,21.0,37.0,53.0,47.0,13.0,42.0,27.0,14.0,54.0,21.0,39.0,18.0,24.0,40.0,32.0,60.0,40.0,,12.0,32.0,,,52.0,30.0,22.0,32.0,26.0,37.0,44.0,17.0,38.0,56.0,45.0,20.0,24.0,18.0,25.0,53.0,20.0,,28.0,14.0,27.0,19,35.0,,28.0,16,40.0,23.0,36.0,29.0,32.0,58.0,39.0,21.0,51.0,17.0,26.0,18.0,19.0,18.0,21.0,,22.0,23.0,26.0,43.0,61.0,15.0,,51.0,19.0,39.0,,47.0,27,,1.0,39.0,32,32.0,14.0,9.0,12.0,57.0,28.0,35.0,48.0,,17,35.0,15.0,30.0,24.0,26.0,,32,32,28.0,43.0,29.0,25.0,24.0,,11,13,33.0,34.0,57.0,,58.0,41.0,41.0,17.0,,38.0,36.0,,,28.0,11.0,26.0,22,22.0,55.0,34.0,,26.0,19,19.0,14,14.0,34,28.0,,37.0,39.0,32.0,29.0,38.0,27.0,54.0,16.0,48.0,24.0,30,,12.0,52.0,22.0,23.0,31,24.0,36.0,31.0,17.0,19.0,13.0,,23.0,43.0,25,39,25.0,12.0,43.0,19.0,43.0,20.0,15.0,17.0,34,,,0.0,35.0,20.0,36.0,44.0,30.0,12,19.0,43.0,32.0,27,32,56.0,16.0,27.0,31.0,33.0,,22.0,34.0,,17.0,,33.0,24.0,20.0,12.0,35,18.0,43.0,,20.0,17.0,18,35.0,35.0,33,41.0,23.0,57.0,34.0,51.0,34.0,26.0,58.0,11.0,,21.0,27,19.0,39.0,,28.0,22,28.0,24.0,29.0,24.0,,34.0,30.0,17.0,,52.0,39.0,49.0,19.0,47,25,12.0,22.0,27.0,39.0,,27,2,39.0,44.0,,22.0,23.0,34.0,,23.0,32.0,40.0,27.0,38.0,50.0,24.0,29.0,24,26,20.0,,41.0,11.0,56.0,20,22.0,38.0,32.0,23.0,19.0,39.0,16.0,,,,,30.0,,,26.0,18,53.0,27.0,29,42.0,15.0,34.0,37.0,25.0,,9.0,32.0,,,29.0,,26.0,,32.0,,,22.0,24.0,34.0,50.0,39.0,,29.0,8.0,17.0,17.0,31.0,33.0,54.0,38.0,28.0,24.0,22.0,6.0,17.0,19.0,31.0,38.0,15.0,24.0,19.0,46.0,59.0,2.0,41.0,58.0,34.0,31.0,22.0,30.0,12.0,,,43.0,,43.0,40.0,26.0,26.0,56.0,28,,34.0,25.0,0.0,47.0,5.0,22.0,17.0,17.0,48.0,40.0,30.0,,25.0,38.0,33.0,,14.0,37.0,27.0,35.0,,18.0,21.0,0.0,35.0,28.0,49.0,37.0,27.0,41.0,,17.0,51.0,44.0,29.0,38.0,47.0,12.0,43.0,11.0,,61.0,0.0,31.0,13.0,27,39.0,33.0,44.0,35.0,23.0,31.0,38.0,48.0,,25,27.0,38.0,59.0,,,24.0,28.0,31.0,39.0,30.0,38.0,35.0,43.0,33.0,28.0,,10,61.0,42.0,,33.0,21.0,38.0,27.0,28.0,12.0,61.0,25.0,28.0,60.0,59.0,51.0,45.0,25.0,,47.0,42.0,49.0,,38.0,18.0,20,18,,51.0,21.0,19.0,15.0,49.0,25.0,32.0,50.0,23.0,47.0,32.0,14.0,,13.0,,27.0,56.0,35.0,39.0,32.0,,38.0,,10.0,48.0,24.0,27.0,19.0,11.0,,33.0,27.0,,58.0,,20.0,36.0,17.0,57.0,15.0,59.0,37.0,,33.0,,38.0,17.0,15,42.0,25.0,24.0,50.0,31,,55.0,40.0,38.0,37.0,29.0,52.0,34.0,21,,28.0,,,,22.0,,30,38.0,,22.0,41.0,27,,18.0,35.0,26.0,59.0,22.0,30.0,17.0,18.0,44.0,38.0,,35.0,,34.0,38.0,32.0,42.0,36.0,42.0,40.0,37.0,,28.0,25,29.0,37.0,16.0,5.0,10.0,39.0,,0.0,28.0,,21.0,40.0,26.0,22,25.0,,20.0,,25.0,,23.0,17.0,,,26.0,38.0,51.0,,,48.0,25.0,,26.0,53.0,27.0,26.0,37.0,21.0,17.0,34.0,22.0,41.0,14.0,3.0,32.0,13.0,26.0,34.0,26.0,,21.0,11.0,40.0,30.0,52.0,39.0,43.0,12.0,35.0,19.0,22.0,42.0,38.0,24.0,28.0,28.0,30.0,0.0,,9.0,26.0,61.0,18.0,19.0,11.0,56.0,54.0,,52.0,31.0,35.0,19.0,48.0,17,58.0,52.0,,15.0,42.0,37.0,29.0,34.0,19.0,29.0,38.0,26.0,,20.0,24.0,39.0,35.0,32.0,24.0,32.0,21.0,49.0,35.0,29.0,54.0,18.0,,53.0,32.0,,20.0,54.0,27.0,58.0,26.0,,58.0,45.0,33.0,,18.0,25.0,42.0,,29.0,29.0,,0.0,30.0,33.0,37.0,35.0,23.0,40.0,59.0,22.0,39.0,22.0,46.0,48.0,28.0,,,25.0,18.0,36.0,29.0,18.0,46.0,55.0,,21.0,23.0,14.0,17.0,34.0,47.0,23.0,42.0,34.0,15.0,29.0,,39.0,43.0,57.0,34.0,48.0,,25.0,31.0,24.0,28.0,,29.0,37.0,50.0,25.0,41.0,,39.0,47.0,37.0,49.0,,8.0,56.0,39.0,15.0,43.0,,20.0,,42.0,39.0,17.0,45.0,44.0,23.0,35.0,30.0,,23.0,45.0,21.0,53.0,58.0,21.0,26,26.0,18.0,53.0,,57.0,22.0,36.0,26.0,24.0,41.0,21,,32.0,15.0,45.0,51.0,43.0,44.0,54.0,33,11.0,30.0,50.0,34.0,39.0,46.0,30.0,,,59.0,11.0,25.0,17.0,42.0,,61.0,9.0,55.0,57.0,,26.0,32.0,53.0,41.0,28.0,43.0,45.0,24.0,22.0,20.0,19.0,42.0,,41.0,26.0,29.0,,49.0,34.0,36.0,35.0,55.0,22.0,53.0,49.0,51.0,24.0,56.0,14.0,17.0,18.0,45.0,,51.0,33.0,19.0,49.0,40.0,12.0,,34.0,38.0,22.0,41.0,25.0,38.0,42.0,29.0,24.0,34.0,27.0,26.0,,15.0,,,26.0,32.0,0.0,33.0,21.0,49.0,19.0,15.0,17.0,36.0,18.0,25.0,23.0,14.0,11.0,56.0,37.0,60.0,35.0,16.0,35.0,13.0,15.0,27.0,56.0,28.0,24.0,,,,36.0,26.0,19,20.0,25.0,17.0,,24.0,36.0,50.0,42.0,24.0,,35.0,51.0,55.0,24.0,,22.0,52.0,25.0,13.0,38.0,,35.0,54.0,50.0,,34.0,,21.0,38.0,,26.0,34.0,21.0,59.0,48.0,40.0,39.0,43.0,19.0,21.0,55.0,16.0,43.0,42.0,61.0,,30.0,27.0,41.0,33.0,42.0,24.0,29.0,55.0,28.0,29.0,55.0,14.0,51.0,16.0,,26.0,20.0,25.0,,17.0,37.0,59.0,16.0,,25.0,,31.0,,45.0,25.0,32.0,21.0,41.0,14,,27.0,22,12.0,50.0,,10.0,37.0,,29.0,,11.0,,39.0,19.0,25.0,37.0,46.0,19.0,47.0,,33.0,18.0,25.0,,50.0,34.0,38.0,32.0,30.0,44.0,44.0,30.0,21.0,24.0,26.0,52.0,33.0,44.0,29.0,,,31.0,50.0,29.0,,32.0,28.0,,18.0,20.0,,24.0,40.0,44.0,27.0,35.0,39.0,26.0,36.0,35.0,0.0,24.0,23.0,37.0,25.0,32.0,31.0,27.0,19.0,56.0,52.0,28.0,,46.0,35.0,2.0,43.0,40.0,19.0,57.0,17.0,20.0,23.0,12.0,48.0,10.0,34.0,2.0,57.0,,36.0,37.0,27.0,48.0,,15.0,21.0,22.0,23.0,24.0,30.0,35.0,37.0,27.0,25.0,44.0,,55.0,24.0,10.0,29.0,51.0,56.0,40.0,,29.0,49.0,28.0,23.0,20.0,30.0,47.0,,46.0,36.0,56.0,32.0,50.0,,28.0,25.0,47.0,22.0,25.0,22.0,35.0,40.0,,47.0,,41.0,24.0,28.0,45.0,22.0,52.0,43.0,9.0,,21.0,49.0,16.0,31.0,,,40.0,,15.0,47.0,28.0,45.0,7.0,,44.0,53.0,37.0,58.0,41.0,41.0,15.0,33.0,38.0,40.0,34.0,45.0,31.0,29.0,58.0,50.0,22.0,40.0,56.0,23.0,,48.0,23.0,56.0,30.0,34.0,4.0,,26.0,52.0,,28.0,41.0,8.0,,61.0,43.0,29.0,15.0,59.0,14.0,31.0,25.0,42.0,22.0,14.0,43.0,,56.0,17.0,27.0,18.0,39.0,,54.0,41.0,49.0,,59.0,38.0,37.0,23.0,26.0,30.0,41.0,15.0,37.0,,21.0,35.0,53.0,32.0,32.0,20.0,,38.0,12.0,22.0,32.0,43.0,11.0,33.0,,46.0,,,36.0,26.0,35.0,11.0,47.0,22.0,20.0,18.0,46.0,48.0,56.0,35.0,30.0,14.0,19.0,,0.0,13.0,11.0,34.0,41.0,,19.0,36.0,16.0,15.0,,26.0,29.0,19.0,,28.0,16.0,22.0,51.0,31.0,45.0,11.0,35.0,,,36.0,18.0,13.0,26.0,14.0,39.0,22.0,19.0,34.0,34.0,9.0,33.0,,16.0,,29.0,3.0,51.0,42.0,60.0,34.0,51.0,20.0,55.0,44.0,27.0,58.0,20.0,24.0,40.0,42.0,,,30.0,15.0,42.0,33.0,45.0,44.0,45.0,35.0,24.0,23.0,57.0,,25.0,53.0,39.0,14.0,56.0,34.0,49.0,,53.0,58.0,33.0,52.0,11.0,17.0,37.0,13.0,28.0,20.0,32.0,,25.0,41.0,43.0,19.0,25.0,21.0,,,29.0,24.0,25.0,26.0,,54.0,19.0,41.0,26.0,,28.0,1.0,44.0,61.0,13.0,16.0,33.0,13.0,29.0,21.0,20.0,46.0,11.0,33.0,,22.0,41.0,,33.0,22.0,36.0,16.0,,54.0,14.0,28.0,60.0,23.0,61.0,14.0,,30.0,59.0,35.0,59.0,,14.0,,31.0,28.0,61.0,45.0,36.0,24.0,37.0,,45.0,35.0,,,27.0,32.0,56.0,26.0,,,8.0,48.0,32.0,47.0,39.0,30.0,40.0,23.0,19.0,42.0,43.0,37.0,55.0,53.0,,17.0,25.0,26.0,12.0,,,21.0,45.0,35.0,25.0,,15.0,,2.0,26.0,36.0,35.0,47.0,35.0,26.0,36.0,29.0,55.0,16.0,,29.0,42.0,53.0,31.0,24.0,23.0,34.0,13.0,46.0,24.0,,58.0,,32.0,21.0,,24.0,32.0,14.0,36.0,16.0,27.0,29.0,43.0,42.0,20.0,21.0,0.0,40.0,34.0,25.0,,12.0,31.0,,37.0,19.0,9.0,43.0,29.0,54.0,30.0,,22.0,0.0,40.0,,,,12.0,24.0,18.0,19.0,,34.0,34.0,44.0,26.0,34.0,41.0,47.0,18.0,,45.0,25.0,,36.0,,23.0,28.0,26.0,27.0,42.0,,19.0,,29.0,31.0,,15.0,,39.0,20.0,44.0,,20.0,39.0,5.0,14.0,45.0,24.0,33.0,50.0,54.0,36.0,,23.0,28.0,34.0,38.0,,27.0,32.0,32.0,,43.0,47.0,,31.0,39.0,51.0,30.0,47.0,29.0,,38.0,20.0,,16.0,11.0,51.0,15.0,27.0,,22.0,33.0,,61.0,17.0,,38.0,,18.0,34.0,,28.0,,,,12.0,26.0,57.0,25.0,,59.0,30.0,38.0,26.0,,44.0,10.0,31.0,36.0,,23.0,33.0,45.0,22.0,28.0,44.0,,16.0,,20.0,27.0,56.0,,52.0,,19.0,22.0,,30.0,,51.0,15.0,,46.0,2.0,,22.0,21.0,,,36.0,26.0,14.0,19.0,26.0,,19.0,38.0,,,,36.0,45.0,23.0,33.0,29.0,43.0,14.0,52.0,32.0,23.0,53.0,35.0,47.0,,23.0,39.0,,22.0,44.0,15.0,18.0,31.0,25.0,32.0,24.0,,52.0,13.0,,,48.0,24.0,27.0,16.0,,,49.0,11.0,,,11.0,,41.0,30.0,14.0,20.0,34.0,17.0,47.0,17.0,,43.0,,19.0,25.0,44.0,51.0,36.0,,12.0,26.0,,36.0,14.0,36.0,42.0,15.0,26.0,24.0,,40.0,50.0,39.0,34.0,34.0,,,59.0,46.0,,19.0,15.0,17.0,60.0,,39.0,25.0,28.0,40.0,60.0,39.0,23.0,31.0,31.0,55.0,37.0,41.0,0.0,29.0,44.0,28.0,19.0,16.0,14.0,,,24.0,30.0,0.0,25.0,30.0,21.0,30.0,55.0,46.0,31.0,24.0,19.0,25.0,21.0,21.0,56.0,16.0,0.0,59.0,45.0,19.0,21.0,24.0,23.0,,27.0,36.0,,,,35.0,53.0,36.0,56.0,,20.0,27.0,,39.0,,36.0,47.0,58.0,,17.0,0.0,32.0,,48.0,15.0,,,46.0,,,45.0,51.0,26.0,38.0,10.0,33.0,,,15.0,44.0,27.0,37.0,19.0,24.0,,,19.0,24.0,31.0,,19.0,,35.0,31.0,44.0,,0.0,19.0,42.0,23.0,5.0,26.0,41.0,54.0,48.0,24.0,36.0,,19.0,14.0,60.0,45.0,,,54.0,13.0,,34.0,,,19.0,51.0,59.0,,26.0,29.0,19.0,54.0,,61.0,56.0,15.0,,,50.0,19.0,37.0,,,38.0,25.0,56.0,26.0,23.0,46.0,,,,48.0,,14.0,,47.0,15.0,15.0,,,,,23.0,,35.0,48.0,,46.0,,26.0,,18.0,15.0,33.0,,31.0,,,15.0,,20.0,,54.0,24.0,43.0,38.0,,40.0,,20.0,51.0,17.0,37.0,29.0,18.0,37.0,20.0,49.0,,,,,,,57.0,24.0,,,,36.0,,43.0,45.0,17.0,,56.0,,34.0,16.0,37.0,50.0,,41.0,23.0,26.0,,49.0,23.0,25.0,16.0,18.0,53.0,40.0,38.0,47.0,,51.0,51.0,,50.0,29.0,15.0,0.0,13.0,57.0,53.0,12.0,15.0,,58.0,,24.0,60.0,,44.0,12.0,,13.0,26.0,41.0,,56.0,27.0,,54.0,53.0,19.0,40.0,21.0,35.0,,25.0,,14.0,20.0,24.0,46.0,57.0,51.0,14.0,58.0,,13.0,58.0,42.0,20.0,25.0,26.0,15.0,,48.0,42.0,,41.0,51.0,39.0,29.0,38.0,44.0,15.0,,51.0,,,21.0,,61.0,,,30.0,16.0,33.0,15.0,,36.0,,25.0,,43.0,,,55.0,35.0,18.0,,26.0,,25.0,,,,,15.0,84,3,2.3746666666666667,17.5913143514524,-0.32782277799542847
5,4,6,9,6,5,7,7,5,8,7,8,6,4,6,5,7,5,22,25,9,7,11,15,8,12,9,7,6,10,15,10,7,10,13,6,18,11,11,9,12,15.0,15,21,8,11,20,8,8,0,10,8,12,7,8,11,14,14,11,14,9,15,8,3,12.0,13,12,15,10,9,21,13,17,11,9,9,16,18,12,7,19,15,1,11,16,22,6,11,21,11,13,8,8,16,10,15,28,16,9,20,15,11,14,12,14,20,11,15,19,10,9,39.0,15,17,10.0,10,15,16,12,20,16,11,12,16,10,25,17,9.0,11,12,15,12,8.0,10,11,13.0,10,29,8,11,11,20,16,17,21.0,,30,21.0,6,21,12,5,24.0,13,19,11,20,25.0,10,20,18,19,9,21,15,25.0,20,21,10,21,13,19.0,7,34,6,22,6,9.0,7,8.0,13,13,20,29,15,31.0,13.0,8,18,19.0,22.0,15,9,11,9,4,8,9,11.0,21,12,,7,20,15,8,35.0,12,0,17,14,,19,26,23,22,13,12,11,29.0,25.0,24,22,22,22.0,16,21,12,,15,8.0,27.0,31,13,37.0,18,17,17,15.0,15.0,20,13,16,7,17,14.0,36,14,10,13,24,2,16.0,24.0,22,21.0,8.0,26.0,0.0,8,36.0,15,24,7,,14.0,26.0,13.0,21.0,16,18.0,33.0,31.0,20,39,40.0,16,23,25,12.0,8.0,43.0,13,23.0,24,31,49.0,23.0,17,,0.0,9,22,18.0,6,16.0,13.0,55.0,0,17,21.0,16,18,21,14,14,14,14,21,6,16,20,15,32.0,12.0,9,16,18,16.0,12.0,34,20,19,18.0,19,19.0,19,6,20,13,36,25.0,6,7.0,12,22,21.0,25,23,11,30.0,,7,56.0,,10.0,20.0,21.0,18,39.0,22,25,20,17.0,7,51.0,16.0,9,,20.0,33.0,15,,7,19,13,23,8,28,20,44.0,12,16.0,0,11,9,41.0,17,48.0,22,28.0,29,35.0,30,22,15.0,14,11.0,12,7.0,11.0,14,30,34.0,29.0,14.0,,14.0,5,26.0,14.0,21,37.0,11,14,30.0,47.0,28,18.0,27,11.0,25.0,21,25,23,24.0,18,9.0,54.0,41,9.0,16,48.0,11,29,22,23.0,23.0,12,16,42,,38.0,33,13,26.0,26,31.0,21.0,25.0,17.0,10.0,,22.0,38.0,29.0,18.0,12,3,29.0,,8.0,19.0,12.0,,,43.0,14,15,17.0,47.0,12,32.0,22.0,35.0,19.0,16.0,20.0,17,19,13.0,31.0,16.0,37.0,16,20.0,20.0,38.0,17,6,12,0.0,56.0,14.0,40.0,15,16,42.0,20.0,36,21.0,40.0,35,45.0,,37.0,15,18.0,7,18.0,19.0,29.0,14,27.0,20,21.0,16,25,29.0,40.0,11.0,30.0,17,26,21,33.0,17,9.0,10,43,21.0,28,21,12.0,30.0,32,24,34.0,19.0,23.0,41.0,17.0,13.0,16,16.0,16,9,16.0,13.0,36.0,41.0,,15.0,16,24,14.0,29.0,12.0,13.0,19.0,18.0,24,24.0,8,12.0,55.0,21.0,22.0,14,11.0,23,38.0,,36.0,21,10.0,16.0,13.0,22,13,16.0,36.0,30.0,44.0,57.0,15.0,51.0,,17.0,17.0,48.0,20.0,29,22,,57.0,31.0,11,11,21,12,31.0,39.0,19,10,10.0,11.0,16,35.0,27.0,,33,15.0,48.0,23.0,19,30.0,46.0,12.0,34.0,28.0,,14,20.0,20,17.0,10,20,21,39.0,28.0,17.0,28.0,,27.0,42.0,50.0,22.0,35.0,24.0,10,32.0,52.0,29,26.0,,21.0,33.0,14,14.0,44.0,17.0,27,21,15.0,35,23.0,15.0,43.0,25.0,14,,18,20,12.0,10,19.0,31,29.0,50.0,18.0,29,0,16.0,42.0,22,27.0,17,45.0,19,36.0,39.0,,,18.0,14.0,29,40.0,22.0,,20.0,41.0,7.0,9.0,23,17,31.0,34,15,21,37.0,11.0,22.0,39.0,,18.0,5,15.0,20.0,28.0,20,13.0,42.0,27.0,35.0,46.0,21,43.0,31.0,32.0,41.0,24.0,37.0,14.0,20,23.0,32.0,44.0,,22.0,21.0,26.0,20,21.0,29.0,22.0,14.0,20,14,18.0,22.0,17,38.0,,41.0,30,11.0,11.0,46.0,12.0,19,10.0,27.0,25.0,30.0,22.0,17.0,,32.0,30.0,23,37,46.0,56.0,13.0,22.0,22.0,7.0,44.0,33.0,,31.0,31,19,37.0,21,33.0,25.0,28.0,6.0,14,12,34.0,22.0,13.0,25.0,31.0,21.0,46.0,21.0,15.0,18,36.0,11.0,55.0,26.0,33.0,13.0,23,19.0,37.0,,16,,39.0,29.0,27.0,37.0,16.0,22,36.0,14,47.0,18.0,11.0,57.0,57.0,31.0,39.0,30.0,40.0,42.0,,,17.0,,,12.0,15.0,35.0,21.0,18.0,42.0,23,35.0,24.0,22,43.0,38.0,20,14.0,38.0,17.0,16,17,21,12.0,23.0,17.0,26.0,30.0,20.0,29.0,31.0,29.0,24,36.0,23,26.0,14,42,8.0,15,,17.0,10.0,17.0,16,15.0,26.0,41.0,24.0,,15.0,34,33.0,15,12.0,37.0,20.0,9,30.0,18,14,19.0,16.0,,11,52.0,53.0,22,32.0,7.0,7.0,16.0,38.0,23.0,43.0,,33,18.0,26.0,15.0,37.0,31.0,39.0,41.0,10.0,18,28.0,23,31.0,54.0,27.0,23.0,11,16,29.0,20.0,21.0,0.0,17.0,28.0,25.0,15.0,31.0,29,33.0,23.0,28,13,29.0,,23,16.0,38.0,21,55.0,25,24,22,56.0,40.0,,52.0,6.0,31.0,45.0,,38.0,27.0,36.0,33.0,22.0,38.0,42.0,6.0,22.0,20.0,22.0,31.0,,32.0,,20.0,26.0,54.0,19.0,,31.0,26.0,10.0,12.0,23.0,11.0,,46.0,30.0,,20.0,,19.0,19.0,46.0,,53.0,43.0,,37.0,28,14.0,40.0,15.0,35,18.0,38.0,12.0,,27.0,20.0,12.0,25.0,23.0,12.0,23.0,40.0,44.0,,31.0,17.0,0.0,28.0,31.0,,,,,29.0,43.0,53.0,11.0,31.0,23,,28.0,19.0,17,30.0,40.0,11.0,30.0,25.0,29.0,40.0,,53.0,15,22.0,37.0,24.0,14.0,14.0,34.0,26,17,44.0,44.0,18.0,,47.0,8.0,22,18,24.0,40.0,27.0,14.0,32.0,22.0,53.0,20.0,32.0,,13.0,43.0,37.0,,6.0,14.0,31,11.0,26.0,24.0,23.0,39.0,19,32.0,19,35.0,15,32.0,,18.0,35.0,23.0,31.0,36.0,17.0,36.0,23.0,,13.0,35,24.0,,17.0,,20.0,29,11.0,10.0,21.0,41.0,15.0,9.0,,32.0,37.0,14,25,28.0,22.0,,40.0,15.0,38.0,,39.0,9,24.0,,56.0,46.0,50.0,35.0,16.0,37.0,18,15.0,,40.0,18,13,50.0,41.0,39.0,39.0,13.0,,31.0,,17.0,20.0,24.0,24.0,22.0,13.0,47.0,55,14.0,8.0,,52.0,10.0,12,49.0,30.0,58,44.0,14.0,7.0,47.0,,,16.0,22.0,19.0,19.0,50.0,27,23.0,55.0,10.0,,15,17.0,39.0,24.0,14.0,46.0,4.0,26.0,11.0,41.0,47.0,45.0,21.0,56.0,0,14,24.0,25.0,16.0,9.0,19.0,31,23,37.0,18.0,6.0,22.0,44.0,48.0,58.0,24.0,17.0,22.0,,,26.0,,13.0,17,22,51.0,14.0,6.0,0.0,41.0,13,41.0,37.0,14.0,17.0,12.0,29.0,16.0,49.0,14.0,33.0,6.0,44.0,37.0,55.0,52.0,17,37.0,13.0,19,37.0,24.0,45.0,45.0,35.0,,7.0,49.0,7.0,38.0,23.0,51.0,32.0,39.0,13.0,36.0,14.0,27.0,21.0,15.0,23.0,45.0,19.0,13.0,22.0,48.0,26.0,19.0,12.0,2.0,13.0,20.0,,,11.0,26.0,28.0,52.0,37.0,6.0,24.0,19.0,53.0,,,35.0,,25.0,,23.0,40.0,21.0,51.0,22.0,10.0,,40.0,38.0,30.0,15.0,,14,22.0,7.0,37.0,34.0,19.0,14.0,41.0,38.0,27.0,,37.0,31.0,,24.0,27.0,21.0,51.0,15.0,42.0,35.0,19.0,10.0,,18.0,19.0,31.0,23.0,9.0,19.0,31.0,41.0,,22.0,51.0,24.0,33.0,53.0,,11.0,54.0,,,,23.0,20.0,,16,35.0,14.0,12.0,,,56.0,22.0,,36.0,15,58.0,,36.0,25.0,25.0,18.0,19.0,12.0,17.0,23.0,,54.0,,36.0,29.0,,15,23.0,23.0,,36.0,30.0,28.0,7.0,35.0,28.0,,15.0,29.0,55.0,,32.0,18.0,42.0,,19.0,29.0,34.0,11.0,16.0,,36,22,22.0,41.0,23.0,7.0,30.0,22.0,18.0,34.0,27.0,18.0,,19.0,18.0,31.0,33.0,17.0,,43.0,58.0,23.0,40.0,14.0,58.0,8.0,27.0,16.0,45.0,44.0,,25.0,21.0,41.0,29.0,39.0,,,24.0,14.0,49.0,18.0,12.0,15.0,28.0,47.0,,11.0,32.0,19.0,30,37.0,21.0,29.0,40.0,27,,22.0,,43.0,,23.0,25.0,58.0,19,25.0,30.0,35.0,17.0,,22.0,40.0,28,,28.0,34.0,29.0,19,53.0,16.0,18.0,26.0,,41.0,54.0,,9.0,20.0,0.0,39.0,35.0,15.0,35.0,37.0,27.0,29.0,23.0,52.0,,36.0,,28.0,24,27.0,,38.0,17.0,52.0,52.0,21.0,27.0,57.0,20.0,36.0,41.0,24.0,38,13.0,29.0,34.0,26.0,14.0,39.0,,25.0,,12.0,20.0,38.0,0.0,19.0,36.0,45.0,23.0,30.0,23.0,33.0,28.0,,,35.0,37.0,51.0,,56.0,9.0,23.0,13.0,,25.0,20.0,,39.0,57.0,,32.0,57.0,32.0,41.0,34.0,21.0,20.0,21.0,56.0,43.0,44.0,20.0,18.0,35.0,7.0,,31.0,40.0,14.0,29.0,45.0,,44.0,30.0,34.0,20.0,47.0,26.0,50.0,,57.0,23,26.0,,15.0,0.0,43.0,48.0,55.0,32.0,9.0,24.0,27.0,25.0,34.0,49.0,,41.0,23.0,21.0,27.0,,53.0,,30.0,17.0,41.0,43.0,30.0,38.0,55.0,,,25.0,12.0,20.0,7.0,32.0,15.0,25.0,49.0,15.0,42.0,41.0,57.0,,27.0,37.0,37.0,,17.0,17.0,39.0,41.0,54.0,,16.0,41.0,36.0,,48.0,,,34.0,13.0,,53.0,25.0,11.0,10.0,40.0,20.0,20.0,,36.0,3.0,37.0,22.0,48.0,,43.0,56.0,0.0,29.0,,41.0,38.0,6.0,,42.0,34.0,47.0,45.0,24.0,23.0,20.0,51.0,,,,,,28.0,38.0,44.0,45.0,30.0,22.0,34.0,32.0,32.0,32.0,53.0,13.0,48.0,,32.0,8.0,22.0,33.0,23.0,45.0,,26.0,20.0,,9.0,,24.0,37.0,35,11.0,27.0,20.0,32.0,26.0,18.0,29.0,40.0,47.0,,22,,22.0,22.0,33.0,22.0,40.0,58.0,,23,47.0,24.0,,21.0,,37.0,31.0,,16.0,27.0,35.0,37.0,46.0,,,26.0,12.0,34.0,16.0,22.0,47.0,19.0,23.0,58.0,31.0,41.0,55.0,49.0,19.0,,17.0,40.0,24.0,27.0,12.0,,,,13.0,33.0,39.0,,43.0,22.0,22.0,27.0,8.0,48.0,16.0,21.0,22.0,7.0,43.0,21.0,46.0,,31.0,,,26.0,22.0,11.0,47.0,50.0,44.0,0.0,28.0,36.0,25.0,53.0,30.0,12.0,39.0,22.0,31.0,22.0,47.0,15.0,25.0,37.0,19.0,51.0,52.0,46.0,,34.0,,37.0,57.0,47.0,26.0,30.0,23.0,23.0,22.0,,32.0,9.0,40.0,19.0,19.0,19.0,42.0,31.0,52.0,46.0,,,25,17.0,31.0,34.0,25.0,40.0,9.0,,,49.0,,24.0,46.0,26.0,43.0,39.0,14.0,34.0,0.0,28.0,35.0,23.0,50.0,,36.0,22.0,21.0,21.0,24.0,44.0,29.0,17.0,27.0,15.0,40.0,,39.0,41.0,37.0,10.0,36.0,35.0,22.0,,46.0,37.0,25.0,34.0,56.0,51.0,35.0,24.0,,32.0,23.0,11.0,,10.0,51.0,33.0,51.0,38.0,11.0,36.0,56.0,41.0,16.0,,24.0,56.0,12.0,26.0,17.0,17.0,38.0,12.0,57.0,,25.0,24.0,46,,18.0,21,38.0,,22.0,50.0,50.0,,,3.0,23.0,39.0,18.0,19.0,22.0,37.0,20.0,26.0,47.0,55.0,47.0,,1.0,42.0,34.0,46.0,,9.0,24.0,36.0,39.0,39.0,22.0,,,15.0,14.0,24.0,,40.0,30.0,20.0,38.0,,34.0,,12.0,14.0,25.0,18.0,16.0,29.0,45.0,57.0,29.0,52.0,,32.0,13.0,28.0,21.0,16.0,17.0,49.0,10.0,9.0,28.0,,46.0,33.0,,41.0,41.0,31.0,36.0,,,26.0,9.0,46.0,23.0,20.0,,12.0,,,16.0,17.0,,,29.0,37.0,,43.0,,54.0,,18.0,35.0,53.0,40.0,41.0,23.0,,22.0,30.0,57.0,33.0,50.0,10.0,,18.0,,9.0,17.0,0.0,,17.0,,51.0,19.0,24.0,47.0,23.0,30.0,30.0,23.0,25.0,,30.0,45.0,44.0,28.0,30.0,11.0,,19.0,49.0,20.0,25.0,56.0,45.0,42.0,55.0,,35.0,20.0,,37.0,33.0,,,48.0,39.0,45.0,34.0,12.0,22.0,34.0,13.0,,10.0,,38.0,,16.0,22.0,,,7.0,9.0,30.0,48.0,31.0,39.0,39.0,11.0,30.0,16.0,10.0,21.0,16.0,57.0,29.0,23.0,16.0,58.0,,18.0,,,6.0,20.0,17.0,57.0,37.0,30.0,,32.0,29.0,17.0,19.0,,,14.0,49.0,43.0,,46.0,35.0,54.0,7.0,21.0,,6.0,20.0,36.0,32.0,44.0,,20.0,,31.0,32.0,21.0,,,27.0,,17.0,10.0,,16.0,40.0,6.0,39.0,0.0,,27.0,33.0,0.0,15.0,43.0,22.0,10.0,24.0,32.0,42.0,13.0,,,31.0,22.0,,20.0,43.0,20.0,31.0,46.0,,22.0,29.0,50.0,,,56.0,26.0,35.0,20.0,,47.0,31.0,46.0,54.0,29.0,57.0,20.0,10.0,,24.0,37.0,39.0,8.0,55.0,10.0,56.0,44.0,15.0,16.0,39.0,49.0,,38.0,43.0,28.0,22.0,12.0,28.0,19.0,30.0,29.0,,35.0,30.0,37.0,32.0,22.0,,50.0,,26.0,,18.0,57.0,55.0,45.0,34.0,0.0,15.0,,,36.0,36.0,47.0,,36.0,39.0,,23.0,10.0,48.0,38.0,18.0,54.0,38.0,21.0,,47.0,,36.0,25.0,25.0,41.0,46.0,55.0,,42.0,18.0,34.0,32.0,5.0,56.0,,19.0,11.0,31.0,58.0,57.0,55.0,4.0,50.0,,12.0,35.0,19.0,16.0,,,41.0,,33.0,31.0,32.0,34.0,40.0,45.0,55.0,39.0,49.0,21.0,47.0,17.0,,48.0,54.0,,26.0,41.0,21.0,31.0,44.0,42.0,24.0,8.0,,,30.0,50.0,51.0,,,,17.0,17.0,56.0,54.0,21.0,27.0,20.0,27.0,49.0,49.0,34.0,55.0,,35.0,,24.0,32.0,,,11.0,36.0,39.0,51.0,10.0,16.0,,29.0,,,,25.0,,15.0,43.0,26.0,46.0,42.0,11.0,20.0,34.0,27.0,25.0,0.0,13.0,29.0,52.0,,47.0,6.0,16.0,,25.0,,34.0,14.0,13.0,28.0,8.0,27.0,18.0,,16.0,55.0,,43.0,12.0,31.0,56.0,14.0,,41.0,,,52.0,17.0,10.0,22.0,,,36.0,28.0,21.0,40.0,12.0,55.0,27.0,,14.0,43.0,14.0,,25.0,13.0,32.0,56.0,,,58.0,33.0,0.0,42.0,,31.0,23.0,27.0,7.0,24.0,16.0,,,31.0,46.0,23.0,,28.0,24.0,,,46.0,34.0,35.0,33.0,28.0,,,44.0,41.0,9.0,10.0,16.0,,18.0,,,33.0,31.0,25.0,31.0,,57.0,21.0,34.0,54.0,36.0,,36.0,50.0,,57.0,,34.0,46.0,,27.0,47.0,24.0,40.0,11.0,,,48.0,34.0,40.0,6.0,36.0,35.0,,33.0,55.0,32.0,23.0,,,,,9.0,57.0,,,44.0,0.0,22.0,13.0,20.0,13.0,26.0,12.0,19.0,,,27.0,14.0,33.0,15.0,,,,19.0,58.0,33.0,43.0,,,29.0,42.0,29.0,,14.0,44.0,0.0,,42.0,32.0,33.0,24.0,41.0,,42.0,,34.0,,18.0,33.0,50.0,31.0,,40.0,17.0,20.0,,16.0,30.0,23.0,17.0,3.0,,13.0,35.0,7.0,33.0,35.0,32.0,45.0,12.0,14.0,26.0,33.0,23.0,33.0,12.0,31.0,53.0,,24.0,40.0,8.0,,55.0,18.0,6.0,,48.0,13.0,31.0,,22.0,33.0,35.0,7.0,9.0,,33.0,28.0,49.0,25.0,,9.0,16.0,40.0,,6.0,26.0,35.0,,16.0,37.0,13.0,13.0,37.0,14.0,,52.0,30.0,45.0,37.0,,58.0,,12.0,32.0,33.0,36.0,10.0,21.0,,4.0,,18.0,49.0,20.0,58.0,,,,17.0,,,24.0,16.0,40.0,27.0,14.0,25.0,20.0,,22.0,,15.0,10.0,,,,53.0,,55.0,,26.0,15.0,,52.0,24.0,50.0,28.0,,,,40.0,45.0,38.0,47.0,,44.0,,19.0,18.0,18.0,37.0,44.0,43.0,24.0,23.0,54.0,,47.0,16.0,16.0,,14.0,12.0,0.0,17.0,26.0,26.0,40.0,23.0,,44.0,31.0,,,44.0,40.0,36.0,35.0,39.0,54.0,,21.0,33.0,13.0,0.0,,48.0,,,27.0,14.0,30.0,,34.0,,,25.0,31.0,,33.0,28.0,20.0,39.0,16.0,58.0,22.0,27.0,50.0,26.0,,11.0,18.0,,,,0.0,,,58.0,17.0,14.0,50.0,47.0,18.0,45.0,54.0,26.0,28.0,58.0,24.0,54.0,57.0,47.0,56.0,17.0,18.0,18.0,38.0,44.0,19.0,,22.0,,8.0,17.0,35.0,40.0,,48.0,34.0,37.0,23.0,24.0,33.0,28.0,18.0,29.0,,56.0,0.0,,27.0,34.0,,36.0,55.0,51.0,24.0,28.0,55.0,,16.0,40.0,,9.0,33.0,23.0,,33.0,40.0,,18.0,29.0,47.0,8.0,,17.0,22.0,16.0,,50.0,27.0,49.0,,15.0,39.0,22.0,57.0,38.0,49.0,33.0,52.0,18.0,25.0,49.0,,,10.0,18.0,36.0,,45.0,38.0,18.0,39.0,24.0,13.0,34.0,30.0,19.0,21.0,51.0,27.0,30.0,,39.0,54.0,32.0,35.0,52.0,11.0,,,38.0,16.0,36.0,35.0,,29.0,40.0,16.0,12.0,15.0,25.0,39.0,49.0,,28.0,43.0,36.0,51.0,8.0,4.0,46.0,28.0,,36.0,,,54.0,,28.0,40.0,21.0,,29.0,54.0,18.0,40.0,13.0,14.0,,22.0,25.0,,33.0,49.0,29.0,33.0,58.0,42.0,21.0,,53.0,,13.0,16.0,,,,21.0,14.0,39.0,37.0,21.0,9.0,52.0,18.0,17.0,35.0,,17.0,,28.0,30.0,31.0,35.0,25.0,10.0,30.0,38.0,49.0,46.0,,,36.0,11.0,21.0,,22.0,23.0,,40.0,,,40.0,5.0,42.0,,14.0,50.0,50.0,50.0,42.0,48.0,,32.0,21.0,,54.0,12.0,44.0,33.0,17.0,26.0,52.0,14.0,14.0,23.0,,15.0,38.0,,33.0,37.0,,17.0,30.0,,42.0,,34.0,38.0,46.0,,56.0,34.0,41.0,35.0,,46.0,,7.0,55.0,41.0,51.0,25.0,85,3,2.574468085106383,18.342120343839543,-0.37270550472353153
7,6,6,8,7,8,9,8,8,13,7,8,11,8,11,11,13,6,15,31,5,15,17,8,10,9,16,10,6,10,12,12,3,7,13,9,24,13,13,16,21,18.0,13,14,3,13,15,20,15,20,15,16,9,8,24,17,15,19,11,12,13,17,22,18,40.0,11,18,15,10,14,12,11,16,11,15,15,16,2,16,9,15,17,9,13,16,7,16,18,23,14,11,14,9,9,26,13,17,25,12,11,27,38,12,10,13,17,14,20,10,14,17,,15,19,15.0,24,10,3,22,0,12,23,11,10,12,15,12,24.0,16,15,24,17,33.0,13,16,20.0,18,14,21,25,15,10,10,18,21.0,13.0,9,28.0,10,20,11,15,21.0,14,16,12,15,41.0,16,19,10,12,13,21,22,13.0,11,18,19,11,9,24.0,15,30,13,17,26,20.0,17,16.0,16,17,14,17,30,59.0,12.0,20,16,16.0,27.0,19,50,13,11,18,12,16,14.0,25,28,54.0,10,15,21,12,33.0,17,11,20,17,33.0,30,22,5,13,11,12,11,15.0,24.0,16,22,17,25.0,30,2,14,35.0,11,25.0,21.0,19,16,50.0,8,15,20,14.0,,23,22,9,21,18,20.0,0,16,19,13,12,11,12.0,32.0,21,18.0,27.0,18.0,24.0,18,26.0,24,14,13,12.0,30.0,21.0,18.0,23.0,18,41.0,50.0,27.0,13,10,16.0,15,14,17,22.0,24.0,62.0,18,31.0,14,20,25.0,12.0,22,33.0,47.0,14,16,12.0,13,15.0,17.0,31.0,16,33,27.0,19,15,38,14,12,28,20,26,17,19,19,18,25.0,25.0,18,18,22,18.0,19.0,19,24,17,20.0,26,13.0,22,14,22,15,23,16.0,15,19.0,14,14,18.0,14,13,21,,39.0,12,25.0,20.0,18.0,19.0,62.0,21,33.0,20,20,21,26.0,19,,26.0,20,36.0,10.0,37.0,14,7.0,10,22,23,23,9,39,0,18.0,14,61.0,23,21,17,21.0,12,24.0,21,45.0,15,38.0,20,21,47.0,19,47.0,17,29.0,10.0,18,29,12.0,19.0,12.0,22.0,46.0,18,24.0,39.0,18,38.0,12,12,8.0,,29,22.0,19,16.0,44.0,22,27,27,48.0,15,55.0,53.0,20,51.0,15,52.0,23,18,13,47.0,37.0,25,23,21,,37.0,18,18,36.0,23,16.0,26.0,17.0,30.0,24.0,34.0,25.0,64.0,62.0,39.0,7,19,40.0,51.0,11.0,53.0,12.0,31.0,24.0,16.0,13,21,28.0,14.0,15,32.0,31.0,31.0,44.0,29.0,38.0,18,32,31.0,20.0,36.0,34.0,43,30.0,25.0,27.0,22,16,39,26.0,16.0,41.0,22.0,27,17,27.0,26.0,13,35.0,18.0,12,0.0,26.0,32.0,22,15.0,11,25.0,17.0,29.0,28,28.0,19,,22,17,17.0,13.0,7.0,52.0,23,30,20,23.0,17,11.0,11,33,21.0,32,11,10.0,24.0,15,18,25.0,29.0,21.0,27.0,17.0,16.0,21,27.0,18,30,49.0,7.0,33.0,39.0,9.0,30.0,18,43,19.0,38.0,40.0,34.0,9.0,37.0,18,49.0,11,25.0,,10.0,46.0,16,30.0,24,,24.0,13.0,15,,16.0,,25,27,50.0,20.0,32.0,60.0,,11.0,40.0,37.0,21.0,11.0,31.0,22.0,31,24,61.0,9.0,32.0,23,26,20,18,16.0,47.0,23,18,11.0,,13,39.0,3.0,39.0,9,14.0,39.0,43.0,15,28.0,33.0,30.0,55.0,27.0,28.0,24,23.0,26,17.0,22,24,21,27.0,56.0,17.0,,17.0,20.0,7.0,,30.0,23.0,49.0,17,7.0,28.0,15,26.0,54.0,24.0,23.0,19,26.0,,10.0,13,8,,29,16.0,31.0,28.0,14.0,24,39.0,9,17,18.0,14,14.0,45,37.0,36.0,23.0,24,20,20.0,38.0,28,14.0,11,43.0,15,,26.0,35.0,,48.0,11.0,27,51.0,22.0,19.0,18.0,23.0,58.0,8.0,17,16,29.0,27,10,26,50.0,23.0,23.0,,24.0,30.0,17,25.0,42.0,38.0,21,27.0,18.0,27.0,25.0,44.0,20,26.0,53.0,19.0,38.0,23.0,15.0,22.0,28,29.0,,28.0,22.0,,14.0,24.0,23,19.0,28.0,30.0,17.0,15,40,56.0,,19,17.0,27.0,16.0,44,0.0,15.0,12.0,55.0,23,11.0,58.0,27.0,9.0,52.0,22.0,34.0,,31.0,17,31,,0.0,21.0,24.0,24.0,16.0,34.0,16.0,58.0,27.0,19,32,25.0,23,52.0,21.0,18.0,34.0,25,9,39.0,19.0,31.0,24.0,20.0,39.0,15.0,14.0,38.0,31,21.0,,52.0,32.0,40.0,53.0,32,20.0,9.0,21.0,21,48.0,32.0,51.0,,16.0,27.0,29,22.0,31,35.0,51.0,21.0,24.0,24.0,28.0,24.0,37.0,29.0,30.0,,18.0,27.0,63.0,51.0,51.0,,14.0,17.0,21.0,35.0,17,50.0,20.0,27,23.0,17.0,16,29.0,56.0,,28,19,22,17.0,15.0,27.0,24.0,46.0,23.0,21.0,17.0,,20,16.0,41,26.0,17,19,15.0,27,23.0,17.0,22.0,14.0,19,25.0,14.0,50.0,32.0,12.0,17.0,14,43.0,31,32.0,57.0,22.0,30,42.0,10,14,13.0,11.0,28.0,13,17.0,54.0,26,16.0,12.0,24.0,32.0,15.0,5.0,45.0,61.0,21,6.0,21.0,64.0,38.0,57.0,17.0,37.0,6.0,17,31.0,21,64.0,19.0,39.0,27.0,22,15,31.0,13.0,23.0,22.0,51.0,42.0,48.0,25.0,52.0,8,31.0,27.0,59,19,48.0,16.0,20,28.0,51.0,20,18.0,16,9,25,,26.0,41.0,34.0,7.0,46.0,37.0,43.0,21.0,11.0,33.0,18.0,30.0,25.0,38.0,34.0,48.0,17.0,13.0,56.0,59.0,23.0,24.0,31.0,18.0,41.0,49.0,27.0,11.0,52.0,42.0,28.0,25.0,34.0,25.0,25.0,24.0,,36.0,23.0,17.0,23.0,,17.0,,17.0,,41.0,48,16.0,16.0,25.0,31,32.0,24.0,,21.0,30.0,37.0,24.0,16.0,19.0,43.0,28.0,,42.0,20.0,30.0,41.0,27.0,28.0,21.0,,21.0,15.0,40.0,18.0,26.0,20.0,,20.0,12,19.0,25.0,11.0,26,45.0,25.0,9.0,25.0,29.0,39.0,21.0,,27.0,19,22.0,46.0,16.0,36.0,14.0,27.0,24,18,20.0,16.0,49.0,28.0,16.0,25.0,24,24,5.0,50.0,50.0,38.0,26.0,23.0,14.0,24.0,54.0,28.0,17.0,,11.0,29.0,9.0,27.0,18,22.0,12.0,16.0,17.0,0.0,31,,37,48.0,13,47.0,20.0,21.0,64.0,,30.0,,57.0,16.0,,,43.0,19,22.0,,35.0,24.0,,21,32.0,,30.0,,33.0,36.0,,49.0,0.0,26,43,57.0,,29.0,21.0,14.0,47.0,17.0,38.0,7,51.0,48.0,26.0,19.0,25.0,63.0,47.0,31.0,15,13.0,28.0,33.0,15,18,,18.0,31.0,32.0,,41.0,29.0,20.0,43.0,31.0,,29.0,16.0,,22.0,23,28.0,20.0,26.0,23.0,36.0,15,44.0,20.0,11,15.0,33.0,64.0,17.0,19.0,20.0,17.0,17.0,20.0,46.0,17.0,22,52.0,41.0,,,21,59.0,30.0,15.0,5.0,4.0,34.0,24.0,8.0,10.0,47.0,35.0,21.0,19.0,35,24,11.0,32.0,32.0,18.0,,27,30,25.0,56.0,36.0,18.0,,51.0,15.0,14.0,27.0,26.0,,60.0,24.0,31.0,42.0,10,29,40.0,,18.0,21.0,54.0,15,20.0,8.0,44.0,37.0,14.0,41.0,59.0,20.0,31.0,42.0,56.0,15.0,28.0,,,25,24.0,26.0,7,,19.0,26.0,21.0,16.0,27.0,20.0,51.0,,,25.0,20.0,22.0,52.0,,,56.0,61.0,27.0,22.0,31.0,31.0,24.0,24.0,32.0,33.0,54.0,27.0,54.0,26.0,15.0,,,22.0,25.0,14.0,,58.0,30.0,34.0,14.0,56.0,,29.0,23.0,51.0,39.0,,63.0,17.0,31.0,11.0,45.0,,32.0,15.0,,,21.0,47.0,,12,23.0,27.0,32.0,44.0,,,14.0,46.0,58.0,,54.0,21.0,27.0,21.0,50.0,35.0,28.0,46.0,38.0,20.0,,10.0,23.0,33.0,15.0,,35.0,20.0,32.0,52.0,29.0,54.0,16.0,30.0,44.0,24.0,44.0,47.0,,39.0,,,16.0,27.0,44.0,40.0,30,32.0,47.0,,25.0,,18.0,20.0,55.0,,29,16.0,41.0,12.0,58.0,51.0,,25.0,21.0,13.0,43.0,46.0,,30.0,,31.0,,18,43.0,23.0,58.0,26.0,17.0,27.0,33.0,22.0,29.0,31.0,14.0,30.0,42.0,62.0,56.0,35.0,48.0,5.0,40.0,22.0,17.0,11.0,35.0,38.0,21,33,11.0,35.0,57.0,24.0,11.0,21.0,36.0,0.0,42.0,16.0,21.0,34.0,55.0,30.0,39.0,,16.0,,,29.0,22.0,,,46.0,,27.0,,40.0,11.0,10.0,33.0,33.0,24.0,28.0,35.0,59.0,16.0,,26.0,11.0,,,44.0,33.0,,14.0,29.0,24.0,31,36.0,19.0,45.0,34.0,23,39.0,20.0,28.0,0.0,14.0,20.0,23.0,49.0,15,18.0,18.0,38.0,32.0,52.0,29.0,20.0,8,22.0,35.0,9.0,27.0,31,49.0,22.0,47.0,45.0,16.0,17.0,38.0,8.0,16.0,40.0,31.0,,,,,12.0,32.0,49.0,19.0,51.0,,42.0,17.0,29.0,42,,,22.0,28.0,31.0,19.0,,23.0,14.0,48.0,11.0,,22.0,26,19.0,,32.0,,,28.0,29.0,62.0,21.0,36.0,37.0,13.0,26.0,0.0,19.0,,,34.0,32.0,,39.0,,47.0,44.0,49.0,,29.0,55.0,32.0,18.0,22.0,30.0,22.0,,32.0,28.0,36.0,31.0,60.0,18.0,29.0,55.0,21.0,63.0,35.0,45.0,29.0,,36.0,12.0,,52.0,19.0,49.0,35.0,36.0,22.0,,36.0,,36.0,59.0,16.0,,62.0,26.0,12.0,62.0,21.0,26,24.0,,50.0,54.0,31.0,54.0,25.0,,27.0,35.0,45.0,,26.0,36.0,36.0,26.0,51.0,22.0,20.0,,45.0,,35.0,33.0,38.0,22.0,22.0,,43.0,33.0,38.0,49.0,45.0,60.0,38.0,22.0,24.0,37.0,50.0,20.0,22.0,33.0,,14.0,21.0,6.0,55.0,0.0,14.0,60.0,55.0,60.0,8.0,37.0,32.0,14.0,31.0,,53.0,16.0,31.0,32.0,25.0,,54.0,21.0,34.0,27.0,11.0,36.0,54.0,17.0,30.0,17.0,26.0,,27.0,17.0,19.0,,17.0,,28.0,22.0,32.0,36.0,,18.0,,26.0,47.0,38.0,48.0,,19.0,32.0,23.0,0.0,,27.0,,26.0,,38.0,,23.0,54.0,36.0,20.0,35.0,43.0,50.0,21.0,26.0,,26.0,33.0,24.0,33.0,35.0,23.0,,,,42.0,5.0,25.0,51.0,21,31.0,31.0,18.0,16.0,20.0,20.0,,,21.0,38.0,28,45.0,62.0,11.0,31.0,17.0,27.0,26.0,,17,61.0,,36.0,53.0,22.0,,45.0,64.0,17.0,44.0,28.0,,20.0,27.0,,48.0,15.0,,24.0,28.0,51.0,52.0,19.0,26.0,21.0,43.0,,26.0,44.0,34.0,0.0,24.0,64.0,42.0,14.0,23.0,19.0,,,40.0,27.0,59.0,17.0,,,8.0,27.0,,9.0,,21.0,,45.0,30.0,,51.0,34.0,59.0,0.0,40.0,23.0,27.0,23.0,17.0,,,16.0,49.0,20.0,22.0,26.0,42.0,25.0,28.0,22.0,,,,,,44.0,14.0,18.0,22.0,0.0,,8.0,25.0,25.0,45.0,13.0,14.0,,20.0,31.0,20.0,20.0,16.0,64.0,23.0,21.0,15.0,15.0,,,32.0,27.0,,34,40.0,20.0,,24.0,32.0,15.0,0.0,25.0,64.0,26.0,53.0,61.0,28.0,20.0,43.0,0.0,19.0,32.0,59.0,28.0,21.0,12.0,35.0,19.0,55.0,29.0,20.0,23.0,59.0,27.0,14.0,34.0,,,12.0,,,17.0,47.0,32.0,44.0,11.0,9.0,54.0,14.0,63.0,,36.0,37.0,51.0,20.0,20.0,19.0,40.0,32.0,,62.0,41.0,31.0,26.0,,25.0,24.0,,,39.0,0.0,,,7.0,29.0,,25.0,14.0,16.0,58.0,63.0,44.0,16.0,4,50.0,33.0,20,26.0,12.0,3.0,39.0,,32.0,,39.0,32.0,,,54.0,38.0,35.0,27.0,53.0,55.0,18.0,33.0,46.0,16.0,11.0,31.0,,62.0,56.0,33.0,43.0,35.0,,21.0,56.0,37.0,23.0,15.0,18.0,28.0,31.0,20.0,10.0,28.0,52.0,18.0,23.0,21.0,21.0,26.0,24.0,21.0,,33.0,,30.0,27.0,22.0,26.0,38.0,27.0,25.0,46.0,34.0,13.0,28.0,21.0,43.0,25.0,29.0,20.0,,,42.0,25.0,50.0,39.0,46.0,15.0,53.0,6.0,22.0,13.0,46.0,24.0,,9.0,52.0,39.0,,,51.0,30.0,,,29.0,36.0,,60.0,21.0,,37.0,48.0,,21.0,,50.0,,36.0,30.0,25.0,,30.0,21.0,27.0,,60.0,60.0,62.0,,28.0,27.0,4.0,31.0,44.0,,,18.0,43.0,31.0,24.0,32.0,56.0,29.0,22.0,23.0,14.0,44.0,20.0,42.0,,13.0,12.0,39.0,24.0,11.0,23.0,59.0,,11.0,,39.0,21.0,30.0,,11.0,60.0,49.0,,19.0,41.0,45.0,,,57.0,20.0,35.0,45.0,39.0,27.0,45.0,27.0,15.0,,36.0,,,52.0,26.0,33.0,54.0,5.0,34.0,53.0,,29.0,16.0,43.0,29.0,32.0,30.0,47.0,27.0,,24.0,,,32.0,,24.0,24.0,43.0,50.0,31.0,,,,33.0,27.0,25.0,0.0,,35.0,42.0,50.0,17.0,2.0,,19.0,,,20.0,28.0,,26.0,,28.0,18.0,57.0,52.0,34.0,45.0,,22.0,10.0,19.0,14.0,58.0,37.0,28.0,23.0,32.0,53.0,30.0,43.0,35.0,64.0,46.0,26.0,25.0,32.0,23.0,46.0,53.0,,46.0,25.0,,12.0,28.0,,14.0,,,42.0,10.0,26.0,64.0,45.0,15.0,33.0,34.0,28.0,54.0,64.0,11.0,15.0,12.0,,14.0,62.0,47.0,20.0,,31.0,29.0,18.0,45.0,,25.0,59.0,26.0,36.0,26.0,39.0,40.0,20.0,13.0,19.0,35.0,45.0,47.0,64.0,32.0,53.0,29.0,19.0,,0.0,,30.0,24.0,46.0,49.0,,17.0,10.0,,36.0,24.0,,,,26.0,,30.0,57.0,23.0,25.0,16.0,24.0,37.0,,38.0,42.0,28.0,13.0,14.0,,,20.0,48.0,35.0,,25.0,54.0,19.0,24.0,,18.0,49.0,,52.0,,7.0,24.0,55.0,25.0,36.0,38.0,49.0,39.0,61.0,,12.0,28.0,13.0,57.0,15.0,31.0,55.0,,,,,48.0,19.0,27.0,40.0,51.0,32.0,63.0,,59.0,30.0,,53.0,,25.0,,37.0,30.0,,31.0,,15.0,20.0,37.0,,33.0,,,22.0,,52.0,54.0,,54.0,24.0,13.0,18.0,,26.0,35.0,31.0,,57.0,46.0,25.0,0.0,,,,51.0,63.0,24.0,29.0,40.0,47.0,22.0,57.0,,27.0,25.0,49.0,22.0,55.0,40.0,0.0,33.0,61.0,31.0,2.0,21.0,35.0,38.0,40.0,,15.0,41.0,58.0,29.0,,14.0,14.0,33.0,54.0,20.0,26.0,18.0,34.0,24.0,46.0,57.0,11.0,47.0,,36.0,16.0,12.0,27.0,45.0,50.0,,7.0,29.0,,20.0,,,19.0,,30.0,36.0,39.0,,20.0,6.0,28.0,19.0,28.0,62.0,24.0,54.0,27.0,12.0,56.0,27.0,,47.0,41.0,,36.0,39.0,52.0,47.0,38.0,56.0,16.0,49.0,21.0,33.0,,,,9.0,55.0,11.0,43.0,43.0,32.0,44.0,8.0,19.0,,34.0,,46.0,27.0,26.0,26.0,36.0,,,,,14.0,19.0,22.0,45.0,,47.0,16.0,22.0,16.0,9.0,30.0,,9.0,13.0,11.0,,37.0,,,25.0,20.0,,29.0,45.0,20.0,41.0,12.0,,34.0,,41.0,61.0,17.0,48.0,39.0,18.0,39.0,21.0,,42.0,49.0,17.0,25.0,24.0,17.0,20.0,17.0,25.0,26.0,35.0,38.0,46.0,,27.0,54.0,,53.0,,19.0,58.0,,6.0,57.0,49.0,0.0,,13.0,21.0,14.0,,20.0,47.0,38.0,45.0,34.0,45.0,,55.0,60.0,28.0,46.0,36.0,56.0,,20.0,,24.0,39.0,42.0,,,24.0,34.0,,28.0,55.0,40.0,21.0,,25.0,40.0,,64.0,16.0,26.0,,,49.0,45.0,,,,40.0,0.0,,18.0,19.0,,29.0,20.0,9.0,23.0,,,,32.0,,33.0,,20.0,41.0,,,29.0,25.0,0.0,,,30.0,57.0,21.0,22.0,59.0,21.0,27.0,,,,48.0,18.0,46.0,27.0,,44.0,41.0,43.0,,,53.0,,49.0,55.0,28.0,32.0,47.0,15.0,29.0,20.0,,25.0,45.0,18.0,55.0,16.0,32.0,17.0,18.0,41.0,8.0,0.0,,21.0,17.0,,,40.0,14.0,,62.0,55.0,48.0,,15.0,61.0,55.0,20.0,16.0,20.0,16.0,48.0,38.0,64.0,61.0,60.0,,50.0,47.0,43.0,23.0,13.0,30.0,45.0,,28.0,48.0,38.0,60.0,28.0,43.0,15.0,29.0,,46.0,13.0,,45.0,15.0,26.0,,20.0,40.0,60.0,19.0,18.0,24.0,31.0,,58.0,16.0,30.0,28.0,57.0,,,28.0,29.0,33.0,19.0,17.0,23.0,,14.0,27.0,,51.0,0.0,27.0,38.0,38.0,,32.0,38.0,,30.0,47.0,37.0,,35.0,,10.0,,,,21.0,,,18.0,64.0,41.0,10.0,,49.0,51.0,11.0,,33.0,31.0,46.0,55.0,60.0,48.0,39.0,,36.0,60.0,,43.0,,59.0,,,25.0,31.0,41.0,,,28.0,53.0,42.0,24.0,,29.0,58.0,,33.0,54.0,63.0,24.0,36.0,,35.0,34.0,34.0,42.0,,37.0,54.0,55.0,,,42.0,14.0,,,55.0,52.0,63.0,23.0,62.0,63.0,,26.0,44.0,35.0,57.0,41.0,,13.0,61.0,11.0,30.0,18.0,42.0,55.0,,45.0,,44.0,27.0,47.0,35.0,13.0,60.0,33.0,38.0,25.0,37.0,38.0,,12.0,51.0,17.0,21.0,,27.0,63.0,25.0,,14.0,45.0,22.0,37.0,21.0,,,22.0,51.0,,,23.0,33.0,62.0,,,45.0,12.0,38.0,24.0,54.0,42.0,45.0,44.0,62.0,,63.0,,,60.0,26.0,,16.0,27.0,,,35.0,,23.0,,34.0,,61.0,,30.0,38.0,5.0,39.0,51.0,27.0,31.0,61.0,19.0,40.0,55.0,,,15.0,15.0,44.0,58.0,18.0,30.0,47.0,36.0,31.0,0.0,,29.0,41.0,,,26.0,44.0,14.0,44.0,,32.0,50.0,56.0,28.0,38.0,33.0,41.0,25.0,30.0,57.0,33.0,,,31.0,,53.0,34.0,20.0,21.0,12.0,19.0,58.0,,13.0,0.0,27.0,44.0,64.0,26.0,32.0,,,10.0,60.0,42.0,56.0,,29.0,49.0,,4.0,44.0,29.0,,18.0,2.0,18.0,29.0,,18.0,19.0,19.0,39.0,41.0,33.0,25.0,59.0,53.0,19.0,,,20.0,30.0,5.0,,41.0,1.0,25.0,46.0,16.0,17.0,25.0,30.0,60.0,40.0,23.0,28.0,36.0,38.0,,34.0,42.0,63.0,31.0,44.0,15.0,33.0,60.0,39.0,24.0,,,,59.0,,86,3,2.4010767160161506,18.49202279202279,-0.35566276644947636
5,4,6,6,7,5,9,8,9,6,7,2,8,8,11,11,14,6,23,14,7,15,8,13,9,9,12,11,8,9,12,13,12,13,15,10,27,14,14,10,16,25.0,10,23,7,11,13,9,8,9,12,14,10,9,18,23,14,18,12,14,12,9,18,13,38.0,13,19,9,13,14,14,23,10,12,0,11,17,8,14,9,15,11,9,15,9,16,7,11,26,26,15,10,24,18,18,15,11,9,13,13,11,9,12,10,12,14,15,19,14,16,11,14.0,13,16,17.0,10,27,11,11,18,16,13,13,16,15,22,15,,10,13,16,9,12.0,15,17,24.0,21,7,10,12,18,11,19,15,13.0,21.0,15,45.0,11,27,24,14,30.0,15,14,8,22,50.0,24,17,12,13,17,22,25,24.0,22,16,9,17,16,38.0,3,29,15,15,15,19.0,16,,17,8,13,15,34,14.0,24.0,10,16,25.0,44.0,6,24,12,18,13,13,16,15.0,25,23,38.0,21,19,28,23,21.0,12,19,16,22,5.0,13,35,10,8,15,16,16,22.0,10.0,23,22,18,38.0,15,22,16,21.0,17,10.0,38.0,16,14,20.0,26,24,15,12.0,38.0,17,12,18,20,17,24.0,21,13,19,16,14,12,33.0,31.0,12,54.0,45.0,18.0,14.0,12,22.0,6,13,13,,26.0,21.0,17.0,11.0,12,9.0,34.0,23.0,9,18,16.0,14,22,22,21.0,33.0,13.0,23,46.0,31,22,36.0,17.0,20,49.0,15.0,20,15,13.0,14,33.0,22.0,21.0,13,18,11.0,21,17,17,30,16,7,18,32,19,15,30,13,10.0,16.0,18,25,18,23.0,15.0,19,26,13,,22,21.0,14,15,23,9,21,62.0,13,17.0,17,18,25.0,14,12,25,,42.0,16,0.0,,15.0,28.0,48.0,0,16.0,22,21,26,12.0,10,20.0,29.0,24,17.0,25.0,13.0,15,50.0,11,27,17,17,10,14,16,29.0,21,48.0,25,11,24,34.0,25,10.0,25,19.0,16,16.0,25,20,4.0,30,12.0,49,34.0,33.0,0,39,34.0,23.0,10.0,8.0,53.0,29,10.0,15.0,14,30.0,12,19,8.0,41.0,23,40.0,24,20.0,25.0,16,31,30,56.0,20,40.0,10.0,33,14.0,25,37.0,6,20,18,18.0,23.0,23,20,26,34.0,19.0,18,27,29.0,16,13.0,35.0,25.0,23.0,,53.0,9.0,6.0,,32.0,19,19,26.0,16.0,36.0,22.0,30.0,38.0,35.0,12.0,25,19,23.0,,20,,,18.0,26.0,23.0,34.0,23,19,16.0,14.0,12.0,20.0,16,23.0,25.0,30.0,38,16,17,,21.0,6.0,39.0,16,18,14.0,,38,32.0,35.0,19,38.0,38.0,24.0,22,23.0,22,39.0,35.0,25.0,42,11.0,18,14.0,13,16,43.0,39.0,,50.0,14,26,29,15.0,12,29.0,11,36,34.0,45,20,,23.0,34,16,28.0,16.0,19.0,22.0,15.0,16.0,14,25.0,38,19,27.0,7.0,42.0,,40.0,13.0,16,23,22.0,,15.0,19.0,14.0,21.0,24,32.0,38,23.0,13.0,21.0,,20,6.0,24,,35.0,30.0,19,24.0,41.0,,17,24,,27.0,38.0,48.0,27.0,16.0,28.0,0.0,46.0,30.0,29.0,7.0,27,17,52.0,13.0,38.0,15,50,23,21,,24.0,18,23,14.0,10.0,24,38.0,21.0,39.0,35,44.0,,,7,32.0,,23.0,,46.0,34.0,28,16.0,13,18.0,18,19,20,35.0,41.0,31.0,13.0,31.0,37.0,,48.0,23.0,57.0,20.0,14,,22.0,25,28.0,46.0,8.0,,15,13.0,14.0,23.0,29,26,58.0,29,23.0,26.0,44.0,50.0,23,56.0,12,23,37.0,26,53.0,17,29.0,22.0,55.0,20,5,12.0,23.0,31,20.0,7,25.0,12,,32.0,14.0,26.0,50.0,26.0,43,22.0,42.0,61.0,21.0,11.0,40.0,29.0,25,14,23.0,14,37,16,33.0,25.0,12.0,,,12.0,34,26.0,41.0,20.0,22,19.0,52.0,26.0,9.0,,20,42.0,19.0,20.0,,36.0,28.0,21.0,19,54.0,36.0,39.0,59.0,,11.0,19.0,26,43.0,22.0,33.0,17.0,14,16,58.0,44.0,24,,,16.0,16,9.0,,27.0,,14,37.0,,24.0,14.0,32.0,39.0,51.0,55.0,42.0,17,31,35.0,35.0,,34.0,29.0,13.0,28.0,51.0,49.0,33.0,26,14,,5,28.0,46.0,22.0,29.0,15,15,30.0,34.0,26.0,27.0,39.0,38.0,13.0,14.0,0.0,13,26.0,25.0,,31.0,30.0,46.0,21,11.0,22.0,27.0,20,61.0,29.0,34.0,51.0,0.0,27.0,41,19.0,30,,48.0,23.0,21.0,,16.0,20.0,32.0,37.0,13.0,38.0,11.0,17.0,41.0,9.0,32.0,45.0,29.0,7.0,,43.0,30,34.0,25.0,21,47.0,23.0,7,24.0,44.0,27.0,19,9,19,57.0,25.0,,10.0,20.0,22.0,7.0,39.0,26.0,19,31.0,18,10.0,24,34,12.0,19,31.0,16.0,42.0,52.0,17,28.0,34.0,36.0,0.0,,40.0,12,28.0,44,31.0,40.0,61.0,22,20.0,14,22,36.0,,32.0,9,43.0,39.0,45,31.0,61.0,22.0,19.0,19.0,21.0,21.0,35.0,21,24.0,22.0,28.0,28.0,55.0,34.0,60.0,14.0,16,17.0,32,24.0,29.0,31.0,27.0,8,14,42.0,13.0,43.0,,36.0,22.0,43.0,52.0,30.0,0,28.0,22.0,26,19,32.0,,22,57.0,35.0,25,28.0,27,21,28,25.0,23.0,27.0,19.0,18.0,22.0,26.0,52.0,36.0,59.0,31.0,26.0,6.0,17.0,25.0,25.0,36.0,26.0,,35.0,,17.0,52.0,0.0,15.0,29.0,61.0,,5.0,57.0,49.0,30.0,19.0,,25.0,,21.0,24.0,31.0,13.0,11.0,17.0,,22.0,23.0,12.0,,,33,14.0,42.0,19.0,18,45.0,53.0,14.0,23.0,26.0,34.0,15.0,25.0,35.0,15.0,13.0,41.0,14.0,,,20.0,37.0,32.0,32.0,17.0,24.0,10.0,49.0,29.0,32.0,28.0,16.0,62.0,19,44.0,29.0,36.0,23,37.0,13.0,29.0,19.0,50.0,17.0,19.0,,25.0,31,41.0,40.0,29.0,10.0,55.0,0.0,16,18,9.0,40.0,22.0,,17.0,46.0,24,8,13.0,37.0,,38.0,,32.0,20.0,35.0,,37.0,0.0,,17.0,,50.0,31.0,35,17.0,,18.0,40.0,10.0,29,53.0,27,51.0,20,32.0,59.0,34.0,,17.0,28.0,20.0,,25.0,23.0,,15.0,13,,20.0,41.0,39.0,18.0,20,35.0,13.0,28.0,58.0,24.0,14.0,,,15.0,13,12,,0.0,26.0,10.0,27.0,11.0,45.0,20.0,22,18.0,62.0,30.0,18.0,29.0,34.0,33.0,15.0,14,22.0,30.0,29.0,17,22,59.0,18.0,23.0,28.0,0.0,36.0,59.0,0.0,,12.0,36.0,31.0,0.0,61.0,11.0,10,15.0,,51.0,57.0,18.0,21,,16.0,23,24.0,33.0,,35.0,,20.0,26.0,24.0,21.0,,,8,48.0,40.0,21.0,28.0,40,10.0,18.0,19.0,31.0,34.0,39.0,42.0,14.0,30.0,0.0,27.0,23.0,41.0,29,25,14.0,39.0,,25.0,15.0,30,38,51.0,12.0,,14.0,44.0,39.0,9.0,28.0,16.0,13.0,24.0,59.0,22.0,8.0,24.0,25,27,35.0,19.0,,51.0,0.0,20,14.0,36.0,48.0,37.0,10.0,20.0,43.0,,23.0,5.0,9.0,25.0,,45.0,14.0,15,16.0,24.0,27,20.0,25.0,,14.0,36.0,23.0,13.0,21.0,34.0,21.0,22.0,25.0,10.0,39.0,14.0,43.0,27.0,29.0,37.0,13.0,48.0,17.0,31.0,30.0,32.0,60.0,,24.0,36.0,,11.0,20.0,51.0,,11.0,43.0,32.0,,37.0,27.0,21.0,37.0,53.0,47.0,38.0,33.0,33.0,,23.0,19.0,11.0,31.0,35.0,47.0,40.0,36.0,26.0,52.0,18.0,4.0,15.0,16,61.0,25.0,25.0,41.0,40.0,14.0,17.0,,14.0,48.0,27.0,19.0,,23.0,31.0,7.0,33.0,9.0,,59.0,35.0,55.0,49.0,20.0,28.0,,42.0,,42.0,36.0,42.0,45.0,19.0,25.0,,27.0,38.0,34.0,31.0,,,20.0,52.0,21.0,13.0,,4,30.0,31.0,23.0,22.0,21.0,18.0,43.0,48.0,,18,30.0,,,54.0,30.0,40.0,24.0,20.0,14.0,42.0,46.0,47.0,,30.0,25.0,16.0,53,54.0,12.0,40.0,56.0,21.0,,57.0,19.0,26.0,45.0,39.0,,20.0,18.0,22.0,25.0,,52.0,26.0,,,33.0,21.0,30.0,15,25,38.0,,22.0,20.0,31.0,17.0,21.0,30.0,28.0,36.0,44.0,39.0,44.0,,29.0,,22.0,30.0,46.0,45.0,,26.0,25.0,32.0,43.0,25.0,37.0,27.0,16.0,9.0,17.0,15.0,34.0,15.0,28.0,23.0,52.0,37.0,13.0,52.0,29.0,34.0,36.0,24.0,14.0,26.0,,42.0,13,21.0,15.0,30.0,36.0,29,16.0,18.0,,32.0,31.0,28.0,22.0,44.0,15,17.0,21.0,14.0,0.0,,57.0,,28,62.0,41.0,19.0,31.0,23,23.0,13.0,13.0,,40.0,12.0,,15.0,34.0,12.0,21.0,,18.0,,21.0,13.0,57.0,24.0,15.0,,61.0,43.0,28.0,14.0,36,,,36.0,18.0,38.0,,18.0,34.0,41.0,38.0,29.0,29.0,7.0,21,30.0,21.0,17.0,47.0,,,44.0,21.0,35.0,30.0,35.0,49.0,,,,22.0,46.0,31.0,17.0,,38.0,50.0,37.0,56.0,31.0,16.0,30.0,41.0,31.0,55.0,57.0,,47.0,31.0,48.0,,17.0,34.0,31.0,37.0,42.0,28.0,35.0,28.0,42.0,,,11.0,,25.0,59.0,31.0,35.0,9.0,,54.0,11.0,20.0,,60.0,11.0,56.0,10.0,44.0,34.0,26.0,25.0,28.0,,19,14.0,61.0,7.0,19.0,17.0,35.0,30.0,40.0,56.0,22.0,28.0,16.0,62.0,22.0,19.0,0.0,24.0,40.0,11.0,38.0,22.0,,4.0,19.0,31.0,62.0,21.0,21.0,32.0,30.0,43.0,,14.0,20.0,10.0,34.0,10.0,,38.0,17.0,43.0,34.0,46.0,19.0,25.0,26.0,43.0,16.0,24.0,,,55.0,44.0,29.0,33.0,22.0,30.0,,55.0,26.0,57.0,,22.0,45.0,37.0,49.0,12.0,13.0,40.0,33.0,59.0,17.0,42.0,16.0,19.0,22.0,45.0,32.0,38.0,17.0,,27.0,11.0,47.0,9.0,26.0,40.0,33.0,41.0,,,23.0,31.0,38.0,24.0,,23.0,32.0,15.0,9.0,,,,50.0,60.0,20.0,11.0,41.0,15.0,22.0,30.0,29.0,,42.0,,24.0,33.0,38.0,20.0,24.0,62.0,18.0,,40.0,,37.0,,32.0,21,25.0,30.0,35.0,,28.0,58.0,39.0,,46.0,43.0,35,,23.0,0.0,23.0,54.0,42.0,55.0,41.0,26,43.0,59.0,14.0,36.0,20.0,60.0,31.0,,,49.0,,34.0,23.0,53.0,39.0,49.0,51.0,27.0,53.0,55.0,39.0,18.0,43.0,,16.0,40.0,61.0,2.0,,30.0,37.0,35.0,39.0,20.0,,60.0,,,30.0,20.0,20.0,,27.0,16.0,14.0,21.0,42.0,36.0,34.0,17.0,25.0,15.0,,1.0,48.0,58.0,34.0,18.0,,27.0,28.0,,40.0,33.0,52.0,23.0,17.0,33.0,24.0,56.0,24.0,24.0,32.0,28.0,33.0,22.0,58.0,42.0,13.0,23.0,41.0,10.0,15.0,60.0,0.0,22.0,16.0,52.0,14.0,12.0,20.0,18.0,,,28.0,19.0,26.0,29.0,15.0,35.0,48.0,62.0,54.0,,39.0,45.0,20.0,,26,,,,27.0,26.0,21.0,36.0,51.0,43.0,58.0,30.0,29.0,20.0,0.0,30.0,24.0,49.0,,38.0,28.0,,,12.0,48.0,44.0,7.0,,,43.0,26.0,16.0,23.0,,11.0,18.0,49.0,23.0,16.0,17.0,18.0,11.0,22.0,26.0,40.0,32.0,21.0,27.0,43.0,51.0,23.0,45.0,14.0,16.0,,18.0,45.0,22.0,,43.0,29.0,31.0,26.0,41.0,52.0,,33.0,43.0,21.0,32.0,,30.0,51.0,29.0,24.0,,,31.0,58.0,13.0,20,32.0,59.0,12,30.0,61.0,46.0,,36.0,54.0,37.0,38.0,19.0,,44.0,21.0,54.0,39.0,34.0,,54.0,23.0,,51.0,30.0,50.0,,34.0,46.0,,60.0,23.0,21.0,48.0,10.0,36.0,,,,45.0,10.0,16.0,21.0,28.0,,33.0,16.0,,61.0,14.0,46.0,30.0,10.0,22.0,39.0,,35.0,34.0,41.0,31.0,25.0,,12.0,15.0,54.0,16.0,57.0,41.0,15.0,35.0,45.0,,,14.0,25.0,20.0,57.0,,34.0,26.0,57.0,29.0,16.0,,21.0,14.0,37.0,34.0,21.0,13.0,19.0,25.0,54.0,13.0,31.0,,,14.0,35.0,19.0,41.0,15.0,26.0,16.0,,18.0,35.0,18.0,62.0,,,11.0,52.0,,38.0,40.0,26.0,49.0,,23.0,42.0,,35.0,30.0,38.0,36.0,35.0,56.0,14.0,32.0,28.0,,21.0,24.0,29.0,23.0,44.0,34.0,43.0,18.0,24.0,,16.0,9.0,10.0,58.0,0.0,21.0,41.0,40.0,39.0,42.0,53.0,34.0,38.0,34.0,11.0,30.0,,11.0,21.0,36.0,,25.0,,26.0,0.0,55.0,27.0,,53.0,9.0,37.0,18.0,,47.0,,17.0,38.0,,46.0,31.0,35.0,14.0,25.0,39.0,37.0,15.0,55.0,21.0,24.0,,,18.0,9.0,14.0,13.0,,43.0,,22.0,39.0,56.0,6.0,29.0,52.0,35.0,,28.0,28.0,,54.0,,25.0,21.0,,20.0,37.0,52.0,23.0,,,,,61.0,,41.0,29.0,50.0,44.0,22.0,20.0,39.0,,44.0,61.0,30.0,17.0,24.0,42.0,36.0,22.0,32.0,31.0,41.0,20.0,37.0,,34.0,16.0,9.0,39.0,33.0,29.0,44.0,,18.0,56.0,12.0,52.0,62.0,25.0,43.0,17.0,,12.0,51.0,37.0,26.0,,32.0,36.0,61.0,36.0,30.0,56.0,42.0,17.0,51.0,31.0,48.0,29.0,50.0,23.0,,24.0,23.0,51.0,,,29.0,60.0,,22.0,,26.0,10.0,,35.0,16.0,,51.0,51.0,53.0,30.0,,0.0,42.0,,29.0,28.0,27.0,37.0,,24.0,28.0,18.0,54.0,20.0,10.0,29.0,31.0,41.0,30.0,14.0,40.0,15.0,25.0,,21.0,19.0,27.0,30.0,24.0,61.0,56.0,40.0,42.0,10.0,,38.0,12.0,50.0,28.0,61.0,,22.0,17.0,49.0,,27.0,,,29.0,46.0,11.0,33.0,37.0,,44.0,,18.0,23.0,,21.0,21.0,31.0,14.0,19.0,23.0,,43.0,35.0,23.0,55.0,26.0,,,30.0,59.0,41.0,46.0,11.0,17.0,62.0,38.0,24.0,14.0,53.0,,34.0,43.0,42.0,,24.0,20.0,24.0,38.0,45.0,,18.0,16.0,45.0,,19.0,49.0,33.0,34.0,,36.0,23.0,23.0,44.0,56.0,47.0,32.0,31.0,36.0,,,59.0,42.0,24.0,36.0,33.0,27.0,,20.0,,,57.0,32.0,25.0,,35.0,23.0,19.0,27.0,,,46.0,,36.0,17.0,18.0,38.0,29.0,43.0,,25.0,56.0,22.0,41.0,24.0,31.0,35.0,38.0,21.0,39.0,34.0,54.0,59.0,12.0,,21.0,18.0,40.0,,17.0,36.0,41.0,,39.0,47.0,28.0,55.0,34.0,60.0,16.0,,18.0,32.0,38.0,30.0,22.0,56.0,46.0,,34.0,,,59.0,62.0,,34.0,36.0,,29.0,,,36.0,,60.0,49.0,20.0,40.0,14.0,38.0,,,37.0,21.0,,,44.0,53.0,23.0,,15.0,,49.0,45.0,41.0,47.0,12.0,32.0,,55.0,20.0,14.0,,13.0,23.0,54.0,21.0,9.0,20.0,7.0,17.0,26.0,26.0,41.0,,62.0,40.0,27.0,15.0,,,,26.0,,,,25.0,43.0,47.0,12.0,17.0,62.0,46.0,14.0,30.0,53.0,43.0,,14.0,10.0,25.0,24.0,,23.0,23.0,,38.0,22.0,26.0,45.0,,,33.0,60.0,41.0,,32.0,,40.0,26.0,40.0,60.0,18.0,23.0,,40.0,,22.0,54.0,61.0,44.0,39.0,,45.0,,26.0,33.0,17.0,,27.0,,47.0,,,52.0,25.0,19.0,,16.0,44.0,48.0,,,26.0,48.0,25.0,41.0,,31.0,22.0,,13.0,32.0,,,,,,41.0,44.0,,,29.0,21.0,47.0,,38.0,36.0,16.0,62.0,49.0,53.0,41.0,10.0,10.0,37.0,,13.0,57.0,48.0,40.0,,37.0,33.0,29.0,48.0,,39.0,19.0,52.0,,26.0,32.0,44.0,,53.0,20.0,26.0,28.0,15.0,22.0,30.0,,18.0,32.0,40.0,9.0,60.0,,30.0,,,51.0,38.0,24.0,8.0,32.0,,29.0,22.0,,28.0,56.0,9.0,15.0,32.0,,34.0,10.0,,24.0,31.0,21.0,55.0,61.0,9.0,30.0,51.0,,38.0,,30.0,,25.0,40.0,15.0,,26.0,44.0,21.0,49.0,9.0,,39.0,,24.0,37.0,,,54.0,40.0,42.0,,45.0,,47.0,35.0,28.0,31.0,41.0,61.0,29.0,,36.0,,,,36.0,,28.0,48.0,,57.0,56.0,38.0,22.0,,60.0,22.0,,7.0,,19.0,,33.0,36.0,15.0,,15.0,57.0,,45.0,,60.0,27.0,22.0,20.0,,62.0,23.0,53.0,,37.0,,0.0,33.0,,22.0,51.0,62.0,15.0,38.0,,59.0,61.0,9.0,18.0,24.0,39.0,21.0,30.0,24.0,22.0,27.0,15.0,56.0,,,10.0,20.0,30.0,26.0,,16.0,31.0,,26.0,34.0,60.0,,35.0,34.0,57.0,33.0,21.0,31.0,51.0,,,,23.0,39.0,22.0,,29.0,50.0,28.0,34.0,37.0,60.0,,14.0,11.0,22.0,,,16.0,25.0,,19.0,,,20.0,43.0,26.0,17.0,25.0,22.0,23.0,,0.0,38.0,30.0,30.0,30.0,25.0,25.0,11.0,47.0,56.0,,,20.0,11.0,17.0,,,,30.0,,54.0,,54.0,62.0,18.0,44.0,,29.0,19.0,47.0,,42.0,16.0,,56.0,54.0,24.0,34.0,29.0,29.0,54.0,12.0,8.0,21.0,,,,22.0,19.0,30.0,13.0,36.0,36.0,14.0,,47.0,13.0,10.0,17.0,,20.0,,44.0,42.0,,15.0,,28.0,39.0,35.0,59.0,27.0,12.0,58.0,24.0,41.0,,36.0,,62.0,55.0,,0.0,21.0,,16.0,25.0,28.0,33.0,60.0,19.0,31.0,16.0,48.0,,12.0,47.0,58.0,,50.0,,,10.0,24.0,,44.0,29.0,21.0,41.0,44.0,19.0,,24.0,47.0,9.0,53.0,,48.0,26.0,15.0,,22.0,28.0,,,35.0,14.0,26.0,10.0,,45.0,28.0,33.0,17.0,,41.0,24.0,0.0,41.0,,,50.0,50.0,36.0,43.0,35.0,43.0,43.0,15.0,45.0,13.0,58.0,23.0,27.0,,53.0,34.0,,44.0,62.0,46.0,,,,29.0,13.0,17.0,44.0,29.0,44.0,25.0,17.0,,12.0,39.0,25.0,40.0,26.0,,52.0,,,35.0,17.0,23.0,58.0,35.0,,40.0,54.0,7.0,,30.0,33.0,60.0,25.0,32.0,22.0,17.0,,13.0,16.0,19.0,,49.0,31.0,33.0,28.0,31.0,39.0,30.0,,61.0,31.0,48.0,,,,,87,3,2.485477178423237,18.211038032599372,-0.3421859711940558
3,4,4,8,4,9,8,9,5,6,5,12,5,3,11,6,11,8,15,10,5,5,6,5,10,9,12,10,6,10,7,8,6,5,12,9,3,12,15,12,16,16.0,9,16,10,7,17,5,13,12,10,11,10,2,23,5,13,14,7,4,14,8,15,7,31.0,11,14,9,5,10,31,15,16,16,10,9,20,8,12,7,19,15,10,1,22,18,14,8,17,12,11,12,0,9,18,11,22,10,18,30,14,8,14,9,10,21,11,15,13,5,15,8.0,17,23,19.0,16,24,17,15,18,12,16,12,17,8,25,16,10.0,21,8,17,13,15.0,19,14,7.0,12,17,9,5,9,19,10,10,10.0,12.0,7,17.0,22,18,5,19,24.0,13,16,10,23,54.0,14,16,17,9,13,21,16,31.0,24,17,21,20,18,46.0,12,9,8,14,20,33.0,15,15.0,21,13,13,17,30,18.0,24.0,6,21,23.0,29.0,15,28,9,23,25,7,7,19.0,19,25,28.0,29,0,24,13,33.0,18,15,16,2,0.0,23,24,15,21,13,15,14,21.0,28.0,8,16,22,31.0,17,23,9,24.0,23,15.0,32.0,8,18,23.0,43,15,11,8.0,32.0,15,16,15,22,23,13.0,25,12,17,4,8,23,26.0,13.0,15,34.0,18.0,16.0,23.0,21,31.0,9,20,14,54.0,26.0,24.0,35.0,17.0,20,27.0,43.0,35.0,24,14,16.0,11,14,13,12.0,16.0,12.0,14,48.0,26,17,29.0,19.0,16,15.0,37.0,20,15,18.0,19,22.0,9.0,15.0,11,8,17.0,13,19,19,15,7,13,16,24,11,23,24,14,16.0,43.0,43,12,18,14.0,3.0,27,25,31,0.0,15,28.0,36,12,12,17,26,49.0,7,10.0,24,14,14.0,28,23,17,28.0,26.0,21,8.0,18.0,50.0,46.0,28.0,15,18.0,10,22,25,20.0,17,,0.0,16,12.0,15.0,48.0,14,47.0,11,26,19,21,6,4,21,16.0,15,31.0,23,3,6,,15,23.0,14,9.0,28,30.0,41,15,13.0,25,31.0,45,17.0,17.0,33,43,12.0,19.0,11.0,29.0,32.0,19,29.0,13.0,14,29.0,15,13,5.0,,20,16.0,25,13.0,,20,30,35,50.0,0,27.0,23.0,36,32.0,20,51.0,17,31,10,33.0,29.0,6,24,21,36.0,32.0,26,32,27.0,14,10.0,21.0,16.0,16.0,4.0,34.0,17.0,8.0,37.0,34.0,19,15,38.0,11.0,4.0,,,,49.0,21.0,10,14,56.0,10.0,16,15.0,30.0,,5.0,38.0,35.0,14,30,28.0,,42.0,31.0,19,,15.0,25.0,44,16,7,23.0,,22.0,21.0,31,22,18.0,33.0,30,24.0,24.0,32,17.0,29.0,42.0,24,27.0,20,14.0,49.0,10.0,27,23.0,23,11.0,14,17,20.0,24.0,23.0,,19,26,25,19.0,25,14.0,12,17,41.0,18,34,,16.0,15,17,30.0,,33.0,23.0,24.0,0.0,5,30.0,21,13,21.0,27.0,31.0,43.0,42.0,20.0,17,31,32.0,55.0,13.0,26.0,10.0,45.0,16,19.0,0,15.0,5.0,17.0,,18,37.0,21,12.0,22.0,25.0,11,,24.0,25.0,19,24,38.0,46.0,16.0,40.0,11.0,10.0,16.0,43.0,53.0,,19.0,21.0,16,18,40.0,14.0,14.0,18,44,3,24,0.0,46.0,19,15,44.0,,16,35.0,27.0,46.0,12,60.0,14.0,42.0,15,38.0,48.0,22.0,39.0,17.0,50.0,32,37.0,8,25.0,22,20,25,18.0,26.0,26.0,25.0,29.0,38.0,39.0,30.0,44.0,32.0,,13,31.0,37.0,8,12.0,,53.0,12.0,20,8.0,,24.0,16,6,50.0,14,0.0,17.0,22.0,30.0,20,34.0,34,26,36.0,15,18.0,21,21.0,44.0,29.0,38,20,32.0,17.0,37,25.0,38,27.0,11,,25.0,28.0,,,25.0,23,11.0,54.0,7.0,9.0,29.0,47.0,,23,17,23.0,14,17,19,23.0,33.0,24.0,39.0,,24.0,20,25.0,42.0,19.0,20,24.0,19.0,22.0,42.0,31.0,16,34.0,19.0,32.0,19.0,,12.0,31.0,26,35.0,25.0,19.0,26.0,13.0,13.0,42.0,28,25.0,30.0,42.0,,14,15,21.0,19.0,13,15.0,,26.0,23,10.0,19.0,,10.0,23,,13.0,27.0,39.0,32.0,18.0,42.0,,5.0,11,27,28.0,47.0,35.0,24.0,7.0,12.0,18.0,46.0,,57.0,42,6,54.0,24,43.0,28.0,7.0,29.0,20,33,56.0,7.0,20.0,15.0,11.0,28.0,,25.0,12.0,17,35.0,45.0,19.0,26.0,28.0,6.0,30,27.0,15.0,18.0,20,,26.0,44.0,29.0,13.0,15.0,38,47.0,31,41.0,35.0,14.0,29.0,17.0,41.0,26.0,4.0,24.0,30.0,31.0,22.0,31.0,7.0,55.0,21.0,55.0,21.0,16.0,8.0,24.0,27,15.0,35.0,18,,27.0,24,43.0,24.0,,7,16,22,27.0,22.0,,13.0,40.0,23.0,13.0,,44.0,33,14.0,25,27.0,33,36,11.0,30,8.0,39.0,17.0,11.0,8,23.0,7.0,33.0,36.0,35.0,36.0,18,,12,27.0,29.0,19.0,32,20.0,12,18,16.0,5.0,32.0,26,19.0,,19,27.0,52.0,25.0,33.0,,7.0,34.0,25.0,37,37.0,26.0,31.0,55.0,55.0,,11.0,23.0,18,29.0,17,15.0,40.0,26.0,36.0,29,34,14.0,10.0,17.0,20.0,18.0,32.0,,21.0,39.0,29,21.0,50.0,13,36,29.0,39.0,16,24.0,32.0,28,34.0,11,12,26,,51.0,51.0,25.0,39.0,24.0,,12.0,26.0,18.0,17.0,28.0,18.0,27.0,49.0,21.0,29.0,4.0,44.0,22.0,24.0,30.0,6.0,40.0,30.0,13.0,26.0,21.0,22.0,24.0,15.0,23.0,22.0,10.0,,,19.0,11.0,23.0,21.0,21.0,22.0,18.0,32.0,52.0,11.0,,,23,30.0,45.0,22.0,33,18.0,23.0,,21.0,28.0,51.0,8.0,24.0,,27.0,15.0,8.0,26.0,19.0,13.0,56.0,37.0,19.0,22.0,37.0,59.0,12.0,53.0,23.0,29.0,39.0,25.0,17.0,21,40.0,37.0,,30,0.0,24.0,41.0,54.0,13.0,13.0,31.0,36.0,42.0,42,29.0,25.0,27.0,56.0,16.0,28.0,19,11,57.0,17.0,17.0,23.0,9.0,10.0,27,32,17.0,45.0,,48.0,20.0,41.0,58.0,32.0,3.0,23.0,29.0,,8.0,53.0,13.0,26.0,16,23.0,12.0,23.0,31.0,16.0,20,26.0,24,16.0,34,28.0,41.0,41.0,34.0,17.0,33.0,,33.0,20.0,18.0,,,18,17.0,20.0,37.0,18.0,23.0,46,24.0,17.0,18.0,48.0,28.0,23.0,24.0,47.0,36.0,32,18,7.0,36.0,27.0,37.0,29.0,16.0,,23.0,4,,39.0,35.0,13.0,35.0,43.0,23.0,12.0,30,23.0,24.0,16.0,35,12,29.0,25.0,43.0,21.0,17.0,35.0,28.0,,50.0,25.0,49.0,33.0,13.0,37.0,36.0,22,8.0,40.0,12.0,22.0,19.0,22,51.0,0.0,50,23.0,24.0,14.0,17.0,26.0,52.0,21.0,24.0,20.0,23.0,31.0,13,41.0,41.0,11.0,51.0,35,34.0,26.0,21.0,23.0,18.0,53.0,41.0,32.0,17.0,10.0,34.0,34.0,25.0,28,27,13.0,26.0,36.0,6.0,14.0,16,24,47.0,38.0,19.0,21.0,19.0,14.0,,19.0,27.0,22.0,,,19.0,45.0,36.0,38,19,14.0,57.0,,,,16,29.0,39.0,15.0,36.0,,19.0,23.0,41.0,13.0,43.0,,38.0,,20.0,,24,14.0,16.0,44,33.0,53.0,39.0,21.0,31.0,24.0,16.0,,27.0,53.0,16.0,44.0,16.0,19.0,32.0,,15.0,43.0,18.0,34.0,52.0,37.0,,26.0,41.0,13.0,31.0,31.0,10.0,,60.0,,16.0,22.0,37.0,10.0,7.0,16.0,59.0,22.0,3.0,22.0,14.0,55.0,,11.0,,21.0,32.0,7.0,14.0,23.0,51.0,,34.0,11.0,27.0,60.0,12.0,11.0,29.0,24,26.0,17.0,,57.0,25.0,13.0,30.0,60.0,11.0,18.0,7.0,31.0,,31.0,20.0,49.0,30.0,43.0,36.0,8.0,23.0,,20.0,14.0,11.0,56.0,37.0,,19.0,50.0,18.0,32.0,30.0,52.0,26.0,29.0,50.0,27.0,,31.0,16.0,43.0,35.0,12.0,18.0,,23,,20.0,,33.0,,,26.0,,8.0,20,25.0,,,50.0,27.0,25.0,24.0,42.0,24.0,24.0,44.0,,,59.0,32.0,21.0,38,38.0,21.0,8.0,28.0,52.0,42.0,12.0,20.0,18.0,46.0,35.0,43.0,24.0,20.0,55.0,27.0,22.0,27.0,45.0,36.0,32.0,13.0,57.0,47.0,18,24,15.0,35.0,29.0,23.0,24.0,17.0,12.0,18.0,58.0,51.0,,45.0,42.0,43.0,,16.0,14.0,37.0,9.0,39.0,29.0,,21.0,21.0,19.0,40.0,32.0,20.0,24.0,36.0,37.0,,19.0,,42.0,,14.0,30.0,21.0,40.0,22.0,41.0,43.0,32.0,29.0,60.0,17.0,15.0,28,46.0,31.0,27.0,37.0,20,38.0,,25.0,36.0,47.0,57.0,54.0,30.0,25,,27.0,57.0,,,21.0,44.0,45,40.0,28.0,22.0,,18,40.0,52.0,56.0,17.0,41.0,23.0,35.0,5.0,19.0,8.0,14.0,,19.0,16.0,,25.0,,58.0,,21.0,44.0,34.0,54.0,28.0,34,13.0,43.0,15.0,7.0,25.0,,26.0,25.0,,33.0,16.0,38.0,14.0,17,22.0,,34.0,26.0,45.0,33.0,27.0,,,,28.0,39.0,26.0,51.0,,37.0,23.0,,24.0,,,32.0,38.0,19.0,16.0,40.0,37.0,59.0,11.0,45.0,25.0,32.0,18.0,48.0,7.0,52.0,,28.0,14.0,26.0,25.0,11.0,27.0,45.0,40.0,31.0,32.0,58.0,31.0,37.0,43.0,22.0,38.0,,43.0,53.0,12.0,24.0,,,17.0,,56.0,60.0,48.0,38.0,40.0,,15.0,21,2.0,,,8.0,51.0,,19.0,52.0,31.0,13.0,32.0,53.0,40.0,8.0,42.0,43.0,57.0,42.0,18.0,,0.0,39.0,35.0,39.0,47.0,30.0,36.0,18.0,40.0,52.0,,16.0,35.0,34.0,,43.0,14.0,37.0,31.0,35.0,9.0,21.0,,,,26.0,23.0,26.0,37.0,,46.0,50.0,13.0,,45.0,25.0,20.0,,27.0,15.0,37.0,32.0,,50.0,34.0,38.0,52.0,14.0,6.0,30.0,48.0,16.0,53.0,28.0,20.0,26.0,15.0,15.0,41.0,18.0,10.0,13.0,28.0,59.0,58.0,14.0,38.0,38.0,,18.0,53.0,,52.0,21.0,39.0,36.0,51.0,47.0,27.0,31.0,28.0,19.0,39.0,,8.0,18.0,29.0,15.0,14.0,49.0,,9.0,,31.0,16.0,25.0,34.0,28.0,24.0,22.0,28.0,30.0,15.0,,27.0,39.0,27.0,26.0,17,49.0,33.0,31.0,,27.0,31.0,34.0,44.0,24.0,11.0,18,20.0,18.0,33.0,35.0,27.0,29.0,34.0,27.0,23,43.0,30.0,21.0,13.0,23.0,,20.0,54.0,16.0,12.0,,35.0,21.0,43.0,44.0,,18.0,17.0,20.0,35.0,18.0,38.0,36.0,23.0,,27.0,24.0,28.0,0.0,,33.0,47.0,4.0,25.0,42.0,13.0,,46.0,19.0,,44.0,,17.0,,21.0,22.0,18.0,,,,27.0,59.0,,0.0,36.0,21.0,41.0,29.0,,,27.0,14.0,34.0,,44.0,59.0,43.0,32.0,31.0,29.0,30.0,33.0,39.0,55.0,,36.0,0.0,21.0,29.0,21.0,15.0,23.0,0.0,23.0,10.0,0.0,58.0,20.0,19.0,36.0,11.0,5.0,,,16.0,,34.0,0.0,51.0,33.0,43.0,20.0,18.0,31.0,21.0,30.0,38.0,24.0,23,24.0,,29.0,,20.0,,16.0,22.0,15.0,23.0,,47.0,34.0,36.0,46.0,27.0,,15.0,,27.0,43.0,30.0,,15.0,,41.0,,25.0,53.0,,36.0,31.0,22.0,26.0,,23.0,43.0,7.0,40.0,22.0,19.0,25.0,,,30.0,15.0,9.0,26.0,,11.0,27.0,21.0,18.0,42.0,,8.0,16.0,45.0,26.0,28.0,24.0,53.0,48.0,19.0,49.0,19.0,,31.0,26.0,13.0,33.0,,,39.0,31.0,60.0,25.0,19.0,29.0,13,18.0,13.0,31,,48.0,,20.0,,27.0,25.0,0.0,11.0,,38.0,19.0,39.0,56.0,54.0,,15.0,9.0,,49.0,45.0,26.0,20.0,38.0,31.0,13.0,29.0,26.0,28.0,60.0,,36.0,41.0,11.0,12.0,32.0,36.0,33.0,35.0,47.0,39.0,24.0,26.0,31.0,35.0,18.0,48.0,15.0,13.0,33.0,,,26.0,43.0,26.0,52.0,,16.0,27.0,52.0,36.0,26.0,32.0,,57.0,,23.0,39.0,,29.0,,16.0,57.0,17.0,22.0,30.0,35.0,17.0,14.0,34.0,27.0,,34.0,42.0,44.0,25.0,25.0,7.0,40.0,,,,,21.0,,,52.0,18.0,37.0,45.0,52.0,59.0,22.0,32.0,,35.0,7.0,6.0,58.0,29.0,32.0,8.0,39.0,30.0,,44.0,,35.0,42.0,,57.0,,32.0,28.0,27.0,56.0,25.0,14.0,12.0,47.0,,33.0,26.0,13.0,43.0,53.0,26.0,23.0,31.0,45.0,12.0,52.0,30.0,,,0.0,29.0,23.0,,17.0,5.0,19.0,37.0,38.0,39.0,43.0,34.0,,23.0,,41.0,14.0,,0.0,,7.0,,14.0,24.0,41.0,,33.0,54.0,9.0,18.0,28.0,43.0,6.0,,,12.0,,48.0,46.0,40.0,33.0,42.0,24.0,43.0,,18.0,24.0,,,41.0,53.0,,45.0,48.0,16.0,,6.0,,25.0,50.0,34.0,18.0,42.0,30.0,34.0,12.0,17.0,6.0,,42.0,39.0,,60.0,55.0,,20.0,47.0,32.0,57.0,,46.0,26.0,56.0,30.0,7.0,31.0,,18.0,14.0,16.0,,33.0,13.0,50.0,39.0,18.0,39.0,19.0,,36.0,30.0,49.0,29.0,49.0,26.0,46.0,26.0,22.0,23.0,11.0,56.0,34.0,,11.0,17.0,34.0,20.0,39.0,42.0,18.0,26.0,51.0,37.0,58.0,32.0,39.0,24.0,23.0,27.0,55.0,15.0,27.0,39.0,,25.0,40.0,26.0,32.0,11.0,34.0,30.0,23.0,23.0,29.0,15.0,23.0,19.0,11.0,50.0,,18.0,21.0,25.0,38.0,4.0,29.0,,30.0,10.0,24.0,31.0,39.0,,22.0,39.0,38.0,21.0,13.0,33.0,39.0,8.0,23.0,40.0,2.0,41.0,35.0,34.0,,,28.0,12.0,33.0,,10.0,48.0,,21.0,52.0,,,33.0,27.0,21.0,,54.0,,51.0,,46.0,,,,52.0,10.0,57.0,,42.0,25.0,,15.0,32.0,41.0,48.0,37.0,,7.0,29.0,,25.0,26.0,0.0,,24.0,31.0,19.0,50.0,,42.0,57.0,0.0,46.0,35.0,23.0,50.0,11.0,29.0,49.0,19.0,27.0,34.0,44.0,21.0,,12.0,54.0,31.0,12.0,49.0,57.0,,30.0,,,14.0,19.0,16.0,45.0,,13.0,42.0,34.0,43.0,,38.0,41.0,23.0,,42.0,,39.0,20.0,49.0,,,19.0,,54.0,31.0,8.0,27.0,,,49.0,,43.0,,18.0,32.0,,,14.0,22.0,24.0,35.0,,36.0,26.0,60.0,,,50.0,43.0,25.0,11.0,,29.0,31.0,10.0,,,,57.0,,7.0,40.0,,12.0,58.0,46.0,59.0,14.0,10.0,11.0,41.0,,58.0,14.0,28.0,39.0,38.0,31.0,31.0,,,,39.0,35.0,19.0,50.0,48.0,,16.0,37.0,21.0,12.0,24.0,50.0,18.0,8.0,,19.0,36.0,33.0,,13.0,13.0,26.0,25.0,45.0,,15.0,51.0,,21.0,37.0,28.0,,10.0,,55.0,35.0,54.0,21.0,21.0,,39.0,,58.0,37.0,,,,39.0,30.0,,0.0,31.0,35.0,47.0,40.0,46.0,36.0,,,,,31.0,15.0,54.0,17.0,32.0,12.0,,58.0,,56.0,,32.0,20.0,56.0,15.0,26.0,47.0,24.0,9.0,37.0,14.0,37.0,32.0,,12.0,35.0,,9.0,,60.0,46.0,,60.0,11.0,38.0,15.0,,15.0,16.0,38.0,,,31.0,33.0,16.0,29.0,19.0,,11.0,59.0,16.0,58.0,29.0,,27.0,,,,44.0,13.0,49.0,29.0,45.0,40.0,54.0,,35.0,36.0,27.0,,31.0,11.0,30.0,29.0,39.0,53.0,28.0,32.0,,10.0,23.0,,15.0,38.0,25.0,33.0,,,29.0,22.0,,29.0,29.0,,,0.0,49.0,40.0,42.0,25.0,21.0,15.0,,27.0,15.0,30.0,8.0,21.0,51.0,34.0,20.0,22.0,16.0,47.0,6.0,,41.0,23.0,47.0,17.0,39.0,14.0,,28.0,50.0,58.0,28.0,51.0,19.0,,32.0,52.0,,59.0,31.0,25.0,,,60.0,25.0,24.0,5.0,,,18.0,,,14.0,22.0,19.0,59.0,,36.0,,22.0,,50.0,10.0,27.0,,,19.0,22.0,22.0,0.0,25.0,,,4.0,36.0,,50.0,31.0,,,28.0,,,27.0,22.0,21.0,40.0,,25.0,11.0,24.0,38.0,25.0,9.0,40.0,,14.0,26.0,,,39.0,28.0,,7.0,45.0,15.0,16.0,,,48.0,51.0,21.0,30.0,,12.0,,26.0,,21.0,36.0,37.0,,56.0,21.0,37.0,40.0,17.0,35.0,59.0,51.0,,39.0,16.0,37.0,38.0,10.0,30.0,,,28.0,,,17.0,13.0,27.0,39.0,26.0,33.0,,58.0,,13.0,26.0,11.0,7.0,29.0,28.0,,,44.0,14.0,,,,29.0,,11.0,15.0,,45.0,15.0,25.0,,37.0,7.0,0.0,,18.0,39.0,43.0,57.0,13.0,35.0,18.0,44.0,22.0,,,18.0,18.0,30.0,,24.0,,18.0,47.0,,,59.0,14.0,25.0,40.0,0.0,29.0,22.0,43.0,23.0,20.0,38.0,24.0,25.0,29.0,,,26.0,23.0,51.0,,33.0,,22.0,22.0,,43.0,24.0,43.0,55.0,39.0,,13.0,10.0,17.0,42.0,23.0,,50.0,28.0,58.0,24.0,36.0,12.0,,,,26.0,,13.0,31.0,25.0,57.0,35.0,30.0,,41.0,9.0,,13.0,23.0,,31.0,32.0,22.0,37.0,11.0,21.0,30.0,18.0,23.0,34.0,,58.0,21.0,28.0,,30.0,22.0,20.0,39.0,48.0,56.0,8.0,20.0,,,,,52.0,30.0,,,,,39.0,28.0,,42.0,,29.0,38.0,26.0,18.0,,23.0,35.0,12.0,24.0,53.0,31.0,,42.0,27.0,,48.0,43.0,,48.0,48.0,36.0,55.0,17.0,52.0,38.0,27.0,18.0,,47.0,21.0,41.0,15.0,,16.0,40.0,,30.0,,,29.0,49.0,49.0,,44.0,,12.0,42.0,14.0,,27.0,30.0,,53.0,43.0,,51.0,26.0,32.0,46.0,24.0,42.0,33.0,15.0,39.0,15.0,18.0,,17.0,13.0,24.0,10.0,41.0,21.0,46.0,20.0,32.0,,56.0,43.0,23.0,44.0,51.0,17.0,50.0,11.0,23.0,33.0,21.0,23.0,21.0,,22.0,38.0,,,13.0,16.0,,38.0,22.0,,44.0,41.0,49.0,18.0,7.0,18.0,45.0,0.0,,,,54.0,,16.0,19.0,,41.0,28.0,40.0,24.0,,28.0,,53.0,21.0,34.0,34.0,,52.0,46.0,30.0,,25.0,,32.0,,,51.0,53.0,16.0,26.0,,56.0,20.0,25.0,25.0,37.0,41.0,39.0,88,3,2.4400544959128063,17.98479632816982,-0.3235278071334073
4,1,5,5,5,4,0,7,2,6,6,4,8,6,8,6,5,7,11,14,6,7,7,6,7,15,13,8,8,8,2,4,6,7,9,6,25,13,7,16,8,24.0,16,8,6,8,8,4,14,14,8,8,13,7,10,25,9,13,7,8,11,11,17,9,25.0,9,9,11,11,12,12,14,15,3,6,8,21,14,5,7,18,4,10,7,8,9,14,9,24,9,9,9,22,11,7,12,9,17,5,11,25,17,10,11,10,15,9,12,10,12,10,25.0,11,14,12.0,8,15,8,12,15,15,16,13,13,11,25,14,12.0,9,13,0,17,15.0,5,18,11.0,16,20,16,16,10,10,10,12,34.0,22.0,19,26.0,8,12,2,15,13.0,9,7,6,7,19.0,24,11,16,14,16,22,14,24.0,18,12,17,9,12,18.0,9,35,1,24,21,7.0,15,26.0,19,13,6,21,20,23.0,24.0,16,19,46.0,10.0,14,9,7,8,24,9,9,13.0,18,42,17.0,2,16,22,22,30.0,13,18,5,15,7.0,14,22,3,16,13,10,15,22.0,50.0,16,12,22,9.0,14,23,8,12.0,16,19.0,3.0,20,13,22.0,17,36,13,7.0,14.0,11,20,19,18,17,26.0,19,1,17,10,7,18,25.0,13.0,40,,34.0,50.0,46.0,22,33.0,16,16,18,3.0,26.0,22.0,17.0,15.0,16,17.0,3.0,48.0,10,0,15.0,12,16,25,29.0,16.0,31.0,29,38.0,31,17,14.0,21.0,9,46.0,18.0,10,15,19.0,7,16.0,17.0,27.0,23,20,33.0,31,20,21,21,8,26,15,37,11,12,31,10,18.0,9.0,9,16,7,19.0,14.0,12,22,8,34.0,11,0.0,12,2,11,7,26,22.0,13,12.0,16,20,19.0,19,16,11,53.0,6.0,25,18.0,15.0,12.0,18.0,53.0,0,24.0,10,23,17,26.0,15,30.0,20.0,4,14.0,40.0,33.0,21,,9,18,6,24,25,15,19,22.0,10,21.0,19,15,7,26.0,16,,33,23.0,11,43.0,25,19,12.0,33,30.0,6,42.0,0.0,21,25,11.0,32.0,29.0,17.0,,23,8.0,27.0,14,,17,16,,,17,20.0,14,9.0,52.0,30,11,18,18.0,21,21.0,17.0,30,39.0,10,37.0,29,4,10,36.0,22.0,31,6,17,41.0,19.0,46,26,49.0,15,15.0,,16.0,34.0,13.0,29.0,38.0,25.0,38.0,24.0,10,15,14.0,18.0,,27.0,20.0,41.0,16.0,16.0,14,16,18.0,9.0,11,13.0,46.0,21.0,26.0,31.0,23.0,9,23,43.0,35.0,11.0,10.0,19,35.0,6.0,54.0,27,14,18,21.0,57.0,13.0,15.0,14,16,10.0,28.0,22,,24.0,15,11.0,26.0,16.0,20,29.0,21,10.0,13.0,46.0,6,29.0,20,38.0,15,16,31.0,45.0,31.0,26.0,4,26,30,32.0,14,,13,31,10.0,34,18,18.0,20.0,25,26,44.0,19.0,27.0,30.0,23.0,10.0,16,10.0,9,12,40.0,24.0,12.0,24.0,14.0,,13,20,13.0,14.0,,34.0,52.0,18.0,16,20.0,13,27.0,36.0,38.0,,14,18.0,41,22.0,35.0,17.0,29,23.0,21.0,23.0,8,41,31.0,13.0,18.0,,28.0,38.0,27.0,20.0,26.0,,48.0,31.0,19,28,28.0,16.0,44.0,21,21,18,8,32.0,10.0,15,13,22.0,,15,25.0,22.0,42.0,24,11.0,51.0,,6,37.0,21.0,14.0,58.0,12.0,49.0,22,10.0,26,27.0,26,27,11,24.0,50.0,12.0,27.0,,16.0,38.0,25.0,14.0,29.0,37.0,2,59.0,30.0,10,31.0,47.0,11.0,19.0,5,33.0,12.0,23.0,42,8,23.0,18,29.0,17.0,31.0,53.0,14,17.0,16,15,23.0,15,20.0,8,25.0,55.0,9.0,8,21,15.0,14.0,19,,17,39.0,25,12.0,13.0,16.0,27.0,31.0,21.0,20,32.0,35.0,23.0,28.0,17.0,13.0,15.0,17,10,43.0,25,19,41,,7.0,49.0,,31.0,24.0,28,27.0,23.0,17.0,26,56.0,,21.0,35.0,6.0,18,20.0,14.0,3.0,28.0,19.0,44.0,19.0,40,41.0,,16.0,30.0,12.0,18.0,50.0,20,41.0,16.0,36.0,49.0,9,23,,52.0,21,29.0,25.0,23.0,7,9.0,16.0,23.0,9.0,18,18.0,28.0,31.0,31.0,37.0,27.0,46.0,32.0,32.0,12,27,19.0,46.0,17.0,13.0,19.0,8.0,19.0,59.0,16.0,,26,12,12.0,21,34.0,30.0,36.0,25.0,3,17,28.0,22.0,42.0,39.0,13.0,22.0,10.0,50.0,8.0,3,23.0,23.0,24.0,33.0,36.0,35.0,18,20.0,20.0,18.0,9,34.0,28.0,27.0,19.0,15.0,14.0,16,37.0,34,,12.0,11.0,19.0,26.0,13.0,25.0,38.0,19.0,16.0,29.0,,16.0,24.0,19.0,40.0,58.0,13.0,11.0,26.0,30.0,32,26.0,15.0,12,29.0,37.0,13,33.0,,,9,44,19,18.0,42.0,,,43.0,,24.0,43.0,,17,21.0,39,25.0,17,31,12.0,14,24.0,26.0,14.0,7.0,26,12.0,12.0,33.0,31.0,35.0,24.0,15,,33,49.0,53.0,,18,12.0,18,25,55.0,15.0,,11,25.0,39.0,11,33.0,19.0,26.0,37.0,13.0,26.0,1.0,10.0,23,27.0,43.0,20.0,,36.0,46.0,23.0,22.0,17,51.0,9,29.0,14.0,13.0,53.0,13,14,11.0,11.0,18.0,42.0,,47.0,36.0,24.0,50.0,7,34.0,20.0,13,28,27.0,10.0,17,24.0,25.0,18,,43,15,17,16.0,24.0,16.0,,37.0,,22.0,40.0,29.0,20.0,31.0,30.0,17.0,30.0,51.0,27.0,28.0,18.0,27.0,43.0,39.0,23.0,,23.0,21.0,,7.0,20.0,26.0,21.0,7.0,34.0,23.0,13.0,7.0,32.0,28.0,30.0,59.0,52.0,33.0,20.0,17.0,16.0,22.0,,27.0,36.0,26,18.0,,17.0,14,40.0,15.0,3.0,12.0,50.0,17.0,19.0,15.0,,12.0,11.0,,16.0,45.0,36.0,9.0,35.0,28.0,15.0,,23.0,22.0,50.0,49.0,41.0,30.0,,,21,,,19.0,12,,17.0,22.0,7.0,40.0,40.0,24.0,,15.0,41,23.0,25.0,24.0,13.0,45.0,,21,31,15.0,9.0,14.0,54.0,45.0,13.0,30,19,13.0,26.0,,41.0,18.0,42.0,37.0,28.0,23.0,,17.0,46.0,22.0,28.0,26.0,43.0,19,13.0,12.0,16.0,12.0,6.0,19,28.0,18,27.0,20,15.0,,14.0,29.0,14.0,36.0,32.0,11.0,21.0,,35.0,,0,18.0,,5.0,37.0,53.0,8,10.0,11.0,25.0,50.0,13.0,16.0,31.0,29.0,23.0,13,38,,,5.0,10.0,42.0,14.0,,25.0,29,23.0,,,53.0,54.0,11.0,59.0,22.0,8,17.0,28.0,36.0,14,27,29.0,24.0,21.0,21.0,0.0,43.0,,53.0,44.0,48.0,23.0,34.0,16.0,47.0,19.0,0,37.0,25.0,46.0,37.0,15.0,16,41.0,32.0,6,,5.0,17.0,12.0,50.0,21.0,24.0,25.0,12.0,3.0,54.0,14,35.0,18.0,7.0,48.0,15,,29.0,14.0,31.0,22.0,20.0,15.0,16.0,30.0,28.0,15.0,44.0,11.0,32,44,9.0,12.0,25.0,45.0,,15,27,29.0,47.0,57.0,,23.0,50.0,15.0,18.0,24.0,32.0,0.0,37.0,20.0,9.0,16.0,20,26,34.0,6.0,26.0,,53.0,13,38.0,45.0,41.0,28.0,24.0,34.0,21.0,53.0,26.0,5.0,14.0,31.0,35.0,30.0,32.0,42,18.0,14.0,23,51.0,36.0,15.0,55.0,25.0,0.0,39.0,,18.0,,27.0,34.0,27.0,33.0,15.0,33.0,49.0,47.0,40.0,33.0,30.0,36.0,38.0,23.0,20.0,,,21.0,11.0,,9.0,16.0,23.0,26.0,9.0,26.0,25.0,,50.0,6.0,22.0,6.0,14.0,28.0,,23.0,27.0,55.0,55.0,17.0,26.0,0.0,51.0,29.0,19.0,,45.0,34.0,19.0,27.0,20.0,22,18.0,39.0,45.0,0.0,,55.0,31.0,16.0,55.0,12.0,49.0,46.0,36.0,20.0,39.0,43.0,41.0,42.0,25.0,17.0,30.0,23.0,53.0,11.0,19.0,18.0,30.0,8.0,21.0,41.0,12.0,38.0,42.0,32.0,39.0,43.0,36.0,0.0,43.0,30.0,22.0,27.0,47.0,20.0,15.0,35.0,25,33.0,43.0,24.0,5.0,40.0,55.0,8.0,,22.0,12,11.0,55.0,42.0,,15.0,42.0,6.0,39.0,26.0,23.0,,31.0,22.0,28.0,46.0,5.0,34,34.0,36.0,,13.0,23.0,13.0,14.0,27.0,57.0,27.0,14.0,32.0,17.0,23.0,,27.0,17.0,17.0,28.0,27.0,0.0,,34.0,12.0,21,16,15.0,28.0,5.0,12.0,,23.0,23.0,14.0,49.0,37.0,26.0,29.0,7.0,22.0,27.0,23.0,29.0,44.0,,19.0,26.0,41.0,13.0,31.0,32.0,45.0,48.0,19.0,,,29.0,,10.0,18.0,25.0,10.0,40.0,19.0,20.0,13.0,,38.0,42.0,21.0,19.0,37.0,,15.0,9,32.0,42.0,11.0,27.0,23,27.0,,36.0,43.0,13.0,50.0,10.0,45.0,19,19.0,13.0,51.0,49.0,,14.0,37.0,24,39.0,,38.0,,11,10.0,12.0,9.0,49.0,38.0,11.0,54.0,6.0,21.0,,10.0,,40.0,12.0,25.0,18.0,24.0,15.0,14.0,40.0,10.0,45.0,22.0,37.0,37,22.0,39.0,54.0,20.0,17.0,22.0,22.0,21.0,36.0,17.0,,39.0,32.0,20,35.0,16.0,10.0,33.0,,41.0,,,54.0,34.0,18.0,13.0,36.0,22.0,,36.0,17.0,48.0,56.0,31.0,,19.0,,35.0,23.0,0.0,34.0,42.0,,17.0,38.0,,21.0,30.0,29.0,58.0,36.0,18.0,18.0,26.0,13.0,59.0,53.0,32.0,24.0,27.0,27.0,51.0,12.0,25.0,48.0,45.0,4.0,16.0,,30.0,47.0,52.0,,30.0,16.0,33.0,31.0,43.0,26.0,29.0,5.0,,34.0,25,33.0,47.0,50.0,36.0,34.0,30.0,29.0,,21.0,50.0,32.0,36.0,45.0,35.0,26.0,,19.0,15.0,9.0,42.0,22.0,22.0,32.0,20.0,37.0,23.0,10.0,24.0,15.0,50.0,41.0,2.0,5.0,23.0,9.0,31.0,41.0,20.0,49.0,46.0,33.0,42.0,41.0,39.0,13.0,42.0,,,24.0,11.0,46.0,,16.0,34.0,18.0,33.0,26.0,11.0,41.0,4.0,11.0,29.0,,39.0,22.0,19.0,9.0,8.0,45.0,37.0,,21.0,36.0,11.0,27.0,30.0,32.0,17.0,25.0,40.0,27.0,,35.0,45.0,15.0,19.0,22.0,34.0,20.0,25.0,19.0,,24.0,,29.0,40.0,36.0,30.0,,,25.0,24.0,,,,27.0,13.0,15.0,,25.0,39.0,15.0,37.0,22.0,21.0,13.0,8.0,15.0,33.0,54.0,24.0,35.0,50.0,20.0,28.0,,28.0,12.0,15,43.0,17.0,14.0,43.0,45.0,14.0,31.0,,32.0,,15,,5.0,32.0,42.0,47.0,49.0,21.0,49.0,38,,20.0,36.0,6.0,49.0,47.0,48.0,,,34.0,,26.0,27.0,34.0,,30.0,22.0,11.0,30.0,,0.0,41.0,33.0,,25.0,9.0,40.0,55.0,27.0,,28.0,,19.0,53.0,14.0,22.0,,,,48.0,10.0,,25.0,,,23.0,12.0,36.0,7.0,31.0,24.0,43.0,28.0,18.0,40.0,20.0,24.0,22.0,33.0,,9.0,12.0,21.0,20.0,29.0,41.0,6.0,20.0,27.0,38.0,38.0,19.0,,25.0,38.0,34.0,,15.0,16.0,18.0,26.0,27.0,24.0,,13.0,,,23.0,36.0,,18.0,6.0,52.0,,8.0,58.0,17.0,29.0,22.0,,39.0,29.0,20.0,51.0,,31.0,46.0,11.0,18,58.0,,,21.0,44.0,19.0,4.0,58.0,16.0,14.0,15.0,27.0,16.0,57.0,34.0,19.0,9.0,12.0,,49.0,39.0,30.0,10.0,,48.0,16.0,50.0,26.0,48.0,17.0,40.0,0.0,17.0,20.0,34.0,53.0,57.0,37.0,9.0,,20.0,,20.0,20.0,25.0,26.0,9.0,,24.0,24.0,,12.0,18.0,38.0,34.0,8.0,42.0,36.0,14.0,30.0,39.0,45.0,57.0,,,32.0,56.0,40.0,15.0,,9.0,,11.0,41.0,23.0,7.0,,24.0,10.0,17,,,32,41.0,33.0,46.0,33.0,26.0,15.0,,11.0,24.0,,,,35.0,,,34.0,40.0,40.0,,,33.0,18.0,43.0,22.0,58.0,12.0,25.0,18.0,25.0,,33.0,9.0,23.0,37.0,38.0,,25.0,29.0,19.0,11.0,32.0,20.0,,24.0,,8.0,10.0,29.0,43.0,,29.0,,26.0,33.0,44.0,31.0,20.0,32.0,34.0,26.0,33.0,35.0,20.0,33.0,37.0,,16.0,25.0,15.0,15.0,23.0,24.0,21.0,,,18.0,35.0,46.0,52.0,47.0,18.0,7.0,49.0,,45.0,35.0,32.0,,36.0,34.0,16.0,22.0,,11.0,28.0,,11.0,,41.0,,19.0,39.0,31.0,,,,48.0,17.0,37.0,45.0,19.0,33.0,23.0,20.0,,15.0,,,,,8.0,10.0,,29.0,6.0,34.0,30.0,24.0,16.0,11.0,37.0,41.0,22.0,33.0,45.0,32.0,14.0,7.0,42.0,8.0,50.0,10.0,15.0,,57.0,25.0,18.0,41.0,44.0,24.0,,16.0,11.0,22.0,,,49.0,20.0,,17.0,33.0,41.0,0.0,48.0,19.0,33.0,0.0,18.0,15.0,,,16.0,,15.0,55.0,14.0,47.0,41.0,,37.0,39.0,,15.0,56.0,26.0,42.0,,26.0,50.0,43.0,28.0,43.0,19.0,46.0,,,42.0,42.0,17.0,20.0,37.0,,39.0,,20.0,32.0,40.0,14.0,29.0,33.0,19.0,,24.0,,,28.0,20.0,33.0,,27.0,,38.0,,48.0,,,17.0,33.0,25.0,23.0,24.0,13.0,33.0,35.0,17.0,8.0,,27.0,38.0,22.0,31.0,18.0,41.0,,8.0,20.0,24.0,33.0,48.0,21.0,20.0,59.0,15.0,28.0,,30.0,40.0,51.0,,8.0,24.0,37.0,16.0,25.0,41.0,38.0,6.0,27.0,34.0,41.0,,26.0,11.0,,,48.0,52.0,22.0,26.0,19.0,9.0,,33.0,9.0,41.0,26.0,41.0,,45.0,,23.0,18.0,34.0,27.0,21.0,36.0,14.0,20.0,,46.0,59.0,20.0,56.0,,,,15.0,34.0,29.0,,58.0,34.0,29.0,54.0,41.0,19.0,40.0,31.0,,,22.0,39.0,40.0,,,,35.0,26.0,17.0,56.0,24.0,38.0,49.0,,58.0,13.0,51.0,56.0,,51.0,,,38.0,,29.0,59.0,3.0,38.0,22.0,37.0,28.0,24.0,31.0,26.0,,34.0,,39.0,39.0,8.0,19.0,,,5.0,31.0,,36.0,,40.0,5.0,14.0,37.0,58.0,26.0,36.0,11.0,,,54.0,17.0,32.0,,16.0,,32.0,,54.0,40.0,10.0,59.0,17.0,,42.0,11.0,23.0,21.0,40.0,39.0,50.0,22.0,32.0,9.0,29.0,54.0,36.0,59.0,12.0,54.0,56.0,,16.0,24.0,12.0,,19.0,,58.0,,58.0,,40.0,24.0,,39.0,,13.0,9.0,16.0,,,,,35.0,32.0,26.0,1.0,24.0,29.0,22.0,8.0,11.0,28.0,55.0,20.0,35.0,10.0,54.0,56.0,27.0,,35.0,39.0,24.0,32.0,46.0,,,20.0,27.0,16.0,,15.0,12.0,25.0,,50.0,15.0,35.0,13.0,40.0,,57.0,55.0,19.0,3.0,38.0,50.0,41.0,48.0,,13.0,29.0,,,,52.0,21.0,,31.0,16.0,,,24.0,14.0,20.0,26.0,,47.0,,8.0,,8.0,18.0,41.0,45.0,26.0,,22.0,21.0,,,,16.0,,,23.0,9.0,42.0,25.0,0.0,17.0,47.0,,27.0,,12.0,0.0,35.0,56.0,48.0,32.0,30.0,13.0,14.0,,32.0,16.0,27.0,35.0,18.0,33.0,,14.0,,,13.0,33.0,,29.0,23.0,21.0,46.0,9.0,26.0,20.0,15.0,,17.0,,35.0,0.0,16.0,44.0,,45.0,31.0,,53.0,43.0,7.0,57.0,,,,21.0,48.0,,,18.0,9.0,49.0,21.0,27.0,17.0,29.0,29.0,25.0,42.0,54.0,42.0,38.0,20.0,,51.0,18.0,58.0,58.0,,36.0,14.0,28.0,,32.0,,,30.0,17.0,24.0,49.0,28.0,18.0,15.0,35.0,42.0,51.0,26.0,1.0,7.0,10.0,,59.0,,23.0,18.0,45.0,,17.0,37.0,32.0,,19.0,18.0,27.0,22.0,35.0,57.0,36.0,10.0,,42.0,37.0,12.0,12.0,21.0,,26.0,23.0,0.0,29.0,40.0,24.0,21.0,8.0,13.0,,,26.0,40.0,20.0,41.0,48.0,16.0,,42.0,,29.0,38.0,,23.0,,14.0,,48.0,36.0,17.0,16.0,36.0,24.0,29.0,42.0,44.0,,14.0,18.0,,23.0,14.0,52.0,6.0,21.0,,10.0,49.0,19.0,22.0,26.0,,51.0,26.0,37.0,49.0,,2.0,24.0,,,12.0,22.0,24.0,19.0,49.0,12.0,25.0,,,32.0,56.0,52.0,25.0,39.0,37.0,44.0,55.0,40.0,25.0,51.0,,34.0,26.0,32.0,,12.0,26.0,38.0,0.0,,42.0,41.0,51.0,15.0,,41.0,9.0,7.0,11.0,28.0,54.0,13.0,32.0,,,30.0,16.0,31.0,42.0,16.0,,48.0,15.0,17.0,,29.0,13.0,37.0,,31.0,27.0,54.0,52.0,,16.0,,,10.0,18.0,26.0,18.0,36.0,32.0,,27.0,20.0,39.0,24.0,9.0,,19.0,,,41.0,23.0,,,27.0,50.0,,21.0,,22.0,7.0,,,29.0,,27.0,,0.0,13.0,,20.0,,48.0,13.0,2.0,38.0,10.0,2.0,20.0,49.0,21.0,57.0,43.0,,13.0,12.0,17.0,0.0,,,27.0,16.0,25.0,23.0,57.0,5.0,,46.0,24.0,,12.0,39.0,26.0,46.0,33.0,30.0,26.0,,9.0,49.0,3.0,33.0,19.0,43.0,53.0,44.0,,25.0,,18.0,22.0,28.0,10.0,23.0,,56.0,6.0,54.0,6.0,22.0,30.0,,,,,52.0,7.0,54.0,,,37.0,,41.0,31.0,12.0,,12.0,0.0,,47.0,25.0,11.0,,19.0,12.0,12.0,16.0,51.0,17.0,,23.0,0.0,,3.0,,23.0,,31.0,13.0,27.0,,53.0,49.0,42.0,,17.0,49.0,,32.0,18.0,8.0,,55.0,,,12.0,29.0,22.0,20.0,28.0,,55.0,,,38.0,10.0,,35.0,,38.0,13.0,,21.0,,38.0,9.0,,,,24.0,43.0,25.0,47.0,,,3.0,31.0,30.0,8.0,,59.0,30.0,9.0,,48.0,,,23.0,41.0,,15.0,,19.0,,,42.0,,0.0,,13.0,32.0,36.0,26.0,21.0,22.0,10.0,,27.0,,,,57.0,41.0,34.0,17.0,44.0,19.0,12.0,,33.0,,,23.0,,49.0,48.0,13.0,38.0,14.0,11.0,15.0,35.0,11.0,11.0,32.0,29.0,26.0,7.0,34.0,,48.0,20.0,25.0,19.0,36.0,14.0,,40.0,21.0,34.0,,24.0,22.0,10.0,,50.0,36.0,32.0,9.0,57.0,,34.0,40.0,30.0,,,27.0,30.0,,38.0,49.0,34.0,18.0,59.0,26.0,51.0,25.0,47.0,,44.0,51.0,33.0,34.0,,16.0,15.0,37.0,46.0,57.0,,,,35.0,51.0,14.0,36.0,14.0,28.0,12.0,51.0,,,15.0,33.0,89,3,2.394630872483221,18.065601825442098,-0.32846108672433505
4,3,7,5,6,7,2,7,5,8,8,9,7,7,8,8,6,12,6,25,8,12,9,7,4,8,15,15,8,8,11,10,10,16,18,13,16,9,11,13,19,24.0,0,19,8,10,22,11,14,18,16,11,9,15,14,16,17,13,9,8,9,10,16,16,,9,11,13,15,9,10,10,13,9,13,17,21,15,14,9,17,8,15,9,17,8,15,13,22,7,15,9,57,13,9,17,20,8,10,16,20,11,14,13,16,18,15,19,17,10,18,12.0,17,23,26.0,18,7,18,9,21,16,7,7,14,16,18,13,28.0,8,8,0,14,59.0,14,18,26.0,15,19,18,15,15,20,14,23,34.0,26.0,21,47.0,17,14,14,9,35.0,9,25,10,18,21.0,15,16,9,17,14,29,26,12.0,18,17,12,21,16,47.0,1,24,10,16,26,40.0,16,16.0,19,15,10,9,15,20.0,12.0,8,16,,54.0,13,10,9,24,31,24,11,18.0,11,20,16.0,15,14,20,19,37.0,8,16,10,0,35.0,16,6,20,12,13,15,15,22.0,8.0,27,21,11,22.0,20,24,11,33.0,24,31.0,16.0,23,20,45.0,25,14,22,24.0,61.0,12,20,17,18,18,23.0,19,18,17,17,9,27,26.0,26.0,11,54.0,15.0,29.0,18.0,27,21.0,22,8,11,58.0,11.0,41.0,,26.0,11,26.0,30.0,27.0,0,31,49.0,13,10,12,42.0,48.0,,16,2.0,27,26,25.0,10.0,23,24.0,17.0,15,15,19.0,1,28.0,20.0,17.0,24,25,13.0,25,19,26,18,31,19,12,13,20,19,7,19,24.0,15.0,42,25,16,15.0,28.0,17,16,12,27.0,16,,23,16,56,13,17,18.0,14,22.0,24,28,47.0,24,9,21,,22.0,13,25.0,16.0,11.0,32.0,26.0,25,21.0,15,28,8,38.0,12,,17.0,20,,30.0,43.0,14,52.0,20,6,15,16,16,25,22,19.0,7,46.0,27,21,24,25.0,20,14.0,31,10.0,18,31.0,9,26,12.0,17,19.0,11,28.0,35.0,21,10,16.0,,40.0,13.0,42.0,24,11.0,22.0,21,16.0,3,10,45.0,,9,37.0,20,9.0,,19,31,10,36.0,26,36.0,30.0,12,56.0,2,24.0,21,20,14,28.0,27.0,27,15,22,,22.0,16,14,19.0,41,23.0,31.0,16.0,19.0,20.0,16.0,26.0,6.0,62.0,27.0,16,19,26.0,,27.0,30.0,48.0,13.0,34.0,37.0,26,17,55.0,16.0,18,34.0,19.0,,17.0,41.0,28.0,28,17,38.0,35.0,24.0,62.0,22,39.0,31.0,53.0,28,11,21,19.0,,7.0,18.0,19,22,33.0,61.0,22,34.0,41.0,16,,47.0,31.0,12,25.0,18,11.0,17.0,11.0,12,17.0,25,33.0,10,16,,41.0,33.0,41.0,22,18,28,9.0,8,25.0,9,33,55.0,37,23,41.0,27.0,12,13,41.0,15.0,22.0,26.0,30.0,35.0,22,59.0,20,22,33.0,29.0,,,23.0,,17,26,52.0,15.0,31.0,28.0,49.0,19.0,13,36.0,8,25.0,49.0,,33.0,12,23.0,16,39.0,34.0,22.0,31,13.0,,,12,19,42.0,50.0,29.0,24.0,22.0,12.0,18.0,29.0,63.0,,,18.0,30,36,55.0,,15.0,12,0,13,23,28.0,57.0,8,20,10.0,,23,29.0,23.0,12.0,13,12.0,14.0,39.0,53,36.0,20.0,11.0,,25.0,56.0,30,35.0,16,23.0,12,16,20,40.0,37.0,41.0,17.0,62.0,19.0,23.0,63.0,8.0,,27.0,10,28.0,53.0,20,25.0,24.0,14.0,28.0,26,30.0,26.0,,41,18,29.0,29,20.0,38.0,,24.0,9,22.0,9,8,52.0,27,30.0,23,19.0,32.0,17.0,14,20,,0.0,19,47.0,15,18.0,23,18.0,30.0,,58.0,16.0,18.0,0,21.0,34.0,39.0,,55.0,28.0,18.0,20,16,46.0,10,18,10,27.0,21.0,29.0,17.0,52.0,11.0,26,29.0,42.0,58.0,30,27.0,45.0,47.0,23.0,22.0,26,13.0,9.0,43.0,,37.0,41.0,27.0,20,,14.0,0.0,22.0,9.0,22.0,28.0,30,17.0,42.0,42.0,21.0,18,8,35.0,5.0,24,30.0,16.0,30.0,24,36.0,50.0,12.0,14.0,14,33.0,24.0,26.0,22.0,27.0,36.0,12.0,34.0,,21,19,,42.0,14.0,35.0,42.0,10.0,64.0,25.0,61.0,34.0,15,26,23.0,41,53.0,50.0,46.0,46.0,16,24,31.0,31.0,33.0,27.0,39.0,23.0,0.0,28.0,18.0,36,56.0,33.0,30.0,28.0,32.0,43.0,24,14.0,22.0,32.0,15,,17.0,16.0,30.0,14.0,25.0,20,38.0,29,23.0,24.0,42.0,34.0,58.0,36.0,25.0,28.0,47.0,26.0,25.0,,21.0,17.0,6.0,57.0,,21.0,41.0,,,26,23.0,18.0,22,,45.0,10,43.0,42.0,31.0,18,20,19,19.0,32.0,,26.0,16.0,21.0,19.0,,46.0,27,28.0,17,33.0,21,19,14.0,32,36.0,22.0,40.0,,15,,23.0,20.0,62.0,61.0,39.0,6,29.0,36,54.0,52.0,,25,30.0,28,19,21.0,31.0,29.0,15,28.0,15.0,28,25.0,13.0,35.0,33.0,,17.0,27.0,,25,26.0,21.0,23.0,56.0,35.0,33.0,43.0,28.0,19,57.0,22,10.0,24.0,31.0,44.0,31,21,28.0,10.0,50.0,26.0,41.0,25.0,14.0,0.0,55.0,15,19.0,14.0,21,20,11.0,14.0,25,27.0,29.0,11,25.0,22,14,29,37.0,31.0,,7.0,62.0,18.0,60.0,,44.0,13.0,27.0,11.0,7.0,22.0,47.0,31.0,29.0,31.0,39.0,26.0,61.0,18.0,34.0,24.0,42.0,52.0,,47.0,42.0,,36.0,27.0,23.0,27.0,57.0,39.0,16.0,14.0,33.0,19.0,,41.0,28.0,16.0,23.0,16.0,37.0,,13,17.0,32.0,32.0,9,37.0,30.0,,16.0,58.0,,16.0,43.0,29.0,39.0,17.0,0.0,14.0,22.0,25.0,23.0,28.0,29.0,25.0,30.0,,24.0,20.0,48.0,8.0,19.0,,45.0,20,18.0,24.0,6.0,15,14.0,23.0,16.0,17.0,7.0,31.0,,22.0,35.0,11,19.0,45.0,0.0,34.0,17.0,18.0,13,27,36.0,58.0,13.0,38.0,15.0,33.0,19,30,35.0,27.0,,61.0,43.0,25.0,48.0,29.0,25.0,46.0,30.0,40.0,50.0,34.0,38.0,7.0,17,23.0,57.0,31.0,20.0,54.0,11,59.0,24,0.0,20,18.0,18.0,22.0,14.0,6.0,28.0,29.0,19.0,23.0,20.0,,17.0,26,16.0,25.0,1.0,39.0,43.0,28,24.0,,25.0,51.0,23.0,35.0,,41.0,22.0,16,59,17.0,33.0,,32.0,32.0,0.0,,35.0,16,18.0,21.0,42.0,32.0,41.0,,28.0,22.0,23,35.0,20.0,38.0,14,25,24.0,19.0,,21.0,,24.0,18.0,20.0,39.0,8.0,47.0,21.0,12.0,33.0,9.0,11,28.0,21.0,37.0,24.0,58.0,16,30.0,28.0,12,50.0,25.0,,46.0,,17.0,28.0,33.0,44.0,38.0,,40,43.0,43.0,6.0,35.0,22,9.0,46.0,40.0,16.0,19.0,26.0,13.0,23.0,26.0,21.0,63.0,33.0,17.0,25,46,9.0,10.0,22.0,,,27,26,23.0,19.0,27.0,,,25.0,11.0,26.0,34.0,21.0,16.0,,21.0,7.0,44.0,15,10,13.0,,40.0,21.0,64.0,14,6.0,19.0,53.0,18.0,28.0,29.0,19.0,,,48.0,8.0,,22.0,25.0,,11,14.0,27.0,24,60.0,39.0,34.0,24.0,40.0,,25.0,26.0,29.0,28.0,41.0,19.0,17.0,25.0,17.0,17.0,25.0,2.0,19.0,19.0,,61.0,27.0,38.0,45.0,24.0,,25.0,55.0,22.0,3.0,28.0,21.0,52.0,29.0,10.0,,,16.0,31.0,38.0,11.0,42.0,25.0,19.0,31.0,,,38.0,12.0,10.0,30.0,43.0,44.0,30.0,21.0,25.0,20.0,,38.0,,25,,28.0,,33.0,60.0,11.0,23.0,28.0,50.0,37.0,18.0,63.0,,24.0,58.0,13.0,48.0,19.0,,4.0,29.0,40.0,15.0,43.0,29.0,,35.0,28.0,18.0,62.0,45.0,42.0,35.0,34.0,,40.0,26.0,40.0,,39.0,27.0,31.0,,22.0,51.0,47.0,8,26.0,18.0,32.0,20.0,34.0,17.0,37.0,,,16,40.0,54.0,39.0,46.0,36.0,49.0,,43.0,31.0,32.0,,38.0,32.0,17.0,49.0,22.0,21,22.0,36.0,,47.0,13.0,8.0,17.0,24.0,35.0,58.0,19.0,,33.0,35.0,,21.0,25.0,,21.0,9.0,22.0,10.0,35.0,19.0,16,12,27.0,24.0,14.0,19.0,22.0,36.0,39.0,19.0,,16.0,19.0,36.0,60.0,8.0,,44.0,27.0,14.0,47.0,60.0,10.0,63.0,,17.0,35.0,36.0,37.0,23.0,55.0,17.0,48.0,37.0,17.0,,38.0,25.0,23.0,27.0,46.0,20.0,26.0,57.0,38.0,55.0,34.0,16.0,18.0,24.0,13,32.0,38.0,27.0,23.0,16,40.0,,,32.0,11.0,,14.0,33.0,37,27.0,18.0,50.0,,,8.0,34.0,27,,50.0,18.0,63.0,26,35.0,29.0,53.0,40.0,21.0,30.0,19.0,30.0,23.0,,22.0,42.0,20.0,31.0,59.0,32.0,,,47.0,28.0,29.0,23.0,46.0,44.0,24,21.0,23.0,23.0,56.0,45.0,23.0,12.0,47.0,41.0,17.0,40.0,12.0,28.0,15,17.0,20.0,7.0,,4.0,36.0,64.0,22.0,24.0,63.0,40.0,34.0,23.0,35.0,25.0,0.0,36.0,,,52.0,42.0,29.0,55.0,46.0,43.0,61.0,21.0,36.0,48.0,40.0,42.0,56.0,40.0,24.0,,,32.0,33.0,22.0,12.0,30.0,33.0,11.0,,,33.0,21.0,,51.0,42.0,,26.0,4.0,23.0,,13.0,24.0,23.0,32.0,,51.0,13.0,26.0,,30.0,34.0,21.0,38.0,,15,18.0,,,20.0,,,35.0,18.0,20.0,41.0,49.0,,17.0,10.0,45.0,16.0,37.0,32.0,42.0,23.0,10.0,,30.0,25.0,28.0,46.0,26.0,53.0,32.0,14.0,18.0,31.0,49.0,23.0,10.0,53.0,23.0,,11.0,27.0,40.0,20.0,63.0,30.0,9.0,39.0,,29.0,30.0,19.0,47.0,20.0,14.0,26.0,24.0,48.0,23.0,36.0,17.0,39.0,51.0,41.0,55.0,29.0,18.0,,19.0,,45.0,46.0,25.0,,15.0,21.0,48.0,35.0,,46.0,1.0,,15.0,48.0,35.0,,19.0,44.0,16.0,30.0,41.0,37.0,,24.0,43.0,,13.0,50.0,38.0,44.0,20.0,,,0.0,21.0,47.0,,28.0,21.0,43.0,20.0,31.0,14.0,54.0,,14.0,12.0,21.0,25.0,53.0,34.0,52.0,58.0,37.0,48.0,,23.0,,28.0,,20,61.0,17.0,15.0,20.0,36.0,23.0,52.0,28.0,26.0,,21,19.0,9.0,29.0,11.0,25.0,20.0,32.0,,5,24.0,34.0,27.0,54.0,,29.0,23.0,,24.0,37.0,38.0,16.0,29.0,23.0,33.0,23.0,,,63.0,43.0,63.0,15.0,20.0,49.0,35.0,35.0,24.0,21.0,60.0,,26.0,,35.0,44.0,15.0,42.0,17.0,34.0,34.0,18.0,23.0,43.0,,0.0,11.0,,61.0,28.0,23.0,44.0,32.0,,,,11.0,,32.0,60.0,42.0,44.0,20.0,16.0,57.0,25.0,,22.0,40.0,27.0,31.0,49.0,29.0,24.0,52.0,19.0,62.0,23.0,,24.0,59.0,38.0,48.0,27.0,,,40.0,,,49.0,30.0,27.0,29.0,13.0,28.0,,28.0,48.0,11.0,47.0,28.0,26.0,33.0,,58.0,,24.0,57.0,,63.0,11,28.0,21.0,36.0,35.0,12.0,29.0,,50.0,19.0,27.0,27.0,25.0,31.0,41.0,7.0,12.0,24.0,,29.0,53.0,41.0,19.0,49.0,36.0,31.0,16.0,45.0,,32.0,56.0,24.0,32.0,21.0,17.0,30.0,43.0,64.0,37.0,,64.0,44.0,50.0,,35.0,28.0,59.0,23.0,,41.0,26.0,49.0,26.0,19.0,32.0,38.0,31.0,16.0,,29.0,34.0,,47.0,19.0,26.0,38.0,46.0,31.0,,17.0,26.0,44.0,51.0,54.0,27.0,37.0,35.0,0.0,43.0,25.0,25,42.0,19.0,19,17.0,17.0,,22.0,28.0,7.0,37.0,,0.0,48.0,,,39.0,53.0,32.0,23.0,37.0,,47.0,33.0,7.0,23.0,48.0,32.0,40.0,,37.0,11.0,25.0,63.0,26.0,0.0,,57.0,60.0,44.0,41.0,17.0,29.0,25.0,,28.0,30.0,53.0,25.0,34.0,37.0,18.0,21.0,51.0,56.0,,11.0,26.0,27.0,56.0,,,44.0,30.0,22.0,63.0,0.0,23.0,6.0,,18.0,20.0,27.0,15.0,36.0,25.0,27.0,60.0,24.0,0.0,30.0,13.0,21.0,19.0,19.0,33.0,44.0,,14.0,28.0,,,44.0,,10.0,34.0,18.0,40.0,10.0,61.0,27.0,19.0,,26.0,24.0,23.0,27.0,62.0,31.0,12.0,26.0,36.0,,18.0,21.0,17.0,20.0,45.0,50.0,12.0,45.0,40.0,54.0,35.0,21.0,26.0,,,16.0,45.0,30.0,29.0,24.0,36.0,33.0,20.0,,17.0,,12.0,36.0,26.0,33.0,12.0,53.0,,24.0,12.0,9.0,62.0,30.0,15.0,22.0,,16.0,37.0,31.0,52.0,,24.0,26.0,43.0,26.0,15.0,,32.0,43.0,25.0,7.0,,18.0,,15.0,13.0,,26.0,18.0,31.0,36.0,40.0,,8.0,28.0,19.0,26.0,,22.0,,47.0,20.0,25.0,0.0,,,57.0,,61.0,,,,56.0,46.0,16.0,15.0,,,,36.0,,16.0,22.0,0.0,47.0,,21.0,63.0,17.0,27.0,35.0,54.0,35.0,27.0,44.0,33.0,34.0,18.0,,15.0,59.0,,17.0,28.0,0.0,24.0,25.0,,45.0,52.0,19.0,49.0,34.0,3.0,58.0,,,,,32.0,53.0,20.0,,,55.0,22.0,12.0,38.0,13.0,36.0,25.0,56.0,33.0,43.0,53.0,14.0,37.0,13.0,,12.0,30.0,8.0,59.0,,,52.0,24.0,,44.0,,28.0,23.0,42.0,,25.0,17.0,52.0,44.0,43.0,25.0,,40.0,,7.0,,36.0,,22.0,41.0,31.0,32.0,58.0,8.0,21.0,29.0,30.0,19.0,33.0,25.0,8.0,33.0,,26.0,47.0,30.0,,53.0,,50.0,28.0,,19.0,34.0,56.0,42.0,34.0,34.0,36.0,26.0,24.0,24.0,16.0,12.0,23.0,16.0,29.0,9.0,12.0,31.0,,48.0,,18.0,22.0,50.0,,55.0,54.0,58.0,64.0,31.0,28.0,38.0,62.0,14.0,9.0,43.0,48.0,8.0,38.0,64.0,21.0,40.0,,44.0,39.0,28.0,37.0,31.0,21.0,27.0,45.0,17.0,,51.0,,52.0,61.0,,41.0,,,44.0,47.0,29.0,63.0,19.0,42.0,46.0,18.0,28.0,31.0,63.0,46.0,,57.0,11.0,59.0,37.0,,,11.0,15.0,,12.0,,50.0,9.0,18.0,,8.0,49.0,,43.0,35.0,22.0,38.0,,54.0,26.0,31.0,25.0,39.0,60.0,45.0,,41.0,43.0,16.0,,20.0,11.0,48.0,38.0,45.0,46.0,45.0,19.0,40.0,,28.0,29.0,,47.0,22.0,47.0,49.0,49.0,9.0,39.0,44.0,45.0,34.0,41.0,56.0,,,54.0,36.0,52.0,41.0,29.0,37.0,31.0,,55.0,46.0,9.0,50.0,52.0,18.0,40.0,28.0,,31.0,16.0,,,,29.0,52.0,28.0,6.0,18.0,62.0,17.0,16.0,15.0,49.0,23.0,53.0,32.0,,26.0,17.0,,39.0,58.0,44.0,12.0,,15.0,32.0,15.0,48.0,9.0,54.0,,,4.0,,26.0,31.0,22.0,29.0,63.0,,36.0,22.0,60.0,,,47.0,33.0,33.0,23.0,,36.0,49.0,46.0,19.0,30.0,9.0,35.0,,18.0,27.0,22.0,46.0,19.0,,8.0,21.0,23.0,23.0,36.0,57.0,24.0,,38.0,,,23.0,15.0,51.0,16.0,21.0,18.0,39.0,9.0,,12.0,28.0,37.0,,24.0,41.0,,18.0,,24.0,,32.0,52.0,32.0,39.0,,26.0,,,15.0,,28.0,44.0,,23.0,,45.0,,32.0,,,,18.0,11.0,,41.0,61.0,29.0,16.0,43.0,40.0,31.0,,,22.0,15.0,22.0,,20.0,,64.0,44.0,21.0,26.0,,55.0,38.0,,36.0,29.0,,17.0,14.0,43.0,,,23.0,43.0,59.0,58.0,47.0,,64.0,9.0,,21.0,,25.0,17.0,,,17.0,45.0,41.0,28.0,,27.0,63.0,30.0,,,48.0,27.0,56.0,11.0,,,36.0,39.0,,15.0,43.0,13.0,,13.0,54.0,26.0,27.0,20.0,45.0,34.0,47.0,,6.0,54.0,55.0,19.0,,25.0,28.0,28.0,38.0,12.0,30.0,,17.0,,42.0,,,40.0,,48.0,19.0,21.0,62.0,38.0,,26.0,38.0,43.0,25.0,,34.0,29.0,57.0,26.0,18.0,39.0,,,19.0,8.0,,,30.0,12.0,24.0,52.0,,,,63.0,2.0,29.0,62.0,27.0,12.0,20.0,,43.0,0.0,35.0,20.0,,44.0,13.0,,43.0,,,54.0,13.0,64.0,44.0,,,38.0,37.0,62.0,28.0,,,59.0,16.0,38.0,,38.0,19.0,12.0,18.0,10.0,,57.0,13.0,,29.0,,14.0,13.0,,25.0,12.0,57.0,,42.0,10.0,57.0,29.0,36.0,51.0,32.0,38.0,48.0,23.0,,,41.0,25.0,15.0,53.0,27.0,35.0,64.0,18.0,,,,,38.0,59.0,,,22.0,,37.0,,56.0,,32.0,45.0,0.0,34.0,,44.0,,,36.0,9.0,,15.0,64.0,38.0,28.0,37.0,27.0,30.0,,36.0,40.0,,23.0,36.0,14.0,24.0,53.0,,59.0,,0.0,61.0,17.0,0.0,48.0,13.0,,,59.0,12.0,33.0,9.0,48.0,14.0,47.0,27.0,43.0,12.0,55.0,46.0,,27.0,28.0,47.0,23.0,21.0,62.0,12.0,53.0,8.0,,10.0,49.0,20.0,60.0,46.0,53.0,30.0,23.0,32.0,56.0,13.0,42.0,,32.0,64.0,33.0,22.0,42.0,7.0,22.0,,56.0,31.0,19.0,15.0,,56.0,,28.0,19.0,37.0,22.0,23.0,29.0,26.0,37.0,23.0,6.0,,,12.0,20.0,34.0,42.0,46.0,21.0,,22.0,,21.0,26.0,56.0,,36.0,22.0,39.0,64.0,,,25.0,51.0,26.0,,,51.0,,62.0,16.0,35.0,,52.0,63.0,,30.0,31.0,24.0,18.0,10.0,,18.0,32.0,,32.0,,,,20.0,44.0,25.0,,27.0,,36.0,42.0,,16.0,18.0,35.0,18.0,17.0,,32.0,,52.0,,39.0,22.0,14.0,56.0,21.0,,18.0,29.0,40.0,24.0,39.0,33.0,14.0,39.0,,4.0,21.0,16.0,,40.0,19.0,50.0,64.0,42.0,53.0,56.0,57.0,46.0,30.0,56.0,34.0,55.0,50.0,39.0,31.0,11.0,56.0,20.0,14.0,38.0,40.0,34.0,56.0,30.0,23.0,54.0,13.0,55.0,21.0,60.0,48.0,53.0,28.0,28.0,44.0,19.0,53.0,,35.0,41.0,48.0,,40.0,31.0,20.0,62.0,,25.0,15.0,30.0,,,,,,32.0,32.0,,,53.0,56.0,34.0,31.0,28.0,,46.0,11.0,36.0,47.0,25.0,17.0,6.0,38.0,33.0,43.0,15.0,55.0,0.0,63.0,,52.0,37.0,,,60.0,,,,,,,16.0,29.0,90,3,2.4979253112033195,19.05201486138897,-0.3457083757354461
3,1,4,2,4,6,6,7,5,2,3,2,7,5,10,8,14,2,29,5,10,10,12,0,10,10,11,9,5,8,8,3,5,6,8,5,7,4,6,10,7,21.0,8,10,5,5,19,8,12,26,11,11,11,6,0,23,9,17,7,8,12,15,19,18,8.0,10,23,6,14,8,14,12,13,9,9,13,9,20,13,12,12,12,7,8,14,20,13,11,13,0,14,11,16,0,11,9,13,7,7,13,25,20,15,7,11,16,12,18,13,8,13,12.0,18,20,12.0,16,23,11,14,21,16,28,11,19,4,13,18,10.0,12,8,14,11,22.0,4,13,16.0,16,13,8,13,2,22,3,19,10.0,30.0,13,12.0,8,16,9,30,1.0,13,20,21,15,,25,5,9,15,12,18,17,16.0,15,16,13,22,22,13.0,11,19,13,40,29,24.0,17,14.0,15,12,5,19,18,41.0,20.0,8,19,21.0,19.0,14,41,8,14,38,16,17,17.0,21,17,53.0,13,3,28,5,19.0,18,16,59,15,,15,38,10,26,18,18,17,16.0,21.0,5,12,28,40.0,17,13,28,17.0,16,6.0,9.0,17,13,18.0,19,17,16,20.0,35.0,2,16,15,16,31,20.0,17,13,11,12,9,22,17.0,29.0,9,15.0,11.0,27.0,20.0,28,17.0,6,31,27,19.0,21.0,40.0,53.0,0.0,11,23.0,30.0,21.0,19,37,33.0,18,28,24,23.0,50.0,15.0,26,15.0,11,21,8.0,14.0,21,0.0,13.0,3,33,26.0,7,21.0,14.0,25.0,22,25,12.0,16,29,26,21,14,24,19,17,13,9,41,19,17.0,18.0,5,13,19,16.0,21.0,23,26,27,21.0,13,19.0,17,15,23,10,15,19.0,11,14.0,17,20,16.0,19,12,13,29.0,25.0,13,19.0,55.0,53.0,9.0,27.0,15,21.0,15,20,24,44.0,10,33.0,26.0,10,15.0,33.0,30.0,29,10.0,17,27,20,12,22,25,33,20.0,11,20.0,22,7,13,15.0,17,38.0,22,6.0,5,,31,17,17.0,21,15.0,13,22.0,34.0,29,25,11.0,53.0,14.0,31.0,,12,14.0,10.0,32,28.0,29,13,40.0,,33,15.0,25,12.0,49.0,16,34,20,10.0,18,20.0,,40,,14,23.0,17,14,17,26.0,46.0,14,12,24,,37.0,24,18,24.0,19,33.0,11.0,36.0,7.0,,14.0,25.0,39.0,25.0,17.0,8,25,24.0,21.0,29.0,,24.0,49.0,56.0,31.0,10,18,12.0,15.0,14,27.0,55.0,,15.0,23.0,10.0,8,20,19.0,29.0,36.0,17.0,31,36.0,12.0,22.0,11,21,19,43.0,21.0,13.0,22.0,21,39,19.0,30.0,13,0.0,36.0,30,,18.0,29.0,27,16.0,2,12.0,52.0,17.0,18,32.0,38,4.0,11,19,32.0,14.0,11.0,,21,21,42,14.0,20,23.0,20,17,24.0,23,25,47.0,20.0,12,25,20.0,15.0,43.0,46.0,39.0,13.0,22,45.0,17,18,48.0,21.0,22.0,41.0,,26.0,21,59,40.0,,31.0,21.0,13.0,19.0,11,13.0,30,26.0,25.0,13.0,53.0,21,30.0,23,,54.0,14.0,40,12.0,,,17,16,35.0,39.0,30.0,,27.0,14.0,27.0,16.0,17.0,,45.0,13.0,25,24,15.0,53.0,47.0,12,12,11,17,28.0,13.0,18,1,6.0,34.0,15,19.0,16.0,32.0,0,47.0,52.0,36.0,6,39.0,25.0,20.0,27.0,19.0,35.0,22,31.0,14,7.0,12,19,23,52.0,37.0,31.0,30.0,49.0,11.0,22.0,15.0,9.0,0.0,19.0,14,38.0,,41,10.0,43.0,21.0,38.0,25,38.0,12.0,,30,13,58.0,14,14.0,26.0,27.0,,17,30.0,19,10,33.0,11,,8,0.0,28.0,50.0,14,11,,33.0,21,21.0,37,31.0,15,21.0,41.0,30.0,41.0,26.0,42.0,0,17.0,45.0,14.0,27.0,21.0,,,16,15,34.0,3,29,14,42.0,18.0,,18.0,29.0,4.0,26,15.0,28.0,,8,,33.0,20.0,17.0,,26,26.0,19.0,25.0,29.0,23.0,,17.0,17,12.0,55.0,,28.0,,23.0,,20,26.0,26.0,16.0,13.0,23,17,26.0,4.0,12,50.0,8.0,22.0,7,44.0,3.0,20.0,36.0,16,17.0,30.0,27.0,38.0,27.0,23.0,9.0,24.0,46.0,17,20,33.0,45.0,10.0,21.0,17.0,10.0,27.0,22.0,8.0,27.0,32,13,18.0,27,32.0,26.0,6.0,38.0,15,27,27.0,22.0,10.0,24.0,13.0,21.0,44.0,,12.0,24,36.0,24.0,16.0,28.0,26.0,32.0,33,26.0,26.0,24.0,20,32.0,29.0,,33.0,24.0,27.0,18,50.0,32,36.0,14.0,35.0,18.0,16.0,18.0,25.0,,26.0,23.0,45.0,,19.0,,9.0,42.0,31.0,18.0,15.0,39.0,32.0,19,6.0,29.0,13,32.0,28.0,7,17.0,10.0,42.0,28,39,25,15.0,24.0,,24.0,6.0,40.0,15.0,10.0,4.0,24,39.0,25,31.0,30,40,20.0,18,23.0,5.0,42.0,37.0,10,19.0,31.0,20.0,5.0,60.0,16.0,29,17.0,22,61.0,28.0,,31,32.0,21,33,33.0,9.0,26.0,13,40.0,47.0,26,29.0,,,28.0,,19.0,20.0,11.0,17,40.0,39.0,15.0,17.0,17.0,41.0,37.0,14.0,16,46.0,33,13.0,31.0,,23.0,17,20,29.0,31.0,18.0,32.0,41.0,58.0,33.0,33.0,60.0,12,20.0,18.0,42,18,21.0,46.0,16,,21.0,28,24.0,16,13,43,25.0,14.0,40.0,35.0,44.0,60.0,,,22.0,16.0,25.0,28.0,30.0,38.0,22.0,26.0,13.0,25.0,8.0,14.0,23.0,15.0,35.0,29.0,39.0,56.0,23.0,,21.0,22.0,28.0,27.0,32.0,20.0,0.0,44.0,33.0,45.0,33.0,16.0,17.0,23.0,35.0,28.0,13.0,56.0,57.0,28.0,30,32.0,,2.0,9,30.0,28.0,23.0,13.0,45.0,34.0,21.0,6.0,,22.0,15.0,42.0,17.0,57.0,19.0,38.0,23.0,20.0,43.0,17.0,17.0,57.0,,12.0,28.0,36.0,18.0,28.0,27,39.0,36.0,17.0,11,12.0,18.0,7.0,13.0,9.0,25.0,24.0,45.0,16.0,38,25.0,59.0,25.0,37.0,34.0,14.0,26,20,30.0,48.0,18.0,26.0,,44.0,61,38,,61.0,,26.0,31.0,39.0,33.0,28.0,27.0,57.0,31.0,57.0,5.0,47.0,0.0,27.0,37,11.0,59.0,17.0,,8.0,26,25.0,23,38.0,29,55.0,32.0,53.0,27.0,,20.0,31.0,21.0,25.0,11.0,17.0,32.0,29,24.0,30.0,13.0,12.0,43.0,12,9.0,17.0,27.0,0.0,21.0,33.0,55.0,27.0,38.0,22,17,10.0,26.0,45.0,22.0,34.0,41.0,,38.0,33,,38.0,26.0,30.0,25.0,22.0,22.0,10.0,49,10.0,26.0,39.0,20,16,,59.0,42.0,27.0,19.0,47.0,,59.0,39.0,,48.0,15.0,11.0,,54.0,25,49.0,,13.0,33.0,17.0,28,5.0,28.0,13,11.0,29.0,,,52.0,45.0,18.0,23.0,34.0,24.0,28.0,18,15.0,32.0,57.0,14.0,21,42.0,43.0,26.0,17.0,19.0,25.0,16.0,32.0,31.0,42.0,37.0,31.0,18.0,8,8,,27.0,17.0,26.0,32.0,0,29,24.0,37.0,31.0,32.0,,49.0,10.0,27.0,14.0,22.0,38.0,49.0,40.0,,31.0,22,30,46.0,52.0,60.0,5.0,,14,41.0,2.0,55.0,25.0,46.0,33.0,33.0,55.0,,11.0,,17.0,33.0,12.0,39.0,23,37.0,20.0,18,38.0,,17.0,16.0,19.0,25.0,31.0,48.0,17.0,39.0,26.0,43.0,24.0,48.0,32.0,18.0,28.0,37.0,27.0,25.0,0.0,,39.0,26.0,45.0,55.0,,25.0,21.0,,9.0,54.0,47.0,21.0,37.0,24.0,22.0,16.0,19.0,5.0,30.0,19.0,14.0,28.0,59.0,30.0,39.0,50.0,12.0,7.0,12.0,25.0,19.0,,49.0,,27.0,,54.0,11.0,47.0,15,21.0,29.0,16.0,36.0,,15.0,20.0,23.0,5.0,41.0,15.0,10.0,35.0,58.0,41.0,26.0,42.0,0.0,,7.0,42.0,41.0,25.0,33.0,23.0,,54.0,37.0,25.0,,,41.0,45.0,26.0,16.0,19.0,34.0,22.0,41.0,41.0,36.0,,25.0,23.0,35.0,33.0,24,26.0,23.0,17.0,28.0,57.0,,21.0,61.0,14.0,29,38.0,32.0,37.0,32.0,15.0,29.0,34.0,10.0,28.0,51.0,30.0,37.0,15.0,44.0,27.0,56.0,33,32.0,5.0,,36.0,21.0,35.0,,36.0,26.0,36.0,29.0,15.0,15.0,37.0,12.0,36.0,60.0,18.0,46.0,39.0,,,34.0,5.0,40,16,15.0,38.0,27.0,23.0,59.0,41.0,19.0,,17.0,18.0,32.0,,30.0,32.0,51.0,,55.0,32.0,14.0,38.0,25.0,9.0,19.0,44.0,40.0,,50.0,42.0,,11.0,45.0,,,55.0,,,39.0,23.0,19.0,16.0,,,39.0,23.0,48.0,8.0,18.0,31.0,13,48.0,30.0,22.0,,34,8.0,17.0,,39.0,27.0,22.0,20.0,19.0,34,,23.0,22.0,45.0,,26.0,35.0,19,37.0,34.0,11.0,38.0,28,,11.0,27.0,54.0,,30.0,,61.0,10.0,22.0,22.0,,53.0,16.0,,27.0,,35.0,29.0,,29.0,34.0,11.0,19.0,47,,,25.0,,31.0,29.0,25.0,48.0,25.0,24.0,,29.0,22.0,39,16.0,20.0,12.0,,,33.0,41.0,31.0,,27.0,25.0,19.0,,32.0,32.0,,2.0,47.0,29.0,25.0,22.0,15.0,19.0,12.0,45.0,,25.0,20.0,13.0,19.0,16.0,14.0,39.0,18.0,26.0,,9.0,23.0,28.0,37.0,7.0,28.0,2.0,,26.0,27.0,,18.0,,22.0,45.0,28.0,43.0,30.0,27.0,0.0,16.0,43.0,,18.0,0.0,26.0,2.0,24.0,39.0,30.0,25.0,14.0,,26,7.0,49.0,4.0,29.0,47.0,8.0,25.0,24.0,22.0,,34.0,,18.0,7.0,,42.0,20.0,41.0,23.0,,21.0,0.0,4.0,50.0,,34.0,43.0,,12.0,28.0,51.0,19.0,19.0,8.0,5.0,52.0,26.0,0.0,48.0,19.0,24.0,36.0,36.0,46.0,10.0,30.0,,27.0,21.0,37.0,46.0,41.0,18.0,33.0,23.0,54.0,23.0,12.0,56.0,31.0,39.0,30.0,38.0,41.0,32.0,3.0,28.0,14.0,45.0,24.0,,28.0,3.0,9.0,21.0,61.0,31.0,24.0,38.0,,15.0,30.0,14.0,43.0,12.0,52.0,46.0,,26.0,25.0,5.0,50.0,28.0,44.0,26.0,38.0,22.0,,33.0,7.0,57.0,41.0,48.0,10.0,46.0,26.0,30.0,,38.0,47.0,,13.0,20.0,37.0,27.0,46.0,30.0,24.0,,45.0,13.0,34.0,43.0,,17.0,44.0,,10.0,27,18.0,,,18.0,40.0,19.0,35.0,20.0,15.0,50.0,6,,,59.0,40.0,0.0,10.0,29.0,35.0,23,38.0,,11.0,13.0,,,46.0,36.0,,23.0,,15.0,32.0,59.0,39.0,,24.0,20.0,57.0,13.0,20.0,32.0,30.0,26.0,29.0,49.0,44.0,24.0,29.0,48.0,5.0,,10.0,33.0,26.0,,47.0,26.0,43.0,60.0,38.0,32.0,26.0,15.0,26.0,39.0,9.0,,13.0,20.0,32.0,31.0,,,0.0,21.0,26.0,21.0,,,32.0,17.0,19.0,47.0,29.0,34.0,16.0,,39.0,32.0,30.0,58.0,48.0,22.0,11.0,18.0,49.0,59.0,34.0,18.0,43.0,24.0,29.0,22.0,18.0,52.0,,19.0,,27.0,8.0,,,24.0,,38.0,22.0,51.0,21.0,22.0,44.0,19.0,38.0,51.0,21.0,,,25.0,24,31.0,37.0,21.0,39.0,,12.0,29.0,22.0,15.0,,29.0,41.0,,26.0,14.0,44.0,32.0,,43.0,24.0,39.0,28.0,29.0,20.0,50.0,30.0,25.0,25.0,31.0,21.0,19.0,24.0,,13.0,20.0,21.0,,37.0,34.0,20.0,24.0,,22.0,15.0,25.0,38.0,19.0,40.0,33.0,51.0,,28.0,32.0,43.0,,6.0,21.0,55.0,9.0,26.0,41.0,34.0,17.0,34.0,,,,27.0,47.0,,10.0,34.0,7.0,32.0,48.0,,,35.0,,18,49.0,51.0,14,34.0,18.0,19.0,,30.0,15.0,20.0,,30.0,37.0,30.0,60.0,59.0,14.0,36.0,43.0,38.0,55.0,23.0,35.0,35.0,22.0,25.0,12.0,26.0,26.0,32.0,43.0,,16.0,20.0,52.0,28.0,16.0,27.0,42.0,50.0,21.0,16.0,19.0,,12.0,39.0,61.0,,25.0,57.0,29.0,17.0,28.0,29.0,8.0,29.0,18.0,18.0,20.0,,33.0,28.0,,29.0,26.0,21.0,10.0,7.0,,22.0,13.0,34.0,,23.0,5.0,52.0,43.0,21.0,28.0,,,44.0,17.0,22.0,,52.0,40.0,31.0,40.0,20.0,51.0,24.0,21.0,60.0,42.0,7.0,13.0,23.0,14.0,,30.0,,,45.0,35.0,25.0,28.0,,27.0,19.0,19.0,23.0,,16.0,29.0,58.0,43.0,11.0,34.0,37.0,,22.0,14.0,21.0,28.0,20.0,59.0,44.0,39.0,43.0,32.0,19.0,58.0,58.0,34.0,,32.0,53.0,40.0,48.0,47.0,13.0,38.0,21.0,,51.0,19.0,,20.0,15.0,14.0,37.0,44.0,6.0,38.0,11.0,41.0,22.0,,12.0,50.0,24.0,43.0,,,35.0,7.0,34.0,,42.0,5.0,47.0,,,20.0,39.0,40.0,12.0,,24.0,9.0,38.0,,16.0,15.0,26.0,,59.0,24.0,29.0,,,23.0,,29.0,29.0,,,,,12.0,25.0,50.0,,27.0,,30.0,,,20.0,,28.0,55.0,22.0,40.0,23.0,53.0,,,,42.0,,47.0,56.0,22.0,17.0,24.0,9.0,37.0,21.0,33.0,29.0,55.0,31.0,51.0,18.0,10.0,25.0,9.0,,11.0,61.0,24.0,47.0,45.0,,,19.0,,,16.0,21.0,20.0,29.0,,14.0,,21.0,21.0,41.0,26.0,29.0,25.0,8.0,28.0,15.0,12.0,,48.0,35.0,,12.0,32.0,27.0,34.0,11.0,21.0,8.0,42.0,26.0,,,17.0,9.0,27.0,20.0,28.0,24.0,51.0,30.0,,13.0,33.0,33.0,41.0,26.0,61.0,21.0,31.0,,35.0,59.0,34.0,24.0,50.0,16.0,33.0,37.0,32.0,,55.0,39.0,35.0,18.0,32.0,15.0,35.0,,17.0,30.0,32.0,,40.0,,39.0,27.0,15.0,8.0,23.0,27.0,20.0,45.0,29.0,20.0,,0.0,35.0,,19.0,15.0,48.0,25.0,33.0,34.0,33.0,32.0,,19.0,,28.0,,,,40.0,16.0,,52.0,,34.0,45.0,44.0,57.0,,33.0,23.0,21.0,40.0,,17.0,25.0,11.0,31.0,,15.0,,40.0,29.0,56.0,8.0,52.0,44.0,5.0,13.0,35.0,,49.0,3.0,21.0,,56.0,30.0,14.0,37.0,34.0,8.0,,54.0,29.0,49.0,49.0,,23.0,26.0,17.0,30.0,30.0,45.0,38.0,42.0,26.0,19.0,,27.0,14.0,,22.0,48.0,42.0,16.0,57.0,,32.0,25.0,50.0,,40.0,57.0,55.0,26.0,47.0,55.0,10.0,57.0,53.0,44.0,14.0,33.0,26.0,24.0,23.0,61.0,33.0,,,12.0,58.0,25.0,,33.0,25.0,52.0,13.0,0.0,,9.0,61.0,22.0,,20.0,,17.0,6.0,15.0,18.0,12.0,,18.0,18.0,,22.0,16.0,,37.0,56.0,35.0,,,,30.0,31.0,,46.0,,21.0,32.0,,52.0,44.0,57.0,44.0,,25.0,26.0,,34.0,31.0,57.0,43.0,,27.0,,25.0,,28.0,,57.0,28.0,42.0,18.0,27.0,26.0,47.0,,33.0,22.0,34.0,26.0,20.0,47.0,16.0,43.0,36.0,12.0,,32.0,,,17.0,52.0,,,,32.0,61.0,55.0,,43.0,39.0,0.0,17.0,20.0,,60.0,47.0,61.0,32.0,59.0,42.0,17.0,,35.0,27.0,31.0,33.0,,1.0,33.0,29.0,19.0,49.0,16.0,,39.0,,14.0,26.0,11.0,41.0,27.0,,24.0,2.0,31.0,58.0,33.0,26.0,,,17.0,,,39.0,0.0,49.0,31.0,,24.0,,19.0,24.0,24.0,52.0,61.0,38.0,19.0,40.0,,,17.0,61.0,,,39.0,,19.0,44.0,24.0,,40.0,,20.0,37.0,53.0,49.0,46.0,19.0,27.0,29.0,30.0,14.0,16.0,44.0,18.0,18.0,,,,24.0,38.0,17.0,44.0,28.0,25.0,44.0,31.0,32.0,12.0,42.0,,41.0,38.0,27.0,,26.0,25.0,31.0,,33.0,23.0,21.0,15.0,19.0,,19.0,15.0,,40.0,,7.0,31.0,15.0,54.0,,21.0,,39.0,35.0,19.0,,44.0,61.0,25.0,34.0,,60.0,33.0,25.0,42.0,30.0,24.0,23.0,39.0,,,17.0,8.0,,22.0,29.0,,46.0,12.0,42.0,39.0,,26.0,60.0,28.0,54.0,,,23.0,39.0,,33.0,,32.0,30.0,50.0,61.0,22.0,37.0,18.0,47.0,,17.0,49.0,,29.0,,58.0,28.0,60.0,,50.0,24.0,10.0,23.0,,40.0,56.0,,31.0,37.0,19.0,,55.0,29.0,44.0,22.0,14.0,55.0,15.0,20.0,29.0,15.0,27.0,22.0,15.0,47.0,53.0,,36.0,8.0,51.0,,39.0,4.0,36.0,17.0,36.0,,15.0,,,0.0,47.0,49.0,36.0,41.0,48.0,17.0,52.0,33.0,11.0,31.0,,,31.0,30.0,39.0,24.0,24.0,33.0,53.0,26.0,51.0,60.0,,18.0,,12.0,21.0,25.0,32.0,0.0,52.0,31.0,21.0,,,50.0,13.0,37.0,48.0,58.0,23.0,15.0,56.0,33.0,59.0,,52.0,28.0,55.0,,57.0,24.0,39.0,60.0,,28.0,42.0,58.0,17.0,61.0,40.0,,20.0,,,,34.0,40.0,33.0,43.0,48.0,31.0,24.0,,31.0,25.0,,,33.0,33.0,,43.0,12.0,30.0,10.0,37.0,46.0,27.0,10.0,,,35.0,,0.0,22.0,,21.0,,33.0,14.0,52.0,33.0,,,49.0,49.0,32.0,29.0,,58.0,46.0,,36.0,,52.0,58.0,41.0,21.0,6.0,21.0,12.0,,50.0,,13.0,,9.0,16.0,27.0,40.0,53.0,27.0,,23.0,29.0,39.0,35.0,15.0,20.0,32.0,,,34.0,51.0,34.0,,21.0,,,61.0,,,,32.0,35.0,,17.0,,32.0,33.0,,,38.0,26.0,29.0,14.0,13.0,46.0,,26.0,15.0,,23.0,,,24.0,28.0,29.0,28.0,41.0,29.0,34.0,,21.0,47.0,,17.0,40.0,40.0,42.0,26.0,,22.0,21.0,59.0,13.0,,14.0,16.0,34.0,11.0,32.0,,9.0,35.0,51.0,13.0,42.0,32.0,2.0,46.0,29.0,30.0,12.0,42.0,15.0,33.0,56.0,31.0,56.0,45.0,45.0,59.0,39.0,23.0,37.0,40.0,15.0,32.0,56.0,19.0,40.0,50.0,17.0,27.0,,,22.0,7.0,8.0,43.0,,45.0,,11.0,48.0,,,20.0,27.0,,,43.0,,,41.0,54.0,11.0,49.0,,33.0,,33.0,31.0,,,11.0,,,25.0,34.0,21.0,43.0,46.0,,,,42.0,21.0,21.0,,32.0,41.0,,52.0,15.0,,,26.0,,14.0,,9.0,,60.0,48.0,40.0,33.0,8.0,28.0,35.0,46.0,48.0,34.0,,,31.0,52.0,38.0,47.0,11.0,23.0,36.0,,,,,36.0,44.0,,91,3,2.493793103448276,18.647646219686163,-0.3360968038087718
7,7,8,8,9,13,11,10,8,9,8,9,13,10,11,11,13,11,20,14,9,17,10,10,13,14,14,10,2,15,9,14,11,12,16,12,16,16,15,10,23,16.0,17,9,14,8,19,11,13,33,18,16,12,11,16,15,16,13,12,14,10,12,20,8,,15,5,12,17,14,19,10,17,13,16,14,21,15,18,5,25,15,16,19,16,20,15,17,15,14,19,16,31,18,19,22,15,20,6,18,21,18,13,17,16,19,16,18,16,19,8,,19,17,57.0,15,23,15,10,21,18,9,15,17,10,14,16,13.0,19,14,12,3,40.0,16,21,41.0,20,18,16,13,13,19,19,21,23.0,29.0,12,23.0,15,13,10,16,22.0,14,18,12,16,26.0,14,22,18,20,18,23,15,50.0,23,21,18,18,13,18.0,14,28,26,16,16,27.0,17,20.0,17,16,13,21,29,20.0,48.0,21,24,26.0,25.0,22,34,17,14,35,9,12,41.0,19,22,45.0,13,16,31,31,19.0,17,16,18,21,18.0,21,30,10,10,11,21,15,22.0,40.0,13,16,17,17.0,24,27,22,45.0,19,23.0,14.0,19,20,55.0,22,32,18,29.0,52.0,19,11,11,18,19,9.0,24,13,12,19,13,17,28.0,48.0,12,30.0,,57.0,16.0,23,21.0,21,12,15,16.0,38.0,32.0,16.0,22.0,17,29.0,27.0,31.0,11,26,31.0,16,19,8,27.0,60.0,,22,43.0,16,12,20.0,25.0,10,,18.0,15,13,21.0,25,20.0,21.0,41.0,29,7,15.0,37,20,10,18,27,20,18,33,15,19,15,9,27.0,28.0,19,20,21,40.0,20.0,24,30,17,11.0,22,,7,19,20,13,8,30.0,23,29.0,21,22,18.0,23,26,23,11.0,45.0,17,23.0,52.0,10.0,17.0,19.0,19,28.0,0,22,33,28.0,18,48.0,25.0,20,25.0,14.0,26.0,20,37.0,10,34,21,18,10,24,19,20.0,19,28.0,20,20,27,51.0,20,8.0,29,18.0,15,23.0,26,39,21.0,39,11.0,26,36.0,34.0,19,22,,41.0,22.0,16.0,22.0,37,34.0,12.0,20,19.0,16,12,,20.0,20,17.0,8,40.0,,18,38,20,19.0,19,39.0,39.0,15,56.0,10,19.0,12,11,25,35.0,25.0,16,26,28,25.0,20.0,25,20,31.0,20,27.0,23.0,23.0,,,,17.0,27.0,47.0,14.0,20,32,23.0,35.0,27.0,25.0,44.0,16.0,59.0,16.0,19,19,9.0,19.0,15,50.0,9.0,19.0,21.0,21.0,16.0,25,56,,29.0,17.0,25.0,21,44.0,18.0,52.0,21,23,19,51.0,18.0,15.0,35.0,26,14,33.0,38.0,20,24.0,27.0,21,,32.0,33.0,27,19.0,32,23.0,24.0,20.0,0,23.0,24,33.0,21,18,52.0,24.0,,29.0,12,20,23,14.0,11,23.0,18,28,19.0,38,23,19.0,13.0,22,20,13.0,40.0,0.0,10.0,34.0,26.0,20,,16,15,49.0,36.0,28.0,11.0,,31.0,16,42,24.0,29.0,17.0,36.0,21.0,16.0,22,58.0,11,42.0,12.0,9.0,,17,25.0,21,50.0,,22.0,27,55.0,38.0,,36,21,25.0,,28.0,50.0,25.0,20.0,46.0,56.0,11.0,40.0,19.0,34.0,24,26,,9.0,42.0,18,27,15,20,44.0,26.0,21,19,33.0,57.0,19,45.0,,15.0,21,15.0,,,14,35.0,11.0,46.0,,47.0,39.0,19,13.0,16,22.0,16,22,14,43.0,38.0,19.0,,,16.0,,24.0,14.0,25.0,21.0,0,11.0,20.0,43,22.0,43.0,26.0,27.0,27,18.0,,,19,22,19.0,9,14.0,14.0,18.0,50.0,17,24.0,13,22,52.0,18,,11,17.0,16.0,35.0,23,29,,50.0,19,30.0,13,11.0,15,0.0,12.0,21.0,,28.0,10.0,41,35.0,15.0,35.0,21.0,35.0,18.0,61.0,12,26,35.0,17,15,16,17.0,,20.0,47.0,16.0,,37,20.0,25.0,28.0,19,,18.0,19.0,41.0,,38,15.0,5.0,28.0,58.0,19.0,13.0,18.0,34,31.0,35.0,19.0,47.0,,17.0,40.0,20,,39.0,34.0,32.0,18,16,,11.0,19,27.0,31.0,19.0,21,14.0,9.0,47.0,19.0,17,14.0,29.0,21.0,54.0,34.0,21.0,,46.0,12.0,28,23,,31.0,22.0,24.0,35.0,16.0,27.0,,24.0,41.0,25,16,19.0,31,39.0,20.0,30.0,29.0,40,14,40.0,26.0,26.0,24.0,,38.0,27.0,26.0,58.0,10,38.0,,31.0,20.0,40.0,26.0,19,37.0,25.0,16.0,24,,25.0,14.0,38.0,34.0,28.0,39,21.0,21,9.0,,10.0,28.0,21.0,32.0,44.0,26.0,22.0,15.0,,,44.0,54.0,59.0,19.0,21.0,29.0,,24.0,45.0,24,50.0,54.0,38,57.0,29.0,19,21.0,19.0,25.0,35,34,15,41.0,38.0,37.0,22.0,23.0,50.0,10.0,36.0,20.0,17,10.0,26,22.0,40,8,6.0,19,43.0,,38.0,21.0,21,36.0,22.0,36.0,21.0,17.0,20.0,0,47.0,39,,51.0,32.0,40,35.0,12,12,11.0,32.0,17.0,19,22.0,29.0,22,25.0,14.0,18.0,33.0,56.0,23.0,24.0,21.0,36,22.0,33.0,14.0,12.0,45.0,34.0,51.0,17.0,25,34.0,11,,23.0,50.0,23.0,28,21,27.0,19.0,24.0,36.0,25.0,43.0,22.0,20.0,,19,29.0,12.0,42,41,42.0,10.0,26,21.0,20.0,32,32.0,31,21,29,18.0,16.0,30.0,30.0,22.0,25.0,,46.0,38.0,23.0,20.0,26.0,47.0,36.0,48.0,35.0,43.0,37.0,26.0,10.0,32.0,35.0,29.0,31.0,25.0,39.0,24.0,12.0,,22.0,,46.0,0.0,16.0,34.0,,16.0,28.0,,16.0,22.0,,,12.0,24.0,49.0,33.0,27.0,17,15.0,44.0,12.0,30,40.0,44.0,29.0,15.0,33.0,,44.0,23.0,,36.0,57.0,0.0,28.0,33.0,54.0,,47.0,24.0,37.0,30.0,25.0,27.0,40.0,20.0,13.0,22.0,53.0,19.0,16,60.0,,10.0,14,20.0,22.0,30.0,9.0,14.0,41.0,,20.0,60.0,24,27.0,,16.0,35.0,23.0,21.0,33,20,21.0,20.0,61.0,56.0,34.0,26.0,21,21,,31.0,57.0,25.0,53.0,17.0,61.0,8.0,45.0,,12.0,24.0,60.0,37.0,20.0,15.0,16,21.0,33.0,46.0,46.0,35.0,16,14.0,34,29.0,20,25.0,35.0,23.0,57.0,,42.0,55.0,31.0,28.0,55.0,16.0,4.0,22,19.0,,38.0,18.0,41.0,46,19.0,8.0,56.0,47.0,44.0,33.0,,42.0,1.0,27,24,52.0,21.0,32.0,0.0,15.0,11.0,58.0,33.0,30,,,31.0,45.0,30.0,23.0,19.0,24.0,39,35.0,26.0,15.0,18,15,26.0,31.0,,23.0,23.0,28.0,44.0,,18.0,28.0,,32.0,13.0,20.0,25.0,20,38.0,,37.0,28.0,36.0,35,19.0,22.0,9,27.0,39.0,,23.0,53.0,24.0,48.0,22.0,28.0,17.0,46.0,19,35.0,26.0,31.0,37.0,13,,34.0,49.0,0.0,12.0,57.0,42.0,32.0,44.0,,37.0,41.0,,38,28,26.0,22.0,26.0,12.0,24.0,32,37,21.0,,42.0,29.0,19.0,30.0,57.0,31.0,21.0,22.0,58.0,24.0,20.0,10.0,49.0,53,22,26.0,33.0,34.0,8.0,23.0,18,35.0,20.0,36.0,31.0,31.0,34.0,34.0,,55.0,,27.0,,41.0,39.0,45.0,12,35.0,23.0,24,28.0,59.0,22.0,25.0,38.0,23.0,30.0,,13.0,43.0,40.0,27.0,52.0,38.0,57.0,35.0,22.0,26.0,28.0,,30.0,50.0,,0.0,22.0,29.0,61.0,32.0,,,25.0,23.0,,28.0,38.0,31.0,13.0,12.0,40.0,9.0,20.0,20.0,59.0,46.0,32.0,51.0,36.0,26.0,,,11.0,33.0,,36.0,28.0,,18.0,56.0,32.0,18.0,48.0,25,,20.0,,42.0,18.0,,37.0,25.0,43.0,55.0,,47.0,56.0,24.0,23.0,12.0,35.0,16.0,23.0,25.0,33.0,44.0,34.0,27.0,29.0,39.0,40.0,,30.0,,38.0,25.0,19.0,,35.0,14.0,35.0,,41.0,40.0,23.0,,,18.0,,,10,8.0,32.0,17.0,34.0,,0.0,19.0,,13.0,36,31.0,18.0,47.0,33.0,39.0,32.0,14.0,26.0,12.0,53.0,14.0,41.0,27.0,27.0,,56.0,41,56.0,56.0,18.0,60.0,47.0,9.0,26.0,14.0,49.0,36.0,14.0,47.0,30.0,19.0,,30.0,,19.0,30.0,21.0,,25.0,31.0,20.0,19,17,14.0,24.0,22.0,27.0,,28.0,12.0,33.0,32.0,37.0,33.0,42.0,0.0,,23.0,47.0,52.0,29.0,51.0,39.0,34.0,15.0,60.0,14.0,56.0,35.0,47.0,29.0,38.0,54.0,42.0,20.0,55.0,41.0,37.0,19.0,32.0,15.0,12.0,,,57.0,32.0,28.0,23.0,19.0,,19.0,22,29.0,17.0,34.0,23.0,32,20.0,58.0,48.0,41.0,46.0,29.0,40.0,28.0,24,,38.0,41.0,47.0,52.0,24.0,44.0,45,36.0,18.0,25.0,,25,52.0,58.0,35.0,39.0,53.0,16.0,,48.0,26.0,20.0,19.0,48.0,18.0,,33.0,9.0,10.0,22.0,0.0,,26.0,21.0,48.0,,55,31.0,32.0,26.0,25.0,39.0,51.0,43.0,43.0,18.0,,14.0,46.0,,32,9.0,40.0,31.0,,42.0,,20.0,11.0,,45.0,43.0,24.0,33.0,39.0,30.0,21.0,26.0,29.0,31.0,60.0,58.0,50.0,37.0,27.0,32.0,29.0,24.0,20.0,26.0,23.0,57.0,29.0,33.0,,25.0,,32.0,28.0,26.0,36.0,41.0,,23.0,,28.0,24.0,39.0,,23.0,54.0,41.0,48.0,12.0,20.0,48.0,45.0,3.0,48.0,33.0,15.0,27.0,31.0,18.0,,29.0,18.0,26.0,14.0,,41,18.0,,26.0,35.0,,31.0,27.0,40.0,28.0,42.0,35.0,11.0,46.0,52.0,9.0,16.0,32.0,36.0,30.0,15.0,41.0,41.0,29.0,43.0,39.0,32.0,22.0,30.0,51.0,28.0,37.0,28.0,57.0,19.0,22.0,20.0,45.0,46.0,22.0,38.0,15.0,26.0,44.0,53.0,10.0,53.0,16.0,0.0,8.0,27.0,54.0,32.0,17.0,21.0,,36.0,28.0,38.0,55.0,15.0,5.0,31.0,,40.0,45.0,47.0,20.0,35.0,29.0,30.0,42.0,19.0,,43.0,34.0,33.0,44.0,17.0,42.0,,32.0,29.0,,,36.0,26.0,20.0,25.0,28.0,25.0,17.0,39.0,,32.0,37.0,19.0,20.0,41.0,31.0,,35.0,35.0,,44.0,41.0,14.0,15.0,16.0,,56.0,37.0,42.0,44.0,36.0,43.0,22.0,19.0,37.0,28.0,14.0,17.0,18.0,30.0,29.0,19.0,11.0,23.0,22.0,26,43.0,14.0,,,56.0,,19.0,30.0,41.0,23.0,33,,25.0,16.0,34.0,22.0,44.0,31.0,22.0,27,52.0,29.0,,,28.0,0.0,41.0,61.0,32.0,0.0,,19.0,18.0,,44.0,55.0,15.0,46.0,38.0,32.0,,28.0,53.0,30.0,57.0,45.0,13.0,16.0,37.0,14.0,23.0,56.0,33.0,58.0,16.0,19.0,,45.0,36.0,35.0,37.0,27.0,27.0,40.0,29.0,22.0,28.0,29.0,52.0,,19.0,26.0,40.0,56.0,56.0,10.0,23.0,,28.0,49.0,30.0,44.0,,25.0,43.0,43.0,22.0,25.0,45.0,31.0,14.0,11.0,,23.0,30.0,,42.0,37.0,15.0,57.0,23.0,16.0,,,13.0,34.0,50.0,47.0,26.0,7.0,43.0,25.0,54.0,25.0,8.0,24.0,25.0,53.0,32.0,26.0,11.0,28.0,,31.0,60.0,47.0,,53.0,24,26.0,15.0,30.0,55.0,25.0,31.0,38.0,23.0,20.0,,35.0,,19.0,50.0,56.0,17.0,25.0,30.0,60.0,25.0,28.0,49.0,22.0,57.0,52.0,46.0,30.0,60.0,45.0,,34.0,48.0,28.0,,,30.0,28.0,31.0,49.0,,21.0,,23.0,30.0,23.0,,37.0,,55.0,30.0,,20.0,20.0,20.0,49.0,,18.0,,50.0,,,33.0,28.0,39.0,,,,,28.0,14.0,28.0,27.0,45.0,36.0,15.0,31.0,55.0,,16.0,12,21.0,,26,27.0,29.0,30.0,50.0,56.0,14.0,14.0,19.0,34.0,25.0,,49.0,22.0,57.0,24.0,26.0,54.0,,43.0,58.0,29.0,,40.0,12.0,,43.0,20.0,16.0,5.0,,25.0,27.0,,58.0,26.0,39.0,,,26.0,43.0,49.0,31.0,,20.0,30.0,22.0,,23.0,16.0,61.0,45.0,58.0,37.0,25.0,31.0,42.0,42.0,33.0,31.0,25.0,22.0,18.0,45.0,38.0,,,42.0,,,,,44.0,29.0,49.0,36.0,44.0,41.0,,31.0,43.0,10.0,15.0,,13.0,42.0,26.0,2.0,59.0,29.0,38.0,52.0,52.0,,,20.0,45.0,23.0,17.0,36.0,13.0,61.0,40.0,0.0,46.0,44.0,14.0,43.0,26.0,28.0,43.0,60.0,,11.0,47.0,,60.0,51.0,49.0,22.0,38.0,53.0,38.0,,,22.0,30.0,24.0,,25.0,,59.0,41.0,2.0,14.0,55.0,21.0,23.0,61.0,30.0,,,20.0,44.0,0.0,,26.0,39.0,32.0,,28.0,14.0,36.0,22.0,59.0,57.0,54.0,56.0,48.0,,,41.0,,,61.0,9.0,47.0,,26.0,16.0,29.0,,30.0,53.0,38.0,,,,0.0,38.0,16.0,45.0,,,34.0,28.0,28.0,17.0,61.0,,24.0,36.0,32.0,15.0,28.0,,31.0,34.0,17.0,20.0,30.0,,33.0,57.0,20.0,,20.0,23.0,,29.0,60.0,22.0,43.0,33.0,26.0,,36.0,55.0,35.0,20.0,,59.0,,,32.0,15.0,55.0,18.0,36.0,45.0,32.0,35.0,38.0,38.0,42.0,13.0,25.0,48.0,24.0,41.0,23.0,33.0,37.0,15.0,,,49.0,21.0,27.0,23.0,42.0,4.0,56.0,26.0,41.0,21.0,41.0,29.0,33.0,,,0.0,18.0,,19.0,,26.0,36.0,53.0,27.0,44.0,,28.0,21.0,,31.0,37.0,54.0,38.0,,19.0,,35.0,23.0,28.0,47.0,,,37.0,27.0,51.0,39.0,28.0,30.0,31.0,27.0,29.0,37.0,41.0,22.0,29.0,46.0,20.0,51.0,42.0,36.0,30.0,28.0,53.0,55.0,25.0,32.0,49.0,42.0,46.0,50.0,15.0,42.0,,20.0,32.0,4.0,31.0,49.0,,32.0,18.0,26.0,19.0,45.0,,37.0,20.0,,18.0,,35.0,11.0,38.0,,40.0,27.0,35.0,60.0,40.0,16.0,,4.0,41.0,29.0,11.0,17.0,43.0,22.0,,23.0,41.0,12.0,22.0,60.0,45.0,25.0,48.0,21.0,24.0,45.0,27.0,29.0,23.0,43.0,,45.0,,30.0,,61.0,,61.0,31.0,42.0,45.0,38.0,50.0,20.0,18.0,,43.0,32.0,33.0,39.0,42.0,60.0,17.0,28.0,57.0,16.0,,33.0,20.0,12.0,35.0,26.0,17.0,22.0,24.0,25.0,4.0,21.0,44.0,30.0,,,,35.0,7.0,34.0,43.0,52.0,,,58.0,27.0,,18.0,25.0,30.0,22.0,,,21.0,43.0,,45.0,29.0,57.0,44.0,32.0,32.0,,46.0,24.0,48.0,15.0,28.0,33.0,,8.0,,,28.0,52.0,,20.0,37.0,30.0,57.0,30.0,,57.0,,44.0,13.0,18.0,23.0,,,18.0,52.0,35.0,13.0,,29.0,,27.0,55.0,,43.0,,21.0,28.0,19.0,,19.0,52.0,,52.0,,45.0,,27.0,34.0,42.0,23.0,18.0,,56.0,45.0,52.0,26.0,44.0,38.0,13.0,41.0,30.0,30.0,17.0,59.0,,22.0,35.0,,57.0,,11.0,16.0,20.0,,22.0,20.0,18.0,12.0,33.0,,,60.0,51.0,18.0,,26.0,58.0,33.0,,26.0,15.0,12.0,39.0,37.0,18.0,32.0,,20.0,48.0,33.0,30.0,40.0,22.0,20.0,57.0,46.0,27.0,57.0,41.0,20.0,41.0,35.0,29.0,20.0,26.0,29.0,20.0,24.0,58.0,59.0,45.0,,,16.0,44.0,54.0,51.0,52.0,25.0,27.0,40.0,0.0,,48.0,56.0,,,,,45.0,46.0,,0.0,36.0,11.0,14.0,,22.0,,31.0,,38.0,59.0,53.0,45.0,56.0,42.0,44.0,46.0,14.0,49.0,60.0,,20.0,51.0,25.0,37.0,21.0,,,25.0,,46.0,42.0,,44.0,,42.0,31.0,31.0,,,55.0,24.0,6.0,24.0,18.0,30.0,21.0,34.0,18.0,18.0,,0.0,32.0,21.0,,45.0,54.0,51.0,22.0,56.0,56.0,29.0,19.0,40.0,16.0,24.0,,23.0,13.0,23.0,38.0,30.0,34.0,26.0,59.0,37.0,28.0,,38.0,29.0,,32.0,,,39.0,16.0,34.0,,,45.0,42.0,,13.0,49.0,,,,,13.0,41.0,26.0,31.0,30.0,,59.0,30.0,42.0,20.0,40.0,54.0,49.0,,,37.0,,43.0,37.0,26.0,18.0,11.0,28.0,34.0,,37.0,59.0,30.0,45.0,12.0,42.0,52.0,,,60.0,,,20.0,20.0,,,40.0,48.0,31.0,36.0,36.0,27.0,15.0,,0.0,17.0,,,23.0,52.0,16.0,59.0,,19.0,,39.0,34.0,15.0,14.0,37.0,14.0,,40.0,58.0,46.0,0.0,,21.0,20.0,15.0,30.0,31.0,11.0,60.0,40.0,20.0,28.0,59.0,32.0,,29.0,38.0,37.0,15.0,15.0,22.0,15.0,14.0,17.0,53.0,42.0,58.0,,15.0,49.0,32.0,25.0,56.0,24.0,33.0,54.0,29.0,48.0,44.0,54.0,43.0,55.0,41.0,,12.0,,,,37.0,,32.0,49.0,22.0,37.0,,10.0,,38.0,35.0,38.0,18.0,44.0,,22.0,52.0,31.0,56.0,21.0,,9.0,31.0,,,35.0,,,54.0,45.0,,14.0,23.0,52.0,,,15.0,,45.0,25.0,,,52.0,,18.0,,35.0,34.0,19.0,46.0,,17.0,26.0,,15.0,38.0,0.0,34.0,44.0,29.0,34.0,19.0,,,41.0,52.0,42.0,,29.0,35.0,29.0,28.0,27.0,,37.0,32.0,26.0,57.0,,36.0,20.0,21.0,,11.0,,23.0,22.0,,31.0,24.0,12.0,13.0,59.0,47.0,,18.0,,51.0,29.0,,27.0,19.0,20.0,59.0,38.0,14.0,,34.0,,28.0,23.0,,,55.0,19.0,38.0,49.0,32.0,50.0,16.0,28.0,59.0,32.0,,,35.0,15.0,37.0,38.0,,57.0,,,,58.0,26.0,12.0,,41.0,24.0,37.0,,,60.0,40.0,29.0,,,,22.0,45.0,45.0,,10.0,26.0,11.0,37.0,12.0,56.0,48.0,25.0,0.0,,38.0,,20.0,32.0,43.0,28.0,20.0,37.0,26.0,29.0,52.0,53.0,,24.0,25.0,23.0,32.0,,32.0,,35.0,33.0,,,28.0,,,50.0,44.0,47.0,,,41.0,,,25.0,32.0,44.0,60.0,50.0,16.0,,27.0,,47.0,39.0,6.0,52.0,48.0,29.0,,40.0,16.0,16.0,12.0,47.0,,17.0,,54.0,,25.0,,,,32.0,,8.0,36.0,42.0,40.0,29.0,24.0,46.0,56.0,10.0,18.0,,,,39.0,28.0,,25.0,18.0,45.0,,40.0,,51.0,,,11.0,40.0,59.0,36.0,17.0,,10.0,60.0,47.0,,31.0,47.0,,11.0,26.0,26.0,14.0,19.0,12.0,36.0,0.0,52.0,,49.0,0.0,,,,92,3,2.46639231824417,17.87542857142857,-0.34258559722648246
10,5,11,11,10,11,11,10,1,12,6,14,17,11,11,12,12,9,11,22,10,14,15,12,12,14,12,11,13,16,13,13,12,12,18,10,20,16,18,14,19,28.0,14,17,0,18,18,12,11,15,13,13,11,14,44,9,15,14,13,17,13,17,16,13,43.0,18,17,17,10,12,10,12,13,15,19,13,19,26,20,12,21,14,12,18,11,16,12,19,21,17,20,18,16,21,16,18,8,14,20,9,17,19,13,12,13,16,13,16,1,19,4,59.0,19,12,29.0,0,20,15,18,32,16,29,19,18,5,13,19,13.0,14,19,21,9,37.0,21,10,27.0,0,29,8,13,23,7,22,31,27.0,43.0,14,21.0,15,18,7,19,29.0,15,17,20,16,,27,6,45,15,20,18,14,21.0,19,16,16,13,11,16.0,15,52,14,18,20,13.0,19,21.0,23,24,15,17,22,23.0,20.0,18,35,31.0,16.0,14,30,17,19,49,19,15,,15,19,37.0,17,16,28,14,,15,6,11,20,19.0,46,42,18,18,14,16,11,29.0,,13,13,10,51.0,18,28,12,29.0,17,25.0,34.0,18,15,63.0,41,17,17,33.0,19.0,21,26,15,22,19,27.0,20,23,21,13,23,14,27.0,23.0,11,40.0,32.0,16.0,24.0,21,28.0,26,32,18,37.0,42.0,37.0,13.0,46.0,12,15.0,,44.0,11,15,15.0,10,13,26,23.0,44.0,,23,32.0,12,14,18.0,2.0,25,42.0,48.0,20,25,18.0,14,22.0,33.0,27.0,14,20,18.0,20,24,25,25,20,15,13,13,15,24,31,15,18.0,42.0,17,17,16,29.0,7.0,12,26,21,22.0,26,28.0,16,16,19,18,24,,13,23.0,18,24,20.0,32,21,19,22.0,19.0,41,26.0,34.0,57.0,21.0,49.0,16,19.0,23,22,19,27.0,22,40.0,16.0,17,23.0,24.0,24.0,17,24.0,14,27,26,42,31,33,12,2.0,14,21.0,17,12,18,18.0,20,11.0,0,26.0,14,38.0,49,34,16.0,27,10.0,32,17.0,31.0,25,25,7.0,35.0,19.0,22.0,58.0,20,23.0,28.0,24,14.0,28,20,47.0,18.0,34,37.0,56,17.0,37.0,23,25,18,30.0,16,50.0,,2,33.0,28,23.0,27,7,12,41.0,27.0,39,15,23,59.0,26.0,22,20,,23,39.0,36.0,23.0,53.0,24.0,14.0,32.0,38.0,46.0,22.0,27,14,35.0,37.0,20.0,19.0,33.0,33.0,30.0,2.0,26,15,9.0,52.0,18,34.0,31.0,16.0,30.0,17.0,39.0,18,24,,29.0,44.0,17.0,25,57.0,24.0,37.0,24,23,20,,,33.0,22.0,26,16,25.0,21.0,20,19.0,47.0,14,54.0,27.0,57.0,23,23.0,13,30.0,56.0,43.0,19,12.0,19,18.0,26,25,16.0,28.0,,,19,29,40,24.0,20,,21,22,30.0,39,20,40.0,36.0,16,27,26.0,29.0,8.0,28.0,48.0,19.0,32,28.0,21,22,51.0,30.0,25.0,47.0,44.0,62.0,17,15,13.0,,18.0,35.0,58.0,19.0,19,21.0,15,36.0,16.0,41.0,47.0,23,22.0,20,35.0,,38.0,29,36.0,19.0,14.0,15,18,59.0,48.0,22.0,59.0,14.0,26.0,0.0,50.0,17.0,,0.0,33.0,30,28,24.0,,35.0,17,31,9,20,49.0,58.0,17,12,7.0,38.0,26,35.0,32.0,21.0,15,38.0,63.0,,31,30.0,,34.0,4.0,22.0,24.0,16,17.0,13,20.0,19,28,7,34.0,51.0,39.0,,21.0,35.0,18.0,7.0,20.0,24.0,23.0,16,17.0,24.0,10,18.0,18.0,25.0,48.0,32,44.0,45.0,22.0,32,19,22.0,25,27.0,20.0,3.0,42.0,16,38.0,21,32,0.0,27,23.0,14,43.0,16.0,27.0,24,28,28.0,49.0,19,,23,24.0,22,32.0,28.0,26.0,47.0,16.0,25.0,25,38.0,0.0,22.0,25.0,52.0,22.0,26.0,15,16,23.0,14,14,16,43.0,37.0,25.0,,,24.0,29,31.0,25.0,49.0,31,,,19.0,27.0,16.0,35,,14.0,24.0,63.0,57.0,18.0,25.0,40,61.0,,38.0,18.0,28.0,42.0,46.0,25,41.0,21.0,29.0,11.0,15,22,29.0,57.0,20,31.0,16.0,30.0,10,44.0,16.0,35.0,11.0,17,19.0,38.0,28.0,20.0,45.0,21.0,18.0,25.0,21.0,27,36,35.0,29.0,,22.0,56.0,32.0,1.0,41.0,,40.0,48,13,23.0,27,53.0,16.0,21.0,39.0,21,3,26.0,26.0,28.0,36.0,26.0,26.0,,31.0,27.0,9,15.0,45.0,39.0,27.0,53.0,21.0,21,47.0,42.0,15.0,15,26.0,19.0,15.0,39.0,18.0,30.0,31,17.0,47,43.0,38.0,35.0,32.0,23.0,25.0,57.0,38.0,27.0,30.0,61.0,42.0,16.0,24.0,15.0,28.0,,39.0,,33.0,0.0,19,31.0,33.0,19,34.0,37.0,13,30.0,43.0,20.0,23,18,23,36.0,37.0,61.0,,34.0,21.0,27.0,14.0,45.0,19,8.0,20,33.0,2,24,35.0,42,17.0,34.0,16.0,31.0,28,13.0,18.0,45.0,26.0,0.0,41.0,21,13.0,38,35.0,,18.0,48,35.0,46,20,46.0,17.0,9.0,29,28.0,,20,18.0,49.0,30.0,24.0,37.0,27.0,22.0,64.0,26,16.0,23.0,20.0,,59.0,14.0,56.0,11.0,19,27.0,23,20.0,27.0,45.0,7.0,41,30,23.0,56.0,27.0,11.0,22.0,33.0,15.0,27.0,36.0,20,51.0,21.0,11,21,15.0,52.0,19,29.0,44.0,19,0.0,16,22,41,39.0,24.0,,8.0,32.0,0.0,61.0,,35.0,19.0,17.0,11.0,,36.0,16.0,15.0,28.0,36.0,42.0,24.0,,24.0,56.0,21.0,15.0,12.0,25.0,,14.0,47.0,17.0,47.0,17.0,19.0,30.0,57.0,28.0,33.0,27.0,,23.0,40.0,21.0,31.0,14.0,,,53.0,25,41.0,41.0,,20,37.0,18.0,,62.0,41.0,17.0,,11.0,26.0,28.0,25.0,24.0,43.0,,26.0,43.0,54.0,31.0,36.0,,36.0,16.0,,13.0,58.0,25.0,22.0,31.0,14,34.0,36.0,33.0,24,35.0,25.0,8.0,23.0,21.0,13.0,17.0,50.0,28.0,13,36.0,34.0,33.0,,15.0,58.0,23,45,43.0,42.0,27.0,,21.0,12.0,24,35,46.0,40.0,17.0,,28.0,24.0,36.0,8.0,50.0,,42.0,40.0,39.0,49.0,16.0,57.0,20,49.0,23.0,,,24.0,22,24.0,26,19.0,15,21.0,35.0,42.0,39.0,56.0,21.0,24.0,37.0,42.0,15.0,64.0,21.0,35,31.0,35.0,23.0,38.0,41.0,15,,22.0,28.0,37.0,18.0,38.0,34.0,48.0,20.0,29,30,,59.0,25.0,22.0,19.0,27.0,,22.0,24,23.0,44.0,42.0,,46.0,20.0,53.0,33.0,18,16.0,,17.0,29,15,39.0,56.0,,32.0,14.0,17.0,,,,10.0,20.0,22.0,20.0,36.0,47.0,23,25.0,,,58.0,,18,36.0,18.0,22,36.0,27.0,53.0,33.0,41.0,17.0,18.0,34.0,16.0,63.0,28.0,22,28.0,28.0,16.0,23.0,31,26.0,38.0,14.0,51.0,10.0,15.0,32.0,9.0,31.0,16.0,24.0,37.0,18.0,24,18,,30.0,22.0,39.0,,26,18,41.0,27.0,0.0,,24.0,44.0,,16.0,17.0,33.0,17.0,26.0,18.0,54.0,28.0,22,29,21.0,43.0,41.0,,57.0,18,44.0,32.0,13.0,53.0,17.0,42.0,32.0,33.0,43.0,0.0,41.0,,37.0,20.0,27.0,37,35.0,55.0,42,31.0,17.0,36.0,,34.0,26.0,14.0,26.0,23.0,56.0,30.0,21.0,25.0,37.0,26.0,32.0,28.0,21.0,22.0,38.0,34.0,20.0,,32.0,55.0,24.0,45.0,25.0,18.0,28.0,33.0,29.0,18.0,60.0,34.0,22.0,,,21.0,10.0,29.0,48.0,,30.0,,30.0,,38.0,0.0,48.0,16.0,,19.0,36.0,16.0,,16.0,,21.0,19.0,28.0,14,11.0,26.0,,,31.0,23.0,31.0,25.0,21.0,21.0,9.0,30.0,41.0,13.0,47.0,13.0,20.0,25.0,19.0,4.0,32.0,22.0,25.0,18.0,2.0,39.0,30.0,46.0,38.0,22.0,32.0,,43.0,43.0,29.0,30.0,,,,57.0,,,,19.0,13.0,25.0,38,28.0,27.0,35.0,20.0,40.0,29.0,23.0,16.0,36.0,30,40.0,19.0,36.0,61.0,57.0,43.0,30.0,24.0,23.0,29.0,38.0,14.0,19.0,35.0,51.0,,17,57.0,38.0,40.0,34.0,22.0,0.0,22.0,27.0,62.0,53.0,,37.0,44.0,50.0,28.0,30.0,19.0,6.0,60.0,,21.0,63.0,13.0,42.0,22,21,20.0,,18.0,18.0,,44.0,28.0,18.0,36.0,60.0,44.0,39.0,47.0,57.0,,16.0,31.0,40.0,13.0,24.0,13.0,,24.0,13.0,14.0,,,17.0,21.0,19.0,17.0,,22.0,40.0,,22.0,30.0,10.0,32.0,17.0,46.0,40.0,21.0,31.0,59.0,58.0,50.0,35.0,27,34.0,22.0,18.0,32.0,29,33.0,62.0,,52.0,33.0,45.0,24.0,31.0,20,,21.0,,0.0,,49.0,18.0,45,,57.0,31.0,43.0,19,29.0,23.0,19.0,33.0,25.0,25.0,,42.0,18.0,,23.0,51.0,43.0,25.0,30.0,22.0,13.0,58.0,45.0,51.0,,42.0,22.0,33.0,20,51.0,29.0,41.0,,49.0,,36.0,43.0,,23.0,12.0,46.0,43.0,46,50.0,41.0,19.0,31.0,15.0,18.0,42.0,50.0,45.0,59.0,59.0,54.0,33.0,18.0,37.0,51.0,41.0,52.0,35.0,59.0,31.0,26.0,64.0,30.0,,52.0,20.0,21.0,,24.0,31.0,0.0,38.0,48.0,24.0,60.0,29.0,51.0,32.0,30.0,15.0,12.0,,,37.0,15.0,27.0,,40.0,36.0,35.0,26.0,30.0,35.0,64.0,19.0,15.0,52.0,,56.0,25.0,15.0,7.0,36.0,21.0,18.0,36.0,15.0,28.0,33,19.0,,,35.0,,48.0,26.0,16.0,54.0,34.0,22.0,40.0,,25.0,28.0,21.0,27.0,23.0,30.0,15.0,28.0,,,21.0,16.0,37.0,27.0,,,12.0,62.0,40.0,47.0,25.0,40.0,26.0,21.0,40.0,43.0,44.0,62.0,19.0,60.0,,55.0,43.0,42.0,31.0,15.0,25.0,,55.0,16.0,41.0,20.0,21.0,21.0,,,12.0,61.0,,,,22.0,,4.0,21.0,37.0,63.0,26.0,,29.0,19.0,22.0,51.0,3.0,,22.0,42.0,36.0,48.0,37.0,36.0,3.0,26.0,57.0,,22.0,31.0,24.0,21.0,59.0,37.0,38.0,60.0,37.0,51.0,18.0,58.0,0.0,29.0,7.0,34.0,34.0,25.0,48.0,47.0,12.0,35.0,12.0,44.0,23.0,,42.0,42.0,34.0,43.0,18.0,,55.0,,42.0,,53.0,39.0,31.0,64.0,16,18.0,21.0,28.0,,49.0,32.0,,44.0,14.0,,13,,39.0,54.0,30.0,,31.0,40.0,46.0,26,57.0,,,13.0,6.0,38.0,44.0,,23.0,25.0,35.0,27.0,32.0,,44.0,33.0,7.0,38.0,25.0,0.0,60.0,32.0,32.0,,19.0,13.0,19.0,58.0,20.0,25.0,22.0,17.0,63.0,,34.0,,35.0,15.0,26.0,23.0,45.0,,4.0,,17.0,13.0,21.0,43.0,62.0,51.0,8.0,20.0,42.0,19.0,62.0,61.0,50.0,33.0,41.0,44.0,18.0,15.0,48.0,25.0,59.0,53.0,33.0,51.0,37.0,57.0,18.0,31.0,,0.0,19.0,35.0,8.0,11.0,30.0,28.0,,41.0,9.0,56.0,16.0,44.0,27.0,46.0,,50.0,24.0,48.0,59.0,40.0,38.0,53.0,,62.0,21.0,19.0,31.0,30.0,,,25.0,,36.0,0.0,45,50.0,63.0,53.0,30.0,14.0,35.0,37.0,17.0,59.0,,,45.0,30.0,49.0,7.0,29.0,18.0,63.0,20.0,,42.0,26.0,64.0,,,,5.0,35.0,29.0,42.0,28.0,31.0,26.0,24.0,44.0,54.0,52.0,17.0,43.0,21.0,41.0,34.0,,61.0,49.0,37.0,32.0,,46.0,37.0,18.0,27.0,25.0,,14.0,52.0,29.0,43.0,3.0,29.0,33.0,14.0,41.0,50.0,,48.0,,43.0,22.0,,,17.0,19.0,56.0,24.0,25.0,30.0,28.0,57.0,17,26.0,45.0,22,17.0,,25.0,22.0,33.0,20.0,35.0,34.0,20.0,43.0,49.0,20.0,,34.0,35.0,63.0,,28.0,,26.0,43.0,26.0,32.0,33.0,17.0,19.0,22.0,13.0,16.0,26.0,38.0,63.0,,30.0,42.0,32.0,42.0,,48.0,18.0,,60.0,32.0,,15.0,15.0,23.0,20.0,49.0,26.0,56.0,58.0,32.0,,29.0,18.0,60.0,15.0,26.0,29.0,29.0,51.0,60.0,29.0,40.0,45.0,23.0,40.0,18.0,,24.0,,39.0,,54.0,,34.0,8.0,43.0,19.0,31.0,,60.0,18.0,,17.0,25.0,,28.0,33.0,,,30.0,45.0,11.0,28.0,,64.0,49.0,50.0,36.0,26.0,,,,18.0,42.0,12.0,20.0,,27.0,17.0,31.0,31.0,,26.0,,57.0,29.0,57.0,26.0,32.0,,26.0,,,41.0,,,57.0,27.0,18.0,31.0,42.0,24.0,,17.0,48.0,7.0,51.0,57.0,,22.0,38.0,58.0,45.0,26.0,17.0,44.0,47.0,41.0,39.0,14.0,,,35.0,24.0,27.0,17.0,,50.0,50.0,,28.0,58.0,,48.0,,,45.0,58.0,,44.0,28.0,,,59.0,6.0,,47.0,15.0,,30.0,59.0,40.0,30.0,20.0,26.0,,47.0,,21.0,38.0,13.0,55.0,39.0,20.0,36.0,35.0,17.0,27.0,40.0,16.0,,,15.0,22.0,22.0,19.0,,27.0,48.0,12.0,,40.0,16.0,33.0,,17.0,,56.0,45.0,13.0,22.0,18.0,21.0,33.0,32.0,,34.0,27.0,15.0,61.0,,12.0,,,,,50.0,37.0,40.0,17.0,48.0,25.0,,17.0,44.0,,38.0,29.0,50.0,45.0,28.0,,,33.0,35.0,57.0,,19.0,26.0,16.0,14.0,47.0,34.0,23.0,64.0,17.0,16.0,25.0,60.0,29.0,56.0,51.0,25.0,24.0,,0.0,10.0,61.0,49.0,31.0,42.0,,,,,,39.0,13.0,16.0,35.0,56.0,25.0,32.0,33.0,37.0,0.0,57.0,27.0,51.0,39.0,25.0,24.0,31.0,43.0,43.0,39.0,,8.0,49.0,20.0,33.0,,37.0,25.0,25.0,29.0,56.0,,,46.0,29.0,19.0,27.0,,44.0,,60.0,34.0,23.0,30.0,41.0,,33.0,,24.0,26.0,57.0,,45.0,23.0,,38.0,,19.0,,13.0,,19.0,,58.0,,,,15.0,37.0,,33.0,31.0,31.0,24.0,25.0,35.0,43.0,,20.0,55.0,52.0,15.0,,,,,31.0,53.0,,,39.0,,22.0,30.0,10.0,39.0,,,50.0,24.0,23.0,33.0,60.0,15.0,14.0,49.0,,55.0,35.0,37.0,,60.0,28.0,20.0,20.0,27.0,23.0,17.0,24.0,,41.0,53.0,31.0,32.0,58.0,15.0,43.0,31.0,,0.0,53.0,31.0,55.0,53.0,41.0,18.0,38.0,58.0,22.0,49.0,,,29.0,36.0,56.0,36.0,,38.0,58.0,23.0,34.0,28.0,31.0,42.0,,39.0,19.0,,47.0,,20.0,42.0,55.0,21.0,37.0,53.0,19.0,12.0,37.0,20.0,54.0,51.0,,28.0,,16.0,29.0,43.0,29.0,27.0,,23.0,37.0,34.0,60.0,27.0,24.0,27.0,42.0,,25.0,30.0,52.0,,26.0,27.0,33.0,16.0,16.0,,15.0,33.0,25.0,61.0,43.0,26.0,47.0,45.0,,28.0,38.0,12.0,,49.0,52.0,56.0,64.0,58.0,16.0,42.0,43.0,,30.0,29.0,42.0,,,,35.0,59.0,35.0,,61.0,56.0,57.0,41.0,25.0,43.0,,20.0,,36.0,,,,29.0,37.0,22.0,44.0,,57.0,35.0,31.0,28.0,41.0,,24.0,36.0,34.0,19.0,37.0,17.0,28.0,,27.0,,17.0,,18.0,45.0,,64.0,62.0,44.0,31.0,12.0,26.0,,25.0,20.0,43.0,53.0,49.0,19.0,42.0,22.0,39.0,30.0,,,19.0,,33.0,32.0,47.0,,23.0,11.0,20.0,18.0,,40.0,39.0,30.0,36.0,,37.0,64.0,29.0,,35.0,63.0,21.0,,40.0,13.0,28.0,41.0,21.0,43.0,29.0,24.0,49.0,45.0,39.0,,,39.0,,,48.0,51.0,,18.0,,,33.0,33.0,25.0,,16.0,57.0,,36.0,,44.0,48.0,28.0,25.0,13.0,,34.0,0.0,18.0,57.0,53.0,64.0,,63.0,35.0,50.0,,,,17.0,40.0,,40.0,,,,32.0,56.0,31.0,,0.0,62.0,50.0,,38.0,35.0,35.0,34.0,43.0,14.0,20.0,28.0,,,0.0,35.0,15.0,,62.0,,32.0,17.0,47.0,16.0,20.0,,27.0,46.0,,60.0,31.0,,61.0,,17.0,25.0,15.0,,58.0,15.0,47.0,44.0,31.0,22.0,37.0,49.0,,39.0,,50.0,16.0,36.0,,20.0,29.0,29.0,52.0,38.0,28.0,,46.0,13.0,26.0,26.0,56.0,48.0,63.0,58.0,12.0,61.0,59.0,,23.0,23.0,39.0,37.0,28.0,35.0,23.0,22.0,,19.0,,23.0,31.0,41.0,,,16.0,35.0,32.0,47.0,59.0,,26.0,46.0,,,61.0,33.0,30.0,,43.0,27.0,48.0,,57.0,,23.0,24.0,56.0,46.0,59.0,,45.0,,,37.0,49.0,19.0,55.0,47.0,29.0,,44.0,30.0,42.0,,23.0,47.0,,,49.0,,,,26.0,23.0,,38.0,,61.0,28.0,52.0,,27.0,55.0,39.0,,19.0,46.0,27.0,53.0,15.0,,,40.0,,39.0,44.0,,59.0,44.0,27.0,,34.0,,47.0,29.0,21.0,25.0,,32.0,,44.0,,24.0,52.0,42.0,46.0,46.0,24.0,,,,20.0,,32.0,43.0,55.0,,34.0,64.0,42.0,60.0,56.0,,32.0,41.0,,19.0,61.0,25.0,13.0,13.0,,,62.0,55.0,32.0,40.0,44.0,,,53.0,24.0,19.0,20.0,42.0,,14.0,23.0,62.0,43.0,33.0,54.0,10.0,16.0,,35.0,24.0,,48.0,,,11.0,11.0,54.0,52.0,,,,34.0,11.0,43.0,,32.0,38.0,15.0,59.0,,53.0,17.0,58.0,35.0,20.0,55.0,,42.0,39.0,31.0,22.0,10.0,45.0,19.0,48.0,,,41.0,25.0,,49.0,29.0,,40.0,,41.0,,25.0,,,44.0,,34.0,,18.0,20.0,45.0,38.0,,17.0,35.0,44.0,52.0,51.0,24.0,36.0,20.0,,43.0,52.0,43.0,32.0,54.0,47.0,42.0,53.0,49.0,18.0,,,39.0,56.0,30.0,10.0,36.0,23.0,35.0,47.0,45.0,21.0,17.0,34.0,50.0,6.0,41.0,,64.0,56.0,18.0,29.0,,46.0,7.0,44.0,,11.0,,46.0,35.0,,57.0,64.0,,39.0,25.0,,28.0,42.0,,28.0,27.0,56.0,64.0,59.0,60.0,62.0,,16.0,62.0,32.0,43.0,,35.0,,44.0,51.0,0.0,28.0,55.0,34.0,,47.0,55.0,33.0,21.0,34.0,20.0,51.0,30.0,60.0,,40.0,,52.0,30.0,44.0,15.0,20.0,30.0,57.0,26.0,12.0,32.0,63.0,45.0,0.0,46.0,64.0,64.0,35.0,47.0,58.0,49.0,31.0,,23.0,50.0,57.0,41.0,34.0,,,52.0,52.0,,44.0,5.0,41.0,93,3,2.453551912568306,18.808743169398905,-0.36445620123950045
4,5,1,6,2,8,9,10,5,6,4,6,12,3,10,2,8,5,14,10,8,8,8,10,8,11,9,9,5,11,9,9,2,15,13,14,21,11,13,16,18,31.0,21,0,7,6,3,15,8,41,14,14,9,5,13,6,10,11,8,11,7,9,17,6,20.0,12,18,10,7,12,18,14,9,8,9,7,17,9,14,5,15,7,10,13,14,7,13,13,22,4,14,13,8,11,16,19,27,7,10,17,12,7,15,17,9,13,14,18,16,12,12,43.0,18,15,22.0,13,15,14,11,23,20,17,15,15,12,7,14,1.0,19,9,21,15,58.0,15,17,16.0,23,19,10,10,11,20,15,16,3.0,34.0,10,22.0,13,12,13,19,39.0,18,16,22,17,45.0,10,17,5,14,13,10,19,25.0,17,10,16,20,9,29.0,1,9,19,1,19,20.0,16,14.0,15,13,13,6,18,54.0,43.0,13,26,19.0,11.0,16,29,21,18,27,10,13,21.0,15,48,,18,18,27,23,46.0,13,14,42,24,20.0,18,23,17,15,20,20,14,25.0,20.0,21,16,24,21.0,17,29,11,19.0,32,9.0,19.0,13,6,,33,33,11,14.0,37.0,10,20,21,16,25,30.0,31,14,15,16,17,24,29.0,49.0,26,17.0,26.0,17.0,12.0,31,29.0,8,24,11,27.0,21.0,37.0,13.0,22.0,15,29.0,17.0,,12,15,15.0,7,21,6,38.0,12.0,46.0,14,,18,20,17.0,9.0,19,35.0,24.0,15,13,21.0,9,37.0,6.0,2.0,26,21,11.0,24,28,24,28,20,2,17,18,15,30,20,11,7.0,41.0,14,13,18,41.0,42.0,3,29,16,,20,55.0,12,21,19,10,19,8.0,9,21.0,19,21,17.0,8,12,20,53.0,,7,25.0,13.0,18.0,31.0,15.0,16,19.0,18,16,34,25.0,16,11.0,32.0,19,,14.0,38.0,22,24.0,18,35,18,13,12,15,21,19.0,0,20.0,20,9,19,17.0,21,6.0,15,14.0,15,39.0,16,13,24.0,27,23.0,17,15.0,12.0,14,12,,26.0,20.0,15.0,11.0,25,16.0,33.0,12,33.0,16,22,0.0,52.0,16,15.0,18,12.0,32.0,5,33,11,35.0,23,18.0,22.0,35,17.0,26,17.0,21,26,13,28.0,25.0,25,21,12,29.0,25.0,16,36,21.0,14,17.0,16.0,36.0,25.0,30.0,55.0,11.0,30.0,31.0,30.0,12,40,53.0,58.0,36.0,13.0,18.0,40.0,43.0,28.0,21,17,30.0,17.0,17,20.0,13.0,39.0,23.0,7.0,29.0,24,22,,21.0,,23.0,14,32.0,17.0,35.0,11,17,16,45.0,33.0,0.0,18.0,15,24,25.0,37.0,22,20.0,25.0,32,27.0,33.0,26.0,42,20.0,22,51.0,17.0,0.0,28,25.0,24,35.0,9,36,46.0,42.0,35.0,12.0,0,27,26,18.0,11,27.0,21,18,23.0,20,20,24.0,21.0,30,10,31.0,21.0,14.0,20.0,16.0,27.0,12,24.0,14,10,22.0,,22.0,20.0,,26.0,15,7,8.0,,25.0,21.0,19.0,17.0,23,26.0,21,46.0,48.0,,8.0,22,5.0,17,52.0,41.0,18.0,29,,19.0,27.0,17,47,,11.0,41.0,54.0,17.0,16.0,18.0,30.0,10.0,50.0,36.0,41.0,26,28,,45.0,18.0,13,21,17,31,52.0,,17,7,31.0,25.0,21,26.0,29.0,14.0,29,6.0,26.0,28.0,19,18.0,44.0,35.0,,18.0,32.0,27,13.0,16,20.0,12,21,22,30.0,24.0,25.0,,19.0,,8.0,38.0,14.0,24.0,10.0,13,23.0,9.0,25,34.0,27.0,16.0,6.0,32,11.0,41.0,44.0,19,17,43.0,18,16.0,23.0,33.0,23.0,16,30.0,17,12,23.0,22,24.0,7,18.0,,44.0,20,15,8.0,18.0,12,21.0,16,18.0,15,,22.0,26.0,,35.0,8.0,25,46.0,54.0,,39.0,12.0,51.0,49.0,15,22,18.0,22,20,27,38.0,38.0,8.0,21.0,,16.0,39,31.0,38.0,18.0,19,28.0,47.0,47.0,8.0,,10,15.0,14.0,22.0,,23.0,19.0,31.0,12,43.0,,18.0,,50.0,29.0,20.0,43,8.0,,17.0,38.0,17,15,43.0,6.0,14,23.0,10.0,28.0,22,30.0,,19.0,7.0,16,38.0,,21.0,6.0,37.0,15.0,,57.0,44.0,19,27,49.0,30.0,33.0,28.0,45.0,22.0,22.0,41.0,33.0,30.0,17,6,22.0,30,24.0,37.0,36.0,19.0,22,6,28.0,24.0,15.0,16.0,15.0,19.0,18.0,49.0,7.0,31,4.0,28.0,27.0,23.0,28.0,58.0,43,13.0,30.0,19.0,34,,22.0,25.0,41.0,11.0,20.0,13,35.0,28,,8.0,25.0,42.0,0.0,36.0,19.0,46.0,41.0,12.0,40.0,37.0,31.0,57.0,5.0,25.0,,0.0,54.0,43.0,47.0,22,17.0,14.0,18,38.0,,6,13.0,22.0,33.0,20,17,19,40.0,18.0,42.0,37.0,28.0,23.0,,46.0,34.0,21,14.0,30,12.0,0,36,52.0,35,,3.0,21.0,5.0,20,22.0,9.0,54.0,20.0,,34.0,7,21.0,21,42.0,37.0,6.0,16,6.0,2,9,29.0,13.0,,21,28.0,54.0,16,20.0,13.0,25.0,29.0,30.0,17.0,23.0,50.0,36,22.0,27.0,30.0,31.0,40.0,16.0,13.0,,38,19.0,15,50.0,20.0,17.0,33.0,34,8,42.0,11.0,46.0,27.0,18.0,45.0,29.0,45.0,45.0,35,37.0,9.0,24,18,45.0,,22,14.0,53.0,35,22.0,33,4,26,47.0,17.0,55.0,18.0,19.0,,18.0,,39.0,21.0,28.0,21.0,10.0,23.0,25.0,,32.0,19.0,38.0,33.0,36.0,15.0,26.0,10.0,25.0,22.0,29.0,13.0,6.0,22.0,3.0,19.0,25.0,41.0,17.0,35.0,47.0,,21.0,22.0,14.0,50.0,53.0,19.0,14.0,16.0,25.0,10.0,11,19.0,25.0,23.0,12,29.0,,42.0,15.0,32.0,54.0,15.0,28.0,20.0,22.0,12.0,,37.0,,34.0,,10.0,36.0,19.0,52.0,40.0,,54.0,13.0,27.0,23.0,30.0,58.0,24,44.0,21.0,29.0,12,11.0,30.0,6.0,14.0,19.0,55.0,16.0,52.0,25.0,12,14.0,12.0,37.0,14.0,12.0,36.0,19,30,22.0,11.0,12.0,48.0,15.0,11.0,33,21,45.0,40.0,37.0,,19.0,27.0,13.0,42.0,51.0,46.0,7.0,36.0,20.0,30.0,16.0,10.0,21,22.0,20.0,22.0,34.0,13.0,17,45.0,27,29.0,20,27.0,35.0,18.0,30.0,19.0,27.0,25.0,48.0,14.0,15.0,39.0,39.0,31,17.0,24.0,38.0,26.0,,23,20.0,12.0,21.0,,25.0,24.0,,39.0,21.0,14,15,,43.0,17.0,,40.0,8.0,42.0,19.0,28,31.0,43.0,21.0,9.0,20.0,12.0,31.0,29.0,17,15.0,36.0,9.0,18,0,20.0,47.0,23.0,55.0,38.0,10.0,14.0,,17.0,35.0,24.0,34.0,27.0,52.0,52.0,25,18.0,28.0,33.0,51.0,31.0,23,28.0,36.0,23,48.0,38.0,24.0,40.0,28.0,22.0,20.0,36.0,31.0,28.0,57.0,11,25.0,53.0,30.0,5.0,21,37.0,58.0,44.0,19.0,18.0,47.0,20.0,26.0,58.0,35.0,24.0,19.0,26.0,28,11,13.0,34.0,26.0,13.0,13.0,9,51,42.0,14.0,46.0,33.0,11.0,25.0,35.0,21.0,9.0,7.0,25.0,,,13.0,43.0,21,16,12.0,51.0,37.0,15.0,35.0,19,40.0,12.0,45.0,43.0,,20.0,23.0,18.0,21.0,20.0,40.0,,36.0,21.0,47.0,32,37.0,23.0,34,20.0,14.0,54.0,40.0,31.0,57.0,51.0,22.0,11.0,23.0,29.0,,11.0,58.0,10.0,55.0,24.0,,28.0,37.0,7.0,47.0,48.0,23.0,36.0,37.0,18.0,26.0,47.0,39.0,5.0,46.0,57.0,,29.0,37.0,,38.0,16.0,6.0,31.0,14.0,19.0,,45.0,15.0,42.0,,51.0,56.0,39.0,,34.0,22.0,15.0,28.0,7.0,23.0,21.0,25.0,21.0,33,18.0,28.0,2.0,19.0,41.0,14.0,,17.0,22.0,13.0,3.0,15.0,39.0,21.0,29.0,15.0,,34.0,24.0,37.0,38.0,10.0,11.0,35.0,36.0,33.0,21.0,11.0,36.0,13.0,17.0,,31.0,,16.0,32.0,,45.0,51.0,42.0,16.0,39.0,37.0,48.0,20.0,49.0,31,,18.0,,28.0,18.0,,22.0,15.0,26.0,18,51.0,40.0,,,15.0,35.0,43.0,21.0,13.0,23.0,25.0,51.0,31.0,28.0,56.0,30.0,24,23.0,16.0,,,13.0,18.0,16.0,,8.0,,29.0,,22.0,25.0,,28.0,52.0,37.0,38.0,32.0,13.0,49.0,32.0,20.0,27,17,9.0,31.0,,29.0,16.0,0.0,19.0,25.0,14.0,41.0,27.0,13.0,52.0,20.0,25.0,46.0,54.0,21.0,36.0,53.0,,,31.0,,39.0,34.0,,,35.0,17.0,41.0,54.0,50.0,29.0,31.0,55.0,43.0,29.0,46.0,46.0,26.0,28.0,37.0,25.0,27.0,,43.0,30.0,14,28.0,17.0,17.0,20.0,30,0.0,7.0,20.0,29.0,21.0,35.0,31.0,41.0,31,27.0,34.0,8.0,39.0,16.0,20.0,57.0,35,37.0,47.0,31.0,51.0,23,36.0,18.0,37.0,33.0,0.0,35.0,9.0,23.0,9.0,10.0,21.0,,9.0,49.0,18.0,14.0,58.0,,53.0,0.0,30.0,57.0,24.0,,23,29.0,52.0,31.0,58.0,24.0,3.0,,44.0,,,18.0,,12.0,14,18.0,28.0,36.0,25.0,47.0,30.0,,38.0,,10.0,23.0,22.0,16.0,38.0,35.0,,40.0,,10.0,34.0,32.0,12.0,25.0,33.0,32.0,18.0,19.0,32.0,23.0,30.0,31.0,,38.0,29.0,12.0,49.0,13.0,38.0,34.0,50.0,18.0,4.0,38.0,44.0,35.0,52.0,,28.0,17.0,30.0,54.0,35.0,30.0,35.0,28.0,38.0,17.0,26.0,51.0,33.0,18.0,33.0,17.0,26.0,32.0,10.0,15.0,,49.0,23,13.0,,33.0,19.0,19.0,,27.0,31.0,16.0,24.0,36.0,35.0,17.0,42.0,29.0,16.0,25.0,22.0,0.0,29.0,42.0,58.0,35.0,25.0,56.0,,36.0,41.0,,47.0,46.0,23.0,,,15.0,16.0,10.0,23.0,23.0,32.0,51.0,20.0,,31.0,42.0,44.0,,52.0,23.0,38.0,,29.0,43.0,,,15.0,4.0,49.0,28.0,35.0,12.0,57.0,25.0,20.0,,24.0,23.0,21.0,11.0,,14.0,36.0,30.0,30.0,5.0,31.0,52.0,,47.0,,13.0,24.0,15.0,8.0,,3.0,,23.0,27.0,,50.0,20.0,29.0,,19.0,19.0,25.0,25.0,48.0,,54.0,42.0,18.0,,17.0,20.0,34.0,,13.0,16.0,54.0,18.0,35.0,36.0,23.0,20.0,32.0,43.0,26.0,31.0,30.0,,34.0,52.0,27.0,52.0,25.0,,19,32.0,14.0,43.0,30.0,19.0,21.0,24.0,52.0,31.0,,19,,35.0,55.0,56.0,26.0,38.0,33.0,,13,48.0,41.0,15.0,,30.0,58.0,17.0,,51.0,15.0,33.0,29.0,45.0,40.0,,57.0,22.0,24.0,44.0,34.0,55.0,21.0,36.0,45.0,36.0,35.0,29.0,34.0,31.0,,25.0,43.0,24.0,44.0,34.0,25.0,,19.0,17.0,,19.0,,12.0,23.0,,,7.0,56.0,,58.0,12.0,37.0,,26.0,34.0,5.0,31.0,21.0,23.0,42.0,19.0,31.0,33.0,,,24.0,19.0,28.0,24.0,50.0,27.0,,13.0,14.0,36.0,15.0,36.0,21.0,19.0,46.0,33.0,27.0,32.0,,11.0,0.0,30.0,19.0,31.0,,18.0,36.0,,,42.0,12.0,23.0,32.0,20.0,35.0,56.0,,18.0,,23.0,24.0,,51.0,25,49.0,25.0,28.0,,14.0,13.0,16.0,28.0,40.0,29.0,18.0,34.0,30.0,25.0,55.0,11.0,,8.0,45.0,25.0,32.0,,0.0,56.0,27.0,43.0,,33.0,44.0,20.0,13.0,45.0,50.0,41.0,19.0,,31.0,8.0,26.0,,34.0,17.0,9.0,,31.0,,23.0,58.0,20.0,30.0,36.0,17.0,21.0,55.0,25.0,52.0,,51.0,,,23.0,16.0,26.0,40.0,19.0,27.0,41.0,31.0,,7.0,,46.0,33.0,29.0,12.0,22.0,26.0,39.0,6.0,18,,20.0,10,11.0,40.0,,26.0,14.0,16.0,22.0,51.0,35.0,12.0,30.0,,,,23.0,34.0,0.0,41.0,,15.0,17.0,25.0,36.0,39.0,50.0,13.0,42.0,9.0,26.0,,13.0,26.0,29.0,4.0,44.0,,9.0,,,42.0,49.0,11.0,,51.0,33.0,25.0,31.0,20.0,4.0,44.0,47.0,29.0,33.0,54.0,41.0,35.0,14.0,29.0,22.0,44.0,21.0,21.0,17.0,17.0,57.0,22.0,26.0,29.0,52.0,9.0,31.0,21.0,29.0,,30.0,33.0,,0.0,27.0,41.0,10.0,,,37.0,,22.0,19.0,3.0,44.0,17.0,,,57.0,29.0,0.0,20.0,29.0,13.0,,22.0,40.0,,21.0,0.0,,,9.0,26.0,26.0,8.0,23.0,58.0,,22.0,,17.0,47.0,48.0,39.0,,,37.0,55.0,38.0,32.0,38.0,50.0,24.0,19.0,30.0,39.0,46.0,27.0,14.0,38.0,25.0,30.0,,30.0,,12.0,10.0,13.0,18.0,8.0,0.0,9.0,5.0,32.0,13.0,9.0,47.0,25.0,,,12.0,25.0,,,,,21.0,32.0,26.0,,22.0,,20.0,16.0,55.0,37.0,55.0,,11.0,53.0,,,12.0,40.0,,54.0,,45.0,36.0,,27.0,24.0,27.0,48.0,11.0,23.0,25.0,54.0,,22.0,,18.0,28.0,42.0,8.0,25.0,2.0,8.0,25.0,,19.0,,,,7.0,22.0,21.0,8.0,37.0,,,52.0,24.0,42.0,25.0,45.0,,11.0,14.0,35.0,42.0,44.0,19.0,15.0,40.0,18.0,,33.0,42.0,18.0,4.0,15.0,,57.0,34.0,45.0,28.0,31.0,57.0,49.0,30.0,11.0,16.0,50.0,16.0,18.0,15.0,32.0,34.0,,39.0,37.0,,9.0,33.0,21.0,8.0,,40.0,39.0,21.0,20.0,29.0,37.0,32.0,,,50.0,20.0,18.0,13.0,14.0,18.0,44.0,29.0,31.0,,26.0,20.0,31.0,,29.0,23.0,17.0,,30.0,,30.0,19.0,31.0,48.0,26.0,,20.0,23.0,27.0,19.0,,24.0,,21.0,13.0,24.0,22.0,16.0,34.0,53.0,21.0,50.0,26.0,52.0,19.0,54.0,37.0,28.0,36.0,49.0,20.0,37.0,,7.0,29.0,58.0,54.0,34.0,18.0,,,29.0,29.0,13.0,,15.0,23.0,47.0,,,37.0,36.0,,39.0,9.0,,8.0,24.0,5.0,12.0,17.0,16.0,,,24.0,24.0,42.0,,21.0,26.0,16.0,14.0,39.0,29.0,21.0,,33.0,,,48.0,32.0,,56.0,20.0,40.0,25.0,19.0,23.0,,,41.0,23.0,,,35.0,46.0,17.0,,44.0,,10.0,,51.0,20.0,54.0,39.0,38.0,17.0,,25.0,,38.0,42.0,58.0,27.0,26.0,24.0,,10.0,54.0,32.0,46.0,27.0,19.0,35.0,23.0,20.0,31.0,23.0,,28.0,,10.0,,51.0,39.0,33.0,25.0,40.0,48.0,29.0,35.0,,,34.0,22.0,21.0,30.0,,35.0,10.0,33.0,26.0,28.0,21.0,39.0,12.0,32.0,13.0,49.0,,,39.0,29.0,28.0,17.0,,49.0,25.0,29.0,26.0,,,15.0,,,16.0,48.0,21.0,24.0,,22.0,,50.0,,41.0,49.0,27.0,32.0,58.0,,14.0,15.0,38.0,15.0,,46.0,34.0,,11.0,,,,18.0,42.0,,,22.0,40.0,21.0,7.0,,19.0,53.0,33.0,,33.0,26.0,36.0,54.0,22.0,34.0,6.0,,36.0,24.0,42.0,,,24.0,46.0,,11.0,43.0,,25.0,,37.0,,28.0,,14.0,20.0,,20.0,30.0,,26.0,43.0,49.0,14.0,28.0,15.0,,48.0,,13.0,28.0,41.0,35.0,11.0,14.0,23.0,14.0,31.0,27.0,24.0,36.0,21.0,26.0,42.0,37.0,20.0,,47.0,48.0,35.0,11.0,19.0,,18.0,29.0,20.0,37.0,46.0,39.0,27.0,50.0,28.0,37.0,,30.0,13.0,17.0,18.0,21.0,,,,6.0,23.0,31.0,24.0,43.0,27.0,42.0,37.0,19.0,16.0,35.0,22.0,,,13.0,,25.0,,15.0,46.0,55.0,,22.0,36.0,34.0,24.0,,,58.0,,18.0,,11.0,15.0,30.0,,31.0,16.0,,21.0,55.0,48.0,,47.0,,19.0,29.0,29.0,19.0,,,44.0,41.0,26.0,,21.0,45.0,,0.0,27.0,20.0,,35.0,39.0,15.0,,47.0,32.0,,28.0,31.0,0.0,15.0,48.0,30.0,29.0,19.0,17.0,43.0,0.0,50.0,27.0,22.0,26.0,48.0,22.0,16.0,35.0,,25.0,20.0,18.0,12.0,,39.0,35.0,43.0,18.0,0.0,20.0,,27.0,,,,,42.0,28.0,58.0,20.0,,41.0,15.0,58.0,,42.0,42.0,33.0,13.0,,,20.0,46.0,,,23.0,46.0,37.0,27.0,,33.0,38.0,30.0,,,6.0,28.0,18.0,16.0,20.0,0.0,18.0,33.0,,,,16.0,27.0,,16.0,,15.0,27.0,,9.0,20.0,,25.0,,14.0,,34.0,55.0,5.0,39.0,53.0,28.0,45.0,31.0,44.0,42.0,44.0,,22.0,28.0,15.0,25.0,25.0,51.0,,,,,22.0,,,,23.0,,,51.0,,,31.0,24.0,27.0,,,32.0,16.0,27.0,49.0,21.0,,,22.0,,,,,,50.0,,25.0,,18.0,14.0,19.0,25.0,,32.0,50.0,26.0,39.0,21.0,,25.0,29.0,15.0,27.0,20.0,31.0,43.0,28.0,22.0,42.0,41.0,27.0,36.0,,,31.0,25.0,9.0,10.0,,29.0,,26.0,,,43.0,41.0,27.0,17.0,43.0,23.0,16.0,23.0,21.0,26.0,50.0,,27.0,39.0,13.0,31.0,25.0,,50.0,16.0,,34.0,20.0,55.0,43.0,34.0,12.0,35.0,12.0,9.0,44.0,16.0,6.0,24.0,,,30.0,41.0,,34.0,,36.0,19.0,,21.0,,34.0,41.0,0.0,29.0,45.0,35.0,57.0,55.0,21.0,46.0,26.0,,35.0,,10.0,53.0,,29.0,39.0,17.0,,0.0,,19.0,9.0,,33.0,,47.0,41.0,,26.0,,22.0,15.0,57.0,35.0,15.0,48.0,,,50.0,15.0,24.0,,21.0,29.0,26.0,34.0,31.0,,,27.0,47.0,36.0,43.0,45.0,,25.0,43.0,39.0,25.0,28.0,34.0,,16.0,34.0,26.0,,22.0,33.0,46.0,,14.0,48.0,24.0,,37.0,24.0,34.0,,25.0,,41.0,,24.0,9.0,45.0,48.0,,16.0,9.0,,,,25.0,49.0,32.0,46.0,16.0,55.0,30.0,56.0,15.0,28.0,40.0,56.0,,29.0,13.0,19.0,40.0,0.0,17.0,,52.0,,29.0,31.0,14.0,7.0,8.0,,43.0,32.0,,,32.0,15.0,,56.0,56.0,46.0,18.0,24.0,,37.0,58.0,41.0,,24.0,24.0,51.0,,5.0,51.0,51.0,7.0,54.0,13.0,26.0,26.0,,30.0,33.0,15.0,,,14.0,,23.0,13.0,58.0,27.0,28.0,30.0,8.0,,14.0,12.0,,,,5.0,30.0,42.0,19.0,11.0,,,24.0,37.0,18.0,21.0,,32.0,,49.0,,,46.0,27.0,49.0,,28.0,94,3,2.476648351648352,17.358042358328564,-0.3159079075333236
5,6,3,8,5,9,9,8,7,7,5,10,7,4,7,9,8,7,11,12,7,11,8,9,10,18,10,10,6,10,12,10,6,5,9,6,4,13,9,13,10,29.0,16,5,14,9,15,7,10,22,9,10,11,0,6,6,16,17,8,8,11,17,14,2,28.0,10,8,15,7,10,17,7,13,11,14,11,12,18,13,11,12,9,10,4,12,9,11,11,12,6,14,15,3,14,22,14,20,13,13,16,15,7,11,16,11,0,12,28,16,5,13,57.0,15,13,19.0,14,14,27,12,26,15,10,12,15,13,11,14,21.0,6,2,23,13,17.0,13,12,19.0,6,11,11,17,20,23,13,9,32.0,30.0,13,11.0,10,18,16,17,14.0,18,14,17,0,40.0,11,22,60,14,0,47,19,21.0,19,21,14,22,9,22.0,6,18,11,22,16,25.0,13,28.0,13,17,11,13,11,23.0,48.0,4,16,24.0,10.0,1,13,13,9,15,13,7,17.0,12,7,,21,17,14,20,35.0,16,15,6,0,10.0,19,9,20,25,13,7,13,17.0,27.0,9,13,9,23.0,17,7,14,8.0,13,21.0,30.0,14,22,,23,11,12,28.0,43.0,15,14,14,15,16,30.0,20,16,10,14,13,12,13.0,11.0,12,17.0,12.0,20.0,55.0,36,22.0,15,18,14,52.0,48.0,37.0,17.0,24.0,13,21.0,26.0,27.0,22,11,20.0,9,19,10,14.0,33.0,19.0,14,23.0,13,8,17.0,31.0,17,21.0,10.0,14,24,29.0,12,7.0,39.0,11.0,31,12,17.0,13,18,15,28,16,16,14,23,16,23,17,16,,14.0,11,13,12,27.0,15.0,15,24,14,42.0,13,41.0,10,12,15,18,9,,3,4.0,4,8,9.0,32,14,15,11.0,,20,14.0,12.0,31.0,17.0,11.0,15,30.0,24,48,13,14.0,34,13.0,28.0,14,19.0,17.0,31.0,30,23.0,14,16,24,24,16,24,27,12.0,8,36.0,20,13,14,,20,,14,38.0,24,43.0,19,18,17.0,23,22.0,12,39.0,33.0,18,33,9.0,5.0,12.0,14.0,14.0,32,22.0,12.0,23,29.0,17,22,57.0,20.0,23,27.0,34,16.0,45.0,12,21,23,,13,17.0,44.0,19,19.0,18,18.0,17,20,17,8.0,47.0,25,11,27,50.0,14.0,14,12,33.0,39,33.0,25.0,15.0,,,11.0,5.0,29.0,27.0,7.0,17,23,23.0,48.0,44.0,45.0,30.0,0.0,,27.0,19,15,57.0,48.0,19,18.0,32.0,,28.0,32.0,0.0,31,17,31.0,25.0,30.0,0.0,22,9.0,19.0,51.0,32,33,23,51.0,15.0,12.0,32.0,8,17,48.0,,18,43.0,13.0,22,10.0,50.0,36.0,22,20.0,19,12.0,30.0,19.0,19,15.0,34,9.0,12,14,11.0,30.0,,44.0,9,14,24,11.0,29,44.0,16,26,22.0,16,20,9.0,16.0,38,35,32.0,31.0,15.0,40.0,21.0,24.0,8,,15,16,28.0,53.0,,29.0,33.0,,16,54,17.0,,20.0,15.0,57.0,27.0,6,29.0,15,18.0,23.0,46.0,5.0,16,32.0,25,0.0,32.0,33.0,26,25.0,30.0,,23,22,,46.0,18.0,58.0,13.0,26.0,15.0,27.0,17.0,13.0,19.0,14.0,15,25,22.0,10.0,16.0,20,11,18,17,12.0,31.0,11,10,,16.0,19,17.0,28.0,14.0,37,8.0,61.0,27.0,11,,37.0,14.0,50.0,,14.0,21,13.0,20,8.0,18,32,23,14.0,32.0,30.0,15.0,,,28.0,44.0,26.0,22.0,49.0,18,19.0,31.0,24,25.0,,13.0,38.0,28,11.0,,47.0,18,22,,16,23.0,48.0,23.0,0.0,12,37.0,35,23,36.0,20,35.0,7,25.0,25.0,26.0,35,22,28.0,10.0,24,46.0,13,14.0,19,56.0,25.0,13.0,,40.0,11.0,21,32.0,15.0,35.0,8.0,,25.0,48.0,35,14,17.0,25,27,11,43.0,37.0,6.0,23.0,17.0,21.0,24,43.0,18.0,19.0,22,18.0,22.0,45.0,26.0,,31,22.0,15.0,24.0,21.0,18.0,,33.0,23,,,22.0,60.0,29.0,26.0,19.0,22,27.0,30.0,30.0,42.0,19,14,20.0,,21,1.0,,41.0,11,61.0,,36.0,39.0,6,18.0,27.0,24.0,35.0,18.0,10.0,30.0,45.0,30.0,42,24,14.0,25.0,32.0,18.0,48.0,26.0,33.0,,31.0,28.0,24,14,31.0,18,46.0,24.0,18.0,33.0,25,8,31.0,15.0,18.0,0.0,0.0,,20.0,18.0,42.0,13,41.0,36.0,27.0,25.0,39.0,3.0,18,30.0,38.0,23.0,15,33.0,22.0,40.0,20.0,20.0,17.0,24,34.0,38,50.0,19.0,22.0,1.0,44.0,24.0,3.0,32.0,24.0,11.0,,33.0,18.0,15.0,43.0,45.0,23.0,32.0,7.0,,,34,34.0,19.0,3,,34.0,10,41.0,8.0,10.0,22,22,16,26.0,30.0,,,9.0,18.0,27.0,60.0,23.0,21,21.0,18,35.0,15,28,32.0,23,,7.0,30.0,14.0,44,13.0,16.0,33.0,29.0,,34.0,9,38.0,15,19.0,50.0,8.0,37,49.0,40,39,39.0,43.0,,18,59.0,,23,35.0,48.0,29.0,41.0,24.0,18.0,28.0,33.0,9,47.0,49.0,55.0,56.0,,15.0,21.0,47.0,13,26.0,18,33.0,27.0,17.0,25.0,38,22,15.0,25.0,,,9.0,53.0,19.0,,21.0,20,17.0,16.0,22,26,20.0,19.0,16,17.0,24.0,30,38.0,14,20,44,,2.0,,,22.0,8.0,35.0,24.0,31.0,,,16.0,24.0,25.0,27.0,11.0,44.0,29.0,37.0,16.0,58.0,21.0,12.0,31.0,37.0,26.0,60.0,16.0,13.0,24.0,43.0,34.0,34.0,10.0,,,23.0,,42.0,19.0,,18.0,42.0,13.0,30.0,18.0,,,17,34.0,38.0,18.0,15,29.0,8.0,51.0,16.0,24.0,,37.0,15.0,23.0,29.0,15.0,,20.0,,30.0,30.0,35.0,21.0,48.0,14.0,5.0,,39.0,20.0,47.0,39.0,25.0,55.0,33,51.0,52.0,0.0,17,26.0,14.0,11.0,34.0,44.0,40.0,31.0,18.0,38.0,20,30.0,31.0,17.0,38.0,43.0,,23,39,26.0,25.0,35.0,32.0,13.0,,8,7,17.0,,41.0,14.0,27.0,18.0,48.0,17.0,33.0,20.0,35.0,23.0,46.0,23.0,58.0,46.0,34,19.0,42.0,17.0,17.0,39.0,12,12.0,43,4.0,19,19.0,18.0,29.0,37.0,10.0,26.0,21.0,42.0,14.0,49.0,40.0,17.0,36,43.0,0.0,36.0,30.0,54.0,20,20.0,,24.0,28.0,18.0,,37.0,43.0,51.0,37,25,,17.0,30.0,0.0,9.0,19.0,36.0,11.0,8,10.0,,37.0,53.0,36.0,56.0,,7.0,24,14.0,32.0,,36,7,17.0,45.0,33.0,28.0,34.0,39.0,57.0,21.0,23.0,35.0,20.0,21.0,34.0,,44.0,40,25.0,19.0,21.0,15.0,20.0,24,48.0,54.0,3,14.0,26.0,13.0,60.0,33.0,46.0,9.0,27.0,14.0,43.0,5.0,38,29.0,28.0,22.0,21.0,20,36.0,35.0,23.0,13.0,26.0,29.0,28.0,26.0,,46.0,40.0,14.0,20.0,31,14,49.0,10.0,28.0,57.0,11.0,19,15,29.0,44.0,,47.0,12.0,36.0,33.0,33.0,28.0,28.0,22.0,25.0,47.0,35.0,15.0,36,23,32.0,19.0,38.0,13.0,60.0,17,25.0,38.0,26.0,19.0,17.0,50.0,34.0,30.0,46.0,16.0,11.0,,39.0,17.0,25.0,13,20.0,25.0,28,26.0,14.0,17.0,11.0,12.0,,33.0,,30.0,24.0,38.0,20.0,6.0,31.0,43.0,,,18.0,21.0,,54.0,25.0,23.0,24.0,0.0,31.0,16.0,7.0,16.0,,25.0,,37.0,44.0,37.0,17.0,26.0,16.0,,45.0,28.0,18.0,28.0,30.0,,33.0,23.0,27.0,32.0,16.0,23.0,31.0,37.0,21.0,20.0,25.0,,13.0,37.0,9.0,28.0,27,57.0,28.0,44.0,47.0,50.0,40.0,40.0,33.0,45.0,17.0,24.0,38.0,,14.0,44.0,29.0,,28.0,28.0,27.0,26.0,32.0,38.0,13.0,45.0,,19.0,49.0,31.0,45.0,23.0,31.0,30.0,,29.0,31.0,52.0,33.0,16.0,54.0,22.0,,38.0,20.0,60.0,,12,40.0,20.0,33.0,28.0,24.0,61.0,0.0,,31.0,19,49.0,21.0,19.0,41.0,27.0,34.0,29.0,16.0,33.0,50.0,45.0,,16.0,23.0,40.0,42.0,19,16.0,20.0,49.0,34.0,9.0,,25.0,15.0,15.0,28.0,22.0,32.0,46.0,41.0,22.0,24.0,32.0,29.0,22.0,11.0,35.0,57.0,40.0,34.0,17,19,31.0,19.0,22.0,17.0,39.0,52.0,17.0,18.0,24.0,50.0,27.0,32.0,17.0,16.0,35.0,46.0,27.0,45.0,56.0,32.0,24.0,51.0,21.0,,20.0,23.0,25.0,13.0,22.0,41.0,,,12.0,,43.0,,49.0,56.0,44.0,,47.0,33.0,35.0,34.0,33.0,,29.0,32.0,43,24.0,49.0,44.0,56.0,24,58.0,31.0,46.0,48.0,17.0,,12.0,10.0,20,,49.0,33.0,,24.0,52.0,,31,39.0,10.0,54.0,,35,16.0,29.0,27.0,29.0,45.0,22.0,25.0,,15.0,34.0,24.0,,21.0,17.0,42.0,32.0,0.0,20.0,33.0,47.0,25.0,37.0,40.0,54.0,19,,,39.0,17.0,36.0,51.0,,37.0,42.0,16.0,,39.0,40.0,23,12.0,,20.0,27.0,49.0,23.0,16.0,46.0,,0.0,29.0,45.0,19.0,29.0,,,16.0,,37.0,39.0,52.0,27.0,23.0,,49.0,18.0,,,49.0,37.0,10.0,14.0,38.0,,44.0,,61.0,44.0,,48.0,9.0,23.0,23.0,46.0,21.0,16.0,,33.0,60.0,35.0,33.0,23.0,28.0,58.0,32.0,,27.0,44.0,,14.0,10.0,20.0,16.0,31.0,34.0,12.0,18.0,41.0,9.0,26,10.0,,24.0,29.0,51.0,34.0,41.0,,28.0,21.0,36.0,19.0,,9.0,59.0,16.0,29.0,23.0,15.0,29.0,,36.0,39.0,25.0,33.0,,40.0,48.0,29.0,,58.0,31.0,,24.0,11.0,23.0,8.0,28.0,37.0,51.0,58.0,35.0,,26.0,11.0,,29.0,,18.0,17.0,,12.0,39.0,33.0,34.0,20.0,22.0,57.0,18.0,25.0,23.0,34.0,27.0,16.0,18.0,29.0,22.0,11.0,25.0,25.0,28.0,,,24.0,18.0,36.0,31.0,,19.0,17.0,48.0,7.0,45.0,21.0,27.0,10.0,,22.0,54.0,22.0,38.0,,37.0,13.0,24.0,15.0,,19.0,22.0,58.0,33.0,33.0,,33.0,19.0,18.0,8.0,38.0,31.0,23.0,9.0,15.0,,15.0,,34.0,21.0,20.0,8.0,46.0,29.0,15.0,,27.0,34.0,,0.0,51.0,34,19.0,34.0,23.0,,35.0,15.0,16.0,,30.0,,11,,,39.0,50.0,23.0,,38.0,46.0,15,42.0,32.0,33.0,15.0,,60.0,26.0,,,,16.0,35.0,28.0,58.0,33.0,,16.0,25.0,,30.0,13.0,16.0,38.0,,51.0,12.0,21.0,24.0,,47.0,42.0,36.0,15.0,50.0,,40.0,,19.0,21.0,16.0,22.0,39.0,32.0,49.0,23.0,46.0,60.0,37.0,7.0,27.0,10.0,35.0,38.0,34.0,9.0,23.0,40.0,31.0,,41.0,26.0,44.0,24.0,48.0,39.0,51.0,36.0,20.0,35.0,19.0,36.0,18.0,38.0,41.0,8.0,27.0,26.0,36.0,,21.0,,,41.0,8.0,11.0,20.0,58.0,,15.0,41.0,12.0,,38.0,32.0,24.0,,34.0,12.0,39.0,43.0,15.0,21.0,20.0,33.0,,42.0,36.0,38.0,36,28.0,22.0,13.0,35.0,19.0,49.0,31.0,20.0,43.0,52.0,,45.0,16.0,14.0,41.0,18.0,22.0,26.0,10.0,40.0,42.0,51.0,44.0,57.0,,30.0,25.0,18.0,60.0,22.0,54.0,29.0,55.0,11.0,26.0,17.0,,43.0,22.0,18.0,57.0,51.0,8.0,32.0,31.0,31.0,37.0,,51.0,38.0,50.0,20.0,16.0,,33.0,,52.0,35.0,26.0,54.0,24.0,0.0,24.0,22.0,61.0,35.0,,22.0,,38.0,41.0,,46.0,15.0,13.0,,,,30.0,17,28.0,17.0,17,18.0,,34.0,,23.0,30.0,,31.0,12.0,12.0,39.0,11.0,36.0,36.0,,61.0,24.0,45.0,44.0,,22.0,5.0,19.0,30.0,28.0,50.0,41.0,14.0,36.0,39.0,8.0,53.0,36.0,37.0,29.0,,16.0,28.0,45.0,,25.0,25.0,54.0,20.0,48.0,57.0,22.0,17.0,11.0,56.0,,24.0,50.0,28.0,31.0,17.0,,38.0,45.0,28.0,29.0,9.0,27.0,0.0,13.0,,31.0,21.0,46.0,13.0,,39.0,37.0,44.0,,44.0,35.0,19.0,43.0,33.0,23.0,53.0,,45.0,9.0,35.0,51.0,39.0,20.0,23.0,42.0,,,24.0,27.0,,21.0,16.0,39.0,19.0,,34.0,8.0,,32.0,,55.0,16.0,55.0,,39.0,37.0,36.0,35.0,40.0,48.0,41.0,,,13.0,29.0,9.0,,61.0,,33.0,38.0,26.0,18.0,33.0,21.0,15.0,,14.0,39.0,,58.0,10.0,20.0,11.0,,,41.0,,,3.0,34.0,36.0,54.0,27.0,28.0,49.0,29.0,34.0,59.0,48.0,32.0,41.0,26.0,28.0,0.0,27.0,,32.0,15.0,,,20.0,19.0,18.0,41.0,22.0,49.0,18.0,53.0,18.0,23.0,,,,27.0,,43.0,55.0,,27.0,44.0,47.0,61.0,,21.0,48.0,,,,,15.0,21.0,27.0,10.0,59.0,20.0,29.0,44.0,,15.0,35.0,,43.0,52.0,25.0,39.0,33.0,,51.0,,25.0,4.0,,49.0,,,47.0,,51.0,27.0,52.0,41.0,16.0,,35.0,16.0,40.0,15.0,31.0,32.0,49.0,,16.0,21.0,29.0,36.0,45.0,,14.0,17.0,34.0,40.0,26.0,10.0,8.0,19.0,43.0,,14.0,43.0,28.0,40.0,,30.0,17.0,19.0,,24.0,58.0,30.0,23.0,44.0,30.0,30.0,22.0,,,27.0,,,37.0,26.0,,16.0,20.0,52.0,27.0,21.0,42.0,30.0,39.0,19.0,13.0,30.0,27.0,49.0,25.0,,11.0,17.0,,,15.0,19.0,,,24.0,20.0,20.0,32.0,27.0,22.0,59.0,51.0,38.0,16.0,,54.0,55.0,11.0,32.0,31.0,21.0,45.0,,34.0,51.0,37.0,42.0,,37.0,,,35.0,,39.0,42.0,29.0,,44.0,15.0,23.0,22.0,25.0,26.0,26.0,43.0,15.0,22.0,,30.0,25.0,8.0,36.0,47.0,48.0,31.0,23.0,,34.0,4.0,18.0,21.0,35.0,15.0,12.0,13.0,42.0,16.0,59.0,28.0,19.0,27.0,,,32.0,44.0,29.0,25.0,6.0,58.0,47.0,,23.0,,,46.0,9.0,,,,18.0,58.0,58.0,24.0,16.0,52.0,61.0,,44.0,,9.0,16.0,,39.0,53.0,20.0,31.0,20.0,,24.0,28.0,49.0,44.0,,35.0,,35.0,,50.0,,0.0,58.0,56.0,32.0,23.0,39.0,42.0,,41.0,18.0,,29.0,37.0,47.0,18.0,23.0,32.0,,30.0,41.0,45.0,21.0,60.0,,,32.0,,57.0,25.0,,48.0,20.0,34.0,9.0,34.0,,19.0,41.0,10.0,36.0,30.0,0.0,15.0,0.0,42.0,30.0,,34.0,41.0,,47.0,,38.0,,19.0,,,17.0,43.0,22.0,10.0,38.0,18.0,16.0,51.0,52.0,41.0,18.0,37.0,19.0,23.0,18.0,29.0,,15.0,11.0,,49.0,32.0,,8.0,4.0,39.0,26.0,,58.0,20.0,25.0,37.0,,30.0,35.0,24.0,,33.0,18.0,57.0,19.0,56.0,51.0,61.0,31.0,48.0,,37.0,19.0,,18.0,,20.0,20.0,28.0,15.0,,6.0,,,21.0,17.0,16.0,,44.0,,36.0,28.0,19.0,,34.0,47.0,42.0,38.0,15.0,56.0,45.0,28.0,31.0,24.0,28.0,29.0,39.0,32.0,36.0,,48.0,23.0,46.0,29.0,,59.0,16.0,56.0,31.0,28.0,11.0,56.0,27.0,44.0,18.0,16.0,13.0,50.0,,30.0,38.0,35.0,,39.0,15.0,15.0,,,25.0,27.0,21.0,18.0,32.0,,48.0,22.0,,17.0,50.0,17.0,,24.0,24.0,,50.0,16.0,34.0,54.0,40.0,61.0,26.0,48.0,34.0,,28.0,53.0,51.0,40.0,47.0,58.0,11.0,,32.0,14.0,18.0,,27.0,13.0,28.0,0.0,8.0,37.0,22.0,11.0,10.0,50.0,16.0,50.0,22.0,49.0,60.0,,27.0,47.0,35.0,46.0,57.0,22.0,,13.0,48.0,23.0,18.0,39.0,23.0,15.0,,,17.0,57.0,51.0,20.0,23.0,23.0,29.0,23.0,33.0,49.0,,19.0,38.0,29.0,,,36.0,13.0,43.0,40.0,18.0,,9.0,,12.0,31.0,51.0,41.0,14.0,44.0,26.0,,27.0,61.0,24.0,54.0,23.0,,47.0,29.0,23.0,,29.0,28.0,37.0,43.0,32.0,30.0,15.0,15.0,34.0,11.0,,21.0,18.0,30.0,48.0,18.0,40.0,,,56.0,,24.0,39.0,49.0,,,8.0,26.0,,5.0,30.0,25.0,16.0,45.0,19.0,57.0,,32.0,32.0,41.0,29.0,44.0,4.0,34.0,26.0,16.0,,15.0,51.0,17.0,11.0,,,41.0,27.0,31.0,9.0,,,,,46.0,,45.0,17.0,,,42.0,,,37.0,10.0,0.0,39.0,25.0,21.0,,,58.0,,54.0,27.0,,42.0,,31.0,38.0,57.0,37.0,,,34.0,57.0,46.0,,41.0,47.0,,,43.0,20.0,,13.0,47.0,,33.0,34.0,15.0,,27.0,13.0,28.0,11.0,16.0,,,61.0,,26.0,,,59.0,11.0,26.0,38.0,,19.0,22.0,,24.0,18.0,11.0,28.0,,0.0,,52.0,34.0,46.0,10.0,31.0,21.0,,59.0,,13.0,,23.0,,24.0,,16.0,36.0,48.0,,48.0,26.0,11.0,34.0,9.0,51.0,47.0,38.0,45.0,,29.0,44.0,35.0,59.0,54.0,16.0,,18.0,,,39.0,16.0,28.0,22.0,14.0,,15.0,52.0,42.0,,36.0,52.0,,61.0,,20.0,,,20.0,,6.0,46.0,36.0,3.0,52.0,14.0,,29.0,42.0,25.0,31.0,21.0,46.0,29.0,,22.0,45.0,,22.0,37.0,37.0,8.0,56.0,44.0,,34.0,20.0,4.0,28.0,39.0,44.0,30.0,,22.0,52.0,,38.0,58.0,,,,,51.0,38.0,,,11.0,49.0,21.0,,,10.0,,,38.0,,26.0,49.0,15.0,35.0,16.0,58.0,15.0,26.0,58.0,12.0,,,24.0,5.0,,47.0,52.0,34.0,20.0,25.0,21.0,,,32.0,23.0,44.0,31.0,17.0,55.0,18.0,39.0,,26.0,,32.0,32.0,15.0,31.0,,,25.0,34.0,26.0,,42.0,19.0,43.0,,,11.0,5.0,13.0,49.0,,47.0,,13.0,58.0,24.0,,16.0,43.0,,30.0,52.0,14.0,,40.0,,31.0,47.0,,20.0,20.0,30.0,31.0,34.0,11.0,,32.0,,55.0,25.0,28.0,,35.0,,54.0,27.0,12.0,13.0,38.0,28.0,38.0,,22.0,32.0,25.0,12.0,,33.0,,44.0,,49.0,28.0,49.0,48.0,17.0,15.0,30.0,13.0,,19.0,,,,,56.0,,,34.0,25.0,17.0,,28.0,47.0,23.0,48.0,57.0,,0.0,95,3,2.507649513212796,18.389539868533866,-0.35279301434897486
8,10,6,11,7,11,12,12,14,11,9,11,12,9,10,10,16,9,12,16,13,2,13,13,14,17,13,9,8,13,12,12,11,10,12,11,12,23,15,12,14,20.0,15,15,8,11,31,15,12,23,11,0,13,13,20,9,13,21,21,15,18,10,13,18,62.0,17,10,13,22,17,14,8,19,9,10,15,11,18,20,9,20,11,23,18,18,14,19,15,17,14,15,11,25,15,24,23,22,15,23,15,19,14,25,13,18,20,19,20,6,22,19,34.0,17,19,32.0,15,3,17,18,19,0,27,22,18,13,19,16,37.0,29,22,12,13,23.0,12,23,16.0,17,23,11,16,14,29,14,10,22.0,17.0,18,11.0,16,22,3,21,40.0,17,30,16,25,52.0,20,15,20,19,23,18,26,22.0,23,22,20,29,17,19.0,15,15,11,21,22,26.0,26,38.0,13,20,18,15,23,26.0,23.0,14,18,37.0,62.0,24,28,15,17,31,12,17,39.0,16,44,27.0,18,23,26,20,32.0,17,19,10,18,,33,25,20,27,18,36,17,10.0,38.0,19,32,11,57.0,15,23,20,,15,40.0,16.0,17,23,49.0,31,27,18,19.0,35.0,27,23,5,18,22,37.0,24,21,26,25,17,24,35.0,17.0,19,29.0,29.0,29.0,28.0,28,38.0,16,22,22,17.0,37.0,29.0,28.0,43.0,19,19.0,19.0,14.0,11,14,22.0,17,5,19,28.0,,,15,42.0,29,18,19.0,16.0,32,,34.0,13,22,24.0,24,30.0,,12.0,29,11,38.0,32,22,24,29,21,27,16,17,22,23,21,17,33.0,11.0,25,20,18,0.0,33.0,11,22,19,23.0,26,34.0,36,15,40,14,20,17.0,24,28.0,22,30,37.0,29,16,22,12.0,,12,16.0,48.0,46.0,12.0,18.0,0,16.0,15,22,24,51.0,14,22.0,31.0,23,38.0,7.0,,35,28.0,21,25,24,13,15,19,30,26.0,16,24.0,34,13,14,34.0,23,,20,11.0,21,36.0,39,23,37.0,28,31.0,0,39.0,13.0,19,39,16.0,42.0,12.0,31.0,8.0,24,27.0,55.0,21,21.0,28,19,23.0,,22,19.0,21,26.0,16.0,21,32,32,26.0,21,30.0,39.0,36,36.0,14,53.0,24,23,12,55.0,35.0,18,26,23,19.0,48.0,19,34,42.0,38,34.0,37.0,27.0,35.0,24.0,6.0,17.0,27.0,42.0,36.0,29,22,25.0,,9.0,34.0,18.0,29.0,,36.0,21,20,3.0,24.0,20,19.0,27.0,33.0,21.0,18.0,32.0,18,24,31.0,16.0,42.0,20.0,18,35.0,30.0,52.0,38,19,18,,24.0,16.0,20.0,15,19,16.0,35.0,22,49.0,18.0,22,,25.0,48.0,13,16.0,19,58.0,45.0,23.0,22,24.0,18,25.0,22,28,55.0,42.0,,33.0,18,20,22,22.0,46,28.0,15,24,41.0,28,33,18.0,20.0,13,15,25.0,29.0,41.0,20.0,30.0,11.0,18,50.0,0,26,56.0,46.0,41.0,46.0,25.0,27.0,16,26,46.0,29.0,25.0,23.0,11.0,32.0,37,16.0,24,16.0,14.0,,31.0,17,12.0,33,,0.0,36.0,26,23.0,45.0,19.0,23,43,24.0,44.0,29.0,16.0,,41.0,46.0,35.0,24.0,,15.0,21.0,34,25,20.0,26.0,54.0,16,29,24,24,30.0,32.0,20,18,21.0,16.0,17,34.0,18.0,32.0,14,36.0,27.0,21.0,15,41.0,33.0,36.0,46.0,35.0,39.0,38,37.0,21,21.0,30,27,15,20.0,29.0,27.0,44.0,21.0,57.0,11.0,36.0,17.0,21.0,26.0,12,34.0,,0,57.0,21.0,15.0,25.0,30,17.0,,18.0,33,20,,16,18.0,46.0,38.0,13.0,17,33.0,13,27,37.0,17,26.0,25,22.0,,4.0,27,27,20.0,37.0,33,13.0,38,40.0,21,,20.0,,49.0,53.0,20.0,28,18.0,41.0,,61.0,21.0,,36.0,11,23,25.0,20,23,16,63.0,23.0,31.0,20.0,18.0,10.0,30,27.0,42.0,52.0,0,31.0,52.0,22.0,39.0,59.0,19,,18.0,25.0,23.0,17.0,12.0,28.0,27,,22.0,21.0,16.0,52.0,29.0,30.0,22,37.0,,37.0,,6,20,,14.0,21,0.0,14.0,9.0,24,9.0,24.0,16.0,24.0,26,37.0,26.0,42.0,50.0,54.0,28.0,28.0,,16.0,27,21,42.0,24.0,21.0,49.0,34.0,21.0,16.0,,,48.0,38,35,29.0,28,34.0,,33.0,32.0,19,16,39.0,21.0,30.0,24.0,26.0,,48.0,50.0,35.0,34,26.0,46.0,34.0,43.0,22.0,22.0,31,39.0,25.0,22.0,31,26.0,25.0,55.0,31.0,0.0,18.0,22,30.0,39,,60.0,13.0,31.0,,26.0,49.0,37.0,24.0,23.0,38.0,24.0,33.0,21.0,42.0,20.0,,37.0,,34.0,60.0,36,29.0,21.0,17,16.0,47.0,26,38.0,25.0,20.0,25,25,23,20.0,32.0,37.0,9.0,28.0,14.0,24.0,,42.0,32,19.0,17,30.0,27,35,41.0,32,,8.0,10.0,31.0,28,24.0,12.0,38.0,24.0,23.0,14.0,33,38.0,27,25.0,,23.0,18,54.0,17,25,16.0,38.0,16.0,28,54.0,57.0,16,37.0,23.0,29.0,47.0,53.0,,13.0,29.0,21,39.0,49.0,20.0,17.0,57.0,47.0,36.0,20.0,15,27.0,31,0.0,22.0,29.0,43.0,31,24,20.0,17.0,14.0,33.0,42.0,55.0,25.0,29.0,40.0,50,29.0,27.0,20,23,29.0,43.0,14,55.0,37.0,26,53.0,29,40,34,45.0,33.0,32.0,24.0,43.0,50.0,39.0,51.0,27.0,53.0,28.0,25.0,37.0,37.0,25.0,28.0,14.0,31.0,15.0,12.0,,33.0,20.0,10.0,27.0,25.0,44.0,63.0,24.0,37.0,21.0,24.0,31.0,36.0,15.0,,13.0,,48.0,44.0,36.0,33.0,49.0,58.0,43.0,35.0,,24.0,29,22.0,46.0,19.0,10,39.0,36.0,16.0,30.0,29.0,6.0,43.0,26.0,46.0,27.0,32.0,,39.0,59.0,26.0,23.0,36.0,24.0,17.0,29.0,34.0,,,33.0,26.0,37.0,27.0,,22,25.0,43.0,25.0,36,61.0,27.0,17.0,28.0,31.0,30.0,39.0,,10.0,41,21.0,61.0,29.0,22.0,62.0,12.0,24,19,41.0,21.0,18.0,47.0,49.0,20.0,27,27,11.0,54.0,37.0,16.0,25.0,55.0,51.0,49.0,6.0,54.0,59.0,29.0,33.0,34.0,26.0,36.0,18,31.0,45.0,28.0,11.0,53.0,21,21.0,41,35.0,18,30.0,20.0,37.0,34.0,27.0,33.0,39.0,63.0,40.0,33.0,,49.0,29,,,,47.0,,42,19.0,34.0,32.0,16.0,20.0,56.0,41.0,43.0,,16,51,28.0,23.0,35.0,48.0,35.0,29.0,57.0,49.0,26,32.0,36.0,52.0,27.0,53.0,14.0,48.0,45.0,26,39.0,57.0,,27,23,,35.0,6.0,54.0,28.0,32.0,21.0,17.0,30.0,26.0,21.0,31.0,37.0,9.0,21.0,28,44.0,32.0,35.0,47.0,36.0,25,22.0,,26,25.0,18.0,,33.0,59.0,34.0,,,25.0,,40.0,37,43.0,43.0,22.0,41.0,25,27.0,46.0,35.0,14.0,7.0,59.0,16.0,17.0,32.0,38.0,14.0,31.0,57.0,29,37,,23.0,24.0,0.0,,30,38,40.0,47.0,38.0,45.0,,31.0,,20.0,26.0,55.0,32.0,46.0,40.0,0.0,,32,24,58.0,13.0,17.0,25.0,30.0,31,42.0,,28.0,35.0,54.0,53.0,14.0,54.0,39.0,,13.0,,36.0,38.0,,24,36.0,39.0,30,52.0,36.0,62.0,,33.0,28.0,50.0,,15.0,59.0,18.0,34.0,13.0,37.0,34.0,26.0,59.0,22.0,22.0,28.0,12.0,25.0,63.0,28.0,40.0,,17.0,42.0,31.0,32.0,22.0,16.0,25.0,,17.0,35.0,17.0,60.0,28.0,30.0,37.0,31.0,11.0,51.0,39.0,28.0,49.0,,44.0,19.0,,61.0,34.0,,13.0,38.0,25.0,10.0,25.0,53.0,41.0,26,46.0,38.0,39.0,21.0,31.0,37.0,24.0,,51.0,31.0,23.0,32.0,0.0,13.0,,13.0,54.0,15.0,21.0,38.0,23.0,45.0,32.0,20.0,12.0,13.0,21.0,,37.0,52.0,30.0,36.0,15.0,,55.0,21.0,,23.0,,,31.0,34.0,,34.0,21.0,28.0,25,22.0,19.0,13.0,42.0,,33.0,34.0,36.0,13.0,24,29.0,,45.0,55.0,35.0,27.0,28.0,39.0,17.0,33.0,,28.0,19.0,30.0,,13.0,17,51.0,35.0,26.0,33.0,,17.0,32.0,28.0,59.0,,60.0,33.0,16.0,,44.0,54.0,21.0,34.0,51.0,19.0,43.0,18.0,35.0,47.0,20,12,27.0,25.0,29.0,30.0,25.0,14.0,30.0,16.0,50.0,57.0,,24.0,31.0,51.0,,,53.0,,17.0,39.0,39.0,18.0,22.0,,,26.0,36.0,38.0,16.0,34.0,10.0,31.0,43.0,33.0,29.0,27.0,26.0,59.0,12.0,11.0,,,42.0,37.0,29.0,40.0,,22.0,29,12.0,30.0,15.0,58.0,31,28.0,26.0,,36.0,12.0,31.0,11.0,30.0,10,15.0,40.0,40.0,47.0,44.0,49.0,31.0,43,6.0,39.0,40.0,49.0,16,,38.0,56.0,34.0,49.0,32.0,24.0,38.0,24.0,,12.0,,10.0,45.0,18.0,21.0,59.0,51.0,40.0,36.0,16.0,21.0,22.0,55.0,21,30.0,,26.0,44.0,51.0,38.0,25.0,26.0,54.0,,,44.0,17.0,21,41.0,,15.0,29.0,25.0,11.0,28.0,63.0,23.0,61.0,38.0,38.0,0.0,37.0,,,,,40.0,,,61.0,15.0,36.0,23.0,25.0,38.0,27.0,,21.0,33.0,45.0,39.0,38.0,23.0,24.0,26.0,16.0,,28.0,7.0,62.0,23.0,33.0,20.0,48.0,28.0,,,31.0,41.0,9.0,58.0,35.0,43.0,46.0,34.0,32.0,18.0,28.0,15.0,37.0,12.0,,35.0,28.0,,20.0,34.0,31,30.0,27.0,13.0,19.0,24.0,,28.0,30.0,19.0,12.0,17.0,29.0,34.0,37.0,12.0,20.0,34.0,26.0,32.0,20.0,14.0,43.0,0.0,29.0,36.0,19.0,7.0,51.0,,31.0,,,20.0,31.0,35.0,34.0,36.0,56.0,30.0,,16.0,25.0,32.0,12.0,63.0,35.0,24.0,51.0,37.0,41.0,,44.0,28.0,,28.0,29.0,36.0,21.0,29.0,24.0,27.0,,31.0,22.0,63.0,17.0,27.0,14.0,52.0,,13.0,19.0,39.0,25.0,,18.0,34.0,,22.0,44.0,37.0,53.0,34.0,32.0,15.0,17.0,56.0,31.0,,59.0,,38.0,37.0,46.0,,28.0,46.0,,47.0,49.0,53.0,35.0,27.0,33.0,53.0,42.0,60.0,,43.0,46.0,40.0,44.0,52.0,31.0,34.0,58.0,25.0,,34.0,25.0,38.0,45.0,25.0,43.0,54.0,,,39.0,48,39.0,34.0,41.0,14.0,,24.0,18.0,,42.0,27.0,32,,,36.0,57.0,43.0,,58.0,27.0,21,31.0,39.0,,17.0,28.0,,23.0,28.0,,,26.0,17.0,12.0,,55.0,16.0,,23.0,33.0,,41.0,26.0,35.0,29.0,32.0,25.0,43.0,54.0,29.0,,14.0,24.0,40.0,,9.0,42.0,,42.0,20.0,34.0,18.0,30.0,21.0,16.0,41.0,42.0,16.0,36.0,15.0,,24.0,39.0,38.0,40.0,44.0,38.0,33.0,34.0,15.0,24.0,19.0,38.0,34.0,20.0,,,13.0,31.0,52.0,48.0,37.0,32.0,29.0,24.0,49.0,17.0,37.0,27.0,44.0,38.0,,38.0,54.0,20.0,27.0,2.0,63.0,,56.0,20.0,22.0,11.0,,48.0,34.0,52.0,26.0,17.0,21.0,23.0,32.0,14.0,50.0,,,24.0,28.0,,23,14.0,33.0,21.0,,,,,34.0,10.0,29.0,27.0,57.0,31.0,27.0,38.0,20.0,45.0,21.0,58.0,22.0,,,48.0,20.0,58.0,54.0,17.0,22.0,56.0,,26.0,56.0,,0.0,,42.0,32.0,15.0,24.0,,39.0,21.0,50.0,,20.0,32.0,18.0,,54.0,,,2.0,25.0,33.0,21.0,33.0,56.0,,4.0,,29.0,38.0,27.0,33.0,56.0,33.0,,35.0,22.0,24.0,53.0,52.0,57.0,40.0,24.0,25.0,62.0,23.0,,41,26.0,50.0,28,18.0,16.0,39.0,,38.0,56.0,18.0,42.0,40.0,25.0,,16.0,40.0,56.0,36.0,27.0,30.0,37.0,36.0,31.0,,30.0,34.0,24.0,61.0,7.0,26.0,53.0,22.0,23.0,29.0,34.0,38.0,48.0,,59.0,23.0,28.0,40.0,46.0,41.0,25.0,45.0,,25.0,11.0,16.0,21.0,30.0,54.0,53.0,,41.0,20.0,41.0,33.0,19.0,32.0,43.0,,32.0,56.0,39.0,9.0,28.0,51.0,41.0,51.0,57.0,29.0,22.0,,,,47.0,44.0,45.0,19.0,,,21.0,,35.0,,30.0,21.0,52.0,41.0,39.0,,52.0,38.0,,20.0,45.0,,47.0,39.0,34.0,10.0,,,56.0,31.0,56.0,13.0,37.0,14.0,56.0,26.0,,27.0,29.0,5.0,,16.0,57.0,,33.0,17.0,,31.0,30.0,42.0,,45.0,24.0,,42.0,32.0,27.0,20.0,20.0,48.0,34.0,14.0,58.0,24.0,40.0,18.0,17.0,51.0,47.0,30.0,23.0,47.0,56.0,20.0,20.0,32.0,55.0,40.0,19.0,27.0,40.0,29.0,27.0,,49.0,38.0,21.0,55.0,36.0,59.0,26.0,52.0,48.0,39.0,,25.0,,38.0,,30.0,31.0,13.0,38.0,42.0,58.0,,48.0,43.0,22.0,30.0,39.0,59.0,25.0,56.0,21.0,,31.0,29.0,20.0,32.0,24.0,28.0,23.0,18.0,20.0,5.0,43.0,0.0,15.0,33.0,,,58.0,0.0,37.0,36.0,16.0,24.0,24.0,47.0,,50.0,53.0,43.0,,28.0,39.0,39.0,33.0,37.0,38.0,30.0,20.0,27.0,40.0,23.0,33.0,,57.0,,34.0,39.0,,31.0,43.0,29.0,0.0,0.0,13.0,47.0,30.0,32.0,26.0,32.0,38.0,24.0,20.0,57.0,32.0,,34.0,32.0,,,,,21.0,32.0,17.0,32.0,43.0,,53.0,34.0,19.0,,11.0,38.0,,,23.0,22.0,31.0,34.0,28.0,,22.0,55.0,37.0,63.0,,47.0,57.0,11.0,0.0,26.0,24.0,37.0,18.0,57.0,26.0,49.0,46.0,23.0,,42.0,56.0,22.0,58.0,23.0,,32.0,48.0,,,20.0,,,41.0,61.0,,44.0,54.0,54.0,38.0,,63.0,20.0,,,38.0,54.0,,21.0,51.0,54.0,,62.0,16.0,18.0,,33.0,43.0,25.0,31.0,,48.0,0.0,45.0,49.0,46.0,10.0,21.0,23.0,,30.0,,,14.0,,11.0,,22.0,43.0,,,54.0,37.0,63.0,22.0,63.0,8.0,50.0,49.0,,14.0,10.0,42.0,45.0,,55.0,44.0,32.0,12.0,,58.0,46.0,,,36.0,52.0,,,46.0,12.0,39.0,32.0,,35.0,13.0,32.0,21.0,49.0,24.0,17.0,20.0,56.0,45.0,25.0,,25.0,54.0,,41.0,27.0,40.0,50.0,,48.0,48.0,24.0,,55.0,52.0,58.0,57.0,,21.0,25.0,31.0,12.0,28.0,36.0,28.0,19.0,63.0,30.0,,58.0,31.0,,60.0,8.0,,50.0,43.0,52.0,44.0,,55.0,,48.0,,,30.0,35.0,3.0,48.0,47.0,,,55.0,8.0,52.0,45.0,61.0,36.0,18.0,,54.0,55.0,20.0,,32.0,21.0,59.0,21.0,28.0,27.0,,54.0,49.0,,13.0,61.0,35.0,30.0,57.0,,,,26.0,49.0,16.0,44.0,,58.0,52.0,15.0,27.0,44.0,39.0,,,,23.0,45.0,38.0,59.0,21.0,29.0,42.0,38.0,19.0,,26.0,,54.0,16.0,44.0,58.0,,25.0,9.0,45.0,18.0,,33.0,52.0,0.0,60.0,16.0,27.0,27.0,20.0,60.0,30.0,14.0,28.0,30.0,55.0,40.0,,32.0,0.0,41.0,16.0,35.0,39.0,44.0,,,,30.0,24.0,54.0,48.0,40.0,,21.0,18.0,56.0,17.0,43.0,36.0,54.0,,50.0,,52.0,28.0,,,42.0,39.0,14.0,31.0,,24.0,,14.0,51.0,60.0,43.0,,34.0,,58.0,30.0,40.0,24.0,32.0,14.0,34.0,45.0,53.0,,29.0,31.0,29.0,,48.0,,46.0,,25.0,11.0,,,48.0,58.0,29.0,0.0,16.0,46.0,19.0,37.0,42.0,38.0,39.0,24.0,,29.0,,29.0,28.0,63.0,62.0,23.0,,17.0,48.0,16.0,22.0,31.0,34.0,17.0,17.0,14.0,11.0,15.0,,20.0,44.0,13.0,29.0,23.0,17.0,11.0,51.0,,25.0,,25.0,,,26.0,12.0,,40.0,26.0,26.0,,57.0,43.0,50.0,,,25.0,,53.0,3.0,,27.0,61.0,59.0,52.0,39.0,43.0,16.0,21.0,37.0,,46.0,37.0,0.0,9.0,,12.0,0.0,,39.0,,24.0,,16.0,59.0,23.0,,25.0,57.0,,,57.0,33.0,28.0,42.0,39.0,,,,32.0,38.0,33.0,,28.0,18.0,28.0,,47.0,43.0,,26.0,59.0,,20.0,33.0,47.0,27.0,22.0,,,,40.0,27.0,36.0,,63.0,13.0,58.0,,51.0,,50.0,33.0,,54.0,49.0,18.0,24.0,12.0,22.0,,55.0,,0.0,,62.0,41.0,63.0,54.0,34.0,9.0,36.0,57.0,22.0,24.0,54.0,29.0,,30.0,,22.0,26.0,18.0,22.0,,24.0,46.0,40.0,30.0,,32.0,29.0,24.0,43.0,23.0,51.0,17.0,47.0,63.0,60.0,34.0,59.0,21.0,46.0,36.0,41.0,,25.0,,,46.0,18.0,48.0,31.0,,33.0,44.0,,23.0,39.0,55.0,,34.0,22.0,18.0,26.0,26.0,40.0,,25.0,39.0,41.0,55.0,,60.0,22.0,22.0,,41.0,48.0,32.0,31.0,25.0,49.0,24.0,,39.0,33.0,29.0,,54.0,27.0,,24.0,53.0,59.0,39.0,,25.0,,,,,30.0,60.0,15.0,,44.0,,34.0,34.0,25.0,28.0,25.0,23.0,14.0,33.0,,40.0,55.0,,15.0,32.0,52.0,61.0,40.0,38.0,56.0,47.0,,,37.0,61.0,32.0,27.0,45.0,23.0,34.0,24.0,,,33.0,,22.0,,,23.0,21.0,58.0,25.0,62.0,,34.0,58.0,,,17.0,51.0,29.0,25.0,17.0,40.0,,52.0,39.0,46.0,59.0,,,,45.0,44.0,13.0,42.0,,,31.0,55.0,31.0,,35.0,42.0,17.0,,61.0,56.0,29.0,,28.0,47.0,25.0,4.0,37.0,,,33.0,28.0,33.0,51.0,42.0,36.0,37.0,,30.0,59.0,51.0,63.0,22.0,19.0,13.0,23.0,,,31.0,56.0,49.0,,60.0,45.0,,,24.0,60.0,50.0,37.0,32.0,32.0,27.0,,,29.0,44.0,36.0,22.0,,44.0,17.0,22.0,31.0,32.0,26.0,43.0,,52.0,36.0,21.0,40.0,40.0,15.0,,25.0,33.0,,,24.0,46.0,,28.0,56.0,34.0,56.0,,27.0,36.0,,34.0,28.0,34.0,63.0,54.0,,,32.0,23.0,40.0,,33.0,,,21.0,,62.0,,24.0,14.0,,60.0,,,42.0,50.0,28.0,,35.0,,,49.0,,,34.0,54.0,54.0,,,,60.0,44.0,,43.0,34.0,12.0,42.0,,,12.0,44.0,60.0,21.0,15.0,15.0,,,50.0,,21.0,,47.0,,21.0,,,39.0,42.0,42.0,,30.0,27.0,96,3,2.450819672131148,18.17974322396576,-0.3266341899514347
6,7,4,12,5,8,7,8,8,7,9,13,6,7,14,12,12,7,14,18,6,9,12,12,8,16,14,7,10,7,13,6,7,11,15,12,11,16,5,11,21,0.0,13,15,11,11,21,14,13,20,10,8,9,12,39,12,16,13,13,11,18,12,12,16,27.0,11,12,13,14,10,7,13,12,7,19,17,12,26,18,12,17,11,9,17,13,26,13,17,21,11,11,8,22,13,7,15,13,18,18,4,13,8,17,16,9,19,15,18,11,16,17,16.0,20,14,32.0,14,17,17,16,27,12,24,17,18,10,14,17,6.0,12,13,17,9,14.0,13,16,32.0,15,30,18,15,6,2,25,3,14.0,20.0,29,9.0,9,12,13,15,21.0,13,22,26,14,,11,22,25,18,15,12,18,13.0,10,23,12,3,9,17.0,9,17,13,26,16,14.0,16,21.0,10,20,14,25,20,38.0,27.0,5,18,10.0,49.0,16,50,15,17,33,20,15,13.0,27,24,49.0,11,17,13,24,,8,14,28,10,21.0,12,23,28,17,19,19,18,30.0,26.0,8,22,10,36.0,33,0,16,,20,32.0,36.0,30,11,31.0,23,20,25,8.0,,14,20,15,15,18,5.0,23,19,14,14,13,17,21.0,28.0,10,,39.0,23.0,0.0,29,20.0,20,14,36,,16.0,35.0,58.0,33.0,17,21.0,20.0,33.0,10,15,19.0,24,13,12,14.0,42.0,11.0,17,48.0,15,10,12.0,25.0,27,21.0,17.0,21,25,35.0,17,35.0,20.0,10.0,10,25,32.0,18,20,24,30,16,12,21,21,20,20,7,17,16.0,17.0,38,19,4,13.0,13.0,6,28,17,,27,61.0,32,13,31,7,9,18.0,15,14.0,18,17,31.0,12,22,15,,27.0,8,61.0,16.0,31.0,14.0,28.0,21,,28,37,16,15.0,18,10.0,43.0,20,,26.0,,18,17.0,18,24,19,5,11,21,14,24.0,5,19.0,16,14,16,21.0,18,12.0,26,18.0,31,44.0,43,15,21.0,15,20.0,9,30.0,23.0,21,26,14.0,19.0,13.0,35.0,31.0,12,9.0,17.0,26,,23,28,,41.0,25,16.0,30,12.0,39.0,23,31,41,17.0,26,15.0,41.0,24,47.0,14,9.0,19,12,27,16.0,29.0,21,22,14,30.0,36.0,0,21,29.0,50,23.0,15.0,24.0,15.0,,45.0,19.0,,45.0,15.0,18,19,20.0,29.0,10.0,56.0,18.0,15.0,38.0,19.0,30,20,22.0,35.0,23,,8.0,,27.0,0.0,23.0,19,5,20.0,25.0,18.0,35.0,27,20.0,19.0,32.0,20,19,16,57.0,21.0,28.0,22.0,16,29,39.0,23.0,37,10.0,16.0,28,,33.0,40.0,21,14.0,25,,32.0,14.0,12,41.0,30,32.0,17,18,30.0,18.0,22.0,55.0,26,15,8,22.0,21,31.0,25,35,30.0,26,18,20.0,28.0,19,10,28.0,24.0,20.0,,32.0,16.0,0,14.0,20,8,30.0,6.0,36.0,28.0,27.0,25.0,10,36,,,23.0,29.0,11.0,24.0,12,39.0,9,33.0,17.0,16.0,,24,14.0,12,30.0,53.0,24.0,28,19.0,23.0,28.0,29,23,,28.0,24.0,50.0,40.0,24.0,,21.0,29.0,,37.0,46.0,0,16,44.0,16.0,15.0,15,12,17,36,28.0,59.0,16,13,11.0,43.0,13,20.0,4.0,53.0,18,,10.0,32.0,21,22.0,15.0,10.0,24.0,24.0,30.0,36,31.0,23,16.0,19,0,11,24.0,34.0,19.0,25.0,20.0,,45.0,36.0,26.0,35.0,38.0,13,,9.0,27,61.0,,13.0,23.0,19,18.0,20.0,,33,14,15.0,34,21.0,22.0,57.0,36.0,15,22.0,15,25,30.0,31,,14,29.0,15.0,28.0,23,24,,22.0,40,8.0,26,46.0,24,,8.0,41.0,27.0,10.0,13.0,11,19.0,,33.0,16.0,36.0,38.0,31.0,19,9,22.0,24,27,22,48.0,,16.0,,44.0,14.0,28,20.0,35.0,52.0,23,22.0,22.0,51.0,40.0,23.0,9,,27.0,15.0,48.0,31.0,10.0,30.0,26,30.0,6.0,36.0,27.0,45.0,8.0,17.0,31,36.0,23.0,23.0,20.0,14,21,17.0,30.0,20,37.0,11.0,26.0,9,24.0,26.0,13.0,32.0,15,39.0,25.0,12.0,30.0,32.0,13.0,17.0,36.0,42.0,24,19,35.0,14.0,46.0,28.0,15.0,19.0,26.0,,19.0,27.0,42,23,38.0,29,32.0,38.0,41.0,30.0,22,15,37.0,33.0,22.0,39.0,,20.0,30.0,34.0,25.0,24,21.0,23.0,13.0,20.0,22.0,25.0,29,55.0,25.0,21.0,18,29.0,34.0,,45.0,44.0,18.0,27,19.0,37,17.0,36.0,34.0,60.0,,46.0,36.0,38.0,35.0,22.0,,58.0,16.0,28.0,51.0,46.0,36.0,41.0,12.0,13.0,56.0,17,25.0,10.0,21,20.0,49.0,13,24.0,25.0,51.0,21,9,14,12.0,4.0,,49.0,15.0,39.0,28.0,,32.0,29,13.0,29,,31,25,24.0,17,43.0,34.0,16.0,39.0,19,26.0,19.0,9.0,13.0,31.0,19.0,18,24.0,11,6.0,31.0,25.0,27,60.0,11,37,40.0,34.0,21.0,20,38.0,,25,21.0,,,28.0,15.0,41.0,25.0,28.0,21,31.0,36.0,52.0,30.0,26.0,38.0,11.0,21.0,18,32.0,9,18.0,30.0,52.0,45.0,22,18,23.0,31.0,17.0,27.0,,35.0,16.0,12.0,13.0,16,27.0,36.0,28,33,20.0,19.0,26,45.0,33.0,17,43.0,27,18,28,48.0,35.0,36.0,47.0,26.0,27.0,11.0,51.0,23.0,14.0,34.0,14.0,31.0,35.0,26.0,16.0,54.0,3.0,30.0,28.0,41.0,19.0,26.0,12.0,,17.0,21.0,53.0,9.0,44.0,28.0,35.0,15.0,17.0,,35.0,29.0,,18.0,25.0,32.0,43.0,53.0,24.0,60.0,16.0,55.0,31.0,31,17.0,23.0,38.0,11,41.0,20.0,,22.0,35.0,36.0,57.0,24.0,28.0,19.0,30.0,30.0,22.0,,23.0,18.0,34.0,42.0,31.0,,36.0,30.0,,30.0,21.0,29.0,24.0,61.0,9,21.0,16.0,32.0,23,56.0,19.0,11.0,24.0,31.0,17.0,28.0,18.0,,32,1.0,20.0,25.0,60.0,26.0,55.0,22,6,38.0,9.0,11.0,,19.0,20.0,16,22,33.0,,18.0,48.0,48.0,31.0,29.0,31.0,,38.0,16.0,47.0,23.0,17.0,56.0,39.0,36,58.0,35.0,39.0,15.0,20.0,37,11.0,27,,27,43.0,,33.0,0.0,51.0,33.0,17.0,24.0,,35.0,10.0,22.0,28,42.0,19.0,24.0,44.0,17.0,24,42.0,44.0,31.0,29.0,14.0,30.0,,53.0,37.0,8,37,,,,33.0,,24.0,55.0,37.0,15,54.0,33.0,42.0,33.0,36.0,,23.0,37.0,14,44.0,23.0,22.0,16,18,0.0,,27.0,38.0,30.0,,16.0,42.0,31.0,24.0,37.0,24.0,15.0,17.0,,8,23.0,45.0,,27.0,,22,10.0,22.0,26,,34.0,35.0,44.0,20.0,30.0,14.0,40.0,40.0,15.0,53.0,49,24.0,31.0,,,24,32.0,48.0,23.0,20.0,16.0,15.0,29.0,29.0,28.0,40.0,36.0,30.0,19.0,5,38,,48.0,14.0,28.0,,19,27,16.0,54.0,54.0,34.0,8.0,14.0,,20.0,23.0,33.0,,27.0,28.0,53.0,32.0,24,18,27.0,42.0,29.0,21.0,52.0,22,53.0,15.0,,35.0,21.0,59.0,17.0,27.0,30.0,36.0,51.0,21.0,41.0,10.0,47.0,23,36.0,24.0,22,38.0,21.0,19.0,16.0,16.0,,24.0,,42.0,35.0,17.0,22.0,8.0,28.0,24.0,26.0,47.0,37.0,50.0,,57.0,53.0,39.0,58.0,,60.0,29.0,22.0,23.0,29.0,18.0,20.0,57.0,43.0,23.0,21.0,27.0,,26.0,20.0,27.0,41.0,,34.0,,26.0,,0.0,16.0,23.0,,11.0,29.0,19.0,13.0,61.0,15.0,30.0,,24.0,22.0,19,56.0,40.0,32.0,59.0,0.0,17.0,15.0,30.0,12.0,30.0,22.0,10.0,,25.0,45.0,14.0,,44.0,,53.0,45.0,31.0,31.0,39.0,40.0,,48.0,25.0,41.0,,11.0,33.0,32.0,40.0,37.0,27.0,24.0,46.0,41.0,26.0,57.0,39.0,33.0,20.0,27.0,,22,42.0,31.0,8.0,16.0,24.0,,32.0,34.0,28.0,22,12.0,,51.0,27.0,20.0,30.0,32.0,,35.0,36.0,45.0,27.0,48.0,33.0,25.0,16.0,17,16.0,16.0,42.0,37.0,36.0,15.0,15.0,12.0,35.0,,13.0,,29.0,54.0,33.0,22.0,,,,45.0,44.0,18.0,22.0,19.0,19,24,41.0,44.0,27.0,28.0,,60.0,28.0,19.0,47.0,32.0,19.0,32.0,40.0,18.0,,27.0,29.0,15.0,36.0,25.0,12.0,43.0,17.0,48.0,48.0,27.0,52.0,33.0,62.0,48.0,16.0,47.0,20.0,,45.0,0.0,25.0,53.0,50.0,12.0,,56.0,,57.0,18.0,38.0,38.0,22.0,18,38.0,0.0,19.0,26.0,29,0.0,13.0,42.0,32.0,,32.0,12.0,29.0,12,,30.0,45.0,43.0,37.0,34.0,22.0,25,50.0,22.0,,,29,,31.0,,34.0,,9.0,26.0,11.0,,56.0,17.0,30.0,15.0,36.0,,36.0,17.0,23.0,26.0,61.0,26.0,28.0,22.0,,24,,28.0,26.0,43.0,35.0,,17.0,58.0,,53.0,,49.0,25.0,23,23.0,29.0,24.0,,17.0,,,47.0,39.0,17.0,56.0,23.0,28.0,,57.0,33.0,20.0,24.0,30.0,29.0,59.0,43.0,15.0,,51.0,40.0,34.0,33.0,31.0,20.0,,23.0,34.0,12.0,27.0,34.0,44.0,39.0,51.0,35.0,36.0,34.0,9.0,22.0,0.0,30.0,,59.0,,32.0,35.0,39.0,9.0,12.0,44.0,30.0,20.0,0.0,19.0,8.0,17.0,15.0,23.0,,32.0,27.0,35.0,44.0,12.0,28,29.0,56.0,14.0,18.0,50.0,,23.0,25.0,41.0,41.0,,29.0,23.0,43.0,,29.0,43.0,62.0,45.0,25.0,18.0,,21.0,27.0,37.0,,27.0,54.0,,62.0,48.0,20.0,40.0,14.0,17.0,25.0,15.0,54.0,19.0,0.0,,37.0,26.0,,42.0,46.0,46.0,32.0,35.0,39.0,,28.0,47.0,18.0,19.0,28.0,40.0,49.0,,20.0,59.0,,,,61.0,,36.0,8.0,44.0,,13.0,,0.0,15.0,13.0,28.0,31.0,35.0,34.0,16.0,20.0,59.0,,34.0,52.0,51.0,28.0,44.0,23.0,,22.0,22.0,,,46.0,58.0,43.0,26.0,31.0,,29.0,,22.0,15.0,14.0,52.0,,34.0,7.0,55.0,28.0,,37.0,12.0,21.0,26.0,21.0,61.0,56.0,28.0,27.0,40.0,29.0,53.0,32.0,,,,30,21.0,29.0,,22.0,33.0,18.0,24.0,23.0,36.0,8.0,34,,42.0,,37.0,5.0,54.0,24.0,26.0,25,39.0,33.0,35.0,13.0,,52.0,51.0,33.0,,,15.0,25.0,24.0,52.0,,10.0,16.0,28.0,16.0,44.0,,18.0,26.0,29.0,28.0,25.0,28.0,35.0,22.0,49.0,10.0,40.0,,38.0,9.0,35.0,10.0,,30.0,22.0,24.0,36.0,7.0,57.0,26.0,44.0,,,53.0,,31.0,12.0,44.0,52.0,37.0,45.0,19.0,25.0,36.0,51.0,23.0,36.0,25.0,,16.0,,45.0,42.0,50.0,43.0,15.0,33.0,33.0,41.0,21.0,,55.0,44.0,,21.0,,,15.0,,18.0,15.0,10.0,22.0,35.0,21.0,12.0,26.0,18.0,57.0,29.0,10.0,31.0,,38.0,21.0,11.0,,,38.0,46.0,,,24.0,25,,,,36.0,35.0,0.0,27.0,,55.0,24.0,21.0,41.0,37.0,41.0,23.0,40.0,4.0,38.0,21.0,39.0,47.0,18.0,27.0,,56.0,36.0,,47.0,34.0,23.0,11.0,33.0,40.0,32.0,55.0,26.0,18.0,,50.0,0.0,,47.0,53.0,50.0,62.0,59.0,29.0,6.0,,20.0,,23.0,19.0,20.0,45.0,43.0,30.0,48.0,35.0,14.0,24.0,46.0,22.0,46.0,56.0,58.0,38.0,14.0,54.0,60.0,30.0,20.0,,3.0,36.0,25.0,,51.0,12.0,13,48.0,21.0,20,12.0,17.0,,15.0,18.0,42.0,42.0,23.0,31.0,36.0,34.0,38.0,50.0,,0.0,17.0,,24.0,22.0,,27.0,,44.0,34.0,,35.0,31.0,,0.0,45.0,28.0,13.0,57.0,,,,16.0,13.0,,36.0,51.0,10.0,8.0,,18.0,34.0,26.0,,58.0,,35.0,21.0,29.0,,53.0,36.0,27.0,42.0,18.0,28.0,28.0,19.0,40.0,37.0,30.0,19.0,35.0,9.0,61.0,23.0,,,24.0,62.0,22.0,56.0,35.0,14.0,5.0,49.0,23.0,44.0,47.0,18.0,46.0,15.0,57.0,,32.0,27.0,14.0,,,21.0,17.0,23.0,,33.0,57.0,15.0,16.0,18.0,13.0,,25.0,16.0,25.0,11.0,,45.0,21.0,16.0,36.0,20.0,53.0,13.0,38.0,40.0,,,30.0,33.0,41.0,53.0,11.0,31.0,32.0,12.0,24.0,20.0,0.0,51.0,,52.0,,14.0,46.0,29.0,24.0,37.0,8.0,43.0,12.0,31.0,,,28.0,,,19.0,31.0,,36.0,32.0,53.0,34.0,29.0,38.0,,33.0,28.0,39.0,58.0,27.0,,,34.0,,,62.0,51.0,51.0,51.0,0.0,57.0,7.0,17.0,48.0,31.0,14.0,,32.0,13.0,25.0,,23.0,,18.0,55.0,13.0,,,47.0,31.0,31.0,34.0,21.0,52.0,31.0,19.0,20.0,53.0,22.0,31.0,40.0,35.0,21.0,,16.0,,27.0,34.0,,26.0,51.0,,62.0,45.0,45.0,33.0,53.0,35.0,57.0,20.0,16.0,39.0,,37.0,18.0,,18.0,27.0,46.0,50.0,58.0,,,35.0,42.0,7.0,47.0,39.0,46.0,22.0,15.0,15.0,,35.0,33.0,21.0,15.0,,17.0,44.0,28.0,35.0,48.0,29.0,57.0,27.0,41.0,57.0,8.0,36.0,,17.0,16.0,25.0,19.0,33.0,39.0,46.0,,43.0,50.0,25.0,43.0,27.0,15.0,22.0,,17.0,30.0,,32.0,57.0,40.0,37.0,,61.0,,,21.0,35.0,48.0,35.0,45.0,20.0,40.0,23.0,27.0,17.0,21.0,21.0,41.0,,39.0,,,21.0,19.0,41.0,18.0,40.0,38.0,37.0,,26.0,32.0,,62.0,31.0,25.0,30.0,52.0,,26.0,47.0,30.0,59.0,19.0,42.0,49.0,33.0,51.0,33.0,24.0,36.0,35.0,,20.0,,52.0,12.0,32.0,50.0,39.0,30.0,,51.0,17.0,,9.0,27.0,24.0,50.0,10.0,38.0,,,24.0,30.0,21.0,28.0,29.0,,61.0,29.0,32.0,18.0,27.0,40.0,24.0,51.0,48.0,22.0,,28.0,30.0,12.0,,23.0,26.0,,25.0,,61.0,59.0,18.0,48.0,,11.0,16.0,41.0,32.0,37.0,,30.0,48.0,13.0,45.0,9.0,50.0,26.0,,25.0,21.0,,40.0,,34.0,44.0,44.0,,,24.0,,,28.0,,17.0,15.0,32.0,14.0,51.0,8.0,42.0,22.0,44.0,,16.0,34.0,56.0,28.0,,13.0,46.0,46.0,36.0,,49.0,46.0,26.0,43.0,28.0,,7.0,,47.0,56.0,43.0,30.0,22.0,27.0,,0.0,,,,55.0,,34.0,55.0,37.0,13.0,57.0,,40.0,61.0,41.0,62.0,20.0,37.0,22.0,25.0,54.0,,31.0,55.0,47.0,36.0,34.0,48.0,,21.0,21.0,,39.0,,52.0,,36.0,59.0,14.0,54.0,21.0,19.0,53.0,36.0,43.0,,50.0,21.0,,31.0,,,49.0,,27.0,34.0,13.0,17.0,10.0,15.0,,29.0,,61.0,21.0,29.0,,31.0,36.0,50.0,28.0,53.0,38.0,,27.0,,54.0,28.0,23.0,53.0,20.0,26.0,25.0,33.0,35.0,,55.0,25.0,36.0,,,17.0,15.0,18.0,57.0,46.0,28.0,20.0,19.0,17.0,11.0,40.0,22.0,,,41.0,37.0,20.0,13.0,,32.0,,33.0,23.0,15.0,59.0,55.0,32.0,47.0,,26.0,23.0,16.0,43.0,24.0,41.0,,,25.0,27.0,14.0,22.0,47.0,39.0,,,54.0,33.0,,31.0,31.0,,16.0,34.0,9.0,14.0,59.0,,,46.0,28.0,37.0,9.0,34.0,15.0,29.0,,29.0,37.0,25.0,53.0,60.0,17.0,39.0,18.0,17.0,56.0,,27.0,17.0,35.0,,42.0,28.0,52.0,28.0,18.0,27.0,29.0,58.0,43.0,,26.0,36.0,18.0,58.0,,18.0,,37.0,44.0,,,16.0,37.0,26.0,32.0,,33.0,21.0,7.0,,,36.0,,15.0,43.0,46.0,26.0,,,14.0,,31.0,,,,25.0,35.0,,,18.0,,23.0,30.0,56.0,62.0,47.0,,0.0,51.0,49.0,15.0,29.0,,33.0,,,,46.0,,,,,32.0,58.0,50.0,51.0,,44.0,24.0,40.0,,35.0,,54.0,,,30.0,42.0,44.0,56.0,,24.0,20.0,23.0,,28.0,15.0,23.0,13.0,17.0,47.0,23.0,45.0,,,22.0,39.0,41.0,,46.0,9.0,42.0,15.0,26.0,,26.0,20.0,26.0,28.0,17.0,30.0,55.0,36.0,22.0,29.0,32.0,34.0,25.0,32.0,,51.0,30.0,17.0,,44.0,43.0,20.0,,0.0,32.0,,18.0,25.0,59.0,25.0,40.0,,30.0,35.0,,27.0,,18.0,,,26.0,36.0,32.0,55.0,27.0,22.0,53.0,41.0,15.0,,30.0,34.0,,,58.0,20.0,44.0,7.0,32.0,,19.0,17.0,,,46.0,47.0,17.0,,21.0,25.0,35.0,18.0,44.0,34.0,43.0,,8.0,49.0,17.0,38.0,27.0,34.0,12.0,29.0,14.0,15.0,31.0,27.0,31.0,21.0,26.0,15.0,41.0,62.0,15.0,32.0,60.0,52.0,,,45.0,15.0,33.0,18.0,32.0,18.0,,15.0,35.0,29.0,58.0,,,34.0,,44.0,40.0,32.0,33.0,,9.0,39.0,9.0,51.0,26.0,25.0,17.0,,25.0,30.0,61.0,54.0,,31.0,45.0,30.0,12.0,,22.0,7.0,,36.0,15.0,47.0,37.0,32.0,23.0,32.0,11.0,,13.0,20.0,35.0,,57.0,56.0,38.0,,22.0,34.0,36.0,16.0,,18.0,20.0,43.0,42.0,,22.0,22.0,,,56.0,24.0,30.0,,51.0,11.0,52.0,30.0,,32.0,26.0,43.0,40.0,,12.0,52.0,,,26.0,32.0,22.0,23.0,37.0,38.0,48.0,,,12.0,,,27.0,50.0,22.0,,,17.0,,0.0,,27.0,43.0,,27.0,16.0,,18.0,,45.0,,53.0,,55.0,38.0,57.0,,48.0,15.0,20.0,28.0,,,58.0,53.0,5.0,24.0,12.0,22.0,21.0,,27.0,14.0,0.0,33.0,23.0,23.0,,,,7.0,22.0,30.0,52.0,26.0,,25.0,55.0,25.0,23.0,,,36.0,22.0,12.0,35.0,30.0,16.0,60.0,30.0,35.0,30.0,35.0,25.0,59.0,15.0,19.0,30.0,15.0,30.0,33.0,38.0,,45.0,,28.0,50.0,,,43.0,16.0,30.0,18.0,53.0,,19.0,59.0,,42.0,12.0,,38.0,21.0,28.0,,58.0,27.0,32.0,39.0,30.0,47.0,,13.0,56.0,,36.0,32.0,40.0,,25.0,,55.0,39.0,60.0,,61.0,12.0,17.0,14.0,21.0,,47.0,,,38.0,40.0,,32.0,48.0,18.0,22.0,97,3,2.507649513212796,18.1335636154289,-0.3451483721371269
10,7,8,15,9,10,11,12,8,10,8,19,12,10,6,11,12,13,40,9,9,13,10,8,6,20,16,11,7,13,12,10,11,10,20,12,9,18,11,14,28,26.0,8,12,16,9,18,1,15,17,12,12,2,13,20,9,21,13,11,13,12,11,13,12,16.0,10,9,12,16,12,18,23,18,8,11,20,15,23,12,16,6,11,3,14,17,20,17,11,14,16,13,17,15,12,11,19,25,14,14,17,34,18,18,12,3,10,12,20,16,13,11,13.0,6,18,34.0,13,22,21,13,22,18,17,17,16,17,16,17,16.0,13,18,27,13,36.0,16,19,23.0,0,22,18,19,20,18,15,19,34.0,18.0,14,27.0,22,15,10,20,34.0,14,19,14,26,,16,22,19,7,14,14,19,46.0,17,15,15,17,14,7.0,8,20,17,41,21,18.0,22,22.0,22,16,20,21,24,43.0,10.0,21,20,20.0,26.0,17,35,16,23,22,14,16,39.0,5,18,58.0,27,21,24,12,39.0,13,28,56,14,10.0,7,13,23,21,22,13,18,22.0,53.0,14,13,14,15.0,29,30,13,53.0,19,27.0,9.0,13,2,51.0,20,20,11,41.0,50.0,13,21,27,21,24,28.0,20,17,9,18,24,21,31.0,13.0,26,38.0,32.0,25.0,23.0,22,29.0,14,21,18,28.0,13.0,40.0,57.0,50.0,22,13.0,27.0,12.0,10,14,21.0,47,39,17,21.0,26.0,33.0,31,20.0,17,13,23.0,11.0,24,39.0,25.0,16,18,14.0,20,20.0,60.0,4.0,15,15,,22,28,22,19,15,34,15,24,18,19,19,15,21.0,20.0,22,24,30,12.0,27.0,18,38,13,26.0,16,,13,11,25,17,17,,14,20.0,24,27,25.0,23,14,20,24.0,,20,24.0,15.0,14.0,32.0,43.0,14,61.0,10,23,21,64.0,7,15.0,33.0,19,62.0,43.0,45.0,0,,14,25,22,26,17,26,18,22.0,18,0.0,20,20,24,39.0,17,11.0,41,43.0,13,,17,22,0.0,23,0.0,30,21.0,24.0,29,35,15.0,24.0,32.0,19.0,46.0,21,33.0,15.0,17,,16,16,,,18,28.0,51,24.0,28.0,23,23,15,26.0,13,22.0,26.0,26,40.0,18,22.0,22,24,13,11.0,23.0,20,29,21,24.0,25.0,17,21,52.0,34,46.0,43.0,27.0,45.0,25.0,32.0,35.0,60.0,39.0,18.0,19,16,27.0,32.0,12.0,22.0,29.0,,43.0,26.0,17,17,0.0,14.0,17,63.0,14.0,24.0,4.0,35.0,21.0,26,33,26.0,45.0,56.0,41.0,15,13.0,23.0,24.0,29,12,20,23.0,20.0,19.0,44.0,22,25,0.0,44.0,39,7.0,4.0,29,18.0,23.0,27.0,26,19.0,18,21.0,0.0,,18,42.0,18,18.0,23,16,25.0,31.0,14.0,21.0,23,22,26,24.0,17,15.0,13,35,24.0,23,20,29.0,15.0,23,12,36.0,16.0,14.0,24.0,21.0,27.0,20,,21,15,48.0,32.0,,41.0,37.0,31.0,34,15,21.0,50.0,26.0,30.0,,25.0,15,38.0,23,22.0,49.0,54.0,50.0,23,18.0,17,43.0,26.0,50.0,26,32.0,,59.0,14,17,35.0,31.0,18.0,45.0,41.0,30.0,,42.0,33.0,11.0,27.0,48.0,23,23,31.0,9.0,47.0,21,31,25,20,21.0,41.0,30,16,14.0,37.0,18,32.0,42.0,32.0,22,,10.0,32.0,14,32.0,22.0,20.0,,52.0,22.0,22,36.0,20,22.0,18,30,25,22.0,26.0,17.0,23.0,22.0,29.0,41.0,,35.0,0.0,15.0,20,34.0,34.0,11,,25.0,20.0,20.0,20,24.0,18.0,,17,30,20.0,22,25.0,29.0,14.0,21.0,31,22.0,13,27,37.0,13,40.0,13,30.0,64.0,36.0,28,28,42.0,45.0,16,,30,20.0,21,37.0,6.0,25.0,,30.0,14.0,14,18.0,,,16.0,9.0,,,39,17,14.0,48,22,25,,,33.0,20.0,40.0,20.0,43,10.0,23.0,11.0,13,24.0,13.0,25.0,30.0,63.0,21,18.0,14.0,28.0,8.0,26.0,17.0,34.0,24,37.0,,29.0,17.0,47.0,23.0,34.0,31,34.0,,30.0,33.0,17,23,16.0,24.0,25,17.0,,27.0,15,10.0,29.0,16.0,49.0,27,30.0,,42.0,49.0,23.0,25.0,23.0,45.0,40.0,26,23,24.0,41.0,44.0,23.0,23.0,31.0,16.0,35.0,29.0,41.0,16,17,38.0,39,54.0,25.0,11.0,15.0,26,23,25.0,26.0,20.0,36.0,38.0,58.0,63.0,32.0,22.0,13,41.0,49.0,,43.0,53.0,18.0,31,21.0,45.0,12.0,35,26.0,27.0,30.0,27.0,12.0,25.0,23,36.0,33,,25.0,33.0,39.0,25.0,47.0,53.0,31.0,34.0,32.0,,,19.0,33.0,,36.0,,51.0,11.0,54.0,24.0,22,47.0,54.0,24,16.0,14.0,10,29.0,25.0,40.0,28,21,22,21.0,29.0,,42.0,33.0,26.0,23.0,18.0,51.0,19,,16,22.0,27,28,12.0,27,39.0,16.0,27.0,33.0,31,,18.0,31.0,20.0,38.0,50.0,16,58.0,22,43.0,24.0,24.0,32,27.0,33,52,19.0,24.0,38.0,23,57.0,38.0,18,37.0,11.0,52.0,17.0,53.0,15.0,13.0,37.0,17,31.0,32.0,19.0,,25.0,46.0,44.0,45.0,19,20.0,13,32.0,20.0,13.0,,26,5,17.0,62.0,20.0,52.0,35.0,0.0,21.0,17.0,44.0,17,19.0,13.0,47,27,40.0,61.0,16,35.0,30.0,20,33.0,21,33,25,28.0,26.0,29.0,29.0,39.0,,14.0,14.0,61.0,16.0,17.0,40.0,63.0,30.0,35.0,22.0,16.0,30.0,31.0,38.0,,35.0,54.0,1.0,19.0,6.0,13.0,37.0,32.0,40.0,31.0,23.0,15.0,36.0,51.0,53.0,29.0,45.0,30.0,46.0,39.0,23.0,27.0,20.0,7.0,19.0,45.0,,27,12.0,,49.0,31,34.0,45.0,41.0,13.0,35.0,42.0,21.0,14.0,,41.0,22.0,,18.0,39.0,27.0,24.0,22.0,31.0,17.0,29.0,25.0,45.0,,27.0,31.0,49.0,19.0,36.0,15,28.0,54.0,15.0,25,54.0,42.0,0.0,40.0,,54.0,44.0,55.0,61.0,15,25.0,60.0,28.0,16.0,13.0,62.0,16,32,36.0,31.0,20.0,21.0,35.0,21.0,30,28,39.0,37.0,,35.0,,23.0,26.0,18.0,20.0,49.0,15.0,,42.0,,53.0,32.0,26,18.0,23.0,,28.0,19.0,10,28.0,20,,28,26.0,43.0,44.0,42.0,34.0,21.0,21.0,30.0,13.0,,20.0,29.0,14,14.0,45.0,35.0,30.0,40.0,10,17.0,11.0,33.0,14.0,39.0,63.0,32.0,25.0,0.0,24,34,,24.0,51.0,9.0,54.0,24.0,18.0,23.0,17,19.0,27.0,34.0,,16.0,25.0,13.0,31.0,26,32.0,21.0,35.0,21,13,20.0,13.0,48.0,43.0,,12.0,43.0,45.0,40.0,41.0,45.0,17.0,20.0,15.0,8.0,30,,43.0,19.0,47.0,,21,,,27,,27.0,,23.0,49.0,7.0,18.0,21.0,23.0,9.0,58.0,33,31.0,17.0,,35.0,24,,40.0,23.0,20.0,37.0,30.0,25.0,22.0,30.0,,40.0,26.0,18.0,28,16,18.0,58.0,39.0,17.0,42.0,18,28,38.0,,,33.0,49.0,24.0,32.0,61.0,33.0,,,48.0,58.0,26.0,20.0,33,26,51.0,23.0,28.0,39.0,,17,,59.0,32.0,39.0,30.0,26.0,17.0,,26.0,49.0,15.0,17.0,27.0,21.0,40.0,20,29.0,44.0,21,33.0,18.0,41.0,39.0,12.0,19.0,,,27.0,,25.0,24.0,9.0,27.0,16.0,29.0,4.0,43.0,23.0,,11.0,,59.0,31.0,16.0,,62.0,41.0,33.0,51.0,39.0,37.0,,43.0,29.0,28.0,50.0,,14.0,43.0,28.0,30.0,24.0,21.0,24.0,49.0,42.0,,35.0,32.0,45.0,,38.0,10.0,,22.0,48.0,,,23.0,,20,32.0,33.0,,30.0,52.0,49.0,22.0,,36.0,42.0,9.0,31.0,28.0,13.0,35.0,44.0,,19.0,61.0,9.0,35.0,17.0,43.0,24.0,30.0,30.0,22.0,39.0,27.0,32.0,16.0,19.0,,40.0,35.0,35.0,,7.0,,55.0,25.0,,,26.0,,55.0,17,63.0,50.0,15.0,32.0,,54.0,33.0,26.0,27.0,30,15.0,,33.0,27.0,30.0,43.0,37.0,32.0,23.0,31.0,47.0,33.0,,,22.0,,16,,34.0,33.0,45.0,15.0,22.0,34.0,42.0,64.0,,39.0,39.0,9.0,0.0,30.0,21.0,60.0,55.0,,16.0,,32.0,63.0,42.0,37,15,11.0,25.0,26.0,32.0,20.0,43.0,25.0,31.0,40.0,38.0,51.0,23.0,29.0,34.0,28.0,13.0,,34.0,34.0,29.0,22.0,,,44.0,15.0,33.0,32.0,38.0,46.0,32.0,13.0,17.0,24.0,15.0,42.0,30.0,57.0,35.0,22.0,13.0,40.0,39.0,56.0,17.0,25.0,33.0,31.0,15.0,7,36.0,21.0,17.0,52.0,17,21.0,,31.0,62.0,,,19.0,53.0,17,,19.0,54.0,,,41.0,,22,,22.0,31.0,,29,,18.0,,16.0,48.0,51.0,37.0,47.0,16.0,12.0,33.0,,22.0,52.0,0.0,24.0,11.0,47.0,25.0,33.0,62.0,50.0,41.0,19.0,37,38.0,,,28.0,41.0,45.0,44.0,0.0,,45.0,13.0,59.0,42.0,36,19.0,62.0,44.0,,33.0,26.0,36.0,28.0,,11.0,22.0,52.0,14.0,39.0,54.0,,33.0,,19.0,49.0,17.0,62.0,47.0,46.0,20.0,32.0,41.0,37.0,,31.0,40.0,30.0,39.0,,16.0,28.0,,,27.0,18.0,31.0,26.0,,22.0,25.0,16.0,31.0,50.0,24.0,34.0,46.0,29.0,55.0,17.0,51.0,22.0,40.0,41.0,,12.0,22.0,38.0,10.0,53.0,51.0,35.0,11.0,29.0,34.0,17,44.0,46.0,,13.0,30.0,,27.0,17.0,22.0,44.0,57.0,18.0,,32.0,23.0,45.0,37.0,22.0,29.0,43.0,48.0,38.0,23.0,27.0,30.0,29.0,10.0,50.0,52.0,53.0,42.0,27.0,30.0,,19.0,38.0,7.0,26.0,23.0,53.0,45.0,25.0,38.0,30.0,13.0,41.0,,39.0,55.0,,36.0,45.0,20.0,52.0,14.0,38.0,52.0,12.0,45.0,33.0,30.0,38.0,,49.0,64.0,30.0,26.0,9.0,20.0,55.0,,18.0,21.0,48.0,16.0,53.0,,46.0,22.0,38.0,32.0,33.0,33.0,,53.0,15.0,42.0,,24.0,20.0,,32.0,38.0,39.0,29.0,31.0,0.0,36.0,,35.0,63.0,43.0,27.0,47.0,,19.0,49.0,32.0,,49.0,45.0,0.0,32.0,,14.0,37.0,29.0,40.0,28.0,38.0,28.0,58.0,,28.0,52.0,22.0,40.0,16.0,13,15.0,32.0,55.0,27.0,,18.0,29.0,22.0,33.0,47.0,36,10.0,22.0,,45.0,,,25.0,0.0,24,50.0,18.0,27.0,32.0,44.0,52.0,29.0,36.0,0.0,52.0,,19.0,36.0,44.0,21.0,12.0,20.0,,23.0,,36.0,12.0,53.0,45.0,39.0,37.0,24.0,26.0,47.0,44.0,18.0,40.0,57.0,53.0,24.0,38.0,,64.0,49.0,37.0,16.0,54.0,11.0,,32.0,59.0,17.0,29.0,17.0,14.0,22.0,43.0,20.0,,17.0,39.0,,39.0,26.0,43.0,29.0,17.0,10.0,15.0,33.0,52.0,37.0,50.0,25.0,51.0,34.0,33.0,63.0,26.0,39.0,25.0,16.0,,14.0,19.0,16.0,62.0,54.0,23.0,,14.0,40.0,,,44.0,30.0,42.0,19.0,30.0,37.0,29.0,15.0,32.0,24.0,13.0,43.0,29.0,,42.0,48.0,39.0,51.0,47.0,17,,33.0,0.0,,40.0,31.0,45.0,31.0,39.0,17.0,,,19.0,9.0,39.0,15.0,25.0,33.0,32.0,,16.0,,44.0,15.0,0.0,64.0,40.0,57.0,34.0,23.0,26.0,29.0,24.0,20.0,49.0,22.0,,56.0,19.0,24.0,39.0,15.0,55.0,64.0,29.0,38.0,45.0,41.0,39.0,37.0,23.0,15.0,8.0,,17.0,44.0,48.0,51.0,30.0,,32.0,51.0,12.0,26.0,,23.0,34.0,20.0,28.0,51.0,29.0,50.0,,29.0,45.0,14.0,34.0,,47.0,38,22.0,28.0,10,33.0,,,,12.0,38.0,54.0,6.0,14.0,23.0,17.0,36.0,33.0,19.0,,52.0,,25.0,,33.0,44.0,,38.0,14.0,40.0,,32.0,27.0,48.0,38.0,11.0,32.0,27.0,20.0,24.0,,31.0,31.0,21.0,30.0,36.0,10.0,,16.0,,48.0,21.0,62.0,32.0,49.0,64.0,,32.0,31.0,30.0,0.0,46.0,41.0,35.0,,10.0,50.0,20.0,25.0,26.0,,34.0,51.0,45.0,,51.0,,36.0,,19.0,59.0,36.0,48.0,24.0,31.0,,42.0,36.0,37.0,0.0,24.0,49.0,17.0,23.0,32.0,47.0,,,27.0,57.0,34.0,18.0,20.0,,,24.0,50.0,40.0,,23.0,49.0,,18.0,53.0,35.0,47.0,16.0,62.0,23.0,,21.0,,56.0,23.0,7.0,33.0,35.0,37.0,22.0,29.0,57.0,19.0,51.0,45.0,,0.0,24.0,58.0,21.0,26.0,,21.0,44.0,48.0,14.0,61.0,32.0,56.0,17.0,22.0,17.0,42.0,11.0,,61.0,52.0,,11.0,56.0,28.0,,33.0,51.0,,27.0,15.0,,38.0,62.0,23.0,,46.0,26.0,36.0,,,48.0,50.0,23.0,44.0,52.0,38.0,47.0,37.0,,55.0,45.0,35.0,49.0,48.0,19.0,28.0,0.0,,15.0,,38.0,29.0,11.0,51.0,3.0,29.0,2.0,29.0,17.0,35.0,21.0,,55.0,23.0,,14.0,35.0,,,13.0,30.0,17.0,54.0,3.0,27.0,51.0,,43.0,,,37.0,45.0,40.0,22.0,40.0,,62.0,44.0,,18.0,22.0,45.0,53.0,26.0,17.0,63.0,25.0,35.0,63.0,39.0,39.0,32.0,47.0,34.0,,,48.0,,21.0,23.0,45.0,40.0,28.0,28.0,,40.0,27.0,18.0,,16.0,23.0,29.0,,,47.0,27.0,44.0,21.0,56.0,28.0,48.0,48.0,60.0,28.0,48.0,26.0,,39.0,41.0,41.0,47.0,30.0,29.0,41.0,17.0,,21.0,,,39.0,50.0,25.0,32.0,11.0,52.0,,20.0,43.0,55.0,61.0,,22.0,20.0,,27.0,40.0,44.0,48.0,18.0,42.0,37.0,47.0,20.0,20.0,26.0,19.0,,43.0,32.0,14.0,18.0,48.0,35.0,21.0,18.0,38.0,22.0,,22.0,,35.0,18.0,,18.0,52.0,50.0,25.0,37.0,20.0,45.0,23.0,39.0,38.0,53.0,,34.0,,16.0,22.0,7.0,,,56.0,58.0,53.0,20.0,13.0,27.0,42.0,44.0,16.0,,22.0,37.0,42.0,,48.0,55.0,,,,,36.0,,26.0,32.0,25.0,10.0,20.0,6.0,43.0,27.0,8.0,23.0,,,42.0,40.0,27.0,30.0,0.0,17.0,15.0,,41.0,,,16.0,49.0,44.0,23.0,,50.0,33.0,25.0,61.0,57.0,21.0,,22.0,,47.0,42.0,20.0,28.0,64.0,36.0,,39.0,13.0,40.0,,22.0,40.0,,52.0,44.0,31.0,,25.0,17.0,31.0,,27.0,,49.0,54.0,25.0,33.0,33.0,24.0,43.0,17.0,58.0,9.0,,,,49.0,20.0,15.0,,,38.0,10.0,,24.0,,30.0,,14.0,52.0,55.0,24.0,31.0,16.0,16.0,16.0,43.0,16.0,59.0,9.0,34.0,,,21.0,,63.0,,18.0,40.0,,22.0,40.0,7.0,11.0,17.0,28.0,27.0,11.0,,12.0,12.0,29.0,,,58.0,,35.0,11.0,29.0,59.0,42.0,13.0,10.0,34.0,45.0,26.0,42.0,,22.0,18.0,29.0,,48.0,25.0,57.0,46.0,59.0,38.0,38.0,27.0,44.0,25.0,7.0,,32.0,37.0,64.0,48.0,29.0,20.0,27.0,,27.0,42.0,24.0,,,5.0,20.0,37.0,37.0,53.0,18.0,49.0,19.0,11.0,26.0,,19.0,23.0,19.0,20.0,14.0,50.0,,18.0,,20.0,40.0,14.0,,0.0,,29.0,,49.0,,,54.0,,,,11.0,,37.0,33.0,13.0,52.0,38.0,37.0,22.0,24.0,0.0,25.0,,46.0,,36.0,24.0,,21.0,35.0,15.0,35.0,53.0,,29.0,35.0,,61.0,29.0,,37.0,38.0,38.0,40.0,31.0,,,29.0,46.0,59.0,,,10.0,,,,,,21.0,21.0,,11.0,54.0,,31.0,13.0,26.0,28.0,18.0,22.0,,61.0,17.0,44.0,,34.0,31.0,35.0,60.0,44.0,,,55.0,,,43.0,,19.0,24.0,41.0,,42.0,34.0,18.0,,36.0,,,23.0,63.0,52.0,,60.0,,25.0,,31.0,26.0,28.0,,50.0,22.0,,31.0,,,,0.0,51.0,15.0,34.0,36.0,18.0,29.0,,30.0,61.0,23.0,35.0,44.0,28.0,36.0,48.0,26.0,32.0,26.0,,45.0,17.0,,26.0,24.0,19.0,61.0,39.0,,55.0,,18.0,,20.0,30.0,,34.0,26.0,31.0,,28.0,,42.0,43.0,49.0,,58.0,24.0,46.0,26.0,14.0,46.0,,44.0,47.0,24.0,,36.0,51.0,,16.0,35.0,30.0,16.0,50.0,27.0,59.0,,31.0,51.0,23.0,40.0,59.0,23.0,9.0,,8.0,54.0,46.0,44.0,27.0,46.0,18.0,15.0,34.0,,52.0,,,21.0,57.0,,25.0,32.0,35.0,26.0,32.0,25.0,,18.0,,,25.0,44.0,33.0,,34.0,42.0,17.0,18.0,,24.0,,25.0,34.0,,44.0,18.0,14.0,38.0,,42.0,46.0,26.0,22.0,36.0,,,,16.0,,39.0,37.0,49.0,27.0,,24.0,,42.0,,37.0,,17.0,40.0,18.0,,16.0,19.0,59.0,34.0,46.0,33.0,,15.0,51.0,20.0,42.0,18.0,18.0,23.0,,19.0,51.0,31.0,28.0,24.0,34.0,38.0,34.0,37.0,,10.0,18.0,55.0,30.0,64.0,23.0,39.0,53.0,12.0,18.0,,48.0,14.0,35.0,15.0,11.0,,,,,42.0,,61.0,,17.0,,15.0,50.0,,,,20.0,29.0,31.0,55.0,44.0,,15.0,47.0,39.0,,20.0,,60.0,50.0,31.0,,14.0,43.0,43.0,,30.0,19.0,50.0,43.0,60.0,41.0,,41.0,34.0,,,45.0,34.0,47.0,33.0,19.0,38.0,22.0,50.0,28.0,53.0,57.0,18.0,34.0,14.0,33.0,32.0,22.0,16.0,45.0,35.0,,27.0,62.0,58.0,,22.0,7.0,,,14.0,47.0,14.0,53.0,,53.0,0.0,,,42.0,22.0,34.0,23.0,49.0,47.0,,34.0,33.0,,29.0,45.0,40.0,,17.0,,44.0,10.0,28.0,31.0,,23.0,,,,10.0,18.0,18.0,,63.0,21.0,26.0,,,29.0,34.0,44.0,23.0,9.0,41.0,27.0,49.0,32.0,31.0,59.0,,49.0,,44.0,,31.0,,24.0,,,33.0,,49.0,18.0,,57.0,25.0,38.0,14.0,36.0,39.0,40.0,42.0,,29.0,28.0,21.0,34.0,26.0,29.0,,,29.0,,12.0,61.0,52.0,38.0,36.0,20.0,37.0,19.0,31.0,59.0,39.0,32.0,,26.0,,39.0,,,,14.0,34.0,44.0,17.0,17.0,22.0,,,14.0,52.0,,,,18.0,60.0,46.0,42.0,,56.0,54.0,29.0,58.0,,,36.0,,,29.0,54.0,52.0,47.0,35.0,98,3,2.580965909090909,18.108215297450425,-0.3531979311002901
2,4,1,3,6,3,5,8,5,3,5,6,10,7,9,0,16,5,21,4,12,12,14,8,6,9,8,7,3,9,9,8,9,9,18,6,11,11,12,7,19,29.0,13,8,3,6,25,10,3,18,8,11,11,16,13,12,19,11,10,9,8,9,8,18,26.0,10,7,10,10,10,11,10,4,9,7,7,6,10,10,4,10,15,10,9,5,13,6,18,10,15,14,11,17,12,13,19,11,8,7,4,8,6,10,16,13,4,12,24,12,16,7,,14,19,28.0,0,11,23,17,15,14,25,12,10,13,14,11,10.0,17,9,17,15,56.0,8,23,30.0,13,11,9,7,20,11,13,18,13.0,41.0,12,39.0,19,21,8,17,54.0,15,26,23,7,29.0,11,15,13,14,15,19,16,27.0,20,8,21,13,16,12.0,8,14,8,19,12,22.0,18,28.0,13,7,0,15,30,34.0,12.0,14,8,10.0,41.0,9,15,7,19,15,0,20,27.0,15,15,14.0,16,17,13,4,5.0,12,15,11,15,42.0,16,32,13,17,13,17,12,17.0,29.0,16,22,14,23.0,20,13,22,,13,23.0,12.0,13,2,9.0,45,24,11,2.0,,13,16,15,18,18,30.0,27,9,19,14,7,26,17.0,30.0,3,15.0,13.0,,34.0,13,31.0,9,18,22,,11.0,10.0,10.0,11.0,20,25.0,23.0,26.0,11,13,10.0,6,20,10,19.0,22.0,9.0,14,30.0,13,15,16.0,24.0,9,,24.0,12,12,32.0,13,16.0,11.0,7.0,11,15,24.0,16,19,14,17,20,5,8,19,22,31,26,20,17.0,14.0,20,19,18,18.0,10.0,6,32,11,,17,36.0,10,17,13,3,13,26.0,10,31.0,20,14,21.0,10,10,18,,25.0,6,5.0,,0.0,15.0,28.0,2,27.0,9,21,10,16.0,20,25.0,17.0,19,,15.0,18.0,19,12.0,18,12,11,21,17,16,12,14.0,19,50.0,18,13,32,22.0,18,0.0,16,42.0,17,,21,19,15.0,10,29.0,10,9.0,9.0,9,18,,13.0,7.0,15.0,24.0,24,33.0,14.0,20,32.0,24,13,25.0,36.0,21,14.0,8,20.0,,12,35,16,27.0,17,15.0,46.0,15,24.0,16,28.0,15,21,9,51.0,11.0,33,14,25,,29.0,18,21,59.0,17,29.0,43.0,28.0,35.0,6.0,18.0,12.0,31.0,,18.0,11,17,15.0,15.0,21.0,,11.0,49.0,,10.0,6,12,9.0,52.0,14,32.0,39.0,17.0,29.0,25.0,14.0,6,19,22.0,32.0,11.0,20.0,21,,27.0,,19,19,12,16.0,,39.0,28.0,21,8,26.0,42.0,27,26.0,36.0,26,18.0,19.0,34.0,20,20.0,8,18.0,15.0,21.0,16,34.0,7,49.0,16,27,48.0,14.0,21.0,,6,15,32,22.0,23,37.0,27,25,15.0,22,20,15.0,25.0,32,9,11.0,40.0,30.0,16.0,16.0,17.0,17,18.0,13,20,33.0,5.0,28.0,12.0,17.0,27.0,8,21,19.0,,9.0,24.0,,21.0,14,14.0,35,29.0,3.0,42.0,,26,18.0,19,28.0,0.0,38.0,26,10.0,40.0,17.0,24,20,31.0,30.0,31.0,57.0,42.0,34.0,41.0,12.0,21.0,58.0,,11.0,16,25,29.0,43.0,40.0,27,23,18,24,32.0,12.0,19,5,0.0,17.0,24,19.0,16.0,8.0,33,15.0,33.0,,18,31.0,43.0,21.0,41.0,29.0,,28,8.0,23,21.0,19,14,26,28.0,33.0,9.0,13.0,40.0,11.0,54.0,,9.0,22.0,9.0,27,27.0,,21,25.0,37.0,4.0,46.0,22,9.0,,16.0,25,13,41.0,8,15.0,19.0,21.0,41.0,15,14.0,44,28,23.0,12,31.0,13,15.0,15.0,3.0,12,27,54.0,8.0,36,19.0,21,,22,,17.0,15.0,29.0,42.0,25.0,22,14.0,30.0,51.0,19.0,38.0,45.0,5.0,17,14,21.0,24,34,30,57.0,35.0,8.0,,,49.0,22,29.0,35.0,58.0,17,,19.0,30.0,6.0,26.0,20,28.0,49.0,37.0,,30.0,27.0,32.0,32,,,20.0,33.0,45.0,12.0,13.0,19,31.0,44.0,32.0,47.0,26,20,33.0,8.0,18,44.0,5.0,27.0,12,12.0,15.0,11.0,36.0,16,15.0,36.0,19.0,39.0,57.0,20.0,12.0,20.0,28.0,27,12,20.0,36.0,,19.0,20.0,14.0,51.0,14.0,24.0,15.0,22,0,26.0,26,30.0,55.0,21.0,8.0,18,25,29.0,54.0,12.0,10.0,46.0,28.0,51.0,13.0,20.0,22,20.0,23.0,12.0,18.0,38.0,22.0,0,11.0,45.0,14.0,34,17.0,30.0,44.0,34.0,27.0,31.0,35,,29,55.0,53.0,7.0,36.0,26.0,29.0,42.0,30.0,29.0,24.0,15.0,53.0,24.0,13.0,53.0,30.0,58.0,37.0,37.0,19.0,20.0,13,33.0,45.0,29,24.0,32.0,16,33.0,13.0,14.0,21,35,17,24.0,32.0,50.0,54.0,18.0,57.0,17.0,26.0,10.0,12,19.0,8,11.0,17,30,18.0,46,41.0,34.0,45.0,23.0,26,24.0,13.0,57.0,20.0,51.0,42.0,6,0.0,23,34.0,,,27,35.0,43,0,37.0,33.0,,11,25.0,,21,37.0,47.0,23.0,26.0,44.0,27.0,8.0,59.0,12,29.0,43.0,25.0,26.0,39.0,35.0,14.0,48.0,19,16.0,38,8.0,23.0,39.0,43.0,45,34,32.0,13.0,29.0,0.0,11.0,20.0,31.0,20.0,33.0,15,28.0,30.0,18,29,16.0,21.0,11,21.0,56.0,23,43.0,44,21,33,18.0,29.0,,15.0,19.0,48.0,10.0,,30.0,,31.0,36.0,8.0,45.0,14.0,,13.0,31.0,16.0,20.0,53.0,32.0,16.0,17.0,10.0,36.0,,30.0,15.0,31.0,24.0,23.0,26.0,39.0,30.0,10.0,20.0,,48.0,27.0,43.0,34.0,19.0,0.0,23.0,,49.0,45.0,20,12.0,37.0,32.0,8,37.0,17.0,31.0,42.0,37.0,,37.0,4.0,42.0,17.0,25.0,20.0,33.0,44.0,7.0,42.0,24.0,18.0,15.0,,31.0,22.0,28.0,34.0,25.0,24.0,30.0,,17,52.0,21.0,32.0,32,12.0,17.0,29.0,48.0,17.0,39.0,36.0,23.0,30.0,30,21.0,58.0,28.0,31.0,35.0,,12,44,25.0,19.0,10.0,,17.0,20.0,17,17,24.0,52.0,17.0,0.0,,,,31.0,49.0,33.0,31.0,,30.0,20.0,13.0,23.0,33,16.0,32.0,49.0,14.0,,23,28.0,3,26.0,21,17.0,33.0,30.0,,44.0,19.0,26.0,45.0,33.0,21.0,19.0,37.0,6,51.0,49.0,23.0,4.0,35.0,13,38.0,25.0,27.0,8.0,28.0,28.0,,,20.0,22,30,30.0,39.0,39.0,17.0,29.0,25.0,,28.0,35,,51.0,42.0,48.0,36.0,55.0,39.0,27.0,12,21.0,13.0,6.0,45,20,35.0,26.0,16.0,26.0,25.0,,25.0,,15.0,34.0,26.0,18.0,14.0,48.0,32.0,13,37.0,29.0,17.0,49.0,25.0,11,,25.0,27,16.0,32.0,59.0,5.0,34.0,7.0,33.0,26.0,14.0,46.0,16.0,18,33.0,34.0,9.0,58.0,35,9.0,37.0,19.0,11.0,39.0,14.0,33.0,24.0,39.0,7.0,19.0,25.0,33.0,13,23,23.0,,57.0,20.0,38.0,20,20,22.0,1.0,4.0,54.0,,16.0,24.0,26.0,24.0,31.0,,34.0,35.0,10.0,58.0,15,22,19.0,27.0,24.0,,49.0,19,24.0,10.0,14.0,21.0,8.0,36.0,33.0,,,,38.0,38.0,22.0,41.0,34.0,31,44.0,12.0,46,34.0,23.0,,7.0,33.0,32.0,26.0,5.0,21.0,41.0,28.0,42.0,25.0,25.0,18.0,34.0,22.0,22.0,24.0,36.0,15.0,40.0,39.0,22.0,22.0,54.0,,31.0,27.0,54.0,13.0,12.0,55.0,21.0,15.0,26.0,12.0,,,20.0,22.0,11.0,20.0,0.0,39.0,32.0,47.0,35.0,26.0,12.0,7.0,13.0,49.0,38.0,35.0,30.0,22.0,43.0,41.0,24.0,53.0,47,21.0,36.0,28.0,50.0,,11.0,44.0,30.0,11.0,52.0,48.0,23.0,45.0,53.0,29.0,48.0,,23.0,,51.0,38.0,8.0,35.0,8.0,14.0,54.0,42.0,17.0,36.0,27.0,,21.0,19.0,,31.0,16.0,44.0,35.0,,31.0,14.0,,18.0,20.0,46.0,44.0,18,43.0,47.0,13.0,19.0,47.0,34.0,13.0,,4.0,20,14.0,42.0,49.0,32.0,41.0,20.0,46.0,21.0,23.0,36.0,30.0,,27.0,18.0,25.0,21.0,16,27.0,36.0,32.0,52.0,11.0,16.0,39.0,27.0,33.0,25.0,,38.0,49.0,,18.0,25.0,44.0,30.0,40.0,,,,32.0,22.0,18,14,18.0,,15.0,30.0,29.0,18.0,16.0,39.0,56.0,48.0,22.0,47.0,27.0,53.0,24.0,48.0,28.0,,47.0,20.0,14.0,22.0,26.0,24.0,17.0,34.0,22.0,13.0,41.0,25.0,13.0,21.0,,,16.0,30.0,56.0,24.0,,11.0,,,35.0,18.0,8.0,,12.0,19.0,27,35.0,7.0,28.0,14.0,22,24.0,31.0,,28.0,34.0,35.0,7.0,42.0,19,24.0,17.0,28.0,35.0,22.0,36.0,38.0,29,38.0,40.0,15.0,,22,41.0,21.0,,48.0,38.0,29.0,22.0,,59.0,47.0,27.0,34.0,36.0,39.0,,0.0,38.0,,34.0,51.0,22.0,14.0,36.0,20.0,15,23.0,,,,26.0,30.0,41.0,31.0,51.0,31.0,50.0,31.0,41.0,19,16.0,17.0,11.0,17.0,,,,36.0,,21.0,40.0,24.0,23.0,24.0,39.0,59.0,53.0,24.0,48.0,43.0,,44.0,26.0,19.0,,,40.0,30.0,27.0,45.0,22.0,,11.0,24.0,5.0,12.0,18.0,,23.0,13.0,28.0,47.0,,17.0,16.0,30.0,26.0,,30.0,13.0,30.0,48.0,31.0,14.0,,25.0,19.0,32.0,45.0,57.0,15.0,,21.0,46.0,52.0,15.0,17.0,51.0,43.0,28,,29.0,24.0,19.0,52.0,55.0,28.0,54.0,23.0,32.0,19.0,6.0,30.0,26.0,19.0,38.0,36.0,22.0,44.0,47.0,17.0,33.0,53.0,27.0,24.0,,10.0,58.0,34.0,45.0,0.0,,17.0,,11.0,25.0,17.0,16.0,,,24.0,34.0,,24.0,6.0,45.0,12.0,18.0,13.0,35.0,,27.0,,21.0,29.0,13.0,24.0,18.0,17.0,20.0,40.0,40.0,20.0,49.0,,17.0,3.0,7.0,18.0,25.0,,17.0,20.0,11.0,24.0,23.0,51.0,12.0,28.0,40.0,43.0,13.0,36.0,22.0,7.0,3.0,53.0,53.0,18.0,20.0,15.0,18.0,46.0,39.0,23.0,39.0,0.0,25.0,33.0,6.0,20.0,43.0,46.0,23.0,53.0,18.0,20.0,12.0,52.0,36.0,9.0,19.0,36.0,57.0,29.0,18.0,21.0,35.0,59.0,20.0,26.0,10.0,13.0,16.0,37.0,,,22.0,12,55.0,36.0,21.0,,24.0,9.0,54.0,,30.0,36.0,13,32.0,35.0,52.0,44.0,18.0,12.0,31.0,,11,44.0,8.0,8.0,4.0,27.0,33.0,25.0,27.0,,50.0,54.0,37.0,16.0,,,50.0,35.0,27.0,22.0,42.0,19.0,25.0,30.0,28.0,,22.0,41.0,19.0,41.0,47.0,19.0,,,18.0,5.0,33.0,20.0,26.0,48.0,51.0,9.0,47.0,,,32.0,49.0,,,5.0,37.0,30.0,10.0,,23.0,,32.0,,34.0,35.0,,14.0,14.0,33.0,58.0,56.0,56.0,16.0,10.0,34.0,50.0,37.0,54.0,,25.0,27.0,42.0,50.0,9.0,56.0,25.0,41.0,48.0,24.0,18.0,25.0,35.0,16.0,32.0,,16.0,6.0,6.0,,59.0,12.0,17.0,36.0,31.0,22.0,59.0,24.0,36.0,,24.0,,14.0,50.0,39.0,50,17.0,20.0,21.0,23.0,10.0,42.0,52.0,,26.0,,27.0,57.0,43.0,45.0,20.0,13.0,19.0,33.0,48.0,31.0,50.0,30.0,19.0,41.0,54.0,27.0,32.0,,46.0,25.0,,21.0,39.0,45.0,39.0,43.0,0.0,,12.0,30.0,22.0,,6.0,28.0,33.0,30.0,40.0,15.0,40.0,28.0,,30.0,16.0,23.0,21.0,,15.0,18.0,,30.0,22.0,38.0,28.0,35.0,,,48.0,16.0,15.0,32.0,41.0,45.0,,,10.0,26.0,13.0,16.0,19.0,14,53.0,29.0,24,,,16.0,24.0,14.0,,29.0,40.0,50.0,12.0,28.0,,44.0,26.0,42.0,,,,45.0,12.0,25.0,40.0,,36.0,42.0,23.0,,,32.0,28.0,30.0,33.0,19.0,23.0,21.0,37.0,13.0,4.0,46.0,16.0,,8.0,51.0,42.0,58.0,33.0,46.0,20.0,48.0,,44.0,,21.0,,18.0,44.0,29.0,35.0,14.0,10.0,33.0,52.0,37.0,37.0,59.0,0.0,26.0,57.0,18.0,9.0,36.0,37.0,27.0,50.0,28.0,36.0,15.0,26.0,,46.0,51.0,,36.0,13.0,34.0,12.0,,38.0,17.0,6.0,46.0,,23.0,16.0,31.0,54.0,14.0,37.0,,17.0,,26.0,18.0,25.0,,23.0,17.0,28.0,23.0,38.0,27.0,30.0,32.0,49.0,,11.0,,44.0,32.0,,23.0,31.0,17.0,,37.0,45.0,,12.0,18.0,45.0,29.0,25.0,23.0,47.0,,,6.0,12.0,33.0,6.0,,14.0,20.0,33.0,39.0,24.0,11.0,41.0,,38.0,,10.0,,29.0,21.0,31.0,30.0,57.0,47.0,,32.0,51.0,30.0,21.0,30.0,,29.0,22.0,11.0,21.0,28.0,35.0,30.0,10.0,,29.0,,15.0,47.0,53.0,21.0,38.0,22.0,44.0,47.0,27.0,31.0,49.0,,37.0,13.0,20.0,26.0,11.0,37.0,15.0,30.0,31.0,,29.0,34.0,,19.0,26.0,56.0,9.0,39.0,0.0,,33.0,0.0,47.0,23.0,32.0,,17.0,24.0,37.0,,21.0,,42.0,4.0,39.0,21.0,45.0,50.0,31.0,42.0,,38.0,10.0,56.0,34.0,19.0,,32.0,27.0,,,27.0,14.0,30.0,59.0,,29.0,6.0,24.0,,16.0,0.0,51.0,42.0,,36.0,,,36.0,52.0,52.0,34.0,29.0,11.0,41.0,54.0,20.0,3.0,21.0,,24.0,,,7.0,46.0,12.0,41.0,,40.0,28.0,14.0,57.0,44.0,27.0,,41.0,29.0,25.0,,31.0,55.0,,,51.0,34.0,55.0,12.0,,15.0,37.0,26.0,26.0,,37.0,21.0,51.0,44.0,,,38.0,,8.0,43.0,44.0,,11.0,16.0,44.0,,24.0,,43.0,38.0,31.0,17.0,21.0,,55.0,19.0,,31.0,,11.0,,,40.0,48.0,22.0,,,26.0,57.0,17.0,43.0,35.0,,6.0,13.0,26.0,46.0,30.0,18.0,22.0,,24.0,23.0,54.0,9.0,,19.0,18.0,,23.0,,19.0,30.0,,,16.0,39.0,19.0,,28.0,13.0,55.0,,11.0,35.0,35.0,5.0,20.0,43.0,,22.0,39.0,,36.0,27.0,20.0,27.0,41.0,29.0,,,39.0,,36.0,29.0,,29.0,,55.0,21.0,51.0,,31.0,,,12.0,39.0,33.0,31.0,44.0,29.0,42.0,23.0,57.0,46.0,,21.0,,27.0,,43.0,,,38.0,24.0,34.0,44.0,,20.0,55.0,58.0,35.0,48.0,12.0,28.0,39.0,29.0,13.0,14.0,59.0,28.0,,,39.0,27.0,26.0,6.0,,14.0,55.0,26.0,29.0,,28.0,43.0,38.0,5.0,59.0,43.0,21.0,17.0,,8.0,38.0,14.0,58.0,56.0,52.0,39.0,,35.0,,30.0,,49.0,54.0,,7.0,38.0,37.0,,20.0,23.0,28.0,34.0,15.0,,36.0,30.0,25.0,33.0,58.0,,,,,,42.0,6.0,,59.0,18.0,53.0,,45.0,42.0,49.0,54.0,49.0,27.0,,59.0,29.0,,24.0,21.0,20.0,36.0,,,39.0,,28.0,,43.0,,23.0,,14.0,8.0,49.0,25.0,15.0,21.0,,45.0,36.0,46.0,36.0,46.0,0.0,,,,,,,8.0,25.0,21.0,14.0,,,9.0,41.0,15.0,,,16.0,,57.0,11.0,45.0,42.0,54.0,38.0,23.0,16.0,28.0,15.0,51.0,,38.0,11.0,17.0,19.0,24.0,46.0,42.0,23.0,34.0,0.0,58.0,,58.0,18.0,30.0,,,20.0,,37.0,39.0,24.0,34.0,,,12.0,,26.0,9.0,28.0,18.0,14.0,22.0,,38.0,0.0,,,26.0,26.0,52.0,,17.0,18.0,32.0,32.0,,37.0,24.0,42.0,,42.0,8.0,29.0,29.0,18.0,20.0,38.0,19.0,46.0,48.0,25.0,19.0,55.0,20.0,,46.0,,31.0,,22.0,43.0,37.0,47.0,,36.0,13.0,,,22.0,27.0,,,,,,38.0,48.0,52.0,13.0,29.0,21.0,31.0,27.0,,15.0,,,,42.0,18.0,29.0,,,,,14.0,,,,19.0,,18.0,16.0,24.0,,31.0,58.0,37.0,43.0,,,,40.0,30.0,36.0,44.0,,14.0,,48.0,35.0,,19.0,,12.0,57.0,46.0,13.0,,7.0,34.0,42.0,25.0,22.0,47.0,22.0,27.0,,22.0,17.0,7.0,42.0,,18.0,,26.0,19.0,10.0,56.0,32.0,23.0,,19.0,35.0,26.0,,,,,,26.0,27.0,,,21.0,59.0,38.0,,26.0,30.0,46.0,31.0,,,49.0,39.0,40.0,41.0,31.0,,19.0,28.0,34.0,11.0,,31.0,14.0,33.0,28.0,29.0,45.0,,35.0,18.0,,,41.0,25.0,41.0,15.0,7.0,26.0,55.0,31.0,17.0,34.0,22.0,,,17.0,42.0,,,19.0,,14.0,45.0,34.0,14.0,26.0,20.0,,,34.0,,42.0,47.0,37.0,6.0,,12.0,37.0,30.0,,,50.0,,,44.0,14.0,16.0,17.0,20.0,50.0,44.0,40.0,18.0,0.0,,54.0,41.0,2.0,46.0,,53.0,43.0,40.0,27.0,22.0,18.0,,42.0,40.0,33.0,,43.0,6.0,,,,16.0,,52.0,17.0,32.0,21.0,1.0,50.0,,45.0,10.0,10.0,,33.0,46.0,25.0,57.0,49.0,39.0,22.0,39.0,9.0,20.0,53.0,24.0,25.0,,40.0,19.0,50.0,,32.0,22.0,41.0,,7.0,16.0,,,22.0,28.0,17.0,27.0,17.0,47.0,13.0,54.0,10.0,42.0,,,38.0,13.0,33.0,57.0,53.0,29.0,43.0,34.0,44.0,41.0,20.0,50.0,54.0,12.0,31.0,,,23.0,22.0,,17.0,20.0,,,29.0,,,16.0,,54.0,17.0,17.0,43.0,,7.0,,13.0,47.0,24.0,33.0,42.0,28.0,,20.0,,20.0,54.0,29.0,,18.0,,15.0,17.0,49.0,18.0,39.0,11.0,23.0,26.0,50.0,25.0,48.0,,22.0,31.0,20.0,30.0,40.0,24.0,,20.0,38.0,16.0,45.0,38.0,44.0,22.0,16.0,22.0,0.0,,,,57.0,26.0,18.0,11.0,50.0,30.0,16.0,48.0,11.0,54.0,,,24.0,27.0,58.0,41.0,49.0,27.0,,19.0,23.0,38.0,43.0,14.0,42.0,0.0,25.0,13.0,36.0,17.0,46.0,42.0,50.0,17.0,51.0,27.0,44.0,36.0,,38.0,,16.0,11.0,48.0,14.0,42.0,34.0,,14.0,,52.0,34.0,,47.0,22.0,41.0,,,,26.0,33.0,28.0,32.0,28.0,28.0,53.0,12.0,41.0,24.0,24.0,,35.0,35.0,59.0,,11.0,,44.0,56.0,31.0,44.0,,,41.0,21.0,25.0,58.0,16.0,31.0,,51.0,,14.0,,99,3,2.4711538461538463,18.593259068837476,-0.35634059022381376
7,3,9,8,5,6,6,6,9,8,8,7,6,7,7,10,7,11,9,16,10,11,11,6,7,13,11,12,8,5,13,0,9,14,7,10,25,6,10,15,18,18.0,10,11,11,9,12,2,10,9,13,10,13,10,20,19,13,18,9,10,11,17,21,9,15.0,16,9,8,13,9,23,15,11,11,14,9,18,14,15,9,14,11,8,18,10,15,1,16,26,20,15,12,12,21,21,16,19,8,20,22,25,9,11,21,15,0,15,24,2,19,17,,16,16,18.0,19,16,23,17,17,4,18,6,17,13,9,12,11.0,14,10,10,18,11.0,11,16,18.0,13,34,29,12,17,21,21,15,16.0,21.0,12,33.0,8,19,16,12,29.0,0,25,7,14,34.0,27,20,12,13,20,35,10,22.0,18,22,13,20,13,17.0,10,23,15,30,13,18.0,12,13.0,12,15,13,20,20,33.0,13.0,11,13,30.0,32.0,10,10,6,19,10,10,10,14.0,14,17,,15,22,17,13,14.0,9,13,19,14,15.0,30,22,14,8,12,21,12,19.0,8.0,0,18,22,23.0,17,17,16,36.0,4,16.0,31.0,13,26,32.0,5,17,14,16.0,23.0,22,18,12,19,8,24.0,10,14,21,21,3,13,19.0,45.0,30,41.0,21.0,26.0,14.0,13,57.0,4,27,35,47.0,51.0,18.0,,44.0,12,19.0,,18.0,21,14,10.0,8,6,26,26.0,21.0,,17,55.0,16,10,37.0,17.0,15,41.0,28.0,0,18,9.0,0,15.0,16.0,31.0,25,14,18.0,15,13,24,28,14,24,17,19,24,15,27,14,9.0,20.0,30,16,18,19.0,39.0,20,15,23,53.0,19,24.0,23,10,23,12,5,23.0,14,18.0,20,19,48.0,13,10,18,23.0,,14,32.0,37.0,,27.0,11.0,24,33.0,12,36,15,39.0,17,22.0,0.0,18,28.0,23.0,59.0,21,12.0,17,18,27,18,12,21,21,31.0,9,19.0,20,10,20,39.0,7,11.0,23,16.0,15,38.0,18,24,22.0,52,27.0,11,38.0,25.0,46,25,17.0,36.0,28.0,18.0,9.0,24,21.0,32.0,21,14.0,0,8,59.0,32.0,24,16.0,34,18.0,22.0,25,22,18,23.0,16,29.0,38.0,27,14.0,21,42.0,14,20,9,22.0,25.0,37,18,11,32.0,39.0,22,13,33.0,24,12.0,47.0,12.0,41.0,,13.0,9.0,32.0,4.0,16.0,27,8,20.0,17.0,10.0,0.0,,27.0,33.0,20.0,16,20,49.0,43.0,16,28.0,,18.0,26.0,21.0,27.0,23,28,18.0,17.0,32.0,10.0,22,15.0,15.0,12.0,9,22,13,48.0,34.0,14.0,23.0,4,11,37.0,17.0,27,24.0,15.0,26,45.0,16.0,13.0,31,14.0,12,20.0,,18.0,23,15.0,19,15.0,16,18,13.0,30.0,19.0,,14,3,37,26.0,19,27.0,16,0,26.0,34,15,44.0,34.0,13,25,15.0,15.0,21.0,,20.0,13.0,16,38.0,4,21,22.0,16.0,27.0,19.0,30.0,35.0,15,17,18.0,31.0,22.0,33.0,27.0,15.0,22,17.0,16,17.0,24.0,37.0,,17,12.0,31,0.0,39.0,48.0,10,60.0,46.0,,26,22,,21.0,17.0,17.0,,26.0,,,10.0,40.0,44.0,19.0,30,19,0.0,38.0,19.0,27,10,19,38,15.0,29.0,19,6,15.0,45.0,23,,23.0,29.0,25,37.0,50.0,39.0,13,41.0,,56.0,30.0,0.0,18.0,28,13.0,11,36.0,18,21,20,19.0,28.0,19.0,,45.0,,47.0,35.0,14.0,37.0,13.0,14,37.0,20.0,21,27.0,23.0,14.0,44.0,23,13.0,22.0,18.0,13,15,22.0,7,20.0,31.0,45.0,52.0,11,13.0,12,36,24.0,14,27.0,30,35.0,44.0,19.0,34,37,32.0,32.0,20,25.0,20,9.0,0,42.0,30.0,17.0,54.0,14.0,21.0,49,5.0,41.0,16.0,29.0,24.0,41.0,27.0,16,16,22.0,24,39,29,35.0,19.0,15.0,62.0,11.0,27.0,28,28.0,21.0,46.0,21,62.0,,17.0,,51.0,23,35.0,21.0,20.0,,23.0,60.0,20.0,23,1.0,21.0,32.0,44.0,54.0,14.0,25.0,17,12.0,17.0,18.0,25.0,16,45,,,17,26.0,12.0,58.0,29,7.0,41.0,19.0,22.0,15,56.0,9.0,27.0,35.0,23.0,25.0,27.0,55.0,33.0,29,11,,32.0,17.0,48.0,34.0,35.0,13.0,,36.0,47.0,4,32,,16,32.0,,25.0,46.0,23,15,35.0,0.0,28.0,20.0,17.0,16.0,12.0,14.0,29.0,31,17.0,,58.0,35.0,34.0,8.0,29,10.0,14.0,9.0,25,6.0,19.0,12.0,40.0,15.0,21.0,19,24.0,34,,,39.0,31.0,46.0,37.0,,36.0,26.0,25.0,,13.0,31.0,39.0,43.0,22.0,29.0,47.0,44.0,24.0,49.0,21,25.0,21.0,28,,,20,26.0,13.0,26.0,22,23,22,21.0,30.0,53.0,37.0,22.0,43.0,19.0,,43.0,16,9.0,20,12.0,17,32,21.0,22,,35.0,23.0,31.0,18,32.0,23.0,18.0,17.0,15.0,,26,20.0,33,28.0,24.0,18.0,32,20.0,17,19,33.0,53.0,24.0,28,33.0,61.0,24,39.0,8.0,31.0,22.0,23.0,16.0,53.0,26.0,48,16.0,39.0,25.0,48.0,37.0,59.0,31.0,23.0,17,45.0,33,12.0,27.0,46.0,30.0,23,27,18.0,38.0,26.0,25.0,44.0,17.0,28.0,20.0,47.0,27,27.0,18.0,22,22,37.0,,29,26.0,20.0,16,25.0,17,15,38,32.0,17.0,27.0,28.0,,20.0,,45.0,25.0,15.0,46.0,40.0,37.0,36.0,12.0,44.0,41.0,31.0,16.0,35.0,1.0,20.0,,17.0,36.0,19.0,0.0,,17.0,34.0,25.0,25.0,30.0,40.0,6.0,28.0,14.0,30.0,26.0,44.0,,32.0,35.0,28.0,16.0,42.0,26.0,26.0,27,15.0,,19.0,15,10.0,19.0,,13.0,46.0,8.0,,10.0,26.0,31.0,21.0,13.0,42.0,37.0,25.0,0.0,39.0,33.0,29.0,,12.0,32.0,33.0,13.0,32.0,28.0,,,23,,49.0,19.0,21,60.0,13.0,16.0,35.0,28.0,35.0,17.0,27.0,30.0,30,24.0,23.0,34.0,15.0,38.0,36.0,21,16,18.0,15.0,55.0,30.0,,49.0,16,18,,25.0,,19.0,,29.0,46.0,62.0,,41.0,14.0,,20.0,21.0,,31.0,10,34.0,61.0,37.0,21.0,22.0,34,28.0,14,,47,33.0,,49.0,,20.0,30.0,26.0,17.0,43.0,19.0,28.0,13.0,21,25.0,,27.0,21.0,,17,20.0,,17.0,43.0,15.0,24.0,50.0,55.0,25.0,8,7,32.0,29.0,15.0,24.0,13.0,16.0,26.0,38.0,48,23.0,,49.0,36.0,50.0,19.0,11.0,36.0,23,13.0,55.0,33.0,22,24,19.0,40.0,25.0,37.0,21.0,20.0,21.0,,,11.0,21.0,22.0,8.0,41.0,39.0,17,42.0,,40.0,62.0,,5,27.0,25.0,25,33.0,24.0,,33.0,19.0,15.0,23.0,15.0,26.0,11.0,28.0,23,19.0,38.0,11.0,18.0,30,,,24.0,14.0,25.0,21.0,24.0,28.0,48.0,,16.0,16.0,25.0,53,28,16.0,12.0,35.0,13.0,30.0,26,28,39.0,57.0,39.0,22.0,26.0,30.0,52.0,31.0,25.0,17.0,,16.0,46.0,25.0,28.0,22,18,10.0,,43.0,19.0,,4,13.0,44.0,21.0,38.0,9.0,39.0,28.0,13.0,36.0,10.0,19.0,33.0,31.0,49.0,,17,35.0,16.0,1,40.0,10.0,9.0,,16.0,,39.0,18.0,56.0,62.0,18.0,62.0,15.0,15.0,32.0,32.0,24.0,21.0,10.0,47.0,14.0,44.0,22.0,33.0,22.0,,9.0,51.0,26.0,21.0,50.0,15.0,,6.0,17.0,11.0,13.0,51.0,52.0,21.0,15.0,22.0,24.0,44.0,0.0,22.0,39.0,31.0,7.0,13.0,7.0,56.0,13.0,26.0,17.0,13.0,15.0,39.0,22.0,24.0,37.0,0,53.0,0.0,61.0,36.0,33.0,32.0,12.0,35.0,25.0,56.0,12.0,35.0,,30.0,21.0,40.0,37.0,14.0,,58.0,,13.0,17.0,40.0,41.0,26.0,58.0,38.0,14.0,,34.0,56.0,16.0,,15.0,11.0,52.0,,,48.0,19.0,20.0,24.0,31.0,27.0,,18,42.0,23.0,59.0,11.0,13.0,44.0,34.0,26.0,13.0,16,18.0,40.0,34.0,34.0,23.0,,23.0,31.0,11.0,15.0,39.0,61.0,21.0,28.0,31.0,20.0,24,23.0,19.0,27.0,21.0,13.0,23.0,41.0,26.0,10.0,34.0,,,,49.0,34.0,0.0,30.0,30.0,35.0,12.0,,24.0,60.0,33.0,12,20,,,31.0,23.0,,29.0,29.0,13.0,8.0,10.0,20.0,21.0,20.0,,32.0,21.0,26.0,53.0,40.0,,21.0,,61.0,30.0,18.0,36.0,60.0,24.0,37.0,19.0,40.0,,27.0,39.0,40.0,,51.0,24.0,9.0,13.0,12.0,18.0,62.0,29.0,,11.0,24.0,24.0,53,56.0,51.0,52.0,,18,30.0,35.0,,41.0,29.0,,20.0,18.0,19,31.0,59.0,27.0,21.0,,13.0,47.0,4,15.0,12.0,19.0,40.0,12,61.0,23.0,34.0,27.0,52.0,20.0,13.0,8.0,7.0,,26.0,,19.0,43.0,46.0,49.0,55.0,15.0,20.0,42.0,,25.0,,,30,16.0,,27.0,17.0,31.0,20.0,,21.0,30.0,57.0,,54.0,29.0,23,16.0,18.0,39.0,,50.0,17.0,28.0,17.0,32.0,30.0,35.0,24.0,26.0,39.0,25.0,42.0,49.0,35.0,,36.0,16.0,52.0,23.0,49.0,,18.0,24.0,,15.0,31.0,28.0,23.0,17.0,24.0,33.0,,32.0,,48.0,28.0,20.0,48.0,18.0,38.0,20.0,61.0,51.0,18.0,,23.0,37.0,27.0,50.0,,,12.0,25.0,35.0,48.0,26.0,10.0,10.0,22.0,24.0,31.0,21.0,27.0,,14.0,27,30.0,59.0,,28.0,,9.0,46.0,45.0,55.0,38.0,61.0,36.0,46.0,42.0,15.0,,27.0,24.0,37.0,,18.0,,16.0,32.0,46.0,41.0,11.0,36.0,,14.0,,21.0,,34.0,12.0,27.0,39.0,37.0,29.0,15.0,33.0,19.0,,5.0,,15.0,18.0,24.0,24.0,5.0,49.0,,45.0,34.0,44.0,62.0,47.0,54.0,,27.0,13.0,31.0,18.0,45.0,,38.0,18.0,39.0,32.0,37.0,43.0,37.0,,34.0,48.0,24.0,,62.0,27.0,26.0,26.0,40.0,18.0,27.0,20.0,,,3.0,,42.0,1.0,34.0,37.0,,33.0,11.0,20.0,21.0,38.0,59.0,29.0,37.0,20.0,,10.0,21.0,,62.0,32.0,38.0,33.0,13.0,24.0,,,,10.0,31.0,19.0,27.0,52.0,30.0,,41.0,22.0,,62.0,35.0,18,31.0,26.0,8.0,16.0,51.0,49.0,28.0,44.0,33.0,,21,10.0,23.0,30.0,38.0,23.0,20.0,45.0,10.0,27,36.0,,28.0,11.0,12.0,,36.0,55.0,44.0,,50.0,18.0,20.0,54.0,,44.0,13.0,44.0,45.0,29.0,,34.0,33.0,,,32.0,,40.0,22.0,,13.0,18.0,16.0,29.0,14.0,25.0,48.0,28.0,42.0,30.0,34.0,61.0,31.0,26.0,30.0,47.0,56.0,21.0,57.0,50.0,27.0,45.0,41.0,43.0,,35.0,21.0,27.0,43.0,45.0,38.0,20.0,11.0,15.0,,21.0,33.0,32.0,32.0,,38.0,15.0,44.0,25.0,61.0,21.0,57.0,59.0,57.0,0.0,19.0,51.0,11.0,27.0,15.0,,43.0,49.0,37.0,20.0,23.0,13.0,60.0,23.0,24.0,14.0,35.0,7.0,,50.0,6.0,26.0,48.0,,,,21.0,,19,43.0,,59.0,50.0,,36.0,25.0,46.0,7.0,32.0,34.0,,44.0,12.0,8.0,19.0,28.0,40.0,22.0,22.0,24.0,38.0,0.0,,23.0,38.0,,61.0,15.0,35.0,10.0,,24.0,27.0,,,38.0,13.0,29.0,47.0,44.0,52.0,16.0,,,,15.0,50.0,25.0,15.0,,27.0,36.0,10.0,60.0,28.0,36.0,,37.0,,31.0,14.0,27.0,39.0,,38.0,,38.0,9.0,,,50.0,,53.0,40.0,24.0,,,26.0,29,48.0,33.0,28,44.0,22.0,18.0,0.0,27.0,,16.0,33.0,24.0,34.0,57.0,42.0,,30.0,46.0,37.0,,22.0,,40.0,33.0,,,33.0,35.0,33.0,28.0,41.0,29.0,,27.0,38.0,51.0,28.0,35.0,48.0,16.0,18.0,,,35.0,30.0,,23.0,36.0,12.0,23.0,38.0,53.0,32.0,35.0,,60.0,56.0,29.0,21.0,39.0,25.0,59.0,18.0,42.0,12.0,59.0,29.0,17.0,,34.0,34.0,37.0,43.0,36.0,,43.0,21.0,46.0,,,48.0,10.0,45.0,57.0,,,28.0,,13.0,32.0,,48.0,25.0,33.0,33.0,,24.0,6.0,14.0,25.0,29.0,35.0,,,25.0,21.0,,48.0,52.0,15.0,32.0,,,51.0,25.0,54.0,29.0,,54.0,50.0,32.0,41.0,32.0,33.0,22.0,31.0,60.0,15.0,45.0,45.0,12.0,32.0,51.0,55.0,29.0,57.0,16.0,36.0,44.0,20.0,,21.0,50.0,44.0,31.0,17.0,13.0,25.0,33.0,,24.0,42.0,54.0,42.0,,8.0,47.0,25.0,15.0,,,39.0,53.0,39.0,41.0,38.0,8.0,,51.0,43.0,47.0,,,35.0,44.0,26.0,15.0,49.0,51.0,13.0,31.0,8.0,50.0,19.0,,39.0,24.0,50.0,53.0,,46.0,29.0,17.0,58.0,,25.0,33.0,58.0,52.0,19.0,16.0,11.0,11.0,49.0,,12.0,34.0,,47.0,41.0,,,,11.0,47.0,49.0,57.0,53.0,23.0,61.0,19.0,,25.0,22.0,62.0,18.0,29.0,16.0,22.0,56.0,59.0,44.0,,39.0,,25.0,47.0,20.0,,35.0,12.0,14.0,30.0,32.0,21.0,,31.0,,,36.0,,,,54.0,,29.0,25.0,43.0,20.0,50.0,21.0,,20.0,29.0,28.0,,,,7.0,43.0,32.0,43.0,39.0,37.0,,17.0,,29.0,41.0,17.0,28.0,42.0,27.0,27.0,17.0,17.0,28.0,28.0,,33.0,,46.0,12.0,36.0,49.0,22.0,54.0,,46.0,15.0,,24.0,27.0,59.0,55.0,18.0,61.0,27.0,41.0,52.0,13.0,58.0,21.0,27.0,23.0,26.0,38.0,,,13.0,,61.0,,22.0,42.0,,14.0,20.0,41.0,37.0,24.0,17.0,,14.0,16.0,38.0,30.0,13.0,13.0,,22.0,33.0,49.0,17.0,34.0,34.0,21.0,8.0,6.0,10.0,14.0,34.0,44.0,14.0,25.0,11.0,42.0,58.0,47.0,50.0,,43.0,31.0,27.0,11.0,,29.0,,45.0,58.0,54.0,52.0,11.0,56.0,36.0,,,,,,27.0,,42.0,,5.0,33.0,23.0,,,57.0,,0.0,,37.0,,,14.0,21.0,11.0,,52.0,28.0,26.0,23.0,60.0,,24.0,25.0,37.0,18.0,17.0,43.0,,35.0,62.0,45.0,40.0,,30.0,,39.0,51.0,27.0,33.0,18.0,23.0,,15.0,33.0,48.0,,,24.0,,39.0,13.0,51.0,33.0,,29.0,36.0,44.0,20.0,31.0,59.0,44.0,,,21.0,42.0,,19.0,31.0,51.0,12.0,,30.0,56.0,15.0,,30.0,58.0,43.0,,35.0,,30.0,35.0,58.0,21.0,41.0,23.0,,27.0,58.0,17.0,,12.0,38.0,34.0,54.0,,39.0,13.0,60.0,40.0,33.0,56.0,54.0,,51.0,,31.0,60.0,,39.0,,41.0,,32.0,48.0,23.0,27.0,21.0,37.0,27.0,28.0,11.0,40.0,42.0,,20.0,,50.0,14.0,59.0,,,58.0,49.0,12.0,28.0,15.0,,37.0,32.0,51.0,,22.0,,,10.0,48.0,40.0,23.0,23.0,26.0,38.0,,,17.0,,15.0,53.0,44.0,47.0,45.0,59.0,,41.0,44.0,19.0,15.0,25.0,17.0,15.0,10.0,,28.0,32.0,33.0,38.0,20.0,29.0,28.0,17.0,36.0,13.0,,38.0,,23.0,17.0,,24.0,26.0,45.0,28.0,26.0,27.0,,,16.0,20.0,,62.0,36.0,27.0,,42.0,48.0,39.0,61.0,49.0,18.0,,51.0,30.0,33.0,,62.0,,53.0,21.0,35.0,,34.0,42.0,45.0,30.0,34.0,49.0,47.0,30.0,47.0,15.0,15.0,9.0,,28.0,23.0,,31.0,39.0,23.0,61.0,29.0,12.0,,10.0,28.0,,19.0,46.0,45.0,11.0,11.0,,45.0,51.0,59.0,27.0,22.0,21.0,,26.0,30.0,23.0,36.0,0.0,,19.0,54.0,52.0,45.0,,18.0,26.0,20.0,34.0,10.0,56.0,34.0,32.0,11.0,22.0,24.0,,26.0,21.0,49.0,13.0,21.0,,43.0,,8.0,22.0,,17.0,23.0,26.0,22.0,35.0,46.0,0.0,38.0,,,14.0,22.0,12.0,8.0,46.0,50.0,53.0,36.0,18.0,,47.0,41.0,59.0,28.0,22.0,40.0,32.0,,45.0,38.0,44.0,16.0,51.0,15.0,39.0,42.0,29.0,32.0,11.0,,57.0,48.0,39.0,,38.0,20.0,17.0,22.0,50.0,42.0,,,11.0,,27.0,34.0,,53.0,50.0,35.0,37.0,25.0,33.0,53.0,18.0,30.0,13.0,48.0,,23.0,32.0,58.0,38.0,27.0,44.0,29.0,14.0,,23.0,29.0,13.0,58.0,,,,,12.0,32.0,53.0,24.0,,55.0,42.0,56.0,16.0,58.0,42.0,39.0,0.0,41.0,42.0,27.0,28.0,34.0,,,53.0,32.0,46.0,45.0,,50.0,16.0,,51.0,23.0,,54.0,21.0,57.0,,42.0,48.0,28.0,52.0,16.0,60.0,32.0,,,,57.0,41.0,39.0,46.0,22.0,27.0,,,44.0,24.0,,34.0,36.0,55.0,24.0,,0.0,23.0,41.0,,39.0,52.0,,30.0,,29.0,40.0,49.0,8.0,23.0,48.0,32.0,10.0,21.0,,56.0,30.0,22.0,46.0,38.0,13.0,45.0,61.0,,17.0,21.0,39.0,56.0,,36.0,22.0,56.0,42.0,44.0,18.0,,58.0,25.0,18.0,24.0,22.0,20.0,18.0,40.0,19.0,27.0,38.0,40.0,16.0,,22.0,47.0,20.0,18.0,47.0,13.0,59.0,,29.0,60.0,21.0,20.0,,10.0,56.0,17.0,58.0,29.0,,33.0,26.0,45.0,15.0,26.0,,14.0,61.0,31.0,49.0,43.0,11.0,18.0,,22.0,35.0,37.0,56.0,13.0,28.0,,,24.0,18.0,41.0,35.0,43.0,,42.0,45.0,,31.0,51.0,,39.0,,,14.0,,,32.0,31.0,,,,,,19.0,28.0,43.0,35.0,,49.0,42.0,38.0,61.0,,16.0,,43.0,11.0,,,22.0,38.0,20.0,,54.0,44.0,42.0,42.0,0.0,28.0,41.0,44.0,31.0,54.0,,52.0,,21.0,17.0,9.0,28.0,23.0,27.0,,33.0,,26.0,52.0,48.0,10.0,43.0,,14.0,,,51.0,9.0,,16.0,58.0,35.0,27.0,,34.0,,18.0,53.0,26.0,,,19.0,44.0,35.0,,43.0,60.0,,32.0,23.0,,,31.0,,42.0,,31.0,,29.0,35.0,11.0,14.0,52.0,58.0,,40.0,18.0,62.0,30.0,14.0,,27.0,,,,34.0,27.0,60.0,57.0,,43.0,,,20.0,46.0,27.0,,36.0,26.0,,,30.0,26.0,11.0,14.0,36.0,35.0,16.0,,,35.0,,46.0,32.0,,,,40.0,48.0,33.0,35.0,32.0,42.0,22.0,23.0,100,3,2.436141304347826,18.781409891984083,-0.3554545976843323
2,3,5,3,3,6,7,6,6,4,6,10,8,1,6,6,5,5,0,7,6,10,8,4,8,17,7,4,7,7,13,7,5,9,10,7,9,6,9,19,16,29.0,14,10,8,0,7,15,3,24,10,11,7,8,29,11,9,7,7,9,12,10,20,7,38.0,10,9,9,12,7,14,8,11,8,10,8,19,18,9,9,8,7,13,10,12,11,6,13,20,13,12,9,26,4,7,10,14,2,12,15,16,20,20,9,11,13,12,10,10,2,13,22.0,19,13,19.0,8,10,14,12,20,13,13,9,14,7,16,13,13.0,12,6,11,18,50.0,6,16,16.0,9,7,5,18,6,12,12,15,22.0,7.0,12,0.0,10,12,7,1,30.0,8,8,19,13,15.0,15,12,35,7,8,18,19,16.0,13,13,9,9,11,45.0,9,20,10,29,19,9.0,13,18.0,14,16,16,10,46,28.0,38.0,18,18,18.0,54.0,21,8,17,23,17,4,9,26.0,3,9,,8,15,14,6,12.0,14,5,15,11,33.0,20,12,16,9,23,3,12,30.0,26.0,18,21,19,10.0,35,17,21,27.0,15,40.0,20.0,11,16,18.0,14,15,13,8.0,34.0,3,9,14,17,20,28.0,14,15,9,8,22,14,16.0,11.0,24,12.0,12.0,0.0,11.0,20,37.0,11,4,5,16.0,8.0,22.0,5.0,43.0,6,15.0,24.0,39.0,12,19,13.0,13,13,17,37.0,40.0,31.0,32,40.0,15,17,10.0,25.0,19,,21.0,8,9,19.0,11,11.0,16.0,46.0,27,8,27.0,23,26,10,37,16,25,20,26,15,14,9,14,8.0,37.0,31,13,9,19.0,43.0,22,21,11,31.0,12,,14,10,50,10,17,20.0,13,29.0,24,14,35.0,32,14,13,0.0,,10,21.0,37.0,13.0,12.0,25.0,13,36.0,14,19,12,17.0,14,11.0,51.0,4,17.0,34.0,,15,4.0,15,21,41,9,19,3,19,9.0,11,45.0,18,17,22,36.0,14,28.0,32,23.0,13,46.0,22,3,23.0,42,,9,34.0,15.0,23,39,13.0,19.0,32.0,10.0,9.0,17,4.0,34.0,17,12.0,0,10,49.0,55.0,47,18.0,11,15.0,30.0,18,9,14,47.0,16,43.0,13.0,23,47.0,7,7.0,10,15,12,50.0,32.0,10,19,15,6.0,16.0,23,13,30.0,28,12.0,5.0,24.0,10.0,17.0,24.0,3.0,9.0,,12.0,16,23,6.0,20.0,26.0,14.0,13.0,,,6.0,15,22,,9.0,9,33.0,47.0,31.0,33.0,21.0,19.0,19,32,,24.0,46.0,21.0,11,28.0,17.0,8.0,38,11,19,4.0,,18.0,39.0,25,19,20.0,14.0,27,8.0,22.0,24,51.0,32.0,20.0,24,24.0,5,40.0,12.0,24.0,12,20.0,21,13.0,11,25,,31.0,41.0,13.0,15,17,23,17.0,18,36.0,28,24,51.0,9,25,49.0,18.0,12,21,14.0,16.0,33.0,29.0,13.0,13.0,16,15.0,7,14,14.0,18.0,51.0,37.0,,16.0,9,26,51.0,17.0,25.0,15.0,33.0,51.0,4,30.0,30,6.0,20.0,28.0,,27,12.0,25,24.0,26.0,41.0,18,31.0,25.0,10.0,15,10,,32.0,55.0,38.0,35.0,16.0,44.0,24.0,5.0,25.0,,33.0,18,19,27.0,,19.0,14,8,14,21,9.0,,1,15,30.0,,13,28.0,20.0,19.0,7,20.0,,22.0,25,17.0,18.0,35.0,39.0,30.0,50.0,13,10.0,5,25.0,11,0,14,33.0,44.0,9.0,25.0,18.0,38.0,4.0,27.0,25.0,16.0,39.0,13,22.0,20.0,25,43.0,,19.0,32.0,16,25.0,14.0,,16,19,43.0,12,23.0,16.0,7.0,,11,20.0,10,22,11.0,14,17.0,10,,15.0,22.0,37,26,20.0,31.0,15,22.0,15,0.0,16,26.0,,54.0,31.0,25.0,30.0,11,0.0,22.0,55.0,19.0,27.0,10.0,35.0,20,16,13.0,10,29,23,4.0,49.0,10.0,16.0,19.0,16.0,36,28.0,25.0,51.0,7,26.0,40.0,17.0,38.0,16.0,15,20.0,19.0,35.0,13.0,18.0,24.0,18.0,14,33.0,27.0,,13.0,9.0,18.0,32.0,12,19.0,,26.0,17.0,14,6,23.0,24.0,12,18.0,3.0,6.0,9,34.0,7.0,13.0,45.0,2,43.0,34.0,23.0,17.0,,24.0,34.0,16.0,,23,19,38.0,46.0,8.0,17.0,19.0,18.0,11.0,53.0,48.0,37.0,38,13,26.0,22,14.0,26.0,30.0,14.0,12,12,49.0,14.0,45.0,41.0,54.0,39.0,22.0,11.0,12.0,11,27.0,23.0,35.0,22.0,41.0,18.0,10,39.0,41.0,15.0,0,37.0,36.0,32.0,47.0,37.0,26.0,9,11.0,19,56.0,20.0,28.0,22.0,30.0,42.0,35.0,28.0,32.0,31.0,34.0,11.0,13.0,,5.0,25.0,56.0,40.0,14.0,32.0,46.0,16,11.0,9.0,24,22.0,29.0,8,21.0,27.0,16.0,10,22,22,44.0,26.0,30.0,13.0,22.0,36.0,19.0,32.0,42.0,26,45.0,41,33.0,8,25,55.0,10,,29.0,18.0,7.0,4,12.0,13.0,,17.0,,,6,28.0,15,16.0,7.0,56.0,9,27.0,14,11,18.0,20.0,54.0,16,27.0,,14,28.0,11.0,15.0,20.0,49.0,20.0,14.0,15.0,49,25.0,23.0,24.0,,48.0,38.0,32.0,29.0,15,20.0,10,20.0,25.0,,26.0,5,15,54.0,28.0,25.0,21.0,20.0,27.0,38.0,35.0,21.0,27,26.0,12.0,24,17,37.0,12.0,13,17.0,,11,5.0,18,20,29,15.0,35.0,42.0,,26.0,18.0,12.0,29.0,36.0,0.0,40.0,27.0,34.0,9.0,12.0,11.0,27.0,17.0,,28.0,,32.0,,13.0,23.0,18.0,,,9.0,21.0,14.0,14.0,18.0,44.0,9.0,,31.0,,15.0,12.0,,15.0,32.0,10.0,53.0,12.0,24.0,19.0,30,15.0,29.0,34.0,7,24.0,10.0,10.0,13.0,19.0,43.0,40.0,15.0,,26.0,28.0,29.0,17.0,12.0,6.0,30.0,27.0,13.0,10.0,51.0,38.0,22.0,,,30.0,46.0,,,20,48.0,38.0,8.0,18,,17.0,9.0,36.0,,,13.0,0.0,14.0,18,16.0,33.0,27.0,13.0,35.0,19.0,11,20,16.0,26.0,10.0,,33.0,17.0,33,0,46.0,32.0,38.0,44.0,42.0,23.0,26.0,26.0,10.0,,14.0,48.0,35.0,24.0,35.0,16.0,37,10.0,19.0,33.0,34.0,14.0,5,31.0,31,8.0,25,31.0,48.0,47.0,26.0,34.0,27.0,22.0,18.0,35.0,24.0,24.0,35.0,16,16.0,6.0,12.0,37.0,26.0,29,10.0,9.0,18.0,9.0,31.0,,26.0,28.0,31.0,24,31,34.0,,38.0,14.0,,0.0,11.0,7.0,14,,47.0,39.0,41.0,38.0,36.0,,23.0,23,11.0,12.0,30.0,23,23,19.0,33.0,49.0,22.0,,,31.0,28.0,28.0,27.0,,12.0,27.0,18.0,,17,39.0,,8.0,23.0,6.0,12,12.0,14.0,19,22.0,24.0,21.0,16.0,55.0,31.0,8.0,,10.0,47.0,28.0,27,25.0,27.0,,29.0,17,21.0,30.0,26.0,10.0,28.0,,25.0,11.0,38.0,18.0,20.0,10.0,50.0,33,34,39.0,4.0,30.0,6.0,33.0,25,24,49.0,23.0,33.0,46.0,,28.0,,23.0,26.0,34.0,20.0,53.0,26.0,35.0,19.0,5,15,36.0,,,39.0,,21,33.0,11.0,33.0,33.0,,28.0,13.0,11.0,,4.0,52.0,41.0,20.0,22.0,35.0,24,7.0,20.0,25,48.0,54.0,23.0,21.0,18.0,15.0,26.0,,36.0,34.0,20.0,13.0,4.0,0.0,15.0,13.0,11.0,23.0,0.0,48.0,33.0,,,26.0,43.0,42.0,48.0,35.0,18.0,39.0,11.0,12.0,32.0,,22.0,18.0,18.0,,41.0,14.0,52.0,11.0,12.0,29.0,37.0,31.0,35.0,,27.0,23.0,22.0,15.0,30.0,,30.0,17.0,,40.0,30.0,9.0,41.0,24,,25.0,23.0,10.0,10.0,16.0,16.0,56.0,50.0,32.0,15.0,36.0,21.0,6.0,32.0,16.0,34.0,16.0,,29.0,22.0,8.0,38.0,34.0,26.0,35.0,25.0,6.0,0.0,,15.0,38.0,28.0,,32.0,15.0,22.0,22.0,25.0,48.0,16.0,,,26.0,15.0,17.0,14,22.0,16.0,16.0,18.0,13.0,24.0,13.0,35.0,17.0,11,33.0,56.0,37.0,21.0,,25.0,33.0,30.0,17.0,10.0,10.0,31.0,12.0,18.0,30.0,35.0,20,40.0,15.0,,52.0,,11.0,13.0,23.0,11.0,46.0,16.0,42.0,22.0,18.0,43.0,13.0,,,12.0,23.0,,45.0,27.0,11.0,25,27,14.0,,32.0,20.0,34.0,33.0,30.0,13.0,,31.0,22.0,18.0,12.0,,,12.0,,27.0,,48.0,11.0,24.0,46.0,16.0,,20.0,33.0,34.0,14.0,13.0,43.0,34.0,24.0,,40.0,40.0,6.0,21.0,11.0,19.0,32.0,46.0,30.0,16.0,29.0,22.0,11.0,34.0,7,38.0,37.0,9.0,,15,16.0,53.0,42.0,34.0,26.0,19.0,18.0,27.0,6,51.0,24.0,33.0,16.0,50.0,12.0,37.0,41,0.0,53.0,19.0,8.0,20,15.0,17.0,15.0,42.0,28.0,5.0,14.0,17.0,14.0,6.0,15.0,25.0,30.0,37.0,21.0,12.0,23.0,23.0,56.0,18.0,26.0,40.0,11.0,,21,,9.0,40.0,12.0,19.0,9.0,10.0,34.0,21.0,44.0,,42.0,19.0,12,5.0,15.0,33.0,,36.0,13.0,21.0,42.0,52.0,56.0,21.0,39.0,29.0,,40.0,35.0,31.0,32.0,7.0,31.0,23.0,,,44.0,,,26.0,41.0,25.0,11.0,27.0,27.0,22.0,29.0,9.0,45.0,26.0,34.0,,32.0,23.0,19.0,15.0,15.0,20.0,25.0,,45.0,53.0,26.0,23.0,18.0,48.0,24.0,50.0,48.0,38.0,13.0,48.0,,17.0,43.0,26.0,12.0,,21.0,26.0,41.0,18.0,15,50.0,36.0,26.0,43.0,27.0,26.0,26.0,26.0,45.0,,23.0,5.0,42.0,33.0,36.0,14.0,16.0,18.0,13.0,28.0,24.0,,50.0,22.0,27.0,34.0,20.0,25.0,22.0,25.0,24.0,,30.0,7.0,,43.0,18.0,29.0,12.0,19.0,48.0,36.0,,53.0,,21.0,,37.0,39.0,16.0,,,,23.0,16.0,24.0,41.0,53.0,0.0,17.0,,16.0,,,31.0,26.0,29.0,19.0,35.0,,44.0,49.0,7.0,17.0,0.0,21.0,47.0,,38.0,30.0,17.0,0.0,39.0,,,19.0,29.0,55.0,25.0,40.0,22.0,48.0,29.0,,23.0,,,18.0,47.0,16.0,32.0,13.0,,,18.0,29.0,8.0,33.0,39.0,32.0,,,52.0,24.0,,12.0,12.0,14.0,21.0,55.0,55.0,17.0,26.0,40.0,17.0,35.0,41.0,31.0,51,46.0,,16.0,,12.0,16.0,49.0,23.0,24.0,35.0,18,36.0,36.0,35.0,32.0,14.0,,14.0,,27,13.0,18.0,13.0,15.0,9.0,56.0,,,16.0,39.0,55.0,28.0,17.0,26.0,,56.0,35.0,33.0,34.0,29.0,22.0,24.0,7.0,24.0,10.0,37.0,,56.0,43.0,,23.0,35.0,,,42.0,15.0,22.0,,32.0,10.0,,25.0,10.0,31.0,43.0,30.0,31.0,,35.0,30.0,9.0,48.0,24.0,26.0,31.0,12.0,6.0,32.0,,,25.0,14.0,11.0,13.0,,48.0,44.0,50.0,23.0,33.0,26.0,18.0,35.0,33.0,23.0,18.0,28.0,,22.0,31.0,34.0,31.0,26.0,,,53.0,,40.0,15.0,,22.0,6.0,,50.0,15.0,17.0,27.0,22.0,23.0,,10.0,24.0,44.0,42.0,12.0,25.0,21.0,,28,15.0,,19.0,20.0,,28.0,27.0,,12.0,34.0,14.0,40.0,20.0,25.0,,46.0,11.0,29.0,,35.0,15.0,15.0,9.0,50.0,34.0,38.0,55.0,12.0,28.0,,41.0,21.0,,35.0,15.0,55.0,,21.0,47.0,25.0,34.0,26.0,45.0,35.0,14.0,18.0,7.0,,,11.0,25.0,14.0,20.0,,,6.0,23.0,29.0,22.0,,,35.0,43.0,23.0,39.0,20.0,,35.0,16.0,8.0,19.0,24.0,,,14.0,23.0,40.0,10.0,27.0,16,38.0,34.0,15,38.0,41.0,33.0,35.0,46.0,26.0,38.0,,16.0,24.0,42.0,50.0,15.0,,7.0,,16.0,25.0,,28.0,,21.0,18.0,16.0,26.0,,27.0,45.0,22.0,31.0,13.0,,54.0,45.0,0.0,30.0,12.0,8.0,35.0,18.0,32.0,7.0,40.0,0.0,22.0,25.0,43.0,37.0,25.0,17.0,46.0,14.0,24.0,,32.0,11.0,29.0,21.0,43.0,14.0,16.0,56.0,14.0,47.0,,11.0,21.0,23.0,51.0,13.0,11.0,,14.0,54.0,56.0,20.0,,20.0,18.0,21.0,8.0,28.0,39.0,22.0,23.0,6.0,,52.0,22.0,14.0,32.0,21.0,52.0,10.0,22.0,,,40.0,29.0,,,,,35.0,53.0,12.0,27.0,21.0,19.0,,53.0,21.0,,18.0,42.0,10.0,,56.0,,24.0,38.0,17.0,25.0,,45.0,19.0,29.0,7.0,15.0,44.0,13.0,9.0,29.0,,13.0,34.0,12.0,,,43.0,7.0,11.0,44.0,8.0,,22.0,56.0,20.0,,41.0,21.0,19.0,35.0,,38.0,23.0,12.0,42.0,26.0,40.0,51.0,38.0,40.0,47.0,11.0,,,39.0,10.0,41.0,33.0,26.0,,6.0,14.0,34.0,10.0,7.0,32.0,,52.0,,45.0,32.0,45.0,14.0,30.0,49.0,,16.0,,36.0,42.0,22.0,,,41.0,44.0,,14.0,46.0,53.0,,24.0,25.0,45.0,23.0,15.0,43.0,18.0,13.0,31.0,6.0,24.0,43.0,27.0,32.0,41.0,39.0,18.0,,,8.0,25.0,15.0,34.0,55.0,26.0,17.0,25.0,24.0,17.0,22.0,13.0,12.0,7.0,28.0,28.0,51.0,,,34.0,44.0,20.0,,41.0,54.0,23.0,,33.0,23.0,31.0,23.0,14.0,,24.0,,36.0,24.0,14.0,17.0,22.0,18.0,35.0,41.0,53.0,,12.0,48.0,16.0,24.0,19.0,39.0,,22.0,49.0,27.0,,53.0,22.0,7.0,25.0,35.0,28.0,39.0,24.0,,19.0,49.0,30.0,,49.0,25.0,52.0,7.0,10.0,23.0,44.0,22.0,,39.0,10.0,0.0,26.0,23.0,,18.0,21.0,45.0,,,19.0,17.0,40.0,,0.0,,,16.0,32.0,31.0,29.0,18.0,46.0,15.0,40.0,31.0,27.0,25.0,,38.0,17.0,,,33.0,43.0,,38.0,24.0,14.0,31.0,,40.0,25.0,,11.0,18.0,52.0,10.0,18.0,,26.0,29.0,50.0,41.0,30.0,24.0,37.0,25.0,17.0,,13.0,,4.0,,32.0,37.0,32.0,16.0,,10.0,45.0,45.0,43.0,,43.0,26.0,35.0,43.0,12.0,45.0,29.0,28.0,34.0,13.0,,,,32.0,39.0,21.0,2.0,10.0,,34.0,,,,,11.0,20.0,8.0,52.0,42.0,,,15.0,28.0,16.0,26.0,24.0,34.0,,34.0,38.0,,24.0,22.0,41.0,33.0,48.0,38.0,37.0,,18.0,,44.0,37.0,45.0,,33.0,,24.0,43.0,22.0,20.0,,48.0,,47.0,49.0,44.0,,,28.0,39.0,19.0,8.0,46.0,,,40.0,19.0,,22.0,9.0,14.0,17.0,19.0,,55.0,0.0,38.0,,50.0,51.0,13.0,39.0,36.0,28.0,36.0,20.0,47.0,30.0,26.0,25.0,49.0,,,16.0,25.0,20.0,14.0,17.0,45.0,21.0,,19.0,43.0,,32.0,,15.0,32.0,,14.0,,19.0,,37.0,47.0,15.0,13.0,18.0,,17.0,32.0,41.0,,11.0,18.0,11.0,8.0,41.0,55.0,,32.0,,33.0,,,20.0,,51.0,,23.0,,19.0,32.0,43.0,42.0,13.0,19.0,24.0,26.0,29.0,32.0,15.0,37.0,,49.0,18.0,40.0,42.0,,28.0,55.0,,16.0,,23.0,22.0,16.0,19.0,53.0,,19.0,17.0,42.0,11.0,15.0,28.0,18.0,30.0,16.0,32.0,,25.0,,9.0,,,,0.0,27.0,17.0,24.0,50.0,29.0,,,,14.0,48.0,23.0,29.0,16.0,51.0,31.0,23.0,,27.0,27.0,47.0,36.0,21.0,39.0,46.0,44.0,23.0,43.0,18.0,29.0,22.0,24.0,20.0,,37.0,,48.0,35.0,26.0,,,27.0,53.0,23.0,28.0,46.0,27.0,45.0,21.0,34.0,0.0,31.0,23.0,10.0,47.0,7.0,25.0,24.0,,20.0,17.0,,,36.0,,6.0,43.0,14.0,18.0,,,33.0,12.0,,36.0,,44.0,15.0,16.0,46.0,27.0,42.0,,31.0,31.0,43.0,,40.0,39.0,17.0,,,25.0,26.0,31.0,45.0,,54.0,12.0,,8.0,40.0,27.0,28.0,47.0,55.0,25.0,4.0,21.0,12.0,9.0,38.0,15.0,19.0,43.0,42.0,26.0,47.0,20.0,25.0,47.0,12.0,27.0,,51.0,12.0,30.0,15.0,48.0,21.0,40.0,17.0,42.0,11.0,52.0,,,,14.0,21.0,28.0,31.0,,,45.0,0.0,,26.0,36.0,56.0,,,,51.0,22.0,15.0,,23.0,20.0,,37.0,,54.0,29.0,9.0,56.0,24.0,19.0,38.0,24.0,34.0,44.0,47.0,9.0,24.0,25.0,22.0,55.0,35.0,,,,31.0,,24.0,0.0,11.0,,,15.0,55.0,,12.0,,29.0,13.0,14.0,20.0,19.0,,7.0,29.0,26.0,,29.0,33.0,40.0,55.0,24.0,23.0,,51.0,41.0,47.0,49.0,,,4.0,,33.0,12.0,34.0,33.0,33.0,35.0,,34.0,33.0,27.0,28.0,16.0,44.0,,21.0,46.0,19.0,41.0,,41.0,22.0,,28.0,43.0,,34.0,3.0,,,15.0,,16.0,,31.0,15.0,43.0,36.0,48.0,,38.0,38.0,32.0,21.0,31.0,24.0,,30.0,36.0,,22.0,,12.0,,,42.0,18.0,,29.0,,,45.0,42.0,7.0,27.0,21.0,50.0,31.0,17.0,25.0,15.0,37.0,,52.0,8.0,,26.0,,,,42.0,4.0,50.0,,,50.0,8.0,38.0,51.0,,,18.0,43.0,,18.0,,,26.0,27.0,12.0,,26.0,19.0,,7.0,9.0,14.0,40.0,,,48.0,26.0,35.0,21.0,42.0,,7.0,14.0,30.0,,41.0,20.0,39.0,56.0,,25.0,48.0,19.0,24.0,16.0,51.0,24.0,34.0,19.0,,26.0,,33.0,38.0,,,49.0,,,36.0,13.0,33.0,34.0,15.0,1.0,25.0,,7.0,24.0,,,28.0,,28.0,,34.0,38.0,,37.0,48.0,32.0,10.0,29.0,,32.0,29.0,15.0,23.0,34.0,,27.0,,17.0,41.0,6.0,,22.0,35.0,,,14.0,,27.0,10.0,25.0,,21.0,16.0,11.0,25.0,37.0,13.0,53.0,24.0,,12.0,21.0,11.0,39.0,,,43.0,39.0,29.0,31.0,13.0,27.0,16.0,,3.0,17.0,32.0,38.0,15.0,27.0,28.0,52.0,39.0,28.0,,18.0,34.0,,19.0,37.0,38.0,47.0,21.0,34.0,,,,12.0,31.0,14.0,,8.0,,19.0,25.0,32.0,31.0,20.0,,,,,17.0,21.0,16.0,15.0,,32.0,,14.0,50.0,14.0,30.0,,,9.0,10.0,20.0,,9.0,24.0,,44.0,30.0,15.0,26.0,,43.0,15.0,53.0,32.0,,40.0,50.0,26.0,,,15.0,23.0,36.0,16.0,56.0,101,3,2.50624133148405,17.34932876321051,-0.3512755962032438
4,2,5,3,6,6,8,7,7,1,6,6,7,5,5,8,15,12,20,4,4,12,8,13,9,9,7,7,12,8,13,7,8,9,18,12,18,5,17,14,19,18.0,13,17,13,13,13,15,3,11,10,11,10,9,20,6,17,8,7,14,9,9,13,10,22.0,14,17,11,16,13,17,21,0,8,6,10,15,14,3,15,10,7,8,15,16,7,5,13,19,11,10,11,28,14,11,13,13,4,12,16,39,20,17,14,15,17,9,13,15,16,6,12.0,17,21,15.0,10,22,14,14,13,14,15,11,16,16,6,17,13.0,33,17,11,23,20.0,13,17,17.0,10,21,3,8,15,23,10,20,17.0,24.0,13,46.0,10,14,13,17,31.0,14,14,3,18,27.0,8,18,9,14,14,15,18,24.0,14,8,10,22,9,9.0,8,13,14,15,18,22.0,25,8.0,18,16,12,9,22,,13.0,11,16,41.0,45.0,16,21,9,17,45,1,9,25.0,12,23,20.0,13,18,24,3,24.0,10,19,13,0,,19,26,24,24,10,16,17,11.0,46.0,7,17,23,28.0,20,21,8,51.0,15,16.0,6.0,18,13,18.0,24,27,19,13.0,,15,7,19,17,24,6.0,21,17,11,15,14,37,34.0,14.0,13,16.0,21.0,26.0,9.0,22,15.0,13,29,8,24.0,39.0,4.0,24.0,25.0,11,38.0,14.0,11.0,18,28,23.0,9,19,6,11.0,12.0,47.0,28,,18,8,15.0,10.0,15,41.0,25.0,16,17,24.0,24,33.0,27.0,6.0,22,19,39.0,19,18,20,9,20,40,14,37,30,21,20,18,0.0,57.0,25,15,9,,33.0,19,22,9,,34,,25,16,19,21,5,26.0,10,22.0,16,13,42.0,22,15,15,39.0,12.0,11,8.0,21.0,14.0,22.0,25.0,9,,25,13,19,38.0,19,,16.0,12,,35.0,40.0,33,12.0,14,23,13,12,19,11,21,23.0,18,23.0,16,10,25,33.0,15,7.0,7,13.0,2,27.0,27,29,19.0,0,22.0,30,10.0,22.0,26,42,23.0,21.0,24.0,12.0,35.0,16,10.0,27.0,18,19.0,10,21,46.0,,10,23.0,52,31.0,52.0,18,24,17,25.0,16,19.0,,33,7.0,17,10.0,9,3,12,7.0,35.0,14,54,33,22.0,23.0,18,28,53.0,19,22.0,2.0,27.0,11.0,,32.0,11.0,,59.0,35.0,18,28,14.0,41.0,59.0,19.0,17.0,24.0,17.0,33.0,15,15,33.0,25.0,7,,33.0,0.0,19.0,24.0,39.0,14,26,,37.0,34.0,26.0,14,,15.0,23.0,41,19,19,,50.0,31.0,40.0,18,23,16.0,31.0,18,40.0,41.0,20,9.0,24.0,17.0,10,17.0,8,35.0,20.0,17.0,20,,19,25.0,20,20,33.0,28.0,5.0,21.0,5,15,19,21.0,40,27.0,4,17,23.0,17,23,16.0,0.0,24,10,24.0,35.0,32.0,12.0,44.0,31.0,21,12.0,15,15,24.0,23.0,26.0,20.0,53.0,33.0,18,7,6.0,58.0,42.0,17.0,23.0,9.0,17,14.0,12,26.0,,44.0,9.0,6,31.0,15,14.0,43.0,19.0,24,25.0,39.0,30.0,23,22,32.0,19.0,13.0,,55.0,30.0,,10.0,12.0,29.0,26.0,20.0,16,22,31.0,13.0,30.0,12,29,17,24,17.0,,14,11,22.0,52.0,12,30.0,,34.0,23,8.0,,,13,37.0,,9.0,,9.0,28.0,37,25.0,11,23.0,13,19,19,27.0,25.0,25.0,15.0,,5.0,,25.0,11.0,7.0,13.0,23,36.0,17.0,43,47.0,18.0,22.0,16.0,15,19.0,,48.0,19,18,23.0,24,21.0,10.0,22.0,6.0,18,38.0,18,18,26.0,30,24.0,15,22.0,57.0,22.0,53,19,7.0,12.0,25,,16,53.0,10,24.0,14.0,11.0,18.0,11.0,24.0,30,35.0,22.0,34.0,23.0,,,12.0,22,17,32.0,22,42,9,43.0,31.0,44.0,55.0,14.0,22.0,29,22.0,51.0,17.0,13,31.0,,19.0,15.0,28.0,28,41.0,39.0,21.0,25.0,17.0,10.0,20.0,19,26.0,43.0,51.0,13.0,14.0,23.0,45.0,38,23.0,26.0,36.0,22.0,22,32,33.0,11.0,19,30.0,23.0,6.0,24,27.0,38.0,14.0,57.0,22,,28.0,8.0,8.0,27.0,17.0,49.0,,25.0,26,19,26.0,20.0,23.0,11.0,14.0,5.0,21.0,27.0,,42.0,28,37,42.0,17,24.0,0.0,35.0,26.0,10,24,41.0,18.0,19.0,13.0,,56.0,36.0,48.0,3.0,36,32.0,,12.0,22.0,32.0,2.0,34,22.0,37.0,48.0,23,47.0,14.0,41.0,23.0,27.0,25.0,34,41.0,38,33.0,24.0,19.0,19.0,,38.0,17.0,18.0,27.0,23.0,,19.0,24.0,30.0,,37.0,45.0,18.0,30.0,,55.0,54,31.0,28.0,27,28.0,34.0,4,37.0,29.0,39.0,27,8,23,,19.0,54.0,26.0,8.0,41.0,0.0,15.0,28.0,22,1.0,21,,13,34,27.0,18,42.0,22.0,9.0,25.0,27,18.0,17.0,34.0,14.0,50.0,,20,38.0,16,40.0,22.0,21.0,43,24.0,17,23,23.0,18.0,59.0,19,47.0,19.0,18,53.0,25.0,23.0,11.0,,14.0,0.0,27.0,32,17.0,22.0,22.0,32.0,24.0,56.0,23.0,11.0,18,46.0,7,27.0,11.0,45.0,50.0,7,12,12.0,14.0,15.0,30.0,49.0,10.0,21.0,32.0,39.0,22,26.0,37.0,42,19,44.0,8.0,11,40.0,35.0,20,20.0,26,18,27,36.0,48.0,31.0,13.0,13.0,16.0,,20.0,33.0,40.0,23.0,36.0,5.0,8.0,43.0,,31.0,18.0,22.0,31.0,51.0,16.0,,30.0,40.0,54.0,12.0,56.0,7.0,41.0,28.0,31.0,24.0,34.0,17.0,18.0,19.0,,39.0,22.0,,11.0,23.0,24.0,43.0,,8.0,12.0,26,14.0,38.0,24.0,39,17.0,18.0,,17.0,47.0,25.0,37.0,9.0,15.0,58.0,9.0,35.0,39.0,39.0,24.0,,30.0,31.0,51.0,13.0,49.0,,,10.0,22.0,31.0,26.0,52.0,24,27.0,55.0,37.0,14,38.0,23.0,34.0,47.0,13.0,33.0,43.0,21.0,56.0,8,27.0,32.0,19.0,32.0,41.0,,22,16,34.0,23.0,,21.0,6.0,10.0,27,27,,40.0,41.0,8.0,57.0,24.0,37.0,24.0,,26.0,41.0,18.0,24.0,24.0,8.0,23.0,21,19.0,7.0,25.0,28.0,47.0,11,17.0,44,35.0,25,25.0,55.0,21.0,20.0,,29.0,37.0,55.0,24.0,20.0,,33.0,21,17.0,,41.0,22.0,37.0,43,,54.0,28.0,42.0,19.0,,23.0,52.0,21.0,21,18,34.0,15.0,28.0,36.0,33.0,13.0,16.0,24.0,26,21.0,26.0,31.0,24.0,17.0,28.0,38.0,14.0,11,11.0,25.0,38.0,19,16,,,14.0,19.0,,21.0,46.0,32.0,,12.0,23.0,20.0,12.0,25.0,19.0,9,56.0,27.0,,36.0,52.0,22,35.0,28.0,12,46.0,18.0,39.0,40.0,,13.0,34.0,28.0,24.0,6.0,,13,37.0,51.0,12.0,44.0,18,36.0,39.0,32.0,10.0,21.0,,37.0,26.0,20.0,20.0,33.0,18.0,16.0,9,20,24.0,19.0,25.0,26.0,34.0,17,36,30.0,11.0,31.0,23.0,9.0,23.0,56.0,22.0,41.0,38.0,25.0,,42.0,18.0,,31,27,20.0,26.0,15.0,32.0,16.0,29,21.0,38.0,,41.0,,23.0,15.0,42.0,,,,57.0,41.0,28.0,37.0,33,30.0,22.0,26,33.0,58.0,57.0,,,41.0,37.0,29.0,8.0,,23.0,22.0,8.0,44.0,13.0,19.0,38.0,22.0,28.0,32.0,3.0,,53.0,20.0,20.0,,18.0,15.0,15.0,29.0,18.0,21.0,,21.0,36.0,30.0,15.0,44.0,,14.0,29.0,13.0,,35.0,,32.0,,59.0,26.0,20.0,12.0,23.0,41.0,42.0,33.0,22.0,15.0,25.0,25.0,20.0,21.0,25,,11.0,,,,9.0,11.0,24.0,11.0,38.0,45.0,22.0,,6.0,36.0,8.0,27.0,24.0,22.0,14.0,,22.0,39.0,23.0,13.0,27.0,45.0,5.0,31.0,41.0,37.0,20.0,26.0,14.0,,25.0,25.0,,20.0,,20.0,49.0,,25.0,,24.0,32,24.0,12.0,10.0,17.0,36.0,41.0,35.0,21.0,,26,36.0,16.0,,11.0,28.0,38.0,20.0,39.0,5.0,25.0,24.0,44.0,19.0,59.0,19.0,56.0,22,15.0,16.0,52.0,39.0,41.0,57.0,42.0,34.0,9.0,19.0,19.0,27.0,16.0,31.0,41.0,14.0,25.0,26.0,20.0,27.0,37.0,,37.0,16.0,9,14,21.0,26.0,37.0,,,17.0,13.0,19.0,11.0,46.0,35.0,18.0,,53.0,26.0,9.0,,35.0,24.0,19.0,20.0,23.0,32.0,13.0,15.0,28.0,,24.0,12.0,14.0,50.0,35.0,45.0,36.0,,15.0,27.0,50.0,,41.0,,14.0,43.0,32.0,43.0,58.0,23.0,21.0,27,18.0,17.0,21.0,9.0,23,15.0,,,21.0,36.0,37.0,22.0,40.0,15,56.0,24.0,45.0,24.0,,10.0,32.0,44,39.0,11.0,40.0,36.0,4,,27.0,56.0,26.0,22.0,28.0,24.0,51.0,7.0,,30.0,36.0,23.0,30.0,12.0,0.0,52.0,26.0,28.0,41.0,51.0,20.0,37.0,,27,34.0,43.0,49.0,33.0,47.0,,51.0,44.0,45.0,45.0,,45.0,4.0,10,54.0,17.0,40.0,,32.0,,43.0,,57.0,45.0,28.0,22.0,13.0,,48.0,,38.0,56.0,46.0,35.0,26.0,15.0,34.0,41.0,23.0,21.0,18.0,32.0,45.0,22.0,24.0,,22.0,,35.0,58.0,13.0,45.0,29.0,37.0,19.0,46.0,,21.0,28.0,8.0,35.0,49.0,,30.0,,51.0,20.0,40.0,,,14.0,24.0,16.0,55.0,3.0,33.0,28.0,39.0,13.0,41.0,9.0,33.0,7.0,24,48.0,59.0,16.0,33.0,33.0,0.0,25.0,41.0,,43.0,42.0,43.0,33.0,18.0,20.0,17.0,39.0,21.0,27.0,9.0,,,22.0,17.0,24.0,16.0,22.0,34.0,15.0,15.0,39.0,23.0,13.0,23.0,5.0,,11.0,,12.0,44.0,,25.0,43.0,19.0,27.0,23.0,45.0,15.0,34.0,35.0,26.0,51.0,42.0,26.0,15.0,25.0,20.0,40.0,50.0,49.0,8.0,33.0,24.0,,,30.0,20.0,7.0,31.0,40.0,0.0,,11.0,10.0,11.0,44.0,11.0,13.0,30.0,10.0,19.0,44.0,15.0,,20.0,24.0,29.0,42.0,,24.0,41.0,40.0,17.0,50.0,41.0,28.0,48.0,28.0,50.0,4.0,,,,10.0,24.0,24.0,20.0,16.0,26.0,19.0,29.0,58.0,40.0,13.0,30.0,20.0,27.0,22.0,21.0,28.0,4.0,52.0,20.0,21.0,20.0,59.0,26.0,52.0,10,25.0,40.0,17.0,9.0,45.0,57.0,21.0,38.0,26.0,27.0,31,30.0,,30.0,41.0,19.0,30.0,14.0,42.0,24,53.0,0.0,15.0,12.0,23.0,49.0,23.0,22.0,16.0,9.0,,17.0,16.0,56.0,,59.0,43.0,17.0,31.0,,,19.0,47.0,,,13.0,,25.0,30.0,46.0,3.0,36.0,53.0,42.0,,22.0,40.0,,25.0,,16.0,27.0,30.0,16.0,,41.0,20.0,,16.0,22.0,11.0,12.0,40.0,59.0,12.0,40.0,,,,50.0,33.0,13.0,,50.0,0.0,52.0,52.0,26.0,33.0,35.0,33.0,57.0,,19.0,58.0,18.0,7.0,22.0,47.0,0.0,29.0,50.0,55.0,46.0,12.0,23.0,27.0,33.0,,31.0,29.0,,,,25.0,18.0,35.0,12.0,10.0,58.0,31.0,6.0,51.0,,53.0,31.0,,,22,,16.0,17.0,55.0,17.0,26.0,24.0,,21.0,,14.0,0.0,23.0,17.0,8.0,9.0,,41.0,40.0,39.0,44.0,47.0,23.0,26.0,58.0,9.0,26.0,52.0,29.0,,10.0,14.0,0.0,22.0,,,41.0,57.0,55.0,34.0,41.0,38.0,3.0,51.0,26.0,,12.0,,31.0,24.0,37.0,17.0,25.0,30.0,44.0,56.0,54.0,46.0,24.0,46.0,,19.0,56.0,56.0,,22.0,,23.0,45.0,22.0,33.0,,17.0,25.0,,,35.0,52.0,33.0,57,38.0,31.0,7,11.0,25.0,23.0,51.0,42.0,7.0,,,38.0,9.0,52.0,51.0,42.0,33.0,31.0,26.0,52.0,59.0,,28.0,,35.0,29.0,,51.0,50.0,35.0,27.0,26.0,20.0,0.0,59.0,7.0,26.0,7.0,37.0,12.0,,20.0,22.0,34.0,8.0,41.0,29.0,9.0,37.0,9.0,22.0,26.0,21.0,,,28.0,22.0,,22.0,45.0,,24.0,6.0,25.0,,41.0,29.0,18.0,22.0,30.0,,21.0,18.0,13.0,37.0,26.0,46.0,39.0,40.0,49.0,,46.0,21.0,19.0,6.0,34.0,,18.0,17.0,53.0,33.0,28.0,,52.0,28.0,26.0,22.0,,43.0,45.0,29.0,52.0,13.0,59.0,22.0,27.0,47.0,16.0,17.0,16.0,7.0,56.0,,59.0,9.0,24.0,16.0,,,51.0,46.0,,50.0,46.0,32.0,9.0,34.0,19.0,33.0,10.0,17.0,56.0,27.0,25.0,27.0,19.0,,32.0,41.0,,,17.0,16.0,,30.0,36.0,,33.0,25.0,18.0,,43.0,20.0,,27.0,44.0,31.0,53.0,26.0,46.0,,,41.0,,,,22.0,36.0,,35.0,41.0,9.0,59.0,,37.0,32.0,12.0,45.0,42.0,10.0,55.0,47.0,25.0,,58.0,24.0,,40.0,23.0,22.0,,38.0,22.0,14.0,30.0,35.0,0.0,,,43.0,44.0,7.0,9.0,33.0,23.0,,48.0,25.0,19.0,33.0,,,41.0,42.0,36.0,4.0,24.0,12.0,53.0,43.0,23.0,23.0,21.0,27.0,,28.0,15.0,19.0,59.0,18.0,30.0,25.0,,32.0,16.0,35.0,53.0,4.0,35.0,19.0,10.0,37.0,24.0,58.0,43.0,30.0,,9.0,25.0,,55.0,27.0,22.0,,37.0,24.0,19.0,54.0,29.0,,51.0,,,,34.0,40.0,17.0,46.0,23.0,15.0,5.0,19.0,39.0,59.0,,,29.0,29.0,32.0,26.0,21.0,43.0,19.0,32.0,55.0,27.0,21.0,33.0,0.0,39.0,59.0,27.0,,18.0,23.0,23.0,55.0,16.0,47.0,37.0,,57.0,,47.0,6.0,39.0,31.0,,18.0,18.0,41.0,,37.0,,,21.0,25.0,16.0,10.0,36.0,41.0,35.0,35.0,14.0,32.0,40.0,20.0,4.0,,28.0,,21.0,43.0,,32.0,17.0,55.0,40.0,48.0,11.0,33.0,57.0,,37.0,22.0,,57.0,33.0,,,21.0,,31.0,,57.0,18.0,27.0,,29.0,20.0,16.0,,38.0,47.0,,,19.0,,17.0,,21.0,38.0,,46.0,30.0,,51.0,0.0,57.0,51.0,,6.0,12.0,,18.0,10.0,34.0,,,47.0,43.0,13.0,43.0,33.0,18.0,,53.0,,,19.0,19.0,,18.0,34.0,,31.0,19.0,27.0,,13.0,51.0,33.0,,16.0,47.0,28.0,32.0,50.0,30.0,,53.0,54.0,25.0,,52.0,,,11.0,47.0,36.0,32.0,,35.0,24.0,46.0,22.0,26.0,32.0,28.0,59.0,27.0,37.0,24.0,,29.0,,38.0,56.0,0.0,55.0,26.0,,29.0,,23.0,,,31.0,40.0,16.0,19.0,55.0,34.0,49.0,22.0,20.0,,15.0,23.0,15.0,,14.0,45.0,54.0,49.0,,58.0,13.0,36.0,41.0,40.0,34.0,22.0,29.0,42.0,53.0,6.0,9.0,35.0,37.0,41.0,,56.0,30.0,,21.0,,29.0,,,,32.0,27.0,,,17.0,33.0,26.0,8.0,30.0,14.0,50.0,47.0,36.0,,41.0,55.0,,,0.0,23.0,43.0,,52.0,,30.0,38.0,45.0,9.0,,16.0,17.0,21.0,32.0,40.0,21.0,,,16.0,55.0,34.0,48.0,20.0,,29.0,50.0,18.0,37.0,27.0,32.0,31.0,,20.0,,18.0,26.0,,33.0,16.0,54.0,32.0,29.0,20.0,29.0,,53.0,37.0,12.0,23.0,45.0,36.0,35.0,34.0,31.0,30.0,41.0,42.0,20.0,49.0,27.0,37.0,52.0,,33.0,,53.0,57.0,,,34.0,13.0,,17.0,43.0,24.0,26.0,44.0,44.0,20.0,,29.0,40.0,31.0,,,14.0,38.0,32.0,42.0,0.0,51.0,33.0,31.0,,23.0,46.0,,47.0,16.0,,26.0,31.0,,18.0,,,,,,58.0,,24.0,,26.0,16.0,18.0,30.0,5.0,54.0,21.0,59.0,38.0,52.0,15.0,11.0,15.0,,42.0,41.0,13.0,46.0,8.0,57.0,30.0,11.0,14.0,23.0,,,,16.0,26.0,,16.0,16.0,38.0,16.0,33.0,56.0,26.0,28.0,19.0,41.0,58.0,,17.0,24.0,35.0,,32.0,26.0,32.0,26.0,29.0,39.0,30.0,23.0,,,18.0,35.0,36.0,28.0,,42.0,,9.0,17.0,51.0,16.0,56.0,30.0,37.0,17.0,27.0,25.0,19.0,,32.0,,11.0,24.0,25.0,25.0,20.0,22.0,,,11.0,33.0,54.0,40.0,9.0,53.0,13.0,,25.0,38.0,13.0,53.0,21.0,9.0,,,47.0,21.0,33.0,38.0,,34.0,16.0,,40.0,,35.0,11.0,,,8.0,47.0,40.0,46.0,59.0,36.0,43.0,31.0,38.0,13.0,29.0,49.0,41.0,,51.0,,59.0,37.0,26.0,26.0,36.0,,53.0,,,,,,27.0,15.0,57.0,29.0,,48.0,17.0,24.0,24.0,0.0,47.0,,18.0,39.0,17.0,50.0,,19.0,41.0,27.0,45.0,,59.0,59.0,,,20.0,20.0,,,,30.0,39.0,,,13.0,,41.0,27.0,31.0,20.0,49.0,20.0,21.0,14.0,28.0,49.0,12.0,,54.0,,21.0,57.0,58.0,40.0,36.0,39.0,19.0,18.0,26.0,,,,10.0,36.0,30.0,55.0,,28.0,17.0,47.0,59.0,46.0,22.0,13.0,24.0,29.0,23.0,,14.0,,1.0,,14.0,39.0,26.0,11.0,51.0,31.0,,18.0,47.0,34.0,51.0,14.0,,27.0,,50.0,,30.0,25.0,12.0,,26.0,37.0,23.0,31.0,34.0,20.0,26.0,31.0,,,23.0,,36.0,25.0,34.0,25.0,38.0,57.0,31.0,18.0,23.0,,,0.0,26.0,10.0,7.0,,18.0,31.0,44.0,24.0,,41.0,46.0,14.0,18.0,58.0,19.0,24.0,42.0,,31.0,,,23.0,10.0,52.0,40.0,20.0,,8.0,49.0,30.0,34.0,56.0,,57.0,58.0,18.0,,42.0,,,24.0,41.0,59.0,14.0,,45.0,,15.0,40.0,23.0,0.0,,24.0,,21.0,38.0,44.0,49.0,,33.0,,,23.0,1.0,41.0,27.0,,,,13.0,31.0,,,17.0,,32.0,48.0,11.0,27.0,27.0,,,42.0,,38.0,49.0,,51.0,,24.0,,54.0,59.0,,13.0,56.0,52.0,20.0,33.0,36.0,,43.0,46.0,25.0,25.0,27.0,51.0,21.0,,23.0,33.0,22.0,,31.0,26.0,23.0,22.0,59.0,32.0,58.0,57.0,,58.0,,0.0,57.0,,,20.0,,,0.0,49.0,17.0,,44.0,20.0,18.0,32.0,30.0,41.0,43.0,48.0,25.0,45.0,15.0,53.0,12.0,37.0,,53.0,,34.0,26.0,44.0,6.0,,54.0,40.0,40.0,33.0,39.0,28.0,14.0,,50.0,44.0,42.0,45.0,,34.0,59.0,,0.0,,45.0,29.0,,47.0,30.0,,26.0,102,3,2.5125,18.183118741058657,-0.34339985893143204
4,3,5,6,5,4,5,7,1,6,9,10,9,6,8,10,12,7,17,32,8,11,8,9,10,13,9,10,11,10,9,9,9,10,10,8,27,14,10,13,6,6.0,12,22,7,15,10,11,10,14,11,10,9,7,30,4,11,16,10,14,11,14,23,8,,13,25,10,26,16,23,19,16,10,15,11,12,14,17,10,16,11,11,17,15,10,3,15,26,11,16,15,35,15,9,13,10,19,8,22,13,10,19,10,14,19,8,21,17,18,17,44.0,22,16,31.0,13,20,20,21,17,13,22,13,14,12,18,12,10.0,12,9,11,15,51.0,15,23,34.0,16,21,20,14,12,14,28,15,56.0,59.0,12,28.0,16,15,16,18,20.0,11,26,15,22,33.0,9,23,17,18,19,20,18,14.0,18,22,6,18,11,20.0,11,33,9,23,19,8.0,9,38.0,21,16,14,18,27,38.0,19.0,12,15,45.0,20.0,20,11,15,17,14,10,10,12.0,20,14,34.0,16,13,32,9,10.0,9,17,6,15,16.0,17,15,0,10,16,24,13,59.0,7.0,22,17,15,14.0,10,31,8,44.0,12,37.0,9.0,17,19,42.0,8,22,16,19.0,19.0,14,20,16,21,23,0.0,16,18,20,13,21,17,47.0,33.0,15,14.0,40.0,34.0,20.0,20,13.0,20,34,20,40.0,33.0,11.0,,31.0,16,36.0,32.0,14.0,6,16,41.0,20,16,10,29.0,14.0,,22,41.0,18,21,27.0,8.0,10,0.0,27.0,16,24,34.0,4,40.0,19.0,24.0,21,22,23.0,15,19,23,14,16,21,21,49,12,24,19,12,7.0,21.0,22,10,17,17.0,16.0,29,30,18,22.0,21,28.0,15,18,27,6,22,31.0,19,30.0,18,20,18.0,12,15,21,29.0,38.0,15,35.0,43.0,31.0,51.0,18.0,25,21.0,13,19,8,14.0,18,39.0,28.0,18,,46.0,33.0,26,26.0,13,33,25,14,12,26,19,19.0,16,45.0,19,11,18,48.0,14,12.0,23,29.0,0,54.0,22,17,9.0,24,19.0,10,6.0,15.0,25,20,4.0,26.0,45.0,0.0,,24,8.0,29.0,23,,14,26,32.0,52.0,34,20.0,5,24.0,39.0,20,14,19,9.0,26,35.0,22.0,33,25.0,6,28.0,8,2,9,18.0,24.0,21,0,22,53.0,21.0,32,17,15.0,33,19.0,7.0,28.0,56.0,,18.0,14.0,7.0,54.0,46.0,18,13,27.0,10.0,6.0,19.0,46.0,37.0,16.0,37.0,17,22,24.0,12.0,16,38.0,12.0,32.0,37.0,22.0,45.0,16,37,,45.0,,26.0,24,20.0,15.0,27.0,11,19,15,50.0,41.0,13.0,39.0,26,24,23.0,41.0,12,28.0,44.0,7,50.0,28.0,34.0,31,31.0,8,48.0,33.0,38.0,16,26.0,22,31.0,21,27,,,,18.0,22,28,17,14.0,10,30.0,16,22,26.0,19,26,12.0,24.0,17,16,25.0,,50.0,30.0,13.0,24.0,14,13.0,14,19,23.0,23.0,38.0,22.0,,26.0,17,22,14.0,49.0,,25.0,44.0,44.0,17,12.0,42,45.0,,45.0,48.0,15,13.0,16,46.0,16.0,22.0,25,36.0,34.0,20.0,23,15,24.0,33.0,0.0,39.0,13.0,12.0,,11.0,26.0,8.0,16.0,28.0,27,6,17.0,24.0,,20,6,10,18,36.0,21.0,17,6,26.0,24.0,15,22.0,41.0,26.0,14,,,59.0,9,48.0,19.0,55.0,36.0,19.0,15.0,19,22.0,15,19.0,14,38,11,17.0,34.0,37.0,,44.0,29.0,8.0,47.0,23.0,32.0,13.0,21,13.0,46.0,24,,29.0,8.0,,21,13.0,42.0,18.0,23,25,30.0,21,24.0,22.0,0.0,25.0,4,35.0,26,12,38.0,18,34.0,5,20.0,26.0,27.0,4,12,,40.0,25,7.0,29,25.0,19,,44.0,33.0,58.0,34.0,44.0,28,18.0,49.0,,41.0,19.0,32.0,25.0,19,27,21.0,7,41,8,39.0,30.0,22.0,7.0,10.0,21.0,21,21.0,18.0,35.0,11,34.0,30.0,13.0,,32.0,18,,14.0,15.0,,23.0,17.0,33.0,35,45.0,31.0,,28.0,20.0,29.0,44.0,16,34.0,35.0,48.0,,22,16,,28.0,0,35.0,14.0,23.0,43,13.0,18.0,34.0,,19,39.0,55.0,23.0,38.0,32.0,20.0,,19.0,15.0,20,29,29.0,30.0,,17.0,21.0,14.0,49.0,28.0,48.0,46.0,18,26,7.0,29,,25.0,57.0,15.0,13,3,43.0,14.0,23.0,18.0,14.0,18.0,,13.0,46.0,26,36.0,,16.0,22.0,37.0,16.0,20,7.0,15.0,23.0,17,36.0,,33.0,23.0,29.0,22.0,26,44.0,16,,13.0,45.0,34.0,20.0,26.0,11.0,29.0,14.0,33.0,,34.0,19.0,54.0,29.0,37.0,55.0,34.0,12.0,19.0,36.0,18,2.0,33.0,16,37.0,56.0,13,,48.0,,27,13,20,16.0,24.0,12.0,29.0,,15.0,21.0,,30.0,25,15.0,17,12.0,23,32,18.0,30,23.0,10.0,23.0,25.0,39,14.0,11.0,10.0,14.0,17.0,43.0,20,34.0,18,7.0,,,13,24.0,12,27,14.0,6.0,24.0,17,19.0,33.0,21,8.0,19.0,39.0,32.0,24.0,23.0,28.0,20.0,13,29.0,35.0,19.0,25.0,36.0,29.0,39.0,18.0,19,13.0,10,45.0,19.0,44.0,20.0,48,19,17.0,17.0,14.0,7.0,36.0,23.0,17.0,9.0,,36,32.0,23.0,25,30,18.0,,14,17.0,33.0,0,21.0,23,10,23,38.0,49.0,,24.0,27.0,39.0,33.0,34.0,32.0,40.0,34.0,2.0,16.0,14.0,18.0,19.0,25.0,23.0,31.0,35.0,50.0,21.0,,28.0,36.0,33.0,43.0,23.0,26.0,11.0,11.0,22.0,20.0,44.0,29.0,,,47.0,24.0,20.0,5.0,41.0,37.0,19.0,24.0,,15.0,53.0,18,10.0,46.0,45.0,13,19.0,9.0,2.0,15.0,36.0,,50.0,31.0,24.0,46.0,39.0,17.0,50.0,29.0,12.0,34.0,24.0,40.0,26.0,58.0,50.0,,53.0,22.0,29.0,53.0,29.0,21.0,14,29.0,7.0,,10,34.0,43.0,31.0,18.0,29.0,29.0,31.0,26.0,21.0,26,40.0,31.0,39.0,25.0,40.0,15.0,16,0,52.0,46.0,21.0,43.0,38.0,19.0,21,9,18.0,42.0,18.0,22.0,20.0,25.0,45.0,11.0,35.0,41.0,25.0,22.0,18.0,32.0,52.0,9.0,25,14.0,37.0,44.0,20.0,7.0,19,15.0,24,25.0,28,26.0,36.0,34.0,28.0,11.0,26.0,23.0,19.0,19.0,35.0,22.0,26.0,11,20.0,13.0,14.0,22.0,23.0,29,29.0,19.0,32.0,2.0,52.0,18.0,23.0,24.0,35.0,25,29,,21.0,25.0,14.0,21.0,15.0,35.0,32.0,27,10.0,36.0,20.0,34.0,56.0,30.0,9.0,27.0,19,25.0,11.0,22.0,25,17,13.0,33.0,37.0,28.0,18.0,23.0,44.0,10.0,26.0,,44.0,33.0,28.0,41.0,42.0,0,47.0,,25.0,23.0,,23,50.0,38.0,22,30.0,26.0,6.0,,29.0,21.0,33.0,53.0,12.0,,16.0,32,24.0,21.0,17.0,14.0,18,21.0,33.0,29.0,25.0,23.0,21.0,21.0,24.0,,34.0,37.0,54.0,51.0,23,10,24.0,18.0,34.0,17.0,,30,24,23.0,18.0,0.0,27.0,34.0,,27.0,27.0,25.0,22.0,49.0,26.0,35.0,,,17,9,13.0,15.0,29.0,17.0,55.0,19,27.0,18.0,25.0,23.0,18.0,19.0,21.0,58.0,15.0,,30.0,32.0,48.0,15.0,28.0,1,13.0,32.0,26,,,32.0,14.0,42.0,41.0,41.0,39.0,8.0,40.0,26.0,26.0,15.0,23.0,55.0,19.0,25.0,23.0,26.0,47.0,4.0,,,46.0,35.0,,56.0,33.0,27.0,,10.0,32.0,,40.0,18.0,32.0,17.0,,51.0,6.0,28.0,27.0,54.0,25.0,,45.0,51.0,26.0,46.0,20.0,20.0,37.0,51.0,43.0,46.0,38.0,31.0,22.0,31.0,40.0,,27,39.0,18.0,37.0,33.0,31.0,,17.0,,23.0,52.0,,39.0,,15.0,38.0,16.0,36.0,23.0,48.0,26.0,40.0,14.0,38.0,14.0,9.0,29.0,30.0,17.0,33.0,21.0,39.0,13.0,23.0,53.0,28.0,26.0,27.0,,17.0,42.0,31.0,,,39.0,13.0,15.0,5,22.0,38.0,37.0,2.0,44.0,31.0,15.0,25.0,13.0,28,36.0,49.0,,,25.0,,28.0,27.0,20.0,39.0,53.0,0.0,46.0,30.0,31.0,10.0,25,54.0,14.0,41.0,21.0,17.0,47.0,20.0,38.0,55.0,,30.0,21.0,20.0,49.0,38.0,29.0,26.0,29.0,51.0,28.0,,24.0,36.0,14.0,8,24,20.0,27.0,35.0,30.0,,24.0,20.0,21.0,48.0,26.0,0.0,29.0,24.0,44.0,32.0,27.0,0.0,36.0,59.0,18.0,50.0,30.0,54.0,9.0,55.0,21.0,25.0,32.0,44.0,24.0,52.0,33.0,19.0,,24.0,30.0,19.0,18.0,29.0,16.0,13.0,24.0,51.0,31.0,23.0,,,16.0,13,21.0,26.0,27.0,,38,,,42.0,28.0,39.0,,7.0,35.0,28,8.0,22.0,27.0,,50.0,2.0,,30,36.0,18.0,26.0,59.0,19,17.0,20.0,18.0,,37.0,11.0,32.0,29.0,20.0,,10.0,,19.0,40.0,55.0,8.0,18.0,43.0,27.0,,,38.0,18.0,,15,58.0,,11.0,,22.0,44.0,,41.0,33.0,,,3.0,19.0,18,24.0,16.0,15.0,41.0,54.0,27.0,16.0,,,17.0,28.0,31.0,20.0,17.0,58.0,47.0,19.0,21.0,11.0,33.0,55.0,36.0,,37.0,29.0,,31.0,34.0,,50.0,26.0,12.0,25.0,21.0,15.0,50.0,,14.0,17.0,19.0,38.0,,10.0,18.0,41.0,8.0,27.0,,37.0,27.0,,29.0,22.0,,21.0,,44.0,20.0,,33.0,38.0,32.0,33.0,53.0,43.0,21.0,34.0,35.0,25.0,15,,,13.0,16.0,45.0,,21.0,42.0,29.0,44.0,52.0,58.0,36.0,52.0,,49.0,30.0,26.0,59.0,18.0,58.0,35.0,49.0,27.0,28.0,,14.0,16.0,,42.0,32.0,29.0,,29.0,18.0,29.0,26.0,44.0,,3.0,11.0,35.0,16.0,,32.0,33.0,47.0,,23.0,12.0,21.0,54.0,17.0,38.0,23.0,28.0,54.0,16.0,27.0,22.0,47.0,39.0,17.0,45.0,32.0,30.0,5.0,7.0,26.0,45.0,15.0,40.0,18.0,21.0,52.0,18.0,43.0,,13.0,,,33.0,,28.0,9.0,15.0,35.0,32.0,32.0,,,42.0,34.0,,33.0,45.0,39.0,26.0,,40.0,29.0,58.0,,,,21.0,28.0,20.0,23.0,32.0,39.0,17.0,27.0,19.0,15.0,29.0,50.0,54.0,18.0,20.0,,19.0,,30.0,,34.0,46.0,18.0,20,39.0,22.0,,14.0,55.0,11.0,16.0,,23.0,41.0,24,6.0,26.0,8.0,55.0,48.0,25.0,49.0,43.0,34,31.0,46.0,28.0,5.0,44.0,,33.0,33.0,14.0,,55.0,26.0,13.0,12.0,56.0,49.0,33.0,16.0,14.0,11.0,21.0,17.0,34.0,,,21.0,16.0,57.0,51.0,24.0,31.0,40.0,58.0,32.0,12.0,15.0,17.0,38.0,,45.0,17.0,53.0,48.0,33.0,34.0,34.0,58.0,12.0,10.0,26.0,11.0,28.0,,,12.0,7.0,44.0,39.0,,54.0,30.0,23.0,25.0,19.0,20.0,51.0,19.0,18.0,40.0,22.0,43.0,16.0,56.0,55.0,12.0,12.0,32.0,32.0,43.0,,,15.0,33.0,,,15.0,13.0,39.0,21.0,55.0,27.0,,,42.0,23.0,38.0,30.0,4.0,18.0,13.0,10.0,29.0,12.0,,37.0,41.0,0.0,25.0,23,,,20.0,33.0,17.0,,,29.0,21.0,36.0,12.0,42.0,19.0,34.0,26.0,11.0,21.0,32.0,24.0,46.0,19.0,15.0,21.0,,38.0,31.0,,,20.0,46.0,24.0,,28.0,23.0,28.0,,47.0,12.0,30.0,51.0,29.0,10.0,25.0,26.0,,32.0,20.0,40.0,54.0,32.0,45.0,33.0,47.0,29.0,,17.0,54.0,52.0,37.0,48.0,43.0,37.0,20.0,36.0,,,39.0,25.0,21.0,52.0,30.0,,34.0,,46.0,,18.0,25.0,14.0,10,,0.0,23,44.0,30.0,18.0,17.0,33.0,44.0,22.0,17.0,11.0,30.0,,22.0,30.0,45.0,2.0,38.0,17.0,,,,7.0,33.0,31.0,41.0,,,,14.0,42.0,40.0,29.0,43.0,,47.0,53.0,36.0,,16.0,27.0,,49.0,15.0,22.0,33.0,14.0,17.0,17.0,22.0,17.0,28.0,40.0,14.0,33.0,32.0,,,49.0,27.0,19.0,23.0,24.0,14.0,28.0,15.0,31.0,58.0,25.0,,33.0,0.0,11.0,51.0,32.0,,13.0,49.0,12.0,26.0,,,36.0,27.0,50.0,,21.0,19.0,,,,15.0,20.0,,31.0,47.0,32.0,,36.0,,34.0,56.0,18.0,,49.0,,35.0,15.0,,20.0,,21.0,,,59.0,46.0,51.0,20.0,30.0,,19.0,10.0,16.0,27.0,40.0,43.0,,,,27.0,28.0,31.0,12.0,27.0,55.0,15.0,,,,,20.0,56.0,13.0,36.0,21.0,19.0,,25.0,36.0,,,17.0,17.0,55.0,35.0,46.0,,34.0,35.0,,38.0,,,,47.0,20.0,44.0,35.0,58.0,,28.0,,38.0,37.0,26.0,12.0,15.0,,35.0,49.0,25.0,32.0,,,34.0,,38.0,10.0,21.0,50.0,48.0,17.0,38.0,,39.0,24.0,14.0,57.0,,52.0,39.0,24.0,,26.0,17.0,,,44.0,,24.0,46.0,23.0,20.0,,,23.0,54.0,18.0,,36.0,,26.0,,36.0,30.0,23.0,26.0,22.0,,37.0,40.0,,42.0,36.0,28.0,35.0,8.0,26.0,,36.0,,39.0,26.0,23.0,18.0,34.0,16.0,18.0,56.0,40.0,8.0,21.0,36.0,,42.0,12.0,16.0,,,11.0,12.0,30.0,7.0,32.0,12.0,35.0,,44.0,58.0,21.0,14.0,27.0,52.0,,47.0,,,,50.0,24.0,27.0,44.0,11.0,35.0,30.0,,,55.0,44.0,29.0,,,11.0,31.0,27.0,40.0,9.0,48.0,41.0,20.0,,,59.0,,,27.0,37.0,22.0,28.0,0.0,,20.0,31.0,16.0,24.0,41.0,25.0,17.0,,,45.0,59.0,34.0,32.0,16.0,,49.0,,,,37.0,35.0,53.0,,43.0,34.0,,17.0,48.0,39.0,35.0,55.0,52.0,20.0,42.0,24.0,54.0,,7.0,49.0,23.0,15.0,,43.0,10.0,21.0,42.0,,,,27.0,4.0,29.0,38.0,33.0,14.0,41.0,17.0,43.0,,26.0,43.0,33.0,19.0,21.0,,40.0,13.0,19.0,23.0,37.0,17.0,14.0,,,9.0,,,26.0,21.0,41.0,45.0,24.0,29.0,56.0,24.0,44.0,19.0,,24.0,19.0,13.0,26.0,46.0,15.0,51.0,45.0,49.0,,15.0,33.0,,29.0,34.0,31.0,36.0,,53.0,,49.0,27.0,41.0,16.0,55.0,59.0,11.0,,12.0,49.0,32.0,,,45.0,30.0,17.0,0.0,,,31.0,27.0,28.0,28.0,20.0,28.0,55.0,,34.0,53.0,56.0,39.0,42.0,21.0,55.0,31.0,,,24.0,22.0,13.0,29.0,,44.0,51.0,38.0,55.0,,,35.0,13.0,,25.0,,43.0,5.0,,23.0,34.0,40.0,54.0,22.0,50.0,,38.0,0.0,,19.0,24.0,52.0,,24.0,40.0,25.0,41.0,57.0,,48.0,49.0,15.0,21.0,,,13.0,,,23.0,25.0,,44.0,35.0,14.0,,,,38.0,38.0,56.0,32.0,,27.0,31.0,58.0,,,29.0,7.0,,10.0,14.0,20.0,52.0,45.0,,37.0,58.0,40.0,16.0,15.0,8.0,11.0,10.0,,29.0,54.0,33.0,,39.0,43.0,38.0,32.0,,17.0,16.0,20.0,,12.0,,31.0,16.0,49.0,21.0,17.0,,32.0,,31.0,,0.0,34.0,,43.0,21.0,12.0,,,50.0,,22.0,31.0,37.0,22.0,,13.0,22.0,43.0,49.0,33.0,26.0,45.0,5.0,48.0,20.0,53.0,22.0,29.0,24.0,0.0,30.0,27.0,,46.0,43.0,35.0,43.0,1.0,,24.0,43.0,25.0,48.0,,0.0,36.0,22.0,,29.0,35.0,36.0,52.0,36.0,,34.0,15.0,,38.0,27.0,26.0,15.0,,,53.0,23.0,,29.0,9.0,27.0,23.0,46.0,37.0,37.0,,47.0,43.0,20.0,39.0,52.0,38.0,37.0,58.0,29.0,45.0,9.0,46.0,46.0,,14.0,26.0,21.0,19.0,28.0,,32.0,,43.0,,56.0,,24.0,,31.0,44.0,12.0,,19.0,32.0,,15.0,26.0,38.0,44.0,,,18.0,21.0,39.0,,47.0,32.0,22.0,12.0,,37.0,16.0,,42.0,44.0,,0.0,49.0,55.0,,23.0,9.0,26.0,22.0,18.0,7.0,59.0,21.0,34.0,38.0,,28.0,8.0,37.0,52.0,50.0,0.0,,0.0,24.0,34.0,33.0,56.0,58.0,42.0,,,38.0,32.0,56.0,20.0,51.0,21.0,33.0,21.0,,56.0,17.0,33.0,43.0,,5.0,13.0,30.0,32.0,26.0,52.0,16.0,,34.0,46.0,,,33.0,0.0,,18.0,41.0,,37.0,,17.0,37.0,17.0,26.0,23.0,23.0,14.0,30.0,25.0,13.0,16.0,,26.0,42.0,27.0,20.0,26.0,,57.0,,,43.0,30.0,55.0,26.0,24.0,42.0,32.0,36.0,33.0,,41.0,41.0,54.0,26.0,21.0,52.0,21.0,56.0,26.0,13.0,21.0,38.0,36.0,35.0,,28.0,,53.0,55.0,,35.0,,21.0,48.0,38.0,,44.0,36.0,33.0,20.0,38.0,25.0,,,46.0,56.0,,11.0,19.0,28.0,28.0,33.0,,16.0,40.0,7.0,51.0,27.0,23.0,43.0,,,32.0,40.0,,,36.0,16.0,56.0,35.0,52.0,24.0,38.0,40.0,16.0,,53.0,44.0,38.0,29.0,,43.0,30.0,56.0,8.0,44.0,31.0,35.0,32.0,,20.0,29.0,,30.0,46.0,27.0,28.0,19.0,38.0,56.0,24.0,,17.0,59.0,13.0,,,38.0,,46.0,29.0,49.0,19.0,37.0,15.0,12.0,22.0,25.0,26.0,54.0,33.0,,4.0,33.0,,20.0,38.0,24.0,40.0,28.0,35.0,,17.0,,,29.0,24.0,57.0,15.0,13.0,28.0,10.0,,,16.0,44.0,48.0,,31.0,56.0,28.0,,23.0,17.0,59.0,57.0,17.0,,19.0,40.0,25.0,,9.0,,22.0,36.0,19.0,,31.0,17.0,,,58.0,17.0,33.0,17.0,20.0,12.0,26.0,15.0,14.0,,16.0,44.0,40.0,31.0,40.0,,40.0,21.0,26.0,,12.0,17.0,,35.0,40.0,,48.0,12.0,28.0,,14.0,25.0,26.0,39.0,59.0,30.0,,35.0,,21.0,18.0,57.0,37.0,51.0,32.0,7.0,18.0,29.0,22.0,,54.0,,,13.0,31.0,22.0,59.0,40.0,,40.0,34.0,27.0,20.0,28.0,7.0,22.0,,,,51.0,27.0,52.0,19.0,,15.0,57.0,,27.0,20.0,,9.0,23.0,40.0,26.0,22.0,12.0,56.0,47.0,51.0,,47.0,,43.0,,32.0,33.0,13.0,27.0,,21.0,50.0,,16.0,,41.0,0.0,25.0,,26.0,22.0,55.0,,48.0,43.0,,27.0,,,44.0,31.0,37.0,20.0,36.0,30.0,29.0,24.0,8.0,52.0,,46.0,42.0,103,3,2.399193548387097,17.867466438160527,-0.3371074812690989
10,7,11,11,11,12,10,11,6,12,13,14,12,12,12,13,12,11,20,15,11,9,16,12,11,10,17,12,12,13,15,13,13,16,13,12,19,18,5,20,21,24.0,9,17,15,14,19,11,16,17,17,17,12,12,18,14,21,17,15,13,14,20,38,9,10.0,14,15,11,16,19,20,16,17,14,13,11,19,23,16,18,24,15,13,12,19,15,13,18,20,17,4,17,21,13,12,19,14,16,18,19,14,3,15,20,15,20,17,19,18,11,15,18.0,8,20,56.0,15,17,13,13,23,10,11,17,15,14,17,16,,13,17,24,21,37.0,0,10,30.0,19,26,13,22,21,14,15,16,31.0,33.0,17,32.0,20,16,13,19,24.0,11,20,17,18,29.0,13,22,16,18,18,19,19,27.0,18,21,20,23,26,25.0,16,26,17,14,22,30.0,16,34.0,23,24,15,0,20,21.0,20.0,32,23,51.0,,14,27,14,24,30,12,14,20.0,29,17,26.0,16,21,21,13,18.0,23,12,13,18,20.0,28,5,19,15,18,18,17,13.0,21.0,26,11,18,22.0,20,20,17,29.0,9,29.0,40.0,25,8,35.0,10,19,26,22.0,62.0,20,12,13,24,22,23.0,25,23,26,15,31,22,20.0,18.0,35,1.0,18.0,18.0,19.0,30,40.0,17,24,16,,17.0,32.0,16.0,21.0,19,21.0,37.0,16.0,21,24,25.0,14,28,14,23.0,11.0,,18,17.0,16,25,3.0,14.0,22,59.0,23.0,12,26,25.0,12,19.0,22.0,40.0,13,19,12.0,28,24,13,37,23,15,19,17,24,24,20,22,24.0,8.0,30,18,23,34.0,16.0,19,30,23,44.0,25,,25,21,17,17,34,,13,27.0,23,24,30.0,31,18,20,40.0,16.0,18,40.0,5.0,12.0,28.0,49.0,19,19.0,25,22,2,24.0,19,19.0,39.0,25,,16.0,26.0,19,26.0,23,20,39,26,21,18,28,17.0,17,41.0,26,33,27,47.0,18,27.0,19,31.0,21,44.0,18,11,21.0,14,9.0,18,65.0,23.0,25,14,,33.0,14.0,22.0,,27,15.0,22.0,25,39.0,27,19,21.0,33.0,26,19.0,14,25.0,32.0,22,19,19,19.0,21,30.0,16.0,20,29.0,19,5.0,21,9,18,41.0,41.0,22,34,23,25.0,26.0,20,21,19.0,24,46.0,31.0,,34.0,12.0,14.0,19.0,52.0,40.0,23.0,17,16,17.0,26.0,40.0,29.0,22.0,51.0,,22.0,25,39,36.0,30.0,22,25.0,21.0,28.0,52.0,62.0,26.0,17,24,35.0,44.0,12.0,21.0,18,43.0,27.0,22.0,15,18,23,58.0,33.0,17.0,27.0,12,21,27.0,20.0,18,21.0,31.0,34,,14.0,13.0,27,49.0,14,51.0,30.0,25.0,22,27.0,20,11.0,16,17,62.0,16.0,21.0,39.0,13,18,21,21.0,23,38.0,16,32,12.0,0,21,41.0,17.0,13,12,24.0,32.0,33.0,46.0,29.0,22.0,15,25.0,12,18,21.0,20.0,40.0,41.0,24.0,25.0,16,31,41.0,39.0,28.0,45.0,,,38,14.0,16,32.0,,14.0,13.0,17,44.0,29,,22.0,21.0,20,19.0,22.0,35.0,29,14,34.0,52.0,40.0,26.0,28.0,55.0,,,30.0,10.0,,40.0,17,22,8.0,37.0,25.0,18,19,22,27,,31.0,24,17,,17.0,22,20.0,29.0,37.0,25,15.0,,40.0,32,36.0,49.0,53.0,26.0,30.0,18.0,19,28.0,23,24.0,18,25,20,43.0,31.0,22.0,34.0,24.0,65.0,,40.0,12.0,25.0,30.0,18,42.0,61.0,43,15.0,,14.0,34.0,23,27.0,60.0,,39,22,,33,32.0,22.0,16.0,24.0,29,55.0,30,0,29.0,16,57.0,16,25.0,,26.0,35,9,23.0,20.0,18,59.0,19,32.0,24,38.0,24.0,62.0,51.0,44.0,17.0,6,19.0,35.0,35.0,16.0,17.0,15.0,48.0,21,17,33.0,24,25,34,24.0,,21.0,40.0,15.0,21.0,17,33.0,20.0,16.0,22,28.0,57.0,22.0,40.0,,15,38.0,44.0,29.0,24.0,20.0,,25.0,29,36.0,31.0,44.0,49.0,18.0,27.0,20.0,26,30.0,17.0,28.0,31.0,28,13,34.0,40.0,33,23.0,12.0,5.0,9,15.0,28.0,35.0,10.0,19,14.0,13.0,27.0,28.0,60.0,42.0,,,23.0,19,24,,30.0,26.0,25.0,20.0,18.0,34.0,36.0,47.0,27.0,19,37,42.0,27,54.0,31.0,33.0,28.0,27,24,34.0,18.0,43.0,18.0,,18.0,31.0,48.0,,36,56.0,25.0,26.0,10.0,27.0,13.0,21,36.0,24.0,24.0,31,39.0,21.0,24.0,21.0,32.0,28.0,19,32.0,9,0.0,1.0,14.0,39.0,,38.0,51.0,45.0,25.0,58.0,45.0,22.0,27.0,46.0,42.0,0.0,,20.0,17.0,,21.0,37,34.0,31.0,33,,32.0,12,29.0,49.0,57.0,23,14,25,33.0,33.0,62.0,42.0,27.0,,23.0,,20.0,21,8.0,16,32.0,29,26,21.0,32,15.0,16.0,44.0,17.0,23,16.0,14.0,41.0,23.0,23.0,,17,,7,32.0,24.0,36.0,0,37.0,21,34,36.0,20.0,64.0,16,16.0,33.0,18,38.0,27.0,33.0,25.0,21.0,27.0,22.0,11.0,8,54.0,23.0,43.0,,51.0,54.0,0.0,27.0,19,36.0,12,17.0,24.0,0.0,52.0,31,0,41.0,20.0,32.0,31.0,34.0,30.0,29.0,45.0,31.0,11,25.0,18.0,42,27,26.0,13.0,22,45.0,59.0,24,24.0,21,32,26,21.0,,35.0,8.0,46.0,16.0,,44.0,58.0,50.0,24.0,39.0,9.0,22.0,20.0,41.0,15.0,32.0,38.0,26.0,26.0,21.0,37.0,45.0,30.0,22.0,,20.0,26.0,46.0,46.0,25.0,29.0,11.0,,26.0,15.0,,24.0,30.0,22.0,23.0,39.0,44.0,13.0,44.0,16.0,58.0,17,21.0,36.0,23.0,18,25.0,58.0,22.0,26.0,42.0,17.0,40.0,16.0,,15.0,14.0,53.0,63.0,29.0,20.0,18.0,26.0,31.0,34.0,,,36.0,,16.0,57.0,23.0,26.0,28.0,11,46.0,38.0,61.0,33,54.0,30.0,13.0,36.0,56.0,28.0,25.0,,37.0,19,27.0,,15.0,14.0,24.0,41.0,19,20,25.0,41.0,21.0,52.0,17.0,61.0,6,26,,26.0,27.0,55.0,,28.0,18.0,24.0,,,,0.0,21.0,,33.0,56.0,30,17.0,19.0,,20.0,25.0,23,41.0,25,31.0,35,35.0,,31.0,,32.0,34.0,29.0,35.0,28.0,20.0,25.0,22.0,47,18.0,19.0,28.0,13.0,49.0,18,25.0,13.0,55.0,19.0,34.0,29.0,,10.0,18.0,24,18,18.0,20.0,34.0,24.0,13.0,47.0,31.0,27.0,14,64.0,,23.0,,4.0,18.0,21.0,23.0,24,23.0,45.0,38.0,30,20,34.0,19.0,54.0,22.0,31.0,31.0,39.0,23.0,53.0,27.0,45.0,51.0,18.0,26.0,19.0,14,55.0,56.0,53.0,22.0,20.0,23,31.0,31.0,21,31.0,31.0,48.0,22.0,36.0,40.0,32.0,29.0,15.0,13.0,26.0,23,29.0,25.0,31.0,13.0,2,31.0,56.0,53.0,17.0,23.0,35.0,12.0,26.0,29.0,,57.0,51.0,36.0,29,23,18.0,41.0,4.0,42.0,60.0,46,39,,9.0,64.0,,37.0,22.0,,,18.0,30.0,,34.0,17.0,58.0,21.0,19,24,39.0,58.0,40.0,12.0,30.0,16,19.0,27.0,43.0,24.0,0.0,36.0,27.0,24.0,53.0,9.0,16.0,53.0,23.0,23.0,,22,20.0,21.0,7,27.0,21.0,30.0,25.0,18.0,,44.0,33.0,,,25.0,27.0,27.0,40.0,,53.0,22.0,28.0,24.0,,27.0,31.0,64.0,20.0,53.0,46.0,57.0,34.0,34.0,30.0,31.0,,65.0,36.0,29.0,33.0,30.0,,,43.0,26.0,14.0,25.0,64.0,,25.0,22.0,56.0,27.0,38.0,38.0,18.0,47.0,60.0,32.0,47.0,61.0,22.0,14.0,26.0,45.0,17,26.0,26.0,31.0,5.0,28.0,49.0,25.0,22.0,19.0,63.0,64.0,23.0,,23.0,6.0,28.0,,39.0,32.0,46.0,55.0,17.0,57.0,26.0,31.0,65.0,,14.0,32.0,36.0,20.0,34.0,20.0,62.0,29.0,23.0,19.0,40.0,25.0,,21.0,,28.0,32.0,42.0,,23,25.0,37.0,36.0,28.0,43.0,,24.0,32.0,18.0,25,43.0,46.0,20.0,20.0,,30.0,29.0,37.0,18.0,24.0,27.0,34.0,,14.0,39.0,50.0,45,49.0,42.0,29.0,47.0,11.0,16.0,23.0,12.0,26.0,,15.0,,16.0,32.0,35.0,28.0,,,39.0,57.0,,,35.0,33.0,25,14,18.0,56.0,,39.0,30.0,27.0,59.0,29.0,,16.0,,55.0,38.0,,,,55.0,21.0,30.0,30.0,11.0,,,27.0,28.0,38.0,33.0,35.0,15.0,51.0,,54.0,17.0,31.0,58.0,42.0,17.0,42.0,16.0,14.0,24.0,28.0,39.0,19.0,,26.0,36.0,19.0,24,53.0,18.0,15.0,63.0,35,37.0,32.0,10.0,,,6.0,13.0,33.0,37,,19.0,23.0,26.0,34.0,0.0,55.0,0,,26.0,38.0,,22,,30.0,26.0,51.0,27.0,19.0,17.0,49.0,8.0,44.0,21.0,48.0,52.0,16.0,38.0,32.0,53.0,,25.0,43.0,42.0,27.0,26.0,,32,,23.0,18.0,54.0,22.0,28.0,19.0,2.0,32.0,48.0,,53.0,22.0,26,18.0,28.0,27.0,31.0,37.0,61.0,47.0,55.0,35.0,19.0,37.0,61.0,19.0,25.0,19.0,,45.0,38.0,40.0,65.0,24.0,40.0,16.0,29.0,17.0,51.0,28.0,41.0,23.0,27.0,31.0,13.0,40.0,61.0,,,,37.0,57.0,44.0,29.0,65.0,58.0,19.0,24.0,28.0,,24.0,40.0,2.0,,45.0,24.0,,18.0,,61.0,22.0,46.0,,34.0,50.0,17.0,,,27.0,,25.0,,45,29.0,38.0,,42.0,,45.0,25.0,,14.0,,45.0,62.0,29.0,,27.0,20.0,22.0,24.0,27.0,32.0,,51.0,24.0,43.0,35.0,28.0,21.0,56.0,24.0,55.0,46.0,32.0,27.0,,17.0,15.0,32.0,35.0,21.0,26.0,30.0,54.0,64.0,58.0,13.0,30.0,,60.0,26.0,37.0,48.0,59.0,,32.0,,,19.0,,34.0,24.0,38.0,,23.0,15.0,39.0,36.0,38.0,31.0,31.0,46.0,27.0,,6.0,18.0,14.0,,48.0,36.0,41.0,,33.0,23.0,,24.0,29.0,16.0,43.0,0.0,,50.0,51.0,25.0,17.0,43.0,,58.0,62.0,12.0,64.0,49.0,27.0,45.0,20.0,29.0,,57.0,13.0,30.0,27.0,54.0,27.0,45.0,24.0,29.0,15.0,53.0,45.0,38.0,24.0,,35.0,20.0,29.0,,35.0,40.0,22.0,16.0,20,44.0,48.0,,35.0,60.0,44.0,,0.0,27.0,16.0,21,48.0,31.0,19.0,28.0,28.0,35.0,56.0,32.0,19,20.0,,17.0,18.0,,43.0,24.0,,,45.0,,27.0,30.0,,1.0,39.0,,29.0,44.0,51.0,17.0,25.0,14.0,37.0,27.0,,15.0,50.0,42.0,,48.0,25.0,,,12.0,,27.0,,38.0,0.0,23.0,50.0,46.0,17.0,,26.0,,,44.0,14.0,38.0,30.0,,60.0,12.0,45.0,28.0,,,,50.0,17.0,,36.0,,33.0,34.0,46.0,39.0,,39.0,15.0,,30.0,33.0,27.0,,63.0,,,44.0,,53.0,51.0,54.0,56.0,34.0,31.0,,20.0,32.0,15.0,22.0,46.0,30.0,29.0,13.0,18.0,21.0,39.0,14.0,31.0,23.0,30.0,20.0,,31.0,56.0,16,,45.0,14.0,59.0,56.0,36.0,18.0,38.0,55.0,61.0,23.0,,47.0,25.0,,28.0,15.0,22.0,,26.0,29.0,,42.0,37.0,46.0,15.0,,40.0,59.0,35.0,21.0,,30.0,23.0,,45.0,35.0,44.0,17.0,,25.0,44.0,10.0,,35.0,51.0,48.0,,,51.0,45.0,23.0,57.0,,39.0,49.0,17.0,,28.0,46.0,25.0,22.0,40.0,46.0,,65.0,55.0,31.0,17.0,,15.0,61.0,32.0,,,44.0,51.0,,33.0,24,32.0,33.0,30,7.0,,50.0,60.0,27.0,,18.0,20.0,25.0,,47.0,,24.0,31.0,40.0,,38.0,,40.0,37.0,25.0,63.0,,38.0,,0.0,39.0,22.0,30.0,15.0,29.0,,50.0,,17.0,51.0,32.0,2.0,40.0,24.0,32.0,62.0,28.0,47.0,32.0,35.0,20.0,31.0,35.0,38.0,19.0,,20.0,61.0,18.0,30.0,63.0,31.0,26.0,9.0,16.0,,34.0,32.0,21.0,30.0,28.0,20.0,,17.0,26.0,26.0,50.0,34.0,20.0,48.0,51.0,23.0,65.0,19.0,35.0,,28.0,25.0,,34.0,28.0,,39.0,42.0,30.0,,35.0,26.0,19.0,33.0,33.0,17.0,39.0,45.0,58.0,24.0,38.0,,,40.0,24.0,23.0,42.0,44.0,26.0,30.0,35.0,40.0,26.0,20.0,19.0,53.0,18.0,40.0,43.0,32.0,,39.0,,27.0,13.0,24.0,42.0,31.0,26.0,23.0,13.0,16.0,58.0,39.0,27.0,15.0,24.0,54.0,,33.0,44.0,33.0,15.0,16.0,,44.0,,34.0,64.0,48.0,19.0,39.0,36.0,19.0,27.0,36.0,14.0,27.0,,54.0,46.0,47.0,9.0,48.0,25.0,28.0,61.0,52.0,,56.0,,48.0,34.0,,,10.0,15.0,23.0,23.0,34.0,26.0,,28.0,43.0,37.0,39.0,,37.0,44.0,54.0,56.0,30.0,41.0,61.0,32.0,24.0,53.0,14.0,38.0,60.0,34.0,27.0,40.0,30.0,33.0,25.0,,31.0,24.0,36.0,38.0,57.0,48.0,22.0,,,38.0,,65.0,32.0,18.0,10.0,32.0,26.0,34.0,36.0,19.0,41.0,49.0,,32.0,21.0,23.0,43.0,,33.0,55.0,51.0,32.0,37.0,15.0,31.0,60.0,,18.0,52.0,,16.0,41.0,62.0,29.0,44.0,24.0,24.0,36.0,30.0,44.0,39.0,55.0,22.0,17.0,24.0,24.0,41.0,65.0,36.0,15.0,,29.0,,,30.0,34.0,26.0,56.0,,,29.0,25.0,,,58.0,26.0,,26.0,27.0,,21.0,54.0,,24.0,22.0,38.0,47.0,,36.0,47.0,,28.0,57.0,61.0,5.0,,,,,,,33.0,44.0,0.0,52.0,22.0,42.0,6.0,27.0,28.0,,23.0,49.0,25.0,63.0,12.0,64.0,43.0,45.0,29.0,52.0,34.0,12.0,23.0,51.0,,1.0,29.0,23.0,,34.0,,,,,,15.0,17.0,65.0,14.0,,41.0,24.0,26.0,34.0,,42.0,18.0,33.0,31.0,,20.0,17.0,56.0,32.0,23.0,49.0,42.0,50.0,,17.0,25.0,46.0,57.0,33.0,47.0,43.0,,25.0,48.0,37.0,18.0,15.0,36.0,11.0,28.0,,30.0,26.0,22.0,58.0,9.0,37.0,26.0,56.0,37.0,18.0,26.0,28.0,17.0,,,40.0,37.0,38.0,38.0,,17.0,,50.0,54.0,62.0,26.0,30.0,43.0,37.0,,18.0,,,48.0,24.0,27.0,,,21.0,46.0,,22.0,52.0,30.0,30.0,61.0,,30.0,,40.0,20.0,0.0,22.0,46.0,42.0,50.0,17.0,47.0,59.0,20.0,,37.0,33.0,40.0,62.0,33.0,,,36.0,18.0,,,61.0,,,16.0,51.0,49.0,,15.0,,50.0,18.0,0.0,29.0,56.0,,44.0,13.0,,,29.0,41.0,28.0,15.0,25.0,23.0,34.0,21.0,28.0,,44.0,4.0,39.0,42.0,64.0,,65.0,47.0,,,41.0,38.0,34.0,30.0,14.0,34.0,36.0,40.0,42.0,19.0,21.0,,0.0,49.0,25.0,21.0,33.0,13.0,57.0,19.0,23.0,46.0,17.0,24.0,,,52.0,,28.0,59.0,37.0,43.0,18.0,46.0,,27.0,37.0,20.0,22.0,7.0,24.0,33.0,51.0,28.0,31.0,28.0,39.0,53.0,,58.0,34.0,17.0,50.0,54.0,46.0,,14.0,57.0,48.0,52.0,35.0,19.0,57.0,23.0,,49.0,29.0,46.0,44.0,,34.0,26.0,25.0,45.0,,22.0,56.0,23.0,24.0,,29.0,,,42.0,34.0,26.0,26.0,50.0,33.0,37.0,37.0,,29.0,,23.0,36.0,61.0,65.0,21.0,,56.0,44.0,,58.0,,,,18.0,29.0,,0.0,0.0,21.0,27.0,26.0,,22.0,24.0,23.0,13.0,50.0,56.0,,,55.0,40.0,16.0,24.0,29.0,,33.0,15.0,34.0,36.0,,21.0,23.0,32.0,65.0,30.0,24.0,9.0,51.0,44.0,27.0,29.0,,27.0,28.0,60.0,13.0,14.0,33.0,22.0,,40.0,41.0,56.0,,,33.0,18.0,,16.0,48.0,41.0,27.0,36.0,,44.0,27.0,57.0,,24.0,30.0,22.0,0.0,20.0,15.0,,62.0,19.0,54.0,11.0,49.0,24.0,54.0,27.0,30.0,41.0,48.0,45.0,,35.0,32.0,19.0,48.0,57.0,,31.0,35.0,58.0,,43.0,,,40.0,50.0,62.0,,46.0,33.0,28.0,37.0,,20.0,,34.0,0.0,,25.0,27.0,12.0,50.0,56.0,6.0,41.0,20.0,49.0,,38.0,24.0,31.0,24.0,,38.0,,45.0,,5.0,65.0,21.0,12.0,42.0,,20.0,,22.0,27.0,26.0,60.0,26.0,35.0,34.0,,41.0,56.0,33.0,29.0,38.0,,31.0,16.0,39.0,16.0,,40.0,28.0,30.0,43.0,31.0,52.0,,13.0,,34.0,58.0,0.0,50.0,51.0,,,33.0,49.0,,35.0,34.0,56.0,,26.0,20.0,27.0,35.0,,44.0,47.0,0.0,20.0,30.0,,,,26.0,17.0,,50.0,39.0,,,30.0,,,53.0,24.0,39.0,17.0,12.0,59.0,24.0,37.0,41.0,32.0,15.0,62.0,,50.0,24.0,28.0,11.0,55.0,,62.0,32.0,,22.0,44.0,,30.0,51.0,,,20.0,22.0,47.0,35.0,,33.0,,20.0,18.0,44.0,,28.0,21.0,16.0,50.0,3.0,50.0,30.0,23.0,,40.0,30.0,43.0,16.0,24.0,58.0,7.0,,30.0,20.0,26.0,28.0,,18.0,47.0,54.0,,54.0,58.0,48.0,52.0,45.0,17.0,12.0,43.0,33.0,,11.0,,27.0,28.0,31.0,,35.0,28.0,20.0,32.0,,18.0,46.0,53.0,,38.0,24.0,19.0,44.0,,,51.0,22.0,26.0,36.0,40.0,38.0,21.0,,,7.0,48.0,61.0,32.0,31.0,29.0,,23.0,,20.0,25.0,,59.0,,,5.0,,19.0,43.0,30.0,,29.0,41.0,53.0,39.0,38.0,30.0,41.0,,21.0,,18.0,45.0,25.0,62.0,30.0,52.0,33.0,48.0,25.0,47.0,30.0,43.0,,,46.0,,41.0,,25.0,49.0,,18.0,,29.0,42.0,26.0,20.0,51.0,37.0,18.0,52.0,,46.0,38.0,,41.0,,,21.0,54.0,,19.0,26.0,,40.0,,39.0,33.0,,38.0,,11.0,,55.0,18.0,,53.0,,41.0,,,27.0,25.0,42.0,59.0,46.0,,46.0,37.0,0.0,33.0,29.0,46.0,39.0,51.0,,,0.0,38.0,19.0,44.0,,28.0,52.0,36.0,,16.0,,21.0,,29.0,22.0,20.0,59.0,,58.0,25.0,50.0,52.0,27.0,31.0,30.0,28.0,30.0,,19.0,24.0,32.0,,26.0,29.0,49.0,38.0,32.0,25.0,52.0,14.0,,,,40.0,48.0,25.0,41.0,8.0,29.0,,28.0,,13.0,,27.0,,42.0,,30.0,19.0,104,3,2.4064602960969044,17.592950540079592,-0.35518900521122876
4,4,8,5,7,2,3,10,8,10,9,13,6,8,11,9,13,4,16,24,11,10,12,13,12,9,12,8,10,11,14,11,12,13,12,5,14,15,12,12,17,15.0,14,23,8,11,17,9,12,13,14,9,14,13,14,21,11,16,15,12,11,9,21,13,,9,18,5,15,14,12,21,15,8,16,16,14,11,15,6,14,11,10,15,22,16,11,15,20,17,13,11,14,14,25,16,11,17,9,9,18,26,9,12,15,23,14,20,7,16,19,16.0,16,40,28.0,10,22,21,16,20,13,16,14,14,11,13,13,16.0,15,16,7,13,,6,19,19.0,18,11,22,18,10,9,15,41,30.0,20.0,0,9.0,12,18,6,17,19.0,14,18,24,22,29.0,20,15,14,22,1,24,16,12.0,22,16,9,19,14,46.0,16,25,5,28,24,9.0,15,17.0,15,12,14,15,28,,15.0,28,13,,60.0,1,27,12,14,30,21,13,21.0,16,27,26.0,17,17,26,9,,22,9,13,17,,19,22,51,19,12,15,10,31.0,24.0,13,19,10,22.0,16,21,19,21.0,8,6.0,5.0,18,11,8.0,7,20,17,9.0,27.0,5,17,14,9,17,14.0,24,13,11,22,21,11,22.0,24.0,23,13.0,14.0,17.0,42.0,47,10.0,30,13,18,16.0,14.0,9.0,33.0,32.0,12,18.0,28.0,24.0,29,32,18.0,12,17,7,15.0,12.0,8.0,26,,18,15,16.0,10.0,10,32.0,11.0,5,16,15.0,19,35.0,15.0,29.0,21,22,35.0,16,20,20,23,15,22,17,19,18,0,20,21,41.0,40.0,16,15,12,15.0,21.0,12,13,9,40.0,30,25.0,16,14,21,9,14,15.0,9,35.0,0,34,34.0,26,16,15,11.0,,5,30.0,24.0,29.0,12.0,16.0,21,17.0,29,23,23,17.0,13,14.0,15.0,18,45.0,,,23,32.0,22,27,20,0,14,22,18,18.0,19,27.0,16,29,18,2.0,15,,18,13.0,14,,18,22,16.0,34,33.0,44,40.0,16.0,11,21,5.0,26.0,22.0,20.0,,24,0.0,36.0,11,32.0,21,12,12.0,24.0,20,22.0,19,13.0,,35,29,32,30.0,30,26.0,26.0,40,49.0,19,32.0,15,18,8,16.0,33.0,34,23,17,25.0,19.0,11,15,40.0,14,11.0,19.0,,26.0,,23.0,22.0,9.0,25.0,32.0,20,28,27.0,25.0,18.0,25.0,28.0,34.0,41.0,8.0,4,20,,36.0,10,16.0,9.0,,15.0,18.0,33.0,20,11,37.0,16.0,12.0,10.0,13,59.0,26.0,20.0,21,12,27,58.0,23.0,17.0,28.0,26,17,13.0,15.0,10,45.0,31.0,30,,26.0,34.0,37,10.0,30,30.0,28.0,13.0,3,23.0,16,,12,16,,24.0,19.0,24.0,21,8,33,36.0,20,29.0,25,21,22.0,9,32,54.0,14.0,20,11,26.0,40.0,43.0,56.0,35.0,18.0,21,40.0,19,19,23.0,15.0,20.0,30.0,55.0,28.0,28,10,14.0,7.0,27.0,19.0,34.0,33.0,18,9.0,9,43.0,37.0,14.0,7.0,20,14.0,10,,17.0,32.0,23,10.0,58.0,18.0,24,26,,45.0,20.0,41.0,18.0,17.0,30.0,,23.0,9.0,,39.0,18,22,53.0,13.0,40.0,23,43,16,26,,15.0,16,12,18.0,,14,38.0,27.0,,18,35.0,19.0,13.0,18,22.0,25.0,20.0,24.0,25.0,46.0,24,21.0,17,10.0,18,27,30,34.0,27.0,46.0,17.0,,,22.0,0.0,10.0,23.0,24.0,23,52.0,9.0,10,39.0,,9.0,17.0,20,20.0,35.0,16.0,28,5,45.0,26,24.0,17.0,19.0,39.0,21,30.0,36,32,41.0,17,38.0,15,51.0,25.0,48.0,22,32,23.0,,31,16.0,24,23.0,16,,35.0,33.0,49.0,28.0,13.0,40,18.0,,28.0,35.0,12.0,13.0,,23,19,20.0,20,6,29,34.0,50.0,24.0,24.0,18.0,22.0,29,19.0,28.0,20.0,26,18.0,11.0,44.0,8.0,35.0,21,,49.0,16.0,29.0,45.0,16.0,15.0,31,20.0,12.0,20.0,23.0,,39.0,23.0,14,33.0,22.0,18.0,,22,10,18.0,28.0,28,,44.0,14.0,16,10.0,40.0,27.0,12.0,14,58.0,,15.0,23.0,25.0,23.0,15.0,17.0,11.0,5,20,54.0,25.0,,,35.0,26.0,25.0,40.0,15.0,,19,8,41.0,18,12.0,12.0,32.0,19.0,13,15,25.0,15.0,26.0,35.0,34.0,34.0,33.0,54.0,19.0,16,17.0,0.0,40.0,46.0,32.0,14.0,19,16.0,25.0,16.0,32,44.0,11.0,40.0,42.0,21.0,19.0,30,31.0,45,50.0,22.0,35.0,31.0,25.0,41.0,,12.0,29.0,25.0,,15.0,25.0,10.0,38.0,28.0,,31.0,,17.0,11.0,22,27.0,61.0,28,39.0,51.0,41,26.0,14.0,0.0,29,17,16,24.0,54.0,29.0,28.0,35.0,29.0,22.0,,33.0,31,14.0,25,39.0,9,39,17.0,26,45.0,9.0,42.0,18.0,28,43.0,9.0,17.0,15.0,13.0,38.0,19,44.0,18,39.0,42.0,20.0,44,51.0,10,34,22.0,22.0,18.0,19,43.0,24.0,24,26.0,43.0,26.0,20.0,19.0,50.0,26.0,56.0,12,,29.0,30.0,,,,,24.0,20,34.0,32,13.0,21.0,46.0,37.0,14,16,39.0,32.0,18.0,20.0,31.0,0.0,5.0,25.0,,10,11.0,15.0,36,56,33.0,23.0,0,23.0,28.0,23,35.0,11,29,11,16.0,18.0,14.0,49.0,31.0,18.0,26.0,43.0,17.0,10.0,40.0,25.0,36.0,39.0,29.0,39.0,,55.0,52.0,24.0,23.0,20.0,15.0,11.0,21.0,,,42.0,8.0,25.0,,54.0,20.0,23.0,52.0,,38.0,40.0,44.0,48.0,18.0,55.0,23.0,20.0,,,20.0,26.0,17,39.0,17.0,19.0,32,0.0,27.0,25.0,12.0,35.0,20.0,36.0,25.0,,29.0,12.0,,26.0,,20.0,39.0,55.0,37.0,22.0,29.0,23.0,17.0,30.0,27.0,22.0,23.0,,37.0,16,37.0,53.0,25.0,19,20.0,29.0,31.0,6.0,,45.0,12.0,60.0,59.0,23,10.0,58.0,51.0,51.0,38.0,4.0,12,22,15.0,35.0,,39.0,11.0,,25,31,47.0,47.0,,25.0,29.0,22.0,24.0,35.0,,32.0,57.0,58.0,19.0,56.0,8.0,19.0,22,28.0,23.0,25.0,26.0,41.0,19,,48,,31,33.0,0.0,25.0,,55.0,30.0,27.0,33.0,30.0,17.0,18.0,24.0,46,10.0,26.0,40.0,13.0,31.0,20,34.0,,29.0,14.0,,,,61.0,20.0,25,34,,3.0,44.0,25.0,,22.0,15.0,36.0,32,58.0,36.0,36.0,24.0,29.0,39.0,47.0,36.0,8,24.0,22.0,30.0,35,18,20.0,48.0,59.0,35.0,8.0,13.0,55.0,,,38.0,14.0,44.0,19.0,32.0,,20,50.0,31.0,19.0,32.0,30.0,16,53.0,14.0,11,,23.0,55.0,34.0,,32.0,46.0,49.0,26.0,12.0,20.0,13,13.0,27.0,,46.0,21,43.0,50.0,20.0,32.0,26.0,,29.0,14.0,19.0,30.0,20.0,36.0,23.0,35,21,41.0,39.0,45.0,58.0,,27,9,44.0,34.0,41.0,56.0,50.0,41.0,18.0,,31.0,34.0,37.0,,21.0,59.0,37.0,31,19,7.0,14.0,53.0,5.0,29.0,20,40.0,,,45.0,10.0,50.0,24.0,,,6.0,22.0,,23.0,27.0,31.0,30,39.0,25.0,10,36.0,56.0,26.0,12.0,23.0,,8.0,,27.0,,26.0,,29.0,10.0,19.0,,24.0,26.0,34.0,,18.0,55.0,,50.0,3.0,,40.0,13.0,27.0,,,39.0,30.0,43.0,34.0,20.0,21.0,,61.0,25.0,29.0,42.0,20.0,0.0,30.0,24.0,31.0,38.0,34.0,35.0,30.0,45.0,,38.0,23.0,38.0,9.0,13.0,36.0,23.0,18.0,13,35.0,26.0,34.0,52.0,52.0,34.0,33.0,51.0,52.0,,13.0,0.0,40.0,26.0,46.0,14.0,39.0,10.0,,36.0,41.0,20.0,29.0,38.0,9.0,54.0,14.0,56.0,30.0,43.0,33.0,21.0,20.0,56.0,,25.0,25.0,52.0,25.0,50.0,41.0,47.0,43.0,29.0,27.0,19.0,31,,45.0,15.0,32.0,,40.0,17.0,46.0,11.0,30,45.0,,56.0,,48.0,43.0,26.0,44.0,15.0,36.0,,,34.0,39.0,53.0,45.0,26,27.0,15.0,39.0,14.0,15.0,29.0,31.0,5.0,8.0,,21.0,14.0,33.0,57.0,9.0,25.0,,,55.0,11.0,38.0,49.0,42.0,19.0,19,17,39.0,20.0,23.0,25.0,23.0,27.0,41.0,19.0,37.0,26.0,,57.0,41.0,46.0,45.0,36.0,17.0,45.0,29.0,39.0,45.0,0.0,28.0,23.0,46.0,20.0,55.0,18.0,,32.0,36.0,15.0,48.0,39.0,40.0,23.0,36.0,29.0,43.0,14.0,53.0,48.0,33.0,28.0,,49.0,16.0,,29,49.0,17.0,22.0,32.0,33,33.0,53.0,34.0,,15.0,57.0,36.0,42.0,30,,24.0,25.0,,20.0,44.0,26.0,19,28.0,60.0,45.0,46.0,23,,36.0,,46.0,,29.0,,14.0,,10.0,31.0,32.0,34.0,41.0,,32.0,29.0,,30.0,35.0,27.0,,23.0,,5,32.0,35.0,15.0,35.0,26.0,19.0,,21.0,17.0,28.0,31.0,44.0,35.0,18,32.0,,47.0,26.0,,,28.0,0.0,45.0,49.0,23.0,,33.0,,57.0,21.0,18.0,21.0,20.0,33.0,19.0,29.0,,40.0,33.0,18.0,57.0,,,20.0,29.0,,17.0,27.0,19.0,0.0,46.0,21.0,25.0,32.0,14.0,37.0,,34.0,22.0,34.0,61.0,39.0,26.0,32.0,,48.0,10.0,,60.0,14.0,44.0,27.0,16.0,17.0,19.0,54.0,27.0,35.0,27.0,20.0,23.0,,42.0,29,38.0,,36.0,33.0,44.0,26.0,28.0,26.0,23.0,59.0,34.0,26.0,24.0,42.0,24.0,23.0,26.0,20.0,18.0,,17.0,48.0,19.0,31.0,16.0,13.0,47.0,51.0,54.0,28.0,18.0,15.0,44.0,12.0,28.0,22.0,14.0,,46.0,21.0,,36.0,,12.0,24.0,25.0,23.0,,32.0,26.0,18.0,27.0,27.0,29.0,28.0,28.0,26.0,57.0,36.0,13.0,35.0,,26.0,,33.0,55.0,48.0,30.0,22.0,27.0,12.0,19.0,5.0,28.0,22.0,12.0,38.0,17.0,44.0,51.0,11.0,33.0,34.0,,14.0,11.0,,27.0,34.0,45.0,,32.0,11.0,44.0,37.0,45.0,,31.0,,9.0,27.0,38.0,4.0,,,15.0,35.0,47.0,18.0,48.0,,14.0,15.0,,49.0,26.0,31.0,32.0,23.0,,34.0,40.0,42.0,16.0,,19.0,,27.0,25,29.0,13.0,16.0,25.0,37.0,17.0,22.0,31.0,15.0,28.0,21,15.0,29.0,26.0,48.0,19.0,20.0,55.0,53.0,43,44.0,38.0,28.0,31.0,10.0,43.0,,43.0,,12.0,29.0,21.0,,25.0,,46.0,,52.0,26.0,,58.0,18.0,,40.0,8.0,26.0,46.0,26.0,22.0,10.0,22.0,27.0,60.0,29.0,,39.0,52.0,44.0,45.0,44.0,19.0,,24.0,,28.0,51.0,10.0,29.0,55.0,41.0,29.0,9.0,25.0,37.0,29.0,25.0,48.0,25.0,32.0,,23.0,14.0,,,,,41.0,34.0,30.0,31.0,25.0,18.0,37.0,42.0,,11.0,,58.0,25.0,31.0,58.0,12.0,11.0,34.0,13.0,33.0,28.0,45.0,61.0,55.0,20.0,21.0,50.0,39.0,54.0,54.0,33.0,,33.0,28.0,23.0,42.0,23.0,52.0,15.0,23.0,,13.0,18,14.0,47.0,32.0,35.0,47.0,21.0,52.0,,10.0,,50.0,29.0,49.0,31.0,0.0,,47.0,38.0,,18.0,11.0,37.0,24.0,,35.0,38.0,17.0,38.0,12.0,,34.0,29.0,22.0,29.0,,,37.0,,48.0,21.0,29.0,48.0,10.0,,,19.0,42.0,34.0,34.0,29.0,49.0,49.0,19.0,22.0,17.0,41.0,13.0,25.0,27.0,14.0,34.0,34.0,41.0,43.0,61.0,22.0,47.0,37.0,13.0,42.0,30.0,27.0,28.0,39.0,46.0,,,18.0,28.0,21,61.0,61.0,13,31.0,27.0,,33.0,54.0,16.0,31.0,16.0,34.0,44.0,,28.0,,37.0,,39.0,35.0,34.0,27.0,46.0,58.0,17.0,,25.0,36.0,,20.0,,28.0,24.0,26.0,21.0,,30.0,27.0,28.0,,43.0,16.0,29.0,27.0,33.0,4.0,15.0,0.0,19.0,33.0,17.0,40.0,,37.0,18.0,35.0,,36.0,19.0,,,42.0,29.0,21.0,13.0,24.0,44.0,7.0,21.0,39.0,16.0,,15.0,56.0,38.0,30.0,,,41.0,,28.0,7.0,,14.0,21.0,37.0,31.0,14.0,13.0,61.0,0.0,,28.0,36.0,46.0,39.0,36.0,,54.0,33.0,36.0,39.0,25.0,34.0,6.0,,0.0,,14.0,46.0,19.0,31.0,45.0,27.0,19.0,36.0,31.0,,,,42.0,41.0,14.0,50.0,26.0,43.0,,27.0,31.0,17.0,52.0,22.0,53.0,43.0,35.0,,,42.0,,,21.0,19.0,32.0,,11.0,17.0,41.0,,,49.0,,36.0,58.0,41.0,32.0,48.0,16.0,51.0,,,59.0,47.0,13.0,35.0,49.0,10.0,0.0,14.0,26.0,,,26.0,51.0,38.0,20.0,29.0,18.0,58.0,57.0,37.0,13.0,25.0,,59.0,,27.0,16.0,37.0,12.0,61.0,45.0,56.0,0.0,13.0,16.0,21.0,31.0,41.0,25.0,21.0,55.0,,22.0,24.0,32.0,,22.0,18.0,13.0,46.0,47.0,40.0,12.0,30.0,46.0,29.0,16.0,35.0,13.0,47.0,35.0,15.0,,24.0,38.0,35.0,58.0,22.0,,13.0,43.0,11.0,34.0,22.0,36.0,25.0,16.0,44.0,21.0,29.0,40.0,,31.0,38.0,35.0,39.0,10.0,,24.0,46.0,52.0,45.0,16.0,29.0,,31.0,22.0,19.0,12.0,52.0,48.0,0.0,32.0,20.0,48.0,13.0,31.0,34.0,13.0,16.0,20.0,,22.0,37.0,,61.0,19.0,18.0,36.0,19.0,47.0,,15.0,9.0,12.0,,34.0,49.0,58.0,42.0,20.0,55.0,,,,19.0,,21.0,53.0,35.0,28.0,23.0,36.0,48.0,17.0,,39.0,24.0,41.0,27.0,,,19.0,,61.0,20.0,48.0,,,26.0,40.0,27.0,45.0,45.0,25.0,0.0,15.0,46.0,41.0,24.0,59.0,14.0,,33.0,24.0,13.0,38.0,48.0,18.0,47.0,,14.0,,34.0,42.0,24.0,55.0,,48.0,45.0,,10.0,24.0,28.0,54.0,13.0,43.0,11.0,28.0,19.0,28.0,34.0,39.0,54.0,11.0,,34.0,20.0,27.0,,22.0,20.0,26.0,42.0,,,40.0,,37.0,,49.0,,26.0,50.0,24.0,,14.0,34.0,34.0,25.0,49.0,25.0,,18.0,21.0,18.0,,61.0,24.0,,27.0,29.0,45.0,17.0,28.0,20.0,,,42.0,0.0,,26.0,28.0,32.0,34.0,,,28.0,49.0,,55.0,30.0,57.0,60.0,18.0,20.0,60.0,57.0,54.0,23.0,14.0,20.0,,18.0,20.0,21.0,52.0,,44.0,23.0,22.0,32.0,52.0,33.0,,,52.0,47.0,16.0,18.0,46.0,13.0,,28.0,42.0,24.0,33.0,54.0,23.0,23.0,51.0,25.0,,36.0,11.0,,58.0,32.0,51.0,,,41.0,36.0,15.0,18.0,25.0,,,31.0,58.0,19.0,21.0,30.0,,46.0,14.0,18.0,24.0,54.0,49.0,39.0,41.0,50.0,33.0,19.0,,,39.0,,44.0,44.0,,48.0,38.0,37.0,60.0,,,32.0,,,60.0,45.0,51.0,59.0,16.0,35.0,14.0,,41.0,60.0,,,47.0,38.0,,60.0,43.0,,43.0,27.0,30.0,41.0,16.0,17.0,51.0,31.0,16.0,21.0,35.0,60.0,57.0,,48.0,48.0,17.0,59.0,41.0,,28.0,38.0,13.0,32.0,,38.0,,18.0,26.0,12.0,42.0,14.0,21.0,18.0,14.0,37.0,21.0,21.0,30.0,23.0,,31.0,21.0,,22.0,58.0,26.0,,41.0,7.0,39.0,20.0,,26.0,50.0,,,54.0,,47.0,12.0,,37.0,32.0,,40.0,43.0,26.0,32.0,17.0,,44.0,41.0,,,57.0,,7.0,37.0,31.0,,,25.0,18.0,59.0,,,34.0,40.0,23.0,12.0,56.0,,18.0,50.0,48.0,18.0,23.0,20.0,,12.0,57.0,23.0,0.0,38.0,29.0,39.0,9.0,30.0,,13.0,,19.0,42.0,21.0,32.0,,,40.0,0.0,,,6.0,21.0,61.0,10.0,14.0,18.0,40.0,13.0,42.0,,,54.0,,42.0,18.0,35.0,43.0,25.0,,,32.0,,,49.0,41.0,17.0,31.0,17.0,25.0,50.0,57.0,,39.0,,57.0,33.0,,,56.0,22.0,60.0,,45.0,59.0,33.0,56.0,50.0,,,46.0,47.0,,41.0,35.0,7.0,,,34.0,36.0,,,39.0,39.0,15.0,33.0,16.0,23.0,,,12.0,50.0,20.0,42.0,40.0,28.0,18.0,43.0,13.0,32.0,45.0,,43.0,23.0,19.0,34.0,34.0,22.0,,,36.0,25.0,17.0,19.0,31.0,22.0,42.0,47.0,19.0,42.0,34.0,45.0,35.0,15.0,21.0,23.0,,50.0,,17.0,,33.0,19.0,40.0,48.0,39.0,48.0,27.0,,,,18.0,49.0,14.0,30.0,5.0,28.0,,54.0,,,23.0,,44.0,60.0,56.0,57.0,,26.0,14.0,42.0,40.0,36.0,12.0,19.0,30.0,36.0,,,37.0,51.0,39.0,18.0,22.0,29.0,,23.0,,20.0,23.0,27.0,36.0,28.0,13.0,45.0,32.0,35.0,,30.0,15.0,,25.0,38.0,15.0,29.0,60.0,,39.0,16.0,16.0,50.0,31.0,,35.0,38.0,47.0,,,15.0,33.0,60.0,47.0,41.0,25.0,60.0,,21.0,,36.0,20.0,18.0,26.0,17.0,41.0,39.0,54.0,47.0,,13.0,,44.0,,29.0,24.0,47.0,,0.0,11.0,31.0,51.0,16.0,32.0,,,33.0,46.0,40.0,26.0,18.0,,35.0,48.0,,,10.0,,29.0,23.0,,48.0,16.0,,,15.0,,35.0,39.0,27.0,43.0,33.0,28.0,61.0,16.0,47.0,41.0,58.0,,41.0,28.0,15.0,25.0,54.0,,,18.0,19.0,15.0,51.0,50.0,24.0,37.0,,28.0,,45.0,33.0,28.0,,39.0,,,21.0,36.0,25.0,41.0,,27.0,21.0,27.0,25.0,23.0,,44.0,33.0,20.0,42.0,47.0,20.0,39.0,,47.0,60.0,37.0,55.0,50.0,50.0,45.0,37.0,15.0,32.0,,,31.0,59.0,43.0,27.0,61.0,36.0,,9.0,,,18.0,6.0,36.0,29.0,16.0,32.0,48.0,46.0,,6.0,20.0,15.0,,,30.0,0.0,48.0,,29.0,38.0,,13.0,18.0,11.0,34.0,,24.0,56.0,,49.0,60.0,39.0,15.0,49.0,,49.0,15.0,61.0,56.0,9.0,48.0,,40.0,40.0,,,49.0,6.0,,,32.0,,17.0,43.0,,15.0,,17.0,49.0,18.0,25.0,7.0,59.0,,26.0,58.0,30.0,26.0,,,36.0,,,53.0,42.0,57.0,33.0,37.0,33.0,51.0,,16.0,44.0,21.0,59.0,10.0,61.0,,16.0,27.0,14.0,11.0,32.0,60.0,39.0,44.0,,29.0,42.0,27.0,34.0,55.0,29.0,,29.0,,55.0,,22.0,37.0,29.0,40.0,55.0,24.0,105,3,2.469135802469136,18.31489484298473,-0.32785228654753423
10,4,9,14,11,11,11,9,10,10,5,11,12,12,1,13,12,13,17,6,8,17,9,15,12,14,12,12,14,14,21,16,10,11,13,14,15,17,15,13,22,0.0,15,14,13,19,14,8,13,33,13,18,14,13,14,45,18,13,11,14,14,12,16,14,15.0,15,20,13,12,12,20,17,18,16,24,13,9,15,24,15,23,17,13,17,17,13,14,13,27,17,16,13,17,16,16,13,21,15,20,19,15,11,16,12,16,22,14,21,20,16,23,52.0,20,39,25.0,15,27,22,15,51,14,22,18,17,14,19,16,12.0,28,10,26,14,21.0,15,21,34.0,23,31,13,13,24,7,15,40,46.0,18.0,14,30.0,23,16,29,10,31.0,14,22,12,20,49.0,44,20,17,23,19,31,15,13.0,21,18,21,19,27,17.0,3,16,8,24,17,14.0,34,25.0,13,15,12,14,27,,50.0,10,22,17.0,29.0,15,34,15,24,29,15,22,19.0,12,20,33.0,7,13,17,20,,21,15,33,22,8.0,27,13,26,33,10,28,15,29.0,17.0,27,28,18,18.0,23,20,22,53.0,12,12.0,7.0,26,17,27.0,11,20,25,19.0,0.0,17,27,14,0,41,22.0,29,13,20,15,20,24,32.0,22.0,20,25.0,,,46.0,39,21.0,34,21,0,49.0,8.0,11.0,,49.0,23,15.0,28.0,15.0,11,15,21.0,19,18,22,23.0,,21.0,20,23.0,18,28,20.0,33.0,19,,42.0,16,21,15.0,22,37.0,25.0,58.0,15,26,35.0,21,18,27,17,25,16,19,21,13,12,25,22,16.0,41.0,10,15,13,31.0,13.0,29,16,28,38.0,29,25.0,10,14,28,16,20,54.0,14,13.0,22,22,37.0,17,19,17,62.0,50.0,26,16.0,16.0,24.0,24.0,29.0,23,37.0,42,30,26,0.0,26,17.0,44.0,16,,35.0,32.0,29,13.0,22,24,30,27,19,16,25,15.0,19,34.0,2,30,25,60.0,7,11.0,29,25.0,18,26.0,20,15,16.0,31,29.0,31,17.0,30.0,14,40,10.0,19.0,23.0,28.0,56.0,23,16.0,11.0,22,41.0,23,16,,27.0,22,18.0,7,22.0,,23,15,18,31.0,21,30.0,34.0,21,23.0,37,19.0,28,20,21,27.0,33.0,35,23,16,59.0,28.0,30,29,18.0,22,23.0,30.0,44.0,30.0,48.0,39.0,17.0,36.0,43.0,33.0,21,32,21.0,42.0,21.0,36.0,26.0,30.0,,22.0,23,15,15.0,53.0,20,19.0,15.0,33.0,17.0,21.0,26.0,22,20,57.0,45.0,30.0,24.0,33,39.0,15.0,28.0,40,25,33,16.0,37.0,21.0,22.0,21,40,21.0,41.0,11,39.0,39.0,28,38.0,36.0,61.0,19,23.0,19,30.0,23.0,26.0,35,30.0,23,16.0,17,13,9.0,30.0,,35.0,16,20,24,6.0,24,16.0,12,27,29.0,13,15,15.0,29.0,21,23,29.0,43.0,38.0,16.0,30.0,28.0,32,22.0,7,14,46.0,20.0,41.0,31.0,24.0,12.0,16,47,33.0,58.0,28.0,39.0,22.0,40.0,21,47.0,42,33.0,30.0,58.0,11.0,23,20.0,12,35.0,10.0,30.0,39,43.0,52.0,,37,22,,11.0,30.0,42.0,28.0,17.0,18.0,,23.0,12.0,12.0,28.0,25,30,62.0,,60.0,15,30,9,16,38.0,32.0,23,18,40.0,0.0,0,17.0,19.0,60.0,20,18.0,22.0,17.0,12,35.0,18.0,54.0,33.0,47.0,0.0,4,21.0,22,21.0,17,25,0,30.0,58.0,30.0,,21.0,,,37.0,32.0,24.0,13.0,19,27.0,30.0,30,32.0,34.0,22.0,18.0,21,45.0,25.0,49.0,22,15,50.0,17,21.0,17.0,14.0,28.0,33,19.0,27,14,20.0,35,,15,33.0,60.0,44.0,27,27,6.0,20.0,17,41.0,22,61.0,23,30.0,17.0,,,37.0,18.0,34,19.0,,62.0,47.0,59.0,,26.0,14,10,26.0,23,41,20,51.0,46.0,18.0,,55.0,39.0,33,21.0,6.0,41.0,38,39.0,43.0,31.0,48.0,51.0,31,,20.0,9.0,30.0,22.0,49.0,6.0,32,35.0,39.0,48.0,59.0,20.0,12.0,25.0,22,34.0,23.0,24.0,,12,15,32.0,42.0,16,34.0,41.0,30.0,16,30.0,51.0,49.0,,19,30.0,11.0,28.0,36.0,25.0,20.0,0.0,34.0,16.0,15,16,,22.0,31.0,24.0,30.0,16.0,25.0,,33.0,55.0,17,15,30.0,15,52.0,26.0,20.0,45.0,25,24,0.0,32.0,22.0,21.0,32.0,54.0,27.0,16.0,34.0,38,18.0,42.0,57.0,22.0,21.0,28.0,20,17.0,40.0,31.0,27,24.0,24.0,22.0,28.0,25.0,26.0,25,39.0,24,52.0,28.0,10.0,33.0,26.0,29.0,0.0,33.0,33.0,19.0,25.0,63.0,29.0,56.0,30.0,32.0,49.0,29.0,,13.0,36.0,20,32.0,26.0,18,22.0,26.0,18,23.0,18.0,,47,30,10,32.0,17.0,28.0,15.0,40.0,40.0,26.0,36.0,49.0,17,16.0,20,22.0,36,24,36.0,28,,,53.0,14.0,24,25.0,36.0,52.0,49.0,37.0,18.0,17,60.0,18,31.0,27.0,35.0,23,21.0,15,15,60.0,20.0,29.0,17,14.0,42.0,13,19.0,41.0,42.0,31.0,,36.0,13.0,,14,21.0,29.0,46.0,32.0,30.0,22.0,0.0,16.0,12,47.0,29,19.0,17.0,35.0,26.0,27,18,29.0,18.0,33.0,37.0,29.0,48.0,36.0,52.0,42.0,23,15.0,12.0,10,25,18.0,52.0,22,24.0,51.0,27,18.0,28,19,25,26.0,31.0,,27.0,26.0,60.0,48.0,50.0,24.0,35.0,10.0,29.0,17.0,29.0,42.0,30.0,24.0,16.0,16.0,14.0,44.0,30.0,17.0,19.0,29.0,36.0,57.0,39.0,7.0,43.0,,32.0,26.0,44.0,,,37.0,22.0,38.0,24.0,,39.0,23.0,29.0,32.0,20.0,61.0,40.0,21,7.0,11.0,16.0,34,24.0,26.0,49.0,15.0,48.0,,40.0,18.0,33.0,30.0,14.0,14.0,19.0,44.0,50.0,15.0,27.0,36.0,24.0,55.0,31.0,37.0,,18.0,21.0,33.0,,46.0,34,38.0,28.0,19.0,28,35.0,35.0,14.0,31.0,21.0,40.0,35.0,13.0,49.0,11,30.0,23.0,42.0,26.0,20.0,39.0,21,12,12.0,31.0,44.0,12.0,35.0,,42,30,22.0,51.0,51.0,16.0,58.0,20.0,52.0,9.0,37.0,55.0,13.0,28.0,39.0,38.0,21.0,16.0,27,18.0,37.0,55.0,48.0,18.0,15,36.0,16,,23,34.0,41.0,35.0,28.0,4.0,18.0,24.0,34.0,22.0,27.0,52.0,20.0,38,22.0,14.0,29.0,30.0,16.0,0,42.0,19.0,23.0,41.0,28.0,,31.0,28.0,23.0,32,22,,20.0,21.0,0.0,,21.0,,27.0,14,46.0,,0.0,61.0,31.0,,,15.0,39,22.0,30.0,19.0,19,13,29.0,60.0,,14.0,24.0,,44.0,,3.0,12.0,51.0,52.0,32.0,29.0,18.0,10,16.0,,23.0,27.0,24.0,20,27.0,23.0,43,17.0,30.0,26.0,18.0,22.0,,34.0,39.0,29.0,20.0,28.0,25,62.0,12.0,27.0,10.0,41,13.0,30.0,24.0,25.0,28.0,40.0,32.0,27.0,50.0,26.0,26.0,37.0,,22,20,21.0,24.0,34.0,29.0,34.0,28,25,31.0,,,35.0,,26.0,33.0,36.0,25.0,,,57.0,12.0,11.0,62.0,41,12,31.0,,17.0,38.0,49.0,27,49.0,24.0,,28.0,28.0,43.0,36.0,34.0,35.0,,23.0,33.0,13.0,50.0,,19,27.0,30.0,11,29.0,44.0,24.0,16.0,45.0,20.0,,21.0,17.0,5.0,57.0,,8.0,24.0,33.0,48.0,43.0,24.0,38.0,52.0,48.0,32.0,,45.0,35.0,39.0,33.0,27.0,29.0,38.0,52.0,45.0,36.0,23.0,29.0,29.0,,,17.0,48.0,43.0,43.0,35.0,,34.0,,43.0,38.0,14.0,0.0,49.0,17.0,63.0,28.0,,28.0,34.0,,24.0,38.0,29.0,26,33.0,23.0,26.0,25.0,38.0,25.0,22.0,20.0,15.0,58.0,23.0,32.0,34.0,12.0,33.0,16.0,16.0,17.0,41.0,29.0,31.0,14.0,30.0,28.0,15.0,,,,28.0,23.0,56.0,31.0,53.0,20.0,39.0,26.0,,,16.0,35.0,25.0,62.0,49.0,33.0,58.0,49.0,6,56.0,18.0,42.0,44.0,44.0,26.0,17.0,,15.0,48,29.0,32.0,44.0,35.0,32.0,22.0,30.0,31.0,30.0,53.0,,29.0,62.0,42.0,,42.0,17,,22.0,36.0,24.0,37.0,26.0,24.0,48.0,6.0,49.0,26.0,29.0,6.0,39.0,51.0,24.0,35.0,46.0,13.0,25.0,26.0,24.0,38.0,17.0,42,23,31.0,29.0,33.0,15.0,44.0,38.0,,12.0,36.0,23.0,43.0,44.0,,35.0,22.0,41.0,23.0,57.0,25.0,43.0,25.0,11.0,28.0,0.0,,35.0,46.0,22.0,46.0,,34.0,37.0,31.0,42.0,63.0,,33.0,,51.0,19.0,44.0,23.0,49.0,50.0,,15.0,,11.0,5,29.0,22.0,28.0,45.0,29,,45.0,,22.0,31.0,30.0,21.0,34.0,23,61.0,58.0,28.0,,41.0,55.0,34.0,7,50.0,35.0,30.0,,33,34.0,17.0,28.0,48.0,,15.0,,24.0,23.0,45.0,19.0,45.0,38.0,32.0,43.0,31.0,40.0,43.0,44.0,52.0,50.0,,23.0,,24,,32.0,39.0,14.0,36.0,35.0,,42.0,,3.0,48.0,,19.0,41,25.0,,37.0,35.0,17.0,39.0,58.0,14.0,,11.0,61.0,47.0,57.0,15.0,28.0,34.0,40.0,32.0,16.0,36.0,50.0,39.0,42.0,36.0,28.0,21.0,37.0,8.0,30.0,25.0,23.0,34.0,32.0,,48.0,49.0,51.0,20.0,17.0,30.0,32.0,28.0,,36.0,31.0,10.0,26.0,,42.0,42.0,11.0,35.0,34.0,,,28.0,43.0,27.0,36.0,57.0,35.0,51.0,9.0,,52.0,26.0,34.0,,25.0,21,51.0,,43.0,34.0,30.0,,48.0,41.0,18.0,47.0,50.0,,46.0,17.0,31.0,48.0,28.0,21.0,37.0,23.0,52.0,26.0,28.0,52.0,41.0,,32.0,36.0,38.0,,40.0,46.0,,18.0,8.0,35.0,23.0,40.0,59.0,52.0,12.0,42.0,28.0,21.0,13.0,30.0,17.0,42.0,34.0,24.0,42.0,27.0,,15.0,,41.0,12.0,17.0,35.0,30.0,53.0,,50.0,36.0,33.0,,21.0,14.0,19.0,,15.0,41.0,54.0,32.0,22.0,57.0,44.0,24.0,31.0,61.0,20.0,34.0,39.0,,20.0,17.0,45.0,31.0,33.0,29.0,24.0,15.0,46.0,42.0,40.0,52.0,,24.0,21.0,11.0,28.0,,22.0,,59.0,12.0,,30.0,31.0,41.0,39.0,,32.0,29.0,18.0,36.0,,36.0,32.0,47.0,15.0,46.0,17.0,22.0,,29.0,47.0,23.0,28,31.0,32.0,,,38.0,21.0,21.0,31.0,20.0,48.0,32,,,22.0,38.0,21.0,,26.0,39.0,21,38.0,51.0,23.0,19.0,29.0,,33.0,,25.0,39.0,,47.0,37.0,28.0,38.0,11.0,19.0,24.0,51.0,,15.0,19.0,29.0,,,19.0,32.0,40.0,40.0,30.0,24.0,57.0,,58.0,29.0,28.0,19.0,60.0,20.0,41.0,32.0,11.0,32.0,,32.0,,27.0,28.0,36.0,50.0,9.0,22.0,41.0,31.0,20.0,44.0,22.0,19.0,41.0,46.0,29.0,44.0,30.0,,35.0,27.0,38.0,33.0,50.0,32.0,29.0,18.0,42.0,11.0,,49.0,28.0,,,33.0,33.0,63.0,0.0,10.0,32.0,46.0,15.0,,20.0,40.0,29.0,14.0,10.0,,52.0,19.0,,13.0,31.0,54.0,30.0,20.0,21.0,,,,50.0,,28,24.0,26.0,,27.0,45.0,26.0,25.0,24.0,,0.0,,19.0,38.0,51.0,,24.0,49.0,18.0,13.0,33.0,21.0,10.0,47.0,,,20.0,28.0,49.0,29.0,25.0,,35.0,56.0,,40.0,45.0,31.0,,,21.0,26.0,38.0,47.0,24.0,38.0,58.0,18.0,58.0,,15.0,37.0,62.0,34.0,39.0,,18.0,25.0,35.0,38.0,54.0,58.0,31.0,,6.0,0.0,39.0,,22.0,23.0,,35.0,58.0,,29.0,33.0,,56.0,61.0,22.0,20,52.0,46.0,28,,,,30.0,29.0,12.0,33.0,,35.0,44.0,34.0,31.0,24.0,0.0,29.0,36.0,24.0,,,,37.0,22.0,59.0,25.0,27.0,,20.0,16.0,,19.0,35.0,23.0,61.0,17.0,35.0,,24.0,36.0,43.0,16.0,47.0,22.0,14.0,,,32.0,13.0,24.0,,38.0,29.0,,59.0,57.0,33.0,17.0,27.0,41.0,0.0,32.0,27.0,59.0,40.0,32.0,13.0,37.0,28.0,53.0,49.0,57.0,19.0,48.0,0.0,61.0,,39.0,27.0,,45.0,16.0,30.0,39.0,19.0,29.0,34.0,50.0,50.0,31.0,41.0,,31.0,50.0,,45.0,15.0,,,,,20.0,56.0,47.0,45.0,33.0,,29.0,34.0,12.0,7.0,36.0,47.0,,,37.0,35.0,43.0,57.0,50.0,27.0,31.0,30.0,31.0,,,31.0,5.0,17.0,,37.0,26.0,47.0,54.0,,25.0,,43.0,14.0,35.0,,16.0,12.0,17.0,26.0,45.0,16.0,52.0,16.0,50.0,41.0,,48.0,41.0,,,39.0,29.0,,61.0,59.0,54.0,33.0,,61.0,29.0,32.0,,24.0,11.0,35.0,,,,20.0,22.0,20.0,,31.0,13.0,22.0,22.0,30.0,,29.0,45.0,27.0,15.0,,,49.0,26.0,23.0,21.0,25.0,17.0,48.0,,25.0,11.0,15.0,24.0,51.0,56.0,23.0,,49.0,61.0,19.0,43.0,,21.0,43.0,39.0,18.0,29.0,,48.0,40.0,32.0,,37.0,,57.0,26.0,36.0,40.0,13.0,,46.0,47.0,49.0,28.0,25.0,27.0,34.0,13.0,,26.0,,20.0,15.0,37.0,36.0,16.0,42.0,,28.0,21.0,36.0,8.0,15.0,31.0,57.0,28.0,55.0,44.0,16.0,31.0,39.0,38.0,33.0,40.0,63.0,30.0,24.0,54.0,25.0,33.0,49.0,59.0,24.0,34.0,40.0,,26.0,,46.0,50.0,,59.0,39.0,,33.0,19.0,,16.0,12.0,39.0,,51.0,27.0,28.0,21.0,12.0,25.0,38.0,39.0,33.0,37.0,41.0,17.0,48.0,26.0,,37.0,35.0,,,48.0,47.0,26.0,21.0,24.0,,60.0,28.0,37.0,21.0,21.0,17.0,,36.0,46.0,8.0,60.0,26.0,42.0,48.0,0.0,36.0,22.0,63.0,32.0,53.0,52.0,37.0,33.0,56.0,,49.0,55.0,,27.0,,,23.0,,17.0,38.0,14.0,17.0,32.0,34.0,27.0,24.0,27.0,55.0,18.0,59.0,32.0,56.0,26.0,13.0,,31.0,19.0,,,53.0,60.0,18.0,16.0,,30.0,40.0,44.0,20.0,43.0,38.0,11.0,54.0,18.0,22.0,43.0,34.0,54.0,,43.0,55.0,22.0,45.0,15.0,37.0,38.0,,,,45.0,56.0,22.0,40.0,21.0,,37.0,,23.0,26.0,62.0,,59.0,,27.0,23.0,,57.0,51.0,34.0,,,,50.0,57.0,60.0,27.0,33.0,32.0,33.0,33.0,39.0,34.0,33.0,24.0,0.0,46.0,,49.0,53.0,33.0,,26.0,,37.0,37.0,54.0,49.0,32.0,26.0,26.0,,,39.0,20.0,53.0,23.0,38.0,53.0,20.0,11.0,36.0,59.0,61.0,37.0,,0.0,30.0,39.0,,62.0,29.0,16.0,27.0,32.0,,28.0,,37.0,,36.0,,45.0,40.0,,54.0,57.0,15.0,21.0,46.0,38.0,30.0,,,29.0,30.0,17.0,59.0,34.0,14.0,,35.0,53.0,10.0,22.0,29.0,54.0,59.0,12.0,,46.0,43.0,,,19.0,,8.0,,30.0,48.0,13.0,37.0,30.0,48.0,,23.0,45.0,36.0,14.0,19.0,,34.0,29.0,,,62.0,,,,38.0,18.0,,36.0,26.0,,41.0,20.0,,63.0,53.0,62.0,54.0,39.0,50.0,49.0,28.0,35.0,32.0,,30.0,,19.0,22.0,,60.0,59.0,44.0,,20.0,35.0,0.0,31.0,,37.0,19.0,,54.0,,,25.0,,46.0,23.0,22.0,,38.0,,21.0,20.0,,,51.0,19.0,23.0,,24.0,,18.0,44.0,23.0,36.0,17.0,58.0,13.0,,,,38.0,8.0,52.0,35.0,33.0,22.0,,24.0,32.0,27.0,21.0,61.0,,,20.0,,20.0,49.0,47.0,52.0,54.0,25.0,44.0,,24.0,49.0,32.0,22.0,15.0,36.0,25.0,38.0,26.0,19.0,,21.0,34.0,38.0,,,35.0,55.0,36.0,55.0,25.0,19.0,26.0,47.0,22.0,21.0,33.0,,56.0,47.0,,13.0,23.0,45.0,,,12.0,34.0,56.0,39.0,31.0,22.0,33.0,41.0,40.0,17.0,25.0,28.0,21.0,,21.0,34.0,38.0,25.0,34.0,32.0,55.0,34.0,34.0,0.0,32.0,31.0,42.0,43.0,14.0,41.0,53.0,,,,36.0,40.0,43.0,57.0,17.0,23.0,31.0,38.0,35.0,60.0,40.0,53.0,23.0,45.0,,52.0,22.0,,37.0,,,,29.0,40.0,16.0,41.0,55.0,9.0,16.0,36.0,,13.0,,40.0,49.0,15.0,25.0,,46.0,61.0,,31.0,,36.0,21.0,22.0,,19.0,14.0,44.0,52.0,31.0,,30.0,19.0,23.0,40.0,,,,42.0,7.0,45.0,,35.0,30.0,,,,,19.0,36.0,,28.0,56.0,29.0,14.0,,24.0,60.0,44.0,,,39.0,,46.0,46.0,16.0,31.0,29.0,,35.0,45.0,10.0,24.0,29.0,27.0,27.0,57.0,9.0,43.0,60.0,47.0,39.0,,36.0,27.0,30.0,47.0,40.0,63.0,38.0,,5.0,47.0,,,54.0,,,37.0,,43.0,29.0,37.0,,,60.0,43.0,52.0,,62.0,28.0,37.0,27.0,,63.0,51.0,,,33.0,39.0,27.0,39.0,51.0,23.0,25.0,46.0,30.0,22.0,27.0,60.0,27.0,2.0,18.0,48.0,,,28.0,,32.0,16.0,15.0,,,15.0,,,,38.0,,24.0,51.0,26.0,23.0,59.0,31.0,22.0,26.0,36.0,13.0,20.0,39.0,24.0,46.0,58.0,,,18.0,47.0,,39.0,,11.0,47.0,15.0,60.0,21.0,11.0,42.0,56.0,45.0,,38.0,,47.0,,50.0,,16.0,14.0,24.0,,44.0,38.0,,30.0,,21.0,,29.0,,61.0,39.0,43.0,30.0,62.0,,,34.0,17.0,21.0,27.0,34.0,,,43.0,38.0,,,,,,59.0,37.0,,33.0,53.0,,,25.0,,20.0,33.0,,47.0,33.0,27.0,30.0,21.0,30.0,46.0,35.0,52.0,,55.0,,,9.0,,15.0,16.0,14.0,22.0,22.0,24.0,35.0,45.0,54.0,19.0,49.0,29.0,38.0,23.0,,,26.0,,,32.0,18.0,26.0,42.0,49.0,4.0,49.0,33.0,63.0,,20.0,21.0,48.0,,,,32.0,,,30.0,60.0,18.0,25.0,23.0,,38.0,24.0,37.0,40.0,22.0,36.0,51.0,12.0,0.0,20.0,,,31.0,41.0,27.0,,59.0,22.0,23.0,36.0,,,,38.0,,12.0,61.0,6.0,42.0,43.0,42.0,11.0,41.0,37.0,,,50.0,24.0,,47.0,39.0,33.0,,,53.0,24.0,,24.0,58.0,,31.0,18.0,37.0,15.0,,33.0,,,,,18.0,,13.0,,,,,21.0,,53.0,25.0,25.0,106,3,2.450204638472033,17.78196767791324,-0.3607042973309549
2,4,1,3,3,5,7,7,5,7,2,5,5,5,8,6,7,12,18,18,8,5,7,5,8,9,10,4,3,9,7,6,8,7,6,11,6,5,12,4,11,13.0,14,4,9,4,13,13,10,31,12,4,10,7,27,6,8,10,4,4,8,16,0,10,34.0,9,8,14,3,8,9,11,8,0,0,10,11,8,12,8,13,6,9,11,10,4,12,11,10,12,12,13,10,14,9,10,12,7,8,8,21,16,13,8,10,12,11,15,9,12,9,56.0,16,9,24.0,11,9,14,4,26,13,7,3,8,13,11,15,18.0,13,2,7,6,9.0,15,14,21.0,14,20,5,14,14,10,15,5,42.0,32.0,19,5.0,4,15,9,14,,16,13,9,11,22.0,5,10,10,11,13,18,17,39.0,16,17,8,21,9,28.0,9,21,16,25,13,17.0,12,34.0,9,14,11,17,10,52.0,12.0,6,16,,19.0,14,14,13,11,32,5,15,27.0,18,18,26.0,10,10,12,11,14.0,5,14,22,13,10.0,35,24,14,10,9,29,14,12.0,28.0,4,18,23,22.0,12,19,19,33.0,14,33.0,21.0,18,18,46.0,6,9,14,17.0,15.0,26,9,15,16,15,12.0,16,15,14,14,8,14,20.0,29.0,22,43.0,23.0,15.0,32.0,7,41.0,11,15,14,15.0,11.0,19.0,19.0,18.0,7,28.0,52.0,21.0,4,14,13.0,14,17,18,0.0,8.0,29.0,27,,12,10,15.0,31.0,17,42.0,35.0,14,26,23.0,16,21.0,16.0,7.0,19,21,,27,16,22,21,15,44,15,6,21,28,16,11,27.0,14.0,26,24,5,0.0,8.0,9,29,11,,12,22.0,27,6,21,1,12,13.0,9,8.0,14,22,41.0,4,15,18,8.0,6.0,10,21.0,18.0,13.0,24.0,19.0,12,,15,19,7,22.0,14,14.0,14.0,18,57.0,10.0,43.0,30,18.0,10,9,11,18,6,6,21,18.0,14,,27,2,12,54.0,16,14.0,31,4.0,17,12.0,16,15,26.0,10,9.0,28,12.0,8.0,16,45,,20.0,19.0,15.0,,17,21.0,21.0,25,17.0,8,21,16.0,33.0,7,12.0,21,16.0,23.0,22,16,18,25.0,9,13.0,31.0,18,27.0,15,,16,12,11,3.0,37.0,29,17,23,16.0,25.0,25,16,37.0,37,31.0,24.0,34.0,17.0,53.0,10.0,24.0,,7.0,10.0,18,30,4.0,25.0,18.0,8.0,24.0,28.0,41.0,6.0,13,14,14.0,19.0,17,18.0,35.0,26.0,0.0,13.0,24.0,20,10,35.0,20.0,41.0,24.0,26,19.0,40.0,46.0,19,12,18,33.0,,18.0,11.0,5,7,17.0,52.0,17,11.0,13.0,25,24.0,21.0,11.0,14,12.0,18,8.0,24.0,29.0,11,21.0,10,8.0,10,17,29.0,22.0,20.0,30.0,9,15,28,23.0,15,22.0,6,24,20.0,19,21,13.0,16.0,39,19,41.0,21.0,52.0,14.0,31.0,22.0,24,18.0,18,24,42.0,2.0,23.0,42.0,5.0,20.0,16,48,24.0,6.0,33.0,40.0,20.0,24.0,4,37.0,4,,11.0,,14.0,11,19.0,28,22.0,33.0,56.0,11,11.0,48.0,35.0,12,17,,19.0,24.0,17.0,19.0,20.0,7.0,16.0,21.0,,18.0,14.0,16,15,35.0,26.0,15.0,22,27,9,16,,25.0,8,7,,,23,14.0,30.0,29.0,38,26.0,43.0,17.0,19,15.0,19.0,23.0,30.0,16.0,10.0,21,15.0,15,15.0,12,11,11,40.0,23.0,15.0,33.0,10.0,,10.0,32.0,41.0,15.0,11.0,8,,43.0,18,,14.0,4.0,24.0,15,25.0,51.0,33.0,42,12,45.0,7,21.0,8.0,30.0,9.0,14,38.0,23,27,6.0,14,21.0,23,19.0,16.0,13.0,15,26,3.0,14.0,17,28.0,25,,12,35.0,34.0,14.0,,31.0,42.0,19,12.0,16.0,28.0,45.0,,,,13,5,29.0,27,38,21,29.0,17.0,32.0,,12.0,23.0,32,16.0,26.0,21.0,36,57.0,35.0,25.0,42.0,16.0,25,,23.0,33.0,28.0,37.0,36.0,29.0,18,,49.0,44.0,33.0,,26.0,34.0,24,14.0,36.0,28.0,,10,21,49.0,18.0,23,45.0,16.0,16.0,22,32.0,,45.0,,8,17.0,13.0,30.0,23.0,30.0,44.0,12.0,13.0,,5,11,18.0,34.0,,28.0,57.0,14.0,20.0,28.0,25.0,23.0,17,7,16.0,16,45.0,37.0,28.0,22.0,14,6,42.0,20.0,42.0,23.0,,11.0,40.0,31.0,7.0,34,11.0,36.0,,31.0,50.0,20.0,36,15.0,17.0,18.0,15,43.0,12.0,38.0,,4.0,14.0,15,9.0,24,40.0,26.0,27.0,20.0,39.0,28.0,12.0,30.0,36.0,25.0,,7.0,34.0,,22.0,55.0,29.0,55.0,32.0,36.0,29.0,7,42.0,24.0,20,15.0,27.0,11,29.0,14.0,26.0,14,15,15,7.0,35.0,45.0,20.0,35.0,0.0,15.0,16.0,19.0,20,21.0,13,34.0,13,20,21.0,25,,7.0,17.0,,13,38.0,13.0,6.0,36.0,23.0,20.0,19,26.0,23,35.0,45.0,4.0,11,24.0,2,14,28.0,16.0,47.0,18,32.0,34.0,29,10.0,,17.0,22.0,21.0,10.0,8.0,25.0,23,47.0,20.0,21.0,23.0,43.0,15.0,15.0,12.0,7,33.0,19,10.0,27.0,24.0,20.0,24,19,23.0,15.0,25.0,24.0,21.0,48.0,12.0,23.0,34.0,24,20.0,15.0,16,16,53.0,29.0,14,20.0,29.0,12,45.0,2,12,27,9.0,17.0,,10.0,7.0,43.0,44.0,29.0,37.0,39.0,28.0,9.0,22.0,18.0,31.0,,36.0,34.0,26.0,20.0,23.0,20.0,23.0,20.0,37.0,,13.0,,6.0,34.0,14.0,25.0,22.0,9.0,7.0,37.0,9.0,49.0,13.0,20.0,2.0,33.0,25.0,39.0,,,44.0,40.0,17,17.0,41.0,28.0,6,48.0,23.0,10.0,0.0,32.0,40.0,38.0,42.0,15.0,31.0,24.0,16.0,29.0,,18.0,,20.0,22.0,45.0,43.0,,7.0,,24.0,24.0,37.0,0.0,40.0,37,,14.0,47.0,10,,10.0,15.0,11.0,27.0,,26.0,34.0,12.0,9,26.0,,26.0,28.0,42.0,19.0,12,14,,45.0,7.0,,26.0,8.0,28,7,0.0,37.0,19.0,41.0,37.0,19.0,35.0,28.0,,35.0,6.0,10.0,52.0,39.0,16.0,18.0,23,22.0,14.0,18.0,42.0,11.0,13,10.0,26,5.0,26,11.0,,25.0,11.0,32.0,0.0,28.0,35.0,5.0,,40.0,12.0,12,19.0,31.0,41.0,13.0,31.0,22,15.0,21.0,25.0,50.0,5.0,,34.0,37.0,20.0,15,35,,33.0,24.0,37.0,46.0,8.0,,24.0,15,,,44.0,11.0,43.0,8.0,25.0,10.0,12,37.0,40.0,35.0,22,8,27.0,22.0,23.0,12.0,,55.0,48.0,28.0,15.0,35.0,56.0,15.0,10.0,17.0,,32,19.0,31.0,42.0,32.0,44.0,13,26.0,,15,41.0,28.0,23.0,10.0,28.0,38.0,16.0,17.0,25.0,53.0,,36,27.0,33.0,23.0,42.0,39,23.0,48.0,39.0,3.0,,,15.0,20.0,31.0,33.0,25.0,12.0,5.0,18,19,38.0,34.0,30.0,24.0,5.0,17,21,48.0,34.0,,11.0,9.0,21.0,57.0,16.0,45.0,,43.0,,11.0,42.0,23.0,16,21,26.0,18.0,27.0,,,17,38.0,11.0,,35.0,38.0,24.0,,25.0,,5.0,24.0,24.0,12.0,10.0,56.0,5,16.0,17.0,15,36.0,30.0,0.0,,45.0,47.0,,46.0,13.0,22.0,21.0,24.0,3.0,14.0,35.0,39.0,31.0,22.0,19.0,28.0,35.0,33.0,,25.0,19.0,,,23.0,28.0,23.0,13.0,40.0,,18.0,10.0,43.0,27.0,,6.0,20.0,25.0,14.0,16.0,,51.0,41.0,38.0,47.0,9.0,54.0,6.0,,48.0,,17.0,25.0,,25.0,14.0,18.0,56.0,16,23.0,47.0,28.0,27.0,21.0,6.0,18.0,,23.0,,,19.0,,13.0,54.0,19.0,,12.0,35.0,41.0,47.0,12.0,38.0,24.0,11.0,16.0,17.0,38.0,44.0,57.0,20.0,19.0,33.0,26.0,50.0,40.0,21.0,,42.0,21.0,37.0,,36.0,24.0,57.0,17.0,9,11.0,26.0,3.0,27.0,32.0,,30.0,,9.0,15,20.0,29.0,,,26.0,29.0,13.0,27.0,35.0,50.0,14.0,17.0,39.0,7.0,21.0,55.0,33,34.0,19.0,,16.0,,,7.0,30.0,9.0,43.0,22.0,,3.0,23.0,18.0,16.0,21.0,,20.0,21.0,27.0,28.0,48.0,36.0,17,3,15.0,20.0,,22.0,0.0,26.0,19.0,36.0,34.0,20.0,28.0,24.0,41.0,32.0,15.0,18.0,20.0,18.0,23.0,57.0,6.0,11.0,,14.0,7.0,51.0,25.0,37.0,,,31.0,44.0,37.0,,18.0,33.0,29.0,42.0,9.0,32.0,24.0,26.0,44.0,33.0,19.0,50.0,22.0,13.0,12,40.0,7.0,34.0,11.0,14,25.0,,45.0,,28.0,42.0,14.0,43.0,17,28.0,18.0,15.0,,39.0,,30.0,37,22.0,,25.0,0.0,20,41.0,20.0,22.0,42.0,46.0,14.0,49.0,43.0,11.0,8.0,21.0,,22.0,7.0,36.0,34.0,48.0,,41.0,,,20.0,0.0,38.0,34,49.0,28.0,51.0,11.0,16.0,,13.0,33.0,,52.0,36.0,36.0,29.0,6,28.0,13.0,11.0,53.0,26.0,17.0,35.0,17.0,45.0,19.0,43.0,16.0,26.0,19.0,23.0,20.0,,13.0,11.0,32.0,38.0,,21.0,49.0,14.0,55.0,51.0,27.0,51.0,23.0,25.0,28.0,20.0,28.0,39.0,28.0,15.0,10.0,22.0,21.0,20.0,,50.0,,17.0,29.0,36.0,,54.0,45.0,55.0,23.0,18.0,53.0,,7.0,22.0,0.0,6.0,,,9.0,5.0,,28.0,16.0,,20.0,41.0,31,20.0,,19.0,28.0,34.0,47.0,14.0,,25.0,39.0,47.0,36.0,41.0,,16.0,22.0,16.0,34.0,24.0,46.0,45.0,34.0,23.0,23.0,9.0,,32.0,33.0,34.0,47.0,27.0,25.0,,55.0,5.0,18.0,24.0,51.0,35.0,48.0,,22.0,28.0,5.0,,27.0,13.0,,26.0,,,48.0,26.0,,32.0,46.0,56.0,50.0,,17.0,45.0,21.0,46.0,26.0,31.0,52.0,9.0,34.0,20.0,47.0,,47.0,20.0,17.0,15.0,39.0,,23.0,9.0,21.0,33.0,35.0,57.0,41.0,17.0,7.0,23.0,31.0,36.0,0.0,,41.0,46.0,24.0,,44.0,32.0,19.0,18.0,6.0,41.0,,54.0,29.0,21.0,32.0,11.0,54.0,3.0,49.0,,35.0,43.0,3.0,13.0,48.0,8.0,21.0,7.0,,47.0,,,36.0,,,,43.0,21,,10.0,30.0,29.0,30.0,22.0,24.0,34.0,29.0,,23,,21.0,33.0,21.0,24.0,22.0,39.0,24.0,14,22.0,37.0,,27.0,,,14.0,,23.0,15.0,0.0,17.0,35.0,41.0,42.0,23.0,45.0,39.0,30.0,,53.0,9.0,26.0,24.0,26.0,14.0,,44.0,51.0,55.0,10.0,14.0,7.0,46.0,45.0,34.0,,42.0,31.0,,10.0,25.0,52.0,23.0,,51.0,27.0,25.0,51.0,42.0,,34.0,,9.0,31.0,20.0,,26.0,21.0,38.0,19.0,28.0,34.0,10.0,32.0,11.0,25.0,53.0,49.0,31.0,24.0,24.0,32.0,22.0,17.0,,40.0,13.0,51.0,,44.0,,,3.0,13.0,48.0,17.0,13.0,39.0,23.0,7.0,,,,23.0,,28.0,,20.0,10.0,22.0,18.0,,34.0,28.0,32.0,,35.0,4,38.0,,52.0,,,16.0,26.0,40.0,53.0,,34.0,34.0,,25.0,17.0,10.0,,13.0,21.0,32.0,18.0,40.0,46.0,11.0,49.0,28.0,,33.0,30.0,21.0,21.0,36.0,37.0,9.0,,27.0,37.0,,52.0,14.0,29.0,30.0,7.0,10.0,18.0,28.0,18.0,53.0,,27.0,36.0,44.0,15.0,24.0,33.0,11.0,15.0,,23.0,40.0,38.0,29.0,6.0,,22.0,8.0,31.0,23.0,22.0,13.0,21.0,30.0,0.0,38.0,13.0,14.0,32.0,16.0,43.0,43,21.0,,11,0.0,0.0,12.0,,21.0,24.0,27.0,21.0,27.0,17.0,,51.0,31.0,44.0,42.0,48.0,,,,44.0,22.0,,42.0,33.0,,11.0,37.0,9.0,15.0,,7.0,43.0,46.0,50.0,29.0,34.0,13.0,21.0,34.0,13.0,19.0,26.0,11.0,14.0,0.0,15.0,30.0,18.0,29.0,53.0,,23.0,31.0,43.0,21.0,17.0,41.0,20.0,22.0,21.0,29.0,42.0,32.0,29.0,28.0,57.0,16.0,41.0,14.0,29.0,11.0,37.0,28.0,,24.0,39.0,48.0,,,55.0,18.0,11.0,0.0,,55.0,15.0,,,15.0,48.0,16.0,26.0,,13.0,,32.0,18.0,17.0,,56.0,,29.0,16.0,20.0,17.0,26.0,35.0,50.0,,34.0,,15.0,16.0,,24.0,14.0,30.0,31.0,33.0,28.0,31.0,29.0,13.0,35.0,16.0,,22.0,21.0,42.0,21.0,4.0,20.0,,18.0,25.0,50.0,31.0,50.0,27.0,9.0,11.0,10.0,9.0,,22.0,7.0,34.0,26.0,17.0,22.0,13.0,14.0,32.0,40.0,38.0,,19.0,22.0,,44.0,41.0,41.0,53.0,,21.0,,23.0,53.0,49.0,,38.0,9.0,9.0,35.0,20.0,11.0,13.0,29.0,19.0,23.0,42.0,28.0,54.0,27.0,50.0,40.0,19.0,41.0,,14.0,20.0,53.0,4.0,9.0,,35.0,34.0,55.0,31.0,4.0,11.0,,33.0,44.0,21.0,45.0,25.0,17.0,31.0,39.0,11.0,23.0,27.0,51.0,,49.0,,38.0,35.0,42.0,,20.0,8.0,,24.0,35.0,7.0,47.0,53.0,,26.0,18.0,29.0,,10.0,11.0,29.0,17.0,0.0,,,47.0,20.0,,21.0,33.0,33.0,47.0,,20.0,37.0,,36.0,15.0,29.0,24.0,50.0,0.0,18.0,17.0,,,,45.0,45.0,8.0,0.0,39.0,54.0,,24.0,29.0,19.0,28.0,31.0,30.0,37.0,,52.0,13.0,5.0,,33.0,,30.0,,32.0,32.0,27.0,,,36.0,45.0,17.0,39.0,32.0,9.0,30.0,,32.0,31.0,39.0,30.0,20.0,37.0,52.0,16.0,12.0,,37.0,16.0,27.0,18.0,43.0,28.0,38.0,34.0,23.0,,,13.0,26.0,10.0,,10.0,32.0,27.0,19.0,,43.0,8.0,37.0,,14.0,45.0,54.0,,4.0,26.0,,22.0,24.0,30.0,,,45.0,35.0,27.0,17.0,,27.0,54.0,,9.0,32.0,26.0,35.0,,23.0,26.0,,46.0,,10.0,48.0,14.0,,50.0,,8.0,34.0,19.0,41.0,,39.0,53.0,32.0,25.0,6.0,26.0,27.0,,56.0,5.0,41.0,40.0,27.0,14.0,44.0,32.0,35.0,3.0,,55.0,,35.0,46.0,,18.0,,28.0,36.0,41.0,25.0,11.0,,,31.0,29.0,39.0,32.0,,48.0,19.0,,23.0,32.0,45.0,15.0,37.0,17.0,,17.0,10.0,,,32.0,35.0,15.0,33.0,33.0,17.0,44.0,,48.0,,28.0,53.0,30.0,,23.0,18.0,19.0,41.0,20.0,16.0,,20.0,4.0,39.0,24.0,,46.0,23.0,14.0,30.0,37.0,42.0,21.0,38.0,40.0,,20.0,35.0,,44.0,31.0,31.0,33.0,,32.0,42.0,44.0,,15.0,,34.0,37.0,52.0,34.0,15.0,,36.0,21.0,27.0,6.0,,34.0,27.0,,41.0,6.0,54.0,14.0,18.0,,,33.0,28.0,19.0,46.0,47.0,22.0,55.0,,13.0,39.0,9.0,31.0,,,45.0,22.0,43.0,47.0,49.0,30.0,43.0,12.0,22.0,49.0,,,22.0,25.0,,16.0,,48.0,,18.0,6.0,31.0,22.0,16.0,22.0,20.0,26.0,9.0,,,,6.0,,,39.0,45.0,,51.0,44.0,,,11.0,16.0,,37.0,27.0,12.0,24.0,,27.0,,18.0,27.0,,,43.0,48.0,28.0,,31.0,22.0,16.0,29.0,,21.0,43.0,,,10.0,46.0,47.0,27.0,56.0,25.0,,5.0,27.0,40.0,,,15.0,37.0,20.0,23.0,17.0,,,48.0,21.0,,27.0,,23.0,,20.0,28.0,29.0,22.0,40.0,23.0,36.0,34.0,15.0,,,31.0,18.0,24.0,23.0,11.0,,27.0,46.0,15.0,9.0,24.0,55.0,28.0,16.0,27.0,41.0,32.0,17.0,,,41.0,,36.0,,,,,40.0,,23.0,38.0,,40.0,19.0,26.0,,35.0,9.0,0.0,15.0,47.0,11.0,15.0,31.0,,28.0,32.0,13.0,32.0,52.0,24.0,,15.0,32.0,23.0,,26.0,17.0,54.0,46.0,56.0,21.0,17.0,,4.0,38.0,12.0,,44.0,26.0,3.0,11.0,16.0,18.0,25.0,41.0,46.0,49.0,,27.0,47.0,,54.0,28.0,42.0,,23.0,,,,,25.0,,,20.0,6.0,31.0,51.0,38.0,,45.0,,40.0,,20.0,56.0,,,35.0,7.0,11.0,49.0,14.0,40.0,48.0,44.0,12.0,46.0,,,56.0,35.0,47.0,16.0,14.0,,14.0,13.0,,,32.0,34.0,17.0,55.0,36.0,32.0,27.0,32.0,19.0,38.0,21.0,53.0,,8.0,41.0,,3.0,,34.0,16.0,34.0,22.0,15.0,,48.0,,20.0,13.0,37.0,35.0,43.0,27.0,43.0,17.0,37.0,14.0,30.0,20.0,0.0,13.0,,38.0,14.0,32.0,25.0,33.0,,23.0,32.0,29.0,12.0,27.0,21.0,,23.0,,,,55.0,21.0,22.0,41.0,,49.0,20.0,28.0,53.0,43.0,35.0,34.0,17.0,22.0,20.0,28.0,44.0,21.0,9.0,22.0,7.0,30.0,,19.0,46.0,,35.0,45.0,,15.0,,21.0,47.0,24.0,49.0,11.0,,0.0,28.0,33.0,55.0,35.0,,10.0,23.0,27.0,,,,36.0,33.0,44.0,32.0,42.0,43.0,19.0,29.0,13.0,49.0,,31.0,46.0,23.0,27.0,13.0,37.0,57.0,35.0,25.0,,57.0,,37.0,19.0,15.0,,38.0,39.0,28.0,10.0,15.0,36.0,42.0,37.0,55.0,23.0,17.0,15.0,27.0,,,10.0,21.0,31.0,22.0,,14.0,,10.0,20.0,25.0,15.0,12.0,,29.0,28.0,,51.0,43.0,,11.0,,15.0,28.0,22.0,39.0,,30.0,33.0,35.0,41.0,26.0,15.0,,,25.0,,53.0,48.0,33.0,16.0,44.0,8.0,,46.0,21.0,12.0,28.0,22.0,53.0,12.0,44.0,,54.0,,12.0,,22.0,32.0,18.0,31.0,22.0,17.0,,24.0,,44.0,,53.0,21.0,18.0,32.0,,,,29.0,29.0,12.0,44.0,13.0,26.0,10.0,32.0,,35.0,13.0,51.0,,,53.0,,57.0,20.0,25.0,16.0,23.0,24.0,27.0,,46.0,,22.0,,8.0,25.0,35.0,30.0,51.0,33.0,38.0,29.0,29.0,37.0,,25.0,56.0,,27.0,22.0,,14.0,,,29.0,6.0,45.0,22.0,44.0,,34.0,,33.0,34.0,24.0,35.0,49.0,21.0,28.0,,,,21.0,37.0,17.0,6.0,,,11.0,15.0,,,26.0,18.0,,27.0,,26.0,42.0,34.0,0.0,20.0,22.0,11.0,30.0,,26.0,32.0,40.0,44.0,26.0,19.0,13.0,36.0,36.0,,,1.0,34.0,,25.0,24.0,34.0,57.0,18.0,20.0,46.0,16.0,,,107,3,2.450819672131148,17.680365296803654,-0.3562504244300367
2,1,2,8,4,5,6,5,4,4,3,7,4,5,5,12,13,3,14,12,2,0,5,5,7,13,11,5,4,6,13,7,1,4,7,8,3,10,14,6,17,14.0,15,15,7,5,0,11,11,9,9,5,7,5,31,5,10,6,12,5,11,10,8,8,31.0,6,14,7,13,10,12,8,9,8,14,12,7,19,13,8,9,7,4,4,10,9,11,10,12,7,14,5,14,13,11,9,12,15,14,11,8,24,16,7,11,11,10,2,10,3,10,14.0,15,8,27.0,14,9,1,9,20,15,12,10,15,10,10,15,35.0,10,11,17,8,25.0,9,13,31.0,7,17,3,12,28,15,16,16,34.0,24.0,4,17.0,4,10,13,6,23.0,18,13,7,15,13.0,12,19,33,12,7,35,20,11.0,9,18,4,16,9,8.0,0,14,9,19,16,17.0,12,16.0,20,13,10,13,16,33.0,27.0,23,16,17.0,16.0,15,40,12,9,31,7,3,9.0,16,35,,8,9,10,36,25.0,22,17,9,11,33.0,22,5,6,13,10,22,11,13.0,27.0,8,15,7,17.0,18,11,31,,16,9.0,9.0,3,7,9.0,38,14,1,9.0,,14,11,16,19,30,12.0,10,14,6,11,12,10,38.0,35.0,23,13.0,15.0,15.0,33.0,23,12.0,16,14,25,16.0,10.0,19.0,,30.0,6,9.0,15.0,21.0,6,8,12.0,12,16,11,8.0,42.0,12.0,29,14.0,9,10,19.0,17.0,18,36.0,31.0,10,19,20.0,7,14.0,9.0,7.0,7,7,16.0,24,17,6,13,11,12,21,18,13,25,31,13,44.0,43.0,11,11,13,39.0,17.0,13,26,10,25.0,6,12.0,7,14,13,9,41,15.0,15,28.0,12,29,35.0,12,23,12,13.0,6.0,27,25.0,13.0,36.0,23.0,14.0,19,19.0,28,34,0,17.0,12,12.0,,14,,13.0,30.0,21,42.0,14,21,15,27,15,11,17,12.0,15,31.0,21,22,16,43.0,16,0.0,55,,9,16.0,22,7,16.0,22,7.0,22,51.0,16.0,12,17,27.0,39.0,13.0,6.0,20.0,13,18.0,36.0,32,15.0,11,20,10.0,15.0,32,43.0,36,25.0,14.0,24,19,28,42.0,15,17.0,,19,18.0,21,10.0,20,13,14,5.0,0.0,33,14,19,25.0,15.0,12,12,37.0,14,11.0,22.0,36.0,13.0,24.0,44.0,29.0,18.0,,37.0,20,7,17.0,23.0,32.0,6.0,21.0,16.0,33.0,31.0,14,22,25.0,19.0,19,19.0,19.0,12.0,25.0,14.0,36.0,14,15,28.0,43.0,42.0,21.0,31,20.0,19.0,9.0,22,26,27,9.0,48.0,5.0,42.0,17,29,10.0,9.0,7,19.0,17.0,18,54.0,37.0,50.0,19,19.0,35,47.0,35.0,34.0,18,30.0,30,30.0,16,15,,33.0,43.0,33.0,20,27,32,43.0,18,14.0,13,29,21.0,32,8,17.0,16.0,16,12,19.0,8.0,37.0,33.0,30.0,10.0,15,16.0,16,29,23.0,14.0,,17.0,13.0,6.0,15,22,17.0,6.0,25.0,15.0,9.0,51.0,6,6.0,25,32.0,,,3.0,12,24.0,22,37.0,,0.0,23,,19.0,26.0,38,36,12.0,,12.0,,,34.0,18.0,29.0,11.0,34.0,11.0,21.0,28,23,53.0,7.0,24.0,11,21,6,20,,14.0,12,12,6.0,,18,16.0,37.0,28.0,12,19.0,44.0,21.0,18,28.0,,10.0,33.0,52.0,18.0,12,20.0,14,11.0,12,8,14,44.0,11.0,14.0,,33.0,8.0,13.0,26.0,12.0,28.0,45.0,8,14.0,57.0,33,25.0,,3.0,3.0,29,24.0,23.0,,14,24,11.0,40,13.0,15.0,36.0,8.0,27,19.0,7,30,33.0,7,20.0,16,26.0,32.0,21.0,15,31,9.0,21.0,27,46.0,15,,13,,6.0,39.0,,12.0,7.0,20,37.0,17.0,36.0,33.0,55.0,28.0,29.0,34,14,28.0,24,24,23,,,20.0,23.0,,16.0,44,15.0,10.0,0.0,15,37.0,0.0,15.0,22.0,20.0,16,47.0,30.0,29.0,,23.0,5.0,24.0,43,17.0,,35.0,34.0,,30.0,20.0,15,44.0,53.0,17.0,7.0,17,9,4.0,18.0,13,24.0,37.0,14.0,15,32.0,45.0,13.0,12.0,15,32.0,9.0,7.0,,24.0,22.0,41.0,2.0,44.0,23,28,38.0,38.0,,36.0,45.0,13.0,32.0,40.0,24.0,37.0,16,14,27.0,20,,9.0,8.0,32.0,16,22,18.0,,25.0,30.0,,,31.0,19.0,11.0,9,20.0,35.0,,18.0,,20.0,14,18.0,22.0,16.0,10,23.0,17.0,22.0,27.0,23.0,22.0,2,22.0,17,41.0,22.0,13.0,24.0,16.0,41.0,49.0,18.0,8.0,11.0,32.0,38.0,14.0,14.0,32.0,21.0,0.0,18.0,54.0,,42.0,26,23.0,21.0,9,23.0,22.0,15,13.0,15.0,22.0,16,18,20,38.0,24.0,35.0,11.0,51.0,30.0,10.0,7.0,29.0,19,13.0,15,33.0,13,20,42.0,25,9.0,52.0,21.0,,15,17.0,14.0,38.0,1.0,14.0,15.0,56,53.0,31,33.0,30.0,,18,33.0,19,46,18.0,16.0,34.0,21,31.0,,14,25.0,,30.0,35.0,,56.0,55.0,35.0,10,34.0,26.0,55.0,53.0,41.0,37.0,,13.0,18,12.0,16,34.0,19.0,35.0,48.0,24,23,16.0,30.0,17.0,20.0,38.0,29.0,44.0,,52.0,14,13.0,19.0,34,32,10.0,12.0,15,9.0,23.0,10,12.0,6,13,39,29.0,49.0,21.0,2.0,34.0,13.0,,17.0,26.0,30.0,29.0,14.0,46.0,40.0,6.0,35.0,18.0,25.0,26.0,19.0,,17.0,14.0,,36.0,21.0,37.0,19.0,7.0,37.0,46.0,13.0,18.0,16.0,25.0,50.0,12.0,21.0,35.0,17.0,41.0,23.0,35.0,55.0,16.0,55.0,17.0,,13,17.0,49.0,30.0,6,30.0,8.0,35.0,12.0,42.0,37.0,14.0,7.0,22.0,20.0,38.0,,12.0,41.0,11.0,29.0,35.0,16.0,21.0,37.0,50.0,15.0,36.0,17.0,24.0,53.0,27.0,43.0,6,44.0,27.0,14.0,11,23.0,38.0,57.0,10.0,42.0,,52.0,24.0,0.0,17,20.0,27.0,34.0,3.0,55.0,,16,18,32.0,33.0,13.0,17.0,4.0,32.0,28,14,,21.0,,24.0,45.0,21.0,,24.0,,23.0,10.0,32.0,12.0,20.0,45.0,28.0,28,9.0,11.0,31.0,27.0,,24,17.0,38,18.0,19,36.0,43.0,36.0,,6.0,43.0,25.0,27.0,15.0,33.0,,16.0,24,16.0,28.0,28.0,23.0,29.0,12,28.0,8.0,26.0,0.0,30.0,37.0,38.0,,56.0,16,20,45.0,,,8.0,23.0,11.0,48.0,38.0,15,15.0,,51.0,24.0,50.0,43.0,12.0,45.0,10,11.0,56.0,33.0,10,19,,29.0,,44.0,42.0,7.0,30.0,,20.0,2.0,35.0,15.0,28.0,19.0,19.0,22,43.0,16.0,17.0,36.0,38.0,14,44.0,14.0,18,32.0,17.0,20.0,26.0,40.0,31.0,47.0,55.0,6.0,24.0,27.0,15,18.0,21.0,7.0,18.0,24,1.0,21.0,26.0,21.0,20.0,33.0,0.0,23.0,53.0,38.0,22.0,45.0,29.0,27,27,,13.0,42.0,3.0,46.0,27,23,16.0,13.0,54.0,,0.0,21.0,44.0,23.0,13.0,39.0,,,15.0,13.0,11.0,29,18,17.0,39.0,25.0,,41.0,30,13.0,,28.0,34.0,32.0,29.0,16.0,57.0,,37.0,56.0,,42.0,15.0,44.0,28,39.0,18.0,37,26.0,,40.0,26.0,12.0,,11.0,49.0,48.0,48.0,31.0,13.0,27.0,36.0,26.0,38.0,34.0,22.0,17.0,,0.0,41.0,,35.0,15.0,24.0,22.0,21.0,46.0,45.0,9.0,,8.0,55.0,23.0,27.0,11.0,23.0,23.0,13.0,48.0,22.0,21.0,,26.0,27.0,,41.0,35.0,12.0,19.0,24.0,30.0,30.0,33.0,,9.0,,11.0,36.0,32.0,18,46.0,31.0,39.0,9.0,10.0,30.0,7.0,38.0,57.0,57.0,28.0,12.0,22.0,24.0,36.0,8.0,,14.0,56.0,16.0,30.0,,41.0,17.0,31.0,,18.0,8.0,26.0,38.0,4.0,25.0,31.0,23.0,36.0,22.0,,21.0,,27.0,31.0,30.0,,31.0,13.0,30.0,27,32.0,45.0,,38.0,42.0,13.0,22.0,11.0,42.0,21,2.0,,11.0,13.0,21.0,45.0,12.0,10.0,12.0,43.0,,,22.0,56.0,,,31,32.0,4.0,,46.0,2.0,8.0,17.0,7.0,27.0,32.0,7.0,,20.0,49.0,,28.0,22.0,13.0,12.0,30.0,57.0,,4.0,13.0,16,21,,29.0,44.0,21.0,43.0,25.0,34.0,25.0,55.0,33.0,37.0,31.0,34.0,,47.0,39.0,50.0,36.0,,,44.0,13.0,37.0,,22.0,44.0,,24.0,37.0,29.0,27.0,8.0,55.0,,54.0,22.0,24.0,54.0,14.0,8.0,35.0,24.0,23.0,34.0,31.0,14.0,14.0,25.0,14,57.0,45.0,24.0,31.0,30,13.0,33.0,,33.0,12.0,49.0,17.0,,25,17.0,15.0,26.0,41.0,,27.0,,36,36.0,22.0,37.0,27.0,17,,22.0,23.0,26.0,,6.0,31.0,28.0,20.0,4.0,22.0,,17.0,15.0,25.0,13.0,,35.0,54.0,42.0,44.0,24.0,9.0,13.0,24,44.0,11.0,21.0,15.0,22.0,,8.0,31.0,,46.0,19.0,43.0,,22,22.0,16.0,18.0,36.0,55.0,,,24.0,,,40.0,34.0,18.0,50.0,21.0,41.0,22.0,49.0,,22.0,51.0,,,38.0,33.0,,33.0,28.0,,24.0,51.0,25.0,18.0,9.0,7.0,10.0,46.0,30.0,19.0,14.0,8.0,27.0,35.0,,4.0,25.0,57.0,31.0,32.0,28.0,,35.0,37.0,23.0,,22.0,46.0,39.0,13.0,43.0,15.0,18.0,42.0,,39.0,19.0,36.0,49.0,26.0,15,12.0,,,26.0,32.0,,22.0,21.0,18.0,15.0,24.0,18.0,,10.0,32.0,43.0,47.0,15.0,45.0,11.0,,39.0,23.0,20.0,40.0,,16.0,29.0,23.0,27.0,26.0,15.0,,40.0,8.0,18.0,17.0,35.0,36.0,35.0,39.0,29.0,,52.0,,43.0,14.0,45.0,9.0,30.0,,32.0,7.0,,26.0,11.0,30.0,32.0,39.0,18.0,30.0,24.0,,,25.0,24.0,10.0,1.0,26.0,,7.0,,7.0,47.0,50.0,17.0,,24.0,44.0,26.0,15.0,46.0,23.0,,11.0,30.0,23.0,,18.0,46.0,22.0,27.0,16.0,41.0,37.0,41.0,37.0,,51.0,18.0,,24.0,,26.0,37.0,21.0,22.0,37.0,19.0,,6.0,24.0,,0.0,16.0,26.0,22.0,39.0,40.0,33.0,29.0,9.0,46.0,12.0,,13.0,38.0,,24,43.0,26.0,25.0,12.0,44.0,16.0,24.0,,38.0,28.0,28,21.0,15.0,33.0,27.0,11.0,47.0,53.0,,22,39.0,15.0,,45.0,46.0,51.0,25.0,16.0,16.0,,,18.0,14.0,,22.0,24.0,10.0,16.0,,47.0,19.0,8.0,22.0,29.0,32.0,28.0,22.0,24.0,13.0,30.0,20.0,,57.0,56.0,15.0,,14.0,22.0,44.0,,24.0,,31.0,25.0,57.0,14.0,30.0,,46.0,,45.0,7.0,,27.0,15.0,36.0,11.0,14.0,29.0,,25.0,24.0,5.0,19.0,57.0,32.0,32.0,46.0,51.0,37.0,24.0,27.0,48.0,17.0,11.0,39.0,15.0,31.0,35.0,30.0,44.0,53.0,11.0,0.0,22.0,0.0,,46.0,,30.0,16.0,,48.0,16.0,8.0,,29.0,19.0,34.0,10.0,24.0,22.0,16.0,44.0,45.0,33.0,35.0,15.0,22,,22.0,,21.0,14.0,31.0,,,,29.0,,55.0,36.0,36.0,27.0,16.0,14.0,9.0,28.0,45.0,,,12.0,,42.0,54.0,54.0,38.0,28.0,57.0,9.0,54.0,8.0,45.0,11.0,32.0,10.0,41.0,,,46.0,,3.0,,10.0,32.0,8.0,,,34.0,,18.0,26.0,,38.0,,9.0,36.0,39.0,40.0,50.0,14.0,36.0,26.0,,44.0,37.0,16.0,44.0,45.0,56.0,36.0,10.0,15.0,25.0,20.0,26.0,45.0,55.0,15,17.0,11.0,16,9.0,14.0,50.0,32.0,8.0,,44.0,,20.0,23.0,29.0,10.0,33.0,22.0,33.0,26.0,40.0,56.0,28.0,,19.0,32.0,42.0,29.0,29.0,,13.0,,19.0,19.0,29.0,17.0,,53.0,26.0,35.0,32.0,27.0,56.0,27.0,41.0,37.0,0.0,,30.0,24.0,36.0,13.0,29.0,22.0,,31.0,26.0,53.0,48.0,25.0,20.0,31.0,21.0,3.0,44.0,13.0,26.0,46.0,7.0,,39.0,,34.0,53.0,39.0,31.0,35.0,37.0,41.0,25.0,23.0,44.0,57.0,17.0,34.0,40.0,15.0,34.0,14.0,12.0,50.0,35.0,42.0,,,14.0,,7.0,9.0,,,31.0,38.0,,18.0,33.0,,19.0,20.0,39.0,33.0,2.0,15.0,,,29.0,,30.0,,0.0,24.0,35.0,31.0,8.0,13.0,29.0,53.0,,,37.0,11.0,54.0,42.0,42.0,25.0,10.0,39.0,0.0,33.0,32.0,34.0,13.0,25.0,26.0,15.0,36.0,19.0,46.0,51.0,10.0,6.0,23.0,,16.0,30.0,34.0,31.0,26.0,,,21.0,50.0,15.0,29.0,49.0,,42.0,,21.0,52.0,37.0,8.0,13.0,48.0,32.0,33.0,45.0,20.0,48.0,26.0,17.0,26.0,41.0,,45.0,,18.0,35.0,45.0,56.0,28.0,46.0,40.0,17.0,34.0,,30.0,34.0,13.0,32.0,,24.0,24.0,20.0,46.0,9.0,,28.0,53.0,,47.0,19.0,25.0,29.0,31.0,0.0,27.0,40.0,,17.0,,48.0,44.0,19.0,,50.0,56.0,15.0,52.0,,49.0,17.0,32.0,43.0,23.0,39.0,23.0,35.0,24.0,14.0,30.0,21.0,26.0,0.0,43.0,52.0,,34.0,9.0,17.0,32.0,,15.0,14.0,21.0,,30.0,10.0,30.0,,41.0,21.0,,,,26.0,8.0,30.0,33.0,16.0,23.0,17.0,37.0,14.0,34.0,,,,12.0,45.0,43.0,,9.0,39.0,4.0,,22.0,47.0,,52.0,20.0,6.0,19.0,48.0,32.0,23.0,16.0,20.0,,20.0,,13.0,12.0,22.0,34.0,35.0,45.0,15.0,,,17.0,17.0,52.0,14.0,44.0,17.0,24.0,56.0,,,12.0,42.0,27.0,,55.0,25.0,28.0,38.0,45.0,34.0,44.0,12.0,30.0,29.0,,21.0,37.0,,39.0,26.0,48.0,18.0,53.0,52.0,25.0,37.0,53.0,18.0,,12.0,24.0,36.0,16.0,7.0,,,40.0,,9.0,43.0,,57.0,46.0,,,12.0,33.0,10.0,,,,,,15.0,19.0,41.0,,44.0,35.0,6.0,47.0,28.0,8.0,,26.0,,,20.0,,48.0,,48.0,16.0,,18.0,43.0,54.0,46.0,33.0,35.0,,29.0,13.0,,22.0,16.0,21.0,16.0,25.0,36.0,30.0,10.0,46.0,50.0,32.0,,40.0,23.0,41.0,36.0,54.0,45.0,,29.0,25.0,28.0,15.0,33.0,,9.0,30.0,26.0,33.0,24.0,44.0,40.0,15.0,55.0,50.0,23.0,,,15.0,,22.0,29.0,8.0,45.0,,,21.0,,50.0,,55.0,17.0,23.0,30.0,,6.0,4.0,25.0,4.0,30.0,,21.0,54.0,20.0,50.0,19.0,,20.0,14.0,35.0,35.0,10.0,40.0,,19.0,32.0,,30.0,53.0,39.0,31.0,45.0,,34.0,37.0,53.0,37.0,30.0,55.0,,43.0,31.0,11.0,,26.0,30.0,,26.0,,5.0,6.0,,,51.0,5.0,,,,27.0,19.0,,11.0,29.0,,,24.0,44.0,,39.0,8.0,,,21.0,53.0,21.0,40.0,,43.0,,22.0,15.0,41.0,15.0,36.0,30.0,20.0,54.0,44.0,26.0,53.0,45.0,19.0,11.0,54.0,,22.0,,37.0,,,38.0,,9.0,27.0,,8.0,51.0,31.0,19.0,5.0,45.0,,45.0,28.0,37.0,43.0,43.0,23.0,24.0,49.0,,29.0,22.0,,19.0,0.0,21.0,43.0,35.0,24.0,53.0,49.0,31.0,39.0,,16.0,27.0,25.0,33.0,15.0,,16.0,18.0,,,31.0,56.0,39.0,46.0,31.0,29.0,17.0,,28.0,,20.0,15.0,,27.0,41.0,28.0,,45.0,56.0,,47.0,26.0,8.0,45.0,45.0,,,21.0,48.0,18.0,50.0,0.0,16.0,43.0,47.0,7.0,2.0,16.0,14.0,37.0,,0.0,13.0,28.0,53.0,,0.0,17.0,29.0,32.0,48.0,28.0,35.0,28.0,9.0,16.0,,19.0,19.0,,21.0,,,40.0,10.0,40.0,,16.0,15.0,37.0,,,21.0,7.0,22.0,,14.0,16.0,24.0,15.0,55.0,11.0,14.0,17.0,18.0,37.0,50.0,20.0,42.0,,19.0,,,,26.0,,50.0,,45.0,55.0,,,53.0,40.0,30.0,21.0,,40.0,,19.0,25.0,12.0,,20.0,15.0,29.0,52.0,33.0,,40.0,43.0,12.0,54.0,53.0,4.0,13.0,43.0,,34.0,21.0,41.0,13.0,,53.0,34.0,21.0,29.0,,56.0,28.0,38.0,,,46.0,14.0,17.0,0.0,17.0,19.0,,22.0,,15.0,,,52.0,,9.0,,,34.0,,,55.0,15.0,30.0,42.0,44.0,14.0,,26.0,41.0,,19.0,25.0,23.0,13.0,33.0,0.0,,,,41.0,,42.0,,27.0,18.0,,19.0,,26.0,45.0,44.0,33.0,12.0,31.0,27.0,,32.0,,14.0,40.0,20.0,14.0,24.0,36.0,14.0,,36.0,,28.0,23.0,36.0,9.0,10.0,19.0,9.0,23.0,41.0,,39.0,42.0,56.0,,22.0,12.0,,27.0,12.0,,33.0,16.0,56.0,54.0,33.0,,37.0,57.0,38.0,6.0,19.0,43.0,39.0,16.0,24.0,23.0,42.0,26.0,43.0,22.0,22.0,28.0,32.0,,11.0,22.0,12.0,53.0,23.0,,,57.0,13.0,24.0,43.0,13.0,51.0,27.0,41.0,,,,15.0,40.0,56.0,42.0,12.0,,52.0,26.0,,21.0,44.0,,37.0,10.0,,29.0,49.0,8.0,19.0,18.0,50.0,,34.0,24.0,28.0,,,14.0,,17.0,36.0,,22.0,,17.0,,,36.0,22.0,23.0,22.0,29.0,,52.0,19.0,,27.0,35.0,7.0,46.0,,13.0,23.0,,26.0,,26.0,37.0,,32.0,0.0,25.0,,,26.0,55.0,19.0,,23.0,,42.0,51.0,26.0,,26.0,7.0,8.0,,21.0,20.0,51.0,31.0,57.0,35.0,33.0,32.0,24.0,34.0,11.0,,50.0,55.0,51.0,34.0,18.0,15.0,13.0,,,29.0,44.0,26.0,29.0,19.0,26.0,18.0,26.0,,37.0,22.0,,32.0,8.0,,27.0,12.0,35.0,13.0,,11.0,43.0,54.0,22.0,39.0,10.0,46.0,32.0,,,23.0,35.0,28.0,,46.0,40.0,,33.0,,25.0,5.0,25.0,32.0,45.0,34.0,22.0,35.0,9.0,35.0,9.0,33.0,7.0,,,20.0,21.0,14.0,8.0,51.0,23.0,11.0,29.0,,,57.0,30.0,5.0,,33.0,26.0,7.0,15.0,,8.0,,17.0,38.0,,13.0,,,,27.0,21.0,,11.0,12.0,15.0,25.0,20.0,25.0,,46.0,13.0,18.0,,37.0,11.0,23.0,,38.0,12.0,,23.0,49.0,,25.0,,,54.0,45.0,37.0,35.0,45.0,,,108,3,2.3806970509383376,18.17378752886836,-0.31669148459456137
10,10,8,9,9,11,11,11,9,15,9,11,11,13,1,12,14,17,11,20,12,14,12,15,12,13,19,13,8,12,16,14,10,14,12,18,26,13,12,16,16,20.0,18,14,12,11,18,22,18,32,15,15,16,15,10,17,15,12,13,16,17,3,17,22,42.0,15,10,12,16,20,23,17,18,15,17,16,15,19,18,11,25,16,14,17,12,20,19,16,27,22,18,21,17,16,13,17,16,17,19,22,18,21,20,7,16,12,13,12,14,18,18,,17,24,25.0,13,14,18,14,20,19,18,19,18,13,21,17,14.0,16,12,23,17,19.0,19,22,33.0,20,23,12,20,14,22,20,24,27.0,43.0,17,50.0,12,23,16,22,28.0,13,19,34,7,41.0,16,7,36,17,19,35,21,18.0,15,5,14,21,20,16.0,11,22,12,23,27,23.0,20,26.0,17,20,9,22,22,52.0,25.0,35,26,21.0,49.0,21,53,16,13,27,13,14,33.0,19,10,,21,5,33,15,17.0,23,23,23,19,46.0,25,27,17,21,16,20,15,14.0,34.0,18,24,24,20.0,17,30,11,19.0,21,15.0,20.0,9,20,,27,23,1,32.0,45.0,15,20,22,18,21,19.0,16,19,25,20,19,15,45.0,32.0,30,,21.0,31.0,14.0,28,26.0,16,32,28,60.0,45.0,35.0,25.0,17.0,14,18.0,22.0,35.0,15,12,21.0,15,20,17,15.0,32.0,40.0,19,31.0,22,19,14.0,24.0,18,36.0,26.0,20,28,20.0,19,20.0,18.0,15.0,32,20,54.0,18,23,24,26,18,25,27,22,16,23,23,21,40.0,22.0,26,17,16,21.0,35.0,28,22,15,16.0,26,60.0,15,23,19,16,27,33.0,22,,8,36,16.0,35,17,15,41.0,30.0,14,20.0,,18.0,13.0,0.0,18,,30,34,16,17.0,23,27.0,36.0,20,15.0,39.0,27.0,29,12.0,20,34,20,27,27,14,36,23.0,13,23.0,21,34,6,46.0,20,,26,41.0,25,54.0,28,24,11.0,25,22.0,12,35.0,49.0,40,29,33.0,51.0,21.0,19.0,11.0,26,30.0,,27,54.0,20,10,21.0,20.0,46,18.0,22,26.0,45.0,34,25,18,,47,44.0,56.0,21,19.0,11,38.0,19,13,12,19.0,28.0,18,20,14,19.0,25.0,27,18,28.0,30,16.0,24.0,19.0,20.0,19.0,49.0,34.0,,35.0,44.0,21,31,22.0,5.0,11.0,20.0,26.0,53.0,57.0,15.0,31,28,34.0,35.0,29,52.0,40.0,17.0,27.0,23.0,36.0,32,17,,31.0,16.0,34.0,19,,28.0,27.0,28,20,22,,,20.0,28.0,12,24,13.0,36.0,10,27.0,27.0,27,50.0,27.0,35.0,26,28.0,31,25.0,13.0,28.0,23,13.0,27,38.0,19,18,31.0,38.0,51.0,19.0,21,24,17,35.0,32,34.0,33,18,20.0,43,20,32.0,23.0,34,21,25.0,24.0,38.0,30.0,22.0,27.0,25,21.0,23,20,35.0,26.0,46.0,26.0,44.0,35.0,26,25,17.0,50.0,21.0,53.0,23.0,32.0,27,17.0,47,37.0,,16.0,,32,18.0,20,23.0,48.0,28.0,33,18.0,47.0,,8,39,44.0,48.0,26.0,15.0,21.0,20.0,,49.0,29.0,,49.0,29.0,25,32,55.0,24.0,25.0,21,33,13,22,24.0,31.0,15,12,13.0,51.0,0,48.0,31.0,23.0,33,,16.0,42.0,20,50.0,18.0,38.0,52.0,24.0,53.0,22,19.0,21,20.0,12,34,24,57.0,45.0,19.0,43.0,,,,38.0,27.0,25.0,46.0,16,63.0,,35,40.0,,40.0,15.0,19,26.0,,27.0,23,26,45.0,26,20.0,16.0,16.0,37.0,31,35.0,27,22,26.0,30,,12,28.0,0.0,33.0,19,21,52.0,29.0,33,24.0,24,32.0,15,37.0,59.0,18.0,,28.0,32.0,34,20.0,,35.0,28.0,23.0,40.0,23.0,19,17,21.0,24,46,29,19.0,47.0,24.0,24.0,24.0,11.0,44,28.0,10.0,39.0,18,36.0,,22.0,,,23,23.0,38.0,22.0,31.0,30.0,27.0,26.0,40,41.0,26.0,63.0,39.0,47.0,36.0,25.0,40,46.0,,21.0,,19,18,,24.0,35,33.0,,21.0,38,35.0,21.0,31.0,,22,31.0,22.0,32.0,36.0,32.0,26.0,15.0,47.0,0.0,17,27,23.0,38.0,,43.0,40.0,22.0,21.0,41.0,16.0,48.0,27,45,17.0,21,26.0,17.0,12.0,23.0,23,23,27.0,34.0,31.0,37.0,,28.0,,23.0,21.0,45,14.0,30.0,30.0,33.0,32.0,63.0,22,36.0,0.0,17.0,26,,16.0,37.0,26.0,36.0,11.0,32,25.0,34,22.0,,12.0,45.0,38.0,43.0,22.0,26.0,31.0,33.0,,43.0,53.0,44.0,48.0,38.0,31.0,42.0,,40.0,22.0,26,36.0,55.0,21,59.0,,17,51.0,40.0,,24,24,24,20.0,30.0,,49.0,44.0,23.0,27.0,33.0,33.0,21,21.0,15,45.0,23,22,29.0,26,9.0,19.0,28.0,15.0,33,19.0,28.0,16.0,38.0,,22.0,19,61.0,42,22.0,41.0,20.0,43,26.0,0,32,5.0,24.0,31.0,20,51.0,,17,,14.0,37.0,30.0,49.0,11.0,24.0,58.0,27,27.0,35.0,44.0,33.0,,17.0,28.0,21.0,23,37.0,29,34.0,13.0,52.0,27.0,25,21,23.0,26.0,40.0,38.0,28.0,36.0,56.0,16.0,43.0,23,21.0,18.0,34,28,21.0,19.0,22,24.0,23.0,15,25.0,17,14,14,20.0,31.0,40.0,15.0,17.0,,37.0,38.0,22.0,41.0,19.0,,25.0,41.0,37.0,0.0,0.0,37.0,34.0,0.0,63.0,35.0,,29.0,37.0,,,51.0,23.0,27.0,37.0,14.0,37.0,48.0,33.0,,18.0,36.0,19.0,14.0,,,15.0,20.0,33.0,,18.0,52.0,13,14.0,56.0,14.0,10,41.0,31.0,,34.0,36.0,41.0,15.0,16.0,54.0,27.0,25.0,38.0,27.0,27.0,15.0,40.0,31.0,24.0,33.0,27.0,30.0,48.0,60.0,22.0,32.0,25.0,,,25,,20.0,23.0,24,17.0,30.0,28.0,20.0,25.0,33.0,28.0,31.0,22.0,26,28.0,,24.0,14.0,51.0,,20,9,55.0,,21.0,33.0,43.0,,24,21,18.0,36.0,59.0,40.0,,25.0,23.0,23.0,23.0,19.0,36.0,25.0,,29.0,19.0,33.0,27,12.0,23.0,43.0,48.0,39.0,27,45.0,19,19.0,39,30.0,55.0,16.0,52.0,0.0,27.0,32.0,43.0,26.0,25.0,18.0,21.0,16,32.0,,22.0,0.0,29.0,28,25.0,43.0,24.0,62.0,21.0,19.0,,0.0,7.0,14,31,,51.0,27.0,12.0,31.0,41.0,60.0,15.0,17,21.0,,24.0,42.0,37.0,,29.0,7.0,14,6.0,25.0,44.0,26,15,25.0,,17.0,32.0,56.0,32.0,18.0,43.0,56.0,50.0,21.0,18.0,14.0,21.0,5.0,36,37.0,23.0,49.0,53.0,36.0,24,4.0,34.0,18,15.0,31.0,16.0,20.0,25.0,27.0,13.0,36.0,18.0,21.0,,31,23.0,19.0,34.0,40.0,22,13.0,,,22.0,17.0,37.0,31.0,26.0,37.0,10.0,42.0,24.0,46.0,27,15,,12.0,18.0,53.0,,26,50,54.0,,43.0,51.0,20.0,33.0,23.0,17.0,26.0,53.0,8.0,,12.0,57.0,37.0,18,20,14.0,26.0,33.0,15.0,26.0,24,12.0,,35.0,30.0,,42.0,23.0,,29.0,12.0,23.0,48.0,24.0,51.0,25.0,34,40.0,44.0,26,30.0,46.0,40.0,55.0,41.0,55.0,17.0,,26.0,33.0,33.0,,27.0,55.0,29.0,52.0,28.0,23.0,25.0,46.0,37.0,,,28.0,41.0,39.0,16.0,23.0,33.0,,21.0,35.0,13.0,37.0,13.0,38.0,,20.0,26.0,28.0,48.0,21.0,13.0,60.0,0.0,34.0,45.0,44.0,,27.0,26.0,,22.0,,35.0,40.0,15.0,38.0,,19.0,,20,27.0,38.0,,42.0,55.0,50.0,21.0,56.0,15.0,50.0,59.0,22.0,58.0,14.0,45.0,28.0,34.0,6.0,36.0,17.0,44.0,,53.0,37.0,19.0,,31.0,15.0,41.0,59.0,40.0,,34.0,48.0,35.0,26.0,,31.0,34.0,18.0,20.0,35.0,,35.0,30.0,17.0,33,0.0,30.0,27.0,57.0,,,43.0,33.0,17.0,25,17.0,26.0,40.0,56.0,39.0,58.0,45.0,23.0,16.0,27.0,15.0,33.0,26.0,63.0,48.0,56.0,62,63.0,18.0,51.0,17.0,27.0,19.0,28.0,28.0,20.0,,35.0,36.0,,25.0,,28.0,9.0,,58.0,18.0,16.0,19.0,39.0,23.0,20,20,59.0,19.0,45.0,17.0,30.0,28.0,14.0,31.0,,27.0,,59.0,20.0,34.0,45.0,34.0,31.0,28.0,52.0,24.0,28.0,4.0,54.0,39.0,28.0,39.0,54.0,32.0,49.0,,58.0,,50.0,35.0,54.0,,35.0,43.0,21.0,16.0,43.0,0.0,42.0,22.0,26.0,11.0,,21.0,28,32.0,60.0,36.0,24.0,22,36.0,,39.0,26.0,16.0,36.0,39.0,46.0,20,,20.0,38.0,43.0,36.0,46.0,59.0,27,,13.0,21.0,36.0,35,,45.0,,28.0,,14.0,57.0,17.0,19.0,26.0,25.0,35.0,52.0,23.0,22.0,44.0,51.0,58.0,38.0,63.0,13.0,15.0,25.0,44.0,30,37.0,,16.0,20.0,60.0,44.0,17.0,55.0,54.0,9.0,26.0,28.0,15.0,19,42.0,,38.0,,28.0,21.0,,30.0,3.0,6.0,37.0,43.0,,49.0,,,,54.0,,,,32.0,36.0,21.0,14.0,33.0,44.0,10.0,,15.0,0.0,17.0,37.0,20.0,31.0,,23.0,29.0,21.0,33.0,44.0,58.0,36.0,39.0,54.0,26.0,30.0,54.0,15.0,20.0,53.0,,54.0,20.0,32.0,22.0,19.0,45.0,,20.0,41.0,46.0,13.0,44.0,24.0,18.0,17.0,23.0,26.0,24,47.0,,39.0,24.0,63.0,,31.0,45.0,42.0,25.0,43.0,23.0,20.0,,14.0,,27.0,24.0,23.0,51.0,57.0,49.0,16.0,52.0,25.0,,23.0,32.0,27.0,18.0,44.0,13.0,30.0,36.0,60.0,28.0,59.0,34.0,26.0,21.0,,26.0,37.0,55.0,,0.0,59.0,48.0,31.0,37.0,29.0,,49.0,38.0,51.0,25.0,43.0,30.0,56.0,16.0,27.0,21.0,36.0,38.0,11.0,15.0,45.0,31.0,51.0,33.0,27.0,49.0,19.0,18.0,11.0,62.0,51.0,35.0,36.0,,32.0,40.0,40.0,57.0,52.0,37.0,32.0,33.0,,40.0,60.0,18.0,16.0,34.0,22.0,28.0,,23.0,28.0,53.0,25.0,39.0,23.0,47.0,23.0,28.0,22.0,44.0,30.0,44.0,23.0,23.0,,61.0,12.0,37.0,26.0,46.0,39.0,26.0,22.0,28.0,57.0,47.0,25.0,10.0,28.0,41.0,43,,,22.0,18.0,23.0,20.0,23.0,,26.0,50.0,31,11.0,40.0,35.0,43.0,15.0,,34.0,42.0,31,31.0,30.0,,29.0,16.0,46.0,53.0,,28.0,40.0,19.0,28.0,16.0,,34.0,46.0,45.0,52.0,19.0,19.0,,6.0,57.0,60.0,25.0,48.0,14.0,49.0,35.0,52.0,29.0,41.0,,,10.0,24.0,,28.0,20.0,63.0,22.0,42.0,19.0,30.0,,22.0,20.0,21.0,50.0,23.0,55.0,17.0,26.0,50.0,58.0,46.0,22.0,50.0,22.0,51.0,40.0,23.0,,18.0,,24.0,30.0,52.0,20.0,52.0,42.0,29.0,,28.0,26.0,57.0,44.0,31.0,27.0,39.0,,53.0,,57.0,16.0,51.0,18.0,42.0,22.0,28.0,29.0,19.0,32.0,11.0,54.0,34.0,25.0,21.0,33.0,14.0,51.0,19.0,17.0,,45.0,21.0,34.0,33.0,25,35.0,,25.0,39.0,44.0,35.0,16.0,16.0,31.0,20.0,,22.0,28.0,18.0,31.0,14.0,43.0,10.0,35.0,29.0,33.0,27.0,27.0,,47.0,18.0,39.0,33.0,35.0,34.0,27.0,,,,,,34.0,32.0,11.0,16.0,25.0,25.0,23.0,55.0,,53.0,47.0,23.0,,23.0,7.0,20.0,34.0,,22.0,46.0,42.0,63.0,43.0,,58.0,29.0,33.0,3.0,,38.0,,58.0,17.0,31.0,27.0,47.0,17.0,47.0,47.0,47.0,48.0,39.0,35.0,24,51.0,26.0,23,0.0,32.0,45.0,56.0,31.0,32.0,30.0,42.0,21.0,25.0,,,28.0,18.0,61.0,48.0,55.0,0.0,25.0,,,20.0,37.0,22.0,,16.0,21.0,,28.0,,22.0,18.0,,27.0,,44.0,35.0,,,25.0,62.0,45.0,35.0,38.0,,58.0,38.0,28.0,,,31.0,,29.0,28.0,37.0,50.0,,,28.0,24.0,22.0,13.0,43.0,20.0,16.0,,54.0,17.0,28.0,11.0,27.0,0.0,20.0,34.0,28.0,37.0,,,37.0,31.0,30.0,0.0,63.0,52.0,27.0,28.0,46.0,29.0,45.0,23.0,,58.0,40.0,27.0,19.0,27.0,,,22.0,60.0,,,23.0,51.0,,,27.0,25.0,56.0,39.0,32.0,34.0,,22.0,,22.0,30.0,50.0,33.0,39.0,22.0,30.0,22.0,17.0,53.0,22.0,30.0,,37.0,,19.0,26.0,31.0,55.0,55.0,,26.0,,36.0,18.0,55.0,,12.0,52.0,18.0,30.0,46.0,43.0,24.0,,62.0,55.0,59.0,51.0,,21.0,25.0,62.0,,,57.0,,33.0,,17.0,43.0,,14.0,36.0,28.0,,25.0,60.0,,15.0,,33.0,47.0,28.0,38.0,55.0,,37.0,,55.0,14.0,39.0,,,54.0,51.0,,43.0,42.0,46.0,49.0,0.0,32.0,41.0,31.0,,,,,42.0,,39.0,,,36.0,29.0,23.0,40.0,27.0,54.0,,62.0,,47.0,40.0,42.0,0.0,46.0,49.0,23.0,26.0,27.0,40.0,47.0,39.0,41.0,,28.0,29.0,21.0,42.0,13.0,34.0,33.0,,25.0,28.0,47.0,,,52.0,,,,11.0,36.0,55.0,43.0,24.0,18.0,63.0,,41.0,31.0,31.0,,19.0,15.0,,31.0,45.0,23.0,52.0,45.0,54.0,,51.0,36.0,34.0,27.0,24.0,52.0,38.0,48.0,31.0,62.0,27.0,19.0,,42.0,28.0,,54.0,20.0,41.0,38.0,31.0,10.0,51.0,35.0,26.0,,42.0,,22.0,51.0,51.0,16.0,38.0,,22.0,34.0,28.0,23.0,23.0,60.0,41.0,40.0,52.0,59.0,29.0,28.0,24.0,26.0,,0.0,27.0,,59.0,29.0,,31.0,40.0,,,55.0,46.0,,45.0,33.0,31.0,25.0,16.0,27.0,27.0,,0.0,,32.0,,11.0,50.0,,30.0,59.0,40.0,50.0,,29.0,20.0,,59.0,,51.0,59.0,23.0,16.0,26.0,,23.0,22.0,20.0,44.0,,59.0,,33.0,38.0,,26.0,45.0,18.0,25.0,,63.0,,,31.0,,58.0,55.0,51.0,39.0,,,40.0,44.0,,,46.0,45.0,47.0,36.0,,29.0,27.0,35.0,25.0,,44.0,,30.0,53.0,26.0,19.0,44.0,,29.0,5.0,37.0,24.0,56.0,,14.0,52.0,,52.0,13.0,21.0,18.0,,0.0,25.0,32.0,52.0,,48.0,21.0,59.0,58.0,,36.0,34.0,23.0,36.0,,,,49.0,55.0,39.0,63.0,,,41.0,35.0,50.0,,34.0,47.0,20.0,32.0,47.0,48.0,38.0,44.0,29.0,11.0,49.0,37.0,55.0,,32.0,20.0,,21.0,30.0,23.0,,27.0,,,34.0,39.0,,59.0,45.0,,27.0,,22.0,20.0,61.0,,11.0,,19.0,41.0,33.0,,13.0,,28.0,,46.0,20.0,55.0,21.0,22.0,14.0,0.0,6.0,46.0,42.0,29.0,,21.0,16.0,25.0,37.0,,14.0,55.0,24.0,23.0,26.0,,25.0,21.0,44.0,47.0,54.0,53.0,,,,47.0,22.0,15.0,20.0,17.0,41.0,39.0,,40.0,54.0,,20.0,23.0,,47.0,32.0,42.0,46.0,17.0,44.0,21.0,16.0,25.0,45.0,36.0,,28.0,46.0,51.0,46.0,,32.0,16.0,33.0,31.0,47.0,,24.0,,14.0,,57.0,37.0,,18.0,5.0,,42.0,37.0,31.0,52.0,59.0,,,54.0,,47.0,41.0,54.0,31.0,12.0,51.0,,45.0,51.0,31.0,,,24.0,18.0,23.0,36.0,61.0,44.0,28.0,43.0,15.0,34.0,15.0,44.0,,40.0,45.0,50.0,59.0,35.0,12.0,46.0,41.0,15.0,24.0,21.0,24.0,,44.0,18.0,32.0,12.0,53.0,40.0,42.0,22.0,19.0,61.0,,36.0,26.0,12.0,22.0,,42.0,15.0,46.0,40.0,22.0,,56.0,16.0,53.0,60.0,36.0,52.0,36.0,32.0,19.0,63.0,,53.0,57.0,47.0,,13.0,,46.0,61.0,58.0,20.0,22.0,45.0,,,,15.0,32.0,40.0,,,55.0,59.0,48.0,40.0,47.0,,22.0,,12.0,63.0,,37.0,51.0,53.0,48.0,38.0,32.0,37.0,45.0,,41.0,41.0,52.0,,,,23.0,34.0,39.0,38.0,27.0,22.0,46.0,54.0,58.0,50.0,55.0,15.0,54.0,27.0,,34.0,22.0,27.0,46.0,,,42.0,28.0,31.0,10.0,32.0,59.0,,18.0,53.0,,,54.0,25.0,34.0,16.0,31.0,43.0,20.0,,,24.0,63.0,44.0,,26.0,,40.0,15.0,33.0,,26.0,,54.0,,24.0,50.0,32.0,,,48.0,,51.0,40.0,20.0,,39.0,,33.0,47.0,45.0,,51.0,34.0,,21.0,48.0,46.0,,42.0,52.0,,57.0,58.0,39.0,,32.0,,,7.0,34.0,41.0,5.0,45.0,23.0,27.0,63.0,62.0,42.0,,28.0,25.0,18.0,20.0,17.0,49.0,11.0,25.0,52.0,,,43.0,,39.0,30.0,,33.0,21.0,50.0,42.0,41.0,28.0,18.0,23.0,11.0,29.0,50.0,29.0,35.0,,51.0,11.0,62.0,,,53.0,27.0,17.0,14.0,,,56.0,20.0,51.0,40.0,30.0,,,19.0,,,,19.0,42.0,44.0,27.0,21.0,15.0,,47.0,39.0,31.0,,35.0,0.0,56.0,25.0,37.0,,39.0,40.0,,,,30.0,55.0,22.0,15.0,14.0,,42.0,47.0,29.0,36.0,49.0,,13.0,,32.0,49.0,,13.0,29.0,20.0,40.0,46.0,24.0,,19.0,,41.0,11.0,39.0,0.0,,,43.0,,,51.0,1.0,,49.0,57.0,28.0,39.0,17.0,,28.0,,,38.0,,39.0,,36.0,29.0,46.0,,22.0,57.0,61.0,50.0,,26.0,38.0,24.0,26.0,27.0,38.0,17.0,38.0,28.0,44.0,,13.0,39.0,37.0,56.0,1.0,36.0,28.0,20.0,9.0,2.0,23.0,31.0,57.0,49.0,56.0,41.0,22.0,12.0,37.0,52.0,20.0,54.0,44.0,39.0,,58.0,38.0,55.0,43.0,14.0,51.0,,42.0,,38.0,40.0,,28.0,9.0,,41.0,28.0,12.0,63.0,,,,,27.0,,62.0,25.0,45.0,,58.0,43.0,41.0,63.0,19.0,,19.0,59.0,23.0,,,,,13.0,,20.0,52.0,0.0,61.0,55.0,32.0,42.0,21.0,50.0,47.0,30.0,38.0,29.0,,22.0,53.0,62.0,,41.0,59.0,13.0,24.0,,41.0,,,,47.0,43.0,,,57.0,,,53.0,27.0,55.0,26.0,53.0,,42.0,46.0,13.0,26.0,,47.0,10.0,,46.0,,31.0,63.0,19.0,31.0,33.0,17.0,42.0,57.0,,35.0,43.0,,28.0,32.0,43.0,109,3,2.5027777777777778,17.954285714285714,-0.35418928231593466
3,2,4,4,4,5,6,5,12,5,3,6,8,5,1,8,11,0,29,15,5,12,10,5,8,11,7,12,0,9,13,9,4,13,9,14,15,10,11,3,10,33.0,13,21,6,8,5,11,8,15,13,13,9,6,17,13,0,6,8,7,9,22,7,13,35.0,12,11,7,9,4,16,12,9,8,10,11,12,12,11,4,14,14,6,8,3,8,14,3,21,10,12,9,10,4,19,20,15,8,12,15,13,13,13,16,13,11,14,17,13,13,6,32.0,14,10,28.0,18,11,18,18,15,11,19,9,13,12,5,12,22.0,13,9,14,11,30.0,13,13,47.0,14,20,11,10,21,7,22,2,22.0,8.0,11,36.0,21,14,11,12,8.0,10,9,10,22,22.0,16,12,20,10,15,18,9,18.0,13,22,17,14,13,9.0,7,14,9,22,17,21.0,15,29.0,17,19,17,14,13,49.0,22.0,32,15,8.0,52.0,14,22,10,23,18,14,7,25.0,9,49,29.0,18,19,11,23,26.0,33,15,34,13,40.0,17,32,17,10,10,15,12,42.0,24.0,30,20,15,28.0,11,17,13,30.0,26,10.0,40.0,10,23,23.0,25,24,9,27.0,,20,17,13,21,13,32.0,22,20,16,15,8,22,18.0,20.0,18,45.0,39.0,21.0,22.0,16,27.0,24,21,10,35.0,17.0,30.0,4.0,,16,27.0,17.0,22.0,12,25,22.0,6,28,15,24.0,9.0,42.0,5,,19,29,15.0,21.0,16,49.0,10.0,12,21,9.0,8,45.0,19.0,26.0,24,18,11.0,12,22,19,14,8,17,4,11,7,26,46,12,22.0,19.0,17,18,13,39.0,28.0,39,27,9,31.0,25,23.0,19,16,28,7,13,51.0,0,19.0,24,14,28.0,3,18,19,19.0,,16,13.0,30.0,11.0,35.0,21.0,12,13.0,2,17,10,23.0,10,29.0,28.0,11,44.0,13.0,41.0,17,37.0,19,18,22,20,14,13,30,38.0,18,8.0,20,37,22,28.0,12,41.0,10,12.0,15,40.0,25,22,21.0,26,22.0,18,25.0,42.0,18,19,26.0,41.0,20.0,39.0,2.0,29,32.0,36.0,22,19.0,16,17,,29.0,11,26.0,16,16.0,20.0,18,20,26,35.0,26,20.0,41.0,35,23.0,6,26.0,16,18,12,7.0,24.0,23,23,20,59.0,20.0,38,11,46.0,18,26.0,23.0,16.0,21.0,9.0,35.0,25.0,12.0,27.0,16.0,3,15,18.0,16.0,23.0,44.0,32.0,55.0,,21.0,20,6,27.0,26.0,12,21.0,35.0,43.0,35.0,,21.0,17,31,,44.0,14.0,26.0,51,29.0,40.0,23.0,20,12,27,15.0,,20.0,29.0,18,14,15.0,29.0,8,55.0,48.0,21,40.0,23.0,39.0,10,57.0,24,26.0,20.0,46.0,10,23.0,15,37.0,15,11,21.0,19.0,26.0,43.0,3,19,45,12.0,14,18.0,9,7,29.0,13,21,11.0,30.0,19,17,20.0,22.0,25.0,22.0,17.0,9.0,17,30.0,24,6,50.0,13.0,29.0,30.0,54.0,,15,8,53.0,15.0,12.0,30.0,,25.0,24,19.0,11,46.0,36.0,7.0,11.0,21,6.0,16,,41.0,19.0,21,,46.0,,28,48,12.0,27.0,23.0,,50.0,25.0,47.0,18.0,18.0,,16.0,22.0,18,20,34.0,49.0,19.0,10,17,18,28,18.0,52.0,17,25,5.0,17.0,5,29.0,18.0,38.0,8,5.0,10.0,29.0,16,43.0,53.0,14.0,,42.0,,9,20.0,13,25.0,13,21,16,15.0,47.0,12.0,14.0,34.0,39.0,4.0,41.0,48.0,17.0,26.0,23,21.0,,31,16.0,28.0,13.0,24.0,23,30.0,,21.0,17,1,16.0,12,20.0,9.0,37.0,7.0,19,4.0,34,15,29.0,21,,18,21.0,,42.0,24,10,14.0,16.0,30,,21,26.0,21,,5.0,43.0,,21.0,11.0,20,10.0,36.0,0.0,19.0,27.0,21.0,,15,15,5.0,5,17,13,46.0,0.0,22.0,,,27.0,8,38.0,10.0,57.0,56,21.0,,23.0,26.0,33.0,22,52.0,40.0,32.0,,32.0,9.0,25.0,31,,37.0,7.0,,1.0,3.0,21.0,21,27.0,,13.0,16.0,24,27,18.0,31.0,19,58.0,13.0,27.0,23,19.0,,40.0,15.0,13,11.0,,33.0,44.0,12.0,16.0,17.0,,12.0,16,20,56.0,,26.0,21.0,19.0,20.0,17.0,0.0,14.0,25.0,37,7,20.0,11,,31.0,22.0,30.0,22,11,18.0,38.0,15.0,24.0,19.0,49.0,,23.0,3.0,28,6.0,,60.0,34.0,26.0,6.0,15,38.0,23.0,45.0,16,47.0,19.0,32.0,16.0,31.0,23.0,30,30.0,22,13.0,40.0,41.0,36.0,,21.0,,25.0,34.0,15.0,49.0,0.0,43.0,17.0,22.0,34.0,,18.0,9.0,,28.0,23,26.0,35.0,15,,60.0,16,12.0,,,16,21,22,40.0,17.0,59.0,17.0,13.0,11.0,18.0,51.0,,18,,19,14.0,29,34,51.0,20,27.0,12.0,38.0,46.0,21,9.0,9.0,7.0,21.0,,27.0,13,12.0,17,48.0,,16.0,15,30.0,16,15,21.0,45.0,59.0,10,11.0,12.0,22,24.0,,24.0,17.0,14.0,9.0,25.0,35.0,48,20.0,20.0,37.0,27.0,34.0,,15.0,0.0,22,23.0,6,39.0,10.0,,25.0,9,24,22.0,5.0,21.0,13.0,39.0,29.0,27.0,12.0,,19,15.0,13.0,30,23,16.0,30.0,11,24.0,43.0,14,30.0,26,27,44,32.0,46.0,59.0,7.0,48.0,58.0,58.0,56.0,23.0,36.0,13.0,10.0,18.0,23.0,22.0,12.0,19.0,10.0,32.0,23.0,,31.0,,6.0,37.0,22.0,31.0,15.0,7.0,16.0,34.0,23.0,29.0,50.0,,59.0,43.0,,56.0,22.0,9.0,27.0,20.0,12.0,,33.0,,26.0,23,9.0,42.0,34.0,15,34.0,54.0,,41.0,32.0,37.0,35.0,15.0,57.0,29.0,17.0,22.0,60.0,14.0,20.0,45.0,15.0,44.0,10.0,39.0,45.0,10.0,,22.0,25.0,20.0,18.0,29.0,18,35.0,25.0,27.0,21,14.0,,4.0,35.0,25.0,27.0,27.0,17.0,18.0,21,21.0,20.0,15.0,17.0,24.0,27.0,13,17,54.0,32.0,13.0,11.0,60.0,21.0,24,8,24.0,31.0,16.0,14.0,,23.0,57.0,,40.0,56.0,10.0,,,27.0,21.0,29.0,15,11.0,46.0,40.0,25.0,52.0,8,19.0,43,17.0,22,44.0,55.0,21.0,35.0,13.0,39.0,40.0,34.0,15.0,21.0,14.0,22.0,17,13.0,43.0,17.0,7.0,,39,43.0,36.0,27.0,21.0,18.0,17.0,,34.0,26.0,17,15,25.0,,,39.0,24.0,15.0,42.0,27.0,21,26.0,,31.0,41.0,25.0,39.0,18.0,6.0,8,32.0,28.0,17.0,33,12,15.0,37.0,27.0,27.0,12.0,13.0,,25.0,55.0,5.0,31.0,24.0,15.0,22.0,39.0,9,40.0,9.0,15.0,,54.0,13,54.0,20.0,23,31.0,24.0,33.0,,,25.0,24.0,54.0,25.0,,31.0,17,14.0,45.0,22.0,,12,27.0,59.0,15.0,12.0,26.0,33.0,29.0,5.0,16.0,31.0,25.0,45.0,54.0,28,28,19.0,4.0,34.0,,40.0,1,22,,,24.0,,13.0,25.0,14.0,16.0,19.0,10.0,29.0,51.0,,20.0,24.0,6,31,29.0,32.0,31.0,48.0,52.0,18,23.0,12.0,8.0,16.0,17.0,29.0,24.0,,14.0,17.0,27.0,,38.0,41.0,49.0,23,22.0,16.0,37,11.0,,17.0,26.0,45.0,16.0,21.0,,19.0,,25.0,15.0,5.0,29.0,14.0,26.0,51.0,14.0,25.0,8.0,16.0,30.0,29.0,16.0,37.0,,48.0,25.0,38.0,4.0,21.0,24.0,14.0,,54.0,13.0,16.0,56.0,,47.0,,49.0,11.0,21.0,50.0,25.0,,,38.0,8.0,31.0,,28.0,40.0,26.0,14.0,13.0,,39.0,39.0,14.0,39,28.0,33.0,,41.0,32.0,52.0,22.0,24.0,30.0,12.0,17.0,5.0,,9.0,33.0,25.0,,8.0,23.0,36.0,40.0,13.0,30.0,24.0,51.0,57.0,58.0,6.0,24.0,25.0,18.0,29.0,41.0,,15.0,21.0,,47.0,5.0,,11.0,16.0,19.0,11.0,17.0,18.0,22,41.0,,,18.0,,14.0,18.0,12.0,25.0,10,7.0,28.0,44.0,23.0,44.0,36.0,40.0,16.0,23.0,45.0,17.0,15.0,26.0,,10.0,34.0,9,36.0,27.0,26.0,24.0,8.0,36.0,15.0,5.0,49.0,17.0,43.0,13.0,31.0,,39.0,51.0,32.0,57.0,23.0,,31.0,50.0,33.0,17.0,21,14,,,21.0,24.0,35.0,16.0,34.0,12.0,21.0,15.0,52.0,25.0,,30.0,39.0,50.0,26.0,17.0,52.0,38.0,32.0,0.0,,58.0,,,51.0,19.0,,45.0,19.0,42.0,16.0,29.0,33.0,57.0,24.0,36.0,22.0,14.0,,23.0,21.0,19.0,34.0,,38.0,42.0,12,22.0,18.0,34.0,,17,13.0,37.0,54.0,29.0,23.0,40.0,42.0,,5,50.0,22.0,27.0,47.0,50.0,18.0,14.0,38,23.0,21.0,37.0,,52,,23.0,,36.0,59.0,10.0,15.0,5.0,29.0,6.0,17.0,,3.0,38.0,55.0,22.0,,60.0,,30.0,27.0,41.0,43.0,33.0,13,37.0,,16.0,13.0,29.0,,14.0,31.0,,55.0,31.0,37.0,43.0,22,14.0,37.0,23.0,27.0,21.0,18.0,30.0,22.0,55.0,10.0,11.0,20.0,57.0,19.0,41.0,17.0,14.0,52.0,52.0,28.0,37.0,58.0,15.0,36.0,54.0,,16.0,24.0,5.0,,57.0,18.0,31.0,,16.0,9.0,,,,16.0,18.0,28.0,14.0,12.0,16.0,,,53.0,52.0,48.0,60.0,40.0,24.0,15.0,,38.0,19.0,15.0,25.0,32.0,24.0,,13.0,59.0,42.0,18.0,28.0,13.0,28.0,21,43.0,50.0,,39.0,31.0,0.0,26.0,18.0,9.0,47.0,39.0,18.0,41.0,52.0,16.0,,13.0,40.0,23.0,24.0,51.0,57.0,48.0,25.0,47.0,17.0,7.0,,28.0,17.0,39.0,39.0,,20.0,20.0,52.0,3.0,36.0,20.0,,37.0,0.0,16.0,36.0,,25.0,,42.0,43.0,,30.0,29.0,25.0,16.0,17.0,40.0,7.0,20.0,43.0,55.0,10.0,32.0,,,55.0,35.0,22.0,14.0,9.0,12.0,,54.0,14.0,57.0,20.0,,37.0,19.0,31.0,32.0,,40.0,31.0,42.0,17.0,26.0,24.0,48.0,42.0,43.0,37.0,24.0,49.0,38.0,27.0,19.0,14.0,40.0,0.0,,15.0,29.0,16.0,29.0,,23.0,,18.0,22.0,17.0,19.0,58.0,40.0,41.0,8.0,14.0,8.0,37.0,19.0,55.0,24.0,50.0,,17.0,,30.0,,13.0,27,,28.0,21.0,14.0,,10.0,49.0,33.0,31.0,23.0,31,,,,12.0,24.0,42.0,0.0,50.0,17,25.0,22.0,21.0,5.0,,39.0,31.0,,15.0,42.0,18.0,26.0,57.0,40.0,,23.0,16.0,25.0,32.0,35.0,,31.0,33.0,32.0,,21.0,18.0,40.0,30.0,34.0,56.0,33.0,,,60.0,57.0,17.0,,,23.0,23.0,44.0,60.0,10.0,20.0,,5.0,,,19.0,7.0,45.0,,36.0,11.0,18.0,34.0,32.0,,,10.0,14.0,35.0,28.0,,49.0,23.0,45.0,24.0,,27.0,32.0,58.0,35.0,22.0,52.0,44.0,16.0,,,47.0,,,19.0,10.0,12.0,39.0,54.0,48.0,57.0,6.0,44.0,22.0,20.0,24.0,43.0,14.0,56.0,16.0,31.0,19.0,16.0,,,,16.0,29.0,4.0,15,56.0,42.0,44.0,,,,,23.0,,43.0,49.0,,27.0,13.0,40.0,32.0,24.0,14.0,8.0,45.0,0.0,30.0,46.0,,51.0,41.0,29.0,35.0,30.0,,23.0,23.0,18.0,29.0,,51.0,6.0,,16.0,19.0,16.0,22.0,18.0,47.0,,24.0,39.0,17.0,,32.0,0.0,27.0,30.0,,4.0,38.0,22.0,48.0,29.0,,7.0,32.0,35.0,27.0,,,39.0,,18.0,14.0,9.0,51.0,13.0,20.0,33.0,17.0,55.0,58.0,51.0,1,26.0,4.0,14,38.0,,,28.0,41.0,3.0,48.0,,17.0,32.0,,33.0,,44.0,,,44.0,35.0,40.0,21.0,30.0,24.0,22.0,41.0,42.0,21.0,17.0,31.0,30.0,58.0,13.0,57.0,23.0,56.0,19.0,49.0,31.0,36.0,19.0,12.0,40.0,17.0,17.0,,31.0,27.0,50.0,1.0,19.0,30.0,40.0,26.0,32.0,30.0,47.0,31.0,43.0,37.0,42.0,35.0,29.0,34.0,27.0,37.0,5.0,56.0,30.0,,24.0,,16.0,,19.0,1.0,14.0,36.0,49.0,17.0,25.0,35.0,22.0,38.0,,20.0,30.0,11.0,,,,26.0,,33.0,13.0,28.0,29.0,29.0,35.0,57.0,,15.0,28.0,30.0,,0.0,40.0,12.0,45.0,20.0,23.0,,47.0,,16.0,21.0,43.0,18.0,45.0,15.0,14.0,19.0,47.0,42.0,23.0,,17.0,31.0,,37.0,2.0,,,24.0,13.0,8.0,45.0,,,5.0,31.0,49.0,,38.0,41.0,8.0,,48.0,57.0,49.0,32.0,14.0,35.0,16.0,21.0,47.0,24.0,18.0,27.0,23.0,57.0,37.0,,,37.0,35.0,21.0,12.0,33.0,48.0,13.0,18.0,,,0.0,27.0,17.0,0.0,51.0,13.0,36.0,16.0,,,,12.0,0.0,39.0,53.0,,0.0,,24.0,17.0,31.0,14.0,50.0,29.0,20.0,16.0,51.0,29.0,32.0,45.0,10.0,16.0,29.0,36.0,44.0,,,22.0,8.0,37.0,25.0,37.0,36.0,31.0,30.0,,34.0,32.0,,,18.0,15.0,22.0,34.0,,34.0,,60.0,29.0,46.0,41.0,18.0,19.0,44.0,,13.0,38.0,28.0,45.0,55.0,,,59.0,42.0,13.0,23.0,,21.0,23.0,8.0,32.0,,10.0,,41.0,10.0,25.0,25.0,26.0,26.0,6.0,19.0,34.0,22.0,8.0,24.0,58.0,24.0,20.0,,22.0,11.0,7.0,51.0,,43.0,14.0,,,,25.0,43.0,,,28.0,21.0,18.0,11.0,,18.0,4.0,,39.0,9.0,,20.0,,21.0,44.0,16.0,21.0,25.0,25.0,,27.0,30.0,12.0,17.0,34.0,15.0,24.0,36.0,26.0,28.0,25.0,,28.0,,,37.0,28.0,,31.0,43.0,20.0,37.0,15.0,,58.0,11.0,,,40.0,28.0,51.0,20.0,26.0,16.0,17.0,17.0,23.0,,24.0,44.0,25.0,36.0,28.0,,16.0,36.0,32.0,,50.0,,56.0,,16.0,24.0,50.0,44.0,55.0,31.0,47.0,28.0,53.0,19.0,,16.0,,15.0,47.0,29.0,,60.0,44.0,36.0,10.0,,,35.0,32.0,12.0,46.0,41.0,,24.0,13.0,,33.0,0.0,29.0,45.0,,49.0,31.0,45.0,27.0,19.0,40.0,17.0,23.0,55.0,24.0,,,46.0,17.0,,12.0,41.0,24.0,47.0,,19.0,46.0,,11.0,,,20.0,25.0,,51.0,32.0,40.0,36.0,,,21.0,51.0,47.0,,23.0,,18.0,12.0,47.0,25.0,54.0,23.0,37.0,54.0,,11.0,,46.0,0.0,30.0,,39.0,38.0,12.0,15.0,41.0,9.0,58.0,31.0,54.0,,37.0,41.0,,58.0,45.0,18.0,20.0,,39.0,,,17.0,26.0,,20.0,19.0,40.0,24.0,31.0,14.0,,33.0,,,,,,15.0,24.0,,14.0,15.0,9.0,,30.0,38.0,31.0,,27.0,,,47.0,47.0,,14.0,28.0,20.0,,27.0,60.0,43.0,14.0,21.0,2.0,40.0,34.0,37.0,43.0,,0.0,14.0,14.0,35.0,26.0,4.0,30.0,,44.0,,16.0,40.0,34.0,52.0,19.0,7.0,13.0,21.0,50.0,35.0,36.0,17.0,21.0,11.0,48.0,,49.0,,,25.0,26.0,41.0,28.0,,19.0,48.0,38.0,36.0,16.0,6.0,0.0,,,18.0,27.0,24.0,,26.0,18.0,,28.0,56.0,24.0,,,17.0,,,2.0,7.0,,,39.0,42.0,,52.0,8.0,45.0,25.0,23.0,3.0,23.0,35.0,48.0,41.0,22.0,21.0,27.0,31.0,11.0,21.0,30.0,40.0,44.0,14.0,19.0,,33.0,49.0,28.0,,44.0,24.0,28.0,25.0,54.0,52.0,11.0,,,50.0,53.0,,15.0,53.0,,16.0,37.0,45.0,47.0,,22.0,9.0,40.0,45.0,,13.0,,3.0,17.0,36.0,28.0,13.0,57.0,28.0,22.0,46.0,24.0,32.0,30.0,,19.0,34.0,21.0,,27.0,22.0,34.0,,26.0,,,55.0,,,,,,55.0,13.0,,32.0,,13.0,37.0,19.0,6.0,,,,26.0,38.0,40.0,23.0,9.0,17.0,,,16.0,,54.0,31.0,36.0,18.0,53.0,25.0,6.0,40.0,54.0,26.0,21.0,,7.0,22.0,0.0,38.0,30.0,30.0,56.0,9.0,,54.0,5.0,21.0,30.0,,,33.0,16.0,26.0,45.0,0.0,38.0,10.0,31.0,1.0,39.0,45.0,,43.0,28.0,22.0,14.0,,,55.0,51.0,51.0,20.0,38.0,31.0,23.0,33.0,38.0,18.0,26.0,18.0,46.0,,19.0,17.0,10.0,30.0,20.0,15.0,24.0,7.0,21.0,54.0,12.0,44.0,36.0,40.0,24.0,,36.0,29.0,25.0,59.0,,,,27.0,54.0,55.0,32.0,53.0,,30.0,31.0,39.0,29.0,12.0,39.0,,51.0,25.0,23.0,25.0,43.0,28.0,42.0,28.0,,,55.0,5.0,,17.0,,39.0,31.0,27.0,28.0,46.0,,13.0,14.0,26.0,31.0,,19.0,7.0,18.0,32.0,14.0,44.0,50.0,54.0,53.0,20.0,20.0,,,,28.0,23.0,53.0,50.0,,59.0,,22.0,,19.0,28.0,28.0,39.0,,,56.0,23.0,53.0,,19.0,51.0,17.0,20.0,,,,22.0,0.0,42.0,14.0,44.0,27.0,,35.0,14.0,31.0,17.0,5.0,35.0,25.0,22.0,29.0,29.0,14.0,53.0,,22.0,47.0,56.0,,26.0,,33.0,32.0,46.0,12.0,,,31.0,34.0,22.0,30.0,48.0,12.0,57.0,21.0,34.0,25.0,32.0,53.0,,,22.0,28.0,30.0,13.0,,,,56.0,,31.0,44.0,47.0,37.0,34.0,,21.0,29.0,40.0,43.0,24.0,35.0,44.0,12.0,55.0,21.0,31.0,,55.0,41.0,,,40.0,22.0,31.0,,25.0,24.0,11.0,50.0,13.0,36.0,45.0,51.0,28.0,31.0,31.0,,15.0,,20.0,21.0,18.0,15.0,13.0,27.0,45.0,54.0,18.0,5.0,17.0,3.0,,24.0,47.0,20.0,18.0,8.0,60.0,,14.0,36.0,24.0,19.0,44.0,0.0,22.0,58.0,41.0,46.0,11.0,12.0,3.0,,12.0,,7.0,59.0,36.0,,22.0,22.0,47.0,45.0,,,,26.0,47.0,48.0,,13.0,29.0,,20.0,10.0,20.0,21.0,,,20.0,30.0,6.0,,31.0,37.0,22.0,52.0,29.0,39.0,9.0,40.0,,57.0,23.0,,40.0,12.0,19.0,42.0,,31.0,55.0,32.0,36.0,,28.0,28.0,0.0,55.0,30.0,23.0,16.0,,,21.0,16.0,51.0,15.0,,,,,24.0,38.0,,,55.0,,,9.0,20.0,16.0,29.0,19.0,,,60.0,,,32.0,42.0,24.0,11.0,51.0,16.0,,18.0,44.0,34.0,46.0,49.0,,17.0,45.0,58.0,48.0,110,3,2.5258741258741257,18.338004003431514,-0.32518262429498224
8,7,9,14,9,9,8,9,10,9,8,8,10,8,11,10,18,14,26,12,14,16,15,12,10,15,12,13,5,13,15,10,10,14,12,15,23,11,13,11,14,12.0,15,13,15,7,21,20,13,22,17,15,13,5,13,26,12,6,15,11,13,12,12,1,22.0,16,23,15,17,11,21,16,14,9,13,15,15,22,18,12,17,15,7,12,11,16,11,17,24,12,19,17,26,13,15,18,21,15,16,20,20,10,17,10,17,10,15,0,18,8,19,31.0,18,27,22.0,14,20,15,18,34,16,9,9,17,13,19,14,12.0,16,16,0,10,29.0,19,24,21.0,19,24,15,21,20,15,33,26,49.0,41.0,15,24.0,10,20,10,14,20.0,17,22,19,18,36.0,25,19,17,18,13,24,16,22.0,19,18,17,29,20,23.0,10,15,13,30,22,17.0,16,20.0,21,15,13,17,18,12.0,48.0,12,18,14.0,21.0,21,18,16,21,50,15,0,20.0,32,39,39.0,16,14,23,10,25.0,14,12,19,20,16.0,27,31,21,23,12,29,12,29.0,21.0,21,17,16,30.0,35,23,15,36.0,15,21.0,15.0,9,15,27.0,14,24,0,11.0,48.0,10,19,10,20,20,46.0,15,9,12,15,13,4,36.0,18.0,12,38.0,37.0,44.0,12.0,23,47.0,18,18,16,14.0,44.0,12.0,61.0,60.0,16,21.0,38.0,15.0,9,31,18.0,17,25,11,21.0,31.0,28.0,16,39.0,22,20,18.0,18.0,22,20.0,44.0,18,17,36.0,3,15.0,14.0,11.0,20,14,21.0,14,20,21,13,15,19,14,20,17,30,13,16,16.0,27.0,4,17,12,27.0,15.0,36,33,19,13.0,13,,11,25,22,12,20,48.0,20,26.0,22,28,20.0,17,26,19,,54.0,18,26.0,52.0,39.0,34.0,11.0,21,34.0,23,25,19,21.0,19,20.0,24.0,21,29.0,21.0,14.0,28,,17,24,28,24,22,16,30,18.0,22,16.0,15,21,22,35.0,0,21.0,20,39.0,10,54.0,51,7,14.0,42,14.0,12,16.0,9.0,15,23,21.0,38.0,51.0,29.0,,25,25.0,45.0,16,37.0,10,12,53.0,21.0,23,18.0,9,31.0,43.0,23,23,0,24.0,18,13.0,60.0,24,51.0,20,22.0,17,22,20,18.0,46.0,31,21,23,19.0,23.0,37,17,11.0,20,18.0,25.0,31.0,,12.0,9.0,21.0,12.0,59.0,44.0,24,21,14.0,42.0,19.0,32.0,17.0,,52.0,20.0,14,12,31.0,,24,49.0,24.0,45.0,24.0,23.0,44.0,25,58,27.0,25.0,26.0,25.0,35,23.0,22.0,59.0,22,25,20,,57.0,24.0,24.0,34,24,31.0,28.0,32,22.0,30.0,22,28.0,,35.0,18,24.0,9,15.0,38.0,49.0,21,17.0,26,13.0,13,34,,50.0,29.0,31.0,15,18,30,24.0,27,15.0,18,12,32.0,35,19,29.0,19.0,36,11,18.0,28.0,60.0,22.0,51.0,11.0,23,18.0,23,15,42.0,21.0,47.0,0.0,27.0,30.0,23,19,36.0,11.0,41.0,21.0,59.0,61.0,13,49.0,29,19.0,,23.0,24.0,20,29.0,16,43.0,10.0,39.0,25,59.0,35.0,,17,38,33.0,35.0,30.0,,,14.0,49.0,14.0,29.0,13.0,33.0,21.0,21,18,26.0,14.0,32.0,12,11,15,16,21.0,0.0,2,50,32.0,24.0,17,33.0,24.0,30.0,35,40.0,60.0,20.0,20,24.0,46.0,22.0,56.0,17.0,53.0,13,20.0,22,16.0,17,24,13,36.0,32.0,22.0,50.0,31.0,,52.0,53.0,34.0,41.0,34.0,12,20.0,10.0,9,26.0,40.0,40.0,11.0,22,24.0,,,18,24,27.0,16,27.0,27.0,17.0,59.0,44,35.0,21,25,19.0,20,44.0,20,33.0,18.0,22.0,25,22,23.0,15.0,27,10.0,34,22.0,15,,39.0,41.0,45.0,29.0,38.0,30,21.0,24.0,27.0,12.0,,42.0,,27,18,14.0,34,28,13,22.0,18.0,11.0,51.0,31.0,7.0,25,28.0,44.0,25.0,17,62.0,,17.0,43.0,16.0,22,,36.0,19.0,46.0,26.0,16.0,50.0,38,52.0,52.0,,16.0,57.0,31.0,22.0,13,46.0,52.0,21.0,,17,30,20.0,10.0,17,32.0,41.0,12.0,31,16.0,22.0,13.0,,17,19.0,0.0,22.0,38.0,30.0,20.0,58.0,15.0,7.0,11,19,36.0,23.0,49.0,5.0,23.0,16.0,,32.0,13.0,48.0,50,40,,33,20.0,39.0,14.0,24.0,19,17,19.0,16.0,23.0,36.0,61.0,27.0,0.0,17.0,24.0,41,27.0,54.0,20.0,35.0,25.0,16.0,21,,16.0,21.0,16,,36.0,36.0,22.0,21.0,20.0,28,32.0,34,25.0,39.0,17.0,37.0,35.0,29.0,16.0,33.0,51.0,11.0,32.0,21.0,24.0,10.0,12.0,33.0,,46.0,48.0,45.0,23.0,39,33.0,22.0,14,28.0,25.0,16,18.0,56.0,42.0,16,22,18,34.0,38.0,49.0,29.0,10.0,57.0,23.0,54.0,61.0,17,20.0,25,23.0,35,23,23.0,25,,29.0,49.0,17.0,25,55.0,24.0,20.0,22.0,53.0,47.0,22,62.0,34,28.0,,26.0,25,23.0,23,20,39.0,41.0,15.0,26,38.0,29.0,18,40.0,,25.0,23.0,34.0,21.0,25.0,,14,19.0,41.0,20.0,51.0,25.0,15.0,0.0,15.0,20,29.0,27,19.0,44.0,35.0,18.0,24,42,29.0,15.0,33.0,23.0,62.0,24.0,35.0,57.0,31.0,22,35.0,21.0,0,25,22.0,0.0,19,52.0,29.0,20,48.0,22,7,31,26.0,20.0,61.0,29.0,44.0,22.0,35.0,,27.0,26.0,35.0,42.0,13.0,,22.0,1.0,26.0,43.0,25.0,30.0,31.0,26.0,23.0,30.0,,29.0,29.0,31.0,15.0,28.0,,23.0,34.0,30.0,10.0,36.0,30.0,23.0,9.0,,41.0,14.0,,24.0,57.0,31.0,,60.0,25,36.0,25.0,21.0,37,35.0,10.0,20.0,20.0,28.0,33.0,52.0,35.0,,27.0,10.0,24.0,38.0,,24.0,56.0,24.0,55.0,38.0,18.0,42.0,22.0,,16.0,36.0,,25.0,19.0,11,42.0,40.0,,19,,23.0,40.0,33.0,22.0,41.0,43.0,54.0,53.0,18,23.0,20.0,35.0,38.0,31.0,28.0,17,22,16.0,21.0,20.0,31.0,0.0,21.0,25,21,26.0,56.0,,,27.0,49.0,17.0,17.0,46.0,,37.0,,23.0,35.0,35.0,37.0,37,11.0,40.0,27.0,32.0,23.0,27,20.0,32,15.0,21,28.0,18.0,39.0,58.0,,52.0,0.0,45.0,51.0,55.0,,23.0,13,23.0,20.0,20.0,45.0,51.0,21,22.0,,23.0,62.0,18.0,16.0,37.0,,23.0,33,27,44.0,42.0,53.0,28.0,27.0,19.0,14.0,14.0,16,2.0,58.0,51.0,26.0,52.0,37.0,25.0,15.0,13,36.0,23.0,41.0,20,32,43.0,42.0,45.0,26.0,44.0,58.0,19.0,29.0,62.0,21.0,21.0,11.0,31.0,0.0,39.0,23,39.0,,13.0,30.0,23.0,14,19.0,41.0,21,,22.0,35.0,,38.0,47.0,12.0,20.0,9.0,,19.0,21,,43.0,,,43,30.0,36.0,30.0,19.0,28.0,29.0,26.0,16.0,40.0,31.0,24.0,36.0,40.0,43,38,41.0,28.0,30.0,11.0,,31,25,26.0,25.0,56.0,26.0,32.0,22.0,33.0,36.0,18.0,20.0,36.0,,9.0,,7.0,19,20,38.0,,28.0,,,37,20.0,13.0,32.0,23.0,,36.0,25.0,42.0,,15.0,11.0,59.0,53.0,,45.0,19,,52.0,1,62.0,15.0,47.0,47.0,18.0,,24.0,33.0,,52.0,32.0,21.0,25.0,46.0,37.0,26.0,27.0,35.0,24.0,23.0,62.0,35.0,26.0,27.0,16.0,38.0,,39.0,23.0,22.0,26.0,18.0,30.0,19.0,28.0,48.0,60.0,50.0,49.0,8.0,18.0,53.0,20.0,,,30.0,,53.0,23.0,23.0,,21.0,47.0,13.0,29.0,56.0,39.0,,18.0,19.0,36.0,16,,31.0,,,24.0,29.0,21.0,39.0,47.0,46.0,14.0,30.0,,39.0,32.0,13.0,,17.0,40.0,52.0,35.0,,23.0,40.0,43.0,36.0,29.0,35.0,49.0,44.0,28.0,23.0,45.0,37.0,35.0,11.0,24.0,29.0,13.0,55.0,61.0,31.0,,16.0,14.0,23.0,18,34.0,38.0,26.0,43.0,24.0,20.0,37.0,16.0,13.0,2,23.0,46.0,51.0,,28.0,24.0,16.0,42.0,10.0,0.0,42.0,,38.0,23.0,15.0,13.0,11,33.0,14.0,36.0,22.0,17.0,27.0,26.0,16.0,28.0,48.0,18.0,24.0,,,17.0,22.0,35.0,31.0,33.0,38.0,50.0,54.0,42.0,30.0,31,14,27.0,39.0,37.0,54.0,,34.0,39.0,18.0,51.0,23.0,49.0,24.0,54.0,19.0,45.0,21.0,25.0,35.0,35.0,35.0,18.0,16.0,52.0,25.0,25.0,32.0,59.0,16.0,31.0,14.0,53.0,,47.0,42.0,38.0,49.0,37.0,16.0,47.0,33.0,15.0,,27.0,56.0,,,41.0,22.0,12,48.0,21.0,25.0,22.0,27,42.0,,50.0,17.0,0.0,60.0,60.0,36.0,15,,46.0,39.0,54.0,,54.0,,15,26.0,37.0,41.0,,25,27.0,16.0,27.0,19.0,37.0,19.0,17.0,58.0,32.0,,16.0,54.0,30.0,,16.0,17.0,,30.0,40.0,,40.0,35.0,38.0,,25,44.0,,17.0,21.0,24.0,,,59.0,23.0,,27.0,37.0,14.0,32,31.0,,41.0,37.0,24.0,53.0,24.0,36.0,,31.0,,53.0,27.0,19.0,37.0,23.0,43.0,52.0,15.0,43.0,,30.0,31.0,27.0,7.0,32.0,25.0,,30.0,50.0,37.0,36.0,33.0,47.0,49.0,,13.0,42.0,,22.0,27.0,16.0,14.0,,20.0,20.0,23.0,29.0,35.0,21.0,12.0,35.0,34.0,12.0,53.0,,28.0,,53.0,47.0,10.0,31.0,10.0,,28.0,48.0,23.0,,24.0,20,,,0.0,0.0,20.0,41.0,39.0,,35.0,44.0,39.0,38.0,52.0,44.0,47.0,,19.0,46.0,20.0,29.0,35.0,35.0,23.0,,51.0,23.0,21.0,42.0,25.0,23.0,,,,17.0,32.0,40.0,,43.0,21.0,21.0,,41.0,,49.0,22.0,23.0,57.0,51.0,9.0,21.0,59.0,52.0,38.0,51.0,,40.0,47.0,19.0,46.0,14.0,17.0,,,20.0,,45.0,57.0,36.0,38.0,46.0,12.0,42.0,25.0,36.0,17.0,43.0,23.0,33.0,19.0,17.0,22.0,20.0,17.0,55.0,50.0,,53.0,42.0,37.0,53.0,18.0,18.0,48.0,,22.0,23.0,60.0,50.0,61.0,10.0,62.0,62.0,,,27.0,19.0,10.0,31.0,11.0,37.0,40.0,20.0,,19.0,19.0,34.0,21.0,38.0,19.0,,28.0,25.0,21.0,35.0,,,29.0,49.0,16,25.0,,34.0,,,15.0,,22.0,32.0,18.0,36,,62.0,38.0,42.0,51.0,,27.0,23.0,32,13.0,,53.0,22.0,31.0,55.0,36.0,47.0,,,23.0,29.0,17.0,20.0,16.0,16.0,,54.0,56.0,17.0,,28.0,16.0,32.0,41.0,32.0,51.0,49.0,27.0,32.0,51.0,41.0,29.0,59.0,12.0,14.0,52.0,16.0,37.0,24.0,33.0,13.0,,31.0,,10.0,17.0,23.0,,32.0,18.0,17.0,58.0,41.0,18.0,29.0,17.0,,16.0,,25.0,46.0,15.0,31.0,46.0,44.0,40.0,27.0,31.0,31.0,32.0,23.0,61.0,33.0,22.0,19.0,51.0,18.0,,,20.0,23.0,12.0,16.0,32.0,31.0,49.0,17.0,21.0,,39.0,62.0,,,34.0,19.0,45.0,,53.0,18.0,37.0,19.0,,,,55.0,35.0,,21,49.0,17.0,,,40.0,23.0,40.0,,56.0,47.0,25.0,,19.0,61.0,9.0,34.0,29.0,27.0,20.0,48.0,,45.0,0.0,25.0,60.0,61.0,11.0,11.0,25.0,22.0,19.0,37.0,7.0,22.0,15.0,38.0,36.0,2.0,20.0,27.0,50.0,16.0,,46.0,38.0,28.0,10.0,14.0,,23.0,38.0,30.0,34.0,43.0,16.0,32.0,23.0,26.0,26.0,20.0,38.0,39.0,49.0,21.0,,18.0,56.0,,58.0,19.0,62.0,59.0,12.0,29.0,33.0,27.0,43.0,27.0,53.0,28,52.0,49.0,20,31.0,,59.0,59.0,31.0,10.0,0.0,,18.0,18.0,21.0,56.0,62.0,16.0,47.0,59.0,45.0,32.0,,,0.0,16.0,47.0,19.0,22.0,,48.0,,33.0,,21.0,52.0,27.0,42.0,25.0,57.0,47.0,44.0,,36.0,39.0,21.0,39.0,26.0,,31.0,18.0,0.0,22.0,54.0,60.0,27.0,46.0,,51.0,31.0,51.0,19.0,16.0,19.0,,13.0,30.0,13.0,30.0,34.0,31.0,47.0,,,,59.0,35.0,48.0,40.0,51.0,,18.0,,49.0,46.0,15.0,32.0,27.0,,10.0,,37.0,30.0,55.0,35.0,,41.0,24.0,11.0,,31.0,,,,20.0,40.0,28.0,29.0,19.0,19.0,,22.0,31.0,46.0,19.0,13.0,20.0,24.0,61.0,21.0,,60.0,62.0,,51.0,47.0,,,,34.0,29.0,13.0,29.0,26.0,22.0,40.0,48.0,8.0,18.0,46.0,,,,60.0,13.0,,13.0,26.0,55.0,25.0,,58.0,,29.0,10.0,39.0,29.0,15.0,47.0,,,12.0,,19.0,52.0,41.0,,24.0,34.0,,,,40.0,,58.0,44.0,17.0,18.0,21.0,32.0,,34.0,22.0,28.0,61.0,51.0,40.0,43.0,15.0,59.0,32.0,,28.0,,25.0,18.0,57.0,55.0,59.0,,37.0,34.0,38.0,22.0,,24.0,,59.0,35.0,36.0,54.0,53.0,,,45.0,40.0,46.0,3.0,28.0,45.0,36.0,,,,62.0,59.0,13.0,17.0,12.0,42.0,45.0,31.0,31.0,,23.0,54.0,21.0,28.0,16.0,23.0,32.0,46.0,,23.0,56.0,46.0,42.0,10.0,,23.0,36.0,21.0,52.0,21.0,20.0,52.0,28.0,51.0,53.0,4.0,46.0,,,,43.0,29.0,36.0,38.0,24.0,55.0,55.0,33.0,15.0,13.0,53.0,29.0,30.0,,17.0,55.0,28.0,47.0,17.0,22.0,23.0,55.0,24.0,48.0,24.0,19.0,27.0,13.0,22.0,52.0,25.0,15.0,52.0,42.0,23.0,16.0,20.0,20.0,19.0,,36.0,59.0,38.0,31.0,,,25.0,,,41.0,62.0,30.0,,32.0,,32.0,26.0,48.0,27.0,,30.0,40.0,38.0,29.0,22.0,24.0,18.0,23.0,41.0,50.0,26.0,,39.0,46.0,3.0,41.0,,43.0,,,40.0,55.0,24.0,19.0,20.0,,20.0,,10.0,29.0,53.0,16.0,,59.0,17.0,17.0,23.0,0.0,31.0,24.0,40.0,18.0,24.0,42.0,33.0,34.0,12.0,22.0,20.0,13.0,38.0,16.0,12.0,,19.0,41.0,35.0,17.0,52.0,26.0,,,20.0,57.0,,24.0,52.0,,22.0,29.0,35.0,30.0,60.0,21.0,18.0,27.0,47.0,,28.0,,32.0,35.0,22.0,60.0,15.0,62.0,35.0,14.0,40.0,61.0,30.0,62.0,39.0,44.0,44.0,42.0,21.0,27.0,14.0,,27.0,,28.0,33.0,38.0,,41.0,27.0,27.0,,38.0,25.0,51.0,,,20.0,38.0,38.0,38.0,,29.0,62.0,26.0,24.0,40.0,,44.0,14.0,27.0,35.0,20.0,,27.0,18.0,29.0,15.0,15.0,,11.0,31.0,39.0,14.0,,,60.0,46.0,52.0,19.0,45.0,38.0,21.0,30.0,59.0,,,45.0,36.0,,,37.0,38.0,53.0,23.0,21.0,44.0,27.0,,45.0,42.0,,35.0,,29.0,46.0,49.0,,45.0,,41.0,25.0,28.0,,,26.0,,47.0,26.0,,50.0,,,17.0,40.0,34.0,58.0,,31.0,49.0,54.0,,,,48.0,25.0,30.0,,59.0,31.0,8.0,19.0,23.0,,18.0,22.0,52.0,19.0,15.0,3.0,61.0,,,52.0,10.0,19.0,,24.0,29.0,39.0,14.0,17.0,26.0,32.0,41.0,,22.0,8.0,,43.0,23.0,20.0,58.0,13.0,48.0,62.0,30.0,,24.0,,,22.0,19.0,,47.0,41.0,,17.0,,45.0,,8.0,35.0,41.0,,,,18.0,13.0,,17.0,25.0,,24.0,,29.0,59.0,,,40.0,34.0,17.0,46.0,35.0,47.0,34.0,52.0,54.0,52.0,,10.0,,,32.0,23.0,45.0,,41.0,22.0,15.0,,27.0,52.0,38.0,27.0,17.0,24.0,,20.0,,,24.0,27.0,56.0,9.0,23.0,,61.0,27.0,31.0,36.0,26.0,54.0,16.0,26.0,,22.0,34.0,,,25.0,20.0,32.0,48.0,33.0,47.0,28.0,24.0,49.0,,,26.0,32.0,46.0,28.0,,60.0,42.0,25.0,14.0,33.0,53.0,,51.0,10.0,52.0,59.0,18.0,23.0,50.0,43.0,31.0,,37.0,20.0,,,53.0,,40.0,56.0,23.0,39.0,,26.0,47.0,54.0,,,,25.0,24.0,48.0,25.0,,17.0,20.0,12.0,28.0,40.0,,,,0.0,29.0,,,32.0,45.0,22.0,24.0,22.0,35.0,22.0,25.0,23.0,43.0,14.0,21.0,56.0,,34.0,51.0,,51.0,,39.0,,49.0,17.0,,36.0,,17.0,34.0,,28.0,33.0,,,,,25.0,29.0,46.0,,21.0,43.0,40.0,,21.0,56.0,61.0,50.0,24.0,,,53.0,34.0,41.0,21.0,0.0,,,23.0,39.0,25.0,19.0,46.0,30.0,41.0,24.0,47.0,40.0,17.0,34.0,31.0,,27.0,55.0,54.0,54.0,12.0,22.0,26.0,,57.0,29.0,,39.0,6.0,31.0,19.0,,47.0,13.0,,35.0,47.0,19.0,,43.0,,25.0,16.0,51.0,15.0,57.0,28.0,38.0,,,38.0,9.0,31.0,,23.0,25.0,36.0,34.0,,46.0,35.0,,27.0,23.0,25.0,18.0,23.0,,,,59.0,37.0,,49.0,51.0,25.0,26.0,18.0,36.0,37.0,46.0,16.0,,,58.0,,44.0,,13.0,57.0,,17.0,,49.0,,59.0,46.0,,62.0,30.0,50.0,34.0,0.0,33.0,,2.0,43.0,14.0,35.0,43.0,33.0,26.0,37.0,33.0,14.0,,28.0,,,37.0,11.0,44.0,10.0,,,,,,35.0,23.0,,,16.0,62.0,,13.0,,35.0,0.0,31.0,62.0,,35.0,27.0,,,15.0,53.0,35.0,,56.0,60.0,19.0,36.0,,29.0,,60.0,29.0,53.0,44.0,50.0,47.0,43.0,30.0,45.0,41.0,48.0,59.0,,19.0,28.0,,32.0,39.0,28.0,38.0,56.0,26.0,47.0,42.0,43.0,38.0,15.0,55.0,49.0,20.0,43.0,56.0,62.0,35.0,46.0,,,,46.0,30.0,33.0,19.0,38.0,11.0,14.0,,49.0,,,28.0,25.0,,44.0,51.0,28.0,,35.0,24.0,35.0,43.0,34.0,47.0,,58.0,19.0,19.0,10.0,10.0,25.0,,15.0,39.0,,26.0,14.0,29.0,55.0,,30.0,,16.0,14.0,,45.0,35.0,,18.0,,44.0,,35.0,21.0,27.0,48.0,37.0,19.0,32.0,19.0,58.0,28.0,33.0,17.0,23.0,,,31.0,16.0,47.0,43.0,0.0,,35.0,10.0,43.0,36.0,36.0,58.0,50.0,,,,43.0,17.0,,17.0,,39.0,23.0,,48.0,45.0,,,20.0,33.0,32.0,34.0,,35.0,41.0,34.0,37.0,33.0,33.0,26.0,43.0,14.0,,62.0,50.0,61.0,37.0,,,39.0,,111,3,2.473901098901099,18.059726962457336,-0.32915825526081893
5,3,5,4,6,6,8,9,7,4,4,7,7,5,10,6,7,6,31,17,7,8,6,11,9,8,8,8,3,8,15,9,11,12,7,7,13,16,11,8,17,13.0,13,15,7,6,12,15,12,12,13,7,8,0,10,19,8,14,7,12,18,7,9,4,27.0,11,14,9,15,7,13,25,13,12,1,10,13,8,5,9,6,11,6,13,8,8,16,9,19,18,10,0,15,10,9,15,8,8,16,14,14,4,17,16,12,0,15,18,10,13,19,,13,11,11.0,12,24,17,10,17,14,27,17,12,9,13,12,15.0,14,10,16,10,16.0,13,19,31.0,11,26,10,9,8,18,14,10,12.0,,11,11.0,10,17,7,14,13.0,9,13,10,16,49.0,20,11,15,13,2,17,18,13.0,17,3,14,19,10,18.0,14,19,14,24,15,32.0,19,19.0,6,17,8,7,26,20.0,18.0,15,13,26.0,45.0,18,27,18,13,20,12,10,31.0,11,29,31.0,19,17,12,13,29.0,19,17,8,14,39.0,11,22,14,18,23,6,11,19.0,32.0,7,20,11,28.0,16,18,16,52.0,15,12.0,40.0,25,2,0.0,16,26,24,39.0,22.0,18,14,15,14,15,12.0,16,14,11,15,13,11,19.0,35.0,15,23.0,35.0,19.0,52.0,11,29.0,7,15,6,20.0,17.0,16.0,38.0,16.0,13,24.0,18.0,49.0,16,30,17.0,11,30,22,16.0,27.0,8.0,1,38.0,17,16,20.0,10.0,17,40.0,22.0,14,20,29.0,9,17.0,13.0,6.0,14,14,47.0,21,15,13,14,19,13,14,45,9,14,7,15,10.0,32.0,34,16,13,17.0,16.0,6,14,10,59.0,2,20.0,25,17,12,15,10,21.0,16,10.0,12,20,24.0,13,11,21,,37.0,6,31.0,19.0,31.0,17.0,39.0,15,24.0,20,20,15,22.0,22,10.0,24.0,20,52.0,6.0,21.0,24,17.0,14,24,17,21,16,33,13,12.0,16,21.0,11,14,14,45.0,18,,29,9.0,16,11.0,38,17,19.0,14,,20,17.0,21.0,18,0,33.0,17.0,33.0,13.0,23.0,26,10.0,24.0,19,,26,27,26.0,,17,26.0,12,12.0,30.0,3,30,26,19.0,15,19.0,33.0,4,34.0,26,27.0,15,4,8,10.0,4.0,54,20,30,27.0,18.0,7,17,42.0,12,27.0,15.0,17.0,13.0,27.0,14.0,13.0,26.0,,10.0,21,38,42.0,45.0,6.0,9.0,25.0,19.0,53.0,15.0,27,15,14.0,20.0,9,16.0,26.0,26.0,14.0,39.0,14.0,27,6,34.0,,30.0,32.0,29,25.0,21.0,14.0,11,21,34,33.0,10.0,28.0,20.0,18,14,14.0,35.0,57,18.0,30.0,15,,20.0,35.0,22,30.0,17,7.0,30.0,15.0,18,29.0,14,,19,16,15.0,34.0,47.0,17.0,41,21,53,11.0,21,15.0,28,26,11.0,20,16,7.0,20.0,37,23,13.0,14.0,48.0,27.0,35.0,14.0,17,21.0,34,7,48.0,15.0,33.0,42.0,10.0,19.0,13,45,32.0,,30.0,31.0,44.0,21.0,28,15.0,26,30.0,11.0,44.0,,29,13.0,10,15.0,20.0,22.0,13,20.0,39.0,28.0,8,28,26.0,22.0,32.0,,38.0,36.0,11.0,,14.0,24.0,49.0,30.0,22,23,,5.0,13.0,16,19,23,19,20.0,33.0,14,5,6.0,15.0,19,46.0,45.0,12.0,36,53.0,13.0,,16,22.0,12.0,21.0,,30.0,29.0,15,35.0,10,11.0,23,10,36,30.0,31.0,53.0,35.0,31.0,39.0,5.0,39.0,9.0,10.0,49.0,6,35.0,38.0,12,11.0,10.0,22.0,23.0,18,17.0,41.0,41.0,17,36,,11,12.0,13.0,13.0,56.0,21,11.0,24,9,34.0,28,4.0,22,27.0,22.0,29.0,26,28,16.0,24.0,29,60.0,13,60.0,15,20.0,9.0,15.0,58.0,27.0,12.0,18,20.0,15.0,19.0,47.0,22.0,11.0,15.0,11,20,36.0,15,25,16,16.0,40.0,29.0,38.0,42.0,15.0,39,1.0,27.0,6.0,10,56.0,22.0,18.0,31.0,19.0,16,31.0,18.0,33.0,34.0,39.0,28.0,16.0,33,14.0,51.0,,,5.0,27.0,30.0,28,32.0,23.0,44.0,41.0,14,17,48.0,14.0,22,29.0,15.0,25.0,33,15.0,,15.0,,15,34.0,35.0,22.0,14.0,26.0,17.0,28.0,48.0,23.0,31,20,21.0,55.0,36.0,12.0,16.0,20.0,13.0,39.0,19.0,13.0,37,19,,29,,12.0,20.0,8.0,21,25,13.0,35.0,24.0,43.0,31.0,14.0,30.0,30.0,13.0,18,28.0,54.0,16.0,23.0,33.0,35.0,16,18.0,28.0,40.0,12,31.0,15.0,16.0,36.0,13.0,22.0,45,24.0,18,29.0,25.0,15.0,32.0,32.0,40.0,27.0,28.0,44.0,16.0,,28.0,24.0,41.0,20.0,25.0,21.0,21.0,,13.0,16.0,29,41.0,23.0,15,37.0,28.0,20,43.0,19.0,33.0,24,19,16,35.0,3.0,19.0,8.0,31.0,35.0,35.0,34.0,35.0,28,14.0,33,24.0,14,2,16.0,26,25.0,8.0,36.0,8.0,16,15.0,13.0,19.0,14.0,39.0,35.0,13,40.0,19,11.0,,40.0,13,18.0,6,16,17.0,6.0,0.0,22,41.0,,16,30.0,10.0,58.0,19.0,43.0,55.0,28.0,35.0,40,28.0,21.0,23.0,42.0,28.0,13.0,23.0,29.0,25,35.0,20,19.0,21.0,48.0,14.0,25,24,31.0,16.0,24.0,19.0,24.0,44.0,60.0,37.0,60.0,19,18.0,15.0,16,20,37.0,5.0,17,23.0,27.0,14,26.0,25,6,52,0.0,21.0,31.0,,31.0,28.0,14.0,44.0,26.0,30.0,41.0,13.0,15.0,23.0,14.0,,20.0,9.0,10.0,21.0,,13.0,49.0,12.0,35.0,40.0,29.0,,12.0,35.0,10.0,21.0,22.0,5.0,9.0,18.0,22.0,25.0,39.0,31.0,24.0,38.0,18.0,12.0,14.0,26.0,15.0,27.0,22,19.0,16.0,28.0,23,32.0,5.0,9.0,18.0,34.0,37.0,37.0,12.0,47.0,30.0,16.0,23.0,38.0,,15.0,52.0,20.0,25.0,14.0,8.0,18.0,50.0,58.0,24.0,17.0,46.0,42.0,,10,25.0,30.0,44.0,30,16.0,21.0,26.0,25.0,0.0,50.0,13.0,29.0,,26,20.0,40.0,27.0,5.0,24.0,,2,15,14.0,16.0,32.0,24.0,30.0,,16,18,,36.0,56.0,25.0,13.0,25.0,9.0,15.0,19.0,,20.0,35.0,13.0,32.0,19.0,9.0,19,8.0,46.0,,38.0,24.0,8,42.0,28,20.0,19,21.0,57.0,35.0,,56.0,41.0,21.0,24.0,12.0,18.0,24.0,31.0,27,19.0,11.0,15.0,25.0,42.0,19,19.0,,25.0,13.0,27.0,21.0,21.0,33.0,6.0,17,22,50.0,51.0,31.0,46.0,19.0,14.0,54.0,17.0,16,52.0,41.0,21.0,,27.0,5.0,11.0,12.0,9,19.0,28.0,21.0,25,14,58.0,58.0,22.0,11.0,,,19.0,48.0,28.0,15.0,52.0,0.0,8.0,47.0,40.0,19,35.0,,22.0,26.0,11.0,17,22.0,15.0,23,21.0,22.0,24.0,57.0,,31.0,22.0,,15.0,5.0,48.0,11,18.0,49.0,19.0,57.0,23,,46.0,24.0,9.0,36.0,30.0,46.0,30.0,16.0,46.0,31.0,10.0,21.0,27,23,,12.0,30.0,41.0,14.0,37,29,,11.0,18.0,40.0,18.0,13.0,,38.0,26.0,46.0,,,34.0,60.0,60.0,14,24,41.0,18.0,11.0,54.0,,18,,27.0,,0.0,57.0,19.0,35.0,47.0,27.0,58.0,39.0,48.0,,41.0,,18,22.0,8.0,22,26.0,35.0,54.0,19.0,,27.0,45.0,50.0,12.0,26.0,22.0,38.0,23.0,35.0,18.0,,43.0,33.0,35.0,39.0,13.0,21.0,48.0,26.0,46.0,46.0,21.0,31.0,15.0,,19.0,11.0,27.0,37.0,21.0,51.0,,46.0,27.0,,18.0,42.0,39.0,34.0,36.0,42.0,22.0,38.0,18.0,27.0,26.0,23.0,41.0,,38.0,26.0,44.0,,10.0,56.0,30.0,21,42.0,31.0,34.0,8.0,14.0,39.0,5.0,,12.0,19.0,30.0,25.0,36.0,16.0,24.0,14.0,16.0,14.0,57.0,12.0,45.0,,22.0,18.0,14.0,32.0,48.0,34.0,52.0,59.0,44.0,36.0,15.0,37.0,23.0,35.0,27.0,29.0,24.0,,23.0,,54.0,21.0,,10.0,8,22.0,30.0,19.0,20.0,,0.0,34.0,14.0,13.0,28,54.0,13.0,60.0,,21.0,46.0,19.0,35.0,23.0,31.0,,15.0,21.0,14.0,13.0,15.0,26,,34.0,51.0,,12.0,11.0,9.0,19.0,5.0,25.0,23.0,16.0,32.0,,37.0,27.0,37.0,16.0,40.0,32.0,18.0,,13.0,54.0,14,16,8.0,31.0,26.0,19.0,44.0,,34.0,23.0,41.0,13.0,37.0,39.0,43.0,21.0,18.0,,17.0,19.0,32.0,31.0,19.0,,32.0,17.0,18.0,38.0,,,16.0,24.0,52.0,,47.0,0.0,60.0,,32.0,44.0,44.0,12.0,,33.0,34.0,22.0,19.0,22.0,,7.0,17,28.0,22.0,39.0,11.0,19,8.0,6.0,0.0,,6.0,37.0,21.0,28.0,12,17.0,9.0,22.0,35.0,24.0,25.0,,32,39.0,21.0,27.0,60.0,5,39.0,18.0,18.0,16.0,,7.0,24.0,49.0,3.0,26.0,40.0,47.0,20.0,23.0,25.0,24.0,15.0,,17.0,38.0,27.0,20.0,36.0,20.0,18,57.0,,29.0,34.0,21.0,,25.0,34.0,50.0,29.0,28.0,31.0,9.0,24,19.0,26.0,24.0,52.0,,19.0,46.0,30.0,27.0,,43.0,14.0,10.0,42.0,,16.0,12.0,38.0,,49.0,24.0,34.0,55.0,28.0,,33.0,47.0,42.0,,16.0,26.0,37.0,11.0,59.0,24.0,48.0,24.0,22.0,18.0,36.0,26.0,29.0,16.0,47.0,19.0,16.0,,49.0,,27.0,34.0,18.0,,27.0,41.0,38.0,41.0,28.0,6.0,16.0,29.0,26.0,6.0,34.0,17.0,36.0,30.0,21.0,25.0,25,15.0,,33.0,47.0,,60.0,30.0,23.0,34.0,,37.0,28.0,,,,32.0,29.0,,14.0,23.0,27.0,48.0,25.0,29.0,0.0,,16.0,24.0,,60.0,16.0,,21.0,21.0,5.0,,,21.0,22.0,,8.0,43.0,29.0,9.0,29.0,19.0,18.0,47.0,26.0,23.0,22.0,40.0,59.0,53.0,28.0,36.0,27.0,,28.0,39.0,42.0,28.0,,15.0,22.0,46.0,22.0,15.0,24.0,41.0,13.0,48.0,12.0,35.0,,28.0,32.0,57.0,36.0,18.0,16.0,15.0,,12.0,15.0,0.0,37.0,,40.0,43.0,22.0,40.0,37.0,30.0,31.0,18.0,,9.0,39.0,27.0,14.0,,25.0,50.0,6.0,19.0,,25.0,16.0,17.0,49.0,20.0,53.0,11.0,53.0,22.0,29.0,53.0,12.0,27.0,20.0,12.0,20.0,,36.0,22.0,,32.0,17,23.0,,,25.0,56.0,24.0,,23.0,20.0,,11,41.0,,22.0,8.0,19.0,21.0,24.0,42.0,25,0.0,17.0,,11.0,8.0,,28.0,47.0,54.0,18.0,14.0,25.0,9.0,27.0,,38.0,11.0,44.0,60.0,,59.0,18.0,27.0,49.0,34.0,,49.0,56.0,34.0,28.0,42.0,56.0,57.0,40.0,18.0,31.0,17.0,17.0,40.0,28.0,23.0,7.0,48.0,59.0,25.0,33.0,,36.0,,19.0,59.0,10.0,,36.0,,49.0,16.0,29.0,24.0,,35.0,41.0,10.0,0.0,,43.0,33.0,18.0,17.0,58.0,30.0,54.0,,55.0,19.0,,17.0,,37.0,41.0,26.0,20.0,22.0,,53.0,21.0,6.0,36.0,,38.0,14.0,,58.0,,11.0,,32.0,,19.0,16.0,11.0,15.0,32.0,,42.0,37.0,39.0,35.0,24,43.0,34.0,,59.0,42.0,53.0,50.0,14.0,12.0,,26.0,47.0,37.0,27.0,21.0,25.0,18.0,7.0,8.0,27.0,17.0,17.0,,24.0,52.0,22.0,37.0,19.0,45.0,,,34.0,21.0,25.0,22.0,,53.0,57.0,26.0,60.0,20.0,37.0,,20.0,,29.0,38.0,57.0,60.0,25.0,36.0,16.0,17.0,27.0,37.0,7.0,0.0,20.0,27.0,32.0,12.0,22.0,14.0,37.0,42.0,,26.0,,17.0,11.0,52.0,,40.0,,,22.0,,,33.0,12,46.0,10.0,36,15.0,20.0,10.0,,34.0,6.0,23.0,15.0,20.0,,57.0,,23.0,29.0,,,27.0,55.0,46.0,,25.0,29.0,,30.0,20.0,22.0,29.0,32.0,24.0,,41.0,41.0,26.0,,52.0,,,10.0,59.0,,58.0,50.0,28.0,,14.0,16.0,25.0,13.0,27.0,30.0,59.0,33.0,45.0,,6.0,25.0,12.0,45.0,18.0,26.0,29.0,16.0,35.0,29.0,7.0,30.0,19.0,10.0,50.0,51.0,9.0,38.0,30.0,40.0,,38.0,46.0,32.0,18.0,,7.0,51.0,45.0,50.0,,22.0,24.0,30.0,59.0,,,35.0,38.0,22.0,,26.0,26.0,32.0,37.0,12.0,36.0,30.0,14.0,,,31.0,17.0,8.0,,25.0,48.0,28.0,,34.0,,31.0,10.0,,36.0,15.0,20.0,17.0,57.0,,,37.0,35.0,35.0,9.0,24.0,11.0,42.0,22.0,8.0,60.0,,58.0,12.0,31.0,37.0,26.0,19.0,20.0,,17.0,,,,47.0,16.0,44.0,,11.0,43.0,,32.0,15.0,,47.0,24.0,51.0,52.0,44.0,49.0,9.0,48.0,40.0,12.0,18.0,17.0,48.0,31.0,41.0,19.0,24.0,36.0,44.0,41.0,23.0,57.0,59.0,,24.0,22.0,19.0,11.0,0.0,20.0,,31.0,13.0,26.0,16.0,31.0,60.0,,59.0,,,38.0,0.0,26.0,12.0,,16.0,26.0,42.0,28.0,40.0,4.0,27.0,22.0,0.0,19.0,43.0,25.0,46.0,24.0,33.0,,16.0,40.0,36.0,46.0,31.0,55.0,26.0,25.0,,26.0,36.0,27.0,25.0,14.0,24.0,20.0,40.0,22.0,,25.0,28.0,38.0,39.0,56.0,12.0,37.0,,22.0,,44.0,22.0,30.0,17.0,,26.0,26.0,55.0,,24.0,46.0,7.0,13.0,,58.0,37.0,40.0,21.0,17.0,29.0,58.0,60.0,58.0,23.0,43.0,8.0,45.0,26.0,33.0,,20.0,13.0,,21.0,9.0,,23.0,,42.0,20.0,51.0,9.0,,32.0,15.0,34.0,17.0,20.0,60.0,9.0,,44.0,,,12.0,55.0,,,12.0,,14.0,14.0,18.0,20.0,35.0,21.0,37.0,14.0,24.0,53.0,,0.0,24.0,42.0,,,28.0,25.0,,36.0,,36.0,28.0,29.0,40.0,32.0,60.0,30.0,18.0,55.0,50.0,32.0,50.0,32.0,49.0,8.0,19.0,5.0,31.0,37.0,48.0,23.0,33.0,,22.0,21.0,39.0,,5.0,28.0,32.0,,10.0,40.0,58.0,,,25.0,14.0,57.0,46.0,57.0,16.0,41.0,32.0,18.0,23.0,10.0,29.0,,23.0,40.0,,17.0,11.0,,7.0,15.0,39.0,11.0,32.0,15.0,32.0,23.0,,0.0,37.0,28.0,29.0,7.0,,,21.0,48.0,45.0,19.0,,21.0,35.0,27.0,39.0,50.0,28.0,,40.0,47.0,17.0,,25.0,10.0,44.0,16.0,,21.0,,24.0,58.0,31.0,39.0,34.0,,31.0,36.0,,39.0,,,44.0,42.0,27.0,44.0,,31.0,18.0,20.0,,,26.0,31.0,,39.0,54.0,15.0,,42.0,26.0,14.0,35.0,24.0,10.0,,,59.0,,,41.0,21.0,34.0,30.0,,49.0,41.0,18.0,15.0,23.0,14.0,44.0,,21.0,35.0,,52.0,24.0,15.0,,56.0,20.0,19.0,48.0,14.0,53.0,29.0,,18.0,16.0,49.0,18.0,10.0,,33.0,23.0,21.0,39.0,,25.0,31.0,42.0,,21.0,,35.0,,34.0,10.0,41.0,23.0,48.0,54.0,43.0,10.0,47.0,33.0,28.0,45.0,,,34.0,,,31.0,48.0,23.0,21.0,30.0,23.0,,27.0,,19.0,,18.0,33.0,32.0,12.0,44.0,,57.0,38.0,,,,30.0,18.0,15.0,,57.0,27.0,16.0,9.0,,18.0,26.0,52.0,59.0,13.0,55.0,21.0,35.0,57.0,30.0,,23.0,37.0,14.0,,35.0,6.0,43.0,24.0,11.0,44.0,39.0,41.0,,27.0,,28.0,,40.0,31.0,14.0,,,,50.0,32.0,16.0,27.0,,44.0,25.0,,,35.0,,,35.0,43.0,34.0,56.0,,23.0,36.0,18.0,41.0,,,37.0,11.0,19.0,6.0,28.0,56.0,20.0,11.0,,,19.0,,,26.0,18.0,,21.0,43.0,,58.0,18.0,4.0,7.0,,30.0,12.0,,,,13.0,30.0,5.0,27.0,27.0,18.0,51.0,17.0,2.0,,22.0,28.0,,,60.0,25.0,,21.0,50.0,14.0,33.0,35.0,34.0,57.0,57.0,23.0,41.0,,9.0,7.0,35.0,,,,17.0,30.0,,12.0,38.0,,19.0,7.0,,13.0,33.0,,,,,9.0,51.0,23.0,56.0,13.0,29.0,35.0,,9.0,37.0,35.0,48.0,40.0,17.0,,,29.0,11.0,,17.0,15.0,15.0,,0.0,19.0,38.0,35.0,33.0,,18.0,54.0,,33.0,27.0,50.0,23.0,,17.0,53.0,54.0,23.0,55.0,,16.0,38.0,48.0,,,26.0,,18.0,13.0,14.0,50.0,48.0,,,31.0,0.0,44.0,,32.0,10.0,40.0,,17.0,53.0,,17.0,39.0,17.0,44.0,42.0,,,,,10.0,,,38.0,20.0,,25.0,,,,35.0,21.0,19.0,15.0,44.0,54.0,21.0,32.0,29.0,36.0,52.0,0.0,32.0,,44.0,37.0,37.0,27.0,49.0,,,51.0,39.0,,27.0,,47.0,17.0,,29.0,43.0,,,50.0,36.0,48.0,40.0,21.0,21.0,25.0,,,23.0,,,39.0,12.0,11.0,38.0,42.0,56.0,30.0,22.0,29.0,35.0,40.0,,58.0,21.0,28.0,23.0,42.0,45.0,43.0,19.0,28.0,5.0,23.0,40.0,17.0,18.0,,,11.0,,45.0,,12.0,9.0,59.0,13.0,21.0,,14.0,59.0,,7.0,25.0,,41.0,14.0,44.0,,,55.0,36.0,12.0,28.0,33.0,43.0,29.0,12.0,8.0,15.0,54.0,59.0,19.0,30.0,46.0,16.0,19.0,13.0,,57.0,,19.0,34.0,44.0,43.0,19.0,23.0,27.0,,21.0,15.0,30.0,20.0,37.0,,33.0,46.0,,27.0,,58.0,,,,19.0,45.0,,,,15.0,21.0,36.0,,48.0,31.0,,59.0,17.0,,22.0,40.0,,37.0,38.0,31.0,20.0,,,15.0,,43.0,,,21.0,12.0,0.0,39.0,,50.0,58.0,,,27.0,40.0,,,,29.0,,52.0,,39.0,,,33.0,17.0,36.0,35.0,,2.0,43.0,52.0,12.0,8.0,22.0,30.0,29.0,45.0,25.0,38.0,19.0,37.0,29.0,,30.0,,52.0,21.0,33.0,18.0,28.0,22.0,34.0,16.0,,28.0,7.0,25.0,43.0,0.0,59.0,38.0,,53.0,18.0,,30.0,29.0,60.0,47.0,35.0,32.0,18.0,15.0,29.0,18.0,17.0,14.0,29.0,47.0,45.0,16.0,57.0,36.0,,13.0,,17.0,,,30.0,,21.0,48.0,,,22.0,48.0,57.0,,,,49.0,43.0,23.0,37.0,,21.0,0.0,52.0,19.0,26.0,44.0,45.0,,47.0,6.0,33.0,60.0,30.0,,,,45.0,51.0,,,39.0,10.0,,34.0,49.0,,55.0,,55.0,0.0,57.0,112,3,2.4297297297297296,17.88481228668942,-0.35290129957327865
6,1,7,7,6,7,8,7,7,2,7,12,7,5,9,9,8,3,33,11,8,15,6,12,8,2,8,7,8,11,11,13,17,16,8,5,18,12,14,14,13,20.0,18,15,8,15,19,4,10,18,10,14,8,7,34,23,4,2,8,12,8,10,15,9,36.0,13,14,10,7,8,16,0,11,14,16,7,17,11,17,7,18,0,4,13,0,15,10,12,17,17,18,9,10,16,17,1,20,8,12,15,30,10,10,9,14,8,15,3,11,14,19,18.0,23,4,17.0,14,8,17,11,22,17,15,13,15,9,11,15,19.0,18,11,15,15,16.0,15,11,10.0,16,9,17,9,0,5,15,7,26.0,27.0,6,,10,17,12,24,21.0,11,20,4,14,36.0,24,19,27,15,15,18,18,26.0,19,20,0,10,21,54.0,8,10,6,24,25,9.0,38,29.0,18,15,11,38,22,14.0,16.0,15,19,13.0,,17,37,11,17,18,18,19,18.0,22,33,45.0,14,12,18,8,18.0,10,9,16,19,,7,28,12,37,15,18,16,13.0,17.0,18,18,15,30.0,15,20,17,21.0,18,16.0,17.0,18,10,54.0,7,21,17,0.0,,19,12,18,17,25,24.0,28,17,16,16,16,11,35.0,33.0,23,14.0,36.0,33.0,18.0,26,23.0,16,42,6,60.0,9.0,37.0,29.0,,1,11.0,33.0,21.0,26,16,12.0,6,32,23,31.0,12.0,13.0,31,59.0,18,22,11.0,19.0,11,26.0,26.0,16,17,20.0,20,17.0,33.0,23.0,33,19,39.0,11,19,16,14,10,29,22,20,6,29,43,10,14.0,29.0,15,15,15,1.0,15.0,8,30,18,53.0,24,28.0,20,9,26,14,28,25.0,16,,17,19,41.0,19,21,10,53.0,18.0,10,26.0,16.0,58.0,22.0,11.0,14,24.0,17,8,18,31.0,17,48.0,8.0,17,20.0,11.0,28.0,17,29.0,12,19,14,9,12,22,11,39.0,23,27.0,18,24,18,,19,59.0,20,24.0,12,25.0,21,21,17.0,20,32.0,32,22.0,32.0,14,43,34.0,20.0,11.0,8.0,44.0,19,24.0,22.0,16,,14,16,,56.0,20,21.0,34,18.0,54.0,18,30,15,31.0,11,15.0,23.0,28,21.0,29,9.0,13,19,13,33.0,40.0,22,27,27,7.0,17.0,9,20,33.0,16,15.0,26.0,16.0,34.0,46.0,21.0,10.0,27.0,49.0,34.0,16,17,21.0,,54.0,27.0,13.0,30.0,55.0,27.0,21,16,53.0,23.0,26,35.0,19.0,13.0,34.0,47.0,35.0,20,34,18.0,36.0,20.0,18.0,12,20.0,22.0,,49,18,18,47.0,0.0,39.0,21.0,25,13,24.0,58.0,18,43.0,15.0,29,,39.0,23.0,25,4.0,15,25.0,58.0,5.0,21,16.0,18,15.0,12,18,53.0,35.0,34.0,26.0,44,9,42,,10,27.0,25,28,26.0,37,14,9.0,48.0,24,18,12.0,54.0,,44.0,34.0,17.0,16,20.0,19,20,47.0,16.0,25.0,24.0,,12.0,26,29,14.0,41.0,25.0,47.0,10.0,27.0,20,8.0,11,23.0,7.0,30.0,42.0,26,,19,34.0,37.0,,15,33.0,21.0,25.0,21,34,19.0,,17.0,40.0,25.0,19.0,,39.0,20.0,43.0,44.0,17.0,17,14,20.0,36.0,17.0,16,31,11,23,20.0,24.0,4,4,29.0,40.0,18,36.0,21.0,6.0,22,52.0,6.0,25.0,12,41.0,18.0,23.0,45.0,35.0,32.0,15,9.0,8,13.0,24,14,27,39.0,33.0,20.0,38.0,51.0,16.0,8.0,39.0,8.0,26.0,23.0,15,25.0,47.0,17,12.0,28.0,17.0,6.0,27,26.0,15.0,15.0,28,38,15.0,29,18.0,15.0,27.0,14.0,20,36.0,18,20,44.0,22,24.0,26,23.0,,20.0,28,19,16.0,36.0,26,,31,,16,,26.0,14.0,,53.0,22.0,30,18.0,,52.0,11.0,24.0,21.0,29.0,13,11,19.0,18,22,24,15.0,39.0,24.0,35.0,,22.0,46,32.0,36.0,29.0,26,,18.0,14.0,5.0,,20,,,34.0,44.0,23.0,18.0,30.0,41,58.0,42.0,61.0,42.0,40.0,31.0,32.0,20,53.0,,31.0,0.0,22,11,10.0,18.0,16,41.0,,39.0,39,26.0,,13.0,37.0,13,,33.0,17.0,21.0,34.0,27.0,,,18.0,40,20,,34.0,33.0,24.0,26.0,7.0,21.0,39.0,9.0,39.0,53,8,38.0,31,14.0,20.0,24.0,33.0,13,11,30.0,18.0,17.0,21.0,,18.0,39.0,23.0,16.0,7,9.0,31.0,24.0,27.0,28.0,38.0,13,52.0,27.0,23.0,21,14.0,,23.0,29.0,21.0,10.0,40,13.0,12,19.0,23.0,17.0,48.0,21.0,44.0,31.0,,36.0,33.0,43.0,,16.0,,18.0,16.0,26.0,,29.0,51.0,26.0,23,33.0,31.0,23,17.0,32.0,22,30.0,25.0,21.0,24,18,25,16.0,20.0,22.0,51.0,43.0,10.0,6.0,32.0,,22,17.0,21,21.0,26,27,0.0,29,13.0,,23.0,21.0,15,5.0,44.0,32.0,0.0,55.0,23.0,20,21.0,21,20.0,,43.0,19,24.0,30,13,10.0,9.0,,15,48.0,,21,22.0,39.0,31.0,31.0,38.0,19.0,27.0,22.0,39,35.0,24.0,,54.0,30.0,13.0,35.0,11.0,23,48.0,19,28.0,30.0,31.0,22.0,28,30,18.0,37.0,,25.0,26.0,28.0,24.0,53.0,44.0,14,19.0,11.0,16,22,22.0,18.0,18,37.0,31.0,19,14.0,43,0,41,23.0,42.0,42.0,12.0,,15.0,12.0,,46.0,33.0,41.0,19.0,36.0,20.0,61.0,,17.0,12.0,21.0,19.0,27.0,23.0,24.0,,26.0,30.0,17.0,39.0,32.0,19.0,,10.0,19.0,38.0,,25.0,24.0,,42.0,12.0,19.0,,15.0,19.0,57.0,52.0,29.0,29.0,25,25.0,24.0,33.0,10,24.0,5.0,9.0,31.0,54.0,19.0,28.0,43.0,61.0,37.0,26.0,,28.0,43.0,25.0,28.0,36.0,15.0,51.0,24.0,54.0,18.0,,3.0,32.0,41.0,,,12,13.0,59.0,8.0,27,43.0,15.0,13.0,23.0,43.0,42.0,48.0,41.0,30.0,38,21.0,,22.0,3.0,21.0,50.0,24,29,42.0,10.0,47.0,25.0,7.0,16.0,30,14,,48.0,7.0,11.0,39.0,39.0,18.0,30.0,53.0,,25.0,19.0,19.0,53.0,32.0,16.0,4,16.0,11.0,,33.0,22.0,18,20.0,37,24.0,21,18.0,,50.0,35.0,44.0,21.0,23.0,35.0,36.0,11.0,29.0,16.0,35,13.0,10.0,,,17.0,38,21.0,58.0,0.0,60.0,24.0,12.0,40.0,35.0,36.0,24,12,42.0,,38.0,27.0,44.0,4.0,16.0,12.0,12,30.0,51.0,13.0,,29.0,6.0,30.0,18.0,51,9.0,56.0,29.0,17,26,14.0,,,17.0,39.0,,,17.0,50.0,34.0,60.0,18.0,14.0,,9.0,38,19.0,49.0,13.0,,8.0,26,,25.0,6,42.0,1.0,,44.0,27.0,,25.0,26.0,24.0,17.0,19.0,15,32.0,,57.0,34.0,31,,42.0,58.0,21.0,20.0,,39.0,10.0,27.0,46.0,10.0,25.0,30.0,25,17,30.0,25.0,29.0,14.0,26.0,12,22,30.0,33.0,24.0,26.0,25.0,34.0,13.0,24.0,30.0,43.0,41.0,52.0,8.0,,,29,2,12.0,,15.0,,34.0,27,0.0,32.0,19.0,35.0,,13.0,23.0,57.0,,28.0,,24.0,10.0,,,25,19.0,60.0,24,14.0,49.0,17.0,12.0,20.0,9.0,23.0,22.0,28.0,,25.0,34.0,19.0,23.0,39.0,46.0,19.0,23.0,22.0,,36.0,,43.0,31.0,15.0,14.0,38.0,48.0,33.0,47.0,18.0,,26.0,,43.0,25.0,27.0,14.0,43.0,22.0,19.0,,,33.0,,45.0,,59.0,40.0,30.0,45.0,15.0,17.0,31.0,31.0,,29.0,15.0,50.0,57.0,59.0,25,47.0,25.0,45.0,14.0,58.0,14.0,6.0,24.0,27.0,56.0,32.0,23.0,35.0,19.0,2.0,49.0,42.0,12.0,30.0,46.0,43.0,45.0,27.0,23.0,27.0,0.0,60.0,42.0,55.0,28.0,59.0,57.0,21.0,,19.0,28.0,,,13.0,57.0,60.0,28.0,,20.0,,24.0,21,27.0,45.0,21.0,31.0,35.0,29.0,26.0,12.0,27.0,24,48.0,53.0,15.0,22.0,36.0,21.0,26.0,33.0,20.0,13.0,19.0,54.0,,23.0,30.0,,15,27.0,31.0,17.0,30.0,36.0,,13.0,,41.0,50.0,29.0,17.0,34.0,37.0,22.0,0.0,23.0,,21.0,20.0,22.0,24.0,54.0,20.0,20,15,8.0,6.0,16.0,26.0,,49.0,27.0,30.0,14.0,14.0,30.0,29.0,,39.0,21.0,21.0,29.0,,15.0,53.0,19.0,14.0,51.0,56.0,22.0,42.0,35.0,29.0,13.0,38.0,,38.0,9.0,53.0,30.0,43.0,41.0,,,19.0,24.0,24.0,37.0,59.0,22.0,38.0,,14.0,22,49.0,17.0,33.0,25.0,28,54.0,25.0,,34.0,9.0,,16.0,,18,,24.0,45.0,,33.0,8.0,26.0,39,40.0,11.0,39.0,46.0,9,,34.0,6.0,35.0,35.0,29.0,27.0,19.0,11.0,52.0,36.0,46.0,5.0,14.0,,21.0,31.0,37.0,5.0,56.0,32.0,56.0,18.0,,27,27.0,13.0,22.0,61.0,41.0,28.0,47.0,29.0,15.0,26.0,35.0,28.0,31.0,21,20.0,32.0,16.0,11.0,20.0,14.0,55.0,15.0,26.0,25.0,48.0,59.0,,21.0,28.0,40.0,20.0,25.0,58.0,54.0,42.0,,28.0,40.0,42.0,10.0,45.0,43.0,59.0,43.0,20.0,46.0,37.0,8.0,6.0,33.0,,26.0,28.0,47.0,5.0,37.0,12.0,25.0,20.0,31.0,21.0,43.0,44.0,28.0,,,33.0,23.0,28.0,33.0,,39.0,,48.0,6.0,14.0,61.0,35.0,36.0,35.0,20.0,25.0,18.0,23,55.0,37.0,12.0,18.0,0.0,55.0,41.0,,40.0,37.0,38.0,17.0,,50.0,19.0,42.0,17.0,29.0,28.0,,27.0,,18.0,52.0,,57.0,30.0,22.0,27.0,,23.0,,36.0,28.0,20.0,54.0,21.0,22.0,17.0,48.0,21.0,20.0,57.0,0.0,,,,,40.0,16.0,22.0,57.0,12.0,39.0,47.0,18.0,,,36.0,9.0,43.0,33.0,44.0,,13.0,32.0,4.0,37.0,10.0,39.0,48.0,21.0,35.0,29.0,18.0,28.0,54.0,59.0,20.0,60.0,39.0,36.0,30.0,26.0,38.0,16.0,31.0,25.0,18.0,55.0,33.0,16.0,19.0,53.0,30.0,44.0,,23.0,33.0,3.0,37.0,46.0,17.0,35.0,22.0,30.0,,0.0,,50.0,41.0,29.0,54.0,,,34.0,33.0,49.0,20.0,53.0,49.0,12.0,35.0,39.0,40.0,,33.0,22.0,21,55.0,22.0,,,33.0,22.0,22.0,32.0,,26.0,40,,54.0,11.0,25.0,10.0,,48.0,48.0,20,,51.0,52.0,34.0,16.0,36.0,49.0,32.0,,34.0,29.0,21.0,27.0,,,50.0,5.0,30.0,52.0,16.0,54.0,27.0,30.0,,,32.0,42.0,30.0,,49.0,3.0,58.0,,,36.0,17.0,,27.0,44.0,38.0,18.0,60.0,20.0,9.0,12.0,20.0,39.0,,32.0,17.0,0.0,36.0,,35.0,26.0,18.0,20.0,,20.0,36.0,39.0,22.0,32.0,,56.0,,29.0,22.0,12.0,,26.0,10.0,41.0,,,23.0,45.0,12.0,25.0,61.0,40.0,,14.0,10.0,22.0,24.0,48.0,39.0,,36.0,17.0,8.0,,0.0,,11.0,16.0,,14.0,53.0,14.0,,13.0,33.0,,58.0,36.0,20.0,25,18.0,24.0,31.0,21.0,11.0,50.0,45.0,61.0,23.0,39.0,,45.0,,18.0,10.0,35.0,3.0,13.0,38.0,34.0,9.0,25.0,21.0,38.0,,26.0,16.0,48.0,33.0,49.0,8.0,59.0,0.0,54.0,,,38.0,16.0,,,37.0,18.0,44.0,,16.0,26.0,15.0,,29.0,9.0,19.0,15.0,24.0,60.0,13.0,15.0,17.0,,14.0,15.0,54.0,28.0,9.0,28.0,49.0,19.0,,,35.0,22.0,16.0,52.0,61.0,58.0,,0.0,31.0,28.0,21.0,20,26.0,42.0,16,27.0,42.0,12.0,41.0,22.0,52.0,,3.0,17.0,43.0,,46.0,,24.0,25.0,27.0,37.0,32.0,37.0,31.0,19.0,23.0,27.0,15.0,,34.0,31.0,58.0,29.0,55.0,13.0,10.0,24.0,25.0,,36.0,,38.0,,,27.0,22.0,,,46.0,11.0,52.0,,17.0,,28.0,57.0,20.0,21.0,36.0,29.0,21.0,18.0,26.0,18.0,30.0,10.0,39.0,19.0,2.0,14.0,,28.0,10.0,,10.0,,11.0,51.0,22.0,38.0,,,18.0,42.0,26.0,8.0,,,,0.0,54.0,31.0,32.0,,29.0,42.0,46.0,27.0,45.0,56.0,,17.0,18.0,,32.0,,,19.0,32.0,,21.0,18.0,53.0,18.0,30.0,0.0,2.0,26.0,,46.0,,47.0,27.0,53.0,,39.0,31.0,45.0,34.0,34.0,,,30.0,,13.0,21.0,30.0,43.0,25.0,21.0,,,15.0,36.0,55.0,60.0,41.0,10.0,11.0,28.0,11.0,9.0,,12.0,10.0,40.0,24.0,45.0,41.0,31.0,56.0,,38.0,51.0,,,,45.0,10.0,44.0,,15.0,,34.0,37.0,13.0,20.0,22.0,,26.0,42.0,,23.0,30.0,,0.0,27.0,,30.0,8.0,53.0,45.0,,8.0,13.0,18.0,22.0,29.0,,61.0,15.0,55.0,49.0,10.0,,14.0,,36.0,32.0,,54.0,13.0,,42.0,21.0,25.0,19.0,34.0,27.0,,,,30.0,,39.0,,20.0,54.0,28.0,20.0,49.0,55.0,32.0,47.0,12.0,7.0,48.0,40.0,12.0,44.0,,39.0,,53.0,17.0,42.0,34.0,,,14.0,42.0,,31.0,20.0,27.0,55.0,6.0,36.0,61.0,28.0,35.0,,,42.0,29.0,14.0,,0.0,10.0,40.0,53.0,56.0,19.0,46.0,22.0,31.0,18.0,,,45.0,26.0,59.0,28.0,11.0,25.0,,18.0,,51.0,18.0,29.0,25.0,53.0,18.0,28.0,29.0,27.0,11.0,13.0,24.0,54.0,45.0,58.0,21.0,54.0,28.0,13.0,39.0,,49.0,2.0,49.0,40.0,28.0,31.0,40.0,14.0,,19.0,11.0,26.0,16.0,56.0,22.0,50.0,51.0,30.0,15.0,17.0,,53.0,,11.0,36.0,,19.0,19.0,30.0,25.0,43.0,,50.0,26.0,,41.0,18.0,20.0,21.0,24.0,28.0,26.0,57.0,,17.0,9.0,15.0,40.0,37.0,,52.0,18.0,54.0,33.0,44.0,36.0,59.0,,35.0,22.0,48.0,55.0,27.0,,20.0,21.0,47.0,,,37.0,21.0,43.0,,16.0,41.0,6.0,53.0,27.0,40.0,40.0,47.0,59.0,31.0,10.0,61.0,24.0,21.0,12.0,33.0,,20.0,45.0,,,30.0,60.0,26.0,19.0,34.0,21.0,,14.0,29.0,52.0,53.0,23.0,55.0,25.0,53.0,50.0,30.0,,35.0,29.0,,,51.0,50.0,,9.0,16.0,35.0,,20.0,27.0,31.0,26.0,26.0,32.0,31.0,14.0,54.0,,22.0,34.0,51.0,16.0,59.0,23.0,31.0,10.0,31.0,,8.0,24.0,35.0,15.0,26.0,,,,21.0,20.0,24.0,,,55.0,59.0,58.0,24.0,12.0,48.0,55.0,,48.0,33.0,48.0,17.0,22.0,11.0,,48.0,22.0,61.0,,,36.0,60.0,13.0,14.0,,27.0,10.0,41.0,19.0,30.0,52.0,21.0,39.0,57.0,11.0,,20.0,39.0,37.0,18.0,17.0,,34.0,18.0,33.0,32.0,57.0,26.0,22.0,57.0,,20.0,45.0,49.0,46.0,,,57.0,13.0,59.0,24.0,41.0,40.0,,17.0,28.0,41.0,45.0,27.0,15.0,33.0,30.0,19.0,12.0,38.0,59.0,22.0,,47.0,23.0,28.0,32.0,39.0,42.0,50.0,,39.0,16.0,5.0,28.0,40.0,13.0,,26.0,19.0,,33.0,19.0,9.0,18.0,0.0,31.0,28.0,,26.0,30.0,30.0,26.0,20.0,29.0,,38.0,20.0,19.0,58.0,,32.0,23.0,40.0,,,,38.0,38.0,,39.0,,22.0,54.0,28.0,24.0,23.0,,23.0,33.0,,,30.0,31.0,12.0,51.0,,39.0,7.0,34.0,29.0,28.0,40.0,25.0,,42.0,34.0,,28.0,,,15.0,,32.0,18.0,20.0,,23.0,27.0,25.0,45.0,21.0,22.0,20.0,20.0,,25.0,43.0,25.0,,,23.0,20.0,,16.0,,22.0,48.0,43.0,,,20.0,,,49.0,18.0,25.0,19.0,29.0,28.0,55.0,33.0,,36.0,37.0,36.0,,10.0,,27.0,15.0,27.0,0.0,24.0,60.0,27.0,29.0,29.0,10.0,32.0,38.0,36.0,38.0,,25.0,32.0,,,45.0,27.0,32.0,,10.0,34.0,34.0,,59.0,,28.0,,52.0,56.0,16.0,20.0,21.0,38.0,,20.0,18.0,27.0,25.0,42.0,,19.0,32.0,24.0,19.0,58.0,,53.0,41.0,21.0,,22.0,49.0,39.0,,10.0,0.0,26.0,,39.0,19.0,,40.0,26.0,,46.0,49.0,,30.0,45.0,,22.0,57.0,,16.0,,39.0,46.0,,39.0,30.0,22.0,11.0,27.0,54.0,59.0,31.0,23.0,26.0,29.0,32.0,27.0,,41.0,37.0,35.0,54.0,21.0,,18.0,30.0,43.0,20.0,13.0,45.0,,51.0,60.0,,,,21.0,4.0,43.0,24.0,20.0,17.0,42.0,,43.0,33.0,19.0,4.0,31.0,20.0,,23.0,32.0,12.0,,47.0,,,,56.0,27.0,15.0,39.0,23.0,,40.0,38.0,7.0,18.0,13.0,14.0,14.0,49.0,31.0,52.0,32.0,32.0,55.0,14.0,40.0,,26.0,36.0,,,16.0,56.0,,22.0,22.0,12.0,24.0,40.0,15.0,27.0,,41.0,25.0,46.0,,15.0,18.0,,,15.0,26.0,51.0,21.0,27.0,17.0,,,,57.0,,18.0,,56.0,,30.0,,45.0,,46.0,,0.0,,46.0,34.0,53.0,32.0,,21.0,22.0,,36.0,41.0,19.0,22.0,30.0,21.0,,19.0,11.0,61.0,44.0,50.0,18.0,,52.0,27.0,18.0,34.0,10.0,24.0,20.0,,17.0,33.0,24.0,21.0,33.0,44.0,,,,,51.0,,25.0,26.0,59.0,,34.0,,38.0,20.0,,,27.0,,29.0,45.0,,,12.0,53.0,,,19.0,,,,33.0,50.0,60.0,28.0,34.0,19.0,,,,43.0,,5.0,45.0,21.0,,,53.0,34.0,41.0,,14.0,29.0,35.0,20.0,54.0,16.0,,43.0,22.0,,23.0,50.0,,25.0,34.0,51.0,16.0,29.0,,30.0,55.0,52.0,3.0,19.0,,,29.0,41.0,32.0,32.0,30.0,,41.0,25.0,31.0,7.0,44.0,13.0,55.0,26.0,25.0,10.0,33.0,38.0,,50.0,,52.0,,34.0,28.0,60.0,23.0,12.0,40.0,16.0,20.0,,,38.0,11.0,,38.0,40.0,17.0,,32.0,,17.0,,28.0,,29.0,52.0,47.0,21.0,15.0,27.0,43.0,,24.0,34.0,28.0,35.0,49.0,37.0,28.0,19.0,42.0,42.0,25.0,60.0,29.0,29.0,30.0,20.0,17.0,31.0,6.0,17.0,18.0,32.0,,53.0,43.0,,31.0,,,15.0,47.0,15.0,28.0,32.0,,28.0,,44.0,,25.0,,44.0,,,32.0,,35.0,113,3,2.406756756756757,18.55011520737327,-0.3419701278032383
6,5,6,7,5,10,7,2,10,7,7,7,4,7,9,6,15,7,13,11,7,16,8,6,6,13,13,11,9,9,11,11,3,11,6,8,15,10,12,10,8,26.0,13,15,14,11,5,14,14,8,10,17,3,13,19,17,11,14,10,4,8,11,11,14,,11,10,10,12,11,16,0,15,12,10,12,12,14,11,8,18,13,11,10,14,9,13,11,14,20,11,10,29,8,10,5,12,8,13,15,24,9,16,15,12,15,14,18,9,17,17,23.0,13,15,14.0,9,16,18,12,28,12,18,12,14,13,13,13,18.0,13,11,13,11,30.0,6,13,15.0,12,18,20,12,11,6,16,2,36.0,44.0,10,,9,19,11,18,22.0,16,22,10,16,20.0,18,15,37,10,16,13,18,1.0,18,16,15,10,16,15.0,7,10,23,23,40,24.0,15,22.0,18,12,8,8,12,15.0,35.0,11,9,0.0,,17,25,19,17,34,17,18,15.0,18,31,24.0,13,14,11,21,27.0,9,12,18,10,42.0,5,11,10,26,7,16,19,19.0,27.0,7,15,17,14.0,9,22,13,22.0,10,35.0,15.0,16,17,29.0,26,23,15,11.0,55.0,17,13,16,19,19,37.0,17,18,10,14,13,16,28.0,12.0,11,14.0,34.0,23.0,8.0,41,36.0,6,32,11,12.0,14.0,13.0,41.0,40.0,14,17.0,17.0,11.0,12,19,22.0,23,29,11,20.0,16.0,25.0,22,12.0,14,17,17.0,13.0,15,16.0,45.0,18,15,24.0,8,23.0,27.0,10.0,18,16,27.0,11,24,17,15,23,31,14,14,12,17,27,16,21.0,0.0,24,15,12,22.0,16.0,11,28,12,33.0,14,,16,22,13,14,14,42.0,10,23.0,18,24,22.0,18,17,7,16.0,16.0,17,22.0,29.0,18.0,13.0,14.0,21,24.0,17,0,15,50.0,17,51.0,38.0,11,10.0,17.0,42.0,17,6.0,16,21,24,16,14,28,22,24.0,13,29.0,19,12,18,31.0,18,,49,13.0,15,,18,18,23.0,23,21.0,21,27.0,34.0,16,32,32.0,0.0,11.0,27.0,,32,20.0,8.0,16,35.0,18,14,19.0,,20,14.0,21,34.0,19.0,31,22,20,41.0,17,41.0,25.0,19,21.0,19,21.0,8,19,18,24.0,39.0,14,31,25,20.0,31.0,12,19,28.0,31,46.0,36.0,15.0,18.0,31.0,22.0,20.0,12.0,,27.0,26,16,27.0,20.0,12.0,,15.0,42.0,,15.0,20,18,34.0,15.0,22,43.0,23.0,,,13.0,28.0,17,25,,26.0,22.0,25.0,17,22.0,27.0,9.0,8,16,19,39.0,,15.0,,7,13,14.0,27.0,17,20.0,18.0,28,29.0,22.0,,9,21.0,22,11.0,32.0,10.0,15,46.0,22,32.0,14,17,,32.0,,,12,12,26,32.0,11,13.0,9,33,17.0,35,20,10.0,18.0,27,27,16.0,44.0,16.0,40.0,35.0,12.0,22,49.0,33,25,,19.0,26.0,30.0,31.0,31.0,22,17,31.0,46.0,23.0,20.0,6.0,46.0,13,16.0,9,12.0,0.0,14.0,10.0,8,32.0,28,46.0,53.0,37.0,19,29.0,28.0,18.0,11,30,22.0,44.0,20.0,,17.0,25.0,,18.0,29.0,37.0,,24.0,31,11,37.0,15.0,35.0,18,20,12,13,42.0,,15,21,22.0,15.0,19,39.0,24.0,32.0,26,22.0,16.0,,11,33.0,,41.0,43.0,20.0,21.0,19,15.0,20,5.0,18,36,15,23.0,35.0,14.0,18.0,42.0,32.0,23.0,26.0,32.0,20.0,33.0,18,15.0,32.0,22,30.0,43.0,25.0,25.0,18,35.0,21.0,49.0,51,12,31.0,12,14.0,17.0,29.0,,18,10.0,27,27,14.0,26,,12,25.0,,23.0,40,16,23.0,22.0,21,,27,,19,23.0,20.0,26.0,,15.0,35.0,17,9.0,18.0,54.0,12.0,16.0,33.0,25.0,12,11,25.0,25,10,19,28.0,14.0,26.0,18.0,13.0,17.0,27,43.0,18.0,36.0,16,34.0,29.0,0.0,46.0,10.0,23,39.0,11.0,22.0,13.0,16.0,21.0,,50,29.0,42.0,19.0,5.0,15.0,21.0,27.0,19,51.0,30.0,23.0,,19,19,9.0,27.0,24,48.0,49.0,,11,36.0,33.0,24.0,42.0,17,29.0,25.0,24.0,15.0,23.0,33.0,52.0,29.0,31.0,13,31,,34.0,,44.0,24.0,27.0,17.0,,,48.0,18,15,16.0,29,45.0,14.0,35.0,33.0,10,20,32.0,28.0,26.0,35.0,32.0,38.0,23.0,27.0,42.0,14,40.0,,23.0,23.0,6.0,8.0,22,25.0,49.0,19.0,21,17.0,17.0,24.0,23.0,21.0,19.0,8,24.0,30,21.0,9.0,36.0,21.0,43.0,43.0,29.0,47.0,26.0,22.0,,55.0,19.0,11.0,15.0,16.0,24.0,38.0,8.0,26.0,30.0,29,26.0,26.0,18,44.0,,15,22.0,40.0,13.0,15,17,18,23.0,29.0,40.0,,12.0,12.0,43.0,35.0,42.0,21,36.0,12,17.0,28,27,21.0,10,,44.0,8.0,42.0,37,29.0,13.0,27.0,16.0,9.0,,15,,36,45.0,11.0,22.0,31,17.0,16,16,29.0,7.0,42.0,25,13.0,,14,28.0,30.0,30.0,29.0,,0.0,28.0,30.0,21,28.0,39.0,53.0,33.0,44.0,49.0,47.0,44.0,12,52.0,25,15.0,32.0,27.0,30.0,19,27,19.0,12.0,11.0,28.0,41.0,22.0,32.0,22.0,44.0,32,32.0,17.0,21,21,31.0,18.0,24,23.0,26.0,16,28.0,36,28,27,19.0,22.0,,,15.0,42.0,51.0,,54.0,10.0,30.0,,7.0,30.0,23.0,,11.0,17.0,21.0,16.0,,21.0,24.0,33.0,23.0,42.0,10.0,22.0,10.0,19.0,20.0,31.0,23.0,15.0,42.0,34.0,18.0,18.0,19.0,16.0,,,31.0,26.0,55.0,52.0,,17.0,19,13.0,17.0,20.0,17,31.0,15.0,50.0,20.0,51.0,19.0,35.0,12.0,35.0,24.0,27.0,14.0,55.0,,24.0,33.0,30.0,22.0,34.0,26.0,21.0,40.0,19.0,18.0,23.0,46.0,22.0,19.0,11,42.0,49.0,,14,,16.0,32.0,41.0,22.0,0.0,27.0,45.0,17.0,8,45.0,53.0,20.0,31.0,27.0,,12,17,16.0,32.0,14.0,23.0,0.0,19.0,21,18,27.0,25.0,44.0,,37.0,17.0,28.0,6.0,43.0,25.0,14.0,17.0,9.0,33.0,28.0,17.0,23,14.0,20.0,38.0,26.0,12.0,9,13.0,29,,27,26.0,28.0,31.0,,,25.0,19.0,32.0,40.0,20.0,54.0,27.0,29,20.0,19.0,21.0,10.0,45.0,32,39.0,41.0,13.0,22.0,12.0,39.0,10.0,28.0,11.0,3,13,42.0,,48.0,18.0,31.0,24.0,16.0,52.0,18,28.0,41.0,,,,15.0,,8.0,8,32.0,30.0,25.0,28,54,,53.0,20.0,22.0,20.0,11.0,,16.0,43.0,10.0,37.0,16.0,32.0,30.0,27.0,25,,28.0,51.0,29.0,31.0,17,,,17,45.0,16.0,31.0,,34.0,38.0,23.0,24.0,28.0,25.0,48.0,32,24.0,31.0,41.0,23.0,28,31.0,,55.0,26.0,22.0,16.0,17.0,19.0,,14.0,39.0,42.0,23.0,33,18,,29.0,19.0,23.0,38.0,37,27,,10.0,29.0,14.0,,,50.0,21.0,32.0,,15.0,24.0,8.0,11.0,41.0,11,19,31.0,18.0,7.0,35.0,,22,23.0,26.0,25.0,24.0,,18.0,24.0,26.0,26.0,39.0,37.0,22.0,38.0,17.0,25.0,22,29.0,7.0,30,32.0,20.0,26.0,34.0,18.0,17.0,33.0,,,28.0,16.0,15.0,47.0,31.0,43.0,,18.0,19.0,34.0,32.0,15.0,53.0,34.0,21.0,18.0,29.0,11.0,22.0,23.0,27.0,30.0,,23.0,16.0,10.0,26.0,50.0,,18.0,,29.0,31.0,25.0,53.0,32.0,23.0,31.0,26.0,0.0,31.0,17.0,13.0,13.0,20.0,4.0,20.0,8.0,31.0,8.0,45.0,19.0,29,11.0,28.0,31.0,32.0,14.0,44.0,33.0,23.0,31.0,22.0,35.0,29.0,,25.0,31.0,15.0,50.0,20.0,,18.0,53.0,15.0,,27.0,22.0,14.0,20.0,22.0,25.0,20.0,26.0,29.0,28.0,54.0,29.0,21.0,45.0,20.0,27.0,34.0,32.0,21.0,49.0,40.0,,50.0,21,36.0,25.0,28.0,17.0,28.0,,37.0,,46.0,16,13.0,42.0,19.0,39.0,32.0,13.0,29.0,50.0,21.0,7.0,36.0,43.0,30.0,32.0,28.0,,47,,9.0,22.0,31.0,47.0,15.0,53.0,12.0,27.0,,50.0,,40.0,43.0,30.0,19.0,20.0,23.0,21.0,17.0,18.0,29.0,10.0,35.0,23,32,18.0,24.0,16.0,30.0,,,18.0,19.0,29.0,19.0,,36.0,30.0,37.0,31.0,20.0,38.0,35.0,49.0,26.0,47.0,21.0,,20.0,16.0,27.0,25.0,29.0,51.0,,,,39.0,44.0,22.0,24.0,21.0,52.0,36.0,15.0,37.0,40.0,22.0,28.0,53.0,18.0,33.0,9.0,11,29.0,22.0,44.0,,0,,35.0,,47.0,15.0,,24.0,43.0,20,34.0,19.0,26.0,,32.0,11.0,,31,38.0,,51.0,28.0,21,42.0,14.0,53.0,,33.0,11.0,20.0,,11.0,8.0,16.0,,23.0,35.0,34.0,20.0,,0.0,32.0,48.0,16.0,28.0,51.0,44.0,24,36.0,20.0,50.0,13.0,32.0,,30.0,55.0,,29.0,20.0,22.0,19.0,24,25.0,,29.0,,30.0,,,37.0,48.0,53.0,26.0,36.0,23.0,31.0,37.0,33.0,21.0,,17.0,46.0,35.0,23.0,11.0,33.0,25.0,49.0,38.0,31.0,9.0,25.0,31.0,45.0,24.0,50.0,33.0,31.0,,,25.0,30.0,24.0,34.0,20.0,23.0,46.0,12.0,24.0,14.0,30.0,8.0,31.0,,30.0,14.0,46.0,29.0,20.0,,,15.0,13.0,14.0,6.0,,27.0,17.0,28.0,,,19,30.0,40.0,35.0,18.0,35.0,36.0,12.0,,20.0,44.0,21.0,32.0,28.0,40.0,0.0,21.0,17.0,16.0,43.0,,,31.0,55.0,10.0,34.0,,30.0,28.0,26.0,16.0,36.0,,33.0,26.0,12.0,32.0,20.0,48.0,,41.0,23.0,43.0,42.0,35.0,,44.0,,,30.0,12.0,,38.0,43.0,34.0,39.0,17.0,39.0,24.0,,18.0,33.0,26.0,29.0,16.0,31.0,47.0,12.0,28.0,31.0,30.0,44.0,38.0,15.0,20.0,9.0,43.0,,37.0,31.0,22.0,21.0,36.0,7.0,20.0,,34.0,33.0,,,38.0,23.0,31.0,28.0,,26.0,32.0,,28.0,15.0,44.0,13.0,28.0,19.0,38.0,24.0,20.0,35.0,30.0,15.0,36.0,4.0,27.0,,19.0,11.0,26.0,19.0,37.0,45.0,41.0,43.0,21.0,40.0,44.0,39.0,44.0,47.0,12.0,17,24.0,40.0,36.0,33.0,43.0,18.0,,24.0,21.0,,14,11.0,17.0,19.0,39.0,20.0,43.0,20.0,46.0,20,29.0,39.0,42.0,10.0,22.0,,52.0,,15.0,,43.0,25.0,40.0,52.0,49.0,0.0,37.0,33.0,41.0,29.0,30.0,47.0,41.0,,11.0,24.0,17.0,48.0,26.0,,,21.0,28.0,35.0,8.0,,51.0,,29.0,20.0,17.0,43.0,15.0,,15.0,45.0,10.0,,18.0,21.0,29.0,14.0,,,,18.0,18.0,47.0,22.0,43.0,15.0,20.0,46.0,12.0,43.0,48.0,39.0,25.0,37.0,28.0,27.0,27.0,22.0,34.0,47.0,47.0,17.0,4.0,,14.0,,51.0,47.0,12.0,15.0,26.0,9.0,42.0,36.0,27.0,12.0,21.0,28.0,,5.0,32.0,28.0,12.0,24.0,24.0,27.0,26.0,42.0,35.0,,40.0,12.0,44.0,33,44.0,15.0,13.0,20.0,43.0,47.0,17.0,,35.0,13.0,39.0,22.0,41.0,8.0,,45.0,17.0,,,18.0,25.0,0.0,,,9.0,51.0,,28.0,32.0,46.0,22.0,,29.0,23.0,15.0,38.0,34.0,45.0,18.0,18.0,39.0,12.0,34.0,17.0,26.0,34.0,10.0,47.0,,19.0,17.0,37.0,18.0,26.0,10.0,,38.0,43.0,25.0,27.0,,24.0,35.0,12.0,,44.0,,38.0,36.0,15.0,25.0,,12.0,32.0,18.0,50.0,19.0,22.0,12.0,19,,27.0,15,32.0,41.0,0.0,,13.0,46.0,29.0,31.0,16.0,44.0,,15.0,44.0,33.0,38.0,39.0,,25.0,46.0,39.0,27.0,36.0,26.0,50.0,,,23.0,,28.0,32.0,8.0,,42.0,31.0,36.0,27.0,,16.0,22.0,53.0,45.0,34.0,18.0,47.0,15.0,23.0,13.0,34.0,30.0,,,35.0,20.0,18.0,,45.0,36.0,45.0,18.0,32.0,50.0,39.0,38.0,15.0,15.0,0.0,20.0,51.0,28.0,,46.0,55.0,,,,37.0,,42.0,,38.0,55.0,26.0,38.0,24.0,46.0,14.0,29.0,,25.0,10.0,26.0,24.0,,40.0,0.0,43.0,25.0,,43.0,23.0,25.0,34.0,24.0,28.0,43.0,45.0,11.0,6.0,,22.0,,17.0,33.0,30.0,40.0,13.0,43.0,25.0,30.0,28.0,33.0,21.0,19.0,40.0,14.0,32.0,16.0,0.0,35.0,27.0,16.0,35.0,19.0,31.0,,28.0,,12.0,28.0,34.0,16.0,,,22.0,,29.0,37.0,43.0,46.0,30.0,47.0,37.0,8.0,26.0,52.0,,,40.0,,28.0,,,37.0,20.0,16.0,,42.0,34.0,25.0,17.0,45.0,26.0,12.0,23.0,,46.0,36.0,24.0,31.0,26.0,20.0,,41.0,41.0,40.0,25.0,39.0,32.0,,43.0,30.0,,33.0,,18.0,36.0,34.0,32.0,,7.0,37.0,25.0,21.0,39.0,34.0,23.0,39.0,22.0,25.0,36.0,30.0,25.0,43.0,25.0,52.0,,,24.0,11.0,,,,54.0,39.0,54.0,22.0,,14.0,25.0,44.0,20.0,51.0,40.0,25.0,15.0,,45.0,20.0,35.0,12.0,30.0,29.0,,23.0,50.0,21.0,21.0,37.0,,37.0,20.0,24.0,33.0,45.0,43.0,45.0,31.0,25.0,38.0,17.0,39.0,37.0,36.0,29.0,12.0,,10.0,25.0,8.0,24.0,,23.0,,,19.0,28.0,,33.0,30.0,48.0,47.0,0.0,46.0,24.0,45.0,24.0,29.0,41.0,31.0,20.0,38.0,30.0,53.0,38.0,32.0,18.0,,49.0,42.0,46.0,52.0,,20.0,18.0,29.0,,15.0,22.0,,,51.0,18.0,14.0,,48.0,24.0,28.0,,,,,34.0,,13.0,46.0,37.0,43.0,35.0,22.0,,37.0,29.0,40.0,,43.0,37.0,23.0,26.0,28.0,,34.0,27.0,33.0,13.0,,10.0,16.0,54.0,,27.0,12.0,13.0,4.0,46.0,14.0,42.0,32.0,,33.0,,,33.0,16.0,22.0,,,27.0,24.0,29.0,10.0,27.0,49.0,35.0,50.0,49.0,17.0,17.0,25.0,35.0,,,,40.0,20.0,49.0,,,43.0,,46.0,30.0,,,55.0,,,41.0,22.0,19.0,30.0,39.0,29.0,,,28.0,,50.0,19.0,39.0,30.0,,28.0,48.0,,46.0,25.0,51.0,,36.0,44.0,48.0,22.0,40.0,31.0,9.0,,32.0,24.0,44.0,27.0,28.0,17.0,52.0,,36.0,23.0,31.0,18.0,,31.0,46.0,,55.0,18.0,40.0,13.0,11.0,,50.0,,20.0,4.0,33.0,,24.0,,13.0,25.0,10.0,,36.0,20.0,40.0,,53.0,19.0,27.0,34.0,37.0,20.0,21.0,47.0,,43.0,47.0,32.0,19.0,,,14.0,21.0,29.0,41.0,,33.0,15.0,,,44.0,23.0,22.0,26.0,42.0,17.0,,,,,16.0,27.0,26.0,31.0,52.0,31.0,14.0,16.0,27.0,15.0,,,26.0,,21.0,53.0,25.0,38.0,44.0,24.0,50.0,21.0,19.0,31.0,,42.0,36.0,52.0,46.0,26.0,,40.0,49.0,40.0,55.0,,25.0,26.0,28.0,,31.0,44.0,,23.0,21.0,10.0,,,16.0,23.0,,19.0,,7.0,10.0,,38.0,33.0,50.0,5.0,36.0,16.0,38.0,,,18.0,44.0,,,18.0,27.0,20.0,33.0,,,,21.0,47.0,29.0,19.0,43.0,18.0,42.0,50.0,14.0,30.0,,12.0,15.0,31.0,,34.0,,9.0,31.0,21.0,,,,50.0,,29.0,18.0,16.0,,,,28.0,,45.0,20.0,26.0,21.0,18.0,45.0,52.0,42.0,25.0,14.0,46.0,52.0,42.0,20.0,47.0,,31.0,7.0,,18.0,34.0,49.0,,25.0,,22.0,14.0,,33.0,33.0,54.0,12.0,33.0,,9.0,53.0,,31.0,,54.0,20.0,18.0,18.0,17.0,23.0,37.0,23.0,,31.0,,43.0,28.0,45.0,29.0,,27.0,18.0,,42.0,52.0,28.0,42.0,22.0,13.0,31.0,,,45.0,,42.0,11.0,49.0,39.0,20.0,,46.0,47.0,34.0,23.0,27.0,54.0,12.0,45.0,34.0,12.0,,,14.0,,30.0,,0.0,20.0,23.0,,16.0,30.0,17.0,,11.0,15.0,43.0,8.0,0.0,25.0,36.0,,20.0,41.0,,29.0,,,39.0,41.0,17.0,13.0,21.0,33.0,26.0,8.0,16.0,21.0,0.0,42.0,42.0,42.0,21.0,29.0,36.0,44.0,,16.0,36.0,,15.0,18.0,33.0,55.0,19.0,54.0,49.0,18.0,22.0,,,33.0,,,,51.0,,,29.0,34.0,,,45.0,17.0,20.0,24.0,39.0,,,13.0,,,18.0,46.0,,9.0,47.0,40.0,41.0,,11.0,26.0,17.0,35.0,38.0,,,48.0,20.0,33.0,,27.0,52.0,34.0,23.0,8.0,43.0,49.0,,,19.0,11.0,,27.0,40.0,14.0,17.0,32.0,18.0,,14.0,19.0,38.0,15.0,,21.0,47.0,44.0,,,,28.0,50.0,50.0,22.0,55.0,17.0,,41.0,28.0,35.0,30.0,34.0,,21.0,0.0,8.0,,47.0,,43.0,39.0,35.0,19.0,47.0,39.0,36.0,45.0,55.0,33.0,43.0,,26.0,23.0,,42.0,22.0,23.0,41.0,51.0,43.0,,11.0,42.0,45.0,53.0,31.0,33.0,,,40.0,29.0,,24.0,40.0,26.0,,,21.0,,45.0,9.0,34.0,,44.0,30.0,11.0,50.0,17.0,33.0,,41.0,14.0,,,34.0,,42.0,47.0,0.0,,14.0,27.0,45.0,,33.0,,41.0,20.0,29.0,26.0,,,32.0,8.0,49.0,50.0,21.0,20.0,20.0,34.0,,,38.0,17.0,24.0,19.0,,39.0,,36.0,48.0,,,23.0,34.0,25.0,49.0,25.0,39.0,,21.0,40.0,9.0,37.0,,35.0,19.0,27.0,40.0,,39.0,27.0,20.0,32.0,29.0,,21.0,,51.0,48.0,,11.0,,49.0,,15.0,26.0,20.0,0.0,55.0,,,42.0,0.0,26.0,,,54.0,16.0,,37.0,,12.0,37.0,,9.0,30.0,,42.0,7.0,39.0,27.0,42.0,17.0,14.0,46.0,52.0,,,17.0,31.0,41.0,39.0,20.0,8.0,,53.0,49.0,16.0,18.0,42.0,31.0,49.0,,0.0,44.0,,13.0,33.0,19.0,17.0,21.0,36.0,,,14.0,55.0,45.0,,15.0,45.0,0.0,40.0,24.0,11.0,8.0,37.0,39.0,54.0,51.0,33.0,15.0,33.0,51.0,,32.0,,,27.0,8.0,55.0,,13.0,51.0,7.0,50.0,35.0,19.0,31.0,,26.0,21.0,44.0,,,34.0,,,37.0,,,24.0,29.0,32.0,26.0,,49.0,55.0,,,114,3,2.4724517906336088,16.872316060692814,-0.35404807193529597
4,2,3,5,2,5,5,7,1,4,5,4,3,3,8,1,6,9,25,32,7,5,9,3,3,7,6,5,6,6,2,7,7,10,1,10,24,11,7,11,6,11.0,8,17,1,7,8,4,5,35,11,6,11,9,23,3,10,13,10,10,13,6,11,12,36.0,10,15,9,11,6,16,15,11,8,5,15,12,6,9,8,1,9,13,11,10,18,2,12,26,10,8,9,14,12,15,19,26,6,14,15,14,23,11,10,9,25,13,12,14,12,13,36.0,14,25,6.0,18,18,13,19,30,7,19,10,9,17,14,8,24.0,14,21,8,12,34.0,12,18,45.0,11,10,12,5,16,14,13,24,17.0,33.0,22,25.0,17,14,4,18,11.0,7,18,8,18,59.0,12,27,31,24,11,40,16,8.0,13,26,8,16,8,9.0,1,37,10,11,17,31.0,14,14.0,16,11,19,17,16,53.0,26.0,29,19,45.0,38.0,12,12,10,18,18,8,8,9.0,26,16,11.0,10,19,19,4,49.0,11,7,19,10,12.0,15,15,3,24,14,5,17,15.0,24.0,17,25,14,23.0,24,12,14,25.0,8,6.0,23.0,23,25,,9,12,9,28.0,27.0,13,19,10,15,25,22.0,7,11,9,18,21,18,33.0,33.0,20,20.0,0.0,24.0,20.0,11,29.0,16,18,8,2.0,43.0,0.0,37.0,23.0,21,22.0,19.0,28.0,5,24,17.0,19,25,11,16.0,27.0,34.0,19,,22,16,10.0,27.0,14,14.0,26.0,13,12,17.0,10,19.0,10.0,24.0,26,9,8.0,24,12,20,15,11,13,13,26,19,24,19,11,14.0,25.0,12,15,17,16.0,24.0,13,27,10,,14,,14,14,20,15,19,32.0,13,14.0,18,31,40.0,20,16,18,33.0,7.0,5,,,11.0,15.0,19.0,19,25.0,18,39,17,37.0,0,33.0,21.0,12,40.0,5.0,19.0,10,4.0,7,27,26,0,10,9,17,16.0,6,13.0,17,35,19,32.0,10,,20,20.0,15,17.0,17,17,17.0,28,14.0,6,35.0,29.0,12,18,,43.0,41.0,14.0,33.0,26,19.0,37.0,11,57.0,18,20,,26.0,16,17.0,27,18.0,25.0,32,16,13,14.0,7,21.0,,19,28.0,6,6.0,23,25,7,20.0,19.0,15,13,8,27.0,26.0,12,22,28.0,34,24.0,27.0,26.0,41.0,7.0,41.0,30.0,17.0,,42.0,16,34,20.0,24.0,,20.0,14.0,21.0,,27.0,10,15,9.0,52.0,29,55.0,21.0,,24.0,33.0,49.0,12,16,30.0,40.0,12.0,17.0,25,,13.0,11.0,11,11,22,,43.0,13.0,26.0,3,26,21.0,23.0,36,23.0,27.0,14,29.0,21.0,21.0,8,28.0,0,37.0,16.0,17.0,25,9.0,27,36.0,12,30,19.0,42.0,,19.0,15,22,17,33.0,14,14.0,7,24,21.0,29,20,11.0,25.0,22,6,49.0,27.0,32.0,3.0,37.0,21.0,23,60.0,10,25,21.0,6.0,,13.0,5.0,12.0,14,25,24.0,7.0,24.0,26.0,,31.0,11,46.0,15,46.0,8.0,37.0,,15,20.0,12,,,43.0,30,18.0,,52.0,26,30,48.0,,17.0,36.0,59.0,27.0,13.0,19.0,37.0,40.0,6.0,23.0,23,29,60.0,,17.0,12,33,8,19,23.0,,22,15,44.0,14.0,21,16.0,15.0,13.0,23,18.0,14.0,23.0,23,30.0,,15.0,45.0,16.0,8.0,11,21.0,2,6.0,11,31,0,24.0,20.0,22.0,16.0,59.0,26.0,38.0,,20.0,44.0,40.0,16,7.0,32.0,31,34.0,41.0,34.0,17.0,14,22.0,,,32,29,,18,35.0,10.0,33.0,44.0,19,49.0,23,8,20.0,12,,11,12.0,38.0,27.0,14,20,57.0,21.0,22,12.0,9,,6,53.0,41.0,,,30.0,35.0,38,22.0,,20.0,49.0,,59.0,38.0,12,12,,14,14,13,,8.0,14.0,17.0,22.0,31.0,22,23.0,26.0,34.0,13,22.0,31.0,14.0,35.0,16.0,24,42.0,36.0,32.0,43.0,31.0,9.0,25.0,29,27.0,,29.0,14.0,9.0,10.0,18.0,58,28.0,59.0,25.0,35.0,15,17,29.0,22.0,20,,52.0,31.0,10,32.0,,15.0,50.0,17,32.0,,18.0,14.0,31.0,14.0,54.0,38.0,9.0,20,42,37.0,17.0,36.0,,53.0,11.0,30.0,13.0,60.0,,16,21,35.0,26,,49.0,40.0,20.0,6,4,17.0,0.0,24.0,32.0,18.0,12.0,24.0,32.0,22.0,22,24.0,13.0,45.0,25.0,38.0,14.0,16,17.0,21.0,40.0,9,33.0,23.0,22.0,35.0,20.0,20.0,23,10.0,24,,34.0,17.0,,30.0,42.0,30.0,46.0,35.0,47.0,18.0,16.0,6.0,10.0,,27.0,,44.0,7.0,,34.0,23,,35.0,14,23.0,39.0,10,26.0,42.0,29.0,27,10,16,17.0,23.0,32.0,15.0,14.0,21.0,20.0,25.0,27.0,19,9.0,19,21.0,19,26,25.0,41,28.0,21.0,48.0,16.0,30,12.0,,21.0,27.0,,11.0,2,41.0,28,4.0,24.0,14.0,35,0.0,13,14,13.0,5.0,35.0,15,34.0,52.0,16,24.0,53.0,45.0,29.0,28.0,25.0,24.0,54.0,14,11.0,40.0,58.0,11.0,24.0,26.0,37.0,27.0,11,30.0,26,35.0,22.0,35.0,24.0,40,26,14.0,18.0,10.0,23.0,59.0,24.0,29.0,26.0,30.0,7,38.0,17.0,32,14,44.0,,26,31.0,30.0,14,29.0,19,22,19,27.0,36.0,22.0,16.0,17.0,22.0,14.0,,,32.0,41.0,3.0,17.0,24.0,13.0,52.0,,22.0,12.0,36.0,,18.0,37.0,22.0,28.0,37.0,21.0,49.0,25.0,14.0,,23.0,24.0,38.0,16.0,20.0,18.0,33.0,30.0,17.0,33.0,41.0,20.0,11.0,26.0,21.0,26.0,,29,14.0,60.0,42.0,22,46.0,56.0,20.0,14.0,60.0,28.0,26.0,5.0,38.0,24.0,34.0,58.0,21.0,,20.0,,26.0,20.0,18.0,12.0,37.0,24.0,,21.0,48.0,10.0,60.0,52.0,13,25.0,32.0,16.0,36,,37.0,21.0,15.0,51.0,39.0,28.0,,29.0,7,27.0,,29.0,34.0,12.0,7.0,13,20,32.0,9.0,0.0,,37.0,47.0,18,13,41.0,21.0,47.0,23.0,,17.0,28.0,8.0,21.0,28.0,38.0,3.0,54.0,49.0,46.0,12.0,6,42.0,43.0,41.0,15.0,7.0,17,,6,23.0,19,28.0,22.0,15.0,30.0,17.0,11.0,25.0,41.0,20.0,55.0,24.0,29.0,26,14.0,,33.0,10.0,39.0,18,11.0,,3.0,16.0,12.0,0.0,51.0,60.0,17.0,12,28,54.0,,12.0,11.0,20.0,19.0,25.0,18.0,14,49.0,24.0,37.0,20.0,36.0,29.0,28.0,27.0,3,22.0,8.0,32.0,24,16,10.0,41.0,51.0,,,28.0,33.0,9.0,29.0,31.0,29.0,22.0,14.0,59.0,0.0,25,27.0,,14.0,19.0,15.0,21,25.0,39.0,17,12.0,9.0,18.0,,58.0,23.0,9.0,20.0,11.0,7.0,26.0,33,24.0,48.0,,5.0,25,13.0,40.0,41.0,18.0,37.0,,24.0,3.0,31.0,8.0,23.0,24.0,32.0,27,16,37.0,16.0,45.0,19.0,9.0,19,18,34.0,,,44.0,34.0,,13.0,9.0,14.0,20.0,39.0,20.0,25.0,23.0,25.0,26,9,20.0,36.0,13.0,12.0,16.0,16,24.0,,46.0,25.0,15.0,41.0,16.0,45.0,10.0,,17.0,,10.0,,26.0,16,14.0,,25,29.0,36.0,28.0,45.0,13.0,31.0,22.0,,10.0,34.0,28.0,39.0,13.0,46.0,28.0,29.0,26.0,24.0,7.0,19.0,26.0,19.0,41.0,30.0,54.0,33.0,,37.0,34.0,,37.0,12.0,10.0,,28.0,13.0,11.0,,43.0,19.0,22.0,12.0,14.0,37.0,10.0,,,,34.0,41.0,1.0,37.0,38.0,57.0,37.0,21.0,3.0,11.0,11.0,,27.0,24,43.0,45.0,21.0,,14.0,23.0,16.0,15.0,13.0,43.0,42.0,22.0,37.0,59.0,27.0,6.0,,26.0,,15.0,25.0,26.0,49.0,15.0,30.0,28.0,39.0,25.0,26.0,11.0,14.0,22.0,30.0,,27.0,48.0,23.0,39.0,20.0,45.0,5.0,57.0,50.0,57.0,8.0,,15,44.0,30.0,19.0,26.0,,34.0,19.0,,16.0,28,21.0,25.0,,21.0,27.0,31.0,10.0,24.0,10.0,31.0,,20.0,,43.0,55.0,30.0,30,60.0,12.0,10.0,26.0,13.0,18.0,27.0,22.0,6.0,,12.0,27.0,9.0,,21.0,21.0,28.0,15.0,34.0,3.0,29.0,15.0,16.0,46.0,13,3,44.0,22.0,33.0,31.0,29.0,45.0,13.0,23.0,31.0,16.0,25.0,12.0,37.0,39.0,47.0,26.0,,9.0,15.0,24.0,18.0,,,13.0,0.0,18.0,,4.0,,25.0,52.0,35.0,14.0,31.0,40.0,35.0,23.0,,13.0,6.0,6.0,30.0,13.0,15.0,16.0,,11.0,26.0,31,28.0,56.0,10.0,,11,10.0,32.0,,23.0,25.0,,47.0,,28,13.0,15.0,25.0,28.0,22.0,19.0,27.0,38,13.0,13.0,42.0,39.0,28,41.0,,15.0,39.0,21.0,17.0,44.0,6.0,14.0,5.0,29.0,38.0,15.0,31.0,27.0,9.0,,,45.0,51.0,21.0,25.0,48.0,41.0,30,,22.0,22.0,13.0,36.0,,,60.0,49.0,,49.0,37.0,13.0,10,17.0,,33.0,58.0,58.0,46.0,59.0,28.0,45.0,15.0,20.0,,,13.0,14.0,29.0,10.0,45.0,10.0,29.0,18.0,,23.0,41.0,42.0,11.0,17.0,42.0,37.0,15.0,32.0,10.0,1.0,45.0,,,24.0,29.0,54.0,19.0,21.0,46.0,9.0,52.0,26.0,26.0,27.0,31.0,44.0,25.0,37.0,35.0,27.0,34.0,46.0,27.0,45.0,27.0,,,24.0,21.0,7.0,23.0,24.0,42.0,,23.0,12.0,12,37.0,,34.0,23.0,11.0,26.0,21.0,,12.0,43.0,17.0,60.0,21.0,32.0,52.0,34.0,45.0,20.0,7.0,9.0,48.0,,41.0,0.0,45.0,,11.0,43.0,,41.0,42.0,16.0,7.0,31.0,31.0,31.0,18.0,48.0,,27.0,20.0,18.0,,24.0,13.0,29.0,41.0,44.0,15.0,27.0,54.0,19.0,12.0,,,16.0,45.0,22.0,50.0,39.0,23.0,54.0,44.0,13.0,39.0,49.0,36.0,42.0,21.0,46.0,16.0,45.0,19.0,21.0,,29.0,46.0,,30.0,,9.0,49.0,38.0,38.0,,20.0,,3.0,12.0,38.0,,,,,,19.0,,29.0,28.0,30.0,25.0,23.0,18.0,26.0,14.0,19.0,8.0,26.0,8.0,15.0,7.0,13.0,22.0,31.0,12.0,13.0,29.0,13.0,23.0,18.0,26.0,12.0,60.0,10.0,41.0,16.0,,,15,39.0,25.0,,29.0,,19.0,39.0,30.0,23.0,21.0,20,,22.0,,50.0,41.0,19.0,48.0,26.0,28,26.0,16.0,28.0,21.0,10.0,,26.0,,,,39.0,30.0,23.0,,,0.0,,31.0,25.0,,40.0,18.0,34.0,33.0,,,20.0,37.0,22.0,21.0,44.0,13.0,,21.0,23.0,36.0,31.0,22.0,28.0,46.0,22.0,35.0,49.0,59.0,32.0,26.0,6.0,32.0,25.0,13.0,30.0,15.0,55.0,36.0,33.0,21.0,35.0,40.0,9.0,,28.0,50.0,26.0,8.0,,,15.0,29.0,31.0,37.0,44.0,16.0,36.0,27.0,48.0,26.0,14.0,,21.0,39.0,,32.0,7.0,13.0,22.0,17.0,28.0,0.0,,11.0,31.0,29.0,14.0,22.0,7.0,52.0,28.0,16.0,38.0,,8.0,22.0,39.0,39.0,25.0,11.0,38.0,26.0,24,34.0,49.0,13.0,,10.0,38.0,5.0,39.0,18.0,42.0,23.0,14.0,18.0,41.0,22.0,20.0,27.0,10.0,37.0,43.0,0.0,0.0,18.0,49.0,30.0,40.0,,30.0,30.0,37.0,25.0,8.0,33.0,50.0,37.0,21.0,44.0,,,,19.0,17.0,14.0,27.0,35.0,30.0,30.0,,18.0,21.0,48.0,20.0,26.0,39.0,23.0,,,,26.0,0.0,,15.0,14.0,,28.0,29.0,,48.0,53.0,43.0,23.0,,,,,35.0,,32.0,,18,30.0,26.0,20,5.0,48.0,39.0,19.0,13.0,23.0,52.0,24.0,16.0,,25.0,27.0,40.0,57.0,28.0,17.0,51.0,23.0,46.0,56.0,55.0,,,42.0,45.0,0.0,17.0,28.0,36.0,39.0,21.0,45.0,16.0,33.0,10.0,20.0,27.0,36.0,28.0,51.0,42.0,20.0,,31.0,,13.0,56.0,,31.0,24.0,56.0,,12.0,39.0,,40.0,34.0,15.0,22.0,18.0,18.0,37.0,52.0,25.0,41.0,39.0,52.0,29.0,19.0,15.0,36.0,27.0,20.0,,27.0,51.0,16.0,19.0,0.0,14.0,32.0,18.0,,19.0,30.0,24.0,36.0,27.0,29.0,28.0,,10.0,24.0,9.0,,,12.0,24.0,29.0,12.0,29.0,53.0,,36.0,43.0,6.0,6.0,18.0,17.0,53.0,48.0,14.0,19.0,9.0,34.0,11.0,38.0,,43.0,,18.0,23.0,24.0,,21.0,19.0,6.0,,,57.0,44.0,9.0,,10.0,30.0,25.0,11.0,,34.0,22.0,33.0,46.0,,45.0,16.0,,30.0,55.0,46.0,,18.0,27.0,59.0,42.0,16.0,,,31.0,21.0,34.0,,,53.0,,17.0,,33.0,16.0,8.0,24.0,,30.0,34.0,7.0,26.0,,4.0,31.0,31.0,,5.0,,18.0,,33.0,36.0,,31.0,58.0,,27.0,,41.0,11.0,14.0,,,6.0,10.0,19.0,26.0,23.0,22.0,42.0,24.0,58.0,25.0,31.0,,,17.0,16.0,31.0,30.0,29.0,21.0,59.0,44.0,16.0,48.0,,,36.0,16.0,37.0,24.0,50.0,26.0,,55.0,45.0,,28.0,30.0,12.0,18.0,26.0,11.0,33.0,,28.0,29.0,,,8.0,20.0,9.0,11.0,34.0,46.0,9.0,47.0,14.0,,,39.0,50.0,6.0,42.0,30.0,20.0,15.0,17.0,,,31.0,21.0,37.0,58.0,,55.0,38.0,36.0,14.0,,7.0,48.0,26.0,,38.0,58.0,,29.0,31.0,23.0,35.0,,9.0,14.0,20.0,30.0,21.0,18.0,14.0,49.0,39.0,,45.0,,37.0,40.0,,16.0,37.0,43.0,49.0,,0.0,39.0,11.0,,11.0,19.0,16.0,55.0,12.0,27.0,18.0,31.0,38.0,30.0,43.0,,,9.0,47.0,26.0,15.0,,39.0,18.0,41.0,27.0,40.0,46.0,32.0,37.0,25.0,50.0,,32.0,17.0,,21.0,9.0,16.0,23.0,48.0,25.0,16.0,14.0,8.0,,,,,10.0,38.0,60.0,35.0,55.0,45.0,33.0,36.0,,,58.0,13.0,60.0,,58.0,21.0,27.0,11.0,13.0,18.0,60.0,8.0,,18.0,15.0,23.0,54.0,13.0,26.0,59.0,,27.0,23.0,,37.0,13.0,5.0,,,,25.0,19.0,14.0,50.0,27.0,40.0,,22.0,18.0,47.0,20.0,18.0,44.0,31.0,,,24.0,35.0,23.0,,39.0,,60.0,25.0,49.0,28.0,21.0,15.0,23.0,29.0,19.0,22.0,42.0,,14.0,13.0,54.0,56.0,30.0,36.0,27.0,,21.0,46.0,27.0,20.0,,47.0,56.0,,34.0,34.0,36.0,27.0,,34.0,0.0,,49.0,25.0,24.0,25.0,,53.0,,34.0,40.0,15.0,30.0,29.0,,42.0,,,40.0,8.0,,59.0,3.0,49.0,27.0,,28.0,37.0,37.0,34.0,,43.0,16.0,43.0,30.0,,19.0,26.0,23.0,59.0,24.0,37.0,36.0,38.0,45.0,26.0,24.0,21.0,25.0,,43.0,50.0,48.0,,,,32.0,30.0,23.0,52.0,36.0,42.0,11.0,,29.0,,39.0,18.0,15.0,54.0,54.0,56.0,60.0,24.0,49.0,40.0,34.0,,24.0,25.0,5.0,39.0,49.0,7.0,,30.0,17.0,56.0,59.0,45.0,28.0,26.0,,34.0,,45.0,0.0,34.0,13.0,51.0,15.0,23.0,52.0,8.0,,14.0,37.0,56.0,38.0,36.0,47.0,41.0,19.0,38.0,,,40.0,,36.0,22.0,35.0,,36.0,,39.0,25.0,,46.0,28.0,,38.0,7.0,45.0,,52.0,30.0,25.0,41.0,56.0,10.0,35.0,49.0,39.0,23.0,27.0,,20.0,6.0,4.0,56.0,14.0,42.0,46.0,43.0,22.0,44.0,27.0,6.0,,60.0,28.0,29.0,29.0,50.0,23.0,49.0,,30.0,,,21.0,17.0,,46.0,24.0,40.0,14.0,,18.0,,19.0,,11.0,,,13.0,15.0,22.0,29.0,9.0,22.0,16.0,,28.0,28.0,24.0,,,9.0,24.0,46.0,13.0,,14.0,27.0,43.0,16.0,,37.0,59.0,13.0,34.0,22.0,25.0,55.0,47.0,0.0,4.0,16.0,44.0,9.0,49.0,30.0,,17.0,26.0,,35.0,11.0,31.0,36.0,53.0,60.0,31.0,6.0,54.0,7.0,52.0,59.0,,58.0,60.0,,,49.0,,38.0,57.0,,21.0,28.0,27.0,44.0,39.0,37.0,,,14.0,32.0,41.0,18.0,38.0,0.0,0.0,23.0,27.0,32.0,46.0,25.0,33.0,21.0,,,6.0,32.0,57.0,27.0,39.0,15.0,57.0,11.0,34.0,38.0,19.0,,27.0,,,58.0,31.0,12.0,60.0,19.0,,46.0,39.0,41.0,31.0,24.0,30.0,13.0,29.0,39.0,24.0,25.0,19.0,56.0,28.0,,34.0,9.0,,,14.0,20.0,,14.0,31.0,13.0,39.0,0.0,55.0,33.0,29.0,59.0,45.0,35.0,17.0,27.0,12.0,44.0,,11.0,,,,17.0,41.0,53.0,,,19.0,,51.0,32.0,48.0,,41.0,,39.0,42.0,0.0,48.0,47.0,35.0,,,36.0,19.0,58.0,4.0,46.0,30.0,35.0,31.0,,23.0,12.0,59.0,54.0,39.0,22.0,8.0,,32.0,48.0,35.0,22.0,,33.0,54.0,,,6.0,22.0,,49.0,,26.0,,28.0,6.0,0.0,53.0,54.0,54.0,29.0,27.0,,31.0,,,16.0,23.0,48.0,38.0,,35.0,43.0,45.0,21.0,,10.0,32.0,12.0,12.0,28.0,39.0,,56.0,11.0,60.0,28.0,30.0,29.0,,,,12.0,,9.0,51.0,,46.0,43.0,,30.0,,23.0,14.0,51.0,45.0,42.0,46.0,,36.0,32.0,,26.0,,32.0,39.0,54.0,23.0,31.0,0.0,,,17.0,53.0,22.0,,34.0,37.0,,38.0,23.0,19.0,34.0,11.0,48.0,29.0,20.0,40.0,43.0,25.0,10.0,19.0,33.0,33.0,,18.0,,56.0,11.0,,45.0,,54.0,56.0,,16.0,,45.0,24.0,,18.0,26.0,41.0,21.0,19.0,,,28.0,,32.0,53.0,,27.0,57.0,35.0,,,15.0,,40.0,,16.0,,38.0,48.0,19.0,30.0,32.0,14.0,60.0,56.0,17.0,,33.0,,53.0,,59.0,20.0,35.0,52.0,,35.0,7.0,37.0,,,20.0,11.0,11.0,49.0,47.0,19.0,,42.0,,25.0,26.0,33.0,26.0,9.0,10.0,56.0,28.0,56.0,58.0,40.0,49.0,13.0,,34.0,,34.0,34.0,26.0,,49.0,17.0,11.0,18.0,36.0,,,,31.0,,,19.0,51.0,,32.0,47.0,,32.0,,46.0,,,56.0,,,32.0,34.0,18.0,21.0,24.0,51.0,20.0,16.0,,41.0,,21.0,8.0,13.0,,18.0,24.0,17.0,32.0,57.0,18.0,,31.0,,38.0,46.0,53.0,17.0,45.0,,41.0,30.0,2.0,26.0,115,3,2.485557083906465,18.58870507701084,-0.3495727894747367
6,7,7,8,8,5,8,9,9,8,8,14,8,5,7,11,15,8,16,14,8,24,11,9,8,10,8,8,9,2,10,9,9,2,14,11,14,10,7,10,16,10.0,14,19,7,12,15,9,14,15,4,23,12,13,17,33,13,12,12,13,15,23,11,15,22.0,14,18,15,11,6,12,14,18,17,10,15,11,14,17,7,24,17,6,20,17,16,15,13,15,9,18,17,32,8,20,12,12,16,11,11,13,18,11,15,2,18,14,18,12,19,16,30.0,0,18,42.0,22,15,17,19,19,13,18,11,15,10,13,5,21.0,7,8,18,10,15.0,10,17,27.0,15,23,11,9,16,18,11,24,11.0,57.0,10,13.0,14,13,12,15,23.0,14,14,9,18,16.0,34,20,19,8,18,19,13,31.0,18,22,11,19,17,30.0,11,17,8,18,0,11.0,27,34.0,24,16,15,15,25,17.0,13.0,16,16,,21.0,12,26,2,15,17,11,14,17.0,17,22,27.0,13,16,33,17,36.0,24,16,18,18,27.0,19,27,28,28,21,20,13,10.0,16.0,20,14,22,27.0,19,19,15,24.0,16,13.0,43.0,17,21,20.0,15,18,16,17.0,40.0,17,20,14,19,17,20.0,17,17,19,20,22,39,28.0,13.0,16,37.0,35.0,32.0,13.0,12,19.0,15,28,18,54.0,11.0,28.0,19.0,32.0,16,56.0,27.0,26.0,9,27,6.0,28,30,17,,,30.0,21,24.0,14,21,22.0,26.0,13,,16.0,14,24,16.0,13,28.0,11.0,28.0,26,11,17.0,19,19,28,21,3,10,5,33,15,21,44,14,47.0,25.0,18,15,26,16.0,25.0,20,42,25,28.0,25,18.0,44,16,15,16,13,20.0,13,38.0,22,24,28.0,25,19,22,35.0,,10,44.0,28.0,11.0,9.0,59.0,15,29.0,26,18,11,15.0,16,55.0,17.0,21,22.0,35.0,11.0,19,11.0,10,32,13,18,13,24,22,14.0,10,26.0,15,17,16,40.0,20,18.0,34,,15,20.0,3,20,33.0,12,11.0,31,31.0,13.0,20,16,,35.0,14.0,11.0,21.0,23,34.0,11.0,20,55.0,19,17,31.0,35.0,14,13.0,41,8.0,40.0,25,19,18,30.0,39,42.0,32.0,21,16.0,22,45.0,14,21,24,40.0,35.0,44,14,28,27.0,32.0,21,16,42.0,15,29.0,32.0,29.0,22.0,19.0,19.0,16.0,14.0,,27.0,10,14,25.0,34.0,32.0,15.0,25.0,24.0,12.0,20.0,14,7,26.0,37.0,15,12.0,14.0,42.0,32.0,27.0,14.0,17,26,23.0,42.0,0.0,29.0,21,48.0,28.0,37.0,10,17,17,45.0,38.0,28.0,16.0,15,19,21.0,21.0,22,20.0,31.0,15,,52.0,39.0,24,24.0,16,24.0,10.0,17.0,23,27.0,0,21.0,16,17,14.0,20.0,32.0,14.0,18,25,43,26.0,36,18.0,27,23,24.0,39,30,28.0,22.0,7,11,38.0,41.0,0.0,45.0,57.0,11.0,23,12.0,30,9,14.0,13.0,37.0,,45.0,10.0,20,23,18.0,51.0,33.0,31.0,,30.0,17,25.0,11,26.0,14.0,13.0,42.0,26,46.0,14,,44.0,24.0,23,57.0,38.0,21.0,34,21,19.0,42.0,37.0,17.0,0.0,27.0,18.0,24.0,15.0,50.0,19.0,15.0,26,21,41.0,11.0,21.0,15,30,9,20,,27.0,25,29,61.0,36.0,19,42.0,19.0,29.0,9,37.0,50.0,24.0,9,8.0,,18.0,,36.0,31.0,19,46.0,19,22.0,15,26,11,,41.0,20.0,20.0,22.0,42.0,41.0,,12.0,25.0,33.0,24,40.0,26.0,22,10.0,1.0,19.0,57.0,18,29.0,,,19,29,38.0,25,21.0,18.0,15.0,34.0,28,10.0,21,23,47.0,29,,13,40.0,,33.0,22,22,26.0,16.0,9,,19,45.0,18,19.0,25.0,19.0,59.0,14.0,35.0,31,19.0,34.0,25.0,17.0,,,51.0,16,19,29.0,22,16,5,27.0,23.0,1.0,16.0,22.0,14.0,14,23.0,43.0,20.0,7,0.0,44.0,10.0,21.0,40.0,24,,49.0,29.0,17.0,27.0,16.0,20.0,20,54.0,,22.0,45.0,60.0,18.0,0.0,27,29.0,15.0,32.0,10.0,20,17,36.0,39.0,27,37.0,16.0,10.0,9,9.0,20.0,9.0,18.0,17,44.0,16.0,37.0,51.0,41.0,16.0,7.0,,36.0,24,26,42.0,34.0,21.0,20.0,,0.0,13.0,25.0,,19.0,23,14,21.0,41,17.0,23.0,52.0,35.0,18,33,26.0,,25.0,25.0,,17.0,12.0,27.0,18.0,13,31.0,37.0,34.0,38.0,57.0,26.0,26,26.0,23.0,23.0,18,15.0,18.0,19.0,44.0,20.0,18.0,15,,18,42.0,44.0,46.0,56.0,41.0,,9.0,30.0,23.0,15.0,44.0,32.0,16.0,7.0,34.0,33.0,36.0,23.0,25.0,47.0,31.0,22,37.0,35.0,20,26.0,,12,47.0,53.0,24.0,33,13,18,26.0,20.0,0.0,,34.0,26.0,,,46.0,31,23.0,23,24.0,20,22,7.0,21,36.0,18.0,12.0,40.0,23,30.0,19.0,18.0,17.0,40.0,41.0,34,,38,,48.0,17.0,27,19.0,21,23,15.0,6.0,,7,28.0,38.0,25,23.0,12.0,42.0,16.0,,15.0,20.0,32.0,32,18.0,17.0,16.0,39.0,38.0,27.0,27.0,45.0,20,45.0,35,42.0,32.0,54.0,34.0,14,18,36.0,60.0,19.0,17.0,10.0,22.0,34.0,48.0,,18,16.0,14.0,21,16,24.0,20.0,16,18.0,12.0,14,36.0,11,29,39,31.0,20.0,,34.0,14.0,37.0,0.0,39.0,,28.0,4.0,21.0,60.0,18.0,21.0,,12.0,19.0,16.0,23.0,29.0,33.0,,47.0,30.0,,32.0,12.0,45.0,26.0,33.0,25.0,23.0,26.0,31.0,28.0,19.0,11.0,19.0,,55.0,17.0,17.0,35.0,39.0,35.0,57.0,61.0,18,15.0,37.0,30.0,19,39.0,42.0,22.0,27.0,44.0,42.0,21.0,23.0,37.0,33.0,23.0,14.0,,22.0,27.0,28.0,27.0,29.0,12.0,27.0,,26.0,4.0,9.0,26.0,31.0,37.0,,17,58.0,21.0,29.0,26,18.0,18.0,22.0,23.0,19.0,52.0,20.0,,13.0,27,33.0,30.0,24.0,29.0,42.0,,25,37,19.0,15.0,13.0,20.0,17.0,50.0,20,20,58.0,31.0,38.0,24.0,,28.0,58.0,15.0,,,14.0,24.0,27.0,39.0,,25.0,29,13.0,14.0,34.0,24.0,32.0,13,49.0,38,27.0,34,20.0,31.0,14.0,,38.0,48.0,,28.0,53.0,18.0,16.0,26.0,23,32.0,,13.0,,21.0,18,34.0,20.0,41.0,12.0,28.0,37.0,50.0,42.0,33.0,11,22,,22.0,23.0,43.0,,20.0,22.0,33.0,19,35.0,57.0,35.0,42.0,34.0,19.0,38.0,27.0,24,42.0,37.0,33.0,20,29,52.0,18.0,13.0,26.0,19.0,21.0,23.0,15.0,38.0,25.0,,25.0,15.0,,56.0,29,26.0,,16.0,33.0,,16,33.0,22.0,29,,20.0,,15.0,,34.0,15.0,16.0,12.0,,15.0,13,26.0,44.0,32.0,16.0,0,23.0,,19.0,21.0,18.0,14.0,12.0,32.0,17.0,14.0,28.0,,40.0,22,24,10.0,19.0,32.0,34.0,,14,40,,49.0,,26.0,,59.0,14.0,6.0,20.0,19.0,,24.0,26.0,,,17,40,30.0,0.0,27.0,25.0,,32,55.0,61.0,21.0,28.0,56.0,27.0,27.0,55.0,21.0,55.0,13.0,24.0,49.0,41.0,,40,17.0,11.0,25,31.0,25.0,20.0,47.0,36.0,36.0,18.0,32.0,17.0,36.0,22.0,19.0,26.0,,17.0,45.0,18.0,29.0,52.0,23.0,,31.0,13.0,23.0,24.0,14.0,17.0,25.0,16.0,44.0,34.0,14.0,37.0,52.0,28.0,18.0,,,12.0,24.0,50.0,16.0,38.0,39.0,29.0,38.0,26.0,58.0,41.0,25.0,35.0,12.0,,18.0,31.0,34.0,30.0,,12.0,38.0,32.0,24,30.0,29.0,18.0,28.0,,46.0,19.0,24.0,9.0,22.0,10.0,29.0,,7.0,32.0,29.0,38.0,11.0,54.0,14.0,,,21.0,16.0,4.0,25.0,26.0,7.0,0.0,44.0,36.0,36.0,24.0,,33.0,37.0,,46.0,,24.0,,,,26.0,19.0,36.0,39,,38.0,56.0,50.0,60.0,0.0,6.0,,22.0,41,41.0,24.0,35.0,26.0,30.0,34.0,40.0,26.0,17.0,42.0,19.0,38.0,28.0,49.0,52.0,28.0,17,54.0,14.0,,,13.0,,34.0,23.0,16.0,28.0,32.0,,15.0,29.0,,24.0,29.0,,20.0,41.0,,4.0,42.0,22.0,18,18,15.0,40.0,19.0,30.0,30.0,22.0,35.0,14.0,35.0,,,29.0,37.0,,37.0,21.0,25.0,15.0,45.0,22.0,15.0,17.0,16.0,13.0,54.0,17.0,59.0,14.0,22.0,,54.0,45.0,36.0,,34.0,56.0,42.0,14.0,9.0,18.0,12.0,33.0,26.0,32.0,7.0,,59.0,18.0,24,35.0,22.0,13.0,26.0,26,23.0,,32.0,49.0,30.0,,18.0,56.0,23,58.0,7.0,44.0,0.0,0.0,11.0,30.0,34,,37.0,25.0,15.0,4,,24.0,60.0,31.0,,17.0,20.0,12.0,44.0,23.0,10.0,17.0,23.0,,8.0,7.0,13.0,53.0,,51.0,51.0,17.0,46.0,37.0,21,51.0,54.0,32.0,12.0,27.0,19.0,,26.0,39.0,,45.0,35.0,14.0,27,26.0,32.0,43.0,22.0,45.0,40.0,,,,,25.0,24.0,17.0,22.0,35.0,16.0,24.0,,31.0,46.0,37.0,,27.0,29.0,42.0,,21.0,0.0,17.0,46.0,42.0,20.0,27.0,13.0,58.0,,24.0,38.0,19.0,42.0,44.0,9.0,31.0,,34.0,26.0,,29.0,16.0,16.0,30.0,50.0,9.0,48.0,,22.0,57.0,,,11.0,13.0,24.0,22.0,,10.0,47.0,58.0,,30.0,17,,,14.0,27.0,19.0,,23.0,32.0,45.0,45.0,33.0,37.0,35.0,,,46.0,,28.0,34.0,40.0,,,25.0,40.0,24.0,18.0,22.0,16.0,21.0,19.0,,32.0,43.0,,10.0,39.0,32.0,32.0,58.0,41.0,20.0,28.0,37.0,,11.0,29.0,,,54.0,28.0,49.0,43.0,0.0,21.0,38.0,32.0,22.0,42.0,38.0,22.0,41.0,59.0,29.0,34.0,30.0,21.0,30.0,40.0,25.0,27.0,28.0,14.0,18.0,45.0,27.0,,35.0,,23.0,22.0,35.0,,22.0,55.0,57.0,56.0,35.0,,22.0,31.0,,21.0,26.0,19.0,59.0,42.0,,20.0,,27.0,39.0,,37.0,41.0,20.0,27.0,39.0,58.0,8.0,36.0,24.0,8.0,47.0,46.0,33.0,40.0,40.0,55.0,27.0,23.0,15.0,25.0,25.0,,33.0,24.0,36.0,0.0,16,37.0,14.0,15.0,,,16.0,25.0,21.0,,19.0,35,,,13.0,44.0,28.0,35.0,29.0,,33,42.0,5.0,40.0,57.0,26.0,28.0,41.0,34.0,37.0,,27.0,20.0,34.0,51.0,49.0,26.0,,,61.0,44.0,54.0,18.0,34.0,19.0,32.0,21.0,51.0,60.0,34.0,18.0,25.0,61.0,50.0,47.0,43.0,26.0,10.0,52.0,37.0,41.0,28.0,,12.0,32.0,38.0,,9.0,23.0,34.0,,14.0,,,,20.0,25.0,45.0,30.0,,53.0,30.0,21.0,,43.0,48.0,18.0,36.0,19.0,21.0,44.0,25.0,15.0,20.0,25.0,11.0,14.0,31.0,,29.0,,52.0,16.0,20.0,51.0,,32.0,13.0,26.0,61.0,15.0,29.0,15.0,20.0,,55.0,40.0,24.0,42.0,,31.0,0.0,35.0,,38.0,35.0,4.0,,17.0,19,19.0,17.0,35.0,,,21.0,58.0,29.0,21.0,47.0,16.0,34.0,,21.0,16.0,30.0,22.0,39.0,15.0,40.0,42.0,38.0,25.0,,21.0,28.0,33.0,18.0,21.0,25.0,41.0,14.0,19.0,51.0,23.0,19.0,,,22.0,26.0,52.0,14.0,8.0,56.0,12.0,48.0,,28.0,21.0,41.0,15.0,19.0,39.0,50.0,16.0,,55.0,53.0,45.0,,34.0,29.0,30.0,45.0,42.0,51.0,,31.0,42.0,27.0,21.0,23.0,,,38.0,28.0,43.0,38.0,31.0,21,,13.0,13,,19.0,56.0,,,,53.0,,10.0,,,40.0,55.0,24.0,44.0,27.0,37.0,30.0,31.0,28.0,41.0,15.0,21.0,22.0,49.0,51.0,27.0,29.0,61.0,22.0,11.0,20.0,16.0,31.0,52.0,30.0,44.0,50.0,28.0,,,26.0,20.0,26.0,24.0,19.0,53.0,25.0,15.0,,,31.0,48.0,,26.0,53.0,35.0,38.0,22.0,17.0,28.0,,44.0,20.0,42.0,29.0,,,24.0,47.0,,,30.0,60.0,16.0,45.0,,,,15.0,20.0,37.0,47.0,53.0,,15.0,,36.0,15.0,,48.0,43.0,25.0,25.0,31.0,40.0,23.0,9.0,22.0,,20.0,,8.0,35.0,,19.0,15.0,24.0,27.0,12.0,35.0,44.0,28.0,28.0,24.0,15.0,0.0,27.0,25.0,24.0,37.0,34.0,45.0,,41.0,47.0,17.0,17.0,20.0,52.0,33.0,,32.0,,,43.0,26.0,25.0,34.0,15.0,22.0,22.0,,,20.0,41.0,32.0,61.0,49.0,44.0,26.0,31.0,,,45.0,41.0,18.0,,38.0,,,,39.0,,13.0,27.0,41.0,12.0,39.0,,,23.0,45.0,15.0,20.0,27.0,29.0,36.0,,51.0,42.0,,21.0,,31.0,25.0,12.0,,,,,44.0,30.0,16.0,58.0,,36.0,29.0,33.0,10.0,,,32.0,32.0,20.0,13.0,30.0,56.0,,,27.0,,24.0,33.0,,21.0,56.0,,13.0,38.0,,10.0,39.0,17.0,28.0,,19.0,43.0,23.0,,27.0,27.0,38.0,42.0,10.0,46.0,38.0,17.0,14.0,27.0,35.0,42.0,3.0,44.0,35.0,34.0,30.0,25.0,54.0,17.0,11.0,28.0,25.0,17.0,26.0,52.0,32.0,41.0,40.0,51.0,1.0,18.0,,34.0,,20.0,19.0,28.0,,,43.0,,13.0,,,28.0,,51.0,24.0,19.0,14.0,28.0,31.0,,24.0,,22.0,37.0,39.0,40.0,45.0,13.0,35.0,12.0,,52.0,32.0,,53.0,14.0,21.0,60.0,44.0,27.0,,25.0,40.0,,15.0,,52.0,25.0,24.0,41.0,21.0,8.0,13.0,21.0,38.0,38.0,32.0,23.0,21.0,18.0,39.0,29.0,36.0,24.0,49.0,,37.0,22.0,17.0,33.0,23.0,,,15.0,,47.0,27.0,59.0,21.0,33.0,56.0,44.0,19.0,19.0,24.0,22.0,40.0,,,29.0,32.0,48.0,58.0,38.0,29.0,,57.0,22.0,,56.0,30.0,55.0,,21.0,,38.0,54.0,46.0,,39.0,,,34.0,,,,11.0,45.0,37.0,,23.0,58.0,,41.0,14.0,42.0,36.0,0.0,,54.0,44.0,30.0,59.0,,14.0,37.0,48.0,23.0,41.0,46.0,,12.0,21.0,32.0,22.0,47.0,0.0,33.0,35.0,,28.0,37.0,60.0,,54.0,,29.0,32.0,28.0,24.0,14.0,32.0,56.0,,45.0,15.0,16.0,45.0,48.0,50.0,6.0,16.0,36.0,,31.0,42.0,,19.0,32.0,29.0,29.0,12.0,,11.0,11.0,43.0,23.0,5.0,10.0,26.0,21.0,61.0,48.0,20.0,51.0,,,16.0,19.0,45.0,,,13.0,51.0,47.0,,56.0,38.0,17.0,,,38.0,14.0,23.0,51.0,24.0,31.0,13.0,54.0,53.0,44.0,32.0,22.0,13.0,41.0,,61.0,,11.0,,,26.0,49.0,36.0,60.0,49.0,27.0,54.0,20.0,,17.0,8.0,15.0,42.0,,37.0,47.0,60.0,23.0,,27.0,54.0,34.0,33.0,,46.0,59.0,,21.0,,,26.0,57.0,49.0,39.0,41.0,32.0,9.0,33.0,14.0,3.0,23.0,12.0,46.0,36.0,,60.0,24.0,10.0,,19.0,20.0,24.0,21.0,,21.0,39.0,5.0,40.0,5.0,57.0,34.0,38.0,42.0,20.0,,44.0,54.0,9.0,22.0,28.0,52.0,44.0,,26.0,44.0,27.0,35.0,30.0,55.0,13.0,10.0,29.0,,22.0,11.0,,,17.0,48.0,,57.0,26.0,35.0,,,44.0,29.0,,48.0,53.0,8.0,43.0,32.0,,29.0,43.0,53.0,51.0,35.0,36.0,34.0,42.0,31.0,35.0,51.0,,22.0,44.0,21.0,17.0,40.0,,25.0,38.0,22.0,31.0,36.0,32.0,,25.0,16.0,52.0,43.0,27.0,21.0,,39.0,36.0,35.0,0.0,37.0,,,26.0,31.0,40.0,26.0,33.0,0.0,42.0,33.0,,40.0,28.0,,27.0,54.0,13.0,16.0,23.0,23.0,,47.0,54.0,,25.0,,26.0,56.0,,,34.0,,36.0,36.0,,,16.0,14.0,41.0,17.0,19.0,27.0,23.0,47.0,26.0,,16.0,31.0,37.0,11.0,28.0,55.0,44.0,,,,29.0,,56.0,25.0,32.0,,13.0,26.0,14.0,,14.0,21.0,,,,12.0,31.0,28.0,,,,26.0,47.0,19.0,,,29.0,22.0,28.0,49.0,0.0,27.0,16.0,24.0,16.0,40.0,,0.0,49.0,,,44.0,61.0,24.0,,37.0,,17.0,35.0,20.0,33.0,47.0,61.0,28.0,45.0,25.0,,53.0,29.0,,15.0,,10.0,,46.0,,,10.0,50.0,50.0,55.0,57.0,45.0,37.0,17.0,51.0,30.0,32.0,14.0,21.0,57.0,16.0,26.0,41.0,,33.0,53.0,40.0,,31.0,,29.0,16.0,43.0,43.0,,60.0,17.0,19.0,13.0,20.0,53.0,,,0.0,,44.0,29.0,21.0,29.0,18.0,29.0,49.0,,29.0,25.0,21.0,26.0,20.0,59.0,44.0,13.0,,,31.0,61.0,,24.0,39.0,13.0,,51.0,,52.0,43.0,33.0,,,,19.0,20.0,18.0,43.0,31.0,8.0,38.0,44.0,19.0,50.0,32.0,48.0,24.0,23.0,36.0,12.0,23.0,24.0,28.0,21.0,22.0,54.0,,0.0,31.0,45.0,57.0,41.0,24.0,60.0,14.0,8.0,53.0,48.0,17.0,10.0,25.0,18.0,17.0,57.0,21.0,,36.0,,42.0,10.0,23.0,45.0,59.0,52.0,29.0,18.0,61.0,40.0,30.0,,46.0,33.0,19.0,27.0,25.0,39.0,14.0,34.0,16.0,18.0,23.0,,16.0,,7.0,42.0,14.0,38.0,37.0,15.0,41.0,,31.0,46.0,53.0,41.0,,22.0,33.0,44.0,,26.0,30.0,42.0,,54.0,34.0,,,28.0,48.0,32.0,59.0,49.0,,28.0,37.0,,61.0,24.0,41.0,20.0,,51.0,25.0,24.0,40.0,,,38.0,31.0,20.0,24.0,44.0,21.0,32.0,58.0,30.0,19.0,,20.0,44.0,37.0,,15.0,,26.0,19.0,24.0,20.0,31.0,25.0,16.0,,42.0,33.0,25.0,23.0,,,25.0,9.0,48.0,23.0,,,19.0,25.0,15.0,60.0,47.0,28.0,26.0,,39.0,14.0,,21.0,20.0,,,52.0,51.0,,,50.0,29.0,,20.0,31.0,19.0,,21.0,37.0,26.0,23.0,61.0,29.0,25.0,24.0,54.0,23.0,41.0,16.0,18.0,21.0,58.0,38.0,52.0,32.0,,23.0,59.0,55.0,,14.0,,28.0,45.0,52.0,,57.0,15.0,,,41.0,48.0,48.0,54.0,33.0,,,,20.0,11.0,32.0,,41.0,,11.0,17.0,20.0,,22.0,,16.0,61.0,57.0,42.0,,37.0,,,,32.0,,15.0,,31.0,,51.0,20.0,59.0,,,32.0,116,3,2.535664335664336,17.61904761904762,-0.33987361706158176
8,6,9,13,9,7,8,12,6,8,7,14,7,10,13,11,12,6,14,12,10,17,11,9,15,13,18,11,10,1,18,10,11,12,17,13,13,13,9,12,21,11.0,11,21,12,9,10,13,18,23,10,19,15,16,5,16,16,21,18,8,10,17,16,17,12.0,10,17,13,18,8,12,16,19,13,11,16,19,14,18,11,19,12,11,18,12,18,11,16,25,18,15,11,33,5,17,14,14,17,18,11,16,17,17,13,9,11,15,22,8,18,13,24.0,12,14,10.0,19,17,20,17,16,12,23,14,14,10,23,13,10.0,17,17,15,16,28.0,14,18,23.0,17,46,21,17,17,5,6,19,18.0,53.0,15,33.0,14,20,12,17,12.0,17,17,22,20,21.0,27,19,27,13,19,25,18,19.0,18,18,12,9,12,14.0,16,15,28,13,16,27.0,16,29.0,18,9,15,23,30,29.0,17.0,11,30,6.0,,16,15,9,13,39,14,7,15.0,19,10,14.0,25,16,18,17,63.0,28,12,14,16,38.0,17,9,17,17,24,11,9,21.0,18.0,10,24,20,29.0,20,15,16,37.0,5,31.0,,18,19,48.0,31,19,17,10.0,19.0,30,21,13,22,19,54.0,23,14,14,11,23,15,21.0,24.0,16,41.0,27.0,18.0,53.0,15,53.0,20,18,13,42.0,23.0,6.0,39.0,27.0,17,14.0,59.0,42.0,29,3,12.0,11,12,26,40.0,11.0,,2,38.0,28,8,27.0,17.0,15,43.0,21.0,17,24,24.0,15,16.0,14.0,,12,23,26.0,24,15,22,15,27,10,13,23,24,19,16,16,31.0,33.0,32,23,14,17.0,25.0,14,18,23,37.0,23,48.0,29,15,12,14,33,17.0,16,21.0,14,26,0.0,18,16,24,48.0,38.0,12,43.0,16.0,20.0,5.0,20.0,16,21.0,12,24,18,29.0,15,14.0,12.0,23,21.0,25.0,14.0,18,18.0,12,19,36,16,28,13,7,25.0,21,38.0,21,19,13,52.0,20,27.0,14,40.0,19,24.0,11,31,42.0,36,17.0,13,31.0,22.0,20,63,0.0,33.0,19.0,30.0,31.0,33,34.0,53.0,23,50.0,22,21,42.0,35.0,19,35.0,39,12.0,54.0,19,21,33,31.0,16,25.0,61.0,31,50.0,21,41.0,20,30,20,26.0,44.0,21,22,27,28.0,29.0,13,22,38.0,18,15.0,32.0,17.0,22.0,19.0,14.0,23.0,25.0,33.0,35.0,19,22,16.0,13.0,12.0,13.0,30.0,36.0,38.0,12.0,10,39,15.0,39.0,18,12.0,26.0,20.0,11.0,31.0,40.0,14,17,,25.0,39.0,35.0,32,,24.0,21.0,62,14,25,42.0,59.0,17.0,25.0,25,18,24.0,23.0,49,24.0,25.0,30,27.0,41.0,19.0,26,14.0,22,23.0,26.0,19.0,15,32.0,22,47.0,16,19,,23.0,24.0,12.0,25,25,17,15.0,17,14.0,21,29,24.0,22,19,31.0,8.0,20,30,35.0,2.0,,33.0,41.0,34.0,20,28.0,18,19,24.0,48.0,39.0,43.0,48.0,,16,24,,30.0,16.0,27.0,62.0,42.0,26,,12,25.0,,22.0,44.0,26,18.0,22,,39.0,24.0,23,22.0,53.0,43.0,19,18,43.0,24.0,26.0,58.0,24.0,20.0,24.0,6.0,16.0,24.0,23.0,62.0,26,22,4.0,23.0,0.0,16,12,17,14,35.0,38.0,24,22,20.0,,19,30.0,10.0,29.0,32,32.0,18.0,37.0,10,30.0,12.0,20.0,53.0,27.0,55.0,12,36.0,18,28.0,24,37,30,34.0,26.0,19.0,49.0,23.0,,18.0,34.0,13.0,31.0,27.0,20,22.0,30.0,22,46.0,21.0,29.0,58.0,14,27.0,18.0,,19,16,14.0,34,29.0,53.0,26.0,,23,53.0,23,21,37.0,7,59.0,23,47.0,19.0,15.0,21,29,22.0,32.0,32,,15,27.0,16,49.0,16.0,29.0,,26.0,56.0,25,38.0,,35.0,11.0,44.0,,30.0,11,17,23.0,33,13,28,17.0,22.0,52.0,41.0,18.0,53.0,21,32.0,16.0,20.0,34,25.0,15.0,28.0,21.0,,32,,37.0,26.0,36.0,16.0,33.0,38.0,19,44.0,56.0,17.0,44.0,,28.0,52.0,27,18.0,,27.0,21.0,21,10,12.0,16.0,22,7.0,50.0,46.0,24,28.0,47.0,17.0,25.0,19,28.0,15.0,33.0,37.0,25.0,13.0,42.0,,0.0,31,31,61.0,44.0,50.0,26.0,35.0,31.0,26.0,27.0,27.0,39.0,5,24,62.0,11,,30.0,59.0,60.0,21,20,21.0,32.0,35.0,35.0,9.0,43.0,35.0,51.0,31.0,25,32.0,34.0,21.0,34.0,17.0,34.0,17,10.0,23.0,35.0,16,19.0,52.0,,38.0,34.0,0.0,18,54.0,19,38.0,18.0,41.0,49.0,22.0,35.0,16.0,13.0,0.0,11.0,,41.0,17.0,,19.0,46.0,55.0,23.0,,,25.0,27,27.0,22.0,27,29.0,58.0,7,46.0,25.0,49.0,16,15,24,51.0,25.0,38.0,24.0,30.0,13.0,29.0,49.0,27.0,20,18.0,27,13.0,9,30,20.0,25,43.0,,18.0,12.0,38,39.0,14.0,39.0,23.0,,27.0,23,61.0,22,21.0,20.0,32.0,20,53.0,24,40,20.0,30.0,39.0,30,29.0,35.0,22,16.0,22.0,63.0,16.0,,18.0,36.0,10.0,25,14.0,25.0,29.0,18.0,29.0,47.0,53.0,8.0,18,33.0,25,37.0,24.0,21.0,13.0,29,23,42.0,9.0,19.0,31.0,45.0,25.0,28.0,20.0,29.0,9,20.0,25.0,38,22,23.0,49.0,21,,28.0,19,26.0,15,15,49,56.0,31.0,31.0,29.0,22.0,30.0,22.0,14.0,39.0,43.0,23.0,15.0,19.0,20.0,17.0,15.0,28.0,26.0,13.0,26.0,34.0,33.0,26.0,27.0,59.0,32.0,19.0,30.0,14.0,35.0,46.0,33.0,29.0,24.0,,33.0,20.0,39.0,54.0,62.0,21.0,27.0,27.0,24.0,22.0,,47.0,38.0,25,16.0,41.0,0.0,31,27.0,18.0,,21.0,51.0,41.0,37.0,24.0,54.0,29.0,15.0,22.0,37.0,22.0,23.0,49.0,16.0,51.0,29.0,27.0,42.0,15.0,27.0,25.0,13.0,35.0,59.0,0.0,15,35.0,,19.0,37,28.0,21.0,36.0,22.0,,16.0,44.0,20.0,27.0,36,33.0,28.0,24.0,37.0,24.0,23.0,24,26,33.0,37.0,28.0,35.0,8.0,45.0,20,20,,,21.0,45.0,52.0,37.0,22.0,23.0,34.0,,42.0,,21.0,,9.0,22.0,27,14.0,29.0,35.0,13.0,,16,46.0,50,62.0,31,19.0,47.0,25.0,,53.0,35.0,33.0,,,25.0,17.0,25.0,36,35.0,43.0,20.0,61.0,20.0,18,33.0,43.0,23.0,10.0,29.0,,32.0,32.0,31.0,26,31,15.0,,,28.0,49.0,43.0,,24.0,19,52.0,,37.0,39.0,62.0,23.0,27.0,29.0,22,22.0,53.0,23.0,29,12,35.0,,20.0,28.0,16.0,,18.0,27.0,23.0,9.0,22.0,0.0,22.0,15.0,16.0,17,38.0,,12.0,15.0,17.0,21,36.0,11.0,21,23.0,34.0,12.0,24.0,,,46.0,17.0,47.0,,59.0,13,26.0,22.0,17.0,22.0,31,,59.0,42.0,13.0,37.0,19.0,19.0,39.0,40.0,26.0,36.0,19.0,24.0,37,23,20.0,34.0,15.0,21.0,54.0,28,26,26.0,37.0,30.0,12.0,53.0,,,10.0,21.0,29.0,39.0,,23.0,,51.0,12,22,22.0,53.0,32.0,13.0,17.0,23,63.0,49.0,13.0,0.0,22.0,52.0,36.0,54.0,55.0,,,45.0,48.0,31.0,22.0,30,44.0,28.0,47,60.0,49.0,22.0,,19.0,57.0,23.0,57.0,38.0,37.0,37.0,14.0,58.0,37.0,47.0,31.0,,32.0,41.0,33.0,50.0,,47.0,23.0,40.0,60.0,32.0,38.0,24.0,,32.0,53.0,,6.0,10.0,0.0,29.0,27.0,,21.0,15.0,42.0,15.0,53.0,,,34.0,28.0,38.0,48.0,12.0,58.0,49.0,51.0,,51.0,17.0,23.0,17.0,,38.0,53,56.0,37.0,18.0,,21.0,57.0,20.0,24.0,54.0,,31.0,14.0,55.0,20.0,45.0,16.0,57.0,13.0,,14.0,41.0,18.0,24.0,46.0,36.0,22.0,39.0,35.0,25.0,56.0,26.0,52.0,27.0,,32.0,36.0,35.0,36.0,15.0,20.0,35.0,45.0,49.0,13.0,55.0,22.0,35,54.0,,31.0,22.0,24.0,31.0,26.0,61.0,34.0,25,14.0,27.0,,,57.0,32.0,37.0,31.0,22.0,63.0,17.0,0.0,,54.0,6.0,54.0,28,36.0,26.0,26.0,5.0,,19.0,26.0,19.0,23.0,,26.0,29.0,39.0,63.0,39.0,24.0,25.0,40.0,33.0,25.0,39.0,15.0,26.0,12.0,14,23,15.0,48.0,24.0,25.0,,19.0,60.0,16.0,30.0,,,36.0,43.0,23.0,42.0,43.0,35.0,10.0,,16.0,8.0,,31.0,30.0,15.0,21.0,,23.0,,22.0,24.0,24.0,21.0,,,51.0,38.0,28.0,23.0,20.0,,49.0,,43.0,45.0,9.0,37.0,28.0,39,52.0,15.0,31.0,47.0,23,12.0,47.0,37.0,33.0,20.0,,28.0,,24,51.0,40.0,39.0,,,3.0,41.0,48,38.0,43.0,32.0,47.0,23,16.0,,37.0,26.0,36.0,45.0,28.0,26.0,24.0,13.0,31.0,30.0,18.0,16.0,47.0,27.0,47.0,24.0,45.0,38.0,60.0,30.0,,19.0,47,,46.0,50.0,42.0,44.0,,55.0,,39.0,55.0,,,20.0,13,12.0,,45.0,29.0,,,,37.0,27.0,57.0,47.0,29.0,18.0,36.0,53.0,59.0,13.0,,23.0,56.0,24.0,60.0,29.0,18.0,10.0,,31.0,25.0,56.0,9.0,9.0,61.0,8.0,55.0,,42.0,,35.0,30.0,40.0,37.0,60.0,,,34.0,20.0,,32.0,,23.0,26.0,36.0,44.0,53.0,,45.0,48.0,11.0,7.0,48.0,30.0,4.0,33.0,29.0,23.0,43.0,13.0,59.0,,25,47.0,,,34.0,36.0,37.0,35.0,0.0,50.0,40.0,,16.0,39.0,,38.0,27.0,22.0,22.0,15.0,15.0,25.0,,31.0,21.0,0.0,,23.0,,20.0,38.0,22.0,,,15.0,14.0,40.0,34.0,41.0,,,23.0,26.0,58.0,,17.0,32.0,24.0,,39.0,37.0,55.0,32.0,,23.0,20.0,27.0,27.0,,18.0,36.0,24.0,62.0,,,30.0,26.0,24.0,22.0,22.0,18.0,63.0,,10.0,26.0,,35.0,33.0,25.0,39.0,41.0,30.0,,50.0,32.0,,23.0,26.0,31.0,42.0,21.0,48.0,,,59.0,0.0,35.0,,20.0,,,24.0,43.0,14.0,45.0,23.0,25.0,11.0,44.0,25.0,55.0,9.0,39.0,61.0,45.0,39.0,2.0,26.0,55.0,30.0,27.0,17.0,16.0,31.0,57.0,,45.0,26.0,,23,34.0,44.0,,12.0,48.0,28.0,34.0,,25.0,37.0,29,16.0,48.0,,29.0,21.0,,,59.0,20,43.0,11.0,20.0,23.0,26.0,57.0,,18.0,20.0,39.0,23.0,23.0,33.0,61.0,30.0,31.0,37.0,38.0,56.0,,,25.0,34.0,17.0,54.0,30.0,33.0,61.0,24.0,31.0,13.0,16.0,50.0,14.0,,52.0,,18.0,,22.0,21.0,32.0,28.0,,,0.0,27.0,57.0,42.0,30.0,12.0,,47.0,24.0,,36.0,38.0,35.0,41.0,37.0,25.0,,,,57.0,28.0,22.0,18.0,50.0,48.0,38.0,36.0,30.0,26.0,56.0,24.0,55.0,19.0,,51.0,49.0,61.0,37.0,,23.0,26.0,47.0,54.0,21.0,17.0,26.0,,,,44.0,40.0,,7.0,25.0,28.0,12.0,59.0,18.0,39.0,,42.0,8.0,8.0,22,40.0,41.0,38.0,47.0,22.0,16.0,62.0,0.0,15.0,,45.0,27.0,29.0,28.0,7.0,30.0,9.0,16.0,41.0,27.0,,38.0,28.0,33.0,,18.0,43.0,33.0,28.0,17.0,30.0,28.0,51.0,38.0,,22.0,39.0,,19.0,63.0,,25.0,40.0,,,,14.0,27.0,58.0,29.0,41.0,36.0,11.0,26.0,25.0,13.0,21.0,46.0,38.0,,60.0,28.0,27.0,49.0,53.0,54.0,,33.0,39.0,55.0,40.0,21.0,,17.0,,,26.0,26.0,30.0,20,40.0,19.0,17,48.0,16.0,13.0,26.0,32.0,30.0,,19.0,33.0,52.0,27.0,47.0,47.0,,55.0,32.0,21.0,42.0,29.0,25.0,27.0,29.0,14.0,14.0,,22.0,24.0,29.0,60.0,18.0,18.0,21.0,0.0,13.0,54.0,14.0,15.0,18.0,46.0,57.0,36.0,12.0,47.0,33.0,13.0,,23.0,23.0,50.0,48.0,30.0,31.0,39.0,,26.0,21.0,60.0,50.0,31.0,10.0,24.0,55.0,42.0,16.0,22.0,27.0,18.0,,26.0,15.0,47.0,26.0,28.0,24.0,23.0,41.0,44.0,35.0,,0.0,30.0,48.0,22.0,27.0,25.0,26.0,46.0,,35.0,53.0,,41.0,33.0,38.0,,16.0,38.0,38.0,28.0,11.0,,,21.0,,52.0,12.0,25.0,11.0,35.0,43.0,28.0,59.0,1.0,37.0,,29.0,,53.0,25.0,18.0,43.0,35.0,10.0,,44.0,61.0,51.0,,19.0,22.0,32.0,42.0,18.0,26.0,35.0,52.0,7.0,8.0,55.0,12.0,46.0,53.0,23.0,52.0,15.0,31.0,35.0,58.0,25.0,19.0,33.0,35.0,42.0,,,16.0,,50.0,29.0,29.0,33.0,37.0,51.0,23.0,24.0,44.0,31.0,30.0,0.0,18.0,55.0,,41.0,42.0,,27.0,23.0,38.0,,,22.0,43.0,43.0,28.0,,0.0,18.0,,37.0,22.0,,14.0,57.0,61.0,22.0,40.0,22.0,44.0,24.0,19.0,,,,60.0,,20.0,15.0,0.0,41.0,13.0,31.0,59.0,34.0,39.0,32.0,,58.0,,,,13.0,,15.0,30.0,22.0,,35.0,19.0,45.0,35.0,24.0,9.0,52.0,58.0,29.0,50.0,,,41.0,26.0,,30.0,15.0,,21.0,,17.0,45.0,54.0,19.0,25.0,,23.0,,40.0,,62.0,24.0,46.0,,16.0,35.0,30.0,,32.0,32.0,20.0,27.0,30.0,26.0,21.0,51.0,34.0,,11.0,15.0,59.0,,30.0,13.0,34.0,57.0,35.0,51.0,29.0,,43.0,29.0,28.0,33.0,55.0,,27.0,39.0,47.0,20.0,24.0,25.0,41.0,33.0,24.0,,,24.0,37.0,49.0,32.0,,35.0,,29.0,27.0,17.0,38.0,58.0,47.0,44.0,36.0,39.0,25.0,,19.0,,,16.0,,,61.0,22.0,,51.0,17.0,,33.0,60.0,22.0,,30.0,27.0,,56.0,23.0,40.0,29.0,13.0,,17.0,17.0,44.0,23.0,,15.0,,57.0,,,12.0,51.0,28.0,21.0,,14.0,25.0,42.0,,18.0,51.0,58.0,,50.0,62.0,61.0,,19.0,17.0,,11.0,,22.0,39.0,19.0,42.0,45.0,,,40.0,,46.0,24.0,31.0,33.0,12.0,53.0,60.0,42.0,42.0,,,42.0,12.0,52.0,12.0,,24.0,,,,13.0,47.0,35.0,,,33.0,28.0,32.0,26.0,52.0,,41.0,,24.0,24.0,56.0,35.0,,28.0,43.0,42.0,,,53.0,51.0,45.0,44.0,49.0,57.0,,46.0,40.0,,21.0,37.0,,42.0,,18.0,43.0,62.0,38.0,34.0,,16.0,18.0,14.0,,45.0,31.0,42.0,,,52.0,20.0,,35.0,,56.0,49.0,,22.0,,21.0,35.0,35.0,,29.0,,,,32.0,58.0,54.0,1.0,,,43.0,31.0,62.0,27.0,25.0,16.0,43.0,43.0,29.0,,33.0,23.0,26.0,,26.0,13.0,12.0,,23.0,40.0,26.0,40.0,37.0,,,38.0,,44.0,18.0,43.0,38.0,,31.0,48.0,,54.0,,19.0,20.0,10.0,44.0,37.0,60.0,20.0,46.0,24.0,17.0,8.0,50.0,58.0,30.0,58.0,,30.0,45.0,50.0,,46.0,26.0,,36.0,50.0,29.0,21.0,14.0,36.0,,,10.0,9.0,26.0,29.0,37.0,32.0,,17.0,46.0,,40.0,18.0,48.0,,50.0,,56.0,14.0,18.0,29.0,46.0,0.0,,8.0,57.0,36.0,25.0,17.0,57.0,,,51.0,40.0,31.0,20.0,37.0,43.0,,,41.0,61.0,33.0,29.0,37.0,58.0,,,46.0,31.0,20.0,,59.0,0.0,44.0,,36.0,41.0,21.0,46.0,,43.0,26.0,20.0,24.0,,36.0,45.0,63.0,40.0,49.0,51.0,43.0,20.0,59.0,24.0,,22.0,25.0,32.0,45.0,31.0,18.0,24.0,30.0,39.0,51.0,8.0,51.0,29.0,37.0,,41.0,29.0,44.0,17.0,,10.0,58.0,,38.0,45.0,,29.0,25.0,27.0,50.0,,32.0,0.0,35.0,21.0,,28.0,,,39.0,30.0,27.0,,45.0,,16.0,45.0,,47.0,18.0,,32.0,38.0,,23.0,,7.0,52.0,,45.0,43.0,35.0,41.0,11.0,1.0,56.0,,,,47.0,,46.0,,25.0,38.0,34.0,,33.0,27.0,43.0,51.0,40.0,30.0,46.0,30.0,36.0,13.0,,55.0,,21.0,,18.0,43.0,19.0,,29.0,28.0,30.0,,30.0,22.0,,32.0,0.0,24.0,34.0,46.0,0.0,59.0,23.0,16.0,24.0,18.0,17.0,43.0,,31.0,19.0,,,,23.0,,,45.0,46.0,,23.0,34.0,,17.0,22.0,37.0,20.0,31.0,32.0,,20.0,,20.0,49.0,,27.0,,,34.0,39.0,,45.0,35.0,16.0,,22.0,59.0,52.0,16.0,49.0,41.0,37.0,47.0,,17.0,18.0,60.0,,,32.0,,35.0,27.0,23.0,24.0,47.0,,55.0,,57.0,31.0,38.0,54.0,,7.0,59.0,10.0,11.0,46.0,37.0,55.0,,16.0,43.0,,11.0,56.0,31.0,37.0,28.0,61.0,,45.0,51.0,,0.0,46.0,27.0,18.0,9.0,18.0,,,,43.0,14.0,31.0,38.0,19.0,12.0,15.0,46.0,24.0,16.0,30.0,27.0,18.0,,26.0,23.0,53.0,,,,55.0,21.0,8.0,,13.0,16.0,59.0,,35.0,33.0,37.0,26.0,,47.0,61.0,33.0,47.0,,,,59.0,12.0,,,62.0,19.0,52.0,,,28.0,19.0,46.0,52.0,22.0,19.0,57.0,18.0,,54.0,20.0,21.0,52.0,44.0,19.0,48.0,,61.0,21.0,45.0,49.0,21.0,20.0,,37.0,52.0,49.0,43.0,,59.0,21.0,,,30.0,27.0,22.0,13.0,19.0,60.0,0.0,46.0,,22.0,46.0,25.0,34.0,,19.0,37.0,,20.0,40.0,38.0,,44.0,12.0,,,23.0,,39.0,56.0,57.0,50.0,19.0,16.0,52.0,22.0,26.0,0.0,49.0,29.0,25.0,,16.0,38.0,30.0,56.0,49.0,,47.0,54.0,,17.0,62.0,33.0,45.0,48.0,,57.0,24.0,41.0,24.0,47.0,20.0,30.0,32.0,45.0,24.0,23.0,51.0,,57.0,25.0,16.0,37.0,22.0,49.0,28.0,56.0,,58.0,,36.0,28.0,56.0,35.0,38.0,10.0,24.0,,23.0,52.0,,58.0,45.0,62.0,33.0,47.0,38.0,59.0,29.0,27.0,40.0,,53.0,,38.0,49.0,53.0,33.0,23.0,3.0,36.0,32.0,33.0,,,,27.0,18.0,,33.0,25.0,55.0,32.0,22.0,21.0,,38.0,30.0,20.0,28.0,46.0,31.0,25.0,40.0,,30.0,,42.0,,,26.0,,27.0,56.0,27.0,,,47.0,,,50.0,46.0,,16.0,46.0,14.0,,,,,,117,3,2.5427769985974757,18.586029201259663,-0.35381746530316616
8,4,9,9,7,7,7,6,10,13,10,19,10,9,4,15,11,12,39,16,11,13,12,0,8,20,13,13,12,9,18,14,10,17,11,11,18,16,15,14,19,25.0,14,15,12,11,13,15,14,16,17,12,10,3,16,24,16,15,16,11,14,15,34,3,10.0,15,18,7,17,10,17,12,15,14,9,12,18,20,17,13,20,13,13,12,17,18,12,14,13,13,12,13,25,13,18,25,14,20,19,16,16,12,17,15,17,19,18,16,17,13,15,5.0,16,16,40.0,15,13,15,15,19,16,20,15,14,11,15,15,14.0,16,15,11,13,31.0,12,26,22.0,18,32,16,19,20,15,12,17,13.0,36.0,24,23.0,9,19,16,15,24.0,11,16,11,25,27.0,23,18,23,18,14,13,18,17.0,18,14,16,16,22,17.0,4,17,7,12,20,25.0,19,12.0,18,13,18,19,11,19.0,32.0,35,21,51.0,22.0,16,26,17,16,22,12,12,29.0,19,28,29.0,12,19,18,17,21.0,18,25,12,19,20.0,14,14,17,19,19,10,1,45.0,33.0,17,10,19,46.0,20,17,40,,17,23.0,21.0,23,16,57.0,11,27,1,21.0,42.0,14,24,24,19,21,26.0,7,7,15,18,5,16,25.0,50.0,19,47.0,16.0,29.0,25.0,21,33.0,23,25,23,17.0,6.0,32.0,21.0,49.0,17,30.0,42.0,35.0,10,29,22.0,10,38,18,25.0,35.0,14.0,35,38.0,24,21,12.0,13.0,9,,21.0,17,30,38.0,20,8.0,8.0,54.0,18,22,0.0,17,25,23,19,26,15,15,23,14,20,14,17,19.0,18.0,12,26,22,34.0,35.0,22,40,26,15.0,9,17.0,6,29,31,15,12,39.0,11,15.0,10,20,52.0,16,13,24,17.0,,8,12.0,23.0,34.0,25.0,37.0,15,26.0,10,18,12,30.0,17,34.0,21.0,25,37.0,26.0,,15,18.0,18,13,33,32,13,35,13,31.0,9,3.0,17,34,29,42.0,17,40.0,19,20.0,10,45.0,32,0,37.0,10,22.0,18,,13.0,30,21,,34.0,24.0,32.0,51.0,25,47.0,14.0,29,23.0,20,21,30.0,31.0,20,28.0,36,26.0,28.0,22,19,20,30.0,15,15.0,22.0,36,50.0,12,15.0,29,29,25,49.0,21.0,23,29,30,20.0,35.0,35,6,61.0,16,23.0,15.0,33.0,12.0,,36.0,11.0,25.0,22.0,22.0,19,23,34.0,23.0,41.0,6.0,17.0,20.0,36.0,10.0,20,35,23.0,44.0,26,,41.0,29.0,35.0,20.0,23.0,21,23,20.0,18.0,49.0,16.0,32,,26.0,21.0,43,18,17,30.0,35.0,24.0,33.0,8,20,15.0,11.0,17,28.0,28.0,11,10.0,18.0,41.0,19,28.0,18,25.0,35.0,28.0,20,41.0,19,5.0,20,18,,23.0,25.0,0.0,10,20,28,,18,11.0,22,28,30.0,31,26,37.0,20.0,27,21,30.0,44.0,,39.0,28.0,10.0,10,29.0,18,18,23.0,12.0,,46.0,38.0,,2,14,42.0,,21.0,18.0,62.0,37.0,20,27.0,13,40.0,37.0,,10.0,23,19.0,2,42.0,18.0,31.0,29,21.0,53.0,31.0,31,27,28.0,30.0,31.0,33.0,50.0,20.0,43.0,,42.0,33.0,,36.0,25,28,35.0,,30.0,15,35,12,19,48.0,53.0,21,31,53.0,29.0,18,49.0,12.0,33.0,26,,17.0,32.0,16,25.0,46.0,20.0,34.0,30.0,13.0,14,,24,52.0,22,20,19,,38.0,18.0,52.0,20.0,57.0,42.0,49.0,11.0,28.0,31.0,26,19.0,55.0,34,,31.0,15.0,18.0,29,22.0,24.0,41.0,25,20,0.0,14,12.0,16.0,32.0,16.0,25,48.0,24,29,,19,23.0,30,33.0,10.0,18.0,30,28,,22.0,21,0.0,28,49.0,23,,27.0,,,10.0,18.0,40,33.0,29.0,23.0,21.0,16.0,,21.0,18,24,20.0,25,18,17,26.0,30.0,24.0,12.0,42.0,17.0,22,31.0,51.0,32.0,24,31.0,62.0,27.0,49.0,38.0,18,,35.0,26.0,,57.0,39.0,29.0,28,23.0,37.0,,58.0,,16.0,34.0,29,35.0,22.0,24.0,49.0,31,16,51.0,15.0,27,30.0,37.0,14.0,49,35.0,26.0,30.0,,24,17.0,0.0,18.0,5.0,48.0,16.0,54.0,42.0,26.0,7,32,,49.0,19.0,19.0,18.0,18.0,34.0,17.0,8.0,20.0,31,18,38.0,39,,16.0,47.0,24.0,20,17,17.0,15.0,17.0,36.0,24.0,,,51.0,47.0,17,24.0,62.0,22.0,33.0,31.0,29.0,32,31.0,13.0,19.0,21,,36.0,43.0,17.0,30.0,30.0,19,22.0,33,,62.0,31.0,31.0,35.0,32.0,22.0,22.0,35.0,21.0,38.0,56.0,26.0,,20.0,62.0,45.0,30.0,21.0,40.0,31.0,23,42.0,26.0,18,,,10,31.0,27.0,43.0,9,15,23,33.0,7.0,,44.0,43.0,31.0,37.0,24.0,48.0,25,36.0,24,17.0,21,35,16.0,17,45.0,51.0,39.0,,26,21.0,17.0,50.0,36.0,28.0,52.0,24,35.0,32,36.0,32.0,24.0,26,28.0,30,17,32.0,14.0,23.0,20,59.0,17.0,20,37.0,10.0,28.0,0.0,20.0,17.0,34.0,,35,36.0,16.0,35.0,46.0,52.0,56.0,21.0,35.0,29,18.0,13,25.0,21.0,28.0,15.0,20,15,30.0,30.0,30.0,22.0,25.0,30.0,30.0,31.0,44.0,14,16.0,18.0,54,6,24.0,56.0,26,23.0,49.0,16,28.0,10,9,29,25.0,24.0,40.0,35.0,34.0,19.0,51.0,24.0,28.0,32.0,38.0,38.0,43.0,30.0,3.0,15.0,54.0,10.0,16.0,17.0,33.0,46.0,59.0,28.0,0.0,39.0,,30.0,34.0,23.0,62.0,19.0,20.0,61.0,10.0,47.0,44.0,27.0,27.0,25.0,19.0,34.0,31.0,27.0,17.0,33.0,41.0,,27,32.0,56.0,5.0,43,17.0,55.0,30.0,18.0,23.0,17.0,45.0,24.0,25.0,49.0,43.0,52.0,29.0,52.0,20.0,,14.0,51.0,30.0,18.0,25.0,19.0,47.0,25.0,27.0,46.0,25.0,51.0,18,34.0,29.0,19.0,25,40.0,35.0,27.0,39.0,38.0,19.0,62.0,17.0,33.0,17,37.0,27.0,19.0,12.0,17.0,60.0,17,31,22.0,13.0,16.0,12.0,34.0,30.0,34,31,,42.0,20.0,31.0,24.0,34.0,18.0,24.0,47.0,,33.0,25.0,32.0,40.0,11.0,26.0,21,22.0,25.0,0.0,51.0,32.0,22,21.0,21,28.0,31,38.0,,19.0,,6.0,26.0,31.0,59.0,30.0,37.0,,41.0,20,25.0,12.0,15.0,62.0,25.0,23,25.0,18.0,41.0,50.0,21.0,17.0,58.0,60.0,54.0,25,14,44.0,18.0,,3.0,39.0,37.0,15.0,34.0,45,16.0,49.0,27.0,60.0,35.0,24.0,35.0,38.0,27,16.0,28.0,8.0,23,18,,34.0,22.0,37.0,36.0,,,30.0,30.0,28.0,62.0,24.0,28.0,42.0,,20,17.0,44.0,17.0,11.0,,16,,47.0,26,32.0,19.0,37.0,0.0,,,46.0,28.0,33.0,,28.0,15,25.0,50.0,61.0,60.0,17,48.0,,55.0,19.0,25.0,41.0,0.0,39.0,40.0,8.0,15.0,26.0,49.0,26,21,22.0,21.0,26.0,15.0,35.0,22,28,34.0,35.0,,42.0,58.0,19.0,27.0,16.0,37.0,14.0,30.0,,0.0,13.0,4.0,24,26,24.0,48.0,38.0,38.0,37.0,16,17.0,26.0,,49.0,34.0,29.0,32.0,61.0,38.0,57.0,17.0,45.0,53.0,33.0,42.0,30,21.0,18.0,28,,20.0,37.0,,26.0,30.0,,48.0,15.0,,29.0,,25.0,61.0,,,30.0,32.0,53.0,34.0,39.0,9.0,48.0,20.0,36.0,,53.0,43.0,42.0,25.0,10.0,17.0,30.0,,30.0,32.0,,35.0,19.0,12.0,26.0,22.0,9.0,27.0,37.0,41.0,,,27.0,60.0,60.0,26.0,,58.0,,15.0,15.0,16.0,5.0,,24.0,29,30.0,18.0,,14.0,,30.0,34.0,17.0,23.0,,19.0,24.0,,27.0,61.0,19.0,,18.0,,21.0,,23.0,60.0,36.0,31.0,,21.0,,31.0,36.0,38.0,31.0,36.0,36.0,56.0,17.0,33.0,52.0,5.0,20.0,13.0,,54.0,28.0,49.0,15.0,29,62.0,,22.0,35.0,56.0,,36.0,42.0,30.0,0,12.0,,41.0,48.0,25.0,29.0,22.0,,29.0,5.0,29.0,4.0,19.0,44.0,,38.0,20,23.0,15.0,20.0,39.0,,57.0,31.0,45.0,36.0,30.0,17.0,20.0,9.0,,,19.0,0.0,30.0,17.0,,18.0,57.0,25.0,34.0,26,33,27.0,,41.0,30.0,37.0,14.0,28.0,17.0,0.0,44.0,43.0,12.0,37.0,42.0,42.0,18.0,36.0,31.0,32.0,41.0,37.0,17.0,34.0,18.0,36.0,54.0,42.0,12.0,33.0,18.0,57.0,17.0,9.0,,27.0,,44.0,36.0,16.0,31.0,39.0,49.0,20.0,26.0,,36.0,48.0,19.0,25,55.0,39.0,17.0,18.0,16,39.0,12.0,,62.0,28.0,41.0,16.0,61.0,46,50.0,29.0,34.0,,0.0,29.0,39.0,27,36.0,20.0,,24.0,10,29.0,14.0,39.0,57.0,19.0,14.0,21.0,27.0,44.0,59.0,25.0,,25.0,17.0,46.0,28.0,40.0,32.0,25.0,43.0,41.0,43.0,24.0,18.0,42,59.0,50.0,17.0,25.0,33.0,,19.0,54.0,,21.0,38.0,48.0,25.0,35,40.0,,44.0,30.0,13.0,60.0,43.0,,23.0,46.0,52.0,37.0,,23.0,,21.0,23.0,,23.0,47.0,17.0,25.0,34.0,51.0,28.0,18.0,17.0,39.0,44.0,48.0,11.0,,33.0,20.0,,,40.0,46.0,47.0,50.0,36.0,41.0,8.0,,38.0,22.0,27.0,46.0,41.0,28.0,,34.0,8.0,29.0,62.0,,34.0,,29.0,27.0,10.0,26.0,,,50.0,62.0,35.0,27.0,47.0,47,44.0,,9.0,20.0,,55.0,30.0,36.0,27.0,,22.0,47.0,,14.0,28.0,49.0,41.0,20.0,14.0,23.0,42.0,,28.0,28.0,23.0,19.0,20.0,,,47.0,,,51.0,24.0,49.0,36.0,13.0,57.0,55.0,26.0,26.0,39.0,16.0,,,47.0,26.0,,21.0,17.0,62.0,56.0,29.0,46.0,16.0,21.0,38.0,26.0,39.0,26.0,0.0,,33.0,43.0,42.0,31.0,23.0,50.0,22.0,,61.0,35.0,9.0,14.0,,9.0,62.0,24.0,49.0,55.0,39.0,35.0,35.0,,17.0,35.0,31.0,20.0,30.0,35.0,47.0,16.0,48.0,24.0,34.0,11.0,,18.0,,,34.0,26.0,,62.0,61.0,28.0,44.0,33.0,14.0,56.0,9.0,49.0,,13.0,11.0,29.0,16.0,30.0,35.0,62.0,25.0,35.0,28.0,,39.0,,27.0,21.0,17,62.0,57.0,47.0,39.0,36.0,14.0,29.0,58.0,19.0,,21,36.0,30.0,17.0,45.0,36.0,61.0,49.0,27.0,16,,48.0,,41.0,46.0,30.0,19.0,37.0,42.0,19.0,45.0,33.0,23.0,25.0,,30.0,35.0,,30.0,44.0,,46.0,25.0,24.0,31.0,27.0,37.0,57.0,23.0,,,37.0,30.0,57.0,50.0,,30.0,27.0,,,57.0,,,19.0,,34.0,,,,29.0,31.0,24.0,52.0,33.0,12.0,24.0,47.0,50.0,16.0,,60.0,22.0,28.0,43.0,20.0,,31.0,37.0,32.0,13.0,35.0,4.0,,37.0,28.0,59.0,20.0,16.0,58.0,35.0,37.0,31.0,,51.0,15.0,26.0,17.0,,,37.0,28.0,,36.0,31.0,,51.0,,27.0,21.0,29.0,20.0,,,36.0,29.0,16.0,31.0,33.0,34,17.0,,16.0,35.0,31.0,38.0,20.0,23.0,34.0,39.0,26.0,43.0,20.0,5.0,16.0,13.0,14.0,32.0,25.0,40.0,24.0,34.0,21.0,,20.0,44.0,16.0,,29.0,,33.0,,29.0,46.0,22.0,46.0,28.0,2.0,62.0,,25.0,48.0,35.0,35.0,57.0,44.0,31.0,38.0,,27.0,22.0,19.0,35.0,19.0,23.0,30.0,32.0,,37.0,14.0,,20.0,55.0,38.0,42.0,52.0,33.0,14.0,16.0,26.0,26.0,13.0,61.0,,45.0,,,13.0,26.0,21,47.0,15.0,15,21.0,,34.0,29.0,30.0,32.0,36.0,15.0,11.0,21.0,17.0,30.0,,33.0,28.0,46.0,38.0,50.0,22.0,35.0,25.0,49.0,,59.0,,,38.0,49.0,21.0,,14.0,,29.0,34.0,18.0,20.0,53.0,60.0,37.0,27.0,33.0,20.0,15.0,27.0,,30.0,22.0,42.0,21.0,,41.0,27.0,56.0,,24.0,60.0,17.0,27.0,33.0,21.0,25.0,31.0,36.0,36.0,19.0,24.0,26.0,25.0,52.0,36.0,11.0,58.0,26.0,22.0,34.0,44.0,32.0,41.0,28.0,45.0,27.0,62.0,48.0,20.0,,29.0,43.0,,28.0,27.0,22.0,25.0,19.0,,7.0,,35.0,49.0,36.0,,,44.0,24.0,,51.0,28.0,,27.0,0.0,47.0,32.0,34.0,35.0,28.0,54.0,13.0,,,40.0,,28.0,20.0,33.0,,25.0,18.0,51.0,,22.0,21.0,12.0,52.0,18.0,15.0,39.0,27.0,13.0,62.0,47.0,,18.0,13.0,35.0,24.0,,43.0,62.0,52.0,60.0,38.0,41.0,19.0,60.0,57.0,,55.0,28.0,62.0,0.0,18.0,56.0,0.0,,29.0,,20.0,,32.0,28.0,,41.0,,35.0,38.0,12.0,61.0,21.0,42.0,53.0,,35.0,,24.0,37.0,52.0,16.0,15.0,,51.0,43.0,17.0,58.0,46.0,47.0,15.0,46.0,31.0,16.0,,20.0,,16.0,50.0,53.0,54.0,56.0,34.0,37.0,,34.0,32.0,37.0,14.0,61.0,32.0,20.0,59.0,,,39.0,,,16.0,30.0,43.0,,10.0,26.0,,59.0,,11.0,28.0,18.0,13.0,29.0,57.0,,30.0,15.0,52.0,45.0,51.0,,24.0,25.0,,27.0,,30.0,40.0,,52.0,22.0,31.0,,51.0,35.0,,,17.0,36.0,30.0,22.0,,61.0,,,28.0,16.0,26.0,62.0,25.0,25.0,35.0,24.0,61.0,38.0,19.0,36.0,35.0,37.0,30.0,24.0,,38.0,11.0,32.0,20.0,16.0,32.0,40.0,36.0,35.0,27.0,57.0,21.0,29.0,,26.0,44.0,25.0,25.0,39.0,37.0,24.0,20.0,59.0,53.0,,22.0,39.0,27.0,60.0,38.0,26.0,45.0,33.0,26.0,60.0,53.0,47.0,13.0,47.0,39.0,31.0,,38.0,,32.0,62.0,32.0,23.0,,,,36.0,30.0,24.0,52.0,55.0,42.0,36.0,28.0,18.0,22.0,49.0,46.0,59.0,16.0,5.0,48.0,18.0,24.0,29.0,,,,58.0,34.0,29.0,44.0,16.0,29.0,,59.0,45.0,20.0,,,28.0,12.0,,0.0,35.0,35.0,28.0,38.0,39.0,60.0,38.0,27.0,45.0,,,55.0,39.0,50.0,58.0,,31.0,41.0,15.0,33.0,46.0,54.0,,13.0,46.0,34.0,31.0,39.0,26.0,25.0,20.0,,44.0,27.0,59.0,29.0,21.0,,35.0,48.0,,22.0,,40.0,23.0,,45.0,15.0,30.0,19.0,38.0,15.0,25.0,54.0,23.0,44.0,35.0,34.0,29.0,35.0,24.0,25.0,35.0,,41.0,33.0,33.0,41.0,30.0,38.0,22.0,9.0,39.0,,22.0,40.0,43.0,15.0,4.0,19.0,,,13.0,,56.0,37.0,42.0,,,55.0,36.0,15.0,26.0,,19.0,61.0,33.0,13.0,52.0,,41.0,,,22.0,52.0,44.0,60.0,48.0,41.0,,48.0,14.0,,19.0,34.0,53.0,,,28.0,,47.0,,,54.0,,17.0,8.0,21.0,29.0,15.0,19.0,57.0,55.0,31.0,38.0,37.0,35.0,,19.0,42.0,14.0,50.0,32.0,17.0,33.0,24.0,20.0,48.0,43.0,53.0,44.0,26.0,20.0,,8.0,31.0,21.0,18.0,,25.0,43.0,28.0,24.0,,,23.0,,51.0,21.0,,,46.0,37.0,29.0,18.0,33.0,0.0,20.0,32.0,10.0,,13.0,51.0,32.0,53.0,18.0,58.0,13.0,,13.0,9.0,46.0,33.0,29.0,39.0,,38.0,,57.0,28.0,24.0,12.0,,34.0,18.0,26.0,44.0,,18.0,56.0,23.0,32.0,23.0,,,,47.0,16.0,24.0,31.0,24.0,21.0,,60.0,58.0,46.0,27.0,18.0,58.0,,,61.0,34.0,24.0,34.0,19.0,0.0,49.0,28.0,36.0,34.0,25.0,18.0,9.0,61.0,,17.0,48.0,,51.0,53.0,,15.0,45.0,24.0,19.0,5.0,49.0,35.0,37.0,24.0,47.0,,10.0,19.0,33.0,42.0,18.0,19.0,,57.0,35.0,,,18.0,61.0,,,59.0,44.0,54.0,31.0,42.0,,58.0,30.0,60.0,43.0,7.0,27.0,34.0,34.0,20.0,44.0,,20.0,43.0,52.0,28.0,,,61.0,43.0,36.0,,40.0,15.0,34.0,40.0,36.0,19.0,39.0,32.0,28.0,58.0,25.0,36.0,48.0,25.0,34.0,54.0,,50.0,,,30.0,54.0,40.0,12.0,30.0,,36.0,16.0,25.0,,13.0,44.0,30.0,,33.0,56.0,27.0,,22.0,61.0,50.0,28.0,,,59.0,15.0,16.0,23.0,,43.0,54.0,32.0,32.0,36.0,30.0,48.0,,,59.0,40.0,,32.0,25.0,8.0,24.0,32.0,29.0,,28.0,,49.0,14.0,41.0,43.0,,,28.0,41.0,39.0,26.0,43.0,39.0,36.0,42.0,,,49.0,0.0,,16.0,,,59.0,53.0,,56.0,,36.0,26.0,,,56.0,22.0,25.0,21.0,36.0,30.0,28.0,43.0,27.0,50.0,,51.0,,60.0,42.0,40.0,13.0,43.0,7.0,16.0,,49.0,44.0,20.0,,,0.0,,16.0,,15.0,56.0,32.0,,,31.0,18.0,54.0,,59.0,,,,36.0,,48.0,11.0,33.0,,,56.0,24.0,27.0,30.0,31.0,21.0,47.0,58.0,26.0,25.0,,,46.0,18.0,,,,24.0,44.0,49.0,32.0,12.0,20.0,53.0,61.0,,30.0,,8.0,7.0,35.0,39.0,60.0,35.0,26.0,,55.0,,23.0,27.0,45.0,45.0,23.0,57.0,33.0,24.0,51.0,30.0,40.0,24.0,,33.0,32.0,,31.0,36.0,28.0,,42.0,45.0,13.0,55.0,15.0,38.0,39.0,,51.0,48.0,,,28.0,,31.0,34.0,27.0,13.0,,55.0,33.0,23.0,32.0,31.0,29.0,35.0,26.0,50.0,55.0,,54.0,21.0,0.0,23.0,,,0.0,35.0,50.0,32.0,19.0,39.0,53.0,35.0,34.0,17.0,62.0,59.0,,,47.0,27.0,57.0,,,13.0,11.0,21.0,36.0,48.0,26.0,26.0,53.0,,49.0,36.0,35.0,,49.0,17.0,17.0,0.0,,16.0,29.0,13.0,45.0,20.0,,,48.0,35.0,52.0,30.0,21.0,33.0,13.0,53.0,25.0,,28.0,,62.0,39.0,,56.0,22.0,22.0,,25.0,44.0,50.0,55.0,6.0,61.0,20.0,42.0,20.0,,5.0,22.0,,20.0,16.0,60.0,44.0,22.0,,38.0,,,53.0,,,,,51.0,59.0,25.0,,53.0,40.0,27.0,61.0,,,28.0,12.0,48.0,,16.0,41.0,56.0,,16.0,,32.0,33.0,21.0,16.0,12.0,24.0,34.0,,,25.0,45.0,38.0,37.0,29.0,,40.0,48.0,28.0,35.0,,56.0,44.0,0.0,31.0,31.0,44.0,14.0,10.0,21.0,57.0,33.0,,,,59.0,48.0,47.0,,47.0,26.0,,,,31.0,44.0,,,56.0,,118,3,2.429919137466307,18.48335704125178,-0.33260616871092097
3,6,8,9,7,5,7,8,8,6,9,10,8,1,9,9,16,7,10,12,9,10,10,8,7,12,10,6,9,10,10,10,9,10,15,11,11,13,11,16,20,10.0,12,14,8,10,27,10,11,22,8,9,10,18,19,8,14,18,10,1,10,18,20,17,36.0,10,12,4,11,10,18,12,15,9,6,7,23,11,11,6,27,5,8,18,15,19,13,10,13,16,12,8,19,15,13,16,18,16,12,17,27,8,12,13,17,20,16,19,14,18,26,44.0,18,16,12.0,13,22,18,15,17,13,16,12,13,14,12,12,14.0,18,11,16,15,23.0,12,18,19.0,11,24,17,13,29,9,24,15,11.0,40.0,3,20.0,9,17,16,19,17.0,15,28,20,13,37.0,15,18,22,19,17,26,16,53.0,18,17,11,15,15,9.0,13,16,8,18,20,13.0,17,22.0,24,13,12,18,34,12.0,17.0,9,26,0.0,21.0,11,22,11,11,31,15,10,29.0,20,13,,13,15,22,7,10.0,26,15,14,10,31.0,25,11,22,8,15,21,13,60.0,30.0,12,12,21,21.0,29,20,31,22.0,13,14.0,7.0,13,15,25.0,12,24,14,10.0,29.0,16,18,14,23,20,10.0,24,17,18,13,9,22,36.0,11.0,14,,27.0,28.0,37.0,22,4.0,17,24,29,25.0,12.0,26.0,21.0,34.0,4,36.0,14.0,15.0,14,21,16.0,27,0,25,24.0,49.0,48.0,10,27.0,13,14,17.0,20.0,10,25.0,11.0,12,20,8.0,13,24.0,28.0,54.0,16,16,29.0,8,19,17,23,12,26,17,18,14,24,19,21,32.0,14.0,23,26,18,18.0,,9,23,11,15.0,33,35.0,18,15,19,10,13,17.0,9,9.0,14,13,43.0,12,18,24,25.0,13.0,4,47.0,14.0,20.0,15.0,32.0,23,34.0,33,25,30,28.0,17,16.0,21.0,23,26.0,19.0,25.0,22,47.0,20,46,19,28,19,20,21,26.0,19,44.0,12,11,7,45.0,15,18.0,27,58.0,24,29.0,42,19,18.0,25,31.0,10,25.0,31.0,14,27,15.0,51.0,10.0,30.0,21.0,34,6.0,14.0,19,5.0,13,22,52.0,37.0,19,18.0,17,16.0,42.0,31,18,10,58.0,20,35.0,58.0,14,15.0,16,16.0,26,17,9,8.0,34.0,13,14,25,20.0,27.0,18,14,16.0,16,31.0,8.0,40.0,33.0,4.0,18.0,0.0,33.0,44.0,35.0,21,22,36.0,21.0,31.0,19.0,28.0,,11.0,23.0,12,21,28.0,57.0,15,16.0,37.0,45.0,18.0,18.0,34.0,27,28,25.0,18.0,9.0,15.0,18,28.0,24.0,15.0,21,16,11,21.0,51.0,17.0,17.0,16,21,14.0,21.0,24,30.0,20.0,27,22.0,33.0,33.0,26,23.0,8,32.0,21.0,30.0,28,32.0,22,8.0,17,12,32.0,31.0,10.0,18.0,22,13,14,,13,22.0,19,12,32.0,22,24,55.0,32.0,36,24,,35.0,25.0,11.0,30.0,26.0,16,25.0,19,11,46.0,10.0,18.0,,23.0,10.0,18,27,13.0,49.0,32.0,31.0,8.0,14.0,9,4.0,9,18.0,34.0,,53.0,29,7.0,13,23.0,39.0,29.0,35,39.0,45.0,9.0,18,12,15.0,,15.0,58.0,35.0,16.0,35.0,,9.0,53.0,42.0,24.0,9,34,43.0,19.0,19.0,24,18,14,13,22.0,41.0,19,25,15.0,0.0,15,18.0,21.0,44.0,37,56.0,42.0,,12,32.0,22.0,30.0,43.0,27.0,39.0,25,21.0,19,13.0,15,36,13,17.0,34.0,8.0,11.0,29.0,,,25.0,24.0,44.0,24.0,15,21.0,,29,24.0,49.0,31.0,48.0,19,18.0,32.0,36.0,22,14,14.0,23,6.0,14.0,25.0,40.0,10,11.0,22,16,25.0,9,39.0,26,29.0,7.0,47.0,11,30,16.0,57.0,26,7.0,37,58.0,18,25.0,17.0,29.0,,14.0,25.0,19,17.0,,35.0,9.0,25.0,19.0,22.0,31,12,21.0,38,20,18,25.0,53.0,34.0,53.0,31.0,41.0,23,18.0,32.0,37.0,25,28.0,16.0,34.0,30.0,0.0,21,36.0,25.0,14.0,55.0,,27.0,30.0,9,23.0,,30.0,40.0,,10.0,57.0,17,60.0,56.0,17.0,47.0,15,21,28.0,16.0,33,38.0,44.0,24.0,25,21.0,,34.0,17.0,12,32.0,51.0,11.0,48.0,21.0,18.0,36.0,30.0,11.0,16,25,20.0,37.0,41.0,33.0,49.0,8.0,17.0,0.0,,45.0,41,10,,4,30.0,20.0,16.0,14.0,17,9,25.0,41.0,41.0,7.0,45.0,29.0,28.0,33.0,19.0,11,6.0,44.0,19.0,27.0,,29.0,9,18.0,23.0,12.0,33,16.0,29.0,14.0,35.0,11.0,26.0,25,34.0,26,,27.0,,46.0,,17.0,22.0,43.0,17.0,29.0,20.0,0.0,15.0,13.0,15.0,18.0,23.0,28.0,23.0,17.0,33.0,24,32.0,33.0,17,39.0,18.0,18,24.0,20.0,14.0,17,22,29,24.0,0.0,,34.0,27.0,28.0,19.0,48.0,60.0,23,29.0,17,24.0,0,36,15.0,19,25.0,8.0,10.0,11.0,37,22.0,13.0,6.0,17.0,16.0,18.0,9,49.0,21,25.0,20.0,21.0,27,33.0,13,8,27.0,18.0,45.0,20,52.0,28.0,14,23.0,42.0,55.0,17.0,38.0,35.0,32.0,27.0,23,38.0,41.0,39.0,27.0,59.0,46.0,56.0,18.0,17,1.0,11,19.0,53.0,,32.0,18,14,16.0,10.0,26.0,18.0,37.0,26.0,32.0,32.0,26.0,23,15.0,30.0,30,55,21.0,32.0,10,34.0,22.0,31,29.0,35,21,14,16.0,29.0,34.0,,17.0,13.0,37.0,42.0,25.0,31.0,21.0,24.0,56.0,33.0,34.0,,10.0,14.0,50.0,27.0,13.0,13.0,25.0,9.0,23.0,,22.0,59.0,29.0,26.0,40.0,20.0,28.0,,30.0,17.0,59.0,0.0,41.0,14.0,,38.0,22.0,10.0,20.0,44.0,,19.0,25,13.0,22.0,35.0,15,31.0,32.0,15.0,23.0,0.0,,18.0,23.0,55.0,32.0,15.0,10.0,37.0,,18.0,,12.0,23.0,,13.0,,38.0,51.0,24.0,30.0,52.0,28.0,48.0,20,,25.0,,31,14.0,27.0,9.0,25.0,57.0,60.0,16.0,31.0,44.0,22,36.0,18.0,32.0,34.0,25.0,55.0,11,12,44.0,19.0,34.0,21.0,21.0,,24,13,22.0,21.0,,46.0,,28.0,43.0,30.0,21.0,,37.0,29.0,20.0,33.0,52.0,31.0,20,22.0,17.0,36.0,23.0,15.0,28,37.0,11,35.0,28,26.0,22.0,16.0,,,26.0,37.0,36.0,12.0,9.0,,19.0,21,27.0,14.0,17.0,20.0,30.0,48,,27.0,11.0,33.0,28.0,12.0,50.0,31.0,27.0,25,32,14.0,16.0,,19.0,,14.0,10.0,26.0,29,40.0,,30.0,24.0,29.0,7.0,17.0,21.0,12,0.0,32.0,20.0,30,16,,35.0,,29.0,54.0,0.0,,21.0,37.0,9.0,52.0,19.0,19.0,,,35,15.0,,,21.0,40.0,31,55.0,38.0,41,,14.0,12.0,20.0,25.0,31.0,39.0,34.0,25.0,13.0,17.0,9,18.0,54.0,,9.0,38,55.0,33.0,,12.0,24.0,16.0,45.0,20.0,34.0,22.0,21.0,24.0,14.0,33,22,18.0,,25.0,,18.0,30,19,50.0,,24.0,11.0,,21.0,30.0,24.0,47.0,59.0,,50.0,24.0,29.0,39.0,19,18,22.0,32.0,54.0,52.0,31.0,18,,54.0,,21.0,12.0,32.0,44.0,28.0,59.0,41.0,19.0,59.0,56.0,,43.0,24,32.0,21.0,47,31.0,17.0,49.0,37.0,39.0,,26.0,15.0,10.0,,35.0,19.0,15.0,33.0,18.0,31.0,30.0,24.0,21.0,52.0,8.0,54.0,,33.0,16.0,,42.0,35.0,29.0,44.0,7.0,28.0,19.0,49.0,35.0,45.0,16.0,,,15.0,21.0,36.0,24.0,,,25.0,27.0,,18.0,38.0,,16.0,27.0,58.0,21.0,57.0,,10.0,45.0,,23.0,46,28.0,32.0,,33.0,30.0,41.0,26.0,15.0,32.0,37.0,25.0,24.0,38.0,11.0,,11.0,44.0,14.0,54.0,15.0,32.0,26.0,26.0,24.0,23.0,10.0,55.0,47.0,44.0,26.0,33.0,33.0,30.0,34.0,31.0,,,49.0,36.0,60.0,28.0,,36.0,39.0,,17.0,23,30.0,26.0,42.0,15.0,17.0,44.0,20.0,13.0,11.0,13,0.0,26.0,47.0,54.0,49.0,23.0,29.0,22.0,19.0,0.0,11.0,25.0,,24.0,,34.0,17,16.0,11.0,41.0,,29.0,,14.0,40.0,13.0,,37.0,25.0,33.0,13.0,38.0,15.0,54.0,27.0,11.0,10.0,45.0,,18.0,,20,8,42.0,19.0,21.0,25.0,22.0,39.0,20.0,20.0,,18.0,52.0,54.0,45.0,17.0,19.0,15.0,55.0,23.0,,48.0,31.0,13.0,44.0,20.0,33.0,25.0,57.0,16.0,19.0,22.0,43.0,,17.0,52.0,29.0,,29.0,38.0,33.0,49.0,9.0,14.0,23.0,22.0,15.0,25.0,49.0,23.0,23,0.0,22.0,10.0,18.0,47,19.0,25.0,37.0,35.0,49.0,41.0,30.0,45.0,9,44.0,25.0,29.0,59.0,23.0,32.0,,47,46.0,46.0,22.0,31.0,21,22.0,14.0,48.0,36.0,47.0,19.0,57.0,5.0,8.0,22.0,25.0,,16.0,40.0,39.0,23.0,25.0,39.0,16.0,,,24.0,36.0,,21,56.0,,31.0,16.0,37.0,21.0,14.0,22.0,36.0,22.0,59.0,36.0,58.0,28,11.0,30.0,41.0,30.0,11.0,,29.0,39.0,25.0,14.0,,21.0,,21.0,,52.0,49.0,32.0,34.0,41.0,57.0,,0.0,58.0,13.0,43.0,54.0,41.0,,37.0,33.0,14.0,27.0,25.0,7.0,,,,24.0,9.0,33.0,26.0,36.0,48.0,37.0,27.0,42.0,43.0,,20.0,,27.0,60.0,,32.0,24.0,22.0,,14.0,0.0,20.0,20.0,,31.0,60.0,20.0,42.0,,14.0,18,18.0,24.0,14.0,29.0,53.0,,35.0,58.0,27.0,,12.0,16.0,21.0,9.0,40.0,,32.0,36.0,26.0,47.0,25.0,50.0,17.0,32.0,57.0,21.0,13.0,13.0,23.0,0.0,,17.0,43.0,50.0,42.0,42.0,9.0,33.0,20.0,26.0,24.0,19.0,42.0,29.0,42.0,60.0,19.0,31.0,19.0,24.0,,34.0,10.0,,31.0,11.0,18.0,35.0,24.0,23.0,41.0,30.0,36.0,49.0,29.0,23.0,60.0,46.0,23.0,,9.0,37.0,13.0,10.0,35.0,35.0,47.0,21.0,0.0,20.0,21.0,12.0,41.0,18.0,52.0,24.0,26.0,,60.0,35.0,16.0,31.0,16.0,,41.0,40.0,,15.0,46.0,28.0,26.0,,35.0,41.0,18.0,30.0,20.0,,23.0,52.0,15.0,40.0,31.0,31.0,10.0,21.0,12.0,32.0,20.0,38.0,,34.0,0.0,,32.0,26.0,37.0,24.0,15,,37.0,27.0,16.0,34.0,15.0,25.0,18.0,38.0,,11,52.0,,19.0,40.0,26.0,27.0,32.0,,45,,14.0,,14.0,9.0,37.0,37.0,39.0,14.0,57.0,51.0,25.0,24.0,,,,25.0,23.0,31.0,44.0,,17.0,32.0,34.0,34.0,10.0,46.0,,,,22.0,32.0,,,51.0,15.0,22.0,,25.0,,29.0,,15.0,19.0,20.0,31.0,10.0,42.0,5.0,51.0,,11.0,55.0,43.0,40.0,14.0,38.0,27.0,12.0,,17.0,33.0,20.0,9.0,45.0,,13.0,28.0,20.0,20.0,33.0,18.0,28.0,33.0,23.0,0.0,35.0,35.0,36.0,17.0,51.0,30.0,23.0,17.0,23.0,14.0,14.0,38.0,,11.0,18.0,10.0,,49.0,22.0,28.0,17.0,,24.0,17.0,0.0,,28.0,39.0,,27.0,36.0,,46,25.0,18.0,19.0,33.0,,,24.0,24.0,36.0,22.0,26.0,,17.0,,,11.0,26.0,30.0,,37.0,26.0,52.0,23.0,22.0,29.0,55.0,32.0,,25.0,,31.0,37.0,,17.0,19.0,39.0,39.0,,24.0,60.0,11.0,33.0,31.0,31.0,24.0,,32.0,15.0,53.0,17.0,38.0,23.0,19.0,9.0,,59.0,34.0,,32.0,37.0,18.0,21.0,35.0,42.0,41.0,26.0,57.0,24.0,,,36.0,,30.0,54.0,,40.0,,35.0,17.0,25,56.0,8.0,32,47.0,42.0,,25.0,38.0,12.0,,,31.0,40.0,,55.0,38.0,,38.0,57.0,25.0,,27.0,17.0,27.0,36.0,57.0,,56.0,24.0,57.0,34.0,34.0,17.0,31.0,35.0,,34.0,40.0,12.0,37.0,19.0,28.0,18.0,57.0,16.0,21.0,35.0,31.0,56.0,26.0,46.0,34.0,56.0,,9.0,26.0,16.0,30.0,,24.0,16.0,,58.0,24.0,11.0,28.0,9.0,52.0,31.0,37.0,11.0,23.0,42.0,40.0,,12.0,46.0,18.0,21.0,50.0,43.0,9.0,49.0,16.0,34.0,50.0,53.0,16.0,20.0,53.0,27.0,27.0,,,51.0,2.0,33.0,10.0,,,26.0,40.0,27.0,,39.0,27.0,31.0,28.0,55.0,19.0,27.0,26.0,,16.0,13.0,25.0,43.0,45.0,55.0,,,33.0,24.0,22.0,26.0,28.0,0.0,27.0,32.0,29.0,,39.0,25.0,12.0,23.0,25.0,24.0,,57.0,60.0,,36.0,13.0,52.0,18.0,,36.0,17.0,,57.0,40.0,20.0,14.0,13.0,,,44.0,56.0,20.0,51.0,38.0,28.0,30.0,,45.0,52.0,21.0,49.0,43.0,35.0,,,56.0,,32.0,47.0,10.0,,59.0,49.0,21.0,48.0,12.0,31.0,,31.0,40.0,59.0,21.0,31.0,53.0,56.0,12.0,15.0,21.0,29.0,42.0,33.0,43.0,27.0,25.0,6.0,32.0,,19.0,,31.0,21.0,38.0,18.0,42.0,,,34.0,47.0,22.0,47.0,29.0,38.0,,30.0,56.0,32.0,26.0,,21.0,56.0,17.0,51.0,46.0,27.0,,,22.0,56.0,47.0,29.0,41.0,8.0,18.0,27.0,33.0,12.0,17.0,,19.0,40.0,,29.0,23.0,,,25.0,30.0,,41.0,51.0,28.0,,59.0,11.0,59.0,54.0,48.0,32.0,,,36.0,37.0,30.0,23.0,9.0,34.0,51.0,38.0,12.0,49.0,12.0,12.0,47.0,56.0,26.0,38.0,23.0,55.0,38.0,24.0,51.0,,,12.0,39.0,30.0,32.0,,21.0,54.0,42.0,30.0,,,,38.0,30.0,14.0,,20.0,,24.0,,,,59.0,25.0,43.0,35.0,26.0,,26.0,22.0,27.0,43.0,,,26.0,16.0,29.0,10.0,,54.0,32.0,17.0,29.0,,34.0,59.0,60.0,22.0,42.0,,8.0,9.0,,40.0,,19.0,45.0,14.0,,25.0,15.0,,,,19.0,48.0,21.0,19.0,,37.0,,,31.0,,,,17.0,24.0,38.0,29.0,,53.0,6.0,,,,29.0,45.0,14.0,,44.0,,9.0,,31.0,55.0,,,47.0,25.0,43.0,47.0,,17.0,,0.0,28.0,44.0,,32.0,,19.0,22.0,43.0,13.0,19.0,24.0,24.0,57.0,,,39.0,32.0,29.0,,17.0,26.0,,21.0,32.0,21.0,32.0,,52.0,,,55.0,8.0,,15.0,36.0,59.0,,58.0,12.0,18.0,51.0,,11.0,18.0,,42.0,34.0,,18.0,30.0,29.0,,51.0,24.0,,,32.0,,32.0,26.0,,,18.0,18.0,25.0,25.0,48.0,22.0,21.0,,36.0,17.0,57.0,36.0,37.0,,32.0,46.0,14.0,16.0,,,49.0,27.0,22.0,,7.0,17.0,31.0,33.0,17.0,36.0,34.0,41.0,22.0,21.0,30.0,,43.0,,,60.0,21.0,20.0,16.0,18.0,14.0,50.0,,57.0,43.0,46.0,,45.0,,55.0,22.0,,,59.0,22.0,18.0,58.0,37.0,16.0,22.0,22.0,28.0,34.0,45.0,,47.0,14.0,38.0,12.0,,51.0,38.0,12.0,,27.0,,21.0,24.0,,,,36.0,19.0,23.0,28.0,28.0,25.0,41.0,,37.0,54.0,57.0,49.0,13.0,9.0,22.0,23.0,,41.0,33.0,22.0,38.0,29.0,18.0,14.0,43.0,27.0,23.0,55.0,35.0,17.0,,12.0,51.0,42.0,23.0,14.0,18.0,47.0,32.0,55.0,,32.0,34.0,45.0,,,47.0,53.0,13.0,23.0,30.0,20.0,35.0,41.0,0.0,19.0,8.0,46.0,,46.0,31.0,55.0,19.0,38.0,50.0,25.0,12.0,,24.0,9.0,,14.0,37.0,59.0,32.0,22.0,36.0,44.0,39.0,38.0,51.0,,36.0,0.0,,,41.0,32.0,25.0,24.0,35.0,,27.0,16.0,42.0,,45.0,33.0,19.0,58.0,51.0,19.0,56.0,,24.0,36.0,,33.0,10.0,52.0,19.0,16.0,18.0,24.0,34.0,30.0,22.0,24.0,9.0,26.0,,31.0,26.0,16.0,39.0,34.0,57.0,34.0,46.0,,25.0,16.0,23.0,8.0,,14.0,28.0,41.0,44.0,,,36.0,52.0,,,48.0,,55.0,,17.0,53.0,18.0,,33.0,31.0,,34.0,,27.0,29.0,18.0,,21.0,22.0,32.0,,14.0,16.0,,8.0,28.0,15.0,23.0,,47.0,59.0,56.0,57.0,,32.0,44.0,18.0,44.0,17.0,13.0,14.0,53.0,,,53.0,36.0,43.0,39.0,,24.0,,,56.0,42.0,,34.0,46.0,23.0,43.0,24.0,25.0,36.0,0.0,16.0,,7.0,12.0,59.0,54.0,,29.0,29.0,,,60.0,47.0,,28.0,42.0,51.0,53.0,,17.0,37.0,40.0,,12.0,46.0,53.0,,40.0,,35.0,19.0,20.0,,,43.0,13.0,53.0,58.0,55.0,28.0,38.0,29.0,10.0,18.0,57.0,33.0,,48.0,46.0,,17.0,23.0,18.0,53.0,30.0,14.0,34.0,15.0,58.0,57.0,41.0,24.0,57.0,,,29.0,,,30.0,,16.0,51.0,,26.0,59.0,58.0,,31.0,39.0,26.0,28.0,31.0,55.0,12.0,,,32.0,4.0,20.0,17.0,58.0,15.0,9.0,26.0,,24.0,33.0,,48.0,46.0,37.0,0.0,,20.0,,34.0,55.0,,24.0,33.0,14.0,19.0,30.0,,48.0,52.0,57.0,28.0,31.0,45.0,53.0,40.0,21.0,,,,,19.0,25.0,11.0,17.0,27.0,46.0,50.0,,22.0,,21.0,34.0,38.0,56.0,,13.0,34.0,,29.0,48.0,57.0,21.0,19.0,9.0,24.0,,31.0,,31.0,26.0,25.0,22.0,,37.0,,29.0,37.0,52.0,,24.0,55.0,13.0,21.0,20.0,15.0,0.0,,30.0,36.0,58.0,21.0,41.0,,23.0,18.0,27.0,,54.0,55.0,,36.0,,,25.0,36.0,,,,,22.0,38.0,26.0,,51.0,38.0,,,,39.0,53.0,60.0,,,,57.0,23.0,15.0,19.0,,20.0,30.0,17.0,55.0,24.0,21.0,33.0,,18.0,36.0,22.0,21.0,,,22.0,9.0,,32.0,,,27.0,37.0,,11.0,18.0,36.0,20.0,60.0,,31.0,45.0,,44.0,40.0,31.0,14.0,22.0,38.0,,37.0,47.0,49.0,29.0,42.0,,27.0,,49.0,19.0,20.0,59.0,,,,,,29.0,,,,,,39.0,39.0,10.0,44.0,11.0,34.0,7.0,,,11.0,45.0,14.0,29.0,,28.0,9.0,16.0,25.0,,25.0,,17.0,19.0,16.0,,52.0,32.0,39.0,,32.0,,28.0,,,13.0,49.0,16.0,59.0,,28.0,,,33.0,,46.0,19.0,20.0,7.0,59.0,26.0,55.0,,51.0,27.0,39.0,,19.0,119,3,2.484137931034483,17.86842861246768,-0.3376644866104626
3,2,2,7,3,5,4,2,1,3,3,6,4,5,1,5,14,10,6,6,8,17,7,4,10,7,8,3,5,6,1,4,3,4,6,9,8,11,1,9,13,11.0,6,4,9,4,17,15,9,15,6,16,9,5,33,4,7,5,10,5,6,14,10,4,9.0,6,15,7,9,8,7,9,10,7,4,12,8,8,11,8,16,6,6,11,9,26,10,13,14,9,12,12,7,14,14,23,7,12,8,10,11,17,13,12,2,11,10,13,7,11,25,14.0,13,12,19.0,10,6,4,19,14,7,20,10,16,10,10,15,21.0,7,10,9,8,8.0,8,27,34.0,2,8,5,9,11,12,15,11,29.0,35.0,12,8.0,7,10,6,4,17.0,13,16,24,10,29.0,0,14,32,10,12,6,12,3.0,14,13,22,11,4,32.0,11,24,24,10,12,24.0,11,19.0,15,13,7,27,10,44.0,42.0,11,17,11.0,9.0,16,16,5,10,15,7,7,26.0,25,5,15.0,19,11,16,11,15.0,17,11,10,12,33.0,12,3,0,7,15,13,12,7.0,27.0,27,13,17,9.0,25,15,27,46.0,11,5.0,20.0,13,14,45.0,20,26,13,0.0,,18,20,8,16,6,10.0,13,12,0,11,5,9,42.0,5.0,0,15.0,46.0,19.0,13.0,36,20.0,13,11,13,23.0,12.0,10.0,4.0,14.0,21,32.0,36.0,9.0,8,20,13.0,20,20,13,17.0,12.0,19.0,18,,9,27,14.0,7.0,4,38.0,13.0,1,16,18.0,7,17.0,13.0,26.0,21,15,20.0,13,11,15,12,25,10,12,33,4,8,5,6,29.0,19.0,7,11,18,9.0,14.0,4,10,14,,10,55.0,19,15,12,12,17,,7,14.0,13,16,14.0,6,7,25,,44.0,0,20.0,25.0,11.0,8.0,17.0,11,26.0,8,18,8,37.0,14,12.0,,24,24.0,7.0,,14,19.0,13,15,10,39,15,11,19,28.0,15,5.0,17,10,13,41.0,4,17.0,26,27.0,10,24.0,19,15,17.0,54,51.0,14,55.0,17.0,28,28,38.0,17.0,9.0,18.0,,28,5.0,24.0,15,28.0,13,21,27.0,18.0,21,22.0,11,5.0,36.0,13,15,17,21.0,17,13.0,,14,14.0,12,6.0,21,0,12,27.0,36.0,17,7,26,11.0,16.0,20,19,28.0,14,19.0,35.0,9.0,17.0,0.0,25.0,14.0,10.0,,51.0,13,14,19.0,,28.0,22.0,57.0,19.0,27.0,5.0,18,13,15.0,23.0,4,22.0,10.0,42.0,7.0,17.0,52.0,26,20,,16.0,33.0,21.0,16,27.0,20.0,39.0,24,15,18,27.0,8.0,14.0,17.0,5,14,14.0,32.0,18,18.0,29.0,28,15.0,12.0,18.0,29,16.0,13,11.0,0.0,9.0,19,38.0,23,6.0,28,24,19.0,39.0,15.0,21.0,12,13,16,12.0,7,8.0,23,8,43.0,30,22,40.0,32.0,38,14,26.0,22.0,,,19.0,3.0,22,38.0,23,12,36.0,16.0,20.0,6.0,10.0,7.0,13,6,4.0,9.0,18.0,31.0,8.0,47.0,11,24.0,4,33.0,36.0,,11.0,20,5.0,26,29.0,46.0,42.0,23,19.0,0.0,31.0,43,13,9.0,23.0,19.0,36.0,,28.0,33.0,21.0,45.0,32.0,47.0,29.0,12,22,,12.0,48.0,10,13,16,26,13.0,,22,11,22.0,29.0,2,32.0,30.0,18.0,37,28.0,,,16,19.0,58.0,,40.0,41.0,55.0,11,15.0,19,6.0,4,25,14,15.0,12.0,9.0,15.0,28.0,41.0,12.0,20.0,15.0,1.0,17.0,17,16.0,16.0,10,38.0,,18.0,24.0,18,50.0,21.0,,21,20,25.0,25,33.0,6.0,7.0,44.0,21,53.0,8,17,41.0,17,53.0,25,40.0,23.0,16.0,53,18,40.0,6.0,16,39.0,26,34.0,18,45.0,44.0,49.0,,21.0,27.0,16,54.0,,0.0,43.0,7.0,18.0,29.0,17,16,15.0,21,17,4,16.0,49.0,29.0,,,13.0,15,24.0,24.0,19.0,11,16.0,,26.0,29.0,,22,16.0,13.0,25.0,2.0,47.0,13.0,25.0,14,,45.0,26.0,,18.0,13.0,17.0,40,12.0,23.0,36.0,26.0,15,4,30.0,32.0,13,25.0,,26.0,26,31.0,39.0,24.0,17.0,18,31.0,19.0,26.0,9.0,31.0,11.0,9.0,24.0,20.0,20,31,52.0,23.0,32.0,25.0,14.0,35.0,27.0,43.0,,32.0,18,19,17.0,33,23.0,28.0,15.0,30.0,10,28,35.0,17.0,25.0,17.0,20.0,23.0,11.0,35.0,15.0,18,6.0,,30.0,25.0,31.0,11.0,16,22.0,15.0,18.0,5,,24.0,,26.0,16.0,15.0,19,23.0,31,32.0,25.0,20.0,55.0,16.0,24.0,,41.0,21.0,31.0,,18.0,11.0,36.0,47.0,21.0,0.0,43.0,14.0,18.0,15.0,13,20.0,19.0,12,29.0,29.0,18,54.0,26.0,3.0,12,17,17,43.0,27.0,57.0,28.0,27.0,19.0,21.0,,11.0,20,18.0,11,31.0,15,25,18.0,37,8.0,39.0,28.0,37.0,24,33.0,6.0,55.0,32.0,,30.0,12,,29,15.0,38.0,42.0,32,16.0,16,25,30.0,16.0,,14,11.0,43.0,15,21.0,,11.0,25.0,36.0,7.0,15.0,12.0,24,25.0,12.0,24.0,50.0,20.0,24.0,30.0,16.0,15,25.0,14,15.0,26.0,13.0,8.0,36,33,20.0,27.0,8.0,25.0,12.0,17.0,18.0,22.0,34.0,28,31.0,8.0,12,13,18.0,2.0,11,14.0,32.0,10,26.0,34,19,19,19.0,19.0,24.0,47.0,14.0,52.0,27.0,,32.0,42.0,53.0,20.0,42.0,22.0,9.0,34.0,32.0,14.0,12.0,23.0,42.0,11.0,,38.0,24.0,36.0,,10.0,19.0,13.0,47.0,25.0,18.0,50.0,6.0,,9.0,,38.0,39.0,40.0,17.0,29.0,24.0,50.0,26.0,25.0,23.0,45,17.0,23.0,32.0,17,43.0,18.0,57.0,29.0,24.0,23.0,37.0,30.0,14.0,45.0,21.0,,33.0,35.0,9.0,45.0,24.0,28.0,23.0,25.0,24.0,14.0,28.0,30.0,32.0,27.0,,39.0,18,27.0,54.0,17.0,21,22.0,41.0,39.0,52.0,,31.0,57.0,,34.0,29,38.0,31.0,23.0,,16.0,52.0,13,17,29.0,27.0,19.0,11.0,19.0,,17,17,48.0,,25.0,24.0,52.0,31.0,6.0,18.0,0.0,26.0,18.0,22.0,44.0,23.0,,33.0,31,6.0,14.0,16.0,18.0,51.0,10,24.0,20,32.0,27,44.0,,10.0,31.0,27.0,24.0,20.0,50.0,27.0,12.0,11.0,18.0,45,7.0,43.0,17.0,20.0,44.0,26,52.0,10.0,18.0,,22.0,51.0,27.0,31.0,20.0,23,23,36.0,30.0,47.0,20.0,0.0,12.0,8.0,15.0,21,,26.0,51.0,25.0,50.0,7.0,48.0,15.0,13,23.0,23.0,32.0,14,15,,15.0,17.0,29.0,13.0,8.0,17.0,34.0,30.0,38.0,41.0,14.0,43.0,,27.0,12,27.0,17.0,11.0,56.0,24.0,10,33.0,,9,38.0,11.0,12.0,15.0,28.0,35.0,11.0,,12.0,44.0,21.0,13,35.0,,20.0,23.0,34,34.0,46.0,17.0,11.0,,47.0,34.0,42.0,22.0,24.0,23.0,52.0,46.0,53,15,43.0,8.0,28.0,4.0,8.0,9,19,58.0,13.0,56.0,40.0,30.0,40.0,44.0,10.0,0.0,19.0,44.0,29.0,,,26.0,14,19,10.0,12.0,39.0,18.0,48.0,14,46.0,7.0,,20.0,7.0,11.0,25.0,,12.0,,21.0,10.0,25.0,44.0,33.0,11,15.0,10.0,21,32.0,11.0,,23.0,,13.0,45.0,24.0,16.0,,23.0,34.0,37.0,53.0,15.0,30.0,39.0,3.0,30.0,49.0,31.0,,,20.0,52.0,37.0,,23.0,15.0,24.0,36.0,,20.0,,16.0,12.0,17.0,42.0,,9.0,16.0,53.0,,17.0,26.0,13.0,50.0,40.0,14.0,34.0,14.0,8.0,36.0,,55.0,9.0,13.0,30.0,0.0,30.0,15.0,25,20.0,42.0,16.0,,56.0,53.0,19.0,50.0,6.0,19.0,28.0,22.0,,16.0,22.0,14.0,54.0,11.0,15.0,32.0,47.0,9.0,16.0,26.0,8.0,17.0,34.0,58.0,19.0,58.0,27.0,32.0,34.0,44.0,49.0,25.0,52.0,28.0,49.0,10.0,50.0,36.0,29.0,14.0,27.0,18.0,10,56.0,8.0,12.0,27.0,41.0,,39.0,24.0,21.0,11,48.0,,,27.0,31.0,34.0,13.0,14.0,17.0,15.0,23.0,16.0,,,25.0,11.0,37,55.0,27.0,57.0,42.0,51.0,18.0,15.0,11.0,7.0,20.0,19.0,26.0,27.0,16.0,38.0,19.0,18.0,,42.0,16.0,25.0,24.0,13.0,19.0,15,5,10.0,15.0,18.0,15.0,21.0,24.0,17.0,0.0,,11.0,41.0,24.0,,15.0,,34.0,38.0,,27.0,33.0,37.0,31.0,40.0,24.0,27.0,39.0,,14.0,16.0,21.0,,19.0,17.0,22.0,16.0,,45.0,23.0,6.0,9.0,41.0,24.0,32.0,25.0,,46.0,,9.0,23,29.0,,22.0,7.0,37,,28.0,,33.0,35.0,34.0,20.0,,25,24.0,15.0,36.0,24.0,,18.0,21.0,25,34.0,15.0,35.0,48.0,25,17.0,29.0,22.0,35.0,24.0,15.0,3.0,33.0,7.0,49.0,29.0,43.0,23.0,31.0,26.0,18.0,17.0,,17.0,22.0,37.0,37.0,25.0,,26,46.0,44.0,14.0,29.0,,38.0,32.0,7.0,14.0,,12.0,,30.0,14,17.0,,27.0,,20.0,24.0,23.0,16.0,36.0,44.0,30.0,9.0,,,15.0,51.0,23.0,54.0,11.0,41.0,33.0,46.0,,36.0,54.0,,14.0,54.0,24.0,17.0,39.0,16.0,20.0,10.0,18.0,17.0,55.0,,35.0,47.0,53.0,27.0,20.0,,11.0,7.0,13.0,,43.0,13.0,47.0,,9.0,,,,19.0,17.0,12.0,16.0,24.0,15.0,30.0,,31.0,13.0,26.0,43.0,37.0,8,18.0,,11.0,24.0,,,34.0,,42.0,36.0,31.0,10.0,40.0,27.0,32.0,,26.0,27.0,18.0,42.0,23.0,,10.0,22.0,40.0,,43.0,12.0,27.0,13.0,22.0,27.0,,45.0,33.0,17.0,40.0,,39.0,42.0,23.0,30.0,18.0,3.0,33.0,,25.0,34.0,20.0,41.0,25.0,22.0,,18.0,31.0,18.0,44.0,9.0,43.0,7.0,18.0,27.0,48.0,,23.0,,41.0,5.0,16.0,,24.0,49.0,,7.0,5.0,29.0,51.0,18.0,18.0,45.0,32.0,,26.0,10.0,42.0,15.0,27.0,19.0,35.0,39.0,54.0,,25.0,20.0,44.0,31.0,34.0,18.0,34.0,32.0,30.0,16.0,,52.0,,17.0,17.0,17.0,26.0,28.0,10.0,26.0,,,9.0,34.0,16.0,,41.0,16.0,40.0,15.0,,15.0,38.0,26.0,,,20,,13.0,,13.0,53.0,20.0,15.0,19.0,10.0,,16,35.0,15.0,24.0,28.0,21.0,21.0,53.0,,16,19.0,,7.0,33.0,15.0,56.0,41.0,18.0,30.0,,,9.0,8.0,,,41.0,37.0,32.0,21.0,38.0,33.0,18.0,22.0,55.0,33.0,15.0,27.0,,31.0,,14.0,26.0,39.0,38.0,23.0,40.0,23.0,32.0,37.0,16.0,20.0,53.0,26.0,26.0,17.0,,51.0,46.0,17.0,18.0,36.0,0.0,40.0,,21.0,7.0,,51.0,,35.0,19.0,25.0,23.0,38.0,23.0,51.0,54.0,23.0,13.0,55.0,53.0,15.0,24.0,38.0,12.0,47.0,31.0,45.0,11.0,24.0,,,24.0,32.0,55.0,22.0,14.0,13.0,32.0,28.0,,22.0,27.0,29.0,26.0,28.0,16.0,18.0,49.0,10.0,13.0,39.0,17.0,20.0,,26.0,44.0,,20,,15.0,4.0,44.0,20.0,31.0,,14.0,28.0,31.0,22.0,50.0,52.0,42.0,43.0,8.0,30.0,5.0,3.0,31.0,20.0,40.0,35.0,0.0,,48.0,16.0,,31.0,50.0,20.0,,9.0,30.0,39.0,38.0,23.0,12.0,50.0,36.0,33.0,5.0,3.0,52.0,20.0,16.0,28.0,,46.0,20.0,16.0,20.0,31.0,18.0,18.0,27.0,13.0,,54.0,27.0,52.0,19.0,38.0,25.0,,,,55.0,27.0,,14.0,51.0,0.0,,55.0,33.0,,29.0,8.0,16,,9.0,32,24.0,,36.0,41.0,21.0,3.0,9.0,,7.0,,33.0,18.0,16.0,,34.0,26.0,44.0,46.0,56.0,,22.0,36.0,18.0,14.0,,44.0,17.0,39.0,30.0,53.0,38.0,,,40.0,,25.0,33.0,46.0,22.0,,19.0,17.0,40.0,,5.0,11.0,37.0,30.0,38.0,26.0,,36.0,26.0,25.0,47.0,24.0,,37.0,22.0,43.0,34.0,,37.0,13.0,28.0,42.0,33.0,8.0,16.0,6.0,12.0,44.0,15.0,50.0,,36.0,,20.0,,9.0,11.0,,56.0,15.0,48.0,,19.0,37.0,35.0,30.0,8.0,51.0,,20.0,6.0,58.0,43.0,8.0,21.0,20.0,30.0,53.0,,55.0,26.0,53.0,0.0,32.0,25.0,,,17.0,14.0,24.0,16.0,30.0,23.0,,44.0,55.0,8.0,21.0,18.0,,,40.0,8.0,56.0,17.0,36.0,26.0,32.0,26.0,,20.0,20.0,,12.0,18.0,14.0,,9.0,19.0,12.0,27.0,53.0,47.0,9.0,29.0,4.0,51.0,,19.0,33.0,,,,,51.0,43.0,,35.0,30.0,12.0,15.0,32.0,29.0,4.0,,40.0,40.0,27.0,24.0,13.0,34.0,37.0,10.0,16.0,17.0,19.0,42.0,46.0,15.0,35.0,40.0,26.0,42.0,45.0,33.0,22.0,21.0,,18.0,26.0,25.0,11.0,49.0,31.0,17.0,6.0,52.0,,,40.0,29.0,11.0,38.0,12.0,,14.0,16.0,23.0,11.0,19.0,16.0,,0.0,20.0,13.0,22.0,42.0,24.0,8.0,11.0,21.0,27.0,14.0,32.0,14.0,19.0,54.0,18.0,29.0,,15.0,35.0,,40.0,10.0,18.0,29.0,46.0,,49.0,4.0,9.0,48.0,55.0,54.0,15.0,11.0,53.0,16.0,12.0,15.0,,,27.0,49.0,17.0,5.0,23.0,29.0,24.0,19.0,,25.0,39.0,,14.0,,23.0,10.0,21.0,20.0,38.0,,41.0,17.0,42.0,7.0,20.0,25.0,13.0,,17.0,47.0,,40.0,,9.0,13.0,12.0,22.0,10.0,34.0,,44.0,42.0,,54.0,52.0,11.0,28.0,29.0,39.0,54.0,30.0,24.0,25.0,,19.0,28.0,36.0,,34.0,33.0,,20.0,,,18.0,39.0,34.0,36.0,27.0,38.0,39.0,,40.0,22.0,14.0,,33.0,34.0,,38.0,27.0,39.0,46.0,,,14.0,34.0,37.0,34.0,24.0,44.0,8.0,,21.0,25.0,30.0,,13.0,,46.0,,,,46.0,15.0,35.0,18.0,17.0,23.0,,32.0,15.0,28.0,11.0,42.0,9.0,22.0,19.0,32.0,53.0,46.0,,26.0,50.0,,,3.0,21.0,,47.0,55.0,58.0,,18.0,36.0,7.0,58.0,,,,23.0,16.0,30.0,26.0,39.0,24.0,7.0,,,55.0,,22.0,38.0,,41.0,,27.0,35.0,36.0,28.0,,10.0,10.0,,53.0,31.0,29.0,32.0,,41.0,,,41.0,23.0,51.0,0.0,33.0,,4.0,14.0,29.0,21.0,,22.0,35.0,21.0,37.0,,9.0,25.0,,24.0,55.0,,41.0,18.0,37.0,20.0,33.0,48.0,18.0,,8.0,18.0,25.0,,,,13.0,15.0,46.0,42.0,28.0,,26.0,,29.0,9.0,55.0,33.0,56.0,36.0,28.0,6.0,22.0,,24.0,14.0,25.0,45.0,,38.0,53.0,52.0,24.0,36.0,42.0,,20.0,,,0.0,12.0,,,15.0,18.0,24.0,22.0,18.0,0.0,34.0,18.0,26.0,51.0,49.0,38.0,29.0,38.0,22.0,,24.0,24.0,22.0,30.0,45.0,,,,,43.0,,45.0,,28.0,,26.0,41.0,27.0,28.0,43.0,,,34.0,43.0,12.0,14.0,,35.0,8.0,36.0,13.0,,,,34.0,16.0,18.0,8.0,40.0,19.0,11.0,11.0,44.0,41.0,27.0,19.0,,,,,17.0,12.0,4.0,,,22.0,,,52.0,30.0,24.0,25.0,45.0,,,54.0,36.0,0.0,44.0,24.0,21.0,,44.0,18.0,39.0,18.0,45.0,38.0,39.0,20.0,40.0,40.0,16.0,42.0,30.0,40.0,30.0,46.0,23.0,27.0,25.0,33.0,,,0.0,13.0,18.0,11.0,12.0,3.0,,43.0,,51.0,18.0,16.0,7.0,35.0,25.0,,9.0,54.0,12.0,14.0,8.0,13.0,,,37.0,,,20.0,58.0,,54.0,23.0,,13.0,,,,8.0,25.0,,6.0,21.0,37.0,8.0,40.0,24.0,32.0,41.0,53.0,,,,19.0,28.0,44.0,29.0,19.0,11.0,,17.0,29.0,43.0,,20.0,18.0,47.0,7.0,14.0,10.0,49.0,23.0,15.0,36.0,49.0,,17.0,,16.0,27.0,7.0,31.0,7.0,,24.0,41.0,51.0,4.0,39.0,27.0,57.0,22.0,,21.0,23.0,8.0,20.0,,,,39.0,19.0,37.0,14.0,,17.0,,36.0,,40.0,,,,28.0,46.0,8.0,,,,,,35.0,53.0,,,,37.0,,38.0,,20.0,12.0,,42.0,7.0,27.0,33.0,50.0,19.0,22.0,24.0,14.0,57.0,22.0,27.0,,30.0,30.0,27.0,,,28.0,,27.0,,10.0,54.0,19.0,56.0,25.0,11.0,,45.0,,,23.0,,37.0,19.0,58.0,17.0,28.0,30.0,9.0,,0.0,,12.0,36.0,46.0,51.0,57.0,24.0,23.0,,13.0,,50.0,54.0,,,,,,26.0,57.0,33.0,,46.0,58.0,34.0,,35.0,15.0,40.0,40.0,33.0,,22.0,57.0,10.0,41.0,28.0,19.0,45.0,37.0,16.0,,,,21.0,,13.0,9.0,16.0,9.0,,,,32.0,44.0,,14.0,27.0,9.0,,44.0,49.0,,40.0,45.0,55.0,10.0,15.0,,17.0,,22.0,25.0,35.0,54.0,24.0,,19.0,,,27.0,40.0,,58.0,,44.0,42.0,19.0,16.0,33.0,28.0,,26.0,1.0,4.0,30.0,18.0,,52.0,,32.0,37.0,,20.0,50.0,,,26.0,53.0,20.0,46.0,51.0,,13.0,,10.0,52.0,53.0,30.0,32.0,22.0,23.0,,0.0,43.0,,22.0,37.0,42.0,5.0,32.0,43.0,47.0,24.0,26.0,,,58.0,,9.0,29.0,,14.0,,42.0,,8.0,15.0,30.0,19.0,,,,46.0,8.0,33.0,50.0,31.0,36.0,21.0,40.0,13.0,27.0,15.0,,,38.0,25.0,39.0,7.0,,,30.0,53.0,9.0,45.0,31.0,,,31.0,,,40.0,,,,34.0,26.0,54.0,31.0,41.0,12.0,9.0,33.0,37.0,38.0,,21.0,8.0,39.0,23.0,27.0,,,29.0,,49.0,,,,24.0,18.0,23.0,39.0,10.0,,3.0,50.0,,,8.0,12.0,14.0,24.0,55.0,12.0,,50.0,41.0,18.0,,23.0,,27.0,27.0,50.0,16.0,31.0,47.0,10.0,,1.0,7.0,15.0,,21.0,,23.0,6.0,21.0,,28.0,11.0,31.0,24.0,53.0,10.0,30.0,43.0,,19.0,20.0,,28.0,,24.0,30.0,37.0,5.0,21.0,18.0,22.0,15.0,18.0,14.0,13.0,13.0,19.0,14.0,16.0,0.0,29.0,,18.0,31.0,,22.0,38.0,23.0,53.0,41.0,26.0,36.0,,21.0,20.0,120,3,2.3975741239892185,18.045259238040675,-0.33296946743214145
7,6,9,8,8,7,8,12,7,13,11,10,4,6,11,10,3,5,19,30,9,16,12,8,11,12,8,9,10,6,11,14,13,14,15,7,23,18,15,21,22,41.0,8,20,9,11,23,5,6,11,13,15,12,9,16,19,14,13,7,9,14,18,24,8,19.0,10,11,19,15,12,22,18,13,13,9,14,20,11,13,7,20,14,14,10,14,16,8,14,23,15,12,21,14,0,32,19,13,14,20,21,13,17,16,10,8,15,15,15,11,9,16,44.0,5,15,8.0,16,17,16,15,11,10,17,17,15,11,0,16,22.0,26,0,12,22,26.0,9,10,7.0,15,34,28,10,16,16,19,11,36.0,11.0,12,24.0,14,16,11,15,23.0,9,22,12,21,52.0,18,15,19,0,8,21,17,20.0,20,18,13,16,15,22.0,10,29,23,36,17,24.0,16,33.0,29,16,13,17,19,33.0,18.0,21,21,,9.0,15,21,9,16,22,16,12,22.0,15,22,21.0,18,14,21,28,8.0,17,7,0,14,14.0,30,22,19,17,14,14,12,27.0,23.0,18,18,16,53.0,23,21,16,29.0,20,29.0,30.0,19,13,44.0,22,25,18,19.0,26.0,18,24,9,30,14,42.0,21,17,28,18,19,23,25.0,35.0,12,37.0,31.0,22.0,39.0,16,13.0,20,23,22,22.0,26.0,33.0,11.0,27.0,12,22.0,17.0,,13,32,19.0,25,18,10,31.0,31.0,,13,0.0,22,17,20.0,29.0,13,26.0,11.0,7,17,8.0,16,27.0,11.0,23.0,42,17,33.0,30,54,23,17,28,17,22,23,20,20,35,10,35.0,12.0,27,21,10,23.0,19.0,45,21,23,,11,25.0,19,2,25,14,18,29.0,11,29.0,15,22,17.0,10,22,19,,23.0,22,42.0,19.0,34.0,12.0,17.0,14,26.0,62,20,16,22.0,20,53.0,6.0,18,58.0,16.0,16.0,15,,17,23,31,21,11,18,30,29.0,16,45.0,31,22,17,43.0,16,,19,,12,21.0,21,14,22.0,32,,13,38.0,0.0,27,27,38.0,40.0,11.0,26.0,12.0,20,19.0,23.0,20,0.0,26,10,10.0,27.0,23,29.0,9,28.0,2.0,28,32,32,33.0,19,19.0,35.0,18,25.0,13,17.0,23,10,16,26.0,35.0,31,17,18,,11.0,46,13,20.0,31,26.0,22.0,57.0,38.0,15.0,32.0,0.0,21.0,49.0,20.0,21,15,33.0,46.0,40.0,18.0,16.0,8.0,17.0,18.0,31,29,13.0,20.0,16,15.0,17.0,,41.0,23.0,24.0,15,16,46.0,29.0,25.0,16.0,27,24.0,13.0,24.0,32,19,18,,23.0,3.0,15.0,34,13,,18.0,24,22.0,44.0,31,17.0,29.0,49.0,54,11.0,27,6.0,33.0,15.0,15,30.0,21,15.0,27,17,28.0,41.0,,,38,23,34,29.0,14,14.0,13,28,40.0,11,18,37.0,16.0,8,12,4.0,22.0,28.0,,18.0,12.0,12,47.0,33,8,31.0,58.0,44.0,12.0,22.0,51.0,20,50,15.0,14.0,28.0,30.0,10.0,19.0,26,16.0,18,36.0,35.0,21.0,37.0,21,8.0,32,47.0,18.0,19.0,25,19.0,,26.0,31,33,38.0,,34.0,35.0,0.0,22.0,28.0,0.0,20.0,,33.0,,24,24,36.0,25.0,27.0,25,33,11,38,21.0,45.0,11,12,58.0,49.0,18,27.0,46.0,27.0,29,,37.0,,4,47.0,,39.0,52.0,28.0,34.0,26,20.0,9,0.0,15,12,12,26.0,21.0,24.0,,46.0,54.0,7.0,18.0,28.0,60.0,19.0,21,43.0,14.0,25,38.0,46.0,17.0,7.0,27,19.0,,13.0,15,20,0.0,44,18.0,20.0,31.0,,14,12.0,25,19,19.0,30,27.0,19,34.0,,29.0,16,44,,13.0,31,,21,26.0,18,38.0,15.0,,,,13.0,42,26.0,32.0,,34.0,,26.0,19.0,22,16,24.0,28,24,21,28.0,51.0,45.0,20.0,19.0,26.0,14,29.0,30.0,24.0,17,28.0,,27.0,45.0,18.0,13,49.0,20.0,19.0,59.0,26.0,14.0,31.0,34,52.0,57.0,28.0,55.0,54.0,32.0,44.0,32,35.0,22.0,22.0,25.0,30,18,8.0,46.0,23,31.0,12.0,29.0,21,18.0,40.0,17.0,26.0,15,9.0,22.0,23.0,11.0,45.0,16.0,5.0,17.0,42.0,25,22,,14.0,26.0,19.0,22.0,17.0,11.0,,47.0,30.0,13,33,47.0,14,31.0,27.0,53.0,17.0,24,22,43.0,29.0,22.0,21.0,13.0,24.0,,,10.0,32,0.0,34.0,31.0,48.0,30.0,13.0,16,26.0,26.0,22.0,17,,20.0,26.0,37.0,36.0,15.0,36,,47,26.0,18.0,17.0,41.0,21.0,30.0,25.0,20.0,23.0,37.0,,,27.0,,13.0,26.0,43.0,24.0,11.0,10.0,30.0,27,24.0,26.0,22,36.0,,27,25.0,18.0,18.0,33,22,31,34.0,27.0,40.0,10.0,33.0,23.0,31.0,29.0,57.0,17,24.0,25,11.0,10,27,17.0,36,20.0,17.0,23.0,23.0,9,37.0,24.0,25.0,20.0,20.0,41.0,10,,13,24.0,23.0,47.0,46,19.0,13,12,35.0,31.0,,23,52.0,,19,61.0,62.0,61.0,16.0,34.0,52.0,,29.0,29,36.0,23.0,24.0,,32.0,37.0,16.0,2.0,22,31.0,19,31.0,19.0,9.0,42.0,35,25,33.0,24.0,26.0,37.0,19.0,50.0,25.0,25.0,32.0,22,30.0,18.0,30,24,35.0,15.0,25,24.0,44.0,12,57.0,26,17,33,35.0,22.0,13.0,14.0,46.0,52.0,16.0,41.0,42.0,49.0,41.0,62.0,25.0,25.0,21.0,24.0,29.0,19.0,22.0,37.0,53.0,20.0,58.0,29.0,,30.0,19.0,23.0,38.0,42.0,21.0,14.0,31.0,12.0,13.0,18.0,28.0,24.0,32.0,41.0,42.0,25.0,17.0,22.0,,20.0,15.0,45.0,26,12.0,37.0,12.0,24,14.0,23.0,24.0,15.0,30.0,52.0,48.0,14.0,26.0,22.0,15.0,25.0,27.0,23.0,42.0,9.0,16.0,35.0,7.0,17.0,33.0,22.0,,24.0,36.0,36.0,28.0,60.0,8,21.0,28.0,29.0,22,13.0,25.0,28.0,15.0,40.0,16.0,40.0,,53.0,19,2.0,41.0,,40.0,29.0,39.0,22,17,38.0,28.0,32.0,54.0,22.0,32.0,22,10,38.0,44.0,,20.0,50.0,32.0,,32.0,56.0,48.0,11.0,25.0,11.0,37.0,34.0,37.0,15,17.0,30.0,13.0,23.0,18.0,13,49.0,32,18.0,30,27.0,28.0,21.0,,22.0,45.0,43.0,23.0,16.0,19.0,25.0,34.0,37,46.0,5.0,28.0,,,12,17.0,41.0,26.0,9.0,10.0,50.0,,31.0,54.0,33,21,,,,26.0,34.0,46.0,30.0,23.0,24,11.0,,56.0,10.0,36.0,44.0,40.0,44.0,24,17.0,50.0,34.0,26,20,16.0,42.0,39.0,45.0,38.0,22.0,36.0,49.0,28.0,52.0,22.0,27.0,35.0,45.0,38.0,9,21.0,57.0,37.0,19.0,22.0,19,33.0,12.0,22,,40.0,63.0,41.0,23.0,34.0,36.0,51.0,18.0,21.0,9.0,30,27.0,29.0,34.0,19.0,24,31.0,,,15.0,15.0,33.0,35.0,36.0,10.0,19.0,15.0,14.0,37.0,22,25,18.0,14.0,20.0,22.0,,22,44,46.0,,39.0,28.0,21.0,43.0,34.0,20.0,29.0,37.0,40.0,,9.0,,34.0,28,26,37.0,13.0,36.0,11.0,46.0,25,,7.0,15.0,31.0,53.0,33.0,31.0,44.0,35.0,9.0,9.0,46.0,42.0,23.0,35.0,22,29.0,31.0,23,24.0,,45.0,,43.0,24.0,14.0,55.0,28.0,63.0,34.0,16.0,10.0,45.0,18.0,29.0,29.0,37.0,35.0,50.0,19.0,,,,55.0,38.0,25.0,23.0,23.0,,36.0,56.0,10.0,42.0,8.0,38.0,31.0,36.0,10.0,35.0,18.0,25.0,,43.0,27.0,25.0,,,32.0,55.0,26.0,,18.0,,24.0,31.0,25.0,19.0,29.0,18.0,,21,24.0,13.0,38.0,52.0,,24.0,19.0,,32.0,59.0,19.0,32.0,35.0,26.0,27.0,52.0,39.0,16.0,60.0,30.0,,12.0,25.0,17.0,38.0,37.0,37.0,23.0,37.0,33.0,35.0,49.0,33.0,42.0,28.0,13.0,,63.0,15.0,42.0,31.0,,46.0,29.0,15.0,41.0,16,40.0,36.0,20.0,18.0,28.0,26.0,20.0,44.0,40.0,34,29.0,,,23.0,,50.0,44.0,27.0,26.0,35.0,23.0,59.0,29.0,0.0,15.0,,15,36.0,26.0,60.0,24.0,8.0,,21.0,25.0,19.0,32.0,18.0,32.0,26.0,12.0,30.0,26.0,,,42.0,11.0,62.0,49.0,31.0,29.0,53,12,15.0,27.0,,19.0,17.0,37.0,24.0,24.0,32.0,45.0,,33.0,,32.0,36.0,,26.0,,0.0,33.0,63.0,15.0,29.0,,55.0,41.0,,21.0,31.0,40.0,24.0,31.0,26.0,49.0,23.0,39.0,24.0,23.0,50.0,10.0,18.0,33.0,50.0,16.0,21.0,28.0,47.0,22.0,15,26.0,53.0,38.0,23.0,21,18.0,35.0,28.0,37.0,7.0,28.0,16.0,22.0,22,,29.0,26.0,26.0,44.0,15.0,1.0,24,32.0,17.0,28.0,46.0,5,,19.0,7.0,40.0,35.0,19.0,45.0,46.0,15.0,35.0,7.0,,47.0,41.0,,25.0,,56.0,42.0,40.0,29.0,37.0,17.0,38.0,24,20.0,18.0,25.0,37.0,,19.0,,26.0,13.0,53.0,27.0,21.0,27.0,54,13.0,22.0,23.0,,17.0,23.0,22.0,35.0,36.0,19.0,25.0,32.0,27.0,30.0,41.0,49.0,26.0,36.0,22.0,,34.0,44.0,22.0,0.0,10.0,,34.0,,,11.0,25.0,58.0,32.0,,14.0,39.0,30.0,37.0,,28.0,42.0,26.0,19.0,20.0,19.0,25.0,,40.0,,33.0,37.0,52.0,28.0,36.0,,21.0,,,45.0,,37.0,61.0,26.0,50.0,43.0,20.0,46.0,46.0,,23,,,24.0,19.0,49.0,,43.0,0.0,33.0,28.0,49.0,44.0,,14.0,29.0,35.0,25.0,50.0,30.0,51.0,11.0,31.0,39.0,25.0,21.0,63.0,18.0,22.0,59.0,24.0,50.0,38.0,,23.0,8.0,38.0,39.0,27.0,24.0,24.0,19.0,13.0,,51.0,21.0,23.0,17.0,,40.0,59.0,25.0,,42.0,49.0,19.0,31.0,23.0,11.0,30.0,32.0,,,22.0,29.0,34.0,27.0,28.0,27.0,46.0,48.0,,0.0,62.0,23.0,20.0,12.0,32.0,19.0,35.0,51.0,48.0,23.0,44.0,49.0,12.0,34.0,30.0,53.0,,42.0,,31.0,32.0,31.0,47.0,61.0,,22.0,,16.0,16.0,55.0,14.0,,49.0,16.0,51.0,17.0,58.0,27.0,62.0,28.0,18.0,0.0,14.0,49.0,36.0,40.0,34.0,33.0,19.0,15.0,,57.0,38.0,,41.0,36.0,26,37.0,28.0,10.0,20.0,17.0,20.0,43.0,22.0,31.0,21.0,33,,24.0,22.0,22.0,51.0,37.0,53.0,43.0,24,63.0,38.0,55.0,10.0,,26.0,33.0,55.0,25.0,63.0,,29.0,32.0,,62.0,,9.0,36.0,31.0,63.0,54.0,47.0,24.0,25.0,20.0,25.0,47.0,37.0,17.0,30.0,35.0,34.0,63.0,61.0,15.0,26.0,15.0,48.0,,21.0,24.0,15.0,30.0,,,0.0,50.0,,18.0,37.0,24.0,27.0,,54.0,26.0,41.0,,26.0,21.0,,30.0,37.0,50.0,8.0,,18.0,9.0,18.0,9.0,25.0,30.0,18.0,21.0,22.0,,24.0,,,,49.0,34.0,55.0,30.0,,13.0,,24.0,,,42.0,35.0,28.0,26.0,,18.0,38.0,45.0,52.0,28.0,39.0,8.0,15.0,37.0,,63.0,33.0,50.0,35.0,33,11.0,47.0,,42.0,39.0,49.0,24.0,46.0,,29.0,40.0,5.0,39.0,,49.0,55.0,21.0,20.0,41.0,14.0,45.0,19.0,34.0,35.0,33.0,20.0,62.0,18.0,51.0,20.0,8.0,48.0,39.0,28.0,23.0,40.0,,14.0,18.0,,30.0,21.0,56.0,,38.0,31.0,20.0,,25.0,61.0,26.0,50.0,18.0,41.0,,12.0,12.0,,43.0,48.0,50.0,45.0,19.0,36.0,0.0,,,38.0,17.0,,42.0,,38.0,35.0,15.0,15.0,,,0.0,14,52.0,23.0,38,20.0,,,47.0,44.0,9.0,39.0,16.0,16.0,21.0,21.0,22.0,12.0,14.0,,,29.0,34.0,61.0,56.0,25.0,34.0,44.0,30.0,28.0,35.0,28.0,,30.0,46.0,37.0,34.0,18.0,27.0,,19.0,37.0,45.0,47.0,28.0,43.0,11.0,57.0,,,0.0,,28.0,11.0,27.0,,,28.0,30.0,54.0,38.0,12.0,29.0,32.0,15.0,26.0,24.0,36.0,35.0,7.0,39.0,20.0,34.0,38.0,49.0,,47.0,60.0,,39.0,,12.0,35.0,19.0,47.0,32.0,29.0,26.0,17.0,49.0,22.0,,,24.0,48.0,,58.0,,25.0,7.0,,47.0,,40.0,,24.0,40.0,50.0,32.0,,41.0,58.0,7.0,33.0,14.0,,52.0,32.0,46.0,48.0,31.0,62.0,,41.0,50.0,50.0,41.0,51.0,33.0,36.0,45.0,29.0,34.0,13.0,,46.0,36.0,43.0,54.0,23.0,,29.0,32.0,19.0,49.0,36.0,45.0,28.0,38.0,62.0,7.0,16.0,27.0,17.0,51.0,13.0,43.0,20.0,33.0,32.0,33.0,22.0,33.0,,23.0,43.0,30.0,42.0,8.0,17.0,45.0,,28.0,48.0,29.0,60.0,44.0,17.0,47.0,,47.0,16.0,36.0,44.0,29.0,,49.0,62.0,51.0,31.0,23.0,37.0,36.0,36.0,34.0,44.0,,34.0,53.0,26.0,,23.0,21.0,56.0,11.0,51.0,,15.0,27.0,16.0,30.0,41.0,28.0,21.0,59.0,61.0,28.0,41.0,45.0,30.0,,,44.0,27.0,52.0,38.0,,19.0,33.0,21.0,29.0,46.0,37.0,0.0,,29.0,11.0,24.0,34.0,30.0,14.0,18.0,29.0,36.0,20.0,41.0,24.0,28.0,31.0,28.0,26.0,10.0,27.0,33.0,41.0,32.0,,31.0,56.0,,61.0,,,33.0,50.0,10.0,,47.0,55.0,17.0,49.0,23.0,29.0,32.0,28.0,51.0,43.0,14.0,25.0,,,24.0,,34.0,27.0,32.0,47.0,,,,31.0,,32.0,61.0,,45.0,,17.0,32.0,28.0,,52.0,,17.0,,45.0,17.0,30.0,59.0,54.0,25.0,22.0,25.0,,15.0,22.0,34.0,27.0,36.0,,26.0,53.0,,44.0,,53.0,42.0,29.0,29.0,,53.0,54.0,18.0,,20.0,16.0,,61.0,44.0,,40.0,40.0,60.0,57.0,34.0,,33.0,37.0,21.0,,21.0,40.0,32.0,50.0,17.0,,18.0,24.0,1.0,49.0,57.0,,36.0,,20.0,,11.0,29.0,17.0,19.0,32.0,38.0,27.0,34.0,10.0,27.0,23.0,44.0,,44.0,19.0,63.0,35.0,27.0,55.0,11.0,12.0,,36.0,,55.0,,38.0,,48.0,35.0,34.0,,,,47.0,36.0,,18.0,29.0,35.0,14.0,23.0,,,,27.0,13.0,45.0,24.0,13.0,54.0,0.0,38.0,15.0,28.0,,,51.0,25.0,47.0,52.0,29.0,22.0,0.0,38.0,24.0,25.0,56.0,,59.0,,38.0,14.0,,,17.0,,17.0,45.0,15.0,52.0,12.0,27.0,35.0,7.0,,28.0,12.0,,60.0,5.0,25.0,36.0,,21.0,,36.0,11.0,37.0,42.0,7.0,,32.0,20.0,25.0,,52.0,49.0,,24.0,52.0,13.0,58.0,58.0,38.0,17.0,50.0,,25.0,24.0,,17.0,63.0,9.0,55.0,2.0,13.0,32.0,20.0,,,20.0,50.0,56.0,18.0,36.0,17.0,60.0,14.0,32.0,,37.0,23.0,35.0,31.0,61.0,47.0,44.0,43.0,45.0,,,18.0,25.0,,21.0,13.0,59.0,55.0,43.0,14.0,22.0,,,48.0,,,52.0,40.0,33.0,43.0,,18.0,43.0,21.0,40.0,36.0,54.0,47.0,,37.0,11.0,,,48.0,46.0,,22.0,38.0,48.0,0.0,,59.0,,,23.0,10.0,,,44.0,,35.0,37.0,12.0,13.0,,23.0,26.0,57.0,,41.0,,40.0,12.0,30.0,,58.0,,60.0,,,38.0,42.0,0.0,45.0,36.0,51.0,,,,,,,45.0,,25.0,42.0,,9.0,24.0,,,55.0,18.0,28.0,,19.0,,60.0,,,,33.0,30.0,,,,44.0,,25.0,,,28.0,,44.0,35.0,48.0,17.0,,12.0,43.0,13.0,22.0,46.0,,27.0,34.0,59.0,43.0,,21.0,63.0,62.0,28.0,29.0,,20.0,8.0,52.0,47.0,20.0,,31.0,,,63.0,26.0,17.0,54.0,13.0,63.0,,,32.0,33.0,20.0,26.0,8.0,34.0,17.0,34.0,43.0,22.0,34.0,34.0,14.0,41.0,22.0,31.0,31.0,54.0,11.0,,8.0,,,54.0,32.0,57.0,60.0,25.0,,55.0,22.0,41.0,52.0,56.0,60.0,45.0,13.0,45.0,7.0,37.0,,20.0,15.0,23.0,36.0,,51.0,21.0,23.0,,11.0,47.0,24.0,14.0,33.0,,23.0,,,9.0,,43.0,25.0,47.0,15.0,54.0,,,,,59.0,44.0,50.0,8.0,,,35.0,,18.0,32.0,,29.0,61.0,,,36.0,39.0,14.0,39.0,36.0,32.0,29.0,22.0,45.0,,32.0,45.0,49.0,,48.0,,17.0,23.0,49.0,29.0,45.0,41.0,49.0,,34.0,44.0,16.0,39.0,44.0,17.0,38.0,28.0,19.0,61.0,45.0,31.0,40.0,28.0,58.0,35.0,23.0,18.0,22.0,,24.0,30.0,49.0,,,40.0,28.0,59.0,25.0,45.0,21.0,46.0,33.0,,28.0,37.0,,,,40.0,20.0,39.0,32.0,,17.0,30.0,27.0,25.0,47.0,46.0,55.0,22.0,53.0,27.0,,,55.0,,,22.0,25.0,35.0,34.0,54.0,62.0,28.0,,52.0,,42.0,32.0,29.0,47.0,16.0,14.0,,40.0,42.0,61.0,,41.0,44.0,,,,26.0,47.0,28.0,,25.0,,28.0,,31.0,41.0,24.0,,,,19.0,32.0,26.0,18.0,57.0,47.0,12.0,43.0,45.0,,59.0,14.0,33.0,27.0,24.0,42.0,,35.0,21.0,,28.0,29.0,44.0,26.0,16.0,38.0,,18.0,32.0,7.0,19.0,,,18.0,58.0,16.0,48.0,,24.0,57.0,19.0,39.0,,,58.0,58.0,52.0,50.0,46.0,22.0,,47.0,20.0,22.0,,33.0,,43.0,36.0,,46.0,,,,12.0,,29.0,45.0,47.0,,46.0,25.0,6.0,38.0,21.0,27.0,25.0,14.0,26.0,54.0,62.0,55.0,9.0,,42.0,27.0,,,5.0,29.0,51.0,,32.0,45.0,,45.0,39.0,37.0,20.0,53.0,,55.0,40.0,37.0,58.0,21.0,10.0,,,,,28.0,37.0,52.0,,,39.0,,15.0,13.0,21.0,,36.0,25.0,57.0,,,32.0,18.0,25.0,45.0,,,,19.0,45.0,24.0,23.0,59.0,27.0,,34.0,41.0,27.0,,21.0,,,22.0,24.0,13.0,41.0,28.0,,23.0,,23.0,63.0,28.0,,57.0,22.0,19.0,,39.0,29.0,28.0,,0.0,27.0,52.0,,48.0,24.0,20.0,,36.0,17.0,44.0,,36.0,18.0,,15.0,,48.0,14.0,44.0,37.0,63.0,24.0,49.0,40.0,,59.0,,,44.0,37.0,19.0,43.0,36.0,,,49.0,39.0,32.0,45.0,,,34.0,121,3,2.3997308209959622,18.588774341351662,-0.3366716994818907
2,1,0,3,1,3,3,4,7,2,6,5,10,2,5,0,2,5,6,11,7,9,8,9,7,9,5,3,6,9,9,6,3,3,11,9,22,7,11,10,12,12.0,8,15,4,7,23,10,6,11,2,9,6,10,20,8,7,5,3,11,3,13,19,9,13.0,10,7,14,8,13,11,4,10,5,8,17,12,19,9,8,14,6,4,12,9,6,5,7,21,19,8,13,20,11,15,10,10,5,8,10,11,7,14,9,12,0,12,12,9,9,2,9.0,13,10,26.0,12,6,11,3,18,9,23,14,11,7,25,10,21.0,3,10,0,11,7.0,8,20,11.0,12,19,7,15,17,19,15,3,9.0,30.0,6,28.0,8,20,6,8,26.0,10,22,15,14,24.0,9,23,11,11,8,12,15,10.0,21,22,13,19,7,29.0,11,14,14,22,21,24.0,14,7.0,8,13,4,8,16,19.0,22.0,11,15,46.0,27.0,14,30,10,11,16,7,2,6.0,24,13,46.0,9,19,12,10,44.0,0,2,10,11,38.0,9,15,8,13,13,22,9,11.0,3.0,7,8,30,27.0,16,14,26,35.0,42,19.0,11.0,26,32,9.0,41,21,25,1.0,,10,21,12,14,23,4.0,22,12,9,0,20,40,20.0,16.0,27,9.0,42.0,12.0,7.0,22,35.0,4,7,12,18.0,14.0,43.0,,22.0,12,39.0,17.0,17.0,5,14,29.0,15,11,13,14.0,52.0,13.0,18,13.0,26,8,30.0,10.0,19,,24.0,7,16,4.0,7,8.0,33.0,25.0,33,19,15.0,26,11,22,9,13,10,10,24,9,28,43,10,9.0,11.0,24,7,17,11.0,1.0,21,27,21,5.0,15,23.0,39,13,18,6,35,36.0,0,8.0,10,20,26.0,12,12,9,58.0,0.0,29,,10.0,9.0,14.0,38.0,21,17.0,15,13,10,31.0,11,14.0,16.0,3,0.0,24.0,26.0,21,42.0,9,13,50,29,10,25,20,10.0,13,17.0,13,4,17,41.0,20,49.0,22,7.0,11,26.0,49,21,16.0,51,36.0,10,45.0,17.0,15,17,,14.0,6.0,30.0,,24,22.0,29.0,15,,22,19,13.0,17.0,26,13.0,23,8.0,52.0,9,25,2,14.0,13,35.0,42.0,23,10.0,3,36.0,20,11,15,20.0,23.0,8,23,48,,12.0,27,4,24.0,10,22.0,11.0,0.0,10.0,9.0,,32.0,15.0,,18.0,14,10,26.0,4.0,41.0,25.0,18.0,45.0,,4.0,14,18,51.0,41.0,13,55.0,8.0,15.0,23.0,32.0,20.0,10,16,19.0,12.0,4.0,31.0,31,,13.0,26.0,19,3,16,,,29.0,20.0,15,22,23.0,41.0,18,27.0,26.0,26,16.0,41.0,58.0,13,14.0,9,38.0,16.0,18.0,11,25.0,21,,14,13,10.0,9.0,12.0,24.0,5,24,42,6.0,6,22.0,29,27,25.0,14,22,21.0,5.0,23,12,35.0,,22.0,18.0,6.0,8.0,19,30.0,21,12,34.0,1.0,31.0,18.0,55.0,,10,22,5.0,25.0,14.0,38.0,5.0,15.0,4,26.0,37,10.0,11.0,10.0,4.0,28,5.0,15,,25.0,26.0,34,19.0,,38.0,23,16,26.0,21.0,23.0,36.0,33.0,27.0,,,12.0,42.0,,13.0,25,33,,15.0,21.0,29,33,19,43,17.0,23.0,18,10,4.0,37.0,19,32.0,17.0,29.0,22,14.0,15.0,,4,19.0,4.0,19.0,14.0,6.0,47.0,28,,16,22.0,15,22,17,,34.0,10.0,8.0,27.0,,,32.0,10.0,34.0,25.0,17,59.0,,19,20.0,27.0,30.0,4.0,13,56.0,14.0,31.0,13,4,37.0,36,24.0,4.0,9.0,31.0,18,39.0,16,6,,0,48.0,11,30.0,50.0,0.0,22,10,,8.0,21,30.0,14,13.0,15,,,45.0,29.0,31.0,52.0,34,28.0,43.0,,18.0,57.0,21.0,24.0,26,12,15.0,21,36,26,14.0,6.0,33.0,55.0,,48.0,32,29.0,29.0,36.0,12,27.0,20.0,,48.0,10.0,20,22.0,2.0,23.0,,41.0,45.0,29.0,20,16.0,43.0,36.0,15.0,,25.0,32.0,30,34.0,31.0,25.0,7.0,18,13,39.0,13.0,18,13.0,52.0,7.0,10,4.0,2.0,12.0,19.0,8,14.0,30.0,5.0,32.0,45.0,11.0,37.0,45.0,24.0,21,16,36.0,15.0,22.0,14.0,52.0,9.0,24.0,36.0,29.0,46.0,50,27,53.0,14,22.0,,14.0,1.0,17,12,37.0,18.0,41.0,42.0,30.0,,6.0,34.0,15.0,28,45.0,52.0,58.0,0.0,25.0,23.0,18,23.0,23.0,11.0,28,30.0,,23.0,24.0,40.0,18.0,22,29.0,27,27.0,,21.0,,,49.0,18.0,38.0,33.0,21.0,29.0,38.0,39.0,,11.0,,35.0,30.0,,,21.0,25,22.0,15.0,12,30.0,24.0,21,44.0,19.0,13.0,10,18,15,10.0,,22.0,,7.0,37.0,20.0,24.0,47.0,23,13.0,14,25.0,14,24,17.0,16,27.0,,47.0,16.0,23,5.0,13.0,44.0,0.0,33.0,,18,,13,6.0,25.0,8.0,20,41.0,30,10,28.0,11.0,29.0,13,,34.0,14,15.0,28.0,44.0,20.0,21.0,14.0,20.0,17.0,51,10.0,19.0,31.0,52.0,21.0,37.0,22.0,25.0,12,36.0,9,23.0,10.0,,29.0,27,33,3.0,26.0,41.0,38.0,50.0,23.0,28.0,35.0,21.0,22,13.0,2.0,53,33,19.0,51.0,20,25.0,44.0,17,8.0,22,13,41,,0.0,34.0,12.0,6.0,,11.0,37.0,16.0,18.0,16.0,16.0,25.0,19.0,33.0,41.0,40.0,,11.0,12.0,,35.0,27.0,15.0,20.0,,,33.0,16.0,18.0,35.0,30.0,31.0,8.0,26.0,,12.0,42.0,47.0,18.0,46.0,36.0,23.0,22.0,49.0,8.0,12.0,16.0,26,34.0,35.0,24.0,20,20.0,8.0,47.0,34.0,35.0,26.0,51.0,29.0,,28.0,21.0,28.0,38.0,12.0,20.0,,29.0,20.0,21.0,26.0,15.0,11.0,48.0,3.0,28.0,29.0,,26.0,31,16.0,24.0,5.0,15,26.0,6.0,14.0,28.0,57.0,26.0,,33.0,,30,31.0,15.0,43.0,27.0,24.0,,21,31,19.0,7.0,33.0,,53.0,34.0,19,7,33.0,25.0,,40.0,34.0,29.0,,7.0,15.0,32.0,43.0,,58.0,29.0,48.0,16.0,7,24.0,7.0,25.0,24.0,21.0,6,10.0,24,18.0,25,25.0,50.0,31.0,49.0,,29.0,33.0,22.0,16.0,7.0,21.0,32.0,16,8.0,31.0,2.0,28.0,32.0,42,9.0,16.0,25.0,32.0,36.0,29.0,,50.0,17.0,14,19,21.0,26.0,9.0,40.0,35.0,26.0,10.0,12.0,18,,,10.0,0.0,42.0,20.0,,13.0,21,17.0,31.0,26.0,22,7,,45.0,10.0,21.0,9.0,,17.0,,,10.0,42.0,35.0,7.0,23.0,,3,26.0,30.0,35.0,22.0,20.0,9,,51.0,13,,21.0,,33.0,26.0,17.0,1.0,13.0,20.0,38.0,9.0,11,3.0,26.0,28.0,41.0,24,13.0,23.0,11.0,35.0,23.0,11.0,12.0,11.0,17.0,38.0,44.0,13.0,56.0,23,15,34.0,10.0,11.0,16.0,,19,30,32.0,31.0,46.0,,,27.0,47.0,21.0,29.0,35.0,28.0,10.0,12.0,6.0,20.0,15,20,26.0,,20.0,27.0,55.0,14,50.0,,25.0,30.0,11.0,40.0,19.0,59.0,,46.0,10.0,7.0,31.0,10.0,51.0,27,42.0,14.0,40,18.0,,33.0,,12.0,,19.0,24.0,17.0,52.0,32.0,16.0,9.0,,31.0,37.0,30.0,29.0,20.0,44.0,10.0,,0.0,42.0,,47.0,30.0,5.0,30.0,,9.0,31.0,28.0,,49.0,14.0,30.0,,40.0,23.0,25.0,16.0,30.0,41.0,,12.0,,40.0,24.0,19.0,0.0,21.0,38.0,,4.0,24.0,44.0,12.0,7.0,24.0,,46,27.0,11.0,17.0,54.0,14.0,43.0,16.0,56.0,16.0,16.0,7.0,16.0,47.0,21.0,,14.0,44.0,19.0,,9.0,24.0,16.0,37.0,19.0,5.0,22.0,24.0,15.0,31.0,35.0,29.0,30.0,25.0,,44.0,41.0,56.0,,22.0,,15.0,5.0,40.0,19.0,24.0,13.0,27,,45.0,18.0,0.0,51.0,16.0,4.0,42.0,2.0,15,4.0,27.0,39.0,13.0,40.0,23.0,23.0,45.0,6.0,16.0,27.0,41.0,24.0,16.0,16.0,,14,19.0,17.0,,0.0,15.0,6.0,18.0,7.0,33.0,27.0,21.0,,55.0,36.0,15.0,23.0,38.0,,23.0,15.0,48.0,,11.0,8.0,19,24,37.0,27.0,18.0,25.0,10.0,31.0,44.0,7.0,54.0,47.0,13.0,38.0,12.0,43.0,28.0,17.0,20.0,20.0,,13.0,23.0,,18.0,,,17.0,37.0,26.0,25.0,18.0,32.0,,35.0,,55.0,45.0,20.0,32.0,,39.0,,,35.0,24.0,,9.0,,30.0,20,34.0,12.0,19.0,26.0,31,17.0,,28.0,21.0,23.0,41.0,29.0,,32,,29.0,7.0,32.0,41.0,48.0,,41,43.0,,48.0,51.0,14,,14.0,17.0,14.0,31.0,26.0,28.0,15.0,5.0,9.0,18.0,33.0,20.0,21.0,,1.0,16.0,11.0,24.0,40.0,39.0,47.0,34.0,,46,37.0,,14.0,13.0,10.0,,46.0,33.0,32.0,25.0,44.0,40.0,6.0,20,34.0,,21.0,16.0,0.0,,,33.0,,11.0,25.0,19.0,,36.0,30.0,,28.0,,14.0,36.0,34.0,45.0,32.0,47.0,17.0,,34.0,13.0,9.0,17.0,13.0,49.0,17.0,,45.0,,28.0,1.0,48.0,19.0,18.0,0.0,38.0,51.0,32.0,15.0,,,12.0,16.0,57.0,38.0,31.0,47.0,30.0,10.0,44.0,18.0,17.0,,4.0,36.0,0.0,,28.0,,29.0,31.0,8.0,21,38.0,36.0,36.0,17.0,,42.0,34.0,,39.0,20.0,20.0,46.0,24.0,9.0,12.0,5.0,50.0,20.0,24.0,47.0,0.0,,28.0,24.0,39.0,,15.0,20.0,59.0,31.0,,58.0,,39.0,18.0,51.0,11.0,43.0,0.0,28.0,26.0,0.0,49.0,50.0,,24.0,18.0,50.0,40.0,,,15.0,21.0,14.0,30.0,16.0,29.0,,29.0,10.0,13.0,43.0,48.0,38.0,25.0,50.0,18.0,14.0,14.0,56.0,13.0,,17.0,17.0,1.0,29.0,21.0,20.0,18.0,14.0,8.0,,30.0,37.0,,16.0,33.0,,,39.0,29.0,15.0,50.0,49.0,28.0,48.0,27.0,34.0,18.0,,16.0,45.0,27.0,43.0,20.0,14.0,6.0,,19.0,32.0,6.0,18.0,,,20.0,9.0,14.0,41.0,27.0,56.0,17.0,16.0,14.0,,13.0,,47.0,57.0,4,42.0,23.0,37.0,10.0,59.0,18.0,7.0,46.0,28.0,21.0,19,30.0,14.0,8.0,37.0,28.0,,38.0,21.0,14,42.0,25.0,34.0,29.0,7.0,35.0,8.0,,9.0,47.0,31.0,13.0,13.0,,39.0,45.0,12.0,34.0,36.0,25.0,17.0,43.0,36.0,44.0,,28.0,27.0,52.0,40.0,28.0,7.0,30.0,23.0,,55.0,21.0,14.0,22.0,46.0,28.0,21.0,6.0,23.0,20.0,30.0,24.0,54.0,48.0,38.0,54.0,29.0,3.0,,42.0,52.0,17.0,19.0,48.0,19.0,,24.0,36.0,56.0,18.0,,35.0,26.0,36.0,21.0,,12.0,32.0,,25.0,49.0,10.0,,43.0,5.0,35.0,14.0,23.0,,,36.0,21.0,,9.0,23.0,,21.0,41.0,20.0,13.0,30.0,,7.0,,6.0,40.0,16.0,23.0,,43.0,35.0,22.0,47.0,,44,31.0,,,58.0,20.0,23.0,,25.0,,29.0,59.0,51.0,34.0,,,28.0,25.0,29.0,,25.0,32.0,32.0,22.0,,43.0,13.0,,45.0,28.0,45.0,21.0,24.0,,,46.0,13.0,24.0,29.0,35.0,2.0,23.0,59.0,,,11.0,31.0,8.0,30.0,24.0,15.0,,21.0,,15.0,24.0,7.0,41.0,55.0,19.0,10.0,59.0,29.0,52.0,25.0,,,37.0,29.0,27.0,17.0,9.0,30.0,31.0,47.0,,,,15.0,10.0,10,,44.0,5,50.0,35.0,25.0,,32.0,,13.0,24.0,27.0,,34.0,53.0,29.0,44.0,16.0,30.0,38.0,,,26.0,10.0,,34.0,21.0,8.0,47.0,12.0,42.0,,57.0,2.0,24.0,16.0,20.0,38.0,48.0,15.0,23.0,21.0,19.0,15.0,46.0,3.0,33.0,5.0,32.0,10.0,40.0,52.0,28.0,35.0,16.0,28.0,13.0,22.0,,51.0,13.0,31.0,0.0,49.0,57.0,38.0,21.0,27.0,54.0,22.0,,15.0,,34.0,32.0,18.0,,,52.0,17.0,45.0,13.0,16.0,40.0,43.0,31.0,30.0,42.0,6.0,,0.0,20.0,20.0,27.0,24.0,35.0,16.0,46.0,,24.0,30.0,23.0,35.0,12.0,,18.0,16.0,29.0,18.0,,19.0,26.0,58.0,20.0,51.0,59.0,21.0,8.0,32.0,20.0,,26.0,44.0,30.0,20.0,34.0,39.0,,12.0,,15.0,24.0,20.0,11.0,19.0,47.0,13.0,26.0,22.0,30.0,17.0,34.0,57.0,22.0,,29.0,50.0,28.0,32.0,42.0,32.0,20.0,28.0,3.0,25.0,12.0,52.0,23.0,55.0,43.0,,,31.0,31.0,55.0,43.0,37.0,36.0,21.0,57.0,19.0,8.0,,,13.0,58.0,25.0,,18.0,13.0,46.0,46.0,,12.0,22.0,20.0,56.0,46.0,15.0,17.0,,27.0,,22.0,12.0,,7.0,14.0,47.0,14.0,,33.0,11.0,47.0,37.0,,15.0,26.0,48.0,29.0,23.0,23.0,44.0,9.0,11.0,42.0,47.0,,47.0,31.0,55.0,58.0,28.0,37.0,37.0,48.0,44.0,25.0,29.0,,46.0,23.0,50.0,5.0,13.0,59.0,38.0,18.0,37.0,32.0,37.0,22.0,,45.0,48.0,23.0,,27.0,38.0,28.0,18.0,46.0,23.0,53.0,21.0,24.0,31.0,51.0,,32.0,28.0,46.0,24.0,23.0,59.0,52.0,19.0,36.0,3.0,45.0,59.0,41.0,20.0,38.0,0.0,49.0,,15.0,31.0,,43.0,,30.0,,18.0,9.0,7.0,23.0,49.0,18.0,4.0,47.0,13.0,34.0,,26.0,24.0,11.0,20.0,14.0,37.0,47.0,41.0,20.0,32.0,20.0,15.0,40.0,20.0,6.0,,28.0,,27.0,33.0,19.0,27.0,8.0,9.0,9.0,28.0,50.0,,51.0,30.0,,,24.0,33.0,32.0,20.0,14.0,,,53.0,20.0,26.0,10.0,38.0,14.0,21.0,44.0,30.0,,,18.0,50.0,12.0,5.0,9.0,14.0,56.0,45.0,20.0,22.0,9.0,34.0,25.0,,20.0,18.0,59.0,40.0,54.0,19.0,35.0,30.0,37.0,34.0,52.0,41.0,,44.0,10.0,8.0,37.0,25.0,9.0,25.0,12.0,,1.0,27.0,11.0,28.0,,6.0,28.0,34.0,18.0,50.0,41.0,50.0,21.0,21.0,15.0,29.0,18.0,,57.0,58.0,,8.0,,54.0,,25.0,55.0,59.0,21.0,,29.0,,55.0,,31.0,32.0,24.0,49.0,,,14.0,52.0,,18.0,31.0,38.0,18.0,28.0,,47.0,,26.0,37.0,35.0,24.0,59.0,,20.0,59.0,51.0,31.0,,,33.0,11.0,42.0,54.0,4.0,,19.0,18.0,17.0,39.0,51.0,,9.0,,27.0,2.0,51.0,8.0,34.0,21.0,18.0,,31.0,,,53.0,27.0,17.0,,,26.0,12.0,32.0,21.0,35.0,30.0,24.0,37.0,17.0,23.0,47.0,,10.0,50.0,59.0,38.0,33.0,,57.0,,,16.0,,,37.0,17.0,31.0,,3.0,39.0,,47.0,,,,52.0,40.0,33.0,,,26.0,36.0,44.0,6.0,,35.0,58.0,,59.0,11.0,49.0,,,17.0,,,14.0,39.0,11.0,44.0,,,46.0,37.0,23.0,13.0,22.0,,12.0,32.0,10.0,28.0,58.0,,26.0,27.0,33.0,40.0,30.0,31.0,,13.0,,,7.0,,29.0,28.0,20.0,,28.0,,14.0,26.0,,49.0,31.0,18.0,4.0,,,,26.0,22.0,5.0,24.0,38.0,8.0,16.0,59.0,,27.0,31.0,29.0,,,45.0,39.0,36.0,40.0,20.0,46.0,23.0,,27.0,33.0,22.0,,4.0,,16.0,,37.0,,36.0,20.0,,52.0,17.0,46.0,51.0,31.0,33.0,19.0,28.0,41.0,,,,,,9.0,,,33.0,51.0,21.0,,21.0,26.0,26.0,10.0,,35.0,51.0,57.0,43.0,23.0,,,,12.0,,59.0,19.0,,16.0,22.0,26.0,17.0,29.0,10.0,26.0,,12.0,29.0,47.0,,22.0,,50.0,53.0,13.0,27.0,28.0,32.0,51.0,23.0,7.0,30.0,20.0,4.0,6.0,11.0,58.0,19.0,8.0,47.0,44.0,6.0,,9.0,37.0,,59.0,,16.0,30.0,59.0,26.0,13.0,28.0,21.0,22.0,,51.0,16.0,2.0,39.0,46.0,55.0,2.0,38.0,45.0,15.0,33.0,22.0,25.0,44.0,42.0,52.0,24.0,29.0,,22.0,,47.0,17.0,42.0,,22.0,44.0,53.0,,40.0,30.0,,11.0,,9.0,,,,55.0,55.0,33.0,30.0,,27.0,,12.0,45.0,23.0,,13.0,,,26.0,43.0,29.0,56.0,38.0,17.0,52.0,20.0,23.0,41.0,29.0,43.0,16.0,26.0,42.0,6.0,39.0,29.0,45.0,,23.0,,28.0,21.0,24.0,25.0,42.0,23.0,,38.0,41.0,23.0,55.0,34.0,38.0,15.0,17.0,21.0,16.0,20.0,30.0,13.0,2.0,25.0,58.0,,26.0,,7.0,,34.0,21.0,10.0,53.0,,,52.0,49.0,52.0,23.0,26.0,,12.0,19.0,,20.0,,31.0,16.0,3.0,18.0,46.0,14.0,,19.0,41.0,57.0,32.0,33.0,59.0,17.0,,34.0,21.0,31.0,32.0,44.0,13.0,17.0,50.0,18.0,35.0,,57.0,25.0,35.0,32.0,4.0,12.0,14.0,14.0,19.0,30.0,24.0,,,4.0,15.0,,,22.0,9.0,24.0,45.0,10.0,37.0,,7.0,15.0,41.0,20.0,28.0,8.0,52.0,,,38.0,24.0,18.0,9.0,21.0,,52.0,,46.0,7.0,13.0,25.0,37.0,11.0,9.0,23.0,51.0,50.0,52.0,57.0,38.0,55.0,28.0,27.0,41.0,18.0,41.0,50.0,31.0,21.0,39.0,,49.0,16.0,35.0,51.0,,,19.0,,,,31.0,,,0.0,10.0,,28.0,29.0,49.0,27.0,,32.0,51.0,41.0,,35.0,,17.0,56.0,8.0,40.0,49.0,34.0,20.0,18.0,,,,,12.0,18.0,18.0,18.0,4.0,40.0,54.0,45.0,37.0,15.0,15.0,,14.0,14.0,42.0,,32.0,37.0,46.0,39.0,41.0,22.0,,5.0,56.0,23.0,53.0,18.0,45.0,41.0,37.0,,45.0,54.0,,,,,52.0,30.0,30.0,41.0,26.0,59.0,,,42.0,5.0,23.0,46.0,17.0,30.0,13.0,31.0,,,23.0,17.0,57.0,,48.0,12.0,10.0,,,20.0,41.0,43.0,35.0,,44.0,36.0,41.0,34.0,,31.0,10.0,8.0,37.0,,,48.0,44.0,13.0,51.0,,,30.0,,9.0,53.0,46.0,17.0,33.0,28.0,35.0,,35.0,33.0,46.0,,,59.0,33.0,,47.0,6.0,42.0,,,,40.0,57.0,34.0,,,27.0,,,11.0,32.0,34.0,,,30.0,51.0,,40.0,55.0,21.0,16.0,29.0,52.0,12.0,52.0,40.0,55.0,,122,3,2.496542185338866,18.895815295815297,-0.34991672306516214
4,2,3,5,5,3,5,1,6,4,5,6,6,6,1,4,14,5,8,28,8,11,9,7,7,0,2,10,4,5,8,5,4,5,9,6,24,15,13,10,12,17.0,7,13,11,12,8,5,6,25,9,10,10,13,13,6,14,13,5,7,5,13,13,14,18.0,8,12,15,10,6,7,9,5,4,5,7,11,5,4,7,0,9,11,10,8,7,10,11,23,14,10,17,15,6,12,18,15,9,10,12,14,0,11,10,8,11,14,15,10,10,23,24.0,14,16,6.0,7,10,14,12,36,11,24,14,16,11,22,15,5.0,10,12,12,9,6.0,7,12,18.0,4,10,14,12,5,12,7,15,16.0,10.0,19,25.0,9,17,9,5,22.0,15,15,8,12,37.0,14,21,26,10,18,26,22,22.0,18,20,12,9,12,6.0,8,31,16,23,11,17.0,19,22.0,19,12,10,24,18,27.0,53.0,29,17,16.0,46.0,10,14,23,12,20,9,11,37.0,8,25,13.0,14,15,8,16,10.0,9,11,8,11,,12,16,15,18,7,13,12,22.0,36.0,6,21,9,6.0,20,19,14,16.0,12,50.0,23.0,18,19,55.0,3,15,9,10.0,19.0,10,20,0,20,12,16.0,24,13,19,10,16,34,20.0,27.0,11,,9.0,16.0,33.0,10,22.0,10,7,26,24.0,18.0,21.0,,24.0,11,33.0,30.0,22.0,10,4,31.0,25,18,15,20.0,46.0,12.0,20,40.0,23,11,16.0,21.0,6,,10.0,5,20,26.0,12,13.0,12.0,12.0,26,8,16.0,15,16,21,25,24,14,14,22,23,20,18,20,14.0,18.0,0,15,21,22.0,13.0,4,26,8,21.0,18,50.0,18,15,16,23,23,14.0,16,26.0,13,17,20.0,13,13,19,51.0,8.0,8,17.0,18.0,23.0,18.0,18.0,14,25.0,24,31,11,32.0,14,15.0,7.0,16,22.0,25.0,27.0,13,24.0,19,15,14,7,12,8,10,24.0,23,21.0,21,28,15,16.0,14,30.0,22,14.0,15,,33,15,24.0,7,33.0,12,31.0,17.0,13,25,20.0,13.0,11.0,10.0,9.0,20,5.0,8.0,19,14.0,28,13,13.0,19.0,22,10.0,50,30.0,14.0,20,20,12,,18,0.0,26.0,19,27.0,17,21.0,21,16,20,12.0,37.0,16,25,20,52.0,23.0,17,15,51.0,15,24.0,3.0,26.0,29.0,21.0,21.0,16.0,3.0,13.0,13.0,9,24,11.0,10.0,18.0,4.0,16.0,14.0,,22.0,11,14,9.0,17.0,16,32.0,25.0,,25.0,23.0,41.0,28,20,38.0,3.0,22.0,22.0,23,30.0,15.0,38.0,6,13,14,18.0,,23.0,18.0,8,13,13.0,14.0,22,35.0,26.0,26,26.0,20.0,46.0,35,9.0,18,49.0,27.0,8.0,22,9.0,13,31.0,10,17,,29.0,55.0,47.0,3,28,17,18.0,18,26.0,5,17,26.0,34,29,9.0,12.0,24,42,22.0,14.0,25.0,20.0,19.0,18.0,16,37.0,33,32,15.0,33.0,21.0,23.0,9.0,15.0,15,32,8.0,,12.0,14.0,22.0,20.0,12,24.0,10,,,12.0,15.0,10,50.0,22,20.0,16.0,21.0,23,29.0,23.0,53.0,18,24,46.0,28.0,34.0,,28.0,26.0,13.0,12.0,39.0,14.0,23.0,10.0,30,22,47.0,22.0,31.0,21,11,16,13,10.0,55.0,20,10,18.0,36.0,6,14.0,31.0,7.0,10,50.0,17.0,34.0,2,30.0,18.0,10.0,22.0,13.0,21.0,20,19.0,13,13.0,14,19,11,41.0,21.0,9.0,36.0,51.0,52.0,45.0,31.0,35.0,3.0,32.0,31,35.0,,24,16.0,36.0,5.0,38.0,0,20.0,39.0,52.0,12,9,27.0,12,17.0,0.0,23.0,,7,42.0,32,38,16.0,12,,6,9.0,19.0,41.0,29,38,27.0,0.0,18,50.0,0,,15,26.0,28.0,13.0,36.0,16.0,14.0,12,12.0,21.0,29.0,45.0,34.0,,24.0,13,11,41.0,11,10,7,30.0,15.0,15.0,40.0,23.0,33.0,23,30.0,53.0,52.0,16,11.0,21.0,35.0,36.0,28.0,10,16.0,19.0,18.0,,20.0,15.0,44.0,32,48.0,23.0,25.0,26.0,7.0,26.0,34.0,23,33.0,18.0,40.0,23.0,30,11,14.0,,38,5.0,,23.0,3,25.0,41.0,42.0,,11,20.0,5.0,34.0,28.0,25.0,17.0,42.0,12.0,1.0,24,27,9.0,31.0,14.0,15.0,25.0,24.0,16.0,,4.0,42.0,34,13,28.0,25,32.0,,14.0,13.0,14,11,27.0,17.0,31.0,18.0,10.0,43.0,35.0,14.0,38.0,12,27.0,15.0,17.0,45.0,32.0,12.0,20,35.0,23.0,10.0,13,31.0,39.0,10.0,19.0,30.0,14.0,22,26.0,44,,19.0,12.0,0.0,55.0,17.0,14.0,,11.0,29.0,19.0,27.0,45.0,54.0,49.0,36.0,36.0,20.0,9.0,30.0,21.0,32,53.0,33.0,13,43.0,28.0,7,39.0,,17.0,15,18,21,24.0,23.0,22.0,21.0,32.0,9.0,29.0,21.0,,29,16.0,21,9.0,15,25,15.0,15,6.0,,27.0,0.0,8,20.0,16.0,9.0,19.0,25.0,47.0,11,10.0,33,18.0,39.0,9.0,45,32.0,23,23,35.0,19.0,18.0,10,24.0,29.0,14,33.0,8.0,9.0,0.0,,19.0,32.0,14.0,13,,32.0,27.0,18.0,,,1.0,29.0,12,34.0,11,23.0,14.0,31.0,15.0,7,18,35.0,31.0,10.0,15.0,11.0,31.0,25.0,29.0,46.0,13,30.0,12.0,23,15,49.0,21.0,21,13.0,24.0,17,16.0,9,19,34,24.0,26.0,45.0,48.0,40.0,,43.0,,22.0,8.0,25.0,20.0,30.0,19.0,31.0,33.0,42.0,14.0,20.0,18.0,,11.0,16.0,49.0,14.0,22.0,46.0,54.0,21.0,43.0,37.0,34.0,5.0,17.0,11.0,19.0,33.0,,34.0,45.0,30.0,13.0,37.0,12.0,,15.0,30.0,35.0,16,16.0,43.0,14.0,13,34.0,42.0,40.0,24.0,35.0,,14.0,13.0,,40.0,10.0,9.0,22.0,14.0,14.0,,,14.0,0.0,12.0,30.0,,36.0,22.0,24.0,29.0,36.0,32.0,8,25.0,33.0,36.0,12,26.0,28.0,13.0,30.0,9.0,31.0,42.0,,12.0,6,52.0,21.0,22.0,6.0,15.0,10.0,18,22,21.0,16.0,13.0,17.0,16.0,17.0,25,8,0.0,26.0,34.0,30.0,29.0,30.0,,36.0,,50.0,4.0,23.0,28.0,30.0,8.0,14.0,30,23.0,45.0,5.0,27.0,18.0,25,25.0,35,41.0,29,50.0,,28.0,25.0,,30.0,50.0,33.0,22.0,23.0,55.0,35.0,11,11.0,18.0,11.0,6.0,33.0,25,23.0,39.0,17.0,30.0,8.0,9.0,12.0,,10.0,9,29,25.0,,21.0,47.0,17.0,29.0,19.0,34.0,22,32.0,,22.0,3.0,16.0,13.0,12.0,2.0,9,18.0,11.0,20.0,33,14,,29.0,9.0,26.0,22.0,21.0,,17.0,7.0,55.0,21.0,48.0,39.0,19.0,34.0,17,49.0,51.0,26.0,25.0,23.0,16,19.0,39.0,13,,13.0,,36.0,31.0,43.0,14.0,,13.0,7.0,45.0,14,41.0,54.0,37.0,10.0,17,50.0,54.0,31.0,23.0,17.0,,21.0,13.0,54.0,24.0,27.0,14.0,20.0,21,19,31.0,26.0,24.0,39.0,30.0,17,12,39.0,12.0,30.0,4.0,5.0,47.0,,40.0,15.0,8.0,,40.0,35.0,,44.0,8,29,29.0,52.0,0.0,41.0,27.0,22,27.0,41.0,53.0,,27.0,31.0,48.0,,,5.0,17.0,46.0,43.0,46.0,24.0,13,17.0,23.0,13,45.0,28.0,41.0,31.0,32.0,14.0,12.0,45.0,,18.0,23.0,11.0,32.0,32.0,37.0,21.0,25.0,25.0,34.0,,12.0,,27.0,21.0,53.0,15.0,,17.0,29.0,9.0,17.0,0.0,27.0,25.0,21.0,25.0,29.0,44.0,8.0,13.0,24.0,10.0,24.0,34.0,24.0,54.0,26.0,24.0,22.0,28.0,27.0,19.0,,51.0,,25.0,43.0,9.0,5.0,13.0,,13,,28.0,,,51.0,,22.0,21.0,14.0,11.0,26.0,5.0,19.0,22.0,35.0,9.0,39.0,42.0,14.0,9.0,,25.0,17.0,9.0,33.0,19.0,35.0,16.0,26.0,20.0,30.0,21.0,34.0,28.0,32.0,17.0,41.0,53.0,6.0,47.0,,17.0,,39.0,42.0,17.0,10,,40.0,30.0,19.0,0.0,,24.0,,7.0,18,8.0,39.0,,,18.0,27.0,27.0,7.0,22.0,54.0,25.0,42.0,23.0,28.0,4.0,,22,17.0,15.0,34.0,21.0,,24.0,11.0,25.0,11.0,48.0,37.0,16.0,31.0,54.0,7.0,28.0,39.0,52.0,11.0,26.0,43.0,42.0,41.0,18.0,17,6,12.0,28.0,27.0,24.0,22.0,,14.0,45.0,,6.0,54.0,34.0,35.0,32.0,19.0,25.0,23.0,39.0,8.0,28.0,8.0,,27.0,13.0,50.0,33.0,43.0,23.0,35.0,22.0,24.0,38.0,10.0,13.0,28.0,16.0,,26.0,34.0,9.0,33.0,26.0,8.0,50.0,11.0,47.0,,15.0,4,21.0,17.0,33.0,,19,30.0,43.0,,,54.0,25.0,15.0,,19,46.0,21.0,37.0,1.0,47.0,,53.0,54,34.0,45.0,14.0,29.0,12,28.0,18.0,,49.0,43.0,20.0,12.0,12.0,35.0,34.0,9.0,,15.0,29.0,28.0,21.0,,52.0,,,,29.0,12.0,12.0,19,50.0,,16.0,,46.0,,45.0,23.0,19.0,13.0,14.0,53.0,13.0,34,22.0,31.0,11.0,30.0,2.0,38.0,,34.0,28.0,,15.0,22.0,26.0,40.0,53.0,,21.0,33.0,24.0,18.0,,46.0,35.0,18.0,44.0,18.0,45.0,34.0,40.0,19.0,26.0,43.0,34.0,42.0,,,31.0,32.0,26.0,23.0,15.0,25.0,,,53.0,35.0,37.0,28.0,13.0,20.0,26.0,23.0,10.0,,,,32.0,,23.0,,28.0,53.0,17.0,14.0,20.0,41.0,35.0,16.0,31.0,17,25.0,48.0,8.0,22.0,27.0,27.0,23.0,51.0,13.0,23.0,14.0,27.0,,34.0,,,23.0,41.0,7.0,22.0,38.0,55.0,37.0,0.0,,29.0,45.0,20.0,11.0,42.0,24.0,23.0,,45.0,8.0,47.0,11.0,42.0,,53.0,,,41.0,19.0,1.0,45.0,,31.0,23.0,21.0,,26.0,12.0,29.0,16.0,16.0,31.0,,51.0,29.0,10.0,19.0,27.0,24.0,18.0,22.0,24.0,24.0,18.0,,8.0,47.0,38.0,40.0,55.0,22.0,,,30.0,8.0,23.0,14.0,19.0,7.0,27.0,38.0,47.0,12.0,,50.0,46.0,26.0,23.0,17.0,,31.0,42.0,37.0,44.0,23.0,23.0,7.0,17.0,20.0,10.0,25.0,47.0,24.0,33.0,31.0,9.0,,40.0,,0.0,23.0,23.0,,10.0,36.0,29.0,,40.0,24.0,,,,,15,51.0,31.0,,44.0,18.0,26.0,36.0,36.0,,51.0,53,10.0,29.0,,33.0,19.0,,26.0,25.0,14,,28.0,25.0,9.0,49.0,,8.0,20.0,29.0,47.0,,35.0,24.0,36.0,,8.0,18.0,19.0,47.0,29.0,,30.0,29.0,34.0,14.0,,33.0,14.0,27.0,,38.0,,42.0,25.0,29.0,48.0,20.0,53.0,39.0,37.0,33.0,24.0,15.0,12.0,26.0,34.0,12.0,,,,24.0,8.0,42.0,38.0,27.0,42.0,54.0,22.0,37.0,30.0,43.0,33.0,17.0,34.0,37.0,21.0,28.0,51.0,14.0,24.0,43.0,15.0,25.0,0.0,,32.0,53.0,25.0,13.0,34.0,25.0,29.0,7.0,51.0,55.0,32.0,18.0,41.0,3.0,34.0,15.0,24.0,27.0,,14.0,17.0,45.0,10.0,32.0,17.0,24.0,,15.0,46.0,24.0,,33.0,39.0,21,43.0,19.0,17.0,,,22.0,28.0,,15.0,,17.0,23.0,44.0,14.0,25.0,,23.0,8.0,22.0,40.0,5.0,53.0,16.0,,53.0,25.0,40.0,3.0,32.0,24.0,42.0,37.0,31.0,51.0,22.0,20.0,26.0,36.0,,,21.0,,,,,8.0,9.0,49.0,28.0,48.0,,26.0,25.0,23.0,38.0,,19.0,36.0,19.0,,31.0,26.0,9.0,,10.0,13.0,38.0,16.0,39.0,,27.0,23.0,13.0,21.0,24.0,10.0,23.0,19.0,37.0,34,,39.0,21,35.0,,,31.0,49.0,32.0,,14.0,18.0,29.0,2.0,21.0,15.0,45.0,35.0,32.0,43.0,39.0,40.0,30.0,30.0,,24.0,,33.0,29.0,22.0,,0.0,5.0,20.0,37.0,51.0,19.0,,38.0,20.0,52.0,12.0,17.0,22.0,42.0,32.0,30.0,12.0,,26.0,34.0,25.0,,28.0,14.0,33.0,34.0,33.0,18.0,13.0,19.0,38.0,,,9.0,15.0,18.0,39.0,32.0,,,36.0,25.0,36.0,23.0,47.0,,17.0,23.0,26.0,34.0,25.0,20.0,39.0,,30.0,55.0,29.0,10.0,24.0,51.0,47.0,12.0,,25.0,,31.0,13.0,,25.0,22.0,,16.0,20.0,24.0,36.0,18.0,,50.0,55.0,19.0,,24.0,53.0,12.0,11.0,47.0,26.0,12.0,,17.0,30.0,10.0,44.0,53.0,,46.0,19.0,32.0,38.0,,38.0,38.0,14.0,11.0,,18.0,32.0,42.0,45.0,29.0,31.0,26.0,22.0,19.0,44.0,32.0,30.0,31.0,,26.0,,36.0,14.0,8.0,,45.0,,22.0,43.0,43.0,,,50.0,50.0,54.0,10.0,22.0,44.0,,55.0,53.0,,39.0,44.0,48.0,13.0,54.0,25.0,,28.0,23.0,28.0,49.0,26.0,26.0,36.0,20.0,13.0,39.0,,25.0,13.0,13.0,16.0,23.0,,28.0,26.0,40.0,7.0,10.0,30.0,,,43.0,50.0,44.0,24.0,23.0,,,37.0,23.0,37.0,33.0,22.0,34.0,30.0,43.0,,41.0,19.0,42.0,49.0,17.0,,33.0,,38.0,40.0,26.0,,42.0,22.0,36.0,10.0,32.0,29.0,12.0,,,,0.0,23.0,33.0,24.0,7.0,48.0,51.0,37.0,,52.0,32.0,20.0,13.0,37.0,47.0,17.0,40.0,41.0,8.0,6.0,14.0,25.0,25.0,33.0,,4.0,31.0,20.0,,,43.0,38.0,48.0,31.0,47.0,40.0,29.0,,48.0,29.0,,,26.0,25.0,22.0,55.0,48.0,14.0,,,14.0,33.0,17.0,20.0,37.0,41.0,27.0,,17.0,,2.0,34.0,24.0,25.0,34.0,33.0,,26.0,,51.0,,14.0,54.0,0.0,,48.0,25.0,29.0,25.0,45.0,,36.0,21.0,45.0,18.0,14.0,21.0,37.0,12.0,44.0,53.0,18.0,25.0,33.0,19.0,,44.0,22.0,39.0,32.0,,23.0,35.0,,29.0,8.0,10.0,38.0,,9.0,16.0,,15.0,,21.0,,32.0,50.0,52.0,42.0,,39.0,53.0,11.0,,,38.0,21.0,,,27.0,20.0,,18.0,40.0,35.0,44.0,27.0,17.0,24.0,27.0,45.0,17.0,7.0,37.0,42.0,55.0,32.0,28.0,,38.0,,25.0,46.0,53.0,29.0,39.0,29.0,14.0,19.0,35.0,37.0,36.0,28.0,,,11.0,42.0,34.0,,,44.0,29.0,38.0,25.0,,10.0,,50.0,21.0,,,,43.0,22.0,,25.0,46.0,,24.0,35.0,29.0,16.0,37.0,25.0,18.0,23.0,,,35.0,55.0,20.0,26.0,45.0,,19.0,22.0,30.0,,34.0,11.0,0.0,46.0,,17.0,40.0,,54.0,40.0,45.0,,40.0,,51.0,,15.0,29.0,31.0,40.0,13.0,19.0,42.0,16.0,,18.0,32.0,,,33.0,30.0,44.0,,39.0,17.0,,29.0,,21.0,,32.0,40.0,49.0,28.0,45.0,22.0,53.0,35.0,13.0,,10.0,24.0,,28.0,28.0,12.0,39.0,41.0,32.0,,49.0,12.0,40.0,11.0,36.0,13.0,45.0,,22.0,16.0,51.0,31.0,10.0,46.0,20.0,31.0,41.0,45.0,,,19.0,13.0,28.0,44.0,8.0,53.0,36.0,38.0,,21.0,29.0,,33.0,30.0,11.0,45.0,3.0,17.0,41.0,11.0,11.0,,17.0,30.0,7.0,14.0,16.0,49.0,10.0,,18.0,19.0,14.0,17.0,8.0,29.0,,,,30.0,12.0,27.0,39.0,24.0,31.0,,32.0,13.0,,,6.0,,,36.0,34.0,,11.0,32.0,,55.0,53.0,9.0,40.0,36.0,,36.0,16.0,29.0,32.0,34.0,22.0,,32.0,,31.0,39.0,40.0,,16.0,21.0,24.0,39.0,44.0,32.0,11.0,0.0,,13.0,,51.0,46.0,50.0,27.0,44.0,,23.0,52.0,22.0,23.0,,55.0,,45.0,32.0,,,,,17.0,10.0,33.0,,6.0,23.0,53.0,13.0,51.0,,,,5.0,,17.0,,33.0,11.0,5.0,,43.0,52.0,18.0,16.0,41.0,11.0,36.0,,28.0,35.0,34.0,41.0,25.0,19.0,39.0,21.0,,17.0,48.0,,29.0,45.0,32.0,19.0,15.0,13.0,30.0,9.0,28.0,27.0,18.0,15.0,26.0,15.0,8.0,32.0,,41.0,,43.0,12.0,40.0,39.0,35.0,37.0,22.0,31.0,,23.0,32.0,33.0,,39.0,37.0,31.0,52.0,29.0,46.0,,,17.0,15.0,55.0,17.0,24.0,13.0,8.0,,22.0,,,55.0,35.0,48.0,,29.0,22.0,54.0,,46.0,54.0,46.0,30.0,,34.0,23.0,21.0,,20.0,16.0,23.0,25.0,,49.0,,41.0,21.0,17.0,16.0,7.0,,16.0,27.0,29.0,39.0,45.0,10.0,37.0,18.0,11.0,,31.0,30.0,,50.0,19.0,19.0,53.0,,,40.0,,41.0,50.0,50.0,34.0,,18.0,13.0,,,37.0,18.0,4.0,21.0,,,,,28.0,21.0,31.0,13.0,25.0,28.0,,36.0,,,18.0,34.0,28.0,42.0,,,,,,19.0,,16.0,42.0,,,,17.0,52.0,31.0,39.0,25.0,24.0,,20.0,37.0,29.0,24.0,,25.0,,48.0,25.0,55.0,48.0,,47.0,44.0,27.0,39.0,9.0,11.0,24.0,39.0,,,,,28.0,,28.0,,,34.0,52.0,49.0,42.0,37.0,,55.0,49.0,32.0,52.0,43.0,,21.0,53.0,,,,30.0,,,33.0,,0.0,27.0,22.0,31.0,55.0,30.0,44.0,55.0,54.0,34.0,9.0,15.0,,34.0,37.0,12.0,25.0,16.0,13.0,30.0,28.0,10.0,,16.0,53.0,12.0,55.0,17.0,32.0,,33.0,,,0.0,22.0,,6.0,18.0,42.0,26.0,51.0,54.0,25.0,36.0,,27.0,53.0,54.0,27.0,36.0,,54.0,,45.0,10.0,39.0,31.0,37.0,,36.0,41.0,37.0,,35.0,23.0,22.0,28.0,,30.0,,23.0,11.0,0.0,36.0,26.0,25.0,,23.0,39.0,42.0,22.0,42.0,34.0,21.0,26.0,,,30.0,,33.0,,,,,,53.0,,18.0,13.0,33.0,18.0,,27.0,18.0,54.0,,41.0,5.0,46.0,38.0,8.0,37.0,12.0,,28.0,9.0,,31.0,47.0,29.0,54.0,54.0,35.0,55.0,,43.0,34.0,39.0,19.0,22.0,,17.0,,51.0,25.0,9.0,7.0,21.0,38.0,31.0,31.0,,,,,18.0,,,,19.0,20.0,24.0,,52.0,43.0,55.0,,13.0,23.0,,,27.0,,29.0,45.0,34.0,33.0,46.0,31.0,45.0,37.0,37.0,,29.0,47.0,12.0,5.0,44.0,11.0,46.0,9.0,,12.0,38.0,22.0,28.0,15.0,30.0,,37.0,50.0,40.0,37.0,32.0,,0.0,43.0,20.0,,,,,,123,3,2.438263229308005,17.56255319148936,-0.34766915396723214
3,1,4,4,3,4,5,4,4,7,5,8,4,4,6,5,6,7,9,13,5,14,9,2,6,2,5,6,5,8,11,10,1,2,4,9,13,9,11,6,18,19.0,12,7,7,8,14,5,7,34,5,13,7,5,10,15,12,17,6,1,7,5,20,2,13.0,14,15,9,5,9,12,11,6,9,7,13,21,16,7,2,17,8,14,5,4,14,16,7,16,9,11,6,12,14,10,0,13,8,12,11,10,10,10,11,13,16,14,17,12,13,5,,12,26,6.0,8,14,7,6,35,11,7,9,13,9,8,12,0.0,22,12,20,5,9.0,17,18,11.0,8,8,12,7,17,15,15,25,6.0,16.0,9,19.0,5,18,11,16,14.0,11,13,0,15,,16,13,21,15,12,20,11,29.0,19,8,14,26,15,29.0,7,12,15,0,15,24.0,15,24.0,19,17,8,13,16,40.0,10.0,18,16,27.0,52.0,11,7,9,13,30,10,8,11.0,15,29,47.0,10,12,22,12,8.0,14,17,10,10,,10,24,26,21,8,11,13,31.0,14.0,13,15,14,,19,20,15,,9,44.0,21.0,22,7,27.0,5,17,21,19.0,46.0,13,14,15,18,22,18.0,20,16,11,8,20,24,28.0,22.0,7,40.0,9.0,23.0,7.0,45,16.0,7,17,16,53.0,17.0,20.0,,39.0,15,29.0,4.0,27.0,10,9,46.0,17,12,4,15.0,31.0,26.0,18,40.0,8,14,13.0,11.0,21,,23.0,17,7,6.0,9,21.0,,21.0,16,11,33.0,15,25,15,6,29,14,9,16,26,17,19,13,25.0,24.0,26,10,10,33.0,9.0,22,16,10,35.0,8,17.0,22,5,17,15,7,16.0,16,19.0,18,29,10.0,19,25,5,40.0,,14,31.0,,36.0,30.0,20.0,14,18.0,8,14,15,26.0,13,30.0,20.0,15,10.0,20.0,45.0,16,10.0,5,23,19,18,21,18,27,14.0,14,15.0,19,17,12,53.0,12,14.0,25,12.0,13,45.0,19,14,12.0,27,27.0,16,16.0,36.0,12,15,14.0,27.0,13.0,23.0,13.0,22,15.0,20.0,17,37.0,12,16,12.0,52.0,15,14.0,16,29.0,,21,23,21,39.0,23,35.0,25.0,21,1.0,11,23.0,16,15,14,9.0,20.0,19,15,8,23.0,23.0,23,16,15.0,46,16.0,18.0,27.0,27.0,23.0,6.0,19.0,22.0,19.0,27.0,18,34,17.0,,43.0,36.0,21.0,29.0,32.0,14.0,17,21,15.0,53.0,13,19.0,5.0,27.0,14.0,15.0,17.0,17,12,28.0,37.0,11.0,14.0,12,45.0,14.0,18.0,14,12,15,17.0,43.0,19.0,13.0,14,21,28.0,21.0,20,34.0,10.0,12,13.0,22.0,,5,10.0,11,7.0,35.0,18.0,16,5.0,22,28.0,12,10,9.0,37.0,6.0,,24,19,18,22.0,18,27.0,13,45,23.0,14,25,,30.0,39,14,46.0,20.0,,20.0,32.0,7.0,5,58.0,18,16,16.0,33.0,47.0,37.0,16.0,59.0,0,16,19.0,22.0,11.0,31.0,,55.0,9,40.0,12,31.0,23.0,12.0,26.0,12,16.0,20,10.0,42.0,30.0,19,13.0,,21.0,11,32,49.0,,19.0,34.0,24.0,11.0,18.0,,38.0,,29.0,23.0,26,16,24.0,26.0,36.0,8,15,7,13,12.0,25.0,16,9,6.0,19.0,13,15.0,21.0,,38,28.0,46.0,17.0,14,37.0,16.0,27.0,16.0,29.0,,7,29.0,16,19.0,15,25,9,40.0,34.0,21.0,9.0,,37.0,39.0,20.0,49.0,42.0,7.0,12,,10.0,23,18.0,,6.0,,17,39.0,9.0,9.0,14,19,51.0,12,35.0,26.0,7.0,,22,15.0,14,20,34.0,13,,7,19.0,14.0,30.0,24,21,11.0,31.0,39,16.0,45,13.0,15,25.0,46.0,22.0,,11.0,10.0,32,10.0,48.0,48.0,22.0,18.0,20.0,50.0,18,8,17.0,17,11,11,20.0,17.0,11.0,12.0,,9.0,35,27.0,26.0,34.0,37,17.0,52.0,30.0,16.0,2.0,8,20.0,11.0,23.0,41.0,54.0,26.0,21.0,34,20.0,,42.0,21.0,37.0,13.0,24.0,20,35.0,20.0,24.0,27.0,11,46,5.0,,30,23.0,7.0,10.0,0,22.0,16.0,13.0,9.0,14,19.0,19.0,36.0,13.0,16.0,23.0,,22.0,32.0,2,18,31.0,22.0,19.0,10.0,19.0,14.0,15.0,15.0,40.0,11.0,18,6,,4,,32.0,25.0,47.0,21,45,11.0,14.0,18.0,30.0,21.0,15.0,32.0,30.0,23.0,4,18.0,16.0,29.0,37.0,28.0,42.0,24,30.0,21.0,15.0,14,31.0,17.0,15.0,22.0,9.0,21.0,40,22.0,22,37.0,21.0,11.0,36.0,48.0,18.0,31.0,24.0,35.0,14.0,24.0,,,18.0,,23.0,35.0,29.0,36.0,38.0,15.0,18,35.0,15.0,14,25.0,40.0,21,31.0,6.0,29.0,21,9,15,34.0,14.0,40.0,28.0,23.0,53.0,15.0,49.0,,26,23.0,19,20.0,45,22,14.0,14,10.0,38.0,25.0,37.0,24,8.0,10.0,38.0,31.0,19.0,34.0,12,17.0,17,57.0,13.0,,21,16.0,14,16,12.0,34.0,,19,14.0,,23,17.0,28.0,59.0,22.0,6.0,15.0,23.0,19.0,10,44.0,44.0,12.0,20.0,40.0,36.0,30.0,23.0,29,20.0,14,11.0,17.0,33.0,13.0,20,14,20.0,10.0,45.0,17.0,10.0,32.0,50.0,20.0,56.0,20,28.0,19.0,22,14,33.0,15.0,18,27.0,37.0,16,42.0,10,29,8,30.0,18.0,0.0,22.0,2.0,22.0,,33.0,,39.0,8.0,11.0,9.0,53.0,12.0,37.0,36.0,15.0,,28.0,,15.0,,15.0,28.0,,14.0,12.0,43.0,16.0,0.0,28.0,31.0,7.0,54.0,49.0,30.0,54.0,33.0,15.0,34.0,37.0,19.0,25.0,20.0,25.0,16.0,48.0,15,10.0,21.0,28.0,26,23.0,16.0,,24.0,35.0,25.0,9.0,27.0,39.0,17.0,15.0,26.0,55.0,9.0,,,27.0,15.0,25.0,15.0,21.0,18.0,,8.0,13.0,48.0,42.0,41.0,6,17.0,25.0,47.0,26,35.0,22.0,34.0,25.0,7.0,9.0,14.0,29.0,,14,32.0,,35.0,3.0,12.0,21.0,20,15,10.0,22.0,19.0,50.0,,8.0,37,12,20.0,38.0,,33.0,47.0,19.0,10.0,5.0,32.0,27.0,12.0,20.0,20.0,31.0,18.0,14.0,18,16.0,33.0,27.0,36.0,51.0,15,14.0,42,14.0,15,16.0,,32.0,24.0,,27.0,14.0,26.0,25.0,23.0,15.0,21.0,44,11.0,,31.0,5.0,13.0,9,38.0,42.0,10.0,50.0,50.0,41.0,30.0,54.0,11.0,13,24,49.0,13.0,30.0,23.0,27.0,42.0,21.0,22.0,26,3.0,37.0,41.0,3.0,28.0,31.0,8.0,20.0,51,34.0,25.0,32.0,20,10,24.0,35.0,52.0,21.0,21.0,30.0,17.0,32.0,39.0,26.0,,31.0,7.0,16.0,6.0,23,15.0,50.0,10.0,17.0,28.0,8,16.0,41.0,36,35.0,31.0,46.0,15.0,20.0,19.0,38.0,20.0,20.0,2.0,15.0,47,23.0,25.0,,,20,16.0,39.0,28.0,18.0,50.0,20.0,8.0,44.0,36.0,38.0,17.0,44.0,8.0,28,11,3.0,11.0,5.0,32.0,19.0,19,27,31.0,11.0,35.0,,6.0,17.0,38.0,29.0,14.0,34.0,40.0,35.0,58.0,20.0,49.0,13,18,0.0,42.0,,6.0,4.0,15,22.0,,59.0,42.0,6.0,27.0,20.0,13.0,38.0,,32.0,,20.0,17.0,1.0,10,57.0,17.0,6,25.0,51.0,0.0,33.0,31.0,32.0,9.0,20.0,57.0,30.0,17.0,35.0,19.0,26.0,22.0,18.0,18.0,,20.0,22.0,32.0,24.0,54.0,,47.0,32.0,29.0,27.0,9.0,16.0,13.0,7.0,,19.0,13.0,59.0,10.0,,26.0,9.0,40.0,19.0,39.0,34.0,0.0,36.0,32.0,50.0,44.0,23.0,28.0,24.0,53.0,26.0,37.0,23.0,43.0,27.0,59.0,,19.0,12,13.0,24.0,39.0,14.0,26.0,31.0,6.0,14.0,15.0,10.0,,16.0,24.0,17.0,42.0,39.0,,22.0,58.0,46.0,40.0,22.0,19.0,19.0,10.0,51.0,41.0,53.0,,22.0,46.0,43.0,23.0,,23.0,45.0,,24.0,39.0,,18.0,30.0,47.0,29.0,22.0,,7,27.0,35.0,16.0,26.0,36.0,11.0,8.0,50.0,8.0,22,22.0,30.0,30.0,21.0,27.0,23.0,21.0,27.0,22.0,23.0,20.0,15.0,31.0,7.0,21.0,,16,26.0,,39.0,51.0,16.0,31.0,46.0,35.0,2.0,41.0,25.0,42.0,8.0,,15.0,20.0,28.0,47.0,36.0,7.0,28.0,24.0,40.0,21.0,34,12,31.0,17.0,15.0,27.0,,3.0,35.0,19.0,45.0,15.0,,,18.0,,35.0,33.0,3.0,,11.0,46.0,16.0,,53.0,,14.0,20.0,30.0,,21.0,49.0,31.0,18.0,24.0,45.0,,22.0,15.0,12.0,7.0,13.0,,0.0,17.0,19.0,14.0,36.0,,49.0,22,17.0,10.0,40.0,26.0,32,12.0,41.0,,43.0,19.0,,52.0,,20,29.0,37.0,32.0,,54.0,,48.0,8,54.0,34.0,26.0,39.0,45,34.0,24.0,,,25.0,13.0,13.0,48.0,19.0,11.0,12.0,0.0,27.0,19.0,,21.0,16.0,33.0,39.0,56.0,0.0,48.0,27.0,57.0,19,44.0,16.0,16.0,22.0,44.0,,37.0,23.0,11.0,43.0,25.0,15.0,23.0,35,17.0,0.0,25.0,11.0,56.0,18.0,,42.0,,39.0,44.0,22.0,17.0,30.0,40.0,29.0,,,13.0,51.0,13.0,13.0,0.0,13.0,50.0,,9.0,44.0,,33.0,19.0,,28.0,18.0,12.0,7.0,32.0,50.0,45.0,14.0,20.0,,9.0,40.0,33.0,22.0,,,41.0,30.0,15.0,39.0,8.0,31.0,47.0,,13.0,,,5.0,18.0,31.0,18.0,57.0,38.0,30.0,16.0,,35.0,28,19.0,,,14.0,37.0,44.0,6.0,35.0,14.0,0.0,16.0,15.0,28.0,7.0,27.0,51.0,0.0,13.0,27.0,38.0,,,27.0,52.0,30.0,16.0,6.0,32.0,,0.0,16.0,14.0,57.0,22.0,3.0,19.0,43.0,24.0,15.0,32.0,43.0,17.0,43.0,34.0,14.0,,22.0,0.0,21.0,,33.0,,13.0,35.0,21.0,18.0,30.0,,23.0,9.0,,21.0,33.0,35.0,31.0,18.0,19.0,18.0,10.0,45.0,,27.0,33.0,29.0,14.0,47.0,39.0,26.0,27.0,,23.0,,,21.0,,8.0,,,25.0,9.0,19.0,52.0,,22.0,15.0,23.0,45.0,19.0,12.0,28.0,28.0,58.0,14.0,,35.0,42.0,,,29.0,23.0,21.0,,43.0,23.0,33.0,52.0,28.0,35.0,47.0,57.0,31.0,,34.0,52.0,31.0,35.0,22.0,15.0,16,,49.0,,,,26.0,57.0,37.0,22.0,26.0,51,,,13.0,,18.0,,26.0,12.0,24,27.0,57.0,55.0,0.0,17.0,40.0,31.0,,,34.0,,23.0,46.0,41.0,36.0,17.0,17.0,24.0,19.0,50.0,33.0,23.0,29.0,45.0,,,26.0,30.0,42.0,,5.0,47.0,35.0,38.0,36.0,15.0,7.0,18.0,40.0,40.0,34.0,23.0,37.0,21.0,10.0,59.0,38.0,,39.0,55.0,51.0,49.0,,38.0,22.0,11.0,59.0,37.0,59.0,32.0,38.0,22.0,44.0,18.0,,49.0,23.0,28.0,23.0,36.0,20.0,24.0,30.0,28.0,14.0,,45.0,22.0,23.0,16.0,55.0,,16.0,15.0,36.0,21.0,38.0,45.0,23.0,,23.0,56.0,16.0,,27.0,,49.0,33.0,15.0,50.0,51.0,21.0,31.0,,38.0,41.0,46.0,39.0,37,,59.0,21.0,,,15.0,25.0,11.0,40.0,,6.0,37.0,31.0,19.0,,46.0,10.0,45.0,42.0,29.0,14.0,28.0,17.0,45.0,20.0,36.0,24.0,27.0,,12.0,19.0,21.0,,21.0,21.0,46.0,18.0,11.0,21.0,16.0,32.0,,47.0,56.0,,40.0,20.0,,18.0,19.0,,15.0,9.0,50.0,29.0,0.0,,59.0,21.0,,45.0,10.0,,23.0,53.0,,38.0,51.0,,5.0,39.0,45.0,50.0,25.0,,35.0,51.0,12.0,9.0,10,53.0,,8,6.0,37.0,24.0,27.0,17.0,0.0,,35.0,18.0,,,,32.0,50.0,17.0,17.0,,50.0,,35.0,20.0,43.0,,23.0,,27.0,26.0,58.0,32.0,41.0,25.0,6.0,21.0,17.0,24.0,,,20.0,31.0,,31.0,21.0,32.0,,7.0,17.0,45.0,22.0,24.0,51.0,51.0,,38.0,31.0,36.0,19.0,,35.0,32.0,7.0,32.0,21.0,22.0,13.0,,23.0,,28.0,26.0,32.0,27.0,38.0,14.0,55.0,16.0,21.0,13.0,52.0,51.0,43.0,13.0,14.0,12.0,53.0,33.0,16.0,,,45.0,11.0,54.0,37.0,,27.0,4.0,19.0,22.0,31.0,38.0,36.0,,34.0,6.0,37.0,50.0,36.0,12.0,6.0,19.0,13.0,59.0,20.0,20.0,28.0,,20.0,26.0,19.0,22.0,50.0,27.0,54.0,,25.0,17.0,46.0,,8.0,35.0,44.0,0.0,35.0,,37.0,24.0,15.0,53.0,43.0,36.0,9.0,17.0,,57.0,33.0,13.0,34.0,24.0,40.0,44.0,41.0,28.0,49.0,57.0,2.0,26.0,,57.0,,56.0,9.0,30.0,21.0,52.0,,49.0,48.0,41.0,48.0,54.0,52.0,50.0,48.0,,43.0,,27.0,37.0,9.0,14.0,14.0,46.0,19.0,20.0,28.0,56.0,24.0,46.0,13.0,54.0,53.0,54.0,,30.0,14.0,32.0,,33.0,28.0,10.0,9.0,19.0,,10.0,50.0,,38.0,25.0,45.0,19.0,54.0,18.0,,14.0,29.0,44.0,46.0,37.0,,,30.0,34.0,36.0,15.0,0.0,6.0,20.0,13.0,50.0,,,52.0,35.0,21.0,2.0,43.0,31.0,22.0,26.0,27.0,,,36.0,19.0,32.0,,,13.0,57.0,,0.0,8.0,44.0,43.0,,19.0,,24.0,46.0,25.0,,9.0,11.0,19.0,29.0,36.0,38.0,45.0,,32.0,46.0,,45.0,,30.0,6.0,41.0,,38.0,,21.0,12.0,,14.0,52.0,50.0,54.0,,21.0,29.0,21.0,27.0,,24.0,35.0,13.0,33.0,11.0,,42.0,,39.0,24.0,13.0,39.0,,13.0,24.0,,53.0,,19.0,35.0,19.0,10.0,29.0,42.0,16.0,59.0,18.0,,,24.0,,,15.0,21.0,31.0,,,34.0,10.0,,,19.0,21.0,,14.0,,,31.0,,15.0,25.0,,,,26.0,45.0,57.0,45.0,15.0,17.0,20.0,34.0,,40.0,15.0,9.0,35.0,,16.0,22.0,23.0,33.0,40.0,10.0,50.0,13.0,,25.0,31.0,52.0,36.0,39.0,34.0,50.0,,18.0,14.0,17.0,0.0,26.0,20.0,45.0,39.0,42.0,,20.0,28.0,41.0,23.0,,21.0,25.0,58.0,13.0,52.0,10.0,18.0,17.0,18.0,10.0,56.0,,12.0,,,52.0,21.0,,20.0,37.0,31.0,39.0,36.0,14.0,47.0,,10.0,50.0,22.0,36.0,21.0,20.0,44.0,19.0,47.0,51.0,,19.0,29.0,10.0,24.0,,46.0,23.0,,43.0,24.0,43.0,33.0,28.0,45.0,11.0,57.0,5.0,19.0,18.0,31.0,21.0,6.0,13.0,13.0,35.0,18.0,34.0,,,32.0,,,40.0,,,59.0,16.0,9.0,24.0,12.0,21.0,,40.0,15.0,,29.0,53.0,30.0,,43.0,27.0,34.0,,,11.0,41.0,11.0,42.0,39.0,22.0,22.0,39.0,,23.0,5.0,,,41.0,,51.0,8.0,12.0,24.0,27.0,,36.0,,,23.0,,17.0,14.0,,4.0,9.0,21.0,0.0,19.0,,52.0,9.0,16.0,45.0,,,,16.0,32.0,19.0,9.0,,10.0,40.0,41.0,33.0,40.0,19.0,46.0,24.0,49.0,,39.0,50.0,,19.0,40.0,,19.0,21.0,55.0,57.0,,53.0,,28.0,11.0,21.0,22.0,15.0,15.0,,20.0,31.0,,15.0,44.0,40.0,,16.0,37.0,,31.0,,52.0,,,33.0,33.0,,18.0,15.0,35.0,29.0,,43.0,44.0,,21.0,15.0,34.0,,44.0,38.0,35.0,28.0,26.0,27.0,5.0,28.0,40.0,8.0,27.0,,51.0,10.0,,47.0,49.0,6.0,26.0,7.0,34.0,,12.0,21.0,13.0,51.0,28.0,,19.0,,32.0,37.0,,35.0,12.0,55.0,27.0,26.0,31.0,43.0,45.0,44.0,24.0,,,,,27.0,31.0,,57.0,10.0,45.0,,,40.0,53.0,37.0,18.0,,26.0,10.0,25.0,16.0,,58.0,50.0,22.0,7.0,35.0,52.0,41.0,49.0,38.0,50.0,46.0,37.0,37.0,41.0,,,49.0,43.0,21.0,25.0,23.0,,42.0,20.0,47.0,48.0,,34.0,,15.0,,,46.0,,9.0,,40.0,43.0,38.0,15.0,,,35.0,29.0,59.0,,16.0,,48.0,56.0,12.0,40.0,,29.0,,,,46.0,,50.0,15.0,31.0,14.0,,13.0,,41.0,9.0,36.0,,4.0,17.0,36.0,50.0,11.0,,,9.0,30.0,,56.0,23.0,38.0,24.0,31.0,17.0,17.0,13.0,24.0,26.0,12.0,,13.0,50.0,,8.0,,46.0,20.0,28.0,13.0,7.0,23.0,26.0,38.0,16.0,25.0,48.0,,22.0,,13.0,,12.0,,21.0,5.0,39.0,12.0,53.0,,,,35.0,,,17.0,51.0,,12.0,31.0,32.0,39.0,23.0,,,14.0,59.0,,,,25.0,55.0,31.0,16.0,30.0,,27.0,18.0,46.0,,29.0,17.0,43.0,33.0,,,11.0,,,51.0,45.0,,25.0,22.0,18.0,,,53.0,27.0,14.0,54.0,42.0,42.0,,1.0,,,37.0,54.0,0.0,46.0,,10.0,,42.0,,,14.0,21.0,,21.0,54.0,,26.0,,8.0,46.0,25.0,,16.0,,,,52.0,31.0,9.0,7.0,,12.0,14.0,,14.0,35.0,43.0,0.0,,36.0,34.0,,,41.0,,,,13.0,,22.0,7.0,42.0,,28.0,17.0,34.0,27.0,28.0,10.0,16.0,47.0,53.0,40.0,24.0,27.0,25.0,,25.0,19.0,56.0,42.0,34.0,17.0,13.0,36.0,36.0,38.0,52.0,49.0,15.0,18.0,53.0,34.0,38.0,59.0,5.0,28.0,51.0,51.0,,56.0,47.0,,,,,46.0,24.0,53.0,26.0,45.0,,,44.0,50.0,28.0,24.0,,26.0,,27.0,34.0,,11.0,37.0,40.0,26.0,,,,50.0,14.0,,22.0,,40.0,18.0,21.0,18.0,18.0,31.0,26.0,17.0,,,25.0,12.0,56.0,6.0,21.0,30.0,40.0,15.0,48.0,37.0,13.0,52.0,,30.0,33.0,13.0,59.0,6.0,26.0,27.0,43.0,,16.0,,15.0,17.0,,42.0,22.0,52.0,35.0,31.0,36.0,34.0,27.0,,,51.0,41.0,7.0,19.0,19.0,,,25.0,34.0,18.0,,26.0,,55.0,52.0,54.0,24.0,27.0,20.0,41.0,39.0,,,34.0,,8.0,58.0,6.0,13.0,19.0,26.0,36.0,,,28.0,,16.0,,36.0,34.0,42.0,46.0,15.0,23.0,16.0,28.0,15.0,7.0,26.0,28.0,42.0,16.0,29.0,,22.0,,,25.0,,29.0,22.0,59.0,,13.0,14.0,16.0,31.0,50.0,11.0,,51.0,,33.0,,,,35.0,48.0,124,3,2.57001414427157,18.296095753776004,-0.36401798123742257
4,5,3,6,1,6,6,6,9,6,6,6,10,5,5,7,7,5,23,25,7,10,8,4,10,12,7,13,7,9,6,7,5,4,12,6,8,11,11,8,13,14.0,10,19,7,8,18,8,0,12,12,9,9,14,21,7,13,7,11,11,8,5,30,15,11.0,12,10,5,12,9,7,8,4,11,7,10,12,13,10,8,12,10,10,12,0,18,13,13,21,10,12,9,21,12,8,10,16,11,5,10,16,20,14,17,13,11,14,16,11,13,12,28.0,12,3,8.0,3,16,15,11,21,11,10,13,0,2,15,5,22.0,5,12,12,11,,14,11,7.0,15,5,14,17,26,9,16,5,21.0,6.0,15,12.0,7,0,8,13,31.0,8,19,19,25,37.0,13,16,47,12,10,11,21,40.0,12,15,16,18,14,12.0,11,26,13,16,17,22.0,16,18.0,11,14,5,17,13,13.0,40.0,28,11,35.0,38.0,15,20,7,11,17,10,9,19.0,23,8,19.0,7,16,29,5,45.0,15,21,5,16,49.0,20,11,20,22,9,14,3,14.0,35.0,7,20,15,52.0,21,14,20,13.0,11,14.0,13.0,16,12,,2,17,15,12.0,42.0,25,13,20,19,0,21.0,11,15,11,3,20,11,28.0,24.0,23,19.0,18.0,35.0,0.0,19,20.0,10,14,10,,44.0,10.0,,40.0,15,10.0,13.0,,17,10,35.0,16,26,21,23.0,7.0,33.0,9,47.0,19,13,12.0,17.0,12,10.0,4.0,15,13,29.0,13,2.0,16.0,33.0,18,23,0.0,12,21,22,16,12,17,10,17,14,11,26,16,27.0,35.0,5,15,14,20.0,5.0,26,28,9,19.0,15,18.0,26,16,28,11,29,20.0,13,12.0,13,17,15.0,16,20,18,53.0,38.0,11,34.0,34.0,27.0,32.0,28.0,4,22.0,19,22,15,15.0,15,33.0,30.0,17,15.0,32.0,56.0,32,,13,30,31,25,13,9,18,23.0,12,7.0,20,30,25,35.0,14,,28,18.0,25,46.0,11,24,19.0,33,20.0,8,38.0,20.0,4,24,7.0,12.0,10.0,16.0,30.0,19,33.0,33.0,20,32.0,22,30,43.0,,11,28.0,6,9.0,34.0,10,16,14,24.0,14,21.0,32.0,20,32.0,3,,12,15,10,16.0,34.0,13,20,19,19.0,19.0,27,18,34.0,13,15.0,37.0,19.0,38.0,38.0,21.0,5.0,9.0,29.0,27.0,14,11,22.0,42.0,19.0,16.0,14.0,23.0,16.0,17.0,13,29,12.0,56.0,1,,4.0,48.0,,55.0,22.0,14,21,,30.0,16.0,22.0,19,47.0,16.0,23.0,23,16,22,28.0,35.0,10.0,29.0,11,17,13.0,18.0,33,28.0,21.0,16,42.0,17.0,23.0,16,21.0,29,24.0,35.0,27.0,17,24.0,17,25.0,10,10,24.0,22.0,,15.0,46,21,25,0.0,32,15.0,20,21,29.0,18,22,40.0,18.0,7,22,32.0,47.0,40.0,14.0,16.0,7.0,3,18.0,25,15,36.0,,27.0,19.0,5.0,36.0,21,19,14.0,,22.0,17.0,19.0,16.0,17,44.0,8,18.0,,49.0,,29,7.0,21,18.0,39.0,50.0,16,22.0,,,14,15,27.0,45.0,24.0,53.0,,18.0,25.0,30.0,14.0,29.0,17.0,55.0,20,17,22.0,12.0,,15,7,15,20,26.0,16.0,18,17,33.0,9.0,19,37.0,9.0,17.0,12,35.0,31.0,26.0,15,21.0,15.0,27.0,,23.0,36.0,29,32.0,16,20.0,20,19,18,16.0,39.0,9.0,26.0,35.0,12.0,,29.0,21.0,46.0,27.0,19,38.0,54.0,29,22.0,21.0,11.0,13.0,16,18.0,37.0,,39,20,36.0,30,31.0,28.0,22.0,25.0,19,14.0,27,26,31.0,13,,12,14.0,23.0,29.0,19,13,43.0,8.0,19,19.0,17,32.0,17,,17.0,34.0,44.0,35.0,14.0,3,16.0,40.0,44.0,19.0,14.0,41.0,44.0,3,14,14.0,19,17,22,0.0,37.0,11.0,40.0,15.0,42.0,40,22.0,29.0,29.0,9,,41.0,,6.0,22.0,27,21.0,32.0,34.0,49.0,9.0,30.0,20.0,38,19.0,28.0,21.0,30.0,18.0,13.0,25.0,9,37.0,,19.0,43.0,18,14,48.0,,16,29.0,10.0,23.0,9,46.0,7.0,38.0,,24,,,12.0,31.0,25.0,11.0,10.0,8.0,12.0,8,26,0.0,33.0,17.0,17.0,17.0,26.0,37.0,19.0,20.0,26.0,10,13,55.0,27,35.0,12.0,38.0,15.0,10,15,41.0,14.0,15.0,18.0,22.0,17.0,55.0,5.0,18.0,7,20.0,,,38.0,20.0,15.0,13,12.0,11.0,15.0,29,16.0,32.0,36.0,15.0,19.0,26.0,20,31.0,39,50.0,19.0,11.0,35.0,21.0,12.0,22.0,18.0,16.0,25.0,,,23.0,28.0,24.0,41.0,14.0,51.0,15.0,,23.0,20,45.0,43.0,21,46.0,37.0,9,18.0,29.0,43.0,23,22,20,19.0,19.0,31.0,34.0,36.0,25.0,19.0,18.0,39.0,29,40.0,5,17.0,13,19,22.0,15,12.0,19.0,44.0,4.0,15,44.0,10.0,27.0,24.0,13.0,49.0,36,,17,38.0,22.0,,40,25.0,22,16,38.0,6.0,32.0,13,39.0,17.0,18,25.0,7.0,38.0,47.0,18.0,8.0,29.0,26.0,33,12.0,23.0,36.0,13.0,25.0,,42.0,14.0,13,40.0,11,25.0,25.0,38.0,37.0,14,13,23.0,8.0,24.0,30.0,44.0,23.0,28.0,6.0,41.0,42,27.0,15.0,32,12,34.0,,20,37.0,26.0,14,3.0,32,25,26,,19.0,56.0,11.0,18.0,24.0,44.0,28.0,22.0,17.0,38.0,24.0,36.0,29.0,34.0,46.0,30.0,41.0,40.0,21.0,46.0,34.0,22.0,12.0,22.0,,18.0,,40.0,21.0,39.0,46.0,38.0,33.0,8.0,,16.0,13.0,43.0,42.0,,19.0,41.0,35.0,,33.0,33.0,35.0,25,48.0,25.0,20.0,18,25.0,32.0,,16.0,39.0,31.0,56.0,20.0,,32.0,35.0,24.0,49.0,,14.0,22.0,50.0,12.0,26.0,12.0,35.0,10.0,,14.0,26.0,24.0,15.0,29.0,14,43.0,46.0,,28,43.0,47.0,10.0,28.0,51.0,,2.0,,45.0,33,26.0,49.0,14.0,15.0,41.0,,13,23,,17.0,26.0,,30.0,16.0,23,34,46.0,35.0,,4.0,11.0,53.0,16.0,26.0,28.0,59.0,49.0,,,38.0,29.0,20.0,14,17.0,37.0,7.0,14.0,6.0,13,16.0,16,32.0,15,26.0,32.0,34.0,40.0,,,15.0,28.0,35.0,21.0,29.0,19.0,18,6.0,,58.0,22.0,,25,,,0.0,,57.0,10.0,37.0,31.0,37.0,13,17,25.0,19.0,45.0,27.0,53.0,23.0,24.0,28.0,34,,42.0,45.0,20.0,46.0,27.0,24.0,16.0,13,16.0,36.0,,26,9,20.0,22.0,3.0,19.0,,14.0,23.0,45.0,41.0,31.0,,14.0,24.0,43.0,34.0,21,15.0,33.0,58.0,30.0,41.0,24,28.0,26.0,36,42.0,36.0,34.0,,31.0,33.0,29.0,16.0,12.0,10.0,17.0,11,24.0,31.0,35.0,17.0,14,,38.0,30.0,14.0,17.0,33.0,22.0,48.0,55.0,7.0,23.0,10.0,29.0,32,24,6.0,45.0,19.0,30.0,49.0,15,25,29.0,21.0,37.0,,,17.0,30.0,21.0,18.0,45.0,24.0,24.0,19.0,,33.0,20,0,26.0,21.0,39.0,,45.0,21,56.0,9.0,,51.0,,26.0,25.0,4.0,32.0,,56.0,28.0,,16.0,27.0,18,37.0,46.0,4,,44.0,55.0,45.0,12.0,38.0,14.0,26.0,16.0,56.0,18.0,,28.0,38.0,17.0,10.0,31.0,17.0,26.0,38.0,33.0,19.0,,33.0,18.0,57.0,,27.0,31.0,51.0,27.0,14.0,21.0,19.0,36.0,20.0,18.0,36.0,28.0,36.0,25.0,21.0,18.0,14.0,,48.0,39.0,17.0,24.0,33.0,33.0,28.0,,19.0,53.0,15.0,,,10.0,7.0,29.0,17,23.0,24.0,,22.0,,45.0,26.0,14.0,6.0,34.0,25.0,40.0,,44.0,40.0,31.0,52.0,12.0,43.0,28.0,26.0,5.0,37.0,22.0,46.0,6.0,20.0,6.0,21.0,,10.0,19.0,47.0,,20.0,31.0,,34.0,41.0,,20.0,57.0,,10.0,,,16,,31.0,12.0,39.0,,,18.0,25.0,,22,42.0,0.0,28.0,24.0,20.0,,25.0,,3.0,47.0,30.0,33.0,59.0,27.0,,,12,,16.0,,39.0,,24.0,24.0,,32.0,11.0,16.0,,,20.0,,21.0,20.0,,31.0,37.0,,29.0,32.0,54.0,22,11,41.0,36.0,12.0,22.0,3.0,13.0,10.0,14.0,,12.0,,41.0,20.0,,16.0,13.0,23.0,33.0,19.0,42.0,18.0,9.0,,,,40.0,,17.0,27.0,38.0,32.0,,51.0,,25.0,34.0,11.0,35.0,,28.0,45.0,52.0,35.0,22.0,57.0,36.0,31.0,14.0,7,24.0,12.0,57.0,36.0,12,40.0,22.0,,25.0,34.0,35.0,12.0,,44,41.0,25.0,44.0,46.0,46.0,5.0,54.0,24,24.0,33.0,59.0,16.0,18,56.0,15.0,4.0,59.0,30.0,2.0,19.0,33.0,31.0,27.0,16.0,,24.0,22.0,40.0,5.0,,18.0,26.0,55.0,9.0,49.0,16.0,,36,56.0,15.0,50.0,,54.0,14.0,,20.0,,24.0,,31.0,20.0,24,13.0,44.0,25.0,50.0,9.0,43.0,23.0,31.0,15.0,,11.0,47.0,36.0,45.0,37.0,28.0,30.0,,,,37.0,20.0,21.0,24.0,57.0,,33.0,37.0,10.0,33.0,37.0,17.0,19.0,27.0,11.0,13.0,17.0,56.0,19.0,41.0,29.0,29.0,49.0,,23.0,25.0,45.0,,13.0,44.0,,31.0,30.0,19.0,37.0,32.0,8.0,,16.0,,16.0,29.0,6.0,17.0,37.0,33.0,33.0,,51.0,24,22.0,21.0,18.0,23.0,16.0,24.0,12.0,30.0,47.0,22.0,36.0,27.0,22.0,14.0,27.0,20.0,22.0,41.0,48.0,,20.0,,12.0,21.0,27.0,11.0,34.0,46.0,56.0,56.0,43.0,18.0,39.0,,27.0,,18.0,21.0,21.0,49.0,,28.0,41.0,9.0,21.0,42.0,28.0,58.0,27.0,13.0,42.0,36.0,16.0,55.0,,23.0,52.0,18.0,27.0,14.0,47.0,44.0,28.0,,28.0,25.0,20.0,30.0,33.0,50.0,30.0,35.0,13.0,21.0,27.0,,41.0,31.0,27.0,,17.0,56.0,15.0,51.0,34.0,16.0,,51.0,39.0,32.0,22.0,40.0,43.0,,32.0,45.0,49.0,27.0,,24.0,,,,,,33.0,,39.0,21.0,25.0,,45.0,,10.0,40.0,22.0,22.0,16.0,36.0,,31.0,38.0,59.0,17.0,24.0,0.0,,27.0,12,58.0,50.0,31.0,20.0,17.0,20.0,14.0,5.0,26.0,30.0,34,41.0,15.0,58.0,24.0,22.0,,16.0,20.0,31,5.0,,8.0,18.0,22.0,30.0,19.0,47.0,,28.0,46.0,38.0,19.0,42.0,,19.0,,45.0,13.0,43.0,48.0,23.0,46.0,23.0,20.0,35.0,26.0,52.0,15.0,,25.0,5.0,29.0,,37.0,,45.0,33.0,0.0,37.0,25.0,0.0,45.0,13.0,29.0,15.0,36.0,46.0,30.0,,7.0,52.0,,51.0,,9.0,36.0,20.0,32.0,42.0,21.0,26.0,34.0,,40.0,,35.0,22.0,33.0,36.0,23.0,,,29.0,35.0,58.0,27.0,25.0,21.0,32.0,45.0,15.0,46.0,26.0,20.0,23.0,,51.0,29.0,12.0,20.0,36.0,24.0,52.0,19.0,35.0,42.0,11.0,21.0,24.0,34.0,41.0,,,59.0,19.0,54.0,19.0,28,50.0,37.0,17.0,0.0,23.0,5.0,,49.0,25.0,17.0,,36.0,42.0,36.0,18.0,23.0,13.0,,17.0,29.0,0.0,39.0,35.0,20.0,46.0,35.0,37.0,44.0,38.0,43.0,20.0,16.0,,30.0,17.0,36.0,,20.0,35.0,,34.0,25.0,15.0,18.0,11.0,10.0,11.0,15.0,3.0,45.0,,26.0,0.0,37.0,40.0,36.0,11.0,54.0,28.0,38.0,16.0,23.0,17.0,20.0,40.0,,36.0,30.0,,15.0,16.0,,14.0,33.0,10.0,35.0,,7.0,28.0,19,,12.0,10,46.0,19.0,42.0,25.0,20.0,,23.0,21.0,13.0,30.0,20.0,24.0,41.0,31.0,40.0,30.0,38.0,54.0,,56.0,31.0,55.0,23.0,28.0,28.0,18.0,10.0,14.0,39.0,28.0,2.0,30.0,30.0,38.0,21.0,27.0,39.0,,22.0,,34.0,12.0,,38.0,15.0,35.0,54.0,,45.0,22.0,,36.0,24.0,49.0,22.0,22.0,10.0,25.0,,22.0,15.0,12.0,,32.0,9.0,40.0,25.0,20.0,21.0,,10.0,55.0,44.0,,4.0,,11.0,,25.0,50.0,23.0,49.0,36.0,18.0,,8.0,54.0,43.0,40.0,15.0,19.0,,16.0,12.0,17.0,57.0,18.0,0.0,51.0,8.0,37.0,,14.0,39.0,50.0,29.0,24.0,18.0,28.0,0.0,28.0,,9.0,33.0,8.0,27.0,0.0,41.0,34.0,40.0,13.0,35.0,44.0,28.0,11.0,14.0,31.0,9.0,37.0,53.0,41.0,27.0,32.0,34.0,9.0,,10.0,13.0,12.0,13.0,20.0,,44.0,50.0,32.0,24.0,36.0,19.0,51.0,,22.0,20.0,27.0,47.0,34.0,10.0,,,23.0,25.0,,,,56.0,54.0,34.0,,,21.0,38.0,,45.0,,22.0,,42.0,29.0,19.0,23.0,17.0,6.0,,26.0,23.0,23.0,17.0,44.0,32.0,,21.0,50.0,11.0,,18.0,25.0,,6.0,11.0,,0.0,22.0,49.0,59.0,26.0,24.0,40.0,40.0,,28.0,21.0,18.0,40.0,6.0,22.0,,40.0,41.0,33.0,45.0,42.0,53.0,,19.0,34.0,,37.0,22.0,31.0,41.0,15.0,17.0,32.0,30.0,37.0,27.0,43.0,33.0,,,22.0,11.0,35.0,24.0,43.0,,22.0,8.0,18.0,,,18.0,33.0,34.0,47.0,13.0,33.0,,,39.0,28.0,39.0,43.0,,56.0,24.0,27.0,4.0,22.0,,55.0,,58.0,56.0,50.0,18.0,19.0,36.0,38.0,36.0,46.0,,45.0,,,33.0,36.0,37.0,31.0,32.0,25.0,25.0,22.0,17.0,14.0,35.0,14.0,59.0,,23.0,19.0,39.0,34.0,,18.0,,38.0,,32.0,16.0,31.0,,,14.0,40.0,57.0,25.0,23.0,59.0,26.0,25.0,36.0,39.0,18.0,38.0,17.0,29.0,36.0,,21.0,,39.0,17.0,41.0,,,52.0,41.0,24.0,24.0,49.0,16.0,,44.0,27.0,58.0,47.0,16.0,19.0,,,,37.0,8.0,29.0,12.0,35.0,,57.0,0.0,38.0,52.0,,,17.0,,16.0,37.0,36.0,54.0,15.0,,35.0,,47.0,39.0,,9.0,47.0,44.0,,34.0,48.0,55.0,31.0,56.0,24.0,45.0,18.0,19.0,18.0,28.0,,30.0,28.0,37.0,33.0,24.0,34.0,51.0,40.0,29.0,,34.0,52.0,55.0,40.0,,48.0,37.0,36.0,,,38.0,55.0,,20.0,,55.0,19.0,45.0,,16.0,51.0,,9.0,35.0,,29.0,17.0,22.0,43.0,45.0,47.0,,35.0,27.0,0.0,10.0,37.0,,55.0,48.0,55.0,,55.0,24.0,,,54.0,31.0,16.0,29.0,22.0,23.0,28.0,,,20.0,13.0,46.0,25.0,,47.0,21.0,40.0,46.0,18.0,40.0,40.0,32.0,,,35.0,,25.0,46.0,,23.0,45.0,,36.0,0.0,7.0,26.0,42.0,,57.0,0.0,33.0,28.0,16.0,43.0,15.0,8.0,33.0,47.0,,,39.0,6.0,,,21.0,6.0,23.0,,40.0,33.0,,26.0,40.0,,25.0,,18.0,,27.0,2.0,30.0,43.0,21.0,41.0,32.0,38.0,,47.0,,39.0,53.0,48.0,14.0,50.0,,,9.0,38.0,15.0,26.0,41.0,,33.0,49.0,57.0,,44.0,46.0,,,,11.0,33.0,27.0,13.0,,55.0,10.0,31.0,,16.0,35.0,10.0,,28.0,11.0,24.0,,58.0,34.0,29.0,13.0,18.0,20.0,25.0,48.0,55.0,9.0,44.0,43.0,,,25.0,,24.0,22.0,54.0,15.0,25.0,29.0,46.0,11.0,26.0,45.0,29.0,17.0,13.0,30.0,20.0,,36.0,15.0,32.0,,30.0,27.0,12.0,24.0,53.0,18.0,,,44.0,,,38.0,36.0,,,21.0,,,22.0,,16.0,28.0,21.0,36.0,21.0,33.0,34.0,18.0,23.0,42.0,23.0,22.0,36.0,42.0,,,15.0,18.0,16.0,,18.0,,,,,41.0,42.0,,42.0,,8.0,14.0,54.0,38.0,33.0,,33.0,27.0,32.0,59.0,30.0,52.0,55.0,,,52.0,32.0,45.0,10.0,38.0,16.0,13.0,59.0,,34.0,28.0,,53.0,25.0,20.0,,40.0,44.0,,,,42.0,59.0,,16.0,,52.0,,,18.0,56.0,49.0,16.0,43.0,28.0,31.0,15.0,,43.0,34.0,33.0,49.0,,,13.0,22.0,52.0,53.0,49.0,,6.0,57.0,38.0,41.0,32.0,,3.0,,48.0,32.0,,51.0,25.0,,31.0,50.0,37.0,28.0,,21.0,21.0,19.0,40.0,43.0,,15.0,,24.0,9.0,4.0,28.0,35.0,,,50.0,11.0,,,19.0,,28.0,13.0,29.0,33.0,25.0,50.0,28.0,52.0,23.0,11.0,52.0,12.0,15.0,15.0,,23.0,21.0,6.0,22.0,51.0,14.0,,39.0,51.0,19.0,15.0,22.0,41.0,18.0,8.0,,55.0,25.0,8.0,20.0,33.0,16.0,,38.0,27.0,22.0,45.0,56.0,12.0,58.0,47.0,9.0,35.0,37.0,24.0,9.0,57.0,,8.0,53.0,12.0,34.0,,17.0,19.0,,39.0,30.0,45.0,16.0,,35.0,,31.0,19.0,52.0,,21.0,,0.0,47.0,21.0,13.0,9.0,22.0,6.0,44.0,,37.0,,41.0,19.0,20.0,,24.0,47.0,,26.0,59.0,19.0,30.0,,12.0,32.0,54.0,59.0,26.0,29.0,11.0,12.0,45.0,,13.0,9.0,13.0,13.0,36.0,25.0,36.0,,45.0,44.0,34.0,15.0,47.0,11.0,,32.0,11.0,57.0,19.0,6.0,,28.0,47.0,,37.0,,34.0,16.0,,9.0,31.0,15.0,,37.0,24.0,56.0,15.0,32.0,,33.0,26.0,16.0,12.0,10.0,26.0,,22.0,,16.0,,12.0,32.0,10.0,56.0,46.0,55.0,,24.0,45.0,,,41.0,,,14.0,33.0,32.0,30.0,,30.0,39.0,32.0,,,30.0,,19.0,30.0,,,13.0,49.0,41.0,46.0,24.0,,,,27.0,29.0,56.0,20.0,,20.0,,35.0,17.0,39.0,38.0,9.0,18.0,43.0,37.0,26.0,59.0,19.0,41.0,37.0,23.0,13.0,24.0,30.0,16.0,52.0,10.0,16.0,49.0,44.0,32.0,39.0,,,18.0,29.0,,43.0,8.0,22.0,0.0,31.0,,47.0,21.0,31.0,48.0,,27.0,36.0,54.0,,42.0,53.0,17.0,8.0,36.0,31.0,16.0,26.0,,,19.0,,,,30.0,35.0,59.0,53.0,,36.0,16.0,35.0,44.0,42.0,8.0,24.0,,28.0,,,,17.0,51.0,51.0,21.0,21.0,,59.0,,38.0,,14.0,,27.0,27.0,14.0,18.0,22.0,37.0,49.0,,12.0,8.0,,43.0,35.0,29.0,27.0,33.0,25.0,51.0,34.0,16.0,,17.0,0.0,,,,14.0,22.0,25.0,46.0,25.0,35.0,25.0,19.0,44.0,21.0,125,3,2.527196652719665,18.109561752988046,-0.36356401901345076
5,5,1,8,6,6,6,10,6,7,8,10,6,4,9,5,8,6,31,9,8,6,9,8,9,12,8,7,9,9,7,8,10,11,10,7,16,6,9,12,11,25.0,10,21,7,10,20,6,9,30,12,15,9,16,34,19,16,14,11,9,17,0,18,15,11.0,10,10,12,12,11,7,17,10,12,11,8,13,13,12,13,30,13,3,7,13,16,15,11,24,10,12,14,29,9,14,10,11,17,16,15,20,11,8,5,17,19,18,16,14,16,16,16.0,16,14,26.0,3,20,15,10,16,11,32,10,9,7,19,19,7.0,26,10,27,13,28.0,9,0,16.0,13,13,10,13,8,12,10,13,12.0,,13,15.0,12,13,13,15,57.0,12,20,10,20,23.0,20,15,9,18,17,8,16,,9,16,10,15,20,19.0,14,42,14,31,14,26.0,17,17.0,21,16,9,15,28,57.0,24.0,31,31,11.0,23.0,2,10,8,21,49,11,11,17.0,20,29,12.0,23,0,12,4,26.0,18,17,8,14,8.0,13,17,16,16,17,17,21,50.0,9.0,15,23,15,25.0,26,10,6,51.0,4,9.0,14.0,12,13,56.0,20,17,15,33.0,,16,2,16,23,20,24.0,12,19,23,13,24,16,11.0,21.0,8,15.0,16.0,21.0,24.0,0,14.0,18,27,27,22.0,24.0,26.0,,23.0,14,31.0,24.0,,20,21,22.0,10,30,13,24.0,27.0,3.0,41,59.0,20,21,25.0,22.0,14,25.0,28.0,7,28,50.0,23,25.0,20.0,23.0,0,12,11.0,30,20,1,14,15,19,17,16,22,20,11,17,16.0,32.0,24,19,17,17.0,37.0,12,40,8,34.0,21,,17,7,26,11,21,18.0,0,16.0,25,16,16.0,18,24,11,56.0,13.0,0,25.0,19.0,25.0,19.0,22.0,20,27.0,29,10,19,21.0,12,22.0,8.0,0,15.0,15.0,53.0,25,10.0,18,18,24,7,17,33,13,16.0,19,27.0,24,30,20,3.0,16,52.0,19,34.0,19,59.0,18,20,22.0,23,17.0,28,25.0,22.0,17,20,,20.0,18.0,33.0,55.0,26,24.0,10.0,27,48.0,31,18,60.0,,24,25.0,20,24.0,11.0,20,13,17,15.0,20,18.0,28.0,21,13.0,13,24.0,11,23,25,16.0,45.0,9,24,23,,24.0,11,22,21.0,48,13.0,43.0,31.0,22.0,10.0,24.0,39.0,7.0,13.0,35.0,20,31,34.0,16.0,6.0,14.0,28.0,12.0,58.0,24.0,24,18,49.0,32.0,15,28.0,12.0,,31.0,20.0,36.0,25,47,14.0,49.0,42.0,21.0,27,33.0,23.0,20.0,18,13,14,17.0,29.0,15.0,13.0,9,19,17.0,17.0,21,45.0,20.0,22,35.0,7.0,48.0,22,18.0,25,39.0,24.0,30.0,9,10.0,20,17.0,19,20,41.0,24.0,9.0,13.0,35,19,15,20.0,26,0.0,2,56,25.0,16,18,37.0,29.0,35,23,22.0,13.0,15.0,56.0,50.0,16.0,14,0.0,3,9,13.0,9.0,42.0,26.0,54.0,15.0,20,28,39.0,19.0,22.0,28.0,17.0,21.0,22,10.0,20,45.0,,52.0,25.0,16,34.0,23,24.0,30.0,5.0,26,48.0,28.0,19.0,24,28,21.0,24.0,30.0,19.0,40.0,34.0,,30.0,24.0,37.0,,31.0,20,22,23.0,11.0,46.0,10,27,18,33,21.0,32.0,19,9,23.0,9.0,15,19.0,22.0,,34,,7.0,,37,29.0,,22.0,23.0,18.0,10.0,15,10.0,19,24.0,13,23,21,37.0,25.0,10.0,41.0,6.0,22.0,,29.0,10.0,29.0,11.0,22,50.0,17.0,19,44.0,36.0,5.0,16.0,12,13.0,,23.0,16,27,,20,43.0,,7.0,32.0,20,6.0,29,16,38.0,23,46.0,26,12.0,53.0,17.0,25,0,9.0,17.0,16,27.0,26,,18,,8.0,54.0,6.0,33.0,16.0,40,23.0,,30.0,26.0,10.0,15.0,1.0,43,27,35.0,33,19,16,,7.0,24.0,25.0,20.0,28.0,31,24.0,19.0,28.0,13,15.0,27.0,36.0,13.0,19.0,19,,17.0,25.0,43.0,17.0,22.0,22.0,23,31.0,58.0,,21.0,32.0,13.0,34.0,25,17.0,29.0,13.0,15.0,21,16,12.0,45.0,7,32.0,55.0,14.0,30,21.0,27.0,15.0,25.0,22,,24.0,24.0,46.0,32.0,5.0,9.0,49.0,12.0,18,32,40.0,,34.0,39.0,22.0,15.0,10.0,2.0,31.0,38.0,16,26,26.0,39,37.0,28.0,30.0,22.0,26,21,20.0,28.0,32.0,40.0,,42.0,25.0,23.0,36.0,25,42.0,6.0,24.0,35.0,41.0,40.0,21,38.0,39.0,27.0,24,31.0,27.0,16.0,42.0,23.0,32.0,18,25.0,36,56.0,43.0,17.0,22.0,60.0,34.0,9.0,26.0,32.0,8.0,58.0,12.0,19.0,9.0,30.0,24.0,45.0,40.0,10.0,30.0,25.0,21,43.0,44.0,17,59.0,29.0,23,11.0,36.0,37.0,42,7,23,30.0,32.0,57.0,22.0,22.0,18.0,20.0,,22.0,17,7.0,24,32.0,21,22,8.0,31,40.0,50.0,25.0,20.0,24,,37.0,22.0,10.0,35.0,58.0,28,60.0,0,36.0,19.0,34.0,34,29.0,15,12,43.0,37.0,,22,20.0,,21,27.0,51.0,32.0,20.0,53.0,14.0,37.0,53.0,52,25.0,14.0,22.0,48.0,0.0,28.0,59.0,24.0,26,15.0,14,28.0,33.0,58.0,25.0,32,13,20.0,19.0,37.0,37.0,36.0,29.0,14.0,33.0,37.0,21,43.0,23.0,28,27,15.0,40.0,26,,31.0,16,36.0,16,31,14,,22.0,20.0,,51.0,38.0,14.0,28.0,25.0,57.0,51.0,28.0,29.0,29.0,43.0,41.0,46.0,33.0,8.0,53.0,55.0,23.0,28.0,33.0,45.0,,52.0,29.0,14.0,24.0,38.0,29.0,16.0,38.0,,31.0,60.0,46.0,44.0,43.0,26.0,50.0,20.0,29.0,32.0,37.0,49.0,43.0,12,22.0,16.0,34.0,11,13.0,19.0,36.0,28.0,24.0,29.0,25.0,49.0,,,35.0,21.0,30.0,59.0,34.0,12.0,41.0,24.0,38.0,22.0,15.0,34.0,22.0,16.0,35.0,34.0,30.0,26.0,17,18.0,,27.0,17,45.0,22.0,30.0,29.0,28.0,13.0,30.0,53.0,18.0,31,11.0,22.0,32.0,57.0,9.0,21.0,21,17,,57.0,41.0,36.0,11.0,19.0,42,21,,15.0,26.0,,33.0,30.0,26.0,25.0,18.0,,42.0,,42.0,27.0,9.0,34.0,39,9.0,38.0,45.0,58.0,8.0,28,35.0,22,39.0,23,9.0,,29.0,37.0,16.0,34.0,44.0,43.0,21.0,24.0,15.0,28.0,24,38.0,46.0,32.0,17.0,16.0,30,14.0,12.0,25.0,42.0,9.0,,19.0,54.0,27.0,18,14,,7.0,23.0,30.0,17.0,41.0,8.0,9.0,3,,32.0,37.0,58.0,17.0,40.0,43.0,19.0,29,39.0,40.0,52.0,28,24,27.0,,61.0,23.0,39.0,18.0,,31.0,31.0,44.0,,16.0,11.0,26.0,25.0,8,33.0,36.0,20.0,31.0,9.0,7,12.0,16.0,19,,25.0,30.0,15.0,55.0,46.0,37.0,48.0,29.0,11.0,,47,12.0,53.0,38.0,16.0,23,37.0,,45.0,5.0,26.0,50.0,14.0,20.0,15.0,47.0,41.0,22.0,24.0,25,33,41.0,,0.0,6.0,33.0,21,32,26.0,46.0,45.0,47.0,,23.0,25.0,54.0,20.0,,23.0,33.0,49.0,,,19,29,32.0,31.0,36.0,33.0,,35,30.0,10.0,,40.0,52.0,28.0,20.0,29.0,49.0,29.0,31.0,36.0,35.0,16.0,38.0,17,28.0,19.0,21,31.0,33.0,,10.0,41.0,33.0,14.0,0.0,,27.0,23.0,,23.0,33.0,35.0,61.0,38.0,30.0,20.0,1.0,14.0,54.0,,32.0,27.0,43.0,,24.0,29.0,43.0,50.0,,16.0,24.0,29.0,9.0,21.0,,,17.0,19.0,36.0,38.0,31.0,41.0,42.0,34.0,36.0,29.0,,25.0,12.0,16.0,23.0,41.0,,20.0,,46.0,43.0,39.0,0,36.0,20.0,,56.0,,,17.0,20.0,18.0,46.0,22.0,33.0,58.0,24.0,37.0,11.0,24.0,10.0,,0.0,,34.0,20.0,28.0,21.0,39.0,32.0,41.0,53.0,25.0,24.0,39.0,22.0,36.0,12.0,21.0,36.0,,25.0,45.0,,39.0,,13.0,16.0,,1,,17.0,13.0,45.0,48.0,,11.0,,30.0,41,11.0,21.0,40.0,23.0,23.0,18.0,12.0,18.0,19.0,,19.0,39.0,38.0,33.0,,56.0,35,34.0,38.0,,58.0,60.0,9.0,16.0,35.0,36.0,35.0,33.0,22.0,12.0,12.0,32.0,32.0,53.0,,44.0,40.0,,,,33.0,19,16,51.0,41.0,48.0,25.0,58.0,32.0,13.0,20.0,15.0,41.0,61.0,19.0,35.0,,,29.0,,56.0,20.0,28.0,28.0,24.0,32.0,25.0,18.0,18.0,35.0,55.0,,26.0,,36.0,18.0,10.0,,58.0,39.0,21.0,35.0,,41.0,,32.0,16.0,8.0,,,19.0,25,17.0,28.0,21.0,15.0,22,21.0,31.0,,26.0,11.0,27.0,21.0,13.0,26,,16.0,34.0,19.0,60.0,24.0,,29,48.0,15.0,52.0,,27,,16.0,20.0,47.0,,28.0,33.0,,16.0,54.0,14.0,15.0,21.0,,,9.0,36.0,53.0,11.0,31.0,11.0,21.0,25.0,34.0,27,,,46.0,20.0,13.0,58.0,,16.0,48.0,53.0,38.0,28.0,15.0,25,13.0,32.0,37.0,43.0,24.0,25.0,38.0,27.0,,,40.0,48.0,12.0,51.0,49.0,28.0,56.0,31.0,18.0,,17.0,15.0,,,28.0,36.0,28.0,,12.0,18.0,40.0,26.0,33.0,30.0,20.0,37.0,18.0,,32.0,8.0,13.0,21.0,45.0,21.0,36.0,24.0,,,,49.0,33.0,31.0,28.0,22.0,34.0,60.0,47.0,,,8.0,24.0,13.0,22.0,17.0,30.0,37.0,36.0,41.0,,20,37.0,32.0,8.0,15.0,,,25.0,34.0,,55.0,28.0,31.0,38.0,54.0,17.0,15.0,17.0,14.0,24.0,30.0,55.0,,36.0,58.0,25.0,,18.0,,33.0,41.0,37.0,40.0,49.0,11.0,44.0,17.0,8.0,37.0,40.0,,,51.0,,27.0,,18.0,43.0,59.0,19.0,29.0,,,31.0,32.0,57.0,29.0,41.0,26.0,4.0,42.0,36.0,34.0,19.0,14.0,19.0,36.0,11.0,14.0,32.0,25.0,0.0,,37.0,13.0,31.0,26.0,27.0,,32.0,,43.0,47.0,37.0,37.0,,7.0,36.0,,,38.0,15.0,38.0,50.0,35.0,37.0,23.0,25.0,17.0,,37.0,,23.0,45.0,,45.0,24.0,15.0,37.0,3.0,16.0,,14.0,15.0,,,8.0,24.0,27.0,26.0,58.0,30.0,20.0,,47.0,,44.0,41.0,18.0,18,31.0,46.0,,52.0,,18.0,41.0,,34.0,34.0,19,29.0,60.0,42.0,36.0,26.0,37.0,16.0,,25,26.0,32.0,34.0,11.0,11.0,,30.0,,,,34.0,27.0,14.0,42.0,52.0,,13.0,,32.0,19.0,,28.0,43.0,38.0,21.0,61.0,17.0,40.0,38.0,28.0,17.0,52.0,36.0,33.0,38.0,58.0,,56.0,43.0,34.0,,51.0,,40.0,,48.0,10.0,,,48.0,13.0,14.0,48.0,,,23.0,24.0,,45.0,,27.0,25.0,,19.0,37.0,,10.0,37.0,20.0,30.0,46.0,23.0,21.0,26.0,11.0,24.0,24.0,,,47.0,48.0,23.0,14.0,53.0,,20.0,6.0,40.0,24.0,32.0,25.0,,13.0,42.0,24.0,46.0,46.0,,3.0,,26.0,,37.0,31.0,48.0,14.0,46.0,,50,37.0,,20.0,,26.0,42.0,,50.0,,20.0,34.0,54.0,49.0,16.0,11.0,31.0,53.0,40.0,41.0,41.0,37.0,,16.0,32.0,,28.0,11.0,,57.0,42.0,27.0,10.0,24.0,25.0,18.0,37.0,17.0,36.0,33.0,33.0,17.0,13.0,,33.0,42.0,,35.0,17.0,29.0,41.0,27.0,19.0,22.0,25.0,,34.0,35.0,35.0,,23.0,33.0,27.0,52.0,55.0,,49.0,31.0,22.0,11.0,12.0,32.0,55.0,9.0,18.0,23.0,18.0,,,38.0,14,19.0,20.0,21,7.0,,51.0,31.0,43.0,15.0,18.0,0.0,39.0,33.0,,37.0,25.0,,,61.0,0.0,48.0,,36.0,30.0,16.0,28.0,13.0,28.0,,26.0,26.0,31.0,26.0,20.0,32.0,28.0,43.0,26.0,35.0,,35.0,36.0,59.0,40.0,0.0,36.0,29.0,,1.0,48.0,20.0,31.0,23.0,40.0,42.0,43.0,42.0,23.0,19.0,15.0,16.0,19.0,34.0,14.0,,61.0,36.0,60.0,37.0,35.0,9.0,11.0,49.0,16.0,50.0,40.0,29.0,42.0,,,11.0,34.0,15.0,26.0,11.0,,34.0,30.0,,41.0,45.0,28.0,8.0,30.0,14.0,36.0,59.0,11.0,,32.0,26.0,0.0,36.0,25.0,34.0,,45.0,15.0,33.0,58.0,11.0,17.0,9.0,,8.0,49.0,44.0,50.0,40.0,25.0,36.0,24.0,18.0,33.0,20.0,37.0,,18.0,61.0,8.0,19.0,30.0,49.0,54.0,18.0,39.0,15.0,60.0,,37.0,49.0,9.0,15.0,57.0,15.0,26.0,47.0,,26.0,50.0,7.0,,,25.0,27.0,57.0,53.0,,21.0,15.0,,37.0,19.0,,30.0,36.0,28.0,,,34.0,8.0,11.0,,,45.0,41.0,,33.0,,32.0,12.0,42.0,17.0,22.0,43.0,23.0,,,8.0,36.0,33.0,,31.0,5.0,27.0,,,,30.0,,18.0,44.0,16.0,59.0,30.0,17.0,43.0,38.0,44.0,39.0,,,,39.0,,20.0,37.0,,23.0,31.0,26.0,46.0,,,49.0,22.0,12.0,28.0,51.0,39.0,,57.0,36.0,45.0,9.0,28.0,,17.0,15.0,35.0,54.0,27.0,,26.0,38.0,47.0,45.0,13.0,18.0,31.0,,,47.0,24.0,,11.0,,51.0,22.0,,24.0,18.0,33.0,6.0,10.0,,20.0,,29.0,,37.0,34.0,51.0,44.0,,,21.0,22.0,35.0,19.0,,28.0,43.0,19.0,54.0,24.0,15.0,53.0,42.0,20.0,27.0,38.0,17.0,,,,43.0,38.0,48.0,25.0,46.0,19.0,40.0,30.0,31.0,,41.0,44.0,,,33.0,25.0,33.0,50.0,,23.0,59.0,33.0,12.0,16.0,20.0,,47.0,23.0,36.0,35.0,36.0,,16.0,29.0,27.0,23.0,,41.0,12.0,20.0,33.0,21.0,10.0,,40.0,51.0,21.0,,19.0,23.0,57.0,33.0,18.0,48.0,34.0,6.0,10.0,,16.0,24.0,,60.0,44.0,2.0,39.0,51.0,,34.0,18.0,25.0,40.0,13.0,22.0,47.0,23.0,50.0,24.0,,29.0,39.0,,8.0,35.0,11.0,,0.0,45.0,57.0,48.0,40.0,,38.0,19.0,,43.0,40.0,42.0,22.0,54.0,19.0,46.0,31.0,,29.0,48.0,52.0,,27.0,18.0,37.0,,12.0,,,47.0,,,5.0,,38.0,54.0,37.0,,,46.0,17.0,11.0,27.0,18.0,21.0,6.0,35.0,31.0,39.0,41.0,55.0,31.0,45.0,29.0,,28.0,,,29.0,39.0,40.0,29.0,28.0,30.0,25.0,,,50.0,16.0,37.0,,,,38.0,29.0,22.0,36.0,14.0,22.0,52.0,47.0,51.0,18.0,34.0,,49.0,20.0,31.0,,41.0,,42.0,35.0,,33.0,,39.0,24.0,38.0,12.0,,38.0,,41.0,,,,,39.0,,19.0,26.0,42.0,38.0,22.0,16.0,,4.0,44.0,33.0,,0.0,30.0,34.0,23.0,,15.0,21.0,45.0,30.0,,,,17.0,14.0,,26.0,41.0,43.0,,40.0,24.0,20.0,40.0,39.0,,16.0,22.0,33.0,46.0,,,42.0,19.0,44.0,6.0,,31.0,13.0,50.0,21.0,,50.0,49.0,21.0,29.0,44.0,49.0,,25.0,35.0,36.0,49.0,29.0,34.0,24.0,22.0,52.0,27.0,24.0,,,,39.0,,17.0,53.0,42.0,48.0,0.0,3.0,33.0,28.0,31.0,41.0,,44.0,,19.0,44.0,49.0,9.0,35.0,,27.0,23.0,21.0,35.0,17.0,13.0,,48.0,50.0,18.0,20.0,16.0,40.0,24.0,47.0,12.0,43.0,8.0,46.0,34.0,9.0,21.0,42.0,36.0,,7.0,,29.0,25.0,46.0,19.0,36.0,14.0,,12.0,18.0,37.0,22.0,29.0,13.0,,9.0,18.0,45.0,44.0,56.0,58.0,36.0,24.0,24.0,59.0,,43.0,46.0,13.0,45.0,10.0,,54.0,,11.0,,37.0,38.0,49.0,46.0,6.0,28.0,,42.0,10.0,34.0,51.0,27.0,,26.0,,14.0,0.0,51.0,,,,34.0,45.0,45.0,,39.0,10.0,61.0,19.0,,22.0,,51.0,42.0,,20.0,30.0,59.0,34.0,40.0,20.0,,18.0,43.0,15.0,,,,46.0,27.0,44.0,53.0,35.0,59.0,,57.0,9.0,61.0,,0.0,,36.0,60.0,25.0,14.0,35.0,25.0,57.0,,28.0,28.0,31.0,30.0,0.0,31.0,55.0,19.0,19.0,35.0,8.0,60.0,8.0,57.0,51.0,10.0,11.0,,50.0,,58.0,,,12.0,,,13.0,54.0,15.0,17.0,54.0,,28.0,25.0,43.0,26.0,45.0,,55.0,,40.0,61.0,27.0,48.0,57.0,39.0,49.0,,45.0,,31.0,55.0,19.0,30.0,,22.0,48.0,21.0,15.0,,27.0,,58.0,47.0,56.0,36.0,24.0,39.0,,35.0,45.0,42.0,22.0,29.0,41.0,47.0,,10.0,60.0,39.0,53.0,41.0,60.0,,,40.0,15.0,55.0,,30.0,9.0,14.0,30.0,34.0,31.0,41.0,,,46.0,34.0,7.0,41.0,11.0,24.0,45.0,28.0,35.0,59.0,8.0,35.0,22.0,,,23.0,,2.0,,12.0,24.0,44.0,,49.0,8.0,5.0,39.0,22.0,17.0,,54.0,27.0,28.0,,,35.0,,20.0,18.0,17.0,18.0,,,33.0,41.0,,,33.0,31.0,42.0,55.0,14.0,,26.0,19.0,58.0,20.0,30.0,47.0,,,28.0,47.0,42.0,,27.0,35.0,25.0,24.0,16.0,18.0,15.0,49.0,10.0,0.0,31.0,10.0,43.0,55.0,21.0,,16.0,44.0,,51.0,59.0,32.0,38.0,41.0,,24.0,,36.0,26.0,13.0,10.0,38.0,53.0,,,46.0,36.0,,38.0,37.0,34.0,,,24.0,38.0,,26.0,26.0,32.0,54.0,50.0,60.0,9.0,46.0,33.0,59.0,,35.0,42.0,58.0,,48.0,,34.0,27.0,12.0,36.0,,,,21.0,13.0,17.0,48.0,50.0,55.0,46.0,26.0,0.0,27.0,45.0,18.0,27.0,21.0,15.0,,36.0,,,,35.0,58.0,47.0,24.0,,,,53.0,45.0,42.0,28.0,,,19.0,,52.0,,,22.0,34.0,14.0,26.0,33.0,56.0,30.0,28.0,,49.0,52.0,10.0,14.0,26.0,43.0,,44.0,29.0,,,53.0,33.0,32.0,43.0,,,6.0,44.0,32.0,,45.0,14.0,23.0,48.0,,57.0,1.0,,33.0,36.0,61.0,33.0,42.0,51.0,19.0,24.0,15.0,,19.0,19.0,29.0,50.0,,23.0,13.0,34.0,53.0,,17.0,58.0,,47.0,,52.0,,32.0,14.0,55.0,22.0,37.0,,35.0,20.0,25.0,,,15.0,6.0,48.0,,48.0,15.0,41.0,29.0,30.0,60.0,15.0,51.0,33.0,12.0,21.0,54.0,,50.0,,42.0,,,32.0,126,3,2.402964959568733,18.678293456327474,-0.3342993476412597
4,5,3,5,6,5,6,7,7,6,4,6,7,9,8,10,11,8,37,11,7,3,9,7,6,8,9,11,6,6,11,7,12,12,12,9,11,6,11,7,13,13.0,9,18,0,14,27,17,10,10,12,5,8,11,12,13,13,9,10,3,10,22,4,10,25.0,5,15,9,10,10,8,13,12,14,8,7,13,24,19,6,20,14,10,10,11,0,11,13,12,7,18,15,40,9,16,9,11,10,12,6,17,16,15,13,12,13,13,17,1,11,10,,17,18,13.0,16,14,18,17,25,18,18,0,17,3,7,16,26.0,26,11,20,9,14.0,10,14,18.0,13,18,12,4,20,15,16,17,27.0,43.0,14,14.0,22,8,9,12,11.0,10,26,7,17,52.0,12,14,38,14,10,10,17,8.0,6,21,14,14,12,56.0,11,19,15,36,7,20.0,14,7.0,10,12,9,12,18,32.0,24.0,11,32,47.0,13.0,16,7,15,23,36,16,11,17.0,8,8,,12,12,23,16,12.0,10,24,7,7,11.0,22,10,12,9,11,19,15,43.0,16.0,17,9,9,19.0,24,15,16,60.0,19,47.0,34.0,18,22,31.0,22,15,17,9.0,37.0,5,21,23,16,19,12.0,13,11,9,13,27,23,20.0,14.0,11,,13.0,27.0,23.0,6,15.0,21,13,14,34.0,32.0,18.0,,22.0,13,24.0,15.0,20.0,18,40,10.0,20,36,15,17.0,27.0,,14,,23,29,19.0,14.0,25,21.0,38.0,11,39,32.0,16,27.0,15.0,5.0,23,24,8.0,14,24,26,15,19,22,16,29,7,26,11,13,61.0,49.0,21,11,15,36.0,23.0,4,27,20,32.0,16,25.0,18,20,22,21,9,21.0,11,12.0,24,10,16.0,12,4,16,11.0,10.0,22,39.0,52.0,35.0,4.0,21.0,15,24.0,18,12,15,18.0,18,28.0,31.0,14,40.0,26.0,30.0,18,17.0,10,24,13,21,12,25,17,11.0,18,,18,10,32,56.0,6,8.0,15,11.0,14,40.0,29,12,23.0,9,25.0,13,25.0,13.0,15,25,17.0,19.0,11.0,15.0,7.0,17,11.0,10.0,38,42.0,9,10,27.0,52.0,35,18.0,24,21.0,13.0,12,26,12,14.0,9,18.0,17.0,1,56.0,25,18.0,22,11,9,35.0,42.0,26,22,26,11.0,25.0,27,10,25.0,11,24.0,41.0,13.0,24.0,25.0,27.0,8.0,57.0,30.0,9.0,13,8,24.0,52.0,26.0,15.0,11.0,36.0,29.0,7.0,0,7,9.0,26.0,9,18.0,9.0,,27.0,23.0,16.0,6,19,21.0,18.0,60.0,31.0,39,15.0,22.0,42.0,24,12,31,39.0,45.0,13.0,11.0,40,17,58.0,0.0,22,49.0,39.0,19,52.0,34.0,3.0,19,22.0,18,15.0,34.0,19.0,22,31.0,16,38.0,15,17,12.0,10.0,27.0,46.0,22,14,25,61.0,47,14.0,5,29,24.0,29,8,30.0,28.0,17,16,34.0,8.0,23.0,34.0,36.0,15.0,24,13.0,22,28,31.0,45.0,30.0,25.0,31.0,16.0,15,9,38.0,52.0,15.0,27.0,9.0,16.0,15,29.0,22,,32.0,25.0,11.0,26,60.0,23,,27.0,22.0,23,20.0,,21.0,24,17,,21.0,8.0,40.0,15.0,34.0,,43.0,,,3.0,25.0,18,23,26.0,14.0,,13,22,20,20,29.0,23.0,14,25,6.0,57.0,13,9.0,30.0,30.0,23,,27.0,15.0,7,29.0,18.0,18.0,16.0,22.0,25.0,14,11.0,0,23.0,11,19,33,13.0,17.0,20.0,22.0,24.0,33.0,52.0,,53.0,21.0,56.0,8,27.0,22.0,22,20.0,46.0,13.0,44.0,18,36.0,16.0,58.0,32,17,,9,28.0,14.0,23.0,6.0,13,22.0,23,26,30.0,19,35.0,7,19.0,,26.0,23,27,28.0,39.0,0,30.0,38,9.0,10,13.0,35.0,14.0,,21.0,13.0,21,19.0,0.0,51.0,37.0,,16.0,55.0,0,22,27.0,22,31,24,26.0,33.0,14.0,43.0,16.0,12.0,11,5.0,28.0,,14,,61.0,18.0,14.0,16.0,23,20.0,33.0,20.0,21.0,22.0,40.0,25.0,45,,,34.0,,21.0,17.0,17.0,2,44.0,29.0,28.0,12.0,7,6,12.0,40.0,37,41.0,0.0,20.0,7,38.0,12.0,26.0,26.0,16,22.0,34.0,32.0,20.0,34.0,23.0,48.0,61.0,,15,33,20.0,19.0,49.0,33.0,40.0,16.0,26.0,24.0,28.0,34.0,28,19,21.0,26,,41.0,5.0,22.0,25,20,25.0,19.0,34.0,0.0,45.0,,,31.0,44.0,18,41.0,18.0,21.0,31.0,28.0,41.0,19,29.0,14.0,47.0,17,12.0,23.0,30.0,51.0,21.0,33.0,18,31.0,15,59.0,26.0,,42.0,34.0,18.0,10.0,42.0,24.0,10.0,,40.0,34.0,32.0,12.0,29.0,31.0,32.0,8.0,54.0,22.0,22,36.0,40.0,25,14.0,21.0,16,39.0,53.0,15.0,21,17,15,37.0,29.0,57.0,9.0,18.0,52.0,38.0,17.0,0.0,19,29.0,15,,27,7,30.0,15,35.0,16.0,13.0,4.0,18,11.0,20.0,7.0,,15.0,21.0,21,20.0,28,27.0,43.0,21.0,23,39.0,16,38,30.0,24.0,50.0,14,22.0,59.0,19,15.0,18.0,32.0,49.0,28.0,26.0,27.0,17.0,16,37.0,15.0,18.0,20.0,48.0,13.0,43.0,21.0,23,19.0,18,16.0,23.0,21.0,27.0,16,22,0.0,10.0,36.0,42.0,33.0,29.0,55.0,29.0,28.0,11,31.0,15.0,21,24,24.0,49.0,16,21.0,35.0,20,31.0,13,35,37,18.0,28.0,18.0,9.0,29.0,32.0,25.0,,18.0,30.0,31.0,2.0,21.0,26.0,21.0,12.0,11.0,28.0,14.0,50.0,46.0,10.0,,,29.0,24.0,,30.0,25.0,28.0,46.0,20.0,45.0,22.0,35.0,52.0,44.0,55.0,56.0,23.0,22.0,19.0,13.0,22.0,,53.0,42.0,18.0,14,10.0,44.0,7.0,23,56.0,17.0,51.0,12.0,55.0,22.0,16.0,,36.0,,24.0,54.0,15.0,19.0,20.0,31.0,12.0,28.0,41.0,,27.0,25.0,51.0,17.0,14.0,55.0,8.0,41.0,8,19.0,32.0,9.0,25,,33.0,,13.0,15.0,31.0,16.0,37.0,17.0,19,23.0,13.0,18.0,31.0,40.0,25.0,21,19,,12.0,11.0,17.0,26.0,18.0,19,23,39.0,29.0,,33.0,16.0,18.0,22.0,36.0,37.0,20.0,0.0,,51.0,49.0,23.0,20.0,34,22.0,23.0,16.0,50.0,19.0,13,25.0,52,43.0,18,14.0,42.0,35.0,,14.0,20.0,25.0,21.0,33.0,20.0,,40.0,5,27.0,,30.0,20.0,23.0,39,24.0,,22.0,60.0,20.0,51.0,58.0,29.0,48.0,39,28,12.0,29.0,41.0,20.0,25.0,8.0,12.0,26.0,36,18.0,22.0,58.0,13.0,59.0,17.0,,22.0,18,21.0,41.0,22.0,39,13,46.0,16.0,,38.0,3.0,18.0,20.0,29.0,23.0,13.0,0.0,16.0,30.0,23.0,41.0,8,40.0,36.0,53.0,26.0,18.0,0,21.0,,36,,36.0,,,,41.0,16.0,25.0,34.0,,56.0,29,34.0,24.0,32.0,12.0,17,52.0,23.0,20.0,31.0,21.0,35.0,19.0,32.0,51.0,27.0,32.0,26.0,19.0,18,19,14.0,25.0,28.0,40.0,49.0,15,26,49.0,,41.0,17.0,38.0,24.0,29.0,32.0,21.0,25.0,,,13.0,39.0,33.0,45,24,24.0,17.0,29.0,34.0,,18,53.0,14.0,33.0,15.0,35.0,21.0,22.0,10.0,36.0,19.0,,15.0,,,49.0,25,27.0,,30,29.0,20.0,,14.0,20.0,41.0,8.0,,,,48.0,46.0,16.0,21.0,43.0,46.0,29.0,32.0,30.0,,,51.0,,9.0,9.0,52.0,26.0,30.0,37.0,,11.0,29.0,43.0,30.0,22.0,36.0,53.0,49.0,,16.0,37.0,17.0,,38.0,32.0,38.0,17.0,22.0,15.0,27.0,13.0,10.0,,61.0,40.0,30.0,21.0,30.0,28.0,24.0,31.0,31,48.0,55.0,34.0,30.0,18.0,38.0,34.0,51.0,28.0,37.0,14.0,40.0,,28.0,28.0,39.0,31.0,42.0,44.0,8.0,15.0,22.0,,34.0,9.0,40.0,29.0,13.0,35.0,56.0,59.0,40.0,37.0,37.0,27.0,49.0,57.0,28.0,10.0,,60.0,8.0,54.0,38.0,22.0,36.0,20,,61.0,19.0,19.0,17.0,11.0,29.0,,27.0,12,15.0,13.0,19.0,21.0,,35.0,41.0,20.0,21.0,29.0,40.0,23.0,23.0,41.0,48.0,,20,0.0,34.0,40.0,59.0,19.0,,40.0,29.0,24.0,,37.0,53.0,15.0,46.0,45.0,13.0,,17.0,60.0,11.0,25.0,,19.0,10.0,25,11,15.0,50.0,16.0,23.0,24.0,35.0,25.0,14.0,,9.0,40.0,49.0,16.0,44.0,60.0,21.0,,33.0,,,30.0,46.0,,22.0,21.0,27.0,22.0,14.0,32.0,,23.0,43.0,16.0,48.0,36.0,41.0,37.0,43.0,10.0,4.0,19.0,,30.0,22.0,30.0,13.0,,29.0,19,27.0,13.0,30.0,49.0,31,,33.0,,23.0,17.0,,13.0,,49,43.0,20.0,59.0,,22.0,11.0,50.0,38,30.0,39.0,7.0,,15,17.0,15.0,29.0,32.0,19.0,25.0,33.0,22.0,20.0,21.0,32.0,,28.0,24.0,16.0,22.0,,15.0,36.0,,23.0,28.0,14.0,,11,,39.0,34.0,,26.0,,17.0,38.0,11.0,19.0,39.0,24.0,25.0,18,32.0,,26.0,29.0,,,,39.0,,12.0,15.0,,14.0,26.0,,28.0,41.0,56.0,36.0,46.0,,17.0,25.0,21.0,14.0,30.0,32.0,51.0,52.0,13.0,32.0,22.0,41.0,17.0,29.0,34.0,33.0,15.0,31.0,13.0,37.0,32.0,33.0,39.0,34.0,35.0,29.0,,37.0,54.0,29.0,41.0,31.0,58.0,56.0,36.0,35.0,,0.0,32.0,21.0,,60.0,28.0,16.0,27.0,58.0,7.0,30.0,26,43.0,21.0,7.0,39.0,14.0,38.0,45.0,13.0,23.0,,33.0,,29.0,21.0,23.0,30.0,27.0,40.0,28.0,,35.0,0.0,39.0,12.0,41.0,41.0,6.0,47.0,,6.0,31.0,22.0,,34.0,55.0,49.0,16.0,19.0,23.0,25.0,14.0,33.0,30.0,43.0,22.0,50.0,52.0,47.0,37.0,56.0,13.0,41.0,58.0,25.0,6.0,32.0,56.0,52.0,11.0,53.0,24.0,52.0,54.0,25.0,25.0,44.0,16.0,19.0,14.0,18.0,47.0,,9.0,,12.0,42.0,,30.0,36.0,43.0,0.0,,51.0,9.0,49.0,29.0,19.0,56.0,31.0,24.0,60.0,59.0,53.0,,57.0,23.0,,32.0,16.0,24.0,,,25.0,16.0,,12.0,,35.0,38.0,26.0,30.0,32.0,43.0,35.0,20.0,23.0,11.0,41.0,6.0,12.0,25.0,,34.0,,12.0,47.0,37.0,21.0,28,35.0,9.0,20.0,39.0,37.0,23.0,43.0,56.0,26.0,,16,22.0,,27.0,18.0,28.0,,21.0,38.0,14,23.0,35.0,,36.0,19.0,49.0,32.0,21.0,10.0,43.0,48.0,34.0,17.0,,45.0,,,52.0,30.0,52.0,47.0,20.0,53.0,35.0,42.0,21.0,5.0,18.0,15.0,6.0,21.0,60.0,15.0,20.0,,,31.0,19.0,60.0,,6.0,34.0,39.0,19.0,15.0,59.0,31.0,45.0,38.0,11.0,,5.0,,42.0,,27.0,27.0,13.0,,,37.0,26.0,8.0,19.0,29.0,53.0,47.0,27.0,,25.0,43.0,50.0,35.0,55.0,47.0,30.0,20.0,,28.0,40.0,,,28.0,60.0,14.0,27.0,15.0,24.0,,8.0,56.0,8.0,34.0,29.0,41.0,23.0,20.0,,26.0,25.0,34.0,,29.0,48.0,28.0,,26.0,15.0,29,44.0,26.0,,23.0,29.0,2.0,25.0,22.0,9.0,,10.0,33.0,32.0,13.0,,,,39.0,6.0,18.0,48.0,,30.0,20.0,40.0,30.0,14.0,48.0,28.0,40.0,40.0,23.0,38.0,49.0,45.0,16.0,,55.0,32.0,25.0,25.0,9.0,,23.0,15.0,56.0,10.0,30.0,,23.0,40.0,32.0,30.0,33.0,18.0,29.0,11.0,25.0,36.0,,,24.0,26.0,58.0,38.0,45.0,54.0,55.0,11.0,,,54.0,16.0,39.0,32.0,35.0,27.0,24.0,6.0,13,54.0,49.0,14,42.0,51.0,51.0,,24.0,,43.0,,11.0,35.0,29.0,,16.0,,42.0,,35.0,61.0,0.0,60.0,,11.0,47.0,34.0,,25.0,60.0,,51.0,61.0,32.0,26.0,18.0,31.0,,51.0,57.0,,18.0,32.0,,34.0,46.0,15.0,54.0,21.0,24.0,15.0,,23.0,,40.0,34.0,45.0,21.0,32.0,23.0,32.0,19.0,26.0,24.0,25.0,10.0,54.0,28.0,45.0,29.0,,11.0,11.0,58.0,,24.0,,,15.0,43.0,,37.0,26.0,10.0,36.0,1.0,32.0,48.0,10.0,58.0,40.0,20.0,61.0,,29.0,17.0,26.0,33.0,23.0,29.0,,,,25.0,52.0,16.0,28.0,59.0,,7.0,26.0,53.0,8.0,48.0,37.0,,61.0,,14.0,35.0,14.0,25.0,21.0,,46.0,52.0,28.0,25.0,22.0,53.0,,16.0,23.0,,29.0,20.0,37.0,42.0,29.0,21.0,35.0,5.0,11.0,50.0,28.0,58.0,11.0,33.0,22.0,53.0,10.0,17.0,,22.0,8.0,33.0,37.0,36.0,,20.0,35.0,31.0,1.0,0.0,,55.0,45.0,14.0,31.0,61.0,46.0,,41.0,51.0,22.0,,13.0,32.0,16.0,57.0,44.0,29.0,,22.0,44.0,17.0,11.0,47.0,18.0,,31.0,,19.0,33.0,12.0,15.0,,19.0,,13.0,55.0,28.0,38.0,27.0,24.0,22.0,,25.0,15.0,22.0,48.0,,36.0,17.0,45.0,25.0,30.0,57.0,17.0,51.0,,59.0,58.0,,25.0,32.0,,31.0,34.0,58.0,27.0,49.0,47.0,42.0,32.0,20.0,28.0,37.0,,23.0,13.0,,33.0,,,0.0,,25.0,42.0,,,,33.0,18.0,54.0,25.0,26.0,30.0,,61.0,,32.0,30.0,16.0,31.0,16.0,32.0,26.0,9.0,48.0,30.0,19.0,44.0,40.0,19.0,,53.0,15.0,61.0,,,23.0,44.0,16.0,,13.0,47.0,31.0,,1.0,28.0,17.0,,,59.0,25.0,51.0,42.0,30.0,49.0,32.0,29.0,,42.0,17.0,31.0,19.0,58.0,31.0,23.0,,,,18.0,21.0,44.0,41.0,40.0,32.0,23.0,17.0,,15.0,,59.0,,13.0,31.0,18.0,43.0,30.0,,,,49.0,39.0,,,54.0,20.0,,23.0,30.0,,,23.0,57.0,,36.0,23.0,,37.0,7.0,17.0,37.0,0.0,17.0,,,,29.0,6.0,18.0,17.0,34.0,47.0,45.0,5.0,44.0,22.0,,43.0,,12.0,16.0,,55.0,28.0,26.0,0.0,31.0,,60.0,52.0,,,40.0,,43.0,46.0,30.0,42.0,,26.0,18.0,32.0,14.0,28.0,45.0,35.0,,,,42.0,36.0,,23.0,16.0,27.0,13.0,60.0,58.0,33.0,33.0,38.0,,,,23.0,52.0,,48.0,39.0,19.0,41.0,22.0,32.0,,,16.0,32.0,8.0,22.0,28.0,14.0,26.0,50.0,,,27.0,26.0,17.0,,39.0,25.0,,19.0,41.0,11.0,28.0,19.0,25.0,29.0,,14.0,35.0,58.0,8.0,,,27.0,10.0,25.0,55.0,44.0,50.0,,48.0,15.0,,9.0,,25.0,,10.0,38.0,40.0,,48.0,,21.0,41.0,17.0,13.0,24.0,40.0,11.0,10.0,,47.0,50.0,50.0,,57.0,,37.0,29.0,28.0,34.0,,49.0,,35.0,9.0,25.0,15.0,37.0,13.0,19.0,17.0,21.0,61.0,61.0,25.0,,57.0,35.0,,49.0,,28.0,30.0,20.0,,,,60.0,,12.0,48.0,40.0,,34.0,26.0,9.0,11.0,43.0,33.0,39.0,17.0,60.0,39.0,61.0,53.0,,22.0,21.0,,,29.0,,50.0,23.0,,44.0,30.0,31.0,25.0,14.0,45.0,25.0,20.0,20.0,24.0,,,17.0,32.0,,37.0,,26.0,,25.0,21.0,28.0,39.0,35.0,,25.0,27.0,32.0,,,25.0,55.0,53.0,58.0,17.0,8.0,,11.0,,,26.0,,,,20.0,,35.0,33.0,55.0,39.0,49.0,43.0,,19.0,,,42.0,28.0,21.0,,33.0,14.0,39.0,47.0,54.0,35.0,42.0,60.0,20.0,39.0,61.0,,21.0,22.0,58.0,46.0,60.0,,20.0,19.0,18.0,21.0,12.0,,40.0,,,10.0,16.0,22.0,61.0,16.0,50.0,,17.0,,,9.0,,11.0,44.0,41.0,40.0,25.0,32.0,29.0,34.0,,60.0,,,48.0,,60.0,41.0,39.0,50.0,5.0,21.0,40.0,,,61.0,,23.0,28.0,,0.0,,5.0,,12.0,48.0,33.0,39.0,,13.0,8.0,49.0,22.0,,39.0,17.0,,26.0,41.0,29.0,25.0,27.0,40.0,53.0,13.0,16.0,60.0,42.0,,27.0,29.0,25.0,,55.0,33.0,44.0,17.0,54.0,0.0,50.0,29.0,,31.0,30.0,23.0,45.0,55.0,19.0,38.0,39.0,9.0,45.0,46.0,19.0,29.0,46.0,40.0,38.0,,,35.0,5.0,,46.0,23.0,,23.0,16.0,,45.0,8.0,31.0,,,39.0,,29.0,,39.0,,,,24.0,50.0,8.0,33.0,34.0,25.0,35.0,,20.0,27.0,31.0,22.0,57.0,,21.0,57.0,31.0,50.0,44.0,23.0,,31.0,35.0,37.0,50.0,24.0,,36.0,20.0,14.0,,,53.0,28.0,51.0,29.0,18.0,,22.0,,24.0,31.0,,52.0,30.0,57.0,,28.0,51.0,11.0,45.0,39.0,2.0,33.0,20.0,,,,37.0,52.0,49.0,50.0,,45.0,16.0,,58.0,18.0,38.0,,38.0,23.0,19.0,17.0,13.0,6.0,40.0,45.0,25.0,28.0,34.0,20.0,49.0,35.0,13.0,38.0,25.0,,,,28.0,31.0,,,29.0,21.0,,,37.0,61.0,31.0,13.0,21.0,29.0,43.0,24.0,27.0,28.0,45.0,21.0,17.0,,,,,27.0,36.0,9.0,31.0,33.0,,42.0,28.0,17.0,32.0,52.0,,36.0,17.0,,25.0,44.0,56.0,48.0,31.0,15.0,,51.0,49.0,42.0,43.0,13.0,25.0,61.0,40.0,,27.0,37.0,15.0,,20.0,50.0,60.0,41.0,10.0,,25.0,,51.0,,60.0,48.0,23.0,23.0,13.0,60.0,26.0,,22.0,61.0,44.0,,,35.0,34.0,,48.0,,,57.0,32.0,20.0,51.0,24.0,40.0,52.0,40.0,,29.0,51.0,36.0,,61.0,49.0,,33.0,33.0,15.0,,,,20.0,,30.0,10.0,11.0,57.0,61.0,,14.0,19.0,29.0,26.0,19.0,26.0,29.0,0.0,43.0,,23.0,23.0,,26.0,,35.0,,54.0,23.0,38.0,,16.0,27.0,9.0,36.0,27.0,61.0,22.0,36.0,43.0,,50.0,,,0.0,16.0,,52.0,6.0,,40.0,60.0,,26.0,58.0,20.0,51.0,,42.0,31.0,59.0,13.0,40.0,31.0,33.0,35.0,49.0,,60.0,40.0,12.0,,,57.0,22.0,28.0,59.0,59.0,,27.0,28.0,,31.0,57.0,49.0,52.0,25.0,12.0,,51.0,49.0,,34.0,30.0,0.0,16.0,33.0,,35.0,53.0,26.0,15.0,,14.0,,18.0,61.0,48.0,57.0,50.0,,,40.0,,23.0,,44.0,,,17.0,,28.0,,19.0,127,3,2.582152974504249,18.958642327438678,-0.3458453400649903
5,6,8,10,6,6,7,4,7,7,8,7,7,6,5,9,7,7,22,32,10,17,11,11,8,16,11,0,10,7,10,8,9,10,10,8,11,2,9,11,22,7.0,12,14,11,9,16,12,13,11,14,16,9,7,21,7,9,6,7,10,10,17,16,6,8.0,13,13,9,9,7,11,16,14,10,12,16,8,17,11,11,15,10,7,13,12,15,14,15,12,15,15,11,35,12,20,11,14,17,8,13,13,17,14,8,12,13,19,11,13,12,23,37.0,13,30,40.0,12,15,20,16,22,14,23,16,14,12,24,9,24.0,15,8,16,13,13.0,9,19,17.0,17,33,33,15,26,12,10,29,19.0,22.0,20,8.0,21,18,11,10,23.0,17,15,8,13,37.0,2,17,26,13,11,13,18,17.0,19,16,23,13,5,20.0,14,33,12,12,14,22.0,18,19.0,21,17,7,14,17,,40.0,17,28,25.0,0.0,13,25,8,20,41,11,12,28.0,18,15,,13,0,16,14,12.0,17,20,15,16,26.0,22,23,8,17,18,22,0,4.0,53.0,19,9,16,32.0,21,15,20,51.0,13,53.0,14.0,19,17,33.0,17,18,18,9.0,34.0,17,17,19,20,13,16.0,24,16,17,24,14,22,22.0,31.0,23,43.0,19.0,11.0,22.0,13,17.0,16,0,14,35.0,18.0,21.0,,27.0,22,23.0,25.0,11.0,21,13,30.0,23,21,4,21.0,38.0,62.0,17,20.0,25,18,18.0,9.0,16,52.0,8.0,13,23,8.0,19,24.0,35.0,39.0,18,12,8.0,17,17,19,25,9,14,14,21,17,17,10,2,12.0,61.0,16,20,21,25.0,24.0,27,29,11,,14,40.0,19,9,14,21,26,29.0,12,22.0,25,28,19.0,26,22,17,20.0,17.0,14,13.0,,21.0,29.0,42.0,14,,22,22,10,19.0,11,31.0,23.0,1,,17.0,24.0,40,24.0,12,30,18,25,18,14,21,10.0,15,16.0,25,17,19,21.0,17,15.0,35,23.0,20,23.0,33,30,22.0,31,15.0,24,35.0,14.0,22,24,,22.0,26.0,20.0,30.0,25,20.0,15.0,22,57.0,22,26,10.0,15.0,1,61.0,20,37.0,27.0,20,21,21,52.0,11,31.0,13.0,17,23.0,24,5.0,18,13,21,6.0,18.0,17,42,19,19.0,20.0,28,27,52.0,36,25.0,6.0,29.0,22.0,39.0,21.0,14.0,,48.0,45.0,30,10,24.0,,,23.0,27.0,,34.0,43.0,18,15,21.0,30.0,18,15.0,41.0,,18.0,20.0,44.0,24,20,27.0,18.0,8.0,21.0,21,42.0,16.0,27.0,23,10,16,,32.0,13.0,29.0,18,12,17.0,28.0,13,14.0,33.0,23,,14.0,58.0,7,10.0,20,11.0,20.0,28.0,26,0.0,9,11.0,32,10,39.0,28.0,,,15,25,11,34.0,21,13.0,16,17,26.0,13,26,14.0,38.0,13,9,17.0,33.0,37.0,9.0,42.0,10.0,28,47.0,17,10,23.0,41.0,,54.0,10.0,31.0,25,31,0.0,48.0,18.0,48.0,,53.0,18,6.0,6,16.0,30.0,43.0,24.0,19,0.0,26,13.0,21.0,26.0,23,9.0,45.0,38.0,19,28,43.0,45.0,21.0,21.0,57.0,26.0,33.0,62.0,20.0,18.0,24.0,8.0,26,22,61.0,58.0,53.0,31,25,12,12,59.0,21.0,23,11,37.0,37.0,18,39.0,11.0,19.0,20,22.0,12.0,,16,17.0,61.0,26.0,27.0,13.0,18.0,30,18.0,20,28.0,12,24,24,30.0,33.0,22.0,3.0,,8.0,,20.0,8.0,47.0,21.0,15,10.0,25.0,24,,26.0,12.0,0.0,21,29.0,62.0,59.0,28,21,,27,16.0,11.0,57.0,17.0,20,45.0,24,12,42.0,19,19.0,9,34.0,11.0,31.0,41,16,,45.0,20,,27,,19,28.0,42.0,,46.0,35.0,13.0,39,47.0,,21.0,30.0,9.0,,,15,18,20.0,25,9,22,25.0,39.0,43.0,,54.0,32.0,36,49.0,22.0,0.0,28,42.0,60.0,0.0,11.0,61.0,29,,23.0,21.0,,42.0,38.0,21.0,32,,,8.0,0.0,27.0,12.0,44.0,22,37.0,55.0,21.0,8.0,13,28,46.0,61.0,21,35.0,7.0,13.0,8,27.0,,37.0,8.0,11,16.0,14.0,33.0,30.0,14.0,9.0,22.0,,26.0,17,29,,36.0,33.0,34.0,17.0,9.0,34.0,24.0,18.0,36.0,32,39,47.0,30,,30.0,18.0,15.0,15,30,31.0,22.0,31.0,39.0,20.0,24.0,18.0,42.0,,38,36.0,26.0,,42.0,31.0,12.0,15,33.0,25.0,21.0,21,,22.0,30.0,35.0,19.0,25.0,38,37.0,41,45.0,32.0,14.0,45.0,40.0,27.0,22.0,24.0,20.0,38.0,15.0,13.0,26.0,,41.0,44.0,48.0,27.0,7.0,41.0,58.0,33,24.0,46.0,23,24.0,21.0,22,20.0,41.0,28.0,26,24,19,44.0,23.0,,12.0,33.0,62.0,37.0,24.0,42.0,25,20.0,22,35.0,15,46,7.0,30,35.0,,11.0,28.0,29,34.0,13.0,48.0,32.0,,24.0,28,,23,48.0,58.0,14.0,40,21.0,17,26,24.0,13.0,33.0,29,37.0,13.0,23,32.0,3.0,11.0,17.0,,62.0,11.0,31.0,0,29.0,25.0,45.0,38.0,51.0,13.0,44.0,20.0,19,16.0,10,31.0,7.0,0.0,29.0,29,16,56.0,30.0,18.0,51.0,20.0,32.0,,29.0,47.0,14,34.0,25.0,25,14,13.0,30.0,22,40.0,37.0,35,21.0,45,19,14,19.0,24.0,,13.0,13.0,14.0,36.0,1.0,37.0,38.0,19.0,23.0,49.0,21.0,26.0,31.0,17.0,13.0,0.0,24.0,61.0,23.0,6.0,10.0,22.0,37.0,43.0,10.0,20.0,25.0,19.0,56.0,20.0,47.0,25.0,27.0,9.0,21.0,33.0,37.0,,16.0,26.0,27.0,,62.0,0.0,,12,17.0,11.0,20.0,18,24.0,52.0,,26.0,32.0,37.0,27.0,36.0,,30.0,,,22.0,34.0,26.0,9.0,55.0,34.0,25.0,25.0,41.0,32.0,36.0,33.0,37.0,29.0,21.0,31.0,15,41.0,42.0,7.0,11,54.0,34.0,13.0,15.0,,,30.0,49.0,,27,30.0,36.0,36.0,18.0,52.0,,12,16,44.0,50.0,16.0,21.0,27.0,55.0,18,24,36.0,29.0,,,56.0,42.0,,38.0,60.0,36.0,22.0,,46.0,35.0,8.0,39.0,28,47.0,21.0,21.0,16.0,21.0,15,25.0,13,,24,23.0,5.0,31.0,,16.0,28.0,32.0,61.0,20.0,29.0,12.0,26.0,11,15.0,24.0,36.0,,44.0,17,62.0,18.0,41.0,14.0,15.0,60.0,21.0,0.0,29.0,17,11,22.0,,,16.0,12.0,23.0,24.0,19.0,18,31.0,,20.0,17.0,17.0,32.0,14.0,7.0,15,23.0,26.0,56.0,23,12,31.0,21.0,16.0,9.0,21.0,57.0,,31.0,35.0,9.0,61.0,28.0,12.0,23.0,17.0,24,25.0,30.0,37.0,32.0,10.0,19,31.0,30.0,42,39.0,21.0,18.0,44.0,39.0,24.0,26.0,61.0,21.0,,,36,26.0,21.0,13.0,17.0,28,51.0,,45.0,36.0,50.0,38.0,37.0,31.0,48.0,9.0,24.0,13.0,20.0,30,39,16.0,22.0,10.0,,33.0,31,14,19.0,39.0,50.0,51.0,25.0,13.0,11.0,20.0,28.0,,,,41.0,,10.0,14,38,,16.0,3.0,34.0,27.0,41,24.0,34.0,19.0,48.0,,14.0,24.0,29.0,50.0,25.0,60.0,25.0,37.0,28.0,,27,10.0,40.0,31,23.0,18.0,46.0,23.0,59.0,21.0,15.0,25.0,16.0,61.0,39.0,27.0,23.0,48.0,,,42.0,17.0,51.0,53.0,,18.0,48.0,35.0,38.0,,,24.0,16.0,,7.0,19.0,49.0,57.0,25.0,5.0,51.0,29.0,49.0,14.0,20.0,15.0,44.0,26.0,,17.0,,,32.0,32.0,15.0,,33.0,62.0,15.0,34.0,58.0,,35.0,31.0,23.0,30,10.0,21.0,61.0,39.0,55.0,52.0,19.0,,30.0,51.0,14.0,28.0,26.0,35.0,45.0,5.0,34.0,28.0,53.0,,,,28.0,23.0,38.0,31.0,39.0,,19.0,20.0,39.0,27.0,28.0,43.0,39.0,21.0,,39.0,21.0,12.0,,40.0,28.0,24.0,14.0,37.0,26,24.0,35.0,24.0,19.0,59.0,,27.0,14.0,62.0,25,21.0,23.0,58.0,23.0,24.0,41.0,21.0,26.0,18.0,23.0,35.0,17.0,14.0,19.0,26.0,,20,57.0,59.0,,45.0,15.0,42.0,17.0,8.0,41.0,0.0,19.0,,15.0,32.0,41.0,26.0,19.0,,32.0,25.0,31.0,35.0,39.0,9.0,13,45,8.0,61.0,28.0,41.0,49.0,54.0,22.0,24.0,32.0,20.0,,16.0,,,44.0,25.0,38.0,57.0,29.0,61.0,20.0,60.0,50.0,28.0,39.0,41.0,48.0,49.0,12.0,,19.0,37.0,,,,30.0,46.0,44.0,7.0,14.0,,22.0,26.0,26.0,,18.0,56.0,48.0,29,37.0,12.0,26.0,,20,41.0,,52.0,28.0,48.0,30.0,29.0,44.0,22,25.0,53.0,54.0,28.0,28.0,,53.0,30,22.0,57.0,25.0,53.0,11,44.0,45.0,31.0,43.0,,17.0,13.0,61.0,10.0,32.0,23.0,44.0,14.0,,27.0,37.0,,,,36.0,24.0,49.0,,28.0,23,22.0,45.0,6.0,31.0,37.0,46.0,29.0,22.0,,35.0,51.0,,34.0,30,35.0,,22.0,47.0,11.0,45.0,22.0,,37.0,0.0,49.0,43.0,4.0,34.0,27.0,,22.0,36.0,,50.0,48.0,43.0,41.0,26.0,11.0,32.0,58.0,25.0,21.0,30.0,26.0,49.0,20.0,33.0,,19.0,26.0,,3.0,23.0,19.0,59.0,54.0,16.0,31.0,37.0,,17.0,1.0,8.0,,48.0,33.0,21.0,,26.0,31.0,62.0,12.0,17.0,23.0,29.0,43.0,18.0,47.0,32.0,48.0,,22.0,11,13.0,,31.0,27.0,49.0,,24.0,,44.0,13.0,36.0,36.0,,18.0,20.0,24.0,48.0,20.0,28.0,,24.0,52.0,38.0,14.0,59.0,48.0,34.0,10.0,19.0,23.0,17.0,51.0,36.0,,,25.0,23.0,,11.0,,56.0,27.0,41.0,49.0,,44.0,,30.0,36.0,48.0,49.0,52.0,32.0,39.0,49.0,37.0,28.0,49.0,24.0,,36.0,51.0,,26.0,46.0,,35.0,21.0,40.0,0.0,,47.0,47.0,12.0,31.0,10.0,,17.0,,19.0,18.0,36.0,,26.0,53.0,38.0,24.0,22.0,17.0,14.0,41.0,23.0,7.0,31.0,47.0,20.0,,37.0,22.0,21.0,,,19.0,,52.0,18.0,40.0,46.0,30.0,38.0,,12.0,47.0,,8.0,0.0,47.0,46.0,26.0,18.0,37.0,,,,27.0,36.0,34.0,,29,30.0,,43.0,,43.0,14.0,39.0,,20.0,37.0,34,8.0,11.0,34.0,21.0,13.0,,46.0,44.0,31,19.0,9.0,32.0,21.0,15.0,51.0,39.0,32.0,,12.0,21.0,14.0,40.0,56.0,,,22.0,33.0,28.0,30.0,31.0,31.0,47.0,34.0,21.0,17.0,61.0,31.0,27.0,16.0,7.0,32.0,35.0,27.0,27.0,54.0,11.0,54.0,34.0,40.0,29.0,44.0,33.0,32.0,,42.0,9.0,41.0,,59.0,,11.0,36.0,26.0,,24.0,25.0,,,20.0,27.0,26.0,60.0,,40.0,,42.0,22.0,23.0,37.0,15.0,15.0,,23.0,,15.0,,17.0,12.0,26.0,,48.0,,20.0,,11.0,13.0,61.0,38.0,,17.0,18.0,35.0,42.0,,41.0,11.0,25.0,43.0,,36.0,,49.0,40.0,,11.0,,60.0,46,16.0,22.0,38.0,42.0,14.0,19.0,27.0,38.0,18.0,,19.0,48.0,34.0,39.0,13.0,18.0,11.0,40.0,21.0,39.0,16.0,16.0,29.0,29.0,41.0,50.0,50.0,29.0,40.0,18.0,24.0,43.0,7.0,15.0,10.0,,25.0,18.0,21.0,,18.0,0.0,44.0,30.0,,42.0,17.0,23.0,50.0,50.0,29.0,15.0,17.0,45.0,17.0,39.0,13.0,,29.0,32.0,41.0,40.0,0.0,34.0,,42.0,53.0,34.0,20.0,35.0,29.0,,11.0,46.0,16.0,41.0,29.0,59.0,58.0,18,,10.0,25,49.0,28.0,,,15.0,45.0,35.0,0.0,6.0,36.0,,61.0,,31.0,,37.0,30.0,59.0,36.0,23.0,39.0,28.0,9.0,21.0,58.0,16.0,15.0,,19.0,,24.0,60.0,,30.0,29.0,,19.0,61.0,32.0,34.0,29.0,33.0,42.0,35.0,3.0,18.0,22.0,25.0,8.0,15.0,,,52.0,31.0,37.0,36.0,,30.0,20.0,26.0,12.0,30.0,45.0,24.0,,,38.0,,25.0,58.0,61.0,26.0,49.0,50.0,27.0,46.0,26.0,12.0,48.0,53.0,19.0,29.0,38.0,55.0,,18.0,40.0,21.0,20.0,19.0,49.0,42.0,,41.0,40.0,50.0,25.0,,24.0,48.0,39.0,51.0,15.0,27.0,,13.0,27.0,10.0,34.0,,,,24.0,25.0,37.0,15.0,52.0,,41.0,12.0,26.0,33.0,27.0,20.0,42.0,,18.0,5.0,17.0,25.0,62.0,50.0,19.0,27.0,23.0,,61.0,17.0,24.0,0.0,,15.0,20.0,14.0,31.0,22.0,53.0,19.0,,46.0,40.0,30.0,20.0,16.0,39.0,61.0,34.0,,54.0,57.0,,,44.0,35.0,49.0,,,,10.0,39.0,49.0,20.0,56.0,9.0,42.0,57.0,19.0,53.0,35.0,15.0,13.0,,30.0,50.0,22.0,9.0,47.0,,28.0,,33.0,41.0,18.0,37.0,33.0,,29.0,19.0,17.0,15.0,19.0,22.0,20.0,27.0,14.0,47.0,0.0,25.0,27.0,,21.0,46.0,33.0,34.0,,32.0,42.0,36.0,,34.0,50.0,,40.0,59.0,26.0,30.0,14.0,27.0,22.0,32.0,28.0,58.0,27.0,12.0,32.0,34.0,40.0,16.0,57.0,46.0,27.0,24.0,18.0,,40.0,59.0,,57.0,39.0,47.0,33.0,,34.0,,32.0,35.0,48.0,29.0,23.0,,,15.0,10.0,23.0,16.0,10.0,9.0,28.0,38.0,,47.0,42.0,13.0,45.0,,19.0,,23.0,53.0,33.0,25.0,11.0,17.0,,37.0,40.0,32.0,16.0,16.0,30.0,,,13.0,29.0,21.0,16.0,9.0,,14.0,32.0,29.0,25.0,24.0,38.0,40.0,39.0,0.0,30.0,,21.0,18.0,25.0,20.0,,,7.0,8.0,,18.0,,25.0,23.0,27.0,,19.0,40.0,56.0,17.0,55.0,44.0,31.0,33.0,54.0,21.0,41.0,55.0,,17.0,15.0,24.0,18.0,17.0,21.0,27.0,8.0,25.0,50.0,25.0,7.0,27.0,49.0,29.0,24.0,41.0,,55.0,33.0,19.0,36.0,34.0,,21.0,21.0,25.0,54.0,62.0,28.0,42.0,,,57.0,34.0,,36.0,12.0,13.0,13.0,48.0,42.0,,46.0,35.0,25.0,34.0,46.0,53.0,,34.0,18.0,53.0,0.0,21.0,,23.0,62.0,51.0,43.0,,30.0,,25.0,32.0,56.0,62.0,19.0,59.0,25.0,59.0,25.0,30.0,34.0,18.0,,,30.0,,56.0,,36.0,,30.0,45.0,14.0,55.0,52.0,,36.0,61.0,,,45.0,29.0,23.0,24.0,35.0,,59.0,48.0,27.0,32.0,44.0,22.0,24.0,48.0,,32.0,31.0,31.0,12.0,31.0,42.0,,,,,14.0,19.0,37.0,10.0,34.0,,60.0,24.0,27.0,,60.0,19.0,22.0,17.0,48.0,,36.0,13.0,29.0,32.0,,62.0,30.0,,19.0,44.0,,17.0,26.0,35.0,,49.0,,18.0,34.0,34.0,31.0,32.0,13.0,37.0,29.0,,32.0,27.0,57.0,,23.0,20.0,42.0,17.0,57.0,21.0,,,56.0,57.0,20.0,41.0,,42.0,,22.0,58.0,52.0,12.0,46.0,47.0,14.0,44.0,25.0,,62.0,40.0,14.0,24.0,14.0,,33.0,17.0,23.0,23.0,22.0,31.0,,50.0,53.0,25.0,31.0,14.0,53.0,,56.0,46.0,24.0,38.0,,19.0,26.0,,49.0,17.0,13.0,30.0,23.0,23.0,15.0,43.0,39.0,25.0,55.0,23.0,28.0,,6.0,,,,,34.0,,33.0,22.0,24.0,44.0,48.0,37.0,,39.0,31.0,49.0,21.0,15.0,52.0,31.0,22.0,,18.0,24.0,34.0,44.0,38.0,36.0,33.0,,19.0,23.0,59.0,33.0,16.0,14.0,37.0,,32.0,10.0,17.0,38.0,30.0,,38.0,54.0,,23.0,,22.0,56.0,28.0,61.0,,28.0,27.0,51.0,58.0,,11.0,54.0,25.0,20.0,28.0,53.0,40.0,52.0,24.0,38.0,61.0,,,44.0,39.0,36.0,41.0,27.0,18.0,14.0,34.0,45.0,24.0,24.0,14.0,29.0,6.0,6.0,27.0,,,,,,16.0,32.0,,,44.0,55.0,14.0,,0.0,3.0,41.0,26.0,16.0,,8.0,48.0,,47.0,,,20.0,25.0,37.0,20.0,,17.0,12.0,,,24.0,32.0,36.0,51.0,40.0,,39.0,13.0,11.0,52.0,17.0,54.0,25.0,24.0,39.0,14.0,25.0,,14.0,19.0,21.0,60.0,37.0,,17.0,59.0,39.0,,52.0,32.0,27.0,,,25.0,23.0,30.0,38.0,16.0,15.0,28.0,40.0,11.0,32.0,19.0,55.0,60.0,22.0,47.0,8.0,48.0,53.0,9.0,,22.0,,,53.0,60.0,20.0,32.0,,28.0,15.0,,21.0,17.0,38.0,,27.0,52.0,60.0,,,7.0,44.0,13.0,30.0,21.0,25.0,15.0,27.0,,32.0,,27.0,,,34.0,20.0,30.0,61.0,,,,13.0,,,,42.0,,5.0,,28.0,,55.0,9.0,,,,22.0,,20.0,27.0,35.0,17.0,,28.0,38.0,26.0,35.0,,41.0,12.0,32.0,36.0,41.0,,,59.0,50.0,22.0,15.0,32.0,61.0,20.0,,21.0,20.0,22.0,20.0,52.0,,,60.0,24.0,21.0,,48.0,37.0,16.0,37.0,42.0,,42.0,36.0,48.0,15.0,38.0,,19.0,,25.0,23.0,36.0,23.0,53.0,41.0,38.0,24.0,27.0,12.0,39.0,56.0,6.0,,53.0,,21.0,,37.0,61.0,,,38.0,37.0,42.0,44.0,,,,26.0,9.0,28.0,21.0,31.0,,,32.0,16.0,23.0,23.0,18.0,17.0,29.0,41.0,46.0,61.0,38.0,51.0,51.0,,32.0,43.0,59.0,,15.0,14.0,23.0,46.0,57.0,45.0,,38.0,34.0,34.0,28.0,51.0,12.0,25.0,59.0,0.0,61.0,,41.0,16.0,10.0,,9.0,61.0,26.0,22.0,39.0,26.0,56.0,,20.0,23.0,,53.0,,46.0,50.0,57.0,45.0,62.0,27.0,,34.0,51.0,,29.0,,41.0,,34.0,31.0,33.0,30.0,23.0,22.0,13.0,,,,48.0,16.0,23.0,,28.0,16.0,41.0,23.0,,55.0,32.0,52.0,,23.0,12.0,44.0,12.0,,27.0,30.0,,,6.0,,19.0,56.0,,,,33.0,51.0,30.0,,40.0,37.0,34.0,17.0,51.0,38.0,39.0,40.0,37.0,47.0,24.0,14.0,58.0,15.0,41.0,39.0,,24.0,,,34.0,,19.0,8.0,18.0,22.0,,,15.0,,23.0,21.0,33.0,,38.0,,45.0,9.0,,37.0,13.0,20.0,17.0,12.0,55.0,,,30.0,51.0,52.0,32.0,3.0,39.0,28.0,25.0,48.0,26.0,13.0,24.0,,27.0,,24.0,49.0,18.0,10.0,10.0,51.0,8.0,11.0,,,48.0,,,24.0,39.0,50.0,25.0,30.0,27.0,50.0,,41.0,62.0,128,3,2.381333333333333,18.673076923076923,-0.33767759746938775
8,8,9,9,9,0,9,8,11,10,10,9,10,3,9,8,14,7,24,15,10,10,16,14,12,14,4,15,11,11,23,14,9,11,8,7,20,14,15,12,19,21.0,16,23,12,11,15,17,16,30,15,13,13,12,16,28,12,16,9,14,24,12,14,11,57.0,18,15,10,10,11,17,14,23,13,11,11,13,21,10,11,14,15,11,14,22,10,17,16,25,17,13,20,29,13,17,13,10,18,24,16,20,17,16,10,19,21,12,17,17,10,25,33.0,20,25,42.0,19,17,16,17,20,15,18,15,19,11,27,16,12.0,9,8,14,18,46.0,4,12,22.0,14,15,16,14,14,29,14,24,39.0,16.0,26,19.0,14,17,7,17,53.0,15,19,13,22,32.0,27,20,24,19,6,23,16,12.0,17,19,17,29,14,28.0,11,26,26,20,20,25.0,23,25.0,16,18,6,18,22,20.0,16.0,15,15,36.0,14.0,17,22,18,16,14,6,2,14.0,35,28,,18,1,15,20,49.0,15,17,19,26,59.0,23,23,24,24,23,26,15,26.0,13.0,20,45,16,35.0,20,16,11,,14,20.0,19.0,25,31,10.0,39,13,9,21.0,,14,22,18,15,24,20.0,41,19,13,14,24,28,21.0,50.0,10,,23.0,20.0,27.0,23,0.0,17,31,21,35.0,11.0,22.0,20.0,22.0,16,29.0,21.0,18.0,22,36,41.0,15,34,11,25.0,23.0,13.0,35,23.0,26,19,14.0,15.0,24,,25.0,9,33,30.0,22,27.0,34.0,20.0,32,14,14.0,24,23,22,15,25,19,14,30,17,20,19,16,18.0,23.0,18,20,16,19.0,30.0,27,34,10,,20,,25,22,18,12,35,19.0,8,16.0,20,30,24.0,16,19,16,30.0,35.0,16,23.0,5.0,42.0,30.0,0.0,18,21.0,24,22,16,43.0,18,39.0,24.0,17,,25.0,13.0,25,26.0,15,19,15,27,32,20,25,17.0,16,24.0,21,19,15,23.0,16,41.0,26,34.0,22,24.0,23,32,19.0,9,25.0,10,23.0,6.0,23,23,,14.0,6.0,24.0,18.0,17,16.0,19.0,32,15.0,16,19,49.0,30.0,25,20.0,44,43.0,14.0,22,30,36,41.0,32,46.0,35.0,25,34.0,17,19.0,23,24,17,38.0,21.0,16,28,30,44.0,25.0,28,16,43.0,18,14.0,32.0,27.0,,57.0,37.0,11.0,18.0,,39.0,27,29,19.0,39.0,12.0,22.0,28.0,25.0,21.0,35.0,28,13,17.0,19.0,18,26.0,15.0,22.0,35.0,39.0,38.0,27,15,53.0,23.0,17.0,22.0,34,20.0,21.0,9.0,22,17,16,27.0,43.0,43.0,16.0,9,23,35.0,18.0,14,32.0,35.0,42,33.0,32.0,38.0,21,39.0,19,19.0,41.0,21.0,11,30.0,22,,23,18,,37.0,16.0,21.0,35,28,21,0.0,36,12.0,11,31,37.0,21,21,25.0,6.0,12,34,16.0,20.0,31.0,10.0,15.0,10.0,34,44.0,17,17,32.0,33.0,21.0,48.0,,20.0,21,11,14.0,,18.0,15.0,33.0,56.0,27,14.0,12,32.0,18.0,40.0,39.0,12,25.0,20,37.0,0.0,18.0,25,25.0,,44.0,23,29,16.0,18.0,21.0,56.0,52.0,13.0,29.0,,31.0,42.0,,12.0,29,24,36.0,20.0,44.0,14,17,0,34,23.0,30.0,17,19,11.0,,17,33.0,14.0,23.0,13,22.0,37.0,,31,24.0,18.0,34.0,38.0,26.0,35.0,21,49.0,14,21.0,18,26,21,22.0,47.0,18.0,17.0,52.0,12.0,,,31.0,51.0,39.0,26,29.0,48.0,25,23.0,,37.0,13.0,19,35.0,,,24,12,,36,38.0,33.0,18.0,40.0,23,39.0,31,22,50.0,29,13.0,24,26.0,,24.0,29,0,,44.0,35,26.0,7,46.0,17,,,,34.0,44.0,17.0,24,25.0,61.0,23.0,46.0,17.0,39.0,,33,29,30.0,17,10,13,33.0,24.0,9.0,23.0,,13.0,30,37.0,30.0,,4,41.0,,,30.0,23.0,33,,43.0,26.0,,36.0,25.0,25.0,31,,,36.0,,,47.0,31.0,27,30.0,56.0,31.0,58.0,27,18,23.0,11.0,33,39.0,,26.0,23,25.0,,31.0,22.0,17,22.0,17.0,21.0,31.0,48.0,40.0,42.0,,27.0,22,23,23.0,0.0,40.0,26.0,47.0,19.0,40.0,46.0,59.0,39.0,24,26,,33,23.0,59.0,31.0,26.0,16,23,52.0,10.0,33.0,13.0,22.0,,43.0,15.0,17.0,27,28.0,55.0,,29.0,42.0,26.0,30,,42.0,54.0,21,16.0,22.0,25.0,31.0,28.0,14.0,39,28.0,30,16.0,29.0,60.0,36.0,,26.0,0.0,15.0,29.0,14.0,14.0,,26.0,14.0,54.0,,44.0,16.0,16.0,10.0,34.0,28,34.0,32.0,15,,30.0,15,31.0,16.0,38.0,16,11,18,17.0,19.0,16.0,60.0,12.0,22.0,34.0,30.0,13.0,20,19.0,19,20.0,31,24,33.0,18,,13.0,18.0,50.0,25,31.0,9.0,48.0,17.0,,34.0,22,21.0,20,33.0,36.0,34.0,7,49.0,31,23,38.0,29.0,,26,27.0,52.0,31,29.0,48.0,33.0,52.0,,28.0,21.0,32.0,21,16.0,21.0,22.0,24.0,40.0,19.0,43.0,27.0,28,55.0,46,16.0,14.0,,52.0,14,32,22.0,17.0,22.0,16.0,35.0,24.0,40.0,35.0,34.0,19,27.0,28.0,18,15,30.0,42.0,19,21.0,47.0,21,,44,33,20,34.0,46.0,29.0,32.0,14.0,39.0,50.0,,24.0,39.0,29.0,23.0,23.0,47.0,23.0,,48.0,6.0,52.0,43.0,53.0,44.0,,49.0,24.0,,15.0,23.0,12.0,24.0,,18.0,26.0,29.0,56.0,37.0,27.0,37.0,33.0,46.0,17.0,37.0,44.0,21.0,16.0,17.0,,25.0,14,30.0,,24.0,26,29.0,22.0,27.0,24.0,54.0,,14.0,16.0,17.0,31.0,22.0,19.0,23.0,29.0,8.0,15.0,29.0,26.0,34.0,34.0,47.0,17.0,31.0,31.0,15.0,2.0,15.0,,15,34.0,38.0,33.0,30,48.0,28.0,48.0,15.0,24.0,,58.0,,45.0,12,32.0,57.0,18.0,18.0,58.0,59.0,25,31,39.0,44.0,10.0,49.0,9.0,21.0,34,20,37.0,51.0,26.0,32.0,34.0,21.0,14.0,10.0,,,29.0,,29.0,34.0,28.0,12.0,16,6.0,35.0,25.0,37.0,28.0,4,28.0,18,12.0,43,27.0,20.0,50.0,33.0,44.0,26.0,27.0,46.0,12.0,44.0,48.0,25.0,24,31.0,37.0,10.0,18.0,34.0,39,,40.0,43.0,17.0,22.0,52.0,23.0,47.0,23.0,36,35,33.0,30.0,,24.0,,11.0,32.0,24.0,0,41.0,,,0.0,33.0,26.0,29.0,10.0,12,16.0,22.0,37.0,30,17,26.0,,23.0,0.0,32.0,27.0,39.0,,32.0,19.0,,12.0,18.0,14.0,13.0,1,13.0,55.0,19.0,34.0,19.0,11,39.0,22.0,27,15.0,18.0,19.0,9.0,33.0,28.0,0.0,41.0,30.0,,,17,10.0,29.0,,42.0,33,54.0,34.0,43.0,32.0,39.0,21.0,47.0,43.0,,15.0,37.0,39.0,23.0,43,17,,15.0,27.0,42.0,42.0,28,16,32.0,30.0,29.0,,44.0,23.0,17.0,21.0,44.0,36.0,22.0,41.0,40.0,,48.0,17,29,16.0,51.0,61.0,,,23,18.0,33.0,29.0,,46.0,52.0,32.0,57.0,22.0,22.0,23.0,24.0,33.0,,24.0,16,46.0,10.0,40,60.0,,35.0,35.0,24.0,28.0,42.0,53.0,57.0,9.0,37.0,50.0,38.0,24.0,39.0,19.0,53.0,59.0,18.0,23.0,16.0,55.0,34.0,18.0,12.0,29.0,,31.0,20.0,28.0,8.0,59.0,24.0,50.0,19.0,22.0,33.0,57.0,62.0,22.0,34.0,22.0,12.0,33.0,37.0,31.0,,55.0,13.0,24.0,27.0,49.0,48.0,34.0,35.0,,20.0,42.0,52.0,32.0,60.0,41,44.0,28.0,,13.0,44.0,12.0,16.0,0.0,28.0,23.0,21.0,37.0,,20.0,,26.0,52.0,14.0,,33.0,29.0,43.0,53.0,29.0,27.0,36.0,38.0,34.0,21.0,35.0,47.0,27.0,26.0,34.0,43.0,20.0,52.0,62.0,,,,22.0,0.0,44.0,10.0,19.0,19,,31.0,24.0,26.0,40.0,20.0,31.0,37.0,13.0,17,34.0,,38.0,,37.0,31.0,31.0,17.0,12.0,42.0,17.0,39.0,58.0,32.0,53.0,24.0,15,37.0,54.0,46.0,38.0,14.0,16.0,23.0,51.0,20.0,38.0,39.0,,,54.0,45.0,39.0,20.0,60.0,37.0,31.0,61.0,12.0,23.0,27.0,22,35,0.0,30.0,24.0,29.0,,7.0,47.0,16.0,58.0,42.0,,16.0,47.0,,,,9.0,16.0,,15.0,9.0,13.0,,46.0,37.0,15.0,27.0,43.0,44.0,62.0,50.0,60.0,11.0,19.0,,57.0,21.0,54.0,,22.0,35.0,33.0,21.0,27.0,52.0,,44.0,43.0,24,20.0,20.0,33.0,25.0,26,39.0,38.0,34.0,42.0,48.0,27.0,36.0,45.0,12,,21.0,18.0,,26.0,43.0,,38,52.0,37.0,38.0,,26,25.0,,33.0,,30.0,39.0,39.0,27.0,18.0,18.0,22.0,45.0,30.0,46.0,35.0,18.0,43.0,26.0,49.0,34.0,20.0,42.0,,33.0,23,15.0,34.0,43.0,46.0,10.0,,30.0,,27.0,31.0,24.0,39.0,13.0,19,31.0,39.0,28.0,47.0,30.0,44.0,40.0,,,18.0,,16.0,,45.0,42.0,49.0,52.0,,,43.0,43.0,22.0,39.0,39.0,7.0,18.0,20.0,44.0,11.0,34.0,32.0,58.0,26.0,33.0,,,,,,33.0,49.0,20.0,22.0,46.0,31.0,18.0,16.0,38.0,,18.0,33.0,42.0,49.0,60.0,39.0,,,28.0,57.0,25.0,36.0,34.0,17.0,38.0,48.0,48.0,,,45.0,22,13.0,26.0,14.0,17.0,58.0,30.0,32.0,41.0,21.0,60.0,29.0,39.0,,28.0,35.0,,25.0,2.0,14.0,53.0,33.0,,13.0,31.0,12.0,,25.0,46.0,30.0,47.0,10.0,30.0,,33.0,37.0,21.0,32.0,42.0,42.0,,41.0,31.0,38.0,,17.0,46.0,15.0,,24.0,13.0,31.0,,31.0,28.0,26.0,,40.0,40.0,30.0,55.0,58.0,,27.0,44.0,,,28.0,54.0,59.0,,25.0,43.0,29.0,17.0,58.0,32.0,,19.0,17.0,14.0,53.0,37.0,53.0,52.0,,18.0,,20.0,36.0,18.0,14.0,51.0,,53.0,,57.0,27.0,32.0,,8.0,17.0,,59.0,,37.0,20.0,62.0,,53.0,19.0,,14.0,45.0,32.0,17.0,18.0,32.0,37.0,26.0,,13.0,,27.0,28.0,22.0,17.0,38.0,0.0,33,34.0,43.0,42.0,24.0,40.0,19.0,31.0,45.0,34.0,56.0,20,14.0,22.0,4.0,29.0,29.0,,0.0,0.0,18,45.0,,51.0,30.0,,,25.0,50.0,26.0,60.0,27.0,30.0,32.0,14.0,37.0,,29.0,30.0,49.0,51.0,,13.0,11.0,27.0,,40.0,34.0,18.0,28.0,21.0,40.0,49.0,34.0,,16.0,17.0,40.0,41.0,34.0,24.0,33.0,43.0,,17.0,23.0,39.0,,46.0,43.0,,27.0,45.0,,38.0,38.0,11.0,,26.0,28.0,,44.0,35.0,45.0,25.0,32.0,21.0,30.0,26.0,,33.0,47.0,23.0,29.0,39.0,27.0,16.0,32.0,,,57.0,49.0,,,29.0,34.0,53.0,18.0,10.0,18.0,32.0,37.0,13.0,,39.0,25.0,56.0,,30.0,27.0,32.0,33.0,,12.0,38.0,,15.0,,,62,32.0,26.0,,28.0,40.0,52.0,56.0,34.0,54.0,,19.0,40.0,37.0,22.0,40.0,17.0,39.0,49.0,39.0,26.0,38.0,57.0,54.0,55.0,,29.0,24.0,25.0,32.0,55.0,12.0,25.0,61.0,27.0,0.0,44.0,50.0,34.0,15.0,,45.0,59.0,,44.0,17.0,38.0,25.0,,44.0,44.0,58.0,56.0,26.0,32.0,48.0,42.0,47.0,23.0,50.0,20.0,,16.0,22.0,29.0,,25.0,,37.0,13.0,22.0,,,29.0,15.0,,26.0,43.0,16.0,,20,,11.0,41,20.0,28.0,32.0,,26.0,34.0,41.0,32.0,15.0,0.0,45.0,,36.0,30.0,51.0,21.0,29.0,61.0,37.0,57.0,50.0,24.0,31.0,30.0,40.0,48.0,29.0,13.0,35.0,31.0,42.0,34.0,,33.0,36.0,57.0,45.0,,46.0,61.0,41.0,42.0,52.0,41.0,21.0,29.0,32.0,17.0,35.0,37.0,62.0,58.0,28.0,22.0,38.0,48.0,16.0,46.0,24.0,22.0,33.0,11.0,20.0,60.0,60.0,41.0,33.0,24.0,43.0,49.0,39.0,33.0,43.0,37.0,27.0,19.0,8.0,23.0,10.0,28.0,20.0,23.0,25.0,53.0,26.0,31.0,15.0,52.0,24.0,49.0,12.0,50.0,,17.0,47.0,21.0,37.0,33.0,23.0,23.0,21.0,,,34.0,,,20.0,13.0,,38.0,57.0,11.0,26.0,31.0,,26.0,33.0,26.0,62.0,19.0,30.0,19.0,20.0,,,,21.0,30.0,19.0,18.0,40.0,21.0,,,42.0,56.0,30.0,39.0,58.0,30.0,20.0,,10.0,,26.0,9.0,,,32.0,,10.0,,25.0,35.0,30.0,48.0,52.0,49.0,45.0,21.0,49.0,31.0,41.0,0.0,36.0,39.0,58.0,47.0,17.0,28.0,38.0,,18.0,11.0,27.0,27.0,,14.0,41.0,54.0,39.0,44.0,47.0,49.0,52.0,14.0,25.0,,54.0,12.0,,46.0,41.0,23.0,,,33.0,,34.0,19.0,46.0,,22.0,30.0,,24.0,15.0,23.0,,49.0,58.0,12.0,10.0,42.0,54.0,19.0,43.0,50.0,14.0,,28.0,,4.0,21.0,24.0,50.0,19.0,15.0,,20.0,50.0,4.0,35.0,34.0,24.0,7.0,,,45.0,25.0,34.0,57.0,19.0,27.0,23.0,25.0,28.0,41.0,34.0,12.0,19.0,3.0,22.0,19.0,59.0,47.0,34.0,40.0,61.0,27.0,14.0,55.0,,37.0,17.0,24.0,47.0,16.0,16.0,40.0,46.0,35.0,18.0,22.0,23.0,24.0,52.0,,24.0,51.0,,42.0,25.0,,,23.0,58.0,26.0,48.0,55.0,,42.0,37.0,40.0,22.0,26.0,36.0,0.0,43.0,0.0,,27.0,24.0,48.0,52.0,23.0,20.0,35.0,37.0,,,51.0,16.0,59.0,,20.0,20.0,37.0,4.0,,50.0,29.0,14.0,23.0,20.0,30.0,58.0,38.0,16.0,9.0,,23.0,46.0,21.0,,,,55.0,,39.0,29.0,48.0,31.0,19.0,31.0,50.0,28.0,30.0,13.0,,24.0,20.0,31.0,37.0,17.0,57.0,47.0,28.0,,25.0,43.0,41.0,,33.0,,0.0,59.0,,,18.0,20.0,,47.0,29.0,36.0,18.0,19.0,,26.0,30.0,,26.0,26.0,20.0,,,26.0,22.0,43.0,0.0,31.0,14.0,27.0,29.0,,36.0,38.0,33.0,35.0,47.0,47.0,11.0,21.0,22.0,23.0,,19.0,25.0,37.0,16.0,55.0,36.0,35.0,44.0,,56.0,,,23.0,47.0,,54.0,18.0,21.0,36.0,29.0,21.0,39.0,31.0,19.0,30.0,60.0,36.0,34.0,,,33.0,,27.0,,,2.0,53.0,20.0,27.0,,39.0,49.0,12.0,42.0,22.0,41.0,5.0,43.0,20.0,27.0,50.0,20.0,,37.0,62.0,32.0,52.0,38.0,55.0,51.0,7.0,,24.0,28.0,31.0,62.0,20.0,,28.0,41.0,,38.0,20.0,15.0,22.0,,,13.0,,,26.0,37.0,59.0,61.0,21.0,,45.0,25.0,41.0,19.0,,,59.0,43.0,24.0,34.0,36.0,22.0,29.0,42.0,,43.0,27.0,,35.0,,20.0,12.0,16.0,32.0,34.0,51.0,43.0,17.0,,,,,0.0,40.0,22.0,21.0,27.0,,33.0,33.0,33.0,30.0,17.0,25.0,17.0,,40.0,,,42.0,40.0,,,30.0,49.0,,48.0,,25.0,28.0,29.0,44.0,,18.0,,25.0,55.0,8.0,41.0,48.0,38.0,10.0,27.0,48.0,,33.0,57.0,,,49.0,35.0,32.0,38.0,19.0,34.0,39.0,25.0,42.0,56.0,,42.0,,42.0,59.0,35.0,26.0,18.0,39.0,,26.0,59.0,44.0,,30.0,22.0,5.0,38.0,41.0,30.0,44.0,50.0,,,49.0,29.0,45.0,23.0,,54.0,49.0,16.0,41.0,48.0,37.0,0.0,11.0,,36.0,23.0,,38.0,49.0,14.0,26.0,38.0,9.0,19.0,20.0,41.0,53.0,20.0,,,,13.0,,42.0,59.0,14.0,39.0,31.0,32.0,22.0,21.0,,50.0,39.0,59.0,20.0,30.0,10.0,23.0,39.0,20.0,,,49.0,55.0,46.0,,14.0,55.0,,31.0,,30.0,32.0,21.0,51.0,16.0,50.0,28.0,36.0,,53.0,,,62.0,23.0,,38.0,,,18.0,37.0,15.0,23.0,29.0,0.0,22.0,,18.0,,,18.0,45.0,13.0,42.0,,45.0,61.0,,,34.0,15.0,22.0,34.0,33.0,36.0,51.0,45.0,29.0,,29.0,52.0,32.0,11.0,53.0,17.0,9.0,,10.0,43.0,,,53.0,60.0,23.0,50.0,39.0,16.0,38.0,19.0,,,18.0,26.0,17.0,,60.0,14.0,51.0,32.0,14.0,46.0,28.0,27.0,58.0,13.0,,56.0,,21.0,28.0,,,,,61.0,45.0,,17.0,39.0,,39.0,34.0,56.0,,,,29.0,38.0,,,25.0,61.0,32.0,,15.0,,17.0,32.0,42.0,45.0,27.0,27.0,27.0,15.0,49.0,22.0,,,11.0,45.0,32.0,,,30.0,18.0,,52.0,13.0,47.0,35.0,54.0,35.0,,21.0,16.0,,47.0,,41.0,25.0,24.0,30.0,41.0,57.0,37.0,11.0,,,,,31.0,58.0,11.0,41.0,34.0,38.0,46.0,,50.0,39.0,23.0,41.0,22.0,27.0,,41.0,45.0,16.0,,36.0,,44.0,30.0,,18.0,,21.0,,25.0,,,,15.0,46.0,,25.0,14.0,36.0,9.0,,27.0,60.0,29.0,,26.0,8.0,24.0,47.0,21.0,24.0,31.0,,61.0,39.0,61.0,55.0,15.0,,38.0,15.0,,25.0,25.0,38.0,11.0,,15.0,49.0,42.0,26.0,12.0,21.0,30.0,,,43.0,53.0,26.0,34.0,,15.0,15.0,,42.0,33.0,57.0,38.0,62.0,17.0,,50.0,44.0,,11.0,45.0,43.0,44.0,,,38.0,2.0,25.0,13.0,59.0,25.0,,12.0,51.0,34.0,32.0,19.0,36.0,27.0,38.0,18.0,,,,20.0,,,27.0,54.0,,,49.0,,16.0,26.0,31.0,,22.0,31.0,12.0,47.0,43.0,,40.0,51.0,48.0,46.0,,27.0,46.0,20.0,57.0,,55.0,20.0,,25.0,51.0,,22.0,21.0,49.0,,58.0,32.0,52.0,40.0,,16.0,55.0,,18.0,30.0,25.0,46.0,49.0,,24.0,56.0,45.0,26.0,21.0,48.0,,,39.0,32.0,55.0,52.0,17.0,35.0,50.0,27.0,36.0,,13.0,19.0,17.0,26.0,24.0,13.0,33.0,,34.0,43.0,21.0,,,0.0,39.0,,,21.0,41.0,17.0,39.0,,34.0,42.0,,,29.0,47.0,42.0,18.0,40.0,19.0,52.0,34.0,27.0,,50.0,,,21.0,31.0,19.0,17.0,47.0,14.0,42.0,30.0,39.0,52.0,42.0,16.0,,60.0,53.0,,41.0,36.0,55.0,45.0,,,36.0,17.0,45.0,,45.0,34.0,22.0,129,3,2.360372340425532,18.042602187679908,-0.32237118179989654
5,5,1,6,4,6,8,8,7,4,4,6,6,4,9,2,10,6,19,10,7,6,10,6,7,9,10,5,0,7,4,9,9,3,13,16,2,10,10,3,13,24.0,8,16,7,0,18,9,9,17,1,7,10,5,11,7,14,9,12,7,5,10,17,6,25.0,8,9,11,14,3,12,9,17,8,7,6,12,17,12,7,13,9,7,14,16,14,8,11,20,8,12,13,31,12,8,11,15,3,8,11,11,6,17,12,7,5,10,13,10,16,17,56.0,8,24,15.0,8,10,11,13,16,11,18,14,4,8,4,9,18.0,0,13,9,13,23.0,17,16,11.0,10,8,23,7,26,22,25,23,26.0,36.0,7,7.0,9,10,11,15,17.0,11,17,31,27,17.0,25,14,24,4,16,15,16,23.0,27,15,16,21,9,,9,18,6,16,16,22.0,11,4.0,11,7,2,15,15,13.0,48.0,26,21,27.0,29.0,15,38,9,20,36,11,10,15.0,15,15,,17,13,11,5,,10,9,19,11,10.0,11,8,16,20,20,15,11,13.0,16.0,11,19,9,26.0,14,26,11,19.0,12,7.0,31.0,20,4,25.0,17,17,19,11.0,25.0,23,12,14,17,16,23.0,26,9,12,18,19,0,27.0,17.0,13,24.0,22.0,16.0,30.0,17,18.0,19,33,26,25.0,11.0,8.0,21.0,20.0,15,11.0,22.0,21.0,7,8,6.0,37,18,24,18.0,10.0,37.0,28,11.0,11,10,21.0,14.0,18,12.0,18.0,10,13,22.0,15,27.0,30.0,18.0,8,12,10.0,24,35,18,19,7,9,4,0,8,14,28,15,19.0,28.0,24,9,20,14.0,29.0,6,18,11,58.0,25,50.0,24,23,28,9,42,26.0,5,25.0,21,38,25.0,14,12,14,,33.0,21,50.0,16.0,14.0,19.0,18.0,11,38.0,10,16,9,24.0,12,43.0,24.0,21,48.0,10.0,54.0,30,51.0,5,29,18,25,4,11,20,36.0,11,12.0,1,25,20,33.0,20,15.0,18,17.0,31,28.0,8,21,18.0,45,48.0,29,30.0,10.0,18,25,25.0,23.0,8.0,11.0,19.0,15,15.0,39.0,10,12.0,17,13,23.0,40.0,20,49.0,11,23.0,25.0,0,20,17,23.0,28,17.0,21.0,20,36.0,6,20.0,17,16,6,11.0,47.0,28,16,22,42.0,19.0,5,13,17.0,14,36.0,6.0,44.0,27.0,8.0,20.0,31.0,23.0,32.0,12.0,13,21,1.0,28.0,21.0,23.0,9.0,14.0,,7.0,17,16,7.0,,12,26.0,7.0,0.0,30.0,22.0,26.0,22,29,47.0,38.0,14.0,26.0,13,24.0,25.0,24.0,24,15,14,15.0,30.0,41.0,14.0,34,9,12.0,48.0,45,21.0,0.0,32,18.0,29.0,47.0,22,24.0,11,31.0,13.0,27.0,13,17.0,19,32.0,12,13,,23.0,,25.0,17,12,27,14.0,30,35.0,38,21,29.0,26,17,7.0,13.0,7,25,23.0,0.0,,32.0,35.0,13.0,8,23.0,17,18,57.0,,38.0,46.0,53.0,53.0,16,32,41.0,9.0,25.0,43.0,7.0,34.0,9,39.0,11,10.0,16.0,30.0,32.0,37,,14,,21.0,32.0,8,28.0,43.0,,24,18,22.0,37.0,36.0,,18.0,16.0,57.0,,29.0,17.0,19.0,51.0,10,16,31.0,10.0,44.0,11,28,14,12,11.0,,19,7,20.0,26.0,21,28.0,27.0,7.0,11,49.0,39.0,16.0,10,34.0,31.0,30.0,15.0,23.0,21.0,11,25.0,23,13.0,8,20,42,30.0,0.0,12.0,29.0,14.0,50.0,46.0,27.0,6.0,24.0,17.0,9,17.0,,29,19.0,18.0,13.0,19.0,16,20.0,,50.0,30,13,31.0,41,34.0,31.0,37.0,13.0,20,29.0,19,19,35.0,16,15.0,15,26.0,54.0,30.0,34,20,,22.0,13,,26,30.0,24,,15.0,39.0,36.0,12.0,11.0,27,4.0,12.0,28.0,38.0,,28.0,6.0,20,15,17.0,22,16,14,26.0,20.0,37.0,,20.0,6.0,38,11.0,18.0,26.0,5,42.0,48.0,8.0,7.0,,22,,12.0,21.0,37.0,32.0,0.0,34.0,17,32.0,6.0,26.0,20.0,22.0,37.0,38.0,23,58.0,,12.0,31.0,17,3,6.0,49.0,8,34.0,12.0,19.0,14,25.0,,6.0,28.0,26,36.0,36.0,18.0,30.0,38.0,15.0,12.0,27.0,6.0,21,22,43.0,34.0,11.0,24.0,20.0,25.0,12.0,36.0,,25.0,0,28,44.0,17,35.0,22.0,,39.0,19,9,25.0,18.0,36.0,39.0,10.0,17.0,25.0,44.0,9.0,34,30.0,0.0,26.0,17.0,18.0,53.0,13,10.0,25.0,44.0,14,53.0,15.0,,21.0,43.0,29.0,20,17.0,10,42.0,39.0,37.0,51.0,24.0,43.0,32.0,48.0,20.0,15.0,31.0,,15.0,33.0,,29.0,33.0,33.0,24.0,,9.0,12,23.0,25.0,15,43.0,,9,17.0,6.0,34.0,17,32,16,10.0,13.0,47.0,36.0,4.0,5.0,13.0,47.0,16.0,16,13.0,7,11.0,10,36,13.0,29,1.0,38.0,49.0,32.0,11,56.0,12.0,22.0,10.0,22.0,16.0,15,16.0,25,27.0,36.0,18.0,17,32.0,22,8,6.0,2.0,9.0,0,19.0,,15,13.0,,23.0,22.0,52.0,12.0,22.0,37.0,17,24.0,31.0,22.0,23.0,26.0,34.0,21.0,45.0,16,21.0,24,27.0,22.0,23.0,21.0,28,11,35.0,23.0,12.0,21.0,54.0,31.0,18.0,30.0,28.0,19,17.0,19.0,30,33,41.0,10.0,14,18.0,37.0,40,21.0,32,26,40,32.0,26.0,51.0,22.0,23.0,21.0,26.0,,19.0,,23.0,9.0,22.0,32.0,16.0,,33.0,11.0,28.0,18.0,57.0,14.0,32.0,,20.0,0.0,18.0,17.0,23.0,15.0,,23.0,15.0,28.0,11.0,42.0,6.0,27.0,22.0,20.0,30.0,33.0,18.0,14.0,13.0,46.0,20.0,37.0,13,16.0,49.0,,15,26.0,42.0,41.0,24.0,20.0,31.0,20.0,25.0,15.0,15.0,19.0,23.0,0.0,37.0,24.0,44.0,31.0,48.0,22.0,,33.0,50.0,16.0,14.0,14.0,46.0,43.0,41.0,8,39.0,33.0,33.0,36,19.0,30.0,9.0,35.0,6.0,29.0,23.0,27.0,13.0,28,24.0,7.0,0.0,45.0,33.0,29.0,18,21,27.0,21.0,11.0,20.0,30.0,44.0,29,25,16.0,,30.0,35.0,24.0,17.0,,17.0,36.0,57.0,17.0,,,37.0,24.0,12.0,27,17.0,18.0,,30.0,23.0,27,,39,16.0,33,26.0,16.0,27.0,16.0,47.0,40.0,25.0,16.0,17.0,14.0,24.0,28.0,15,7.0,30.0,10.0,,22.0,8,30.0,16.0,14.0,,47.0,46.0,22.0,33.0,29.0,33,21,41.0,,,33.0,28.0,29.0,24.0,13.0,28,7.0,31.0,20.0,24.0,20.0,22.0,41.0,26.0,13,42.0,50.0,40.0,18,25,25.0,33.0,31.0,28.0,9.0,,,43.0,56.0,16.0,22.0,11.0,13.0,24.0,9.0,38,29.0,,11.0,29.0,8.0,11,27.0,17.0,28,,29.0,19.0,,44.0,52.0,16.0,46.0,37.0,58.0,42.0,9,,23.0,12.0,8.0,10,14.0,33.0,33.0,12.0,21.0,15.0,19.0,8.0,16.0,50.0,25.0,19.0,32.0,44,13,53.0,28.0,20.0,35.0,19.0,26,27,15.0,53.0,,15.0,,35.0,9.0,21.0,13.0,28.0,32.0,,50.0,37.0,58.0,19,12,16.0,16.0,27.0,8.0,25.0,15,50.0,29.0,20.0,32.0,30.0,31.0,53.0,22.0,9.0,14.0,,29.0,26.0,14.0,32.0,17,25.0,5.0,21,38.0,11.0,19.0,17.0,25.0,31.0,10.0,14.0,48.0,44.0,32.0,41.0,7.0,19.0,19.0,56.0,55.0,23.0,22.0,31.0,,57.0,15.0,15.0,,41.0,,22.0,30.0,21.0,40.0,19.0,,,26.0,23.0,36.0,37.0,13.0,9.0,27.0,37.0,17.0,42.0,46.0,17.0,37.0,55.0,35.0,28.0,20.0,21.0,50.0,47.0,28.0,,41.0,10.0,,34.0,18.0,24,53.0,24.0,36.0,46.0,,16.0,37.0,57.0,45.0,48.0,24.0,20.0,,20.0,23.0,21.0,31.0,15.0,22.0,14.0,34.0,6.0,15.0,37.0,11.0,30.0,25.0,,24.0,29.0,29.0,54.0,26.0,0.0,30.0,22.0,,39.0,40.0,21.0,,57.0,46.0,29.0,56.0,29.0,16,20.0,37.0,28.0,21.0,37.0,,27.0,27.0,48.0,18,28.0,31.0,57.0,,19.0,18.0,15.0,23.0,12.0,58.0,10.0,38.0,11.0,15.0,21.0,,22,26.0,17.0,45.0,43.0,14.0,18.0,,29.0,15.0,,36.0,20.0,19.0,39.0,13.0,21.0,20.0,35.0,37.0,25.0,25.0,,44.0,24.0,34,19,32.0,26.0,16.0,9.0,14.0,9.0,27.0,14.0,49.0,,12.0,,51.0,41.0,,47.0,22.0,51.0,49.0,27.0,8.0,,29.0,13.0,6.0,38.0,44.0,4.0,25.0,38.0,11.0,52.0,7.0,50.0,,,53.0,28.0,50.0,12.0,15.0,,31.0,,53.0,37.0,49.0,5.0,14,17.0,24.0,26.0,9.0,19,49.0,,,34.0,6.0,22.0,12.0,46.0,28,,18.0,15.0,28.0,,,37.0,14,38.0,42.0,27.0,33.0,30,46.0,36.0,54.0,33.0,,12.0,,57.0,9.0,39.0,43.0,56.0,15.0,43.0,11.0,33.0,28.0,46.0,35.0,,47.0,15.0,10.0,29.0,13,16.0,52.0,24.0,,16.0,26.0,47.0,33.0,,24.0,,45.0,26.0,18,11.0,,14.0,51.0,18.0,37.0,,27.0,10.0,30.0,8.0,46.0,26.0,50.0,17.0,54.0,16.0,53.0,50.0,16.0,,,27.0,26.0,15.0,,34.0,29.0,12.0,30.0,21.0,21.0,19.0,,8.0,18.0,45.0,13.0,13.0,27.0,12.0,34.0,6.0,19.0,16.0,10.0,,26.0,40.0,37.0,13.0,26.0,54.0,,35.0,,10.0,36.0,21.0,10.0,7.0,6.0,13.0,42.0,28.0,16.0,21.0,40.0,14.0,20,13.0,52.0,12.0,27.0,20.0,51.0,17.0,55.0,29.0,37.0,42.0,18.0,49.0,28.0,44.0,24.0,20.0,14.0,51.0,33.0,,,23.0,29.0,49.0,14.0,14.0,22.0,,54.0,,41.0,24.0,6.0,12.0,38.0,,29.0,34.0,19.0,44.0,26.0,51.0,7.0,20.0,33.0,16.0,46.0,37.0,33.0,23.0,,16.0,23.0,13.0,53.0,38.0,47.0,58.0,43.0,16.0,,,35.0,36.0,30.0,8.0,10.0,41.0,10.0,23.0,15.0,20.0,43.0,13.0,29.0,23.0,23.0,31.0,,1.0,51.0,57.0,8.0,14.0,7.0,29.0,32.0,,30.0,35.0,31.0,45.0,,23.0,41.0,,50.0,37.0,,30.0,,47.0,43.0,43.0,17.0,9.0,22.0,,0.0,,10.0,,24.0,,22.0,6.0,52.0,25.0,48.0,12.0,10.0,22.0,15.0,,53.0,22.0,17.0,21,37.0,,41.0,15.0,36.0,25.0,11.0,25.0,35.0,34.0,31,52.0,31.0,19.0,23.0,13.0,,46.0,21.0,30,17.0,13.0,52.0,29.0,52.0,27.0,,0.0,32.0,29.0,23.0,30.0,15.0,,,20.0,12.0,57.0,47.0,31.0,52.0,39.0,37.0,21.0,36.0,,42.0,24.0,49.0,36.0,10.0,42.0,37.0,40.0,23.0,40.0,27.0,41.0,36.0,34.0,25.0,18.0,17.0,34.0,,49.0,36.0,48.0,19.0,38.0,17.0,10.0,25.0,24.0,49.0,32.0,53.0,,37.0,27.0,15.0,14.0,,52.0,,46.0,52.0,27.0,24.0,46.0,55.0,35.0,,39.0,19.0,13.0,16.0,0.0,,23.0,48.0,23.0,,,10.0,10.0,,,,44.0,18.0,55.0,13.0,27.0,18.0,51.0,19.0,17.0,5.0,29.0,18.0,,22.0,48.0,54.0,,,7.0,18,13.0,14.0,8.0,25.0,19.0,0.0,15.0,32.0,19.0,53.0,,49.0,28.0,26.0,16.0,24.0,32.0,,16.0,,16.0,,8.0,42.0,,22.0,16.0,38.0,30.0,4.0,21.0,,28.0,27.0,,,13.0,38.0,,31.0,15.0,21.0,43.0,45.0,,31.0,10.0,26.0,25.0,12.0,16.0,25.0,11.0,,22.0,24.0,14.0,30.0,45.0,,33.0,26.0,27.0,,55.0,50.0,,,,14.0,21.0,43.0,35.0,,,,,21.0,47.0,10,,50.0,20,,26.0,25.0,21.0,14.0,37.0,36.0,12.0,7.0,19.0,34.0,43.0,,,24.0,18.0,57.0,,11.0,,16.0,21.0,,14.0,38.0,21.0,12.0,,20.0,18.0,19.0,19.0,42.0,,42.0,,36.0,45.0,,12.0,46.0,,,26.0,52.0,31.0,17.0,49.0,,12.0,32.0,16.0,28.0,48.0,9.0,12.0,22.0,15.0,58.0,,51.0,7.0,28.0,16.0,,27.0,36.0,,,19.0,33.0,30.0,20.0,27.0,41.0,36.0,,28.0,,,9.0,48.0,27.0,0.0,50.0,11.0,31.0,15.0,22.0,15.0,,,24.0,18.0,26.0,6.0,29.0,12.0,,15.0,10.0,28.0,,,25.0,21.0,11.0,13.0,28.0,12.0,26.0,,30.0,52.0,20.0,16.0,39.0,25.0,37.0,54.0,5.0,30.0,,,9.0,,13.0,18.0,13.0,53.0,15.0,24.0,45.0,38.0,29.0,21.0,0.0,56.0,16.0,21.0,7.0,,8.0,,15.0,,32.0,37.0,,10.0,17.0,36.0,8.0,34.0,26.0,46.0,,57.0,,19.0,15.0,,,44.0,18.0,,56.0,6.0,14.0,22.0,48.0,27.0,27.0,28.0,16.0,,16.0,12.0,,34.0,,17.0,17.0,29.0,19.0,43.0,58.0,31.0,45.0,53.0,47.0,23.0,28.0,10.0,17.0,23.0,47.0,,29.0,12.0,,53.0,24.0,34.0,43.0,10.0,31.0,19.0,15.0,22.0,16.0,18.0,25.0,30.0,,44.0,11.0,,40.0,,,43.0,,33.0,,43.0,38.0,43.0,,,56.0,15.0,23.0,28.0,18.0,21.0,,37.0,,,49.0,15.0,,21.0,10.0,14.0,20.0,18.0,9.0,21.0,5.0,47.0,17.0,,41.0,37.0,26.0,16.0,18.0,25.0,34.0,37.0,20.0,46.0,38.0,5.0,24.0,,10.0,42.0,26.0,47.0,,23.0,14.0,35.0,30.0,,40.0,31.0,,,,36.0,17.0,,53.0,8.0,21.0,,36.0,0.0,14.0,5.0,33.0,43.0,5.0,35.0,15.0,,19.0,24.0,58.0,18.0,33.0,30.0,,22.0,,,0.0,37.0,16.0,32.0,38.0,,56.0,,47.0,46.0,28.0,29.0,,23.0,39.0,,47.0,16.0,14.0,,30.0,38.0,15.0,0.0,33.0,28.0,19.0,12.0,55.0,42.0,30.0,,9.0,0.0,,,13.0,40.0,5.0,,53.0,48.0,15.0,6.0,50.0,46.0,30.0,21.0,,,35.0,,43.0,36.0,27.0,40.0,22.0,21.0,51.0,10.0,,27.0,57.0,,13.0,50.0,17.0,15.0,34.0,56.0,45.0,24.0,36.0,,47.0,57.0,,22.0,,43.0,23.0,13.0,8.0,28.0,52.0,13.0,42.0,32.0,15.0,24.0,,,,15.0,33.0,,56.0,8.0,25.0,,,40.0,51.0,52.0,28.0,38.0,,,18.0,53.0,,36.0,42.0,,53.0,17.0,32.0,33.0,19.0,,39.0,46.0,13.0,57.0,13.0,20.0,29.0,11.0,18.0,,27.0,19.0,12.0,,30.0,47.0,33.0,39.0,42.0,36.0,,24.0,,28.0,13.0,10.0,10.0,31.0,37.0,58.0,34.0,19.0,,,53.0,12.0,10.0,,6.0,,20.0,39.0,,37.0,,14.0,18.0,20.0,34.0,10.0,16.0,,16.0,,43.0,45.0,23.0,21.0,,57.0,45.0,,33.0,9.0,29.0,,42.0,,7.0,25.0,16.0,31.0,49.0,42.0,,15.0,46.0,24.0,,47.0,57.0,,57.0,,56.0,,,,42.0,55.0,24.0,19.0,49.0,,39.0,,36.0,,8.0,31.0,,43.0,,52.0,12.0,11.0,58.0,,38.0,,32.0,21.0,,25.0,,,53.0,,,51.0,47.0,20.0,13.0,,37.0,,,29.0,25.0,21.0,,38.0,42.0,8.0,37.0,50.0,45.0,30.0,15.0,0.0,28.0,,21.0,25.0,57.0,57.0,33.0,26.0,23.0,19.0,14.0,,37.0,38.0,,16.0,14.0,32.0,21.0,9.0,17.0,18.0,23.0,29.0,,25.0,21.0,37.0,36.0,35.0,28.0,24.0,,22.0,44.0,28.0,,19.0,20.0,19.0,,39.0,,57.0,29.0,15.0,37.0,,,35.0,55.0,43.0,49.0,35.0,51.0,44.0,,,,,37.0,50.0,5.0,40.0,58.0,,48.0,30.0,18.0,,42.0,44.0,37.0,,34.0,50.0,34.0,12.0,47.0,25.0,14.0,22.0,9.0,18.0,26.0,14.0,29.0,54.0,,36.0,23.0,25.0,31.0,20.0,55.0,21.0,56.0,,24.0,,22.0,,,55.0,,,,40.0,56.0,36.0,,,24.0,,44.0,,46.0,,,,46.0,30.0,,33.0,,36.0,,20.0,20.0,57.0,,39.0,2.0,15.0,42.0,38.0,,29.0,31.0,17.0,39.0,44.0,38.0,,12.0,22.0,12.0,18.0,47.0,21.0,54.0,28.0,32.0,52.0,,22.0,,,36.0,24.0,31.0,,24.0,54.0,,47.0,35.0,,43.0,12.0,,29.0,32.0,50.0,41.0,,28.0,57.0,,,23.0,32.0,,28.0,27.0,17.0,20.0,,,16.0,,41.0,23.0,,46.0,11.0,,27.0,22.0,,,19.0,20.0,42.0,31.0,,,56.0,25.0,20.0,26.0,,21.0,,34.0,43.0,,,30.0,,57.0,19.0,,33.0,45.0,3.0,30.0,28.0,43.0,12.0,11.0,,27.0,0.0,,17.0,56.0,18.0,37.0,27.0,7.0,32.0,40.0,,19.0,54.0,,5.0,28.0,,12.0,1.0,19.0,,,30.0,24.0,25.0,44.0,13.0,,,28.0,43.0,39.0,6.0,13.0,30.0,12.0,11.0,57.0,36.0,27.0,36.0,45.0,12.0,,,24.0,52.0,,33.0,,,32.0,31.0,8.0,38.0,31.0,58.0,50.0,15.0,8.0,,17.0,8.0,49.0,58.0,34.0,56.0,30.0,57.0,49.0,,,,,37.0,,36.0,38.0,10.0,25.0,13.0,16.0,,18.0,8.0,14.0,,17.0,9.0,8.0,28.0,36.0,,41.0,19.0,3.0,37.0,19.0,38.0,9.0,43.0,27.0,36.0,,41.0,37.0,,37.0,,,57.0,25.0,47.0,12.0,21.0,41.0,,57.0,17.0,25.0,,18.0,,31.0,29.0,39.0,24.0,22.0,37.0,52.0,32.0,,,41.0,15.0,,,,,,19.0,23.0,28.0,,,50.0,30.0,9.0,47.0,35.0,,36.0,9.0,,15.0,42.0,33.0,,57.0,22.0,,16.0,,,,12.0,30.0,24.0,27.0,17.0,21.0,24.0,,,31.0,28.0,28.0,32.0,,27.0,,58.0,10.0,,56.0,34.0,53.0,42.0,11.0,9.0,49.0,43.0,23.0,,17.0,41.0,,36.0,9.0,23.0,35.0,30.0,,31.0,55.0,,32.0,,19.0,56.0,,46.0,,57.0,35.0,,53.0,17.0,35.0,,34.0,20.0,,9.0,52.0,13.0,22.0,,11.0,29.0,19.0,33.0,,,57.0,9.0,32.0,49.0,,49.0,30.0,32.0,25.0,33.0,56.0,20.0,43.0,21.0,54.0,25.0,14.0,55.0,28.0,,28.0,57.0,53.0,23.0,44.0,30.0,22.0,,28.0,52.0,41.0,19.0,,,39.0,51.0,29.0,35.0,36.0,7.0,,37.0,50.0,54.0,47.0,36.0,130,3,2.521557719054242,18.264048165137616,-0.3494050981614177
5,6,5,9,4,7,7,0,3,6,5,14,5,6,9,10,13,10,12,15,6,13,7,7,8,0,8,9,3,4,11,7,7,8,7,11,12,13,8,15,19,9.0,2,17,9,6,11,14,3,26,13,14,11,7,7,18,12,5,11,1,11,13,16,14,24.0,4,5,6,12,16,14,12,7,8,13,16,16,19,16,6,17,9,8,0,10,15,12,15,13,7,15,6,17,11,18,12,12,9,19,15,24,9,16,13,7,11,19,16,16,5,8,17.0,9,12,24.0,14,22,17,14,20,13,15,13,6,8,9,11,39.0,14,6,21,14,23.0,12,17,20.0,13,12,8,1,10,7,13,11,10.0,4.0,9,37.0,8,6,9,10,39.0,12,14,13,18,26.0,28,19,14,6,11,17,17,15.0,17,18,17,13,16,24.0,10,14,13,21,2,25.0,24,17.0,20,13,15,30,13,,17.0,23,17,16.0,38.0,15,37,8,7,18,10,9,11.0,14,19,36.0,13,17,28,14,18.0,8,16,10,14,31.0,18,30,0,23,13,13,12,13.0,26.0,22,12,27,21.0,20,18,19,57.0,14,15.0,9.0,10,11,52.0,19,18,11,10.0,,12,20,15,19,14,8.0,18,9,10,16,8,10,21.0,16.0,24,,17.0,13.0,27.0,12,12.0,8,10,14,54.0,44.0,15.0,37.0,24.0,16,37.0,19.0,,11,10,19.0,7,20,27,44.0,25.0,29.0,32,0.0,20,21,7.0,9.0,18,32.0,16.0,12,12,29.0,17,17.0,10.0,50.0,10,18,14.0,23,14,19,17,19,24,15,22,22,21,34,13,43.0,18.0,23,19,18,19.0,23.0,8,22,17,40.0,16,26.0,13,14,19,5,10,18.0,11,26.0,21,19,25.0,5,10,13,19.0,24.0,13,10.0,,39.0,36.0,23.0,15,26.0,1,15,23,25.0,16,16.0,20.0,14,,6.0,50.0,8,,8,29,27,18,17,26,10,33.0,11,37.0,18,24,4,32.0,17,37.0,19,18.0,20,27.0,12,15,12.0,26,27.0,10,30.0,16.0,16,31,22.0,14.0,12.0,18.0,56.0,18,15.0,31.0,13,24.0,12,17,5.0,29.0,27,32.0,12,18.0,21.0,22,32,12,39.0,14,18.0,22.0,27,36.0,13,,21,7,15,16.0,37.0,22,18,22,11.0,17.0,10,28,30.0,18,6.0,12.0,32.0,33.0,29.0,16.0,15.0,27.0,21.0,0.0,18,25,25.0,,43.0,9.0,28.0,17.0,27.0,23.0,16,16,23.0,15.0,17,,15.0,38.0,21.0,,5.0,25,23,19.0,17.0,45.0,18.0,0,56.0,26.0,11.0,16,24,12,27.0,,33.0,25.0,24,4,19.0,27.0,24,14.0,33.0,19,17.0,25.0,,33,15.0,13,15.0,38.0,9.0,8,14.0,17,9.0,12,13,22.0,24.0,45.0,38.0,13,13,33,23.0,36,14.0,12,12,23.0,31,13,12.0,22.0,17,19,29.0,16.0,56.0,22.0,14.0,16.0,15,8.0,17,25,32.0,18.0,44.0,,13.0,,10,45,30.0,25.0,26.0,19.0,11.0,24.0,16,23.0,22,19.0,6.0,17.0,10.0,15,19.0,4,35.0,43.0,48.0,6,57.0,35.0,15.0,22,19,56.0,27.0,12.0,6.0,,12.0,32.0,,37.0,30.0,53.0,7.0,12,11,15.0,,29.0,22,9,27,13,35.0,42.0,17,34,39.0,50.0,18,42.0,17.0,19.0,25,7.0,24.0,21.0,12,26.0,29.0,18.0,14.0,,35.0,23,17.0,13,22.0,28,27,17,31.0,31.0,17.0,,,,31.0,23.0,11.0,11.0,11.0,17,9.0,,41,7.0,40.0,7.0,15.0,14,22.0,,16.0,10,16,,11,0.0,11.0,34.0,37.0,25,7.0,10,34,28.0,20,38.0,13,17.0,45.0,41.0,19,13,,18.0,11,12.0,16,22.0,18,,40.0,43.0,,12.0,34.0,26,14.0,29.0,26.0,8.0,38.0,0.0,,16,14,26.0,24,21,25,43.0,27.0,0.0,36.0,45.0,23.0,34,18.0,24.0,18.0,11,38.0,35.0,18.0,33.0,,15,,37.0,24.0,43.0,16.0,19.0,21.0,17,,36.0,,12.0,12.0,21.0,3.0,22,27.0,42.0,35.0,42.0,22,27,16.0,12.0,20,35.0,,37.0,12,13.0,,13.0,,17,45.0,9.0,21.0,39.0,17.0,23.0,12.0,27.0,27.0,12,16,,26.0,13.0,24.0,20.0,10.0,33.0,56.0,23.0,23.0,22,13,32.0,21,28.0,32.0,28.0,29.0,22,18,38.0,43.0,17.0,20.0,,,50.0,11.0,43.0,11,18.0,16.0,22.0,32.0,40.0,8.0,38,21.0,40.0,31.0,18,50.0,8.0,20.0,31.0,21.0,2.0,18,28.0,33,,16.0,14.0,1.0,25.0,,14.0,28.0,26.0,14.0,41.0,,21.0,32.0,32.0,42.0,42.0,47.0,10.0,,35.0,21,32.0,22.0,4,18.0,27.0,10,36.0,33.0,40.0,20,7,18,34.0,0.0,24.0,38.0,14.0,12.0,38.0,,32.0,23,7.0,16,31.0,12,26,17.0,25,,10.0,,19.0,26,19.0,13.0,10.0,34.0,49.0,26.0,11,,26,33.0,14.0,,22,12.0,10,17,34.0,10.0,53.0,19,11.0,31.0,16,13.0,14.0,33.0,20.0,,34.0,50.0,35.0,22,17.0,39.0,16.0,24.0,43.0,,31.0,11.0,13,35.0,11,32.0,0.0,57.0,23.0,24,14,14.0,17.0,24.0,19.0,3.0,46.0,25.0,20.0,32.0,19,18.0,20.0,42,22,34.0,48.0,16,23.0,12.0,24,27.0,17,28,41,8.0,23.0,,7.0,18.0,40.0,19.0,,50.0,8.0,29.0,14.0,14.0,22.0,19.0,19.0,30.0,15.0,18.0,33.0,30.0,23.0,49.0,27.0,40.0,40.0,,32.0,8.0,43.0,21.0,,26.0,22.0,21.0,,18.0,47.0,24.0,43.0,0.0,19.0,18.0,30.0,37.0,51.0,52.0,43.0,29,15.0,16.0,11.0,10,19.0,15.0,9.0,12.0,34.0,54.0,44.0,20.0,,0.0,15.0,55.0,36.0,36.0,19.0,20.0,,16.0,15.0,25.0,22.0,,25.0,8.0,23.0,24.0,,16.0,28,48.0,29.0,46.0,19,30.0,16.0,26.0,9.0,49.0,39.0,22.0,15.0,39.0,13,17.0,49.0,29.0,44.0,20.0,,23,20,22.0,21.0,16.0,,28.0,20.0,36,10,35.0,28.0,33.0,8.0,,42.0,19.0,9.0,34.0,,14.0,,2.0,49.0,23.0,11.0,13,14.0,7.0,45.0,37.0,16.0,13,9.0,40,9.0,15,22.0,56.0,27.0,17.0,32.0,24.0,39.0,10.0,14.0,12.0,45.0,36.0,11,29.0,34.0,54.0,21.0,26.0,24,30.0,11.0,25.0,18.0,7.0,5.0,50.0,29.0,19.0,23,24,,16.0,53.0,17.0,32.0,16.0,23.0,13.0,43,16.0,47.0,26.0,44.0,21.0,7.0,19.0,25.0,11,20.0,31.0,14.0,25,14,23.0,55.0,42.0,36.0,23.0,36.0,33.0,18.0,50.0,32.0,,,15.0,29.0,24.0,27,33.0,26.0,15.0,21.0,,20,19.0,19.0,24,30.0,23.0,11.0,48.0,,36.0,8.0,33.0,18.0,14.0,35.0,17,34.0,7.0,21.0,48.0,22,41.0,31.0,17.0,,35.0,16.0,29.0,17.0,19.0,9.0,29.0,15.0,18.0,27,15,19.0,7.0,41.0,22.0,,13,25,21.0,13.0,29.0,9.0,17.0,30.0,4.0,15.0,16.0,13.0,26.0,,45.0,12.0,46.0,11,26,28.0,,19.0,22.0,,13,11.0,7.0,25.0,43.0,10.0,15.0,35.0,21.0,,24.0,42.0,9.0,38.0,30.0,35.0,26,11.0,,25,25.0,26.0,26.0,12.0,42.0,,20.0,50.0,0.0,34.0,16.0,31.0,6.0,24.0,44.0,18.0,33.0,28.0,17.0,34.0,37.0,44.0,19.0,28.0,40.0,20.0,,20.0,20.0,18.0,9.0,28.0,17.0,18.0,30.0,49.0,47.0,32.0,,11.0,42.0,12.0,9.0,32.0,47.0,33.0,34.0,52.0,33.0,11.0,22.0,40.0,,26.0,9.0,,38.0,17.0,22.0,,50.0,24,29.0,17.0,37.0,43.0,17.0,,35.0,,38.0,48.0,9.0,22.0,27.0,14.0,43.0,20.0,,18.0,32.0,3.0,36.0,18.0,12.0,19.0,14.0,48.0,17.0,51.0,48.0,,21.0,32.0,17.0,54.0,23.0,28.0,,,44.0,39.0,53.0,54.0,26.0,12.0,10.0,27.0,25,,5.0,56.0,38.0,20.0,53.0,25.0,,31.0,19,10.0,31.0,,34.0,21.0,34.0,24.0,33.0,17.0,18.0,,52.0,43.0,,19.0,45.0,22,,16.0,45.0,6.0,,10.0,7.0,35.0,21.0,53.0,22.0,15.0,19.0,35.0,,20.0,,35.0,15.0,14.0,,42.0,15.0,38.0,16,15,38.0,43.0,20.0,25.0,19.0,26.0,11.0,28.0,34.0,46.0,37.0,24.0,33.0,22.0,,19.0,35.0,27.0,23.0,15.0,48.0,41.0,,40.0,,30.0,,16.0,15.0,,29.0,20.0,,37.0,40.0,32.0,34.0,15.0,11.0,17.0,,42.0,20.0,25.0,36.0,0.0,18.0,39.0,25,17.0,2.0,26.0,42.0,40,14.0,14.0,,26.0,30.0,28.0,12.0,0.0,18,16.0,24.0,27.0,53.0,14.0,17.0,22.0,26,28.0,13.0,32.0,25.0,14,,25.0,36.0,22.0,52.0,19.0,,55.0,7.0,13.0,16.0,31.0,19.0,,9.0,24.0,,31.0,51.0,36.0,36.0,,22.0,42.0,24,,33.0,41.0,21.0,45.0,24.0,27.0,51.0,46.0,25.0,,40.0,15.0,20,,46.0,20.0,21.0,,,40.0,35.0,,13.0,22.0,,29.0,20.0,42.0,34.0,55.0,,27.0,28.0,30.0,34.0,15.0,24.0,,,44.0,,24.0,37.0,24.0,9.0,9.0,21.0,55.0,52.0,55.0,13.0,29.0,34.0,48.0,38.0,9.0,45.0,18.0,1.0,,,,21.0,,38.0,16.0,43.0,31.0,31.0,33.0,51.0,21.0,,34.0,,15.0,16.0,21.0,12.0,7.0,2.0,,50,32.0,,34.0,18.0,39.0,21.0,16.0,16.0,49.0,,21.0,26.0,,41.0,57.0,51.0,33.0,19.0,42.0,31.0,24.0,8.0,36.0,15.0,16.0,49.0,8.0,49.0,53.0,21.0,,,20.0,9.0,,26.0,12.0,47.0,31.0,34.0,21.0,35.0,,14.0,,25.0,32.0,39.0,0.0,17.0,29.0,37.0,26.0,37.0,10.0,15.0,48.0,,38.0,48.0,24.0,32.0,21.0,28.0,36.0,46.0,10.0,9.0,44.0,42.0,,24.0,53.0,20.0,36.0,23.0,57.0,,35.0,18.0,16.0,34.0,51.0,30.0,,35.0,22.0,42.0,,19.0,,37.0,40.0,41.0,22.0,28.0,22.0,,21.0,40.0,,25.0,41.0,41.0,28.0,14.0,17.0,36.0,10.0,18.0,7.0,24.0,,31.0,22.0,28.0,,38.0,19.0,13.0,32.0,,33.0,,34.0,30.0,,,27,20.0,19.0,43.0,40.0,16.0,13.0,35.0,14.0,22.0,33.0,29,46.0,18.0,26.0,38.0,41.0,,0.0,,21,18.0,3.0,42.0,21.0,49.0,0.0,55.0,,56.0,22.0,29.0,15.0,16.0,42.0,16.0,12.0,13.0,18.0,24.0,44.0,12.0,16.0,21.0,27.0,39.0,28.0,13.0,,33.0,,14.0,20.0,,15.0,40.0,44.0,28.0,8.0,14.0,,41.0,29.0,,31.0,36.0,46.0,16.0,29.0,44.0,53.0,29.0,43.0,40.0,56.0,18.0,44.0,16.0,27.0,26.0,,41.0,27.0,,15.0,,,50.0,19.0,18.0,23.0,23.0,17.0,22.0,13.0,57.0,11.0,24.0,13.0,39.0,29.0,20.0,34.0,,43.0,14.0,23.0,56.0,33.0,15.0,,,21.0,33.0,23.0,16.0,22.0,35.0,,,,23.0,11.0,20.0,,,24.0,36.0,46.0,56,55.0,48.0,29.0,25.0,34.0,17.0,3.0,,,,15.0,40.0,43.0,12.0,,11.0,,32.0,42.0,10.0,28.0,14.0,,31.0,,22.0,15.0,19.0,47.0,,26.0,13.0,19.0,35.0,,,23.0,9.0,,,13.0,51.0,12.0,1.0,,17.0,9.0,17.0,38.0,27.0,52.0,20.0,42.0,35.0,31.0,45.0,37.0,53.0,47.0,50.0,39.0,16.0,35.0,35.0,49.0,43.0,,11.0,47.0,33.0,40.0,24.0,,48.0,48.0,,43.0,21.0,2.0,6,,22.0,15,29.0,30.0,18.0,39.0,38.0,14.0,,54.0,10.0,,41.0,53.0,,22.0,11.0,15.0,36.0,27.0,,,16.0,10.0,,36.0,,,42.0,12.0,,17.0,6.0,23.0,31.0,38.0,37.0,54.0,23.0,18.0,21.0,19.0,23.0,15.0,9.0,,23.0,19.0,9.0,18.0,35.0,33.0,56.0,13.0,29.0,,26.0,37.0,,29.0,,31.0,24.0,37.0,48.0,19.0,,23.0,23.0,19.0,23.0,15.0,26.0,43.0,25.0,48.0,19.0,46.0,17.0,,10.0,43.0,,48.0,53.0,25.0,33.0,12.0,44.0,36.0,33.0,15.0,39.0,36.0,,47.0,,40.0,,9.0,34.0,17.0,38.0,34.0,13.0,54.0,45.0,11.0,7.0,50.0,18.0,,31.0,51.0,0.0,36.0,51.0,39.0,,37.0,22.0,,,30.0,,44.0,42.0,25.0,44.0,2.0,13.0,,,15.0,27.0,27.0,22.0,13.0,33.0,,34.0,10.0,13.0,,21.0,26.0,12.0,56.0,0.0,21.0,,10.0,57.0,25.0,12.0,,,28.0,32.0,,,57.0,28.0,42.0,,50.0,,,19.0,14.0,27.0,,27.0,15.0,15.0,23.0,41.0,13.0,17.0,,47.0,9.0,,,19.0,23.0,49.0,31.0,13.0,49.0,55.0,,28.0,30.0,23.0,17.0,,25.0,23.0,23.0,20.0,19.0,30.0,,,53.0,,,18.0,,,20.0,0.0,55.0,24.0,31.0,18.0,35.0,50.0,,41.0,48.0,,26.0,34.0,43.0,,48.0,,27.0,27.0,,40.0,,30.0,38.0,34.0,12.0,37.0,28.0,23.0,12.0,28.0,29.0,,,55.0,26.0,30.0,,34.0,13.0,31.0,47.0,20.0,,45.0,,25.0,,13.0,24.0,35.0,23.0,10.0,41.0,40.0,15.0,40.0,25.0,33.0,9.0,34.0,32.0,48.0,26.0,45.0,20.0,31.0,20.0,33.0,24.0,45.0,35.0,16.0,25.0,20.0,34.0,21.0,47.0,,,13.0,20.0,27.0,27.0,46.0,48.0,16.0,26.0,17.0,34.0,5.0,,20.0,32.0,,,12.0,21.0,23.0,16.0,16.0,40.0,32.0,32.0,43.0,30.0,21.0,41.0,27.0,,42.0,27.0,7.0,,47.0,,,0.0,24.0,13.0,,26.0,,,57.0,16.0,42.0,12.0,,,21.0,,55.0,52.0,13.0,45.0,24.0,,18.0,,,35.0,16.0,17.0,18.0,,37.0,44.0,21.0,,38.0,53.0,14.0,12.0,22.0,,35.0,23.0,14.0,47.0,22.0,30.0,,,8.0,13.0,46.0,40.0,,54.0,55.0,19.0,34.0,9.0,19.0,40.0,31.0,52.0,37.0,33.0,42.0,26.0,,54.0,,47.0,35.0,,21.0,,50.0,54.0,45.0,27.0,,,28.0,9.0,41.0,23.0,23.0,40.0,49.0,,28.0,,9.0,33.0,48.0,30.0,37.0,15.0,26.0,38.0,12.0,32.0,34.0,,43.0,38.0,13.0,30.0,14.0,,21.0,53.0,18.0,48.0,11.0,16.0,42.0,,14.0,42.0,39.0,21.0,24.0,39.0,52.0,50.0,42.0,27.0,45.0,26.0,21.0,6.0,,49.0,,28.0,50.0,47.0,,43.0,23.0,9.0,38.0,,20.0,15.0,,44.0,,,12.0,,12.0,54.0,,56.0,57.0,44.0,,27.0,35.0,,9.0,31.0,29.0,20.0,30.0,26.0,,,22.0,,,33.0,30.0,0.0,,36.0,9.0,0.0,12.0,11.0,,31.0,8.0,22.0,55.0,,,,12.0,26.0,19.0,20.0,40.0,23.0,22.0,,21.0,14.0,25.0,21.0,24.0,,17.0,10.0,13.0,26.0,12.0,8.0,10.0,32.0,15.0,49.0,50.0,,,28.0,18.0,27.0,29.0,47.0,,,16.0,16.0,39.0,39.0,20.0,9.0,33.0,15.0,13.0,7.0,25.0,40.0,40.0,53.0,21.0,9.0,19.0,16.0,29.0,18.0,35.0,,22.0,,,,34.0,,30.0,12.0,35.0,15.0,30.0,47.0,33.0,,32.0,33.0,,44.0,,24.0,30.0,20.0,,20.0,,20.0,18.0,,36.0,41.0,,,12.0,45.0,,36.0,33.0,40.0,,,,28.0,15.0,,43.0,,33.0,21.0,26.0,,47.0,36.0,39.0,,34.0,,,32.0,55.0,43.0,14.0,37.0,21.0,,27.0,37.0,30.0,33.0,14.0,,31.0,46.0,15.0,38.0,40.0,41.0,45.0,21.0,12.0,20.0,57.0,50.0,56.0,6.0,21.0,21.0,25.0,14.0,,3.0,,,,25.0,28.0,27.0,,33.0,17.0,25.0,,52.0,,46.0,,30.0,45.0,32.0,46.0,25.0,19.0,37.0,27.0,,,17.0,36.0,54.0,10.0,,54.0,,,44.0,16.0,48.0,13.0,21.0,15.0,42.0,,,27.0,24.0,,25.0,51.0,46.0,51.0,19.0,57.0,48.0,,29.0,,,51.0,17.0,57.0,,44.0,13.0,49.0,6.0,43.0,31.0,,29.0,21.0,,44.0,,26.0,39.0,51.0,20.0,,16.0,36.0,7.0,53.0,,43.0,17.0,26.0,18.0,11.0,29.0,18.0,26.0,11.0,29.0,11.0,29.0,8.0,17.0,0.0,,46.0,57.0,,21.0,,,,28.0,,,29.0,,42.0,,,,13.0,20.0,33.0,43.0,,21.0,57.0,,32.0,,3.0,33.0,25.0,56.0,14.0,29.0,55.0,43.0,,20.0,25.0,26.0,,37.0,40.0,10.0,51.0,,42.0,51.0,34.0,31.0,,22.0,52.0,16.0,50.0,21.0,12.0,33.0,,28.0,,19.0,,27.0,18.0,41.0,,39.0,,42.0,18.0,35.0,49.0,21.0,,25.0,37.0,14.0,,36.0,47.0,,,0.0,,,,51.0,,13.0,17.0,38.0,,7.0,57.0,30.0,30.0,54.0,,34.0,28.0,4.0,,40.0,16.0,,20.0,,31.0,6.0,37.0,,13.0,,19.0,42.0,22.0,42.0,27.0,54.0,,24.0,37.0,,8.0,14.0,6.0,42.0,,54.0,38.0,49.0,35.0,46.0,,36.0,,42.0,28.0,0.0,15.0,51.0,30.0,19.0,23.0,56.0,16.0,29.0,56.0,29.0,36.0,19.0,18.0,34.0,,34.0,34.0,43.0,,38.0,31.0,19.0,9.0,34.0,,11.0,31.0,17.0,39.0,,37.0,49.0,,36.0,35.0,21.0,,,25.0,23.0,42.0,43.0,44.0,21.0,16.0,36.0,,22.0,,17.0,39.0,50.0,27.0,26.0,28.0,47.0,18.0,22.0,18.0,54.0,,,51.0,52.0,30.0,31.0,27.0,55.0,27.0,24.0,,52.0,34.0,21.0,22.0,,18.0,52.0,23.0,51.0,18.0,19.0,18.0,24.0,42.0,,28.0,44.0,28.0,40.0,40.0,19.0,24.0,,18.0,35.0,,13.0,,29.0,,33.0,27.0,,18.0,53.0,,53.0,28.0,52.0,,30.0,15.0,54.0,42.0,41.0,25.0,42.0,48.0,30.0,,,,57.0,21.0,22.0,22.0,49.0,52.0,17.0,23.0,22.0,27.0,,23.0,3.0,10.0,25.0,14.0,24.0,,32.0,34.0,31.0,40.0,11.0,38.0,57.0,32.0,0.0,30.0,46.0,44.0,26.0,42.0,26.0,19.0,32.0,37.0,21.0,54.0,8.0,12.0,33.0,51.0,28.0,42.0,34.0,32.0,53.0,13.0,,,38.0,28.0,11.0,,25.0,53.0,,,30.0,17.0,52.0,,21.0,50.0,131,3,2.532033426183844,17.481145449390418,-0.37852916643472645
3,7,6,7,7,13,8,12,6,9,9,12,14,2,13,7,14,7,10,28,8,6,14,16,13,14,14,10,8,14,17,10,11,6,15,8,18,12,18,15,24,17.0,7,17,14,11,13,10,13,27,9,8,12,13,27,17,10,17,5,15,10,12,19,16,9.0,13,14,9,4,19,5,24,14,11,12,14,16,21,11,14,19,13,12,11,13,12,14,10,17,21,12,13,14,18,22,16,28,1,16,15,23,20,17,7,7,6,5,16,15,12,8,18.0,19,18,19.0,12,25,20,9,23,6,16,14,18,15,14,17,17.0,8,16,23,16,,9,15,17.0,13,14,26,15,31,11,19,19,38.0,29.0,18,32.0,13,20,8,14,36.0,15,16,14,16,20.0,18,9,11,10,15,20,16,40.0,20,25,13,16,13,31.0,15,27,22,31,20,21.0,13,13.0,11,15,13,18,25,26.0,16.0,25,18,39.0,33.0,18,33,20,14,14,12,10,15.0,13,18,43.0,0,14,22,22,18.0,9,15,20,15,30.0,16,30,21,21,13,12,16,38.0,9.0,25,12,14,40.0,23,15,12,53.0,17,8.0,39.0,20,24,,19,16,19,21.0,22.0,24,15,14,20,15,18.0,21,16,14,12,17,18,16.0,29.0,15,32.0,9.0,19.0,13.0,21,19.0,18,33,27,26.0,31.0,27.0,,24.0,14,19.0,2.0,10.0,16,19,29.0,28,25,11,21.0,15.0,40.0,23,26.0,15,26,14.0,12.0,20,39.0,45.0,15,17,13.0,17,10.0,9.0,23.0,17,15,13.0,22,23,16,15,23,22,19,7,22,17,37,17,13.0,20.0,10,21,25,22.0,10.0,22,5,12,54.0,16,17.0,25,15,4,6,37,19.0,16,38.0,13,28,41.0,18,26,10,16.0,,19,15.0,17.0,23.0,28.0,18.0,17,27.0,50,19,26,23.0,17,21.0,50.0,13,55.0,23.0,21.0,24,58.0,7,26,34,30,22,0,20,20.0,18,26.0,20,24,15,33.0,23,12.0,21,18.0,11,15.0,20,15,24.0,36,19.0,16,21.0,18.0,21,17,16.0,53.0,15.0,20.0,43.0,16,22.0,15.0,16,44.0,15,14,26.0,,19,39.0,18,15.0,25.0,5,39,10,23.0,24,34.0,31.0,18,48.0,18,,21,28,7,21.0,15.0,37,23,20,31.0,41.0,21,17,25.0,27,29.0,30.0,36.0,16.0,56.0,19.0,18.0,,,10.0,20,26,23.0,,30.0,48.0,50.0,26.0,45.0,27.0,25,19,12.0,28.0,16,,19.0,25.0,40.0,17.0,16.0,21,24,,18.0,16.0,7.0,17,7.0,23.0,39.0,11,18,19,51.0,,16.0,19.0,16,13,17.0,22.0,14,31.0,26.0,26,28.0,21.0,15.0,22,11.0,23,17.0,22.0,,7,22.0,21,22.0,10,18,45.0,22.0,,,12,17,36,13.0,27,14.0,7,27,11.0,35,17,15.0,13.0,42,14,20.0,29.0,20.0,18.0,25.0,43.0,17,49.0,15,10,52.0,44.0,0.0,24.0,32.0,52.0,17,17,14.0,19.0,21.0,54.0,14.0,0.0,16,24.0,0,16.0,43.0,,19.0,17,14.0,22,,26.0,21.0,10,0.0,,59.0,26,34,30.0,,24.0,30.0,28.0,15.0,19.0,0.0,39.0,31.0,37.0,24.0,20,22,18.0,34.0,17.0,18,15,14,29,,59.0,26,24,16.0,27.0,24,47.0,22.0,19.0,41,,,13.0,22,22.0,18.0,16.0,13.0,29.0,40.0,17,26.0,20,28.0,12,32,19,44.0,33.0,29.0,,48.0,,,22.0,7.0,,27.0,13,32.0,,5,30.0,40.0,11.0,40.0,19,19.0,,23.0,19,21,20.0,36,32.0,20.0,31.0,32.0,46,19.0,16,8,,26,18.0,10,29.0,47.0,34.0,24,23,33.0,22.0,21,61.0,38,50.0,21,38.0,56.0,40.0,,6.0,26.0,25,19.0,22.0,49.0,12.0,45.0,12.0,,30,18,60.0,31,17,23,41.0,23.0,39.0,16.0,10.0,20.0,27,23.0,18.0,25.0,15,16.0,33.0,32.0,,28.0,28,20.0,29.0,6.0,,24.0,54.0,19.0,35,24.0,,23.0,16.0,23.0,12.0,48.0,26,36.0,25.0,47.0,,8,18,,52.0,22,34.0,16.0,24.0,9,8.0,36.0,41.0,13.0,15,14.0,,28.0,24.0,40.0,28.0,19.0,,20.0,12,18,,27.0,21.0,17.0,,37.0,,,44.0,,18,44,15.0,26,35.0,56.0,11.0,40.0,22,7,38.0,15.0,21.0,27.0,,20.0,,38.0,26.0,45,6.0,33.0,42.0,47.0,26.0,14.0,19,17.0,18.0,33.0,18,42.0,15.0,18.0,45.0,7.0,25.0,23,26.0,48,,22.0,20.0,37.0,40.0,33.0,23.0,0.0,33.0,29.0,21.0,44.0,16.0,41.0,16.0,50.0,27.0,15.0,62.0,15.0,38.0,5,30.0,18.0,22,,22.0,31,48.0,11.0,31.0,24,27,19,36.0,36.0,30.0,24.0,5.0,10.0,34.0,53.0,29.0,18,8.0,16,33.0,43,19,28.0,23,54.0,,28.0,15.0,31,24.0,12.0,23.0,21.0,19.0,14.0,33,,34,10.0,40.0,11.0,12,37.0,23,13,49.0,0.0,18.0,19,41.0,38.0,16,17.0,,29.0,12.0,,26.0,19.0,57.0,19,39.0,34.0,0.0,28.0,49.0,16.0,21.0,56.0,17,22.0,23,18.0,28.0,22.0,22.0,19,25,25.0,20.0,32.0,19.0,19.0,18.0,26.0,17.0,0.0,5,19.0,16.0,26,23,36.0,27.0,10,43.0,41.0,27,47.0,19,39,26,19.0,18.0,,12.0,11.0,21.0,47.0,8.0,48.0,40.0,31.0,18.0,12.0,22.0,22.0,,33.0,35.0,15.0,24.0,,21.0,18.0,24.0,22.0,11.0,20.0,24.0,40.0,,,48.0,53.0,30.0,45.0,42.0,39.0,,30.0,18.0,8.0,31.0,30.0,32.0,11.0,13.0,,31.0,31,16.0,25.0,56.0,15,35.0,16.0,10.0,20.0,14.0,,35.0,34.0,13.0,29.0,25.0,30.0,15.0,18.0,15.0,,62.0,13.0,29.0,22.0,35.0,18.0,21.0,27.0,16.0,39.0,37.0,26.0,22,26.0,,15.0,35,47.0,,23.0,19.0,16.0,19.0,17.0,44.0,41.0,20,43.0,47.0,19.0,15.0,44.0,,24,22,33.0,31.0,,20.0,,7.0,37,19,36.0,13.0,20.0,16.0,,21.0,27.0,28.0,,,49.0,57.0,32.0,53.0,14.0,17.0,21,34.0,24.0,55.0,38.0,22.0,28,12.0,27,,25,32.0,40.0,23.0,,24.0,35.0,55.0,57.0,7.0,0.0,36.0,48.0,16,47.0,52.0,31.0,33.0,,29,42.0,52.0,18.0,33.0,26.0,32.0,56.0,22.0,,11,17,22.0,42.0,40.0,25.0,,16.0,19.0,40.0,13,19.0,,46.0,21.0,47.0,42.0,15.0,40.0,10,49.0,31.0,,17,30,49.0,44.0,10.0,41.0,15.0,24.0,33.0,26.0,36.0,15.0,39.0,30.0,31.0,19.0,15.0,46,10.0,42.0,58.0,40.0,24.0,16,35.0,31.0,44,33.0,23.0,15.0,38.0,0.0,10.0,25.0,25.0,32.0,35.0,39.0,30,46.0,27.0,44.0,,26,18.0,27.0,15.0,17.0,21.0,32.0,22.0,21.0,22.0,12.0,28.0,42.0,30.0,41,14,55.0,8.0,24.0,14.0,29.0,24,21,,,53.0,,32.0,18.0,30.0,58.0,52.0,21.0,17.0,33.0,57.0,55.0,20.0,19,13,24.0,29.0,14.0,24.0,37.0,19,26.0,,31.0,61.0,38.0,38.0,0.0,0.0,14.0,50.0,5.0,29.0,9.0,41.0,48.0,22,20.0,8.0,24,42.0,43.0,45.0,42.0,,,10.0,,,25.0,30.0,21.0,27.0,18.0,35.0,,23.0,27.0,19.0,,20.0,28.0,41.0,17.0,35.0,29.0,30.0,34.0,25.0,48.0,41.0,46.0,19.0,33.0,18.0,50.0,45.0,51.0,,25.0,23.0,32.0,35.0,39.0,19.0,23.0,17.0,41.0,17.0,36.0,28.0,11.0,25.0,25.0,25.0,62.0,52.0,22.0,,33.0,27.0,26,57.0,21.0,,42.0,,37.0,30.0,,15.0,49.0,15.0,25.0,,14.0,49.0,20.0,,18.0,28.0,24.0,26.0,17.0,23.0,31.0,8.0,41.0,16.0,48.0,49.0,,34.0,27.0,42.0,33.0,2.0,21.0,38.0,49.0,51.0,58.0,47.0,,,23.0,49.0,24.0,21,43.0,18.0,22.0,51.0,20.0,17.0,35.0,18.0,,18,32.0,52.0,,12.0,33.0,24.0,32.0,31.0,35.0,13.0,28.0,27.0,32.0,12.0,20.0,53.0,11,19.0,10.0,39.0,32.0,48.0,55.0,36.0,15.0,35.0,,25.0,16.0,62.0,,44.0,32.0,61.0,43.0,31.0,10.0,46.0,,46.0,21.0,24,14,56.0,48.0,2.0,47.0,,60.0,41.0,44.0,26.0,0.0,,47.0,31.0,21.0,17.0,31.0,23.0,30.0,36.0,49.0,28.0,17.0,,40.0,25.0,55.0,34.0,29.0,,,13.0,59.0,,40.0,40.0,,37.0,27.0,,29.0,47.0,48.0,25.0,38.0,47.0,11.0,11.0,17.0,21,14.0,26.0,20.0,,23,34.0,52.0,,,42.0,59.0,58.0,47.0,19,31.0,23.0,30.0,15.0,,24.0,,28,27.0,,57.0,48.0,20,38.0,19.0,15.0,39.0,46.0,5.0,18.0,,14.0,13.0,28.0,,,,,34.0,10.0,44.0,,,11.0,11.0,11.0,8.0,35,25.0,38.0,16.0,18.0,19.0,61.0,15.0,29.0,,35.0,53.0,43.0,36.0,15,32.0,,32.0,53.0,26.0,36.0,0.0,47.0,35.0,,18.0,38.0,12.0,17.0,51.0,53.0,54.0,16.0,18.0,42.0,18.0,44.0,27.0,56.0,,41.0,15.0,34.0,14.0,33.0,25.0,42.0,46.0,40.0,,,,47.0,35.0,33.0,56.0,35.0,26.0,,58.0,47.0,28.0,,34.0,11.0,,28.0,21.0,,46.0,34.0,53.0,,39.0,36.0,29.0,37.0,55.0,52.0,42.0,20.0,4.0,,,22,10.0,,,20.0,30.0,55.0,15.0,58.0,37.0,19.0,33.0,,28.0,27.0,27.0,43.0,30.0,,29.0,,21.0,,27.0,26.0,12.0,18.0,28.0,,20.0,15.0,59.0,,,16.0,30.0,31.0,24.0,0.0,13.0,58.0,,20.0,33.0,23.0,13.0,33.0,19.0,,38.0,54.0,34.0,,19.0,20.0,30.0,32.0,20.0,23.0,56.0,32.0,25.0,,26.0,31.0,46.0,10.0,8.0,14.0,16.0,39.0,,,48.0,28.0,25.0,19.0,48.0,19.0,35.0,,46.0,37.0,,43.0,38.0,25.0,54.0,62.0,21.0,26.0,19.0,37.0,23.0,20.0,40.0,24.0,32.0,28.0,15.0,16.0,,,52.0,46.0,,17.0,55.0,50.0,30.0,13.0,15.0,22.0,29.0,19.0,30.0,39.0,17.0,36.0,16.0,,43.0,17.0,23.0,,10.0,62.0,25.0,34.0,32,39.0,,62.0,54.0,51.0,19.0,29.0,56.0,21.0,40.0,18,,16.0,35.0,37.0,23.0,34.0,35.0,,25,20.0,29.0,25.0,24.0,53.0,26.0,14.0,53.0,18.0,17.0,26.0,29.0,20.0,46.0,,27.0,,,30.0,,48.0,32.0,17.0,,,23.0,32.0,25.0,60.0,47.0,46.0,35.0,34.0,35.0,49.0,23.0,,53.0,29.0,46.0,39.0,54.0,,24.0,4.0,58.0,11.0,36.0,,,14.0,14.0,0.0,45.0,,,,23.0,0.0,44.0,20.0,53.0,52.0,,20.0,,45.0,20.0,38.0,41.0,46.0,30.0,17.0,19.0,25.0,34.0,37.0,38.0,21.0,34.0,17.0,,36.0,,,,27.0,24.0,34.0,17.0,29.0,55.0,22.0,50.0,47.0,0.0,12.0,35.0,20.0,,5.0,21.0,14.0,,0.0,,26.0,15.0,24,,31.0,44.0,50.0,31.0,45.0,20.0,58.0,,31.0,20.0,32.0,28.0,22.0,39.0,12.0,12.0,48.0,,,46.0,,24.0,49.0,37.0,,20.0,17.0,26.0,31.0,21.0,19.0,22.0,59.0,50.0,29.0,17.0,32.0,26.0,24.0,44.0,42.0,17.0,57.0,15.0,,20.0,21.0,38.0,49.0,57.0,28.0,27.0,,21.0,23.0,53.0,,,,,22.0,30.0,46.0,36.0,52.0,35.0,59.0,22.0,12.0,34.0,,60.0,14.0,,43.0,,48.0,16.0,20,,,16,46.0,46.0,47.0,31.0,54.0,11.0,37.0,27.0,19.0,18.0,39.0,45.0,32.0,59.0,46.0,,57.0,55.0,,41.0,16.0,31.0,61.0,61.0,19.0,7.0,18.0,17.0,54.0,32.0,15.0,47.0,42.0,50.0,29.0,46.0,39.0,10.0,34.0,,52.0,39.0,45.0,,,29.0,50.0,51.0,59.0,43.0,,33.0,34.0,36.0,9.0,23.0,26.0,27.0,40.0,19.0,30.0,35.0,23.0,33.0,16.0,13.0,17.0,27.0,,,48.0,40.0,48.0,44.0,26.0,23.0,16.0,17.0,,33.0,22.0,14.0,,,,19.0,,,11.0,35.0,61.0,47.0,,29.0,16.0,28.0,,13.0,,14.0,,46.0,,,48.0,36.0,,15.0,,,16.0,16.0,,20.0,48.0,,19.0,,26.0,,33.0,19.0,45.0,37.0,13.0,44.0,,,,49.0,11.0,18.0,41.0,27.0,59.0,50.0,37.0,32.0,16.0,15.0,42.0,15.0,19.0,,9.0,45.0,33.0,0.0,,18.0,31.0,24.0,60.0,36.0,51.0,23.0,39.0,28.0,20.0,26.0,23.0,55.0,42.0,,15.0,,24.0,4.0,52.0,,,31.0,,9.0,34.0,23.0,48.0,31.0,2.0,24.0,28.0,,23.0,,57.0,25.0,,29.0,58.0,20.0,25.0,25.0,,30.0,,,,30.0,,18.0,45.0,55.0,,54.0,39.0,,25.0,,40.0,20.0,60.0,,35.0,22.0,29.0,37.0,43.0,50.0,51.0,60.0,,59.0,21.0,2.0,57.0,30.0,21.0,26.0,16.0,,47.0,5.0,27.0,31.0,15.0,29.0,34.0,,,62.0,19.0,59.0,24.0,,11.0,31.0,38.0,,33.0,10.0,,48.0,15.0,,61.0,33.0,,58.0,,,23.0,,,,27.0,18.0,40.0,40.0,16.0,,22.0,13.0,10.0,26.0,30.0,30.0,25.0,44.0,35.0,,12.0,36.0,30.0,,,46.0,55.0,18.0,23.0,47.0,37.0,28.0,22.0,30.0,9.0,46.0,59.0,7.0,30.0,28.0,31.0,30.0,25.0,58.0,,46.0,21.0,42.0,22.0,26.0,39.0,55.0,42.0,43.0,31.0,,23.0,35.0,50.0,48.0,,,27.0,38.0,31.0,12.0,33.0,58.0,56.0,24.0,19.0,45.0,22.0,41.0,,19.0,17.0,20.0,31.0,16.0,,26.0,,,21.0,17.0,31.0,,14.0,20.0,42.0,57.0,48.0,,24.0,53.0,11.0,,30.0,50.0,13.0,33.0,31.0,25.0,60.0,59.0,49.0,52.0,,,,37.0,,,,18.0,18.0,25.0,8.0,19.0,29.0,,30.0,45.0,49.0,56.0,17.0,25.0,58.0,16.0,41.0,13.0,25.0,25.0,,59.0,36.0,,24.0,11.0,24.0,,16.0,,12.0,34.0,11.0,32.0,,22.0,54.0,,46.0,59.0,21.0,30.0,,,,25.0,,32.0,54.0,54.0,15.0,15.0,33.0,19.0,28.0,22.0,,32.0,21.0,47.0,51.0,43.0,36.0,19.0,19.0,38.0,29.0,54.0,,55.0,55.0,10.0,,30.0,,,5.0,23.0,56.0,22.0,22.0,18.0,46.0,,45.0,12.0,,3.0,,41.0,15.0,21.0,15.0,28.0,,22.0,33.0,,38.0,58.0,38.0,,34.0,43.0,59.0,18.0,50.0,60.0,52.0,30.0,26.0,17.0,35.0,,39.0,43.0,43.0,26.0,35.0,18.0,53.0,8.0,61.0,29.0,36.0,20.0,15.0,41.0,56.0,27.0,23.0,26.0,34.0,16.0,28.0,24.0,36.0,,,,,,41.0,41.0,52.0,9.0,47.0,32.0,,,18.0,38.0,34.0,,31.0,52.0,13.0,35.0,36.0,8.0,24.0,26.0,,22.0,25.0,38.0,32.0,20.0,28.0,39.0,,52.0,38.0,40.0,20.0,12.0,44.0,22.0,,20.0,25.0,27.0,46.0,26.0,28.0,50.0,52.0,52.0,41.0,20.0,42.0,61.0,52.0,28.0,20.0,,32.0,17.0,,40.0,20.0,8.0,,,52.0,19.0,25.0,13.0,,16.0,47.0,,,,25.0,22.0,,15.0,33.0,21.0,40.0,43.0,50.0,19.0,43.0,30.0,,48.0,,,29.0,40.0,38.0,,19.0,,22.0,29.0,47.0,28.0,12.0,59.0,46.0,9.0,,22.0,,,,,20.0,38.0,,30.0,38.0,31.0,25.0,,13.0,11.0,28.0,29.0,58.0,50.0,20.0,,,,19.0,,,32.0,51.0,27.0,6.0,47.0,30.0,28.0,9.0,47.0,60.0,61.0,44.0,38.0,,51.0,37.0,18.0,,,20.0,29.0,32.0,0.0,28.0,20.0,30.0,42.0,,8.0,35.0,,19.0,34.0,34.0,25.0,32.0,39.0,26.0,,17.0,26.0,,17.0,24.0,30.0,,44.0,24.0,0.0,,,36.0,,43.0,33.0,27.0,,10.0,,,21.0,24.0,29.0,33.0,,,45.0,45.0,42.0,46.0,25.0,33.0,37.0,,23.0,18.0,41.0,,10.0,,58.0,,24.0,30.0,,56.0,18.0,10.0,37.0,,,23.0,42.0,,8.0,52.0,22.0,34.0,32.0,19.0,49.0,17.0,46.0,,26.0,53.0,30.0,36.0,27.0,23.0,,12.0,,29.0,,57.0,44.0,28.0,17.0,40.0,11.0,59.0,42.0,18.0,23.0,53.0,35.0,21.0,1.0,40.0,35.0,6.0,32.0,27.0,21.0,,24.0,61.0,,58.0,45.0,52.0,36.0,48.0,39.0,52.0,18.0,,38.0,35.0,26.0,50.0,,41.0,45.0,59.0,44.0,23.0,,39.0,27.0,,30.0,15.0,4.0,17.0,,25.0,33.0,26.0,16.0,17.0,25.0,39.0,,47.0,12.0,25.0,39.0,28.0,60.0,,36.0,25.0,17.0,35.0,42.0,30.0,,40.0,,55.0,43.0,,31.0,58.0,,32.0,,60.0,9.0,6.0,55.0,53.0,,,10.0,25.0,,33.0,28.0,,46.0,48.0,35.0,29.0,9.0,,50.0,43.0,24.0,29.0,,47.0,38.0,29.0,37.0,35.0,29.0,59.0,,,20.0,60.0,40.0,,0.0,61.0,11.0,0.0,11.0,38.0,,7.0,28.0,16.0,20.0,35.0,34.0,28.0,38.0,,14.0,26.0,,19.0,18.0,31.0,34.0,,27.0,43.0,48.0,,,,60.0,,20.0,17.0,0.0,57.0,51.0,18.0,53.0,60.0,41.0,21.0,,27.0,22.0,55.0,,,33.0,,26.0,35.0,39.0,24.0,26.0,35.0,,,24.0,14.0,19.0,43.0,35.0,30.0,30.0,56.0,29.0,33.0,,,48.0,54.0,,,38.0,38.0,41.0,,46.0,62.0,34.0,28.0,46.0,27.0,,25.0,,30.0,8.0,27.0,24.0,60.0,,,24.0,19.0,20.0,36.0,45.0,13.0,41.0,56.0,,9.0,28.0,58.0,17.0,44.0,,,36.0,30.0,29.0,0.0,,32.0,17.0,61.0,,30.0,,55.0,,43.0,15.0,23.0,11.0,,27.0,,18.0,22.0,,58.0,50.0,53.0,53.0,26.0,25.0,37.0,32.0,40.0,29.0,18.0,,34.0,,50.0,18.0,16.0,62.0,29.0,,32.0,13.0,24.0,55.0,16.0,44.0,30.0,58.0,21.0,26.0,31.0,,33.0,0.0,,32.0,,36.0,26.0,62.0,36.0,,44.0,35.0,,48.0,10.0,7.0,27.0,59.0,,29.0,37.0,33.0,42.0,43.0,45.0,,,27.0,48.0,57.0,,54.0,,59.0,,56.0,48.0,132,3,2.4917127071823204,18.157126502575846,-0.34858515356999875
11,10,12,14,7,15,12,11,6,13,11,14,9,10,7,13,14,15,26,16,13,18,14,11,13,14,16,12,4,15,14,13,12,13,8,16,20,16,18,15,19,19.0,14,13,16,12,29,11,17,24,9,17,16,9,36,30,19,19,14,2,14,23,27,17,55.0,3,4,19,15,16,17,17,18,14,16,14,16,15,17,12,24,15,16,13,17,16,14,10,21,14,17,15,20,14,13,15,17,13,19,16,24,21,17,15,7,5,21,18,15,12,17,30.0,17,20,43.0,20,24,8,11,21,18,17,15,8,16,18,18,16.0,40,15,28,14,,17,17,30.0,19,18,23,15,36,22,15,29,32.0,38.0,18,19.0,14,23,14,13,13.0,18,30,14,18,33.0,29,24,13,0,19,28,17,10.0,22,24,15,26,19,44.0,15,17,11,25,24,29.0,22,28.0,19,18,13,19,64,32.0,39.0,29,23,36.0,35.0,9,23,20,17,22,21,18,20.0,17,34,22.0,15,14,30,17,55.0,26,20,17,20,65.0,43,28,15,23,13,12,17,23.0,14.0,9,15,18,36.0,17,21,22,20.0,18,49.0,52.0,17,9,,30,28,16,30.0,63.0,15,15,19,18,19,42.0,31,17,30,14,21,21,23.0,22.0,16,29.0,40.0,50.0,13.0,33,43.0,11,20,14,10.0,22.0,15.0,,19.0,16,20.0,20.0,42.0,27,16,53.0,29,25,17,37.0,14.0,,15,42.0,13,18,19.0,18.0,14,33.0,,13,24,15.0,23,41.0,26.0,56.0,17,24,19.0,30,16,25,27,19,25,16,34,13,28,12,20,42.0,,38,20,19,21.0,30.0,16,27,15,27.0,15,,13,24,19,22,47,,2,19.0,19,27,46.0,12,29,20,,15.0,25,,,63.0,29.0,19.0,25,30.0,20,27,23,29.0,23,10.0,39.0,21,41.0,6.0,,28,52.0,21,30,42,37,7,20,27,19.0,20,,22,28,16,64.0,20,15.0,22,5.0,36,55.0,21,16,21.0,43,20.0,32,21.0,30.0,27,26,25.0,22.0,23.0,31.0,,21,15.0,26.0,20,60.0,16,16,,,19,22.0,28,45.0,,20,37,43,18.0,14,43.0,38.0,19,38.0,18,38.0,19,28,17,46.0,26.0,14,24,19,37.0,29.0,15,21,29.0,23,28.0,28.0,18.0,29.0,12.0,0.0,23.0,23.0,41.0,22.0,19,23,19.0,55.0,20.0,32.0,35.0,,14.0,25.0,29,26,29.0,26.0,19,42.0,24.0,56.0,27.0,24.0,26.0,21,18,22.0,22.0,40.0,36.0,26,27.0,22.0,20.0,20,27,24,29.0,42.0,25.0,28.0,13,0,18.0,23.0,37,53.0,32.0,30,28.0,23.0,16.0,42,24.0,19,14.0,62.0,37.0,22,30.0,7,19.0,17,19,20.0,32.0,16.0,31.0,45,19,12,33.0,14,26.0,17,20,20.0,18,22,0.0,19.0,20,37,19.0,19.0,19.0,34.0,40.0,37.0,30,32.0,14,18,43.0,13.0,37.0,35.0,19.0,20.0,18,15,15.0,43.0,20.0,33.0,24.0,22.0,21,45.0,51,57.0,62.0,5.0,18.0,16,21.0,23,,36.0,29.0,19,20.0,54.0,25.0,31,33,,21.0,31.0,,39.0,29.0,24.0,26.0,28.0,52.0,40.0,29.0,6,18,35.0,30.0,,21,31,14,21,29.0,39.0,20,20,23.0,38.0,19,31.0,29.0,33.0,21,40.0,,27.0,22,29.0,,,50.0,33.0,36.0,20,41.0,17,20.0,20,29,26,58.0,42.0,21.0,23.0,,61.0,63.0,,8.0,27.0,18.0,18,22.0,23.0,21,26.0,15.0,44.0,18.0,7,35.0,,,35,27,37.0,46,22.0,21.0,18.0,,21,39.0,22,8,40.0,28,50.0,23,38.0,29.0,31.0,27,32,23.0,23.0,42,,35,14.0,19,59.0,21.0,30.0,31.0,50.0,23.0,32,33.0,,38.0,11.0,,10.0,,18,16,17.0,18,50,17,23.0,41.0,40.0,51.0,,51.0,18,29.0,29.0,0.0,30,,64.0,14.0,,0.0,24,,58.0,33.0,,25.0,29.0,29.0,35,23.0,,,,6.0,28.0,39.0,30,35.0,63.0,33.0,62.0,20,29,12.0,33.0,32,21.0,14.0,20.0,29,10.0,39.0,47.0,22.0,22,53.0,11.0,17.0,39.0,47.0,33.0,52.0,,39.0,28,7,49.0,34.0,56.0,21.0,28.0,28.0,33.0,30.0,41.0,25.0,20,19,38.0,24,39.0,,20.0,30.0,27,25,47.0,19.0,35.0,28.0,3.0,32.0,,40.0,54.0,18,36.0,21.0,18.0,31.0,5.0,37.0,24,23.0,32.0,19.0,24,23.0,11.0,43.0,65.0,19.0,18.0,30,17.0,30,,16.0,44.0,,28.0,43.0,28.0,9.0,22.0,45.0,,31.0,20.0,44.0,19.0,45.0,21.0,28.0,28.0,17.0,,20,33.0,21.0,16,38.0,18.0,11,34.0,29.0,36.0,32,32,21,56.0,30.0,20.0,50.0,31.0,25.0,13.0,30.0,26.0,21,39.0,21,32.0,30,29,49.0,18,26.0,13.0,,,28,16.0,23.0,37.0,20.0,,42.0,22,21.0,23,34.0,17.0,60.0,22,19.0,22,30,29.0,19.0,31.0,14,31.0,22.0,2,22.0,50.0,37.0,26.0,14.0,40.0,57.0,29.0,18,34.0,36.0,31.0,28.0,35.0,57.0,22.0,,11,25.0,17,41.0,30.0,31.0,,20,20,25.0,17.0,19.0,19.0,36.0,36.0,23.0,45.0,33.0,14,27.0,19.0,13,26,31.0,,32,23.0,38.0,22,18.0,33,24,29,20.0,18.0,40.0,30.0,32.0,5.0,46.0,6.0,36.0,32.0,4.0,18.0,16.0,37.0,37.0,23.0,14.0,58.0,22.0,28.0,47.0,19.0,35.0,20.0,9.0,65.0,35.0,,17.0,61.0,,19.0,28.0,29.0,34.0,,22.0,,52.0,17.0,42.0,24.0,,21.0,32.0,,35.0,29.0,19,21.0,22.0,35.0,64,38.0,,34.0,19.0,42.0,23.0,43.0,30.0,,53.0,35.0,18.0,19.0,22.0,55.0,,40.0,45.0,43.0,0.0,30.0,21.0,35.0,62.0,44.0,52.0,18.0,23.0,15,43.0,26.0,18.0,23,38.0,23.0,21.0,49.0,28.0,0.0,30.0,,64.0,17,23.0,20.0,22.0,11.0,49.0,49.0,21,23,24.0,,17.0,28.0,,43.0,41,39,28.0,42.0,59.0,51.0,,22.0,27.0,32.0,,61.0,55.0,25.0,15.0,25.0,21.0,43.0,25,53.0,11.0,36.0,43.0,10.0,15,31.0,37,,41,16.0,32.0,40.0,,49.0,47.0,35.0,47.0,31.0,27.0,32.0,32.0,32,20.0,,55.0,21.0,42.0,45,22.0,14.0,44.0,36.0,37.0,36.0,48.0,20.0,23.0,12,32,22.0,13.0,51.0,16.0,,21.0,40.0,23.0,16,,58.0,15.0,33.0,38.0,15.0,14.0,18.0,24,19.0,21.0,28.0,19,13,20.0,59.0,32.0,28.0,50.0,26.0,,38.0,47.0,14.0,,16.0,19.0,,26.0,13,28.0,24.0,23.0,24.0,27.0,17,35.0,38.0,17,29.0,35.0,,31.0,26.0,22.0,40.0,50.0,22.0,53.0,44.0,34,29.0,44.0,19.0,20.0,30,14.0,37.0,44.0,21.0,16.0,21.0,29.0,26.0,65.0,19.0,35.0,29.0,25.0,34,40,20.0,14.0,22.0,54.0,11.0,34,31,31.0,37.0,34.0,0.0,43.0,12.0,18.0,24.0,20.0,46.0,30.0,26.0,33.0,56.0,45.0,26,26,29.0,,9.0,53.0,,21,40.0,,22.0,39.0,27.0,17.0,,34.0,57.0,23.0,,39.0,35.0,25.0,42.0,18,32.0,19.0,39,31.0,20.0,37.0,60.0,25.0,,16.0,,33.0,47.0,19.0,,21.0,32.0,,37.0,32.0,41.0,37.0,41.0,19.0,,,60.0,47.0,48.0,30.0,57.0,,21.0,27.0,64.0,28.0,26.0,38.0,25.0,9.0,55.0,14.0,11.0,23.0,14.0,,35.0,25.0,32.0,25.0,25.0,40.0,27.0,26.0,27.0,,41.0,10.0,27.0,21.0,41.0,47.0,16.0,20.0,38,54.0,37.0,27.0,53.0,32.0,21.0,24.0,41.0,65.0,34.0,51.0,33.0,36.0,36.0,46.0,27.0,29.0,25.0,59.0,16.0,38.0,14.0,43.0,36.0,33.0,,23.0,,24.0,37.0,41.0,36.0,42.0,54.0,53.0,40.0,56.0,59.0,42.0,,,27.0,51.0,31.0,16.0,54.0,28,45.0,39.0,16.0,37.0,53.0,51.0,24.0,24.0,,54,20.0,29.0,24.0,,21.0,41.0,18.0,38.0,36.0,53.0,32.0,29.0,59.0,0.0,25.0,22.0,27,28.0,11.0,,63.0,27.0,,18.0,41.0,23.0,33.0,61.0,,18.0,26.0,59.0,36.0,53.0,13.0,49.0,17.0,23.0,33.0,30.0,23.0,17,16,35.0,25.0,24.0,17.0,,18.0,27.0,20.0,,23.0,,22.0,18.0,28.0,16.0,49.0,27.0,29.0,29.0,65.0,24.0,,23.0,,35.0,37.0,56.0,25.0,19.0,,23.0,17.0,,26.0,26.0,37.0,32.0,30.0,13.0,16.0,52.0,37.0,0.0,25.0,25.0,,55.0,30.0,14,28.0,13.0,29.0,34.0,40,57.0,,,35.0,18.0,,56.0,,23,18.0,15.0,43.0,,39.0,29.0,64.0,51,48.0,,63.0,23.0,11,31.0,26.0,47.0,36.0,46.0,35.0,,40.0,27.0,14.0,18.0,51.0,42.0,13.0,56.0,35.0,61.0,45.0,64.0,50.0,30.0,34.0,16.0,,31,60.0,31.0,26.0,,23.0,,33.0,51.0,,39.0,28.0,50.0,24.0,29,32.0,56.0,65.0,28.0,13.0,48.0,58.0,,40.0,12.0,65.0,22.0,26.0,65.0,63.0,52.0,,60.0,30.0,49.0,,38.0,27.0,64.0,32.0,,28.0,39.0,32.0,28.0,23.0,63.0,38.0,36.0,18.0,47.0,,38.0,20.0,24.0,49.0,50.0,12.0,,21.0,31.0,33.0,,,45.0,25.0,57.0,39.0,20.0,64.0,48.0,29.0,29.0,,30.0,31.0,18.0,55.0,44.0,5.0,50.0,63.0,6.0,20.0,26,22.0,55.0,58.0,23.0,,33.0,29.0,,55.0,43.0,13.0,,32.0,21.0,33.0,32.0,30.0,15.0,62.0,26.0,57.0,43.0,37.0,23.0,27.0,53.0,31.0,23.0,35.0,39.0,21.0,29.0,50.0,18.0,37.0,42.0,56.0,52.0,20.0,48.0,17.0,31.0,42.0,17.0,,34.0,28.0,,0.0,32.0,30.0,,20.0,49.0,52.0,22.0,44.0,8.0,23.0,17.0,59.0,54.0,,33.0,,53.0,53.0,24.0,19.0,34.0,35.0,,16.0,43.0,20.0,26.0,64.0,33.0,44.0,41.0,29.0,29.0,,,56.0,56.0,40.0,,18.0,16.0,63.0,22.0,44.0,65.0,64.0,38.0,36.0,26.0,33.0,14.0,26.0,56.0,0.0,38.0,65.0,18.0,0.0,47.0,31.0,28.0,60.0,28.0,33.0,31.0,,26.0,,33.0,25.0,50.0,15.0,26.0,40.0,58.0,35.0,,8.0,52.0,22,36.0,31.0,,32.0,41.0,26.0,38.0,46.0,29.0,61.0,16,37.0,22.0,35.0,,23.0,40.0,51.0,,45,29.0,47.0,24.0,,28.0,38.0,,44.0,17.0,,58.0,19.0,29.0,35.0,,36.0,51.0,12.0,44.0,,44.0,18.0,12.0,20.0,29.0,35.0,19.0,37.0,22.0,48.0,,45.0,,,35.0,33.0,32.0,,40.0,40.0,38.0,56.0,,,23.0,,29.0,,,16.0,13.0,,,59.0,48.0,62.0,24.0,20.0,53.0,37.0,35.0,0.0,33.0,38.0,41.0,36.0,30.0,24.0,40.0,36.0,50.0,53.0,,43.0,62.0,42.0,33.0,11.0,16.0,44.0,47.0,37.0,51.0,44.0,19.0,43.0,25.0,61.0,52.0,50.0,27.0,13.0,10.0,28.0,,22.0,,32.0,39.0,37.0,25.0,,38.0,53.0,31.0,24.0,55.0,24.0,25,23.0,,30.0,57.0,30.0,25.0,43.0,,41.0,29.0,19.0,18.0,23.0,50.0,19.0,11.0,34.0,13.0,,62.0,35.0,44.0,23.0,,34.0,17.0,18.0,34.0,37.0,,46.0,64.0,34.0,12.0,,,21.0,,43.0,43.0,38.0,25.0,15.0,50.0,25.0,46.0,29.0,,53.0,27.0,,26.0,21.0,24.0,,,58.0,25.0,48.0,16.0,48.0,41.0,25.0,,47.0,,56.0,55.0,45.0,29.0,,53.0,36.0,43.0,23.0,27.0,44.0,39.0,12.0,11,,48.0,21,42.0,,23.0,31.0,34.0,15.0,22.0,48.0,28.0,57.0,,24.0,33.0,41.0,41.0,28.0,51.0,,,31.0,,47.0,,25.0,49.0,30.0,23.0,31.0,57.0,,46.0,,,61.0,,,23.0,16.0,28.0,52.0,27.0,17.0,46.0,32.0,,33.0,0.0,58.0,,,12.0,42.0,19.0,21.0,31.0,36.0,34.0,55.0,63.0,20.0,21.0,0.0,22.0,48.0,41.0,,30.0,48.0,,44.0,17.0,44.0,6.0,22.0,30.0,24.0,30.0,20.0,,,30.0,28.0,30.0,38.0,38.0,19.0,59.0,,48.0,19.0,42.0,,29.0,28.0,48.0,55.0,40.0,,53.0,42.0,29.0,30.0,64.0,32.0,45.0,23.0,,11.0,37.0,21.0,21.0,48.0,25.0,,,12.0,25.0,49.0,18.0,53.0,19.0,36.0,56.0,,,34.0,30.0,13.0,31.0,19.0,34.0,38.0,,12.0,,36.0,,,18.0,,29.0,10.0,,31.0,40.0,14.0,59.0,12.0,37.0,23.0,48.0,41.0,31.0,,,60.0,22.0,54.0,31.0,,60.0,42.0,63.0,15.0,0.0,39.0,34.0,48.0,20.0,62.0,60.0,,22.0,52.0,,,44.0,50.0,52.0,53.0,16.0,,22.0,19.0,65.0,23.0,49.0,55.0,49.0,28.0,10.0,27.0,31.0,17.0,33.0,,37.0,46.0,26.0,26.0,49.0,40.0,,52.0,28.0,37.0,17.0,,,57.0,12.0,64.0,32.0,51.0,35.0,,,46.0,,24.0,37.0,5.0,16.0,56.0,44.0,44.0,29.0,37.0,,31.0,51.0,26.0,37.0,27.0,22.0,,62.0,39.0,,,44.0,29.0,,35.0,25.0,20.0,31.0,41.0,60.0,28.0,20.0,63.0,44.0,,0.0,65.0,36.0,24.0,33.0,,,18.0,58.0,,62.0,30.0,40.0,34.0,50.0,56.0,42.0,53.0,0.0,61.0,24.0,51.0,45.0,48.0,30.0,24.0,,,,,37.0,30.0,34.0,13.0,28.0,36.0,36.0,48.0,12.0,27.0,18.0,51.0,34.0,27.0,,19.0,0.0,,63.0,31.0,40.0,34.0,59.0,,52.0,38.0,,41.0,39.0,43.0,21.0,21.0,37.0,25.0,39.0,,53.0,16.0,45.0,31.0,28.0,10.0,28.0,26.0,60.0,,31.0,50.0,19.0,,,21.0,57.0,41.0,,,15.0,28.0,23.0,56.0,18.0,,39.0,,16.0,58.0,46.0,33.0,18.0,55.0,23.0,30.0,20.0,19.0,25.0,36.0,20.0,29.0,36.0,39.0,29.0,39.0,36.0,56.0,55.0,27.0,56.0,20.0,62.0,,43.0,27.0,15.0,,38.0,62.0,23.0,,22.0,39.0,34.0,61.0,32.0,,,,60.0,14.0,53.0,,23.0,30.0,,35.0,,8.0,,34.0,,28.0,53.0,52.0,42.0,29.0,0.0,33.0,34.0,,29.0,36.0,42.0,36.0,6.0,44.0,25.0,53.0,,21.0,21.0,,54.0,15.0,,23.0,25.0,36.0,42.0,30.0,16.0,,38.0,,36.0,64.0,63.0,51.0,,40.0,,,45.0,50.0,58.0,26.0,30.0,33.0,25.0,57.0,0.0,45.0,,31.0,51.0,20.0,,38.0,63.0,22.0,,51.0,21.0,,,23.0,21.0,43.0,42.0,38.0,3.0,,9.0,16.0,,41.0,,,38.0,43.0,45.0,,19.0,,3.0,,23.0,35.0,,49.0,23.0,20.0,41.0,50.0,,52.0,47.0,16.0,16.0,56.0,,32.0,36.0,,20.0,34.0,,38.0,33.0,,25.0,,54.0,34.0,,61.0,45.0,28.0,,37.0,,62.0,25.0,,,36.0,,36.0,17.0,18.0,30.0,21.0,35.0,41.0,47.0,55.0,36.0,47.0,50.0,25.0,52.0,47.0,50.0,,46.0,52.0,16.0,49.0,46.0,57.0,14.0,24.0,64.0,44.0,38.0,44.0,30.0,37.0,33.0,16.0,21.0,59.0,20.0,37.0,34.0,,19.0,,32.0,49.0,,31.0,15.0,61.0,25.0,,35.0,8.0,41.0,64.0,34.0,55.0,,25.0,32.0,51.0,35.0,32.0,,22.0,34.0,48.0,32.0,24.0,53.0,0.0,,20.0,31.0,23.0,52.0,,41.0,59.0,,,46.0,,,,,65.0,20.0,37.0,,35.0,,28.0,24.0,,20.0,,29.0,35.0,,,9.0,37.0,40.0,32.0,35.0,24.0,59.0,,57.0,,48.0,57.0,32.0,15.0,62.0,48.0,63.0,,25.0,19.0,46.0,,38.0,51.0,44.0,39.0,23.0,61.0,37.0,25.0,,48.0,42.0,,36.0,,40.0,38.0,,39.0,12.0,44.0,9.0,59.0,,57.0,26.0,,32.0,42.0,20.0,,28.0,56.0,36.0,23.0,47.0,27.0,48.0,,14.0,58.0,,,28.0,31.0,,,,,54.0,41.0,,30.0,31.0,,50.0,37.0,22.0,18.0,,15.0,,18.0,57.0,26.0,,58.0,,65.0,54.0,12.0,,23.0,53.0,0.0,30.0,6.0,21.0,19.0,26.0,,0.0,34.0,,22.0,23.0,49.0,34.0,27.0,29.0,32.0,,,29.0,51.0,53.0,26.0,39.0,14.0,24.0,,52.0,35.0,38.0,,40.0,,7.0,,54.0,14.0,27.0,26.0,59.0,21.0,60.0,,33.0,5.0,54.0,53.0,29.0,23.0,32.0,,36.0,34.0,37.0,40.0,59.0,61.0,58.0,21.0,41.0,63.0,44.0,63.0,37.0,,33.0,,38.0,,,21.0,23.0,56.0,,39.0,,33.0,31.0,,38.0,14.0,17.0,40.0,54.0,21.0,28.0,63.0,37.0,,20.0,,30.0,58.0,52.0,,49.0,65.0,56.0,9.0,,,23.0,53.0,,40.0,29.0,64.0,,42.0,23.0,20.0,17.0,13.0,56.0,44.0,12.0,24.0,50.0,31.0,16.0,24.0,,8.0,19.0,22.0,61.0,26.0,,15.0,39.0,58.0,34.0,,43.0,43.0,17.0,,,26.0,15.0,37.0,38.0,24.0,64.0,,20.0,49.0,20.0,38.0,28.0,34.0,60.0,,53.0,43.0,37.0,35.0,12.0,56.0,18.0,,43.0,,,35.0,0.0,32.0,15.0,36.0,19.0,41.0,,29.0,,26.0,,43.0,26.0,56.0,21.0,37.0,31.0,37.0,19.0,,20.0,,46.0,53.0,,36.0,,,16.0,52.0,11.0,58.0,,57.0,38.0,,65.0,,34.0,,28.0,,,,,64.0,41.0,61.0,54.0,35.0,58.0,,,39.0,15.0,34.0,25.0,,,52.0,64.0,35.0,29.0,,40.0,29.0,35.0,20.0,40.0,65.0,54.0,31.0,46.0,49.0,24.0,20.0,,10.0,,,,29.0,44.0,,34.0,,64.0,,,59.0,,,,56.0,21.0,22.0,38.0,22.0,43.0,0.0,43.0,,39.0,61.0,18.0,62.0,,38.0,,28.0,,30.0,23.0,30.0,54.0,,40.0,40.0,30.0,19.0,59.0,8.0,38.0,58.0,,22.0,,39.0,18.0,,22.0,,0.0,,57.0,27.0,36.0,,43.0,,19.0,23.0,,36.0,26.0,34.0,26.0,38.0,32.0,43.0,26.0,32.0,24.0,31.0,30.0,,48.0,,40.0,9.0,,40.0,,57.0,52.0,10.0,,19.0,,43.0,,,15.0,0.0,23.0,57.0,14.0,60.0,,,65.0,50.0,64.0,55.0,41.0,,62.0,38.0,42.0,63.0,18.0,51.0,,,39.0,133,3,2.432249322493225,18.709566216604426,-0.34808593472541066
3,3,3,9,1,6,4,6,4,4,5,8,4,4,6,8,13,2,21,14,7,10,6,9,12,19,12,10,4,7,9,0,8,9,17,4,10,4,1,9,16,5.0,13,12,8,10,7,11,11,11,9,11,13,7,20,9,18,10,9,8,7,7,13,6,28.0,11,11,11,10,9,11,10,18,1,7,12,12,18,10,14,30,5,7,9,17,9,10,11,11,13,11,5,15,10,8,0,8,17,8,10,14,7,13,2,13,25,14,17,15,14,6,10.0,14,19,4.0,12,11,16,12,24,12,5,11,13,5,12,12,19.0,20,7,22,10,28.0,15,8,18.0,9,18,14,19,15,12,12,18,23.0,11.0,12,25.0,14,12,9,15,38.0,12,16,23,11,20.0,18,16,19,24,14,13,18,34.0,16,14,13,11,11,18.0,13,20,15,27,20,16.0,15,15.0,17,9,9,8,28,5.0,13.0,18,31,14.0,51.0,14,23,13,13,38,21,10,24.0,25,25,,15,11,20,6,30.0,12,12,24,8,19.0,15,32,33,14,9,21,6,11.0,23.0,27,5,12,13.0,15,18,30,31.0,11,6.0,29.0,11,9,,10,23,12,27.0,57.0,11,13,11,16,16,17.0,29,10,13,0,10,27,17.0,13.0,1,17.0,31.0,30.0,34.0,24,30.0,16,8,31,23.0,,43.0,9.0,15.0,14,26.0,16.0,30.0,23,22,41.0,28,20,17,17.0,5.0,0.0,22,,18,26,29.0,20.0,14,25.0,22.0,14,8,25.0,12,27.0,20.0,13.0,10,20,26.0,15,14,19,16,16,8,11,20,21,16,16,18,49.0,17.0,5,16,13,8.0,1.0,10,24,9,10.0,9,44.0,14,14,15,9,13,39.0,12,29.0,1,10,27.0,14,7,13,,9.0,27,37.0,31.0,5.0,16.0,52.0,23,40.0,12,17,14,21.0,10,,25.0,14,23.0,17.0,,20,31.0,9,21,13,26,17,22,8,25.0,12,33.0,17,17,14,51.0,17,42.0,15,16.0,15,15.0,33,13,7.0,23,13.0,13,9.0,5.0,12,16,32.0,41.0,33.0,25.0,7.0,20,36.0,11.0,10,46.0,12,17,,17.0,25,12.0,26,9.0,37.0,26,28,15,48.0,11,25.0,13.0,27,13.0,17,35.0,14,21,12,27.0,42.0,18,18,14,33.0,22.0,12,28,25.0,18,27.0,27.0,19.0,20.0,13.0,9.0,13.0,41.0,29.0,6.0,8,10,23.0,21.0,33.0,12.0,24.0,41.0,18.0,3.0,19,12,30.0,10.0,16,18.0,37.0,24.0,15.0,31.0,15.0,19,12,,30.0,22.0,27.0,23,57.0,33.0,47.0,15,21,20,39.0,28.0,36.0,21.0,17,17,24.0,29.0,27,30.0,23.0,28,13.0,11.0,17.0,16,5.0,5,10.0,7.0,15.0,13,31.0,19,36.0,1,15,44.0,43.0,24.0,11.0,15,12,17,33.0,44,15.0,24,23,34.0,6,25,55.0,37.0,14,18,37.0,8.0,35.0,11.0,39.0,25.0,5,20.0,22,13,51.0,16.0,28.0,28.0,38.0,33.0,8,13,,26.0,11.0,,34.0,24.0,9,16.0,35,17.0,16.0,9.0,11.0,0,19.0,32,,12.0,17.0,18,13.0,,25.0,15,26,,,12.0,,,54.0,24.0,20.0,18.0,28.0,9.0,9.0,14,12,20.0,,0.0,14,12,10,7,,27.0,14,17,22.0,19.0,16,22.0,23.0,26.0,21,31.0,9.0,0.0,21,37.0,37.0,22.0,26.0,46.0,40.0,17,20.0,20,21.0,18,17,24,0.0,43.0,13.0,23.0,,28.0,17.0,28.0,11.0,29.0,19.0,25,,30.0,9,29.0,,7.0,5.0,3,12.0,38.0,41.0,30,6,,12,19.0,20.0,26.0,17.0,15,14.0,7,6,33.0,19,44.0,28,51.0,,26.0,19,23,,12.0,16,14.0,22,40.0,14,21.0,12.0,24.0,,48.0,21.0,44,42.0,20.0,56.0,,24.0,56.0,,18,14,32.0,20,34,8,,23.0,23.0,23.0,20.0,13.0,11,14.0,28.0,35.0,5,55.0,57.0,15.0,,31.0,12,13.0,31.0,14.0,15.0,17.0,30.0,26.0,27,,13.0,,55.0,11.0,17.0,22.0,20,28.0,,21.0,8.0,24,13,21.0,,17,21.0,43.0,38.0,27,15.0,9.0,10.0,39.0,11,10.0,9.0,27.0,32.0,43.0,19.0,34.0,,37.0,10,32,43.0,33.0,0.0,19.0,11.0,12.0,21.0,,,18.0,34,13,34.0,19,33.0,28.0,54.0,23.0,21,25,31.0,13.0,0.0,0.0,,47.0,35.0,35.0,41.0,6,30.0,,12.0,31.0,46.0,9.0,13,34.0,30.0,25.0,27,35.0,46.0,12.0,27.0,24.0,19.0,7,28.0,30,21.0,28.0,44.0,36.0,,12.0,13.0,44.0,17.0,15.0,27.0,21.0,17.0,41.0,,21.0,19.0,13.0,,56.0,19.0,17,20.0,57.0,10,17.0,,4,36.0,3.0,8.0,23,14,12,19.0,31.0,,15.0,36.0,16.0,11.0,32.0,14.0,24,49.0,38,50.0,8,28,19.0,28,55.0,25.0,16.0,30.0,16,23.0,12.0,41.0,6.0,43.0,21.0,17,19.0,17,38.0,,14.0,22,33.0,15,44,31.0,22.0,28.0,22,,50.0,13,36.0,26.0,21.0,23.0,9.0,48.0,25.0,31.0,48,23.0,16.0,14.0,55.0,49.0,,8.0,23.0,24,11.0,13,21.0,32.0,23.0,26.0,27,0,11.0,8.0,54.0,22.0,44.0,0.0,39.0,16.0,37.0,17,39.0,15.0,6,22,41.0,31.0,7,20.0,42.0,20,20.0,25,26,8,19.0,16.0,38.0,7.0,35.0,43.0,10.0,43.0,47.0,47.0,41.0,36.0,1.0,19.0,17.0,,18.0,40.0,47.0,21.0,54.0,35.0,38.0,44.0,,43.0,19.0,31.0,20.0,29.0,44.0,50.0,15.0,,18.0,22.0,27.0,,29.0,33.0,20.0,26.0,16.0,19.0,19.0,31.0,54.0,40.0,19,9.0,48.0,29.0,8,27.0,47.0,,13.0,23.0,18.0,11.0,29.0,21.0,27.0,21.0,14.0,37.0,7.0,30.0,15.0,51.0,41.0,22.0,32.0,,13.0,47.0,15.0,0.0,31.0,,47.0,10,53.0,56.0,,5,18.0,17.0,43.0,15.0,32.0,45.0,9.0,21.0,43.0,21,27.0,,28.0,15.0,33.0,25.0,14,16,24.0,56.0,16.0,,11.0,11.0,23,23,18.0,21.0,20.0,7.0,17.0,22.0,28.0,10.0,,16.0,33.0,16.0,19.0,30.0,12.0,21.0,34,22.0,23.0,28.0,19.0,38.0,32,17.0,21,42.0,20,20.0,,15.0,56.0,18.0,25.0,20.0,17.0,11.0,17.0,,26.0,27,15.0,41.0,32.0,56.0,21.0,15,8.0,42.0,9.0,16.0,52.0,38.0,,40.0,34.0,6,4,16.0,27.0,9.0,41.0,,9.0,12.0,29.0,11,13.0,52.0,22.0,,8.0,9.0,19.0,20.0,4,16.0,18.0,18.0,21,14,57.0,27.0,12.0,33.0,18.0,7.0,21.0,52.0,17.0,25.0,,13.0,22.0,16.0,13.0,24,53.0,33.0,23.0,21.0,20.0,15,19.0,17.0,5,28.0,12.0,23.0,22.0,23.0,41.0,22.0,47.0,14.0,,42.0,12,22.0,37.0,,23.0,21,32.0,,18.0,17.0,16.0,12.0,18.0,27.0,24.0,39.0,31.0,9.0,32.0,24,20,15.0,,14.0,14.0,16.0,25,44,18.0,,31.0,20.0,,16.0,21.0,35.0,33.0,45.0,24.0,43.0,45.0,41.0,14.0,50,13,27.0,20.0,55.0,17.0,,13,57.0,19.0,29.0,41.0,9.0,32.0,28.0,10.0,12.0,9.0,,29.0,31.0,25.0,,12,18.0,20.0,31,7.0,38.0,24.0,,41.0,38.0,9.0,57.0,15.0,12.0,29.0,,18.0,45.0,40.0,,41.0,23.0,56.0,47.0,37.0,,21.0,27.0,48.0,,,12.0,26.0,23.0,12.0,7.0,18.0,,24.0,24.0,,,16.0,18.0,30.0,23.0,41.0,43.0,49.0,21.0,0.0,20.0,21.0,16.0,43.0,41.0,51.0,,10.0,16.0,,,13.0,45.0,17.0,30,18.0,26.0,28.0,20.0,19.0,,8.0,23.0,38.0,13.0,8.0,3.0,39.0,,0.0,8.0,,28.0,,42.0,38.0,25.0,20.0,11.0,15.0,45.0,6.0,6.0,23.0,43.0,26.0,20.0,16.0,53.0,18.0,36.0,55.0,10.0,31.0,20.0,24.0,,51.0,27.0,31.0,29.0,9,12.0,27.0,0.0,28.0,33.0,,18.0,17.0,,22,10.0,28.0,40.0,,,21.0,22.0,7.0,19.0,28.0,,48.0,33.0,39.0,45.0,23.0,19,23.0,21.0,55.0,25.0,15.0,40.0,14.0,21.0,30.0,24.0,29.0,,15.0,10.0,36.0,13.0,,25.0,54.0,12.0,46.0,30.0,6.0,28.0,13,19,35.0,34.0,37.0,23.0,18.0,26.0,11.0,14.0,,27.0,53.0,23.0,22.0,34.0,27.0,7.0,53.0,36.0,22.0,21.0,,,48.0,10.0,39.0,27.0,24.0,27.0,49.0,15.0,44.0,8.0,26.0,11.0,26.0,40.0,48.0,11.0,7.0,35.0,49.0,10.0,31.0,23.0,,13.0,45.0,15.0,17,31.0,19.0,16.0,33.0,13,,51.0,,28.0,17.0,,6.0,37.0,12,,48.0,24.0,22.0,48.0,,,32,44.0,8.0,9.0,,22,,16.0,44.0,57.0,31.0,16.0,43.0,39.0,,17.0,25.0,,20.0,36.0,9.0,29.0,,35.0,29.0,29.0,14.0,14.0,19.0,28.0,17,15.0,,25.0,29.0,16.0,9.0,51.0,32.0,43.0,15.0,29.0,31.0,18.0,21,18.0,22.0,7.0,,41.0,19.0,14.0,22.0,36.0,13.0,32.0,,52.0,41.0,30.0,,39.0,34.0,17.0,49.0,27.0,37.0,18.0,26.0,18.0,,10.0,40.0,51.0,28.0,19.0,21.0,43.0,13.0,,,13.0,28.0,44.0,20.0,19.0,57.0,8.0,,26.0,35.0,22.0,56.0,,49.0,53.0,30.0,4.0,16.0,34.0,27.0,,,10.0,48.0,15.0,18.0,32.0,30.0,28.0,19.0,13.0,49.0,17.0,22,8.0,34.0,24.0,8.0,55.0,31.0,33.0,30.0,18.0,53.0,19.0,29.0,45.0,,20.0,32.0,36.0,18.0,36.0,,51.0,,28.0,11.0,45.0,,4.0,14.0,16.0,23.0,,20.0,,,17.0,33.0,38.0,17.0,15.0,27.0,22.0,35.0,,,52.0,29.0,22.0,,21.0,10.0,18.0,11.0,32.0,27.0,14.0,22.0,29.0,32.0,22.0,25.0,18.0,,,20.0,,31.0,5.0,14.0,13.0,35.0,,41.0,15.0,35.0,17.0,0.0,36.0,13.0,26.0,34.0,14.0,18.0,31.0,38.0,20.0,43.0,8.0,,9.0,0.0,19.0,42.0,,43.0,36.0,27.0,,16.0,,49.0,34.0,22.0,,33.0,57.0,17.0,9.0,5.0,53.0,41.0,6.0,8.0,45.0,50.0,17.0,20.0,23.0,31.0,57.0,,36.0,32.0,18.0,53.0,33.0,35.0,43.0,33.0,20,16.0,,27.0,,26.0,25.0,26.0,,22.0,,18,9.0,56.0,,13.0,16.0,33.0,31.0,34.0,19,41.0,16.0,33.0,25.0,21.0,44.0,50.0,,,15.0,13.0,3.0,10.0,44.0,44.0,54.0,57.0,48.0,14.0,55.0,50.0,14.0,,53.0,19.0,21.0,51.0,,26.0,25.0,13.0,25.0,56.0,21.0,16.0,39.0,55.0,40.0,28.0,,20.0,47.0,8.0,33.0,36.0,49.0,,21.0,,27.0,40.0,8.0,36.0,,18.0,28.0,9.0,13.0,,,22.0,,19.0,,,,28.0,26.0,32.0,28.0,25.0,20.0,12.0,30.0,,47.0,41.0,11.0,,22.0,36.0,,27.0,,21.0,21.0,12.0,40.0,12.0,31.0,9.0,39.0,11.0,18.0,32.0,,41.0,,27.0,32.0,33.0,,48.0,48.0,48.0,21.0,,37.0,18,53.0,,54.0,52.0,7.0,7.0,32.0,55.0,30.0,53.0,,56.0,14.0,49.0,34.0,22.0,11.0,9.0,32.0,,,52.0,,11.0,40.0,0.0,,,35.0,12.0,,5.0,11.0,,47.0,,19.0,25.0,22.0,16.0,21.0,23.0,,,,38.0,28.0,38.0,24.0,30.0,24.0,19.0,27.0,32.0,38.0,6.0,20.0,35.0,18.0,26.0,37.0,35.0,31.0,15.0,56.0,56.0,,39.0,32.0,52.0,42.0,47.0,11.0,29.0,,52.0,18.0,,,18,23.0,24.0,18,38.0,38.0,44.0,26.0,27.0,30.0,20.0,18.0,31.0,,24.0,52.0,,29.0,26.0,21.0,,34.0,,50.0,22.0,35.0,56.0,10.0,56.0,17.0,21.0,47.0,46.0,29.0,34.0,50.0,33.0,25.0,27.0,41.0,,41.0,19.0,,40.0,8.0,54.0,56.0,40.0,32.0,9.0,,20.0,13.0,48.0,46.0,47.0,46.0,42.0,34.0,22.0,38.0,32.0,34.0,3.0,52.0,26.0,8.0,,,21.0,46.0,8.0,6.0,23.0,14.0,29.0,,18.0,25.0,23.0,37.0,9.0,,17.0,4.0,21.0,17.0,,23.0,47.0,22.0,22.0,28.0,34.0,50.0,,23.0,44.0,46.0,,55.0,,,,25.0,17.0,6.0,55.0,14.0,43.0,9.0,16.0,36.0,12.0,44.0,20.0,32.0,50.0,17.0,42.0,57.0,33.0,20.0,22.0,24.0,,0.0,26.0,22.0,45.0,13.0,25.0,28.0,0.0,57.0,26.0,56.0,40.0,10.0,7.0,36.0,27.0,5.0,,17.0,,,19.0,25.0,15.0,37.0,39.0,23.0,20.0,,52.0,49.0,32.0,16.0,,13.0,42.0,22.0,,,50.0,34.0,,,29.0,5.0,8.0,39.0,17.0,,,9.0,,32.0,,16.0,55.0,25.0,10.0,35.0,9.0,19.0,44.0,44.0,,,43.0,,23.0,,,40.0,37.0,,31.0,34.0,24.0,24.0,53.0,37.0,14.0,45.0,42.0,,15.0,25.0,27.0,42.0,45.0,51.0,5.0,54.0,1.0,29.0,,34.0,,,42.0,,22.0,50.0,30.0,52.0,14.0,22.0,39.0,13.0,21.0,13.0,31.0,25.0,45.0,,46.0,12.0,49.0,,42.0,44.0,43.0,25.0,,,,22.0,39.0,56.0,16.0,,16.0,19.0,50.0,,36.0,24.0,45.0,22.0,30.0,43.0,54.0,26.0,38.0,6.0,21.0,25.0,19.0,,29.0,,51.0,45.0,11.0,,29.0,,,23.0,53.0,9.0,25.0,53.0,13.0,47.0,16.0,,26.0,24.0,22.0,32.0,18.0,,12.0,36.0,33.0,55.0,23.0,,,48.0,,45.0,,29.0,52.0,42.0,19.0,34.0,28.0,,14.0,,,15.0,18.0,17.0,16.0,,33.0,14.0,15.0,,,40.0,19.0,17.0,17.0,,46.0,,10.0,14.0,,,32.0,55.0,21.0,,,,,32.0,18.0,9.0,25.0,20.0,6.0,42.0,,,28.0,32.0,8.0,31.0,52.0,13.0,33.0,27.0,38.0,,,40.0,22.0,12.0,49.0,40.0,,0.0,,41.0,43.0,35.0,,,12.0,26.0,32.0,20.0,18.0,45.0,18.0,19.0,44.0,,17.0,34.0,30.0,40.0,26.0,19.0,15.0,,39.0,,0.0,,,31.0,20.0,15.0,32.0,28.0,32.0,36.0,0.0,16.0,,54.0,30.0,27.0,27.0,,32.0,52.0,,,,27.0,44.0,40.0,19.0,17.0,,,15.0,,15.0,36.0,,23.0,22.0,,35.0,44.0,30.0,,36.0,,45.0,23.0,35.0,33.0,,12.0,52.0,37.0,4.0,40.0,,20.0,53.0,,28.0,,49.0,22.0,41.0,,21.0,16.0,49.0,37.0,23.0,12.0,,53.0,17.0,,29.0,,,35.0,14.0,,,23.0,26.0,13.0,30.0,,,37.0,32.0,23.0,42.0,,,48.0,,0.0,45.0,26.0,38.0,,40.0,19.0,17.0,38.0,20.0,,14.0,23.0,6.0,37.0,,34.0,,33.0,,,27.0,34.0,28.0,38.0,33.0,37.0,30.0,16.0,30.0,,41.0,27.0,,9.0,25.0,,0.0,23.0,27.0,13.0,38.0,51.0,38.0,27.0,12.0,48.0,40.0,,32.0,39.0,40.0,19.0,48.0,,48.0,19.0,,23.0,27.0,,12.0,57.0,0.0,6.0,40.0,4.0,46.0,37.0,,25.0,35.0,21.0,23.0,56.0,31.0,40.0,28.0,42.0,,47.0,,,17.0,38.0,,,,8.0,31.0,40.0,23.0,45.0,,39.0,21.0,46.0,28.0,9.0,,24.0,,38.0,18.0,44.0,23.0,53.0,30.0,32.0,,35.0,52.0,,16.0,25.0,,7.0,47.0,,31.0,33.0,,15.0,52.0,54.0,35.0,54.0,53.0,27.0,26.0,,23.0,47.0,18.0,26.0,56.0,,20.0,35.0,28.0,,28.0,35.0,33.0,,,22.0,18.0,41.0,,33.0,15.0,30.0,,53.0,43.0,36.0,13.0,10.0,21.0,30.0,55.0,19.0,25.0,49.0,49.0,9.0,,53.0,,41.0,21.0,26.0,55.0,5.0,,,25.0,29.0,,38.0,45.0,9.0,,20.0,32.0,47.0,26.0,15.0,13.0,,9.0,11.0,12.0,30.0,,14.0,37.0,22.0,55.0,26.0,18.0,,,,30.0,8.0,29.0,24.0,16.0,16.0,,34.0,26.0,5.0,32.0,44.0,49.0,23.0,28.0,,35.0,,22.0,26.0,43.0,43.0,41.0,,52.0,26.0,,0.0,,21.0,33.0,,27.0,,45.0,10.0,9.0,57.0,31.0,,19.0,,,14.0,56.0,,38.0,23.0,42.0,28.0,,42.0,,,20.0,29.0,21.0,,44.0,,30.0,,25.0,,,50.0,16.0,,25.0,56.0,34.0,,5.0,31.0,25.0,,14.0,26.0,16.0,54.0,,38.0,39.0,,,,46.0,43.0,,33.0,46.0,47.0,,50.0,30.0,29.0,,45.0,25.0,,,,24.0,19.0,27.0,25.0,21.0,10.0,46.0,,36.0,7.0,25.0,57.0,39.0,56.0,17.0,27.0,34.0,24.0,42.0,,45.0,35.0,38.0,13.0,42.0,26.0,22.0,26.0,,,10.0,29.0,27.0,46.0,16.0,33.0,45.0,6.0,3.0,,48.0,,,16.0,7.0,43.0,57.0,27.0,11.0,29.0,25.0,33.0,31.0,11.0,56.0,50.0,,,30.0,31.0,55.0,10.0,36.0,,17.0,,13.0,27.0,37.0,16.0,26.0,20.0,,36.0,47.0,,24.0,44.0,14.0,,,43.0,35.0,,,18.0,54.0,14.0,49.0,,37.0,48.0,,40.0,34.0,51.0,34.0,10.0,21.0,28.0,22.0,50.0,22.0,21.0,5.0,28.0,29.0,29.0,9.0,15.0,45.0,,42.0,,,36.0,45.0,49.0,13.0,32.0,36.0,24.0,40.0,30.0,,,51.0,,,23.0,,,37.0,,24.0,28.0,,,17.0,43.0,55.0,28.0,55.0,26.0,33.0,44.0,7.0,,33.0,37.0,40.0,3.0,13.0,32.0,,,30.0,44.0,,,,40.0,12.0,28.0,,17.0,22.0,54.0,33.0,35.0,24.0,30.0,42.0,,48.0,,,14.0,37.0,54.0,13.0,11.0,17.0,41.0,15.0,,52.0,14.0,31.0,24.0,33.0,50.0,43.0,37.0,47.0,,17.0,24.0,,,38.0,19.0,13.0,24.0,20.0,56.0,55.0,30.0,53.0,21.0,,5.0,48.0,12.0,26.0,,0.0,3.0,8.0,22.0,27.0,45.0,39.0,,,51.0,37.0,51.0,19.0,,21.0,,23.0,19.0,,15.0,23.0,,18.0,14.0,25.0,,,,24.0,,46.0,44.0,,49.0,47.0,32.0,,44.0,19.0,12.0,35.0,54.0,50.0,,29.0,27.0,12.0,10.0,37.0,,28.0,23.0,51.0,22.0,45.0,56.0,37.0,17.0,,42.0,53.0,50.0,21.0,29.0,14.0,,35.0,39.0,39.0,134,3,2.532867132867133,18.020559680182753,-0.36407927414602376
6,3,1,7,6,6,7,4,7,2,4,6,5,7,5,6,5,8,31,20,4,12,9,7,11,4,7,8,5,6,11,7,5,7,7,9,17,8,10,7,11,27.0,10,8,8,11,9,19,8,31,9,11,10,8,24,21,10,5,7,6,7,0,8,7,32.0,8,23,10,12,9,8,9,8,8,14,15,6,13,15,10,16,10,8,12,9,7,10,16,16,2,13,12,46,11,16,7,15,16,10,11,6,4,16,11,11,15,12,17,12,13,17,18.0,12,24,21.0,7,16,16,17,20,14,20,12,10,0,21,9,7.0,8,8,23,2,11.0,17,16,19.0,8,27,9,12,12,1,13,23,38.0,25.0,13,43.0,13,3,10,26,13.0,7,8,20,5,16.0,22,21,23,14,14,18,20,6.0,5,22,10,16,7,32.0,13,29,13,39,25,19.0,13,13.0,14,12,11,18,24,40.0,,4,17,0.0,42.0,20,23,12,12,37,14,17,9.0,21,8,22.0,2,12,0,7,55.0,17,16,10,12,50.0,14,27,14,16,8,17,8,12.0,16.0,19,14,18,17.0,18,13,13,16.0,11,27.0,18.0,23,21,51.0,10,27,22,9.0,17.0,10,18,17,20,27,46.0,23,11,13,18,16,21,19.0,41.0,10,29.0,22.0,18.0,54.0,26,47.0,17,27,24,4.0,26.0,8.0,6.0,16.0,15,20.0,10.0,9.0,13,23,18.0,34,30,23,23.0,29.0,35.0,46,,27,18,11.0,23.0,12,9.0,46.0,16,6,25.0,8,7.0,31.0,7.0,22,18,39.0,33,20,17,19,30,11,11,20,21,27,27,11,,30.0,4,12,9,11.0,19.0,22,26,16,24.0,15,10.0,17,9,0,13,22,19.0,13,14.0,19,15,31.0,11,25,3,,54.0,16,45.0,,27.0,14.0,33.0,13,35.0,12,19,15,9.0,18,23.0,20.0,6,54.0,9.0,18.0,18,8.0,12,5,11,26,10,21,24,21.0,14,29.0,21,17,12,,13,,19,35.0,10,20.0,12,8,19.0,6,8.0,8,15.0,21.0,29,17,6.0,29.0,13.0,22.0,,20,5.0,0.0,19,14.0,19,19,16.0,20.0,12,10.0,12,8.0,,16,33,15,17.0,11,34.0,15.0,20,24.0,18,10.0,19,15,7,14.0,27.0,18,22,12,53.0,16.0,23,19,17.0,9,33.0,3.0,31.0,32.0,46.0,41.0,24.0,11.0,,11.0,18,30,20.0,16.0,8.0,14.0,38.0,,15.0,14.0,17,10,12.0,17.0,12,12.0,4.0,31.0,31.0,,15.0,19,12,,18.0,0.0,15.0,18,42.0,13.0,27.0,10,10,13,45.0,32.0,12.0,17.0,18,25,20.0,,19,30.0,24.0,29,,18.0,16.0,17,13.0,21,19.0,26.0,11.0,15,21.0,26,57.0,29,19,24.0,18.0,,16.0,18,27,13,32.0,25,0.0,20,29,1.0,36,19,7.0,31.0,23,24,11.0,22.0,39.0,7.0,38.0,24.0,12,2.0,15,10,23.0,13.0,2.0,30.0,27.0,57.0,19,31,24.0,54.0,41.0,32.0,15.0,31.0,14,18.0,22,21.0,10.0,17.0,,10,10.0,18,23.0,20.0,15.0,27,18.0,,17.0,19,17,20.0,23.0,21.0,37.0,,13.0,,9.0,,,,9.0,26,26,40.0,29.0,15.0,14,33,24,21,42.0,29.0,18,4,24.0,50.0,10,24.0,16.0,21.0,24,,29.0,12.0,19,31.0,,14.0,22.0,17.0,34.0,13,46.0,14,38.0,12,39,14,51.0,35.0,16.0,49.0,44.0,17.0,,47.0,12.0,26.0,31.0,21,22.0,,26,14.0,31.0,3.0,21.0,18,25.0,53.0,,12,20,,16,24.0,7.0,22.0,6.0,17,29.0,24,15,47.0,19,40.0,12,28.0,23.0,29.0,21,14,54.0,8.0,16,12.0,14,8.0,14,30.0,10.0,,0.0,19.0,13.0,48,48.0,,38.0,26.0,17.0,12.0,,18,22,11.0,13,21,9,29.0,20.0,28.0,18.0,43.0,46.0,29,24.0,22.0,3.0,19,9.0,,47.0,59.0,20.0,9,14.0,18.0,18.0,,18.0,27.0,,19,,29.0,17.0,,28.0,33.0,27.0,18,24.0,15.0,19.0,11.0,21,11,,10.0,16,45.0,11.0,24.0,11,32.0,4.0,30.0,52.0,16,25.0,14.0,22.0,40.0,16.0,10.0,17.0,10.0,15.0,30,26,47.0,36.0,56.0,22.0,17.0,46.0,19.0,34.0,54.0,29.0,23,35,,30,,31.0,12.0,0.0,25,9,24.0,25.0,18.0,26.0,17.0,15.0,23.0,19.0,19.0,34,45.0,,27.0,21.0,49.0,59.0,16,22.0,24.0,25.0,9,39.0,19.0,17.0,32.0,22.0,13.0,14,8.0,22,55.0,8.0,16.0,44.0,,,17.0,32.0,35.0,57.0,23.0,33.0,15.0,48.0,17.0,35.0,24.0,29.0,22.0,36.0,5.0,26,45.0,40.0,16,28.0,19.0,22,10.0,36.0,41.0,24,21,21,12.0,17.0,36.0,21.0,47.0,37.0,19.0,,48.0,18,25.0,17,21.0,41,21,19.0,23,,,40.0,,40,16.0,9.0,49.0,21.0,21.0,14.0,9,26.0,35,8.0,26.0,17.0,29,37.0,28,12,14.0,5.0,47.0,19,29.0,,21,17.0,7.0,54.0,11.0,0.0,57.0,11.0,17.0,23,11.0,22.0,20.0,,19.0,,11.0,13.0,23,27.0,12,41.0,24.0,31.0,50.0,22,20,29.0,8.0,36.0,18.0,39.0,30.0,30.0,55.0,46.0,22,28.0,5.0,34,26,12.0,15.0,14,49.0,18.0,21,25.0,28,18,31,18.0,16.0,16.0,11.0,21.0,,,5.0,32.0,55.0,26.0,31.0,31.0,53.0,20.0,54.0,23.0,35.0,11.0,14.0,28.0,27.0,11.0,31.0,27.0,23.0,,25.0,9.0,18.0,24.0,,36.0,16.0,38.0,58.0,11.0,21.0,47.0,20.0,43.0,14.0,23.0,20.0,53.0,30.0,23.0,30.0,24,23.0,36.0,25.0,2,35.0,52.0,,32.0,26.0,,50.0,14.0,22.0,18.0,38.0,12.0,18.0,33.0,13.0,28.0,,58.0,28.0,12.0,26.0,13.0,32.0,12.0,58.0,25.0,19.0,47.0,17,20.0,47.0,30.0,13,25.0,35.0,30.0,31.0,13.0,50.0,16.0,45.0,21.0,33,27.0,31.0,18.0,26.0,59.0,25.0,29,27,15.0,47.0,19.0,32.0,,28.0,45,23,,14.0,30.0,,,,40.0,22.0,41.0,48.0,24.0,24.0,22.0,29.0,16.0,16.0,21,18.0,30.0,59.0,,17.0,23,29.0,18,37.0,28,,,24.0,40.0,27.0,27.0,33.0,40.0,9.0,,9.0,34.0,19,34.0,23.0,24.0,20.0,,23,21.0,43.0,20.0,16.0,21.0,16.0,,21.0,7.0,25,9,18.0,25.0,,16.0,18.0,20.0,,17.0,15,45.0,40.0,29.0,,59.0,25.0,48.0,25.0,27,16.0,19.0,,23,34,10.0,49.0,48.0,26.0,,20.0,45.0,16.0,30.0,,0.0,24.0,9.0,37.0,,30,,19.0,31.0,32.0,17.0,12,42.0,44.0,35,,24.0,11.0,12.0,46.0,29.0,31.0,58.0,26.0,11.0,40.0,29,36.0,35.0,19.0,11.0,21,57.0,31.0,44.0,11.0,36.0,,17.0,26.0,30.0,32.0,17.0,40.0,13.0,19,13,24.0,7.0,12.0,4.0,37.0,34,38,34.0,,17.0,17.0,27.0,23.0,25.0,11.0,21.0,38.0,18.0,29.0,52.0,12.0,41.0,15,28,11.0,15.0,11.0,,,12,14.0,57.0,37.0,58.0,24.0,38.0,19.0,15.0,9.0,20.0,29.0,30.0,28.0,,,27,54.0,,11,41.0,31.0,13.0,,35.0,38.0,10.0,,42.0,45.0,31.0,22.0,37.0,47.0,18.0,34.0,25.0,27.0,41.0,19.0,,42.0,32.0,29.0,22.0,,30.0,18.0,33.0,,45.0,6.0,,21.0,25.0,31.0,9.0,31.0,22.0,12.0,20.0,,36.0,41.0,24.0,46.0,19.0,,43.0,19.0,8.0,23.0,51.0,29.0,40.0,36.0,31.0,14.0,,59.0,,25,13.0,16.0,29.0,32.0,,22.0,32.0,17.0,24.0,37.0,56.0,24.0,,24.0,34.0,7.0,,19.0,53.0,18.0,20.0,42.0,16.0,25.0,18.0,24.0,40.0,17.0,30.0,31.0,22.0,58.0,44.0,,28.0,14.0,,26.0,27.0,17.0,,36.0,19.0,39.0,40.0,,26,40.0,,43.0,22.0,28.0,12.0,36.0,15.0,11.0,11,11.0,35.0,34.0,49.0,16.0,26.0,22.0,21.0,13.0,19.0,22.0,21.0,,27.0,38.0,43.0,14,24.0,17.0,57.0,13.0,32.0,34.0,44.0,22.0,19.0,51.0,15.0,,35.0,33.0,38.0,28.0,48.0,51.0,54.0,31.0,54.0,55.0,,16.0,28,17,37.0,30.0,22.0,23.0,23.0,50.0,29.0,27.0,42.0,35.0,57.0,27.0,,32.0,28.0,23.0,25.0,35.0,44.0,20.0,26.0,18.0,34.0,16.0,42.0,26.0,45.0,20.0,11.0,28.0,37.0,,21.0,21.0,39.0,29.0,31.0,19.0,46.0,42.0,,,34.0,27.0,49.0,37.0,21.0,16.0,41,19.0,10.0,26.0,,30,37.0,37.0,28.0,17.0,43.0,,33.0,34.0,7,21.0,30.0,15.0,43.0,50.0,12.0,44.0,12,16.0,45.0,39.0,27.0,19,,40.0,29.0,,49.0,5.0,39.0,29.0,38.0,7.0,11.0,,19.0,34.0,18.0,44.0,19.0,44.0,19.0,,23.0,24.0,32.0,21.0,13,21.0,19.0,23.0,30.0,31.0,,,44.0,,19.0,36.0,,40.0,31,10.0,27.0,6.0,19.0,31.0,,,45.0,17.0,,21.0,,40.0,44.0,,34.0,19.0,34.0,,26.0,17.0,25.0,59.0,38.0,33.0,40.0,27.0,44.0,50.0,15.0,29.0,8.0,23.0,21.0,24.0,6.0,48.0,23.0,,22.0,35.0,,14.0,19.0,23.0,6.0,11.0,16.0,59.0,25.0,44.0,24.0,25.0,,32.0,,,8.0,11.0,29.0,13.0,39.0,32.0,,46.0,45.0,13.0,18.0,38.0,43,52.0,,16.0,10.0,,33.0,33.0,,33.0,37.0,28.0,40.0,23.0,,,46.0,19.0,12.0,43.0,52.0,19.0,,23.0,28.0,31.0,,14.0,,,,25.0,,,33.0,43.0,30.0,10.0,28.0,13.0,26.0,24.0,24.0,44.0,49.0,,,55.0,,25.0,,,25.0,,24.0,23.0,29.0,28.0,35.0,59.0,27.0,28.0,57.0,52.0,20.0,21.0,47.0,11.0,40.0,35.0,,0.0,25.0,17.0,14.0,15.0,32.0,,18.0,50.0,18.0,14.0,50.0,54.0,26.0,25.0,5.0,,14.0,14.0,26.0,,23.0,,45.0,15.0,35.0,54.0,29.0,40.0,15.0,29.0,40.0,26.0,40.0,14.0,22.0,21.0,35.0,32.0,15.0,19.0,31.0,,31.0,28.0,19.0,3.0,45.0,48.0,59.0,37.0,,25.0,26.0,14.0,45.0,44.0,17.0,29,19.0,35.0,,25.0,33.0,17.0,22.0,,34.0,48.0,24,30.0,25.0,36.0,8.0,22.0,23.0,28.0,19.0,24,11.0,25.0,36.0,32.0,51.0,58.0,32.0,52.0,,34.0,,21.0,20.0,47.0,34.0,13.0,4.0,38.0,54.0,55.0,,15.0,41.0,35.0,53.0,35.0,22.0,58.0,,31.0,12.0,29.0,30.0,,10.0,10.0,,,,44.0,30.0,,18.0,23.0,34.0,51.0,10.0,,25.0,37.0,18.0,42.0,,31.0,28.0,3.0,21.0,,10.0,36.0,23.0,30.0,7.0,,,49.0,21.0,,38.0,56.0,23.0,8.0,15.0,29.0,22.0,12.0,17.0,24.0,25.0,47.0,31.0,37.0,11.0,11.0,,32.0,,32.0,55.0,8.0,28.0,,,28.0,27.0,26.0,30.0,5.0,15.0,,18.0,41.0,33.0,35.0,49.0,26.0,54.0,,37,39.0,12.0,,26.0,21.0,7.0,,,17.0,,18.0,55.0,,30.0,32.0,20.0,0.0,43.0,16.0,13.0,33.0,13.0,11.0,34.0,35.0,37.0,57.0,38.0,38.0,31.0,27.0,28.0,7.0,31.0,16.0,37.0,27.0,33.0,23.0,21.0,38.0,57.0,34.0,20.0,,39.0,14.0,15.0,40.0,29.0,58.0,21.0,17.0,,,28.0,18.0,30.0,38.0,51.0,,45.0,8.0,16.0,54.0,47.0,52.0,32.0,18.0,29.0,59.0,18.0,26.0,57.0,16.0,,35.0,17.0,35.0,1,,48.0,21,32.0,22.0,29.0,0.0,13.0,16.0,28.0,18.0,16.0,24.0,33.0,,0.0,25.0,45.0,11.0,41.0,39.0,,58.0,29.0,41.0,47.0,21.0,,31.0,29.0,16.0,35.0,34.0,29.0,39.0,40.0,21.0,44.0,,,,26.0,19.0,28.0,17.0,31.0,,13.0,23.0,20.0,21.0,29.0,16.0,56.0,10.0,29.0,28.0,28.0,22.0,12.0,20.0,22.0,,20.0,17.0,32.0,37.0,16.0,42.0,35.0,15.0,22.0,55.0,19.0,49.0,16.0,40.0,47.0,51.0,,58.0,38.0,,28.0,,23.0,13.0,43.0,30.0,,,28.0,14.0,10.0,23.0,27.0,26.0,45.0,30.0,25.0,32.0,33.0,15.0,37.0,21.0,42.0,58.0,39.0,36.0,19.0,11.0,22.0,31.0,48.0,32.0,33.0,30.0,,18.0,,35.0,48.0,39.0,33.0,25.0,36.0,53.0,33.0,10.0,7.0,19.0,27.0,43.0,,40.0,39.0,9.0,17.0,38.0,37.0,15.0,28.0,,7.0,45.0,43.0,57.0,43.0,59.0,25.0,14.0,29.0,23.0,56.0,18.0,15.0,,18.0,,,40.0,,31.0,41.0,,,28.0,14.0,,58.0,34.0,,,,35.0,,21.0,29.0,,,8.0,36.0,32.0,,,38.0,16.0,37.0,,42.0,9.0,,45.0,14.0,27.0,,17.0,41.0,39.0,10.0,31.0,30.0,20.0,34.0,31.0,,45.0,39.0,39.0,39.0,45.0,,10.0,18.0,20.0,33.0,27.0,,53.0,,44.0,28.0,40.0,20.0,,,17.0,9.0,,27.0,,,34.0,22.0,27.0,28.0,37.0,25.0,33.0,23.0,44.0,21.0,22.0,59.0,24.0,,,11.0,14.0,37.0,,19.0,13.0,4.0,,30.0,48.0,44.0,20.0,38.0,29.0,,36.0,32.0,20.0,,34.0,32.0,51.0,25.0,29.0,46.0,11.0,23.0,28.0,42.0,54.0,22.0,38.0,,28.0,42.0,36.0,33.0,20.0,14.0,12.0,,0.0,24.0,47.0,34.0,,44.0,46.0,57.0,30.0,33.0,18.0,,31.0,26.0,39.0,23.0,11.0,,49.0,37.0,,44.0,41.0,27.0,,20.0,,14.0,58.0,28.0,,27.0,,31.0,59.0,8.0,38.0,8.0,,25.0,,32.0,23.0,27.0,47.0,37.0,55.0,,43.0,,,9.0,26.0,,,24.0,21.0,36.0,,8.0,52.0,11.0,,19.0,10.0,22.0,16.0,9.0,36.0,48.0,38.0,2.0,17.0,16.0,59.0,23.0,45.0,50.0,39.0,0.0,,,,30.0,11.0,16.0,18.0,,,33.0,,18.0,25.0,32.0,16.0,53.0,29.0,45.0,5.0,,,,23.0,,25.0,41.0,15.0,6.0,36.0,52.0,,,58.0,20.0,25.0,27.0,0.0,32.0,16.0,15.0,38.0,59.0,17.0,40.0,,,46.0,48.0,35.0,,,,,13.0,29.0,14.0,,39.0,22.0,16.0,22.0,55.0,,47.0,55.0,36.0,53.0,56.0,42.0,,54.0,24.0,28.0,28.0,27.0,35.0,,16.0,22.0,25.0,13.0,12.0,,32.0,,18.0,18.0,36.0,52.0,11.0,23.0,,23.0,25.0,,18.0,,,21.0,30.0,21.0,,21.0,0.0,32.0,44.0,48.0,52.0,,27.0,34.0,0.0,,44.0,,20.0,59.0,,54.0,35.0,,27.0,10.0,23.0,34.0,50.0,37.0,,11.0,23.0,44.0,58.0,34.0,,53.0,,31.0,,33.0,52.0,37.0,,51.0,24.0,30.0,22.0,,18.0,5.0,,,35.0,,35.0,6.0,14.0,25.0,47.0,,39.0,45.0,52.0,28.0,40.0,47.0,15.0,30.0,13.0,0.0,13.0,30.0,49.0,,56.0,20.0,,,,32.0,,41.0,49.0,29.0,17.0,14.0,42.0,53.0,39.0,30.0,,13.0,16.0,44.0,35.0,16.0,39.0,55.0,55.0,21.0,55.0,43.0,,22.0,19.0,33.0,18.0,11.0,28.0,41.0,35.0,28.0,43.0,35.0,20.0,,31.0,,39.0,34.0,11.0,45.0,17.0,33.0,,21.0,42.0,25.0,,33.0,58.0,21.0,16.0,40.0,11.0,45.0,,,46.0,52.0,40.0,,22.0,,22.0,23.0,24.0,54.0,36.0,23.0,,29.0,46.0,33.0,41.0,23.0,11.0,54.0,41.0,25.0,21.0,,12.0,32.0,42.0,40.0,23.0,,21.0,8.0,48.0,,20.0,14.0,43.0,33.0,39.0,,19.0,25.0,25.0,,,34.0,39.0,10.0,18.0,37.0,51.0,40.0,48.0,,51.0,17.0,,,26.0,23.0,,,31.0,31.0,0.0,,,,21.0,,15.0,16.0,,51.0,31.0,38.0,19.0,54.0,7.0,54.0,,26.0,,,,31.0,13.0,37.0,,10.0,0.0,53.0,,,27.0,36.0,,23.0,39.0,29.0,27.0,25.0,,21.0,,31.0,17.0,26.0,19.0,19.0,,27.0,47.0,43.0,34.0,0.0,22.0,56.0,24.0,,16.0,,45.0,50.0,4.0,52.0,14.0,30.0,,14.0,53.0,56.0,,58.0,,,36.0,38.0,47.0,15.0,12.0,55.0,,35.0,36.0,54.0,55.0,50.0,45.0,,,46.0,22.0,,48.0,,,54.0,,31.0,36.0,50.0,40.0,40.0,19.0,42.0,19.0,28.0,,37.0,53.0,15.0,5.0,20.0,59.0,28.0,20.0,,16.0,14.0,,48.0,,38.0,24.0,,35.0,,22.0,11.0,,20.0,35.0,49.0,7.0,17.0,,,31.0,,31.0,37.0,47.0,39.0,17.0,39.0,31.0,0.0,36.0,,,,19.0,17.0,,16.0,24.0,54.0,17.0,10.0,,0.0,18.0,17.0,,,,,,31.0,19.0,,30.0,6.0,14.0,49.0,21.0,27.0,26.0,33.0,,18.0,29.0,17.0,13.0,12.0,15.0,29.0,13.0,35.0,,48.0,43.0,20.0,46.0,,44.0,24.0,52.0,25.0,,29.0,25.0,30.0,23.0,,15.0,,,22.0,0.0,,57.0,38.0,,39.0,,,20.0,14.0,39.0,,20.0,15.0,38.0,32.0,,,6.0,42.0,33.0,,52.0,43.0,25.0,42.0,25.0,27.0,22.0,2.0,14.0,54.0,40.0,32.0,9.0,15.0,31.0,43.0,18.0,39.0,40.0,45.0,24.0,19.0,6.0,,,35.0,23.0,24.0,58.0,,57.0,45.0,36.0,,22.0,,28.0,27.0,,38.0,,27.0,19.0,26.0,,12.0,52.0,,,,30.0,49.0,,,14.0,19.0,44.0,0.0,33.0,54.0,52.0,38.0,31.0,9.0,,27.0,55.0,,59.0,22.0,41.0,22.0,34.0,,28.0,3.0,38.0,37.0,20.0,20.0,,30.0,32.0,,42.0,29.0,43.0,20.0,18.0,,38.0,9.0,,9.0,,,,27.0,29.0,,25.0,28.0,33.0,45.0,37.0,,18.0,30.0,41.0,49.0,30.0,,,22.0,,33.0,18.0,15.0,34.0,,16.0,9.0,43.0,29.0,52.0,18.0,24.0,49.0,,,0.0,,15.0,32.0,21.0,,58.0,46.0,30.0,,22.0,20.0,37.0,12.0,10.0,35.0,,40.0,,39.0,,22.0,25.0,53.0,54.0,13.0,,42.0,32.0,,37.0,17.0,27.0,14.0,27.0,50.0,31.0,8.0,16.0,19.0,8.0,42.0,25.0,19.0,48.0,,,,27.0,21.0,37.0,24.0,,,16.0,44.0,,33.0,44.0,135,3,2.4143049932523617,18.14720229555237,-0.3320981025879501
1,2,0,3,0,3,7,6,3,3,3,6,3,6,6,6,17,2,18,24,1,16,5,10,8,9,7,3,9,2,11,4,5,6,4,8,12,6,11,10,15,13.0,10,15,5,8,8,14,8,11,7,15,4,7,10,10,12,7,8,9,8,11,13,13,10.0,10,15,8,13,4,0,17,9,5,8,9,8,10,18,10,20,4,17,10,7,9,8,16,26,1,17,9,12,11,2,15,23,5,15,13,5,20,14,8,11,13,7,9,12,11,9,19.0,11,15,8.0,9,21,4,15,16,18,28,7,16,10,10,15,8.0,8,7,8,11,27.0,9,11,15.0,11,25,7,15,20,16,12,14,31.0,23.0,8,27.0,9,8,5,15,16.0,16,7,16,18,38.0,12,25,49,12,10,19,17,28.0,13,24,6,15,2,,7,27,11,25,16,17.0,17,18.0,7,9,9,10,16,17.0,8.0,7,19,46.0,,13,22,15,16,23,6,8,20.0,20,8,21.0,9,14,15,4,33.0,14,13,16,16,23.0,18,8,21,18,7,18,16,27.0,22.0,17,27,16,16.0,14,14,2,17.0,17,11.0,11.0,9,23,,8,21,0,24.0,46.0,9,8,12,8,19,12.0,14,10,9,9,11,25,7.0,25.0,12,11.0,11.0,13.0,43.0,11,58.0,20,16,10,5.0,14.0,21.0,5.0,20.0,5,26.0,25.0,8.0,9,8,10.0,15,17,11,15.0,37.0,15.0,17,,19,16,17.0,18.0,9,,12.0,13,19,13.0,14,31.0,9.0,30.0,25,9,13.0,20,11,12,38,14,17,11,26,18,15,16,14,29.0,28.0,8,21,15,14.0,30.0,11,19,19,7.0,12,,12,25,28,6,14,19.0,10,21.0,15,18,,16,19,14,16.0,37.0,20,22.0,56.0,10.0,28.0,52.0,2,32.0,32,18,20,8.0,19,24.0,14.0,21,35.0,29.0,50.0,15,7.0,8,19,16,19,36,15,13,10.0,14,25.0,29,13,22,23.0,21,,20,10.0,5,23.0,14,12,18.0,18,15.0,24,8.0,11.0,31,30,,35.0,6.0,12.0,29.0,15,7.0,34.0,20,24.0,27,11,53.0,,16,24.0,11,37.0,12.0,14,24,13,16.0,10,17.0,39.0,25,23.0,17,18.0,0,24,16,53.0,44.0,21,21,9,58.0,20.0,10,17,21.0,57,14.0,,12.0,28.0,23.0,30.0,17.0,31.0,16.0,6.0,19,22,14.0,56.0,2.0,,53.0,15.0,23.0,22.0,25,12,5.0,28.0,10,9.0,21.0,34.0,14.0,33.0,38.0,10,17,17.0,0.0,10.0,19.0,22,32.0,38.0,16.0,31,18,19,,26.0,37.0,22.0,28,20,9.0,16.0,5,11.0,9.0,10,55.0,19.0,11.0,0,26.0,8,21.0,11.0,30.0,0,6.0,21,31.0,15,16,20.0,9.0,8.0,,5,21,13,37.0,16,39.0,17,15,52.0,40,16,38.0,12.0,15,14,6.0,33.0,20.0,16.0,47.0,14.0,11,53.0,22,15,17.0,41.0,27.0,,,42.0,8,5,54.0,16.0,34.0,26.0,18.0,9.0,22,3.0,20,10.0,34.0,38.0,12.0,18,5.0,30,37.0,28.0,41.0,19,,46.0,21.0,0,12,17.0,58.0,51.0,30.0,32.0,11.0,11.0,8.0,22.0,,26.0,23.0,22,13,39.0,8.0,38.0,13,30,14,16,28.0,,14,22,4.0,30.0,25,15.0,17.0,16.0,11,,,32.0,8,17.0,,8.0,42.0,0.0,23.0,12,18.0,17,23.0,29,12,14,6.0,10.0,41.0,31.0,,8.0,42.0,17.0,10.0,37.0,30.0,17,31.0,37.0,28,19.0,,4.0,20.0,9,20.0,57.0,7.0,12,33,19.0,17,13.0,56.0,9.0,33.0,13,37.0,31,2,,24,,19,24.0,13.0,17.0,20,17,32.0,10.0,17,33.0,28,29.0,24,15.0,18.0,,57.0,18.0,20.0,29,21.0,20.0,31.0,5.0,21.0,23.0,14.0,9,14,14.0,16,19,13,30.0,50.0,16.0,53.0,,42.0,21,13.0,24.0,35.0,34,2.0,,60.0,,12.0,13,,13.0,16.0,,38.0,10.0,16.0,18,22.0,30.0,38.0,19.0,29.0,19.0,7.0,24,29.0,22.0,52.0,32.0,16,5,44.0,,22,13.0,15.0,11.0,20,48.0,22.0,23.0,33.0,17,45.0,7.0,24.0,10.0,52.0,18.0,,20.0,39.0,10,20,22.0,27.0,19.0,39.0,21.0,15.0,7.0,32.0,8.0,38.0,13,12,8.0,20,9.0,56.0,25.0,29.0,21,8,38.0,22.0,33.0,20.0,12.0,9.0,13.0,37.0,12.0,25,17.0,33.0,40.0,25.0,29.0,21.0,10,12.0,17.0,26.0,14,,41.0,34.0,35.0,15.0,31.0,43,13.0,23,53.0,52.0,14.0,23.0,37.0,29.0,24.0,55.0,61.0,23.0,40.0,53.0,33.0,25.0,34.0,14.0,39.0,40.0,,7.0,,21,37.0,32.0,11,15.0,15.0,17,53.0,4.0,27.0,10,14,18,27.0,52.0,22.0,24.0,12.0,5.0,6.0,,57.0,0,13.0,10,30.0,21,28,14.0,13,23.0,,12.0,58.0,28,23.0,16.0,28.0,31.0,,23.0,24,,39,2.0,47.0,32.0,22,22.0,10,23,14.0,32.0,20.0,20,43.0,,32,22.0,57.0,37.0,43.0,44.0,10.0,26.0,26.0,17,28.0,22.0,21.0,14.0,,20.0,23.0,38.0,11,33.0,28,42.0,26.0,34.0,25.0,4,16,50.0,3.0,20.0,0.0,49.0,7.0,31.0,44.0,13.0,30,26.0,13.0,29,26,21.0,,21,0.0,53.0,21,21.0,20,12,11,55.0,19.0,24.0,6.0,24.0,,22.0,54.0,25.0,50.0,19.0,21.0,37.0,1.0,15.0,31.0,12.0,51.0,24.0,15.0,54.0,28.0,,38.0,,15.0,,17.0,22.0,19.0,1.0,14.0,23.0,31.0,17.0,19.0,48.0,51.0,41.0,36.0,,25.0,29.0,23.0,17.0,,,37.0,28,15.0,56.0,36.0,25,38.0,40.0,48.0,17.0,32.0,17.0,15.0,14.0,22.0,34.0,26.0,43.0,16.0,16.0,13.0,14.0,17.0,32.0,14.0,,15.0,48.0,,7.0,20.0,27.0,20.0,19.0,14,22.0,22.0,23.0,19,33.0,31.0,37.0,19.0,61.0,28.0,31.0,32.0,,15,32.0,24.0,12.0,23.0,44.0,33.0,16,17,33.0,17.0,23.0,29.0,23.0,11.0,18,12,22.0,,19.0,,,19.0,55.0,20.0,27.0,,16.0,33.0,25.0,25.0,3.0,21.0,22,11.0,,36.0,19.0,23.0,8,23.0,8,,32,29.0,35.0,25.0,41.0,10.0,39.0,21.0,,47.0,28.0,56.0,18.0,10,16.0,16.0,11.0,17.0,11.0,31,23.0,30.0,25.0,5.0,16.0,2.0,44.0,25.0,40.0,40,16,13.0,34.0,,17.0,34.0,26.0,32.0,13.0,27,52.0,20.0,45.0,23.0,44.0,29.0,9.0,16.0,9,8.0,11.0,10.0,30,18,26.0,24.0,,15.0,47.0,14.0,9.0,48.0,36.0,29.0,36.0,18.0,36.0,9.0,55.0,29,10.0,,22.0,18.0,41.0,12,53.0,29.0,23,13.0,20.0,22.0,9.0,20.0,45.0,10.0,37.0,22.0,27.0,16.0,58,53.0,23.0,8.0,,21,17.0,55.0,36.0,4.0,42.0,36.0,42.0,7.0,,37.0,23.0,22.0,,17,9,19.0,34.0,24.0,16.0,48.0,18,25,50.0,22.0,2.0,31.0,44.0,36.0,,18.0,18.0,12.0,,54.0,17.0,23.0,51.0,12,24,17.0,42.0,37.0,3.0,,16,,14.0,7.0,30.0,11.0,23.0,6.0,30.0,37.0,38.0,27.0,37.0,40.0,10.0,45.0,19,28.0,16.0,20,21.0,35.0,15.0,12.0,20.0,,37.0,29.0,18.0,34.0,39.0,13.0,3.0,52.0,33.0,42.0,24.0,27.0,21.0,51.0,37.0,59.0,16.0,13.0,37.0,18.0,,20.0,14.0,30.0,7.0,19.0,21.0,24.0,22.0,28.0,31.0,33.0,19.0,2.0,11.0,12.0,5.0,24.0,10.0,36.0,10.0,33.0,43.0,19.0,27.0,49.0,35.0,,37.0,18.0,8.0,,,6.0,29.0,25,,19.0,53.0,37.0,4.0,9.0,57.0,27.0,27.0,39.0,47.0,39.0,55.0,22.0,22.0,47.0,34.0,12.0,56.0,,54.0,28.0,45.0,21.0,25.0,44.0,44.0,53.0,27.0,17.0,44.0,20.0,25.0,,38.0,28.0,38.0,34.0,20.0,36.0,57.0,11.0,47.0,29.0,,,33,27.0,39.0,,10.0,,46.0,38.0,,23.0,8,40.0,,19.0,15.0,21.0,27.0,30.0,31.0,36.0,0.0,46.0,22.0,45.0,43.0,48.0,32.0,7,,44.0,47.0,32.0,51.0,,20.0,0.0,23.0,55.0,10.0,48.0,14.0,,,22.0,46.0,9.0,21.0,,16.0,19.0,24.0,36.0,23,46,,,,52.0,34.0,12.0,21.0,14.0,37.0,17.0,,48.0,28.0,41.0,,33.0,16.0,32.0,30.0,,8.0,11.0,30.0,,45.0,27.0,38.0,13.0,12.0,54.0,47.0,54.0,16.0,32.0,58.0,30.0,19.0,20.0,59.0,16.0,39.0,49.0,16.0,43.0,42.0,49.0,20.0,27.0,27,,16.0,26.0,24.0,10,34.0,54.0,23.0,44.0,43.0,43.0,2.0,,29,42.0,8.0,38.0,47.0,28.0,9.0,,47,28.0,49.0,30.0,55.0,15,28.0,0.0,37.0,33.0,29.0,15.0,19.0,12.0,18.0,61.0,19.0,12.0,15.0,14.0,33.0,35.0,7.0,33.0,13.0,40.0,24.0,26.0,,51.0,22,53.0,18.0,22.0,15.0,48.0,41.0,14.0,12.0,24.0,22.0,9.0,,20.0,24,7.0,39.0,24.0,34.0,,28.0,37.0,18.0,,7.0,14.0,11.0,36.0,,46.0,16.0,21.0,,39.0,33.0,8.0,51.0,,,44.0,37.0,27.0,18.0,,29.0,28.0,,22.0,39.0,16.0,25.0,49.0,24.0,9.0,38.0,11.0,46.0,21.0,30.0,31.0,19.0,23.0,32.0,57.0,13.0,28.0,16.0,24.0,,44.0,36.0,41.0,16.0,14.0,21.0,24.0,39.0,38.0,12.0,16.0,17.0,5.0,41.0,5.0,30,51.0,,12.0,18.0,,33.0,45.0,,26.0,13.0,45.0,14.0,1.0,15.0,43.0,28.0,39.0,14.0,25.0,46.0,17.0,,22.0,23.0,,20.0,17.0,41.0,11.0,20.0,13.0,20.0,,13.0,18.0,28.0,37.0,44.0,35.0,20.0,56.0,21.0,23.0,,16.0,21.0,10.0,56.0,11.0,17.0,,17.0,44.0,35.0,22.0,44.0,41.0,22.0,27.0,25.0,6.0,34.0,18.0,28.0,,43.0,29.0,10.0,10.0,29.0,,38.0,23.0,20.0,34.0,21.0,,34.0,39.0,33.0,21.0,61.0,,,,51.0,28.0,21.0,26.0,39.0,17.0,37.0,8.0,52.0,14.0,46.0,27.0,3.0,20.0,23.0,,27.0,,16.0,12.0,19.0,7.0,34.0,4.0,,20.0,,56.0,16.0,28.0,22.0,17.0,18.0,39.0,46.0,21.0,14.0,23.0,,17.0,39.0,49.0,18.0,16,32.0,33.0,24.0,27.0,,16.0,23.0,,19.0,,37,,53.0,18.0,27.0,32.0,,15.0,41.0,18,33.0,43.0,15.0,10.0,,,25.0,,14.0,9.0,49.0,13.0,35.0,,,26.0,4.0,22.0,45.0,50.0,50.0,15.0,31.0,,10.0,5.0,42.0,35.0,38.0,42.0,13.0,45.0,41.0,,8.0,22.0,6.0,38.0,42.0,,25.0,32.0,6.0,14.0,,39.0,3.0,,5.0,,10.0,,23.0,,,3.0,23.0,,,40.0,50.0,30.0,0.0,3.0,32.0,37.0,15.0,30.0,14.0,17.0,25.0,17.0,37.0,29.0,,14.0,,43.0,,,57.0,,,,,44.0,4.0,11.0,,25.0,9.0,,25.0,21.0,47.0,50.0,16.0,37.0,19.0,21.0,,7.0,18.0,,,42.0,20.0,44.0,47,,30.0,45.0,,0.0,28.0,20.0,,11.0,,32.0,38.0,26.0,16.0,,28.0,15.0,17.0,15.0,37.0,10.0,27.0,12.0,45.0,23.0,36.0,19.0,33.0,55.0,36.0,31.0,20.0,8.0,36.0,45.0,43.0,15.0,30.0,44.0,33.0,46.0,14.0,19.0,50.0,34.0,45.0,23.0,5.0,,32.0,57.0,53.0,16.0,,32.0,,37.0,47.0,12.0,32.0,17.0,32.0,61.0,60.0,49.0,41.0,50.0,36.0,,22.0,13.0,17.0,6.0,26.0,30.0,31.0,17.0,32.0,,25,19.0,11.0,14,6.0,18.0,59.0,32.0,13.0,,18.0,57.0,26.0,,37.0,20.0,38.0,16.0,,14.0,61.0,32.0,,,25.0,12.0,,32.0,,23.0,30.0,18.0,44.0,,10.0,25.0,61.0,31.0,,,21.0,60.0,45.0,54.0,37.0,42.0,42.0,,25.0,46.0,31.0,26.0,5.0,13.0,,,10.0,49.0,13.0,36.0,42.0,25.0,10.0,,37.0,8.0,14.0,6.0,32.0,,15.0,57.0,46.0,34.0,17.0,50.0,31.0,33.0,25.0,56.0,,11.0,3.0,46.0,,5.0,14.0,24.0,26.0,25.0,50.0,,18.0,25.0,13.0,,31.0,28.0,27.0,,51.0,,56.0,29.0,54.0,28.0,,37.0,,31.0,42.0,20.0,18.0,,21.0,,30.0,24.0,23.0,28.0,32.0,,,6.0,33.0,43.0,58.0,26.0,58.0,28.0,,11.0,59.0,,26.0,,,18.0,45.0,49.0,15.0,15.0,29.0,51.0,7.0,,,42.0,14.0,51.0,45.0,40.0,,10.0,26.0,51.0,31.0,55.0,18.0,0.0,7.0,50.0,,33.0,25.0,42.0,46.0,30.0,,29.0,38.0,10.0,0.0,5.0,32.0,28.0,13.0,17.0,,47.0,49.0,5.0,16.0,46.0,31.0,,29.0,54.0,,27.0,25.0,,54.0,30.0,32.0,56.0,10.0,16.0,45.0,,38.0,61.0,,3.0,21.0,43.0,8.0,37.0,44.0,,38.0,32.0,11.0,,34.0,19.0,42.0,2.0,30.0,38.0,,,29.0,39.0,20.0,29.0,,24.0,49.0,40.0,,25.0,13.0,,49.0,,,23.0,15.0,37.0,22.0,30.0,40.0,,38.0,59.0,40.0,40.0,8.0,32.0,29.0,14.0,,27.0,38.0,51.0,24.0,35.0,,35.0,23.0,17.0,11.0,51.0,20.0,54.0,,7.0,54.0,8.0,22.0,59.0,11.0,40.0,49.0,44.0,26.0,,20.0,37.0,44.0,,18.0,30.0,9.0,59.0,27.0,32.0,23.0,0.0,20.0,14.0,45.0,37.0,,52.0,35.0,31.0,23.0,36.0,45.0,26.0,18.0,16.0,44.0,49.0,42.0,30.0,,47.0,35.0,35.0,,36.0,12.0,,13.0,43.0,19.0,23.0,21.0,27.0,37.0,30.0,,17.0,14.0,19.0,36.0,,33.0,,17.0,57.0,6.0,,37.0,43.0,,,35.0,31.0,,50.0,,,59.0,21.0,37.0,21.0,19.0,21.0,12.0,30.0,31.0,47.0,38.0,27.0,12.0,45.0,,26.0,,27.0,60.0,47.0,16.0,46.0,,47.0,42.0,,,42.0,10.0,,,24.0,8.0,11.0,40.0,8.0,10.0,19.0,,,32.0,31.0,25.0,55.0,36.0,27.0,26.0,,6.0,38.0,14.0,,32.0,42.0,,28.0,39.0,9.0,,37.0,19.0,14.0,11.0,22.0,22.0,29.0,,,41.0,36.0,24.0,16.0,34.0,32.0,53.0,,23.0,,9.0,33.0,28.0,,8.0,26.0,19.0,22.0,,20.0,8.0,,34.0,,23.0,48.0,43.0,36.0,32.0,28.0,21.0,12.0,14.0,54.0,26.0,47.0,,16.0,16.0,54.0,17.0,43.0,37.0,28.0,18.0,25.0,30.0,16.0,44.0,,50.0,14.0,20.0,34.0,,16.0,26.0,,,51.0,41.0,50.0,25.0,17.0,15.0,40.0,,,41.0,9.0,,31.0,,35.0,31.0,25.0,38.0,5.0,26.0,36.0,18.0,,44.0,59.0,27.0,,,50.0,38.0,6.0,27.0,,9.0,33.0,27.0,12.0,14.0,,51.0,,,,27.0,,,,30.0,42.0,27.0,13.0,56.0,60.0,13.0,15.0,0.0,47.0,,35.0,17.0,23.0,38.0,23.0,38.0,9.0,38.0,18.0,38.0,28.0,,37.0,11.0,12.0,44.0,50.0,56.0,,,32.0,6.0,12.0,21.0,13.0,,0.0,14.0,31.0,26.0,30.0,32.0,31.0,,45.0,,54.0,16.0,18.0,,45.0,25.0,40.0,24.0,,16.0,45.0,41.0,22.0,22.0,42.0,42.0,13.0,58.0,,52.0,18.0,,44.0,9.0,17.0,28.0,,34.0,13.0,58.0,,26.0,22.0,,27.0,19.0,25.0,23.0,22.0,,9.0,14.0,45.0,46.0,44.0,60.0,39.0,14.0,,26.0,48.0,23.0,31.0,45.0,4.0,,45.0,,26.0,,48.0,18.0,21.0,18.0,39.0,47.0,,,,49.0,36.0,19.0,41.0,,23.0,,21.0,,11.0,17.0,,,,49.0,31.0,,10.0,,6.0,22.0,28.0,,3.0,,,28.0,17.0,22.0,,9.0,,,36.0,55.0,46.0,,33.0,,28.0,57.0,20.0,21.0,,52.0,36.0,24.0,55.0,6.0,55.0,,60.0,56.0,50.0,18.0,18.0,53.0,35.0,,23.0,32.0,32.0,,29.0,26.0,25.0,13.0,45.0,23.0,,29.0,32.0,60.0,29.0,59.0,19.0,,36.0,60.0,21.0,38.0,25.0,16.0,8.0,28.0,,,0.0,38.0,9.0,60.0,3.0,21.0,16.0,0.0,44.0,,,47.0,22.0,,30.0,,,,38.0,44.0,24.0,19.0,11.0,,16.0,34.0,23.0,61.0,,38.0,51.0,,,27.0,15.0,7.0,15.0,,23.0,45.0,,,41.0,23.0,38.0,9.0,16.0,,11.0,25.0,9.0,53.0,28.0,61.0,34.0,,49.0,,44.0,32.0,18.0,,,48.0,47.0,59.0,,46.0,53.0,27.0,23.0,48.0,16.0,41.0,41.0,18.0,12.0,,0.0,44.0,9.0,19.0,,,,,33.0,26.0,28.0,27.0,,4.0,32.0,6.0,26.0,48.0,44.0,22.0,,,52.0,59.0,,,42.0,27.0,,,55.0,33.0,,56.0,29.0,26.0,20.0,8.0,2.0,48.0,47.0,51.0,,,37.0,16.0,40.0,56.0,,15.0,24.0,,47.0,33.0,44.0,,23.0,33.0,20.0,,,55.0,23.0,,27.0,60.0,,12.0,32.0,26.0,,36.0,36.0,,,38.0,48.0,35.0,,22.0,57.0,,27.0,17.0,,19.0,24.0,,,24.0,,28.0,12.0,7.0,,55.0,0.0,15.0,61.0,8.0,61.0,23.0,25.0,44.0,42.0,48.0,,13.0,,33.0,,42.0,24.0,15.0,38.0,23.0,22.0,15.0,,21.0,34.0,28.0,43.0,31.0,,58.0,19.0,11.0,44.0,,,,21.0,40.0,,41.0,,28.0,,,,,6.0,,28.0,16.0,17.0,,,17.0,28.0,34.0,8.0,9.0,14.0,,,58.0,,,12.0,27.0,,,58.0,60.0,23.0,,23.0,42.0,50.0,18.0,39.0,,30.0,0.0,35.0,,,51.0,17.0,22.0,29.0,10.0,26.0,,21.0,17.0,30.0,37.0,30.0,15.0,49.0,26.0,54.0,24.0,9.0,,15.0,20.0,,13.0,48.0,,58.0,14.0,48.0,38.0,17.0,,,,,,24.0,,41.0,54.0,33.0,18.0,,,32.0,44.0,0.0,14.0,38.0,,,,,37.0,13.0,,42.0,29.0,,32.0,23.0,41.0,16.0,10.0,15.0,13.0,,,,,26.0,60.0,,15.0,14.0,,16.0,18.0,40.0,0.0,,,,51.0,14.0,,9.0,,,,23.0,39.0,26.0,43.0,26.0,27.0,36.0,48.0,38.0,,35.0,32.0,32.0,11.0,32.0,,,18.0,136,3,2.4569083447332423,18.95055730208631,-0.336579072291154
12,11,12,12,7,13,13,14,1,11,12,13,9,8,17,13,15,12,22,13,12,21,16,12,12,17,16,13,13,14,16,12,11,12,14,16,21,10,17,8,18,18.0,22,24,14,15,31,12,16,15,7,20,16,7,18,18,15,15,14,12,12,33,0,14,,21,26,15,17,27,16,19,15,16,14,15,9,18,19,14,21,15,15,16,16,23,19,15,22,18,20,2,18,15,23,19,17,13,16,15,22,21,17,14,21,20,22,16,9,19,15,,20,17,38.0,18,24,9,14,21,21,18,13,22,13,22,16,14.0,12,22,17,20,,20,16,25.0,18,12,25,18,16,17,17,18,44.0,23.0,24,23.0,21,19,14,18,,18,30,24,23,31.0,17,18,19,19,23,8,19,23.0,8,32,17,16,20,17.0,12,21,16,36,25,20.0,23,14.0,23,24,19,23,23,23.0,46.0,13,15,26.0,58.0,14,15,19,20,14,13,12,23.0,22,39,29.0,16,18,28,16,15.0,15,23,24,21,26.0,21,28,31,24,14,23,12,21.0,22.0,32,23,21,35.0,20,0,15,23.0,13,22.0,22.0,25,23,,12,18,26,16.0,20.0,15,15,22,24,26,16.0,9,23,22,16,15,36,5.0,14.0,20,21.0,42.0,31.0,,26,24.0,9,10,15,,,14.0,,28.0,13,37.0,45.0,36.0,19,37,65.0,32,23,14,40.0,36.0,,15,51.0,23,33,19.0,16.0,15,18.0,25.0,21,34,10.0,15,16.0,30.0,37.0,23,18,36.0,34,15,17,38,23,21,18,17,26,27,24,16,51.0,19.0,22,23,17,19.0,17.0,14,28,20,39.0,17,39.0,3,28,24,17,21,26.0,21,38.0,21,46,19.0,31,20,22,20.0,34.0,20,30.0,29.0,19.0,10.0,43.0,20,33.0,20,14,23,43.0,20,20.0,31.0,22,49.0,29.0,,23,15.0,26,29,37,20,21,24,15,15.0,24,29.0,23,23,27,13.0,22,,31,49.0,21,29.0,27,21,21.0,36,21.0,10,24.0,30.0,31,38,18.0,26.0,36.0,36.0,,33,13.0,37.0,31,17.0,17,21,39.0,17.0,7,,23,15.0,47.0,29,22,20,51.0,25,24.0,23.0,33,18.0,17,20.0,16,18,22,33.0,32.0,35,24,23,35.0,19.0,48,13,22.0,26,33.0,25.0,46.0,23.0,,24.0,40.0,16.0,30.0,9.0,15,15,25.0,50.0,29.0,23.0,49.0,24.0,56.0,16.0,25,1,47.0,35.0,19,15.0,21.0,,20.0,25.0,21.0,34,45,52.0,49.0,65.0,28.0,32,,43.0,30.0,50,21,26,,37.0,17.0,20.0,13,27,22.0,27.0,15,42.0,37.0,43,38.0,27.0,0.0,0,64.0,15,8.0,41.0,22.0,13,17.0,27,20.0,14,24,17.0,37.0,25.0,58.0,28,26,34,30.0,3,37.0,29,19,37.0,22,20,29.0,37.0,36,15,28.0,23.0,16.0,62.0,23.0,17.0,19,42.0,22,17,65.0,21.0,29.0,38.0,12.0,57.0,24,29,24.0,26.0,43.0,36.0,35.0,47.0,22,39.0,36,24.0,,,52.0,28,14.0,37,44.0,33.0,23.0,36,58.0,14.0,30.0,32,40,65.0,31.0,34.0,,17.0,21.0,28.0,,6.0,62.0,25.0,2.0,34,35,23.0,,17.0,28,9,24,18,22.0,44.0,11,24,38.0,,21,20.0,30.0,41.0,35,31.0,26.0,,30,29.0,18.0,30.0,19.0,14.0,22.0,25,32.0,25,20.0,35,24,20,27.0,33.0,21.0,30.0,54.0,13.0,21.0,48.0,20.0,36.0,25.0,19,37.0,21.0,30,48.0,42.0,27.0,35.0,22,28.0,11.0,,64,32,27.0,34,41.0,21.0,4.0,25.0,9,30.0,22,35,39.0,17,43.0,13,19.0,23.0,30.0,28,15,27.0,21.0,18,61.0,16,29.0,24,3.0,24.0,35.0,,52.0,20.0,24,24.0,25.0,36.0,26.0,38.0,33.0,25.0,17,30,30.0,27,35,34,42.0,23.0,26.0,16.0,0.0,33.0,14,,32.0,24.0,13,20.0,,49.0,21.0,26.0,22,35.0,,19.0,50.0,58.0,41.0,26.0,40,,47.0,11.0,55.0,43.0,32.0,25.0,26,41.0,41.0,44.0,,20,20,,55.0,38,52.0,,38.0,14,18.0,18.0,34.0,31.0,22,49.0,30.0,33.0,,32.0,23.0,21.0,53.0,27.0,32,25,32.0,23.0,45.0,30.0,28.0,20.0,29.0,31.0,17.0,29.0,37,30,20.0,24,,31.0,20.0,16.0,14,3,35.0,26.0,7.0,45.0,11.0,32.0,14.0,36.0,40.0,44,19.0,39.0,29.0,34.0,38.0,26.0,19,39.0,46.0,34.0,24,38.0,25.0,34.0,44.0,15.0,28.0,24,23.0,24,64.0,17.0,25.0,46.0,42.0,38.0,30.0,37.0,19.0,47.0,61.0,25.0,26.0,17.0,31.0,28.0,,,64.0,,,24,37.0,53.0,35,43.0,34.0,28,44.0,9.0,,20,15,23,21.0,36.0,5.0,53.0,37.0,21.0,38.0,32.0,27.0,22,23.0,23,32.0,23,34,26.0,30,29.0,47.0,28.0,14.0,16,38.0,19.0,23.0,45.0,18.0,,31,54.0,13,30.0,29.0,29.0,28,33.0,24,17,20.0,48.0,32.0,12,34.0,,42,42.0,65.0,27.0,14.0,15.0,28.0,29.0,,28,19.0,30.0,,,52.0,38.0,20.0,18.0,32,,29,15.0,25.0,28.0,25.0,29,25,33.0,28.0,40.0,19.0,29.0,30.0,43.0,34.0,36.0,22,25.0,10.0,29,19,28.0,,31,25.0,35.0,24,34.0,21,11,33,29.0,24.0,46.0,15.0,,57.0,33.0,36.0,42.0,28.0,18.0,41.0,17.0,28.0,29.0,35.0,40.0,12.0,12.0,35.0,61.0,0.0,22.0,10.0,23.0,32.0,,44.0,47.0,23.0,19.0,35.0,46.0,16.0,27.0,,45.0,34.0,41.0,22.0,30.0,45.0,21.0,32.0,63.0,57.0,25.0,30.0,34,19.0,34.0,16.0,29,14.0,22.0,14.0,35.0,,43.0,38.0,12.0,31.0,52.0,33.0,33.0,25.0,18.0,28.0,,36.0,15.0,56.0,58.0,,19.0,30.0,32.0,46.0,31.0,37.0,44.0,4,37.0,27.0,26.0,27,37.0,38.0,17.0,31.0,15.0,14.0,,22.0,,30,17.0,61.0,23.0,13.0,22.0,62.0,17,27,18.0,22.0,58.0,21.0,,16.0,23,21,18.0,61.0,58.0,55.0,,34.0,15.0,18.0,26.0,,15.0,28.0,39.0,11.0,22.0,47.0,21,18.0,47.0,29.0,16.0,8.0,31,,31,22.0,44,29.0,42.0,42.0,48.0,23.0,34.0,48.0,34.0,28.0,18.0,,29.0,20,21.0,,43.0,49.0,,31,17.0,63.0,39.0,28.0,28.0,12.0,,61.0,30.0,18,29,39.0,36.0,17.0,0.0,,16.0,22.0,17.0,18,32.0,36.0,45.0,51.0,44.0,32.0,28.0,21.0,10,22.0,36.0,29.0,21,25,51.0,65.0,19.0,44.0,,44.0,,48.0,31.0,37.0,48.0,27.0,16.0,33.0,58.0,16,20.0,19.0,37.0,26.0,27.0,26,45.0,62.0,22,32.0,17.0,,40.0,36.0,,24.0,27.0,14.0,32.0,28.0,25,,24.0,,20.0,30,0.0,,34.0,43.0,13.0,53.0,23.0,39.0,10.0,48.0,29.0,26.0,34.0,37,14,20.0,32.0,32.0,39.0,28.0,14,45,39.0,34.0,16.0,36.0,28.0,10.0,15.0,36.0,22.0,35.0,45.0,65.0,14.0,36.0,35.0,20,29,,,28.0,,,23,47.0,29.0,55.0,35.0,16.0,33.0,28.0,,39.0,32.0,11.0,23.0,35.0,60.0,58.0,35,27.0,3.0,16,32.0,22.0,18.0,62.0,25.0,55.0,26.0,,28.0,44.0,36.0,,35.0,46.0,,20.0,63.0,22.0,48.0,17.0,44.0,47.0,,24.0,49.0,47.0,48.0,38.0,32.0,,9.0,19.0,39.0,57.0,15.0,42.0,39.0,61.0,30.0,17.0,28.0,28.0,16.0,44.0,45.0,38.0,10.0,,,4.0,,38.0,,17.0,3.0,53.0,19.0,,,,30.0,15,48.0,25.0,41.0,40.0,,46.0,25.0,24.0,18.0,25.0,11.0,35.0,50.0,30.0,34.0,51.0,49.0,31.0,35.0,23.0,,14.0,,22.0,37.0,31.0,65.0,29.0,,4.0,38.0,,20.0,,28.0,27.0,16.0,20.0,13.0,30.0,42.0,37.0,46.0,41.0,8.0,27.0,14,,59.0,57.0,57.0,48.0,23.0,35.0,18.0,,19,20.0,63.0,24.0,27.0,39.0,27.0,20.0,50.0,28.0,23.0,35.0,0.0,54.0,26.0,15.0,52.0,18,23.0,20.0,,28.0,28.0,21.0,29.0,41.0,31.0,18.0,53.0,31.0,35.0,28.0,34.0,27.0,41.0,35.0,42.0,13.0,51.0,,45.0,33.0,28,37,25.0,33.0,23.0,36.0,27.0,44.0,29.0,16.0,31.0,19.0,,,27.0,7.0,40.0,19.0,,,,29.0,21.0,30.0,37.0,32.0,24.0,17.0,42.0,36.0,27.0,36.0,53.0,60.0,24.0,,39.0,31.0,31.0,,48.0,29.0,50.0,59.0,39.0,57.0,43.0,41.0,51.0,29.0,17,49.0,8.0,50.0,32.0,32,14.0,55.0,49.0,27.0,16.0,,41.0,45.0,10,,19.0,22.0,15.0,62.0,45.0,12.0,18,23.0,32.0,49.0,48.0,26,29.0,51.0,,64.0,,30.0,,65.0,50.0,39.0,17.0,,26.0,19.0,0.0,27.0,39.0,57.0,42.0,48.0,44.0,41.0,48.0,29.0,51,46.0,23.0,,61.0,27.0,42.0,56.0,27.0,23.0,16.0,52.0,53.0,29.0,27,42.0,39.0,28.0,39.0,55.0,65.0,,48.0,45.0,24.0,52.0,0.0,27.0,28.0,50.0,52.0,,27.0,60.0,51.0,,57.0,16.0,50.0,37.0,20.0,43.0,34.0,14.0,34.0,22.0,57.0,0.0,18.0,6.0,,42.0,51.0,,15.0,51.0,48.0,,27.0,12.0,30.0,,57.0,33.0,39.0,21.0,,54.0,,36.0,23.0,64.0,51.0,26.0,28.0,30.0,,25.0,,52.0,45.0,45.0,,34.0,37,15.0,41.0,35.0,37.0,30.0,15.0,55.0,,,35.0,40.0,38.0,33.0,13.0,25.0,25.0,31.0,52.0,36.0,63.0,31.0,33.0,25.0,24.0,38.0,,22.0,36.0,,18.0,,40.0,,36.0,38.0,36.0,18.0,32.0,6.0,,45.0,21.0,19.0,21.0,30.0,20.0,24.0,63.0,29.0,31.0,50.0,40.0,54.0,32.0,40.0,29.0,65.0,,7.0,25.0,27.0,16.0,26.0,,62.0,31.0,15.0,32.0,6.0,34.0,54.0,,64.0,25.0,35.0,25.0,30.0,,0.0,57.0,46.0,49.0,55.0,17.0,,23.0,45.0,,0.0,36.0,42.0,20.0,55.0,33.0,31.0,49.0,,44.0,45.0,59.0,56.0,62.0,46.0,53.0,16.0,22.0,20.0,45.0,14.0,48.0,25.0,22.0,,34.0,,29.0,20.0,47.0,49.0,37.0,,18.0,,39.0,34.0,50.0,51.0,19.0,18,26.0,31.0,,61.0,25.0,19.0,57.0,33.0,42.0,47.0,34,3.0,,16.0,,49.0,,32.0,36.0,21,54.0,,24.0,32.0,24.0,37.0,38.0,32.0,33.0,57.0,,25.0,42.0,35.0,23.0,15.0,15.0,37.0,33.0,32.0,,22.0,52.0,39.0,21.0,,18.0,27.0,33.0,30.0,,37.0,,41.0,45.0,13.0,8.0,46.0,60.0,54.0,24.0,36.0,36.0,,18.0,30.0,0.0,,24.0,50.0,42.0,39.0,28.0,54.0,21.0,14.0,44.0,44.0,12.0,34.0,34.0,22.0,,49.0,,,39.0,43.0,,25.0,53.0,35.0,21.0,26.0,44.0,,22.0,24.0,58.0,,46.0,24.0,24.0,39.0,29.0,25.0,36.0,37.0,41.0,53.0,34.0,16.0,21.0,21.0,44.0,33.0,38.0,33.0,13.0,,22.0,47.0,30.0,,,,34.0,19.0,36,,21.0,,32.0,,45.0,,35.0,,49.0,25.0,51.0,29.0,47.0,18.0,11.0,45.0,15.0,24.0,21.0,20.0,58.0,53.0,,,49.0,61.0,27.0,,,12.0,,24.0,,34.0,,58.0,41.0,20.0,,24.0,63.0,37.0,,31.0,21.0,15.0,29.0,,30.0,63.0,25.0,32.0,16.0,41.0,53.0,,51.0,52.0,15.0,,15.0,42.0,49.0,,48.0,,42.0,33.0,43.0,16.0,,,17.0,28.0,45.0,20.0,44.0,,12,37.0,37.0,19,39.0,25.0,18.0,,47.0,,,25.0,22.0,,,30.0,33.0,24.0,31.0,33.0,0.0,34.0,,43.0,38.0,,,11.0,,51.0,25.0,16.0,45.0,25.0,18.0,,,,0.0,50.0,46.0,,19.0,65.0,38.0,16.0,34.0,,38.0,27.0,,14.0,39.0,33.0,,24.0,35.0,,31.0,45.0,,7.0,7.0,53.0,28.0,27.0,,16.0,15.0,,41.0,52.0,,21.0,21.0,,23.0,,20.0,36.0,47.0,29.0,26.0,,20.0,20.0,,36.0,54.0,,64.0,64.0,35.0,23.0,35.0,60.0,,56.0,30.0,,36.0,53.0,34.0,42.0,,40.0,43.0,,47.0,36.0,29.0,25.0,58.0,,35.0,14.0,18.0,59.0,35.0,57.0,53.0,46.0,47.0,15.0,,35.0,,,14.0,17.0,24.0,,17.0,,17.0,57.0,22.0,14.0,50.0,30.0,16.0,31.0,28.0,,18.0,4.0,21.0,,14.0,28.0,42.0,28.0,35.0,20.0,33.0,,0.0,53.0,60.0,49.0,,48.0,56.0,46.0,,64.0,22.0,20.0,6.0,64.0,51.0,32.0,64.0,,,58.0,27.0,19.0,25.0,15.0,15.0,20.0,18.0,24.0,,,35.0,33.0,51.0,29.0,25.0,,65.0,22.0,14.0,30.0,28.0,17.0,48.0,53.0,29.0,14.0,19.0,26.0,,,54.0,44.0,41.0,,28.0,,59.0,21.0,21.0,38.0,13.0,22.0,41.0,26.0,55.0,21.0,,,11.0,29.0,25.0,44.0,36.0,38.0,17.0,31.0,26.0,62.0,52.0,9.0,59.0,35.0,25.0,52.0,30.0,,,27.0,33.0,20.0,,53.0,63.0,25.0,19.0,65.0,,36.0,23.0,,15.0,65.0,21.0,,24.0,30.0,,65.0,34.0,57.0,29.0,34.0,15.0,36.0,27.0,46.0,13.0,31.0,,26.0,3.0,45.0,15.0,43.0,,51.0,27.0,38.0,23.0,63.0,44.0,,49.0,37.0,,48.0,,23.0,41.0,35.0,23.0,48.0,32.0,35.0,50.0,35.0,,56.0,,43.0,19.0,49.0,,,,65.0,30.0,29.0,,,14.0,51.0,0.0,13.0,26.0,,,44.0,,16.0,46.0,59.0,29.0,,30.0,24.0,54.0,63.0,24.0,52.0,34.0,23.0,,,15.0,19.0,42.0,,56.0,,,42.0,49.0,,52.0,0.0,25.0,12.0,19.0,24.0,32.0,52.0,,,20.0,15.0,47.0,64.0,23.0,23.0,,22.0,17.0,51.0,47.0,60.0,,16.0,33.0,36.0,37.0,,18.0,26.0,,38.0,57.0,44.0,27.0,0.0,49.0,29.0,,,36.0,26.0,17.0,,36.0,29.0,,26.0,58.0,35.0,,,22.0,11.0,58.0,64.0,31.0,,,27.0,,56.0,36.0,59.0,15.0,,38.0,61.0,65.0,21.0,,,58.0,17.0,42.0,,,15.0,59.0,29.0,40.0,27.0,33.0,41.0,24.0,26.0,34.0,44.0,,37.0,32.0,51.0,43.0,,47.0,46.0,37.0,,32.0,20.0,33.0,37.0,38.0,59.0,30.0,40.0,37.0,,33.0,28.0,52.0,,30.0,57.0,41.0,20.0,33.0,,,46.0,26.0,,51.0,49.0,65.0,42.0,34.0,,5.0,,,23.0,50.0,20.0,33.0,48.0,48.0,28.0,27.0,18.0,,15.0,25.0,,45.0,56.0,,31.0,55.0,,59.0,34.0,,14.0,33.0,39.0,,46.0,0.0,19.0,56.0,35.0,22.0,18.0,,,23.0,63.0,31.0,,25.0,39.0,33.0,40.0,32.0,,,50.0,,20.0,11.0,,45.0,31.0,16.0,,19.0,34.0,18.0,29.0,37.0,50.0,50.0,,28.0,55.0,,,63.0,55.0,22.0,,,,42.0,31.0,44.0,34.0,15.0,21.0,17.0,32.0,45.0,23.0,43.0,17.0,50.0,16.0,29.0,61.0,48.0,,27.0,20.0,25.0,,44.0,41.0,41.0,14.0,33.0,31.0,64.0,57.0,62.0,43.0,,54.0,20.0,28.0,35.0,24.0,,44.0,60.0,34.0,19.0,42.0,,42.0,,21.0,34.0,59.0,,35.0,38.0,,20.0,46.0,,31.0,35.0,32.0,21.0,46.0,45.0,34.0,27.0,19.0,33.0,34.0,33.0,,,56.0,,,50.0,29.0,16.0,,27.0,32.0,51.0,,44.0,9.0,58.0,,20.0,,64.0,23.0,,,,64.0,40.0,61.0,,10.0,21.0,34.0,16.0,,,36.0,41.0,26.0,,,37.0,16.0,,50.0,20.0,,,,,51.0,33.0,42.0,17.0,54.0,38.0,25.0,33.0,,64.0,40.0,46.0,43.0,,27.0,32.0,,50.0,,59.0,39.0,30.0,,61.0,45.0,49.0,36.0,30.0,,,48.0,34.0,38.0,27.0,21.0,24.0,22.0,,47.0,21.0,28.0,57.0,16.0,28.0,50.0,35.0,57.0,18.0,37.0,59.0,,42.0,45.0,0.0,18.0,45.0,28.0,,32.0,23.0,0.0,50.0,,50.0,32.0,,43.0,,,,23.0,,28.0,,65.0,19.0,22.0,44.0,48.0,16.0,43.0,59.0,56.0,26.0,,64.0,63.0,45.0,24.0,21.0,26.0,35.0,17.0,48.0,50.0,50.0,35.0,26.0,0.0,0.0,27.0,24.0,34.0,,,,43.0,57.0,51.0,52.0,39.0,,32.0,45.0,33.0,51.0,,42.0,,47.0,30.0,33.0,16.0,19.0,0.0,,60.0,44.0,37.0,33.0,42.0,,26.0,41.0,,26.0,20.0,27.0,28.0,34.0,32.0,22.0,23.0,24.0,19.0,50.0,27.0,33.0,32.0,,37.0,21.0,41.0,,45.0,26.0,36.0,55.0,51.0,18.0,32.0,,36.0,52.0,47.0,24.0,33.0,,13.0,28.0,16.0,24.0,60.0,25.0,48.0,33.0,34.0,10.0,18.0,21.0,31.0,,43.0,0.0,,,64.0,45.0,,,,45.0,25.0,25.0,,19.0,,24.0,52.0,23.0,35.0,,,,18.0,25.0,33.0,,32.0,21.0,50.0,,27.0,19.0,15.0,28.0,30.0,,,49.0,59.0,,,54.0,,30.0,25.0,28.0,27.0,17.0,50.0,62.0,,34.0,57.0,51.0,44.0,38.0,42.0,36.0,16.0,22.0,64.0,58.0,38.0,14.0,46.0,,37.0,48.0,,36.0,,23.0,36.0,7.0,,46.0,33.0,24.0,,18.0,31.0,30.0,49.0,45.0,,30.0,48.0,16.0,32.0,,52.0,,40.0,10.0,45.0,56.0,,,,,28.0,44.0,36.0,,42.0,,40.0,16.0,25.0,39.0,65.0,50.0,19.0,,,44.0,18.0,25.0,25.0,62.0,58.0,33.0,2.0,31.0,23.0,32.0,39.0,22.0,42.0,13.0,47.0,33.0,44.0,65.0,49.0,58.0,25.0,,42.0,65.0,32.0,44.0,44.0,,39.0,,55.0,57.0,20.0,21.0,58.0,,16.0,50.0,32.0,,,37.0,15.0,48.0,28.0,,,33.0,,57.0,57.0,24.0,,10.0,63.0,18.0,55.0,,32.0,45.0,22.0,28.0,45.0,20.0,28.0,36.0,0.0,38.0,27.0,41.0,,,26.0,17.0,33.0,25.0,26.0,26.0,6.0,,29.0,34.0,28.0,42.0,,26.0,19.0,43.0,,31.0,,24.0,38.0,63.0,44.0,19.0,16.0,32.0,,56.0,25.0,29.0,37.0,33.0,65.0,50.0,35.0,,,63.0,,,31.0,22.0,0.0,,27.0,45.0,137,3,2.4123989218328843,18.136337543053962,-0.33532536917651534
8,10,11,11,10,11,7,13,11,12,14,13,11,9,14,12,12,9,14,17,16,12,16,11,11,20,14,11,15,11,13,13,12,13,18,15,14,16,15,16,21,36.0,22,10,12,15,13,19,13,14,12,13,15,11,21,15,17,22,16,16,3,12,20,12,52.0,17,18,16,17,17,20,16,14,14,6,13,17,20,17,20,18,15,10,17,19,18,12,18,13,13,20,17,14,21,19,15,23,13,12,19,38,26,16,19,16,3,14,21,20,11,24,40.0,17,20,13.0,14,18,4,19,21,21,20,21,19,15,19,18,23.0,17,15,19,14,23.0,14,16,20.0,20,27,12,21,16,18,22,18,33.0,26.0,14,,25,23,13,14,38.0,8,24,24,18,18.0,14,33,16,22,16,22,0,13.0,32,32,17,19,18,25.0,15,24,28,31,23,29.0,25,4.0,5,9,12,19,29,23.0,59.0,24,33,17.0,,20,10,13,24,62,1,13,18.0,27,28,47.0,14,18,15,29,18.0,12,23,17,21,17.0,22,32,18,26,14,25,16,24.0,14.0,22,26,19,10.0,23,31,15,46.0,22,11.0,36.0,13,18,44.0,23,13,15,13.0,34.0,22,18,22,15,22,35.0,33,9,22,14,10,24,32.0,17.0,38,45.0,22.0,25.0,36.0,28,36.0,12,13,27,33.0,59.0,48.0,28.0,17.0,16,37.0,13.0,30.0,20,20,25.0,17,22,19,16.0,11.0,11.0,18,33.0,27,23,18.0,14.0,19,20.0,30.0,22,15,19.0,19,22.0,14.0,44.0,44,24,22.0,21,24,23,20,27,37,15,34,15,18,15,25,26.0,17.0,28,18,18,16.0,19.0,24,26,5,35.0,21,39.0,20,22,17,24,42,50.0,21,15.0,13,22,35.0,17,18,20,40.0,28.0,19,4.0,38.0,13.0,12.0,21.0,23,24.0,16,21,19,39.0,20,23.0,24.0,22,55.0,26.0,34.0,24,,29,21,19,18,19,2,15,37.0,31,34.0,5,23,23,22.0,22,35.0,25,16.0,21,24.0,16,34,21.0,17,57.0,40,18.0,21.0,0,36,15.0,18.0,20.0,24.0,17.0,21,14.0,12.0,20,19.0,22,25,42.0,37.0,33,34.0,43,20.0,58.0,0,25,12,35.0,28,24.0,39.0,24,41.0,25,46.0,23,27,18,0.0,24.0,20,28,24,29.0,28.0,25,25,42.0,19,33.0,18.0,14.0,42.0,31.0,43.0,20.0,19.0,51.0,33.0,23,29,23.0,26.0,,28.0,20.0,,23.0,28.0,26,23,30.0,13.0,21,51.0,30.0,9.0,17.0,30.0,14.0,23,26,44.0,26.0,24.0,26.0,26,62.0,25.0,15.0,37,23,27,23.0,40.0,21.0,31.0,19,21,18.0,26.0,18,38.0,30.0,36,45.0,35.0,20.0,23,21.0,30,22.0,14.0,22.0,23,26.0,31,61.0,13,19,19.0,34.0,38.0,,21,30,19,15.0,34,21.0,23,26,19.0,31,25,29.0,18.0,32,20,29.0,,42.0,18.0,61.0,18.0,21,14.0,25,30,30.0,22.0,49.0,24.0,33.0,,16,25,19.0,24.0,27.0,21.0,19.0,26.0,27,21.0,17,18.0,,59.0,,22,31.0,35,48.0,44.0,34.0,24,25.0,33.0,30.0,44,27,62.0,48.0,28.0,54.0,62.0,20.0,39.0,31.0,39.0,17.0,43.0,22.0,29,25,59.0,48.0,19.0,16,39,18,23,38.0,,21,25,12.0,12.0,23,38.0,60.0,28.0,21,,40.0,17.0,12,50.0,43.0,28.0,10.0,4.0,58.0,22,23.0,23,31.0,18,20,19,,41.0,36.0,24.0,19.0,35.0,24.0,49.0,45.0,28.0,35.0,19,21.0,,23,44.0,30.0,13.0,52.0,24,20.0,,,24,19,,41,14.0,15.0,36.0,17.0,46,11.0,40,29,22.0,25,17.0,17,26.0,45.0,31.0,27,35,,20.0,23,,14,33.0,24,,14.0,23.0,,58.0,31.0,20,18.0,34.0,42.0,19.0,17.0,27.0,,20,25,29.0,22,27,39,21.0,35.0,12.0,,,43.0,62,23.0,36.0,30.0,28,21.0,26.0,29.0,42.0,17.0,33,,23.0,33.0,18.0,30.0,18.0,29.0,37,31.0,36.0,40.0,,38.0,32.0,35.0,40,38.0,,12.0,34.0,21,23,43.0,54.0,19,19.0,32.0,9.0,13,51.0,14.0,54.0,13.0,19,,,31.0,48.0,31.0,38.0,14.0,11.0,23.0,24,53,29.0,34.0,,12.0,,14.0,25.0,43.0,28.0,41.0,30,35,49.0,27,32.0,21.0,36.0,15.0,20,22,42.0,48.0,28.0,19.0,45.0,17.0,20.0,22.0,54.0,34,21.0,53.0,44.0,37.0,52.0,14.0,18,33.0,28.0,31.0,20,60.0,28.0,28.0,35.0,22.0,22.0,16,21.0,38,51.0,0.0,27.0,9.0,26.0,49.0,25.0,32.0,42.0,18.0,,31.0,28.0,28.0,50.0,23.0,42.0,33.0,10.0,20.0,37.0,26,27.0,40.0,40,22.0,35.0,17,26.0,13.0,36.0,45,16,20,24.0,36.0,,16.0,21.0,16.0,13.0,18.0,,24,23.0,17,22.0,22,26,26.0,31,,30.0,16.0,35.0,23,29.0,24.0,17.0,50.0,47.0,55.0,16,18.0,31,19.0,33.0,20.0,39,39.0,33,28,23.0,19.0,23.0,22,35.0,35.0,19,4.0,14.0,,58.0,21.0,57.0,63.0,38.0,25,19.0,21.0,47.0,29.0,39.0,24.0,33.0,34.0,24,46.0,27,22.0,26.0,40.0,21.0,43,19,27.0,47.0,20.0,40.0,33.0,31.0,36.0,46.0,42.0,35,23.0,23.0,22,19,30.0,,28,,30.0,21,26.0,33,23,23,40.0,31.0,45.0,,33.0,36.0,,38.0,50.0,25.0,23.0,55.0,57.0,56.0,18.0,,20.0,11.0,23.0,16.0,,32.0,40.0,32.0,60.0,,36.0,12.0,42.0,23.0,43.0,29.0,34.0,18.0,24.0,,35.0,42.0,42.0,29.0,61.0,35.0,36.0,15.0,34.0,20.0,57.0,48.0,38,37.0,37.0,22.0,14,52.0,30.0,13.0,23.0,47.0,52.0,18.0,25.0,43.0,38.0,23.0,,36.0,25.0,11.0,21.0,25.0,30.0,34.0,59.0,61.0,46.0,0.0,35.0,39.0,30.0,,18.0,18,38.0,25.0,,23,32.0,22.0,18.0,26.0,,51.0,35.0,29.0,33.0,48,34.0,49.0,25.0,25.0,36.0,39.0,23,32,27.0,36.0,25.0,,,47.0,29,20,,32.0,,58.0,46.0,49.0,61.0,21.0,37.0,45.0,58.0,24.0,23.0,30.0,24.0,23.0,40,17.0,16.0,30.0,30.0,0.0,26,21.0,35,21.0,35,46.0,27.0,17.0,,36.0,40.0,37.0,58.0,29.0,25.0,35.0,24.0,27,44.0,26.0,18.0,38.0,22.0,24,48.0,48.0,28.0,33.0,17.0,34.0,,,30.0,15,14,27.0,62.0,51.0,53.0,23.0,18.0,12.0,17.0,41,,51.0,25.0,29.0,31.0,23.0,31.0,18.0,15,39.0,13.0,34.0,41,19,42.0,28.0,,17.0,21.0,,,34.0,2.0,30.0,,24.0,17.0,22.0,48.0,11,52.0,25.0,26.0,14.0,,21,,,48,38.0,35.0,42.0,,,19.0,20.0,56.0,19.0,11.0,25.0,16,46.0,41.0,16.0,34.0,20,33.0,35.0,21.0,29.0,,42.0,14.0,30.0,29.0,14.0,49.0,32.0,41.0,41,19,46.0,28.0,31.0,49.0,33.0,25,41,47.0,30.0,,23.0,19.0,45.0,16.0,14.0,37.0,39.0,,56.0,25.0,25.0,52.0,23,31,26.0,32.0,31.0,43.0,61.0,32,51.0,13.0,45.0,51.0,35.0,38.0,18.0,46.0,18.0,12.0,,19.0,41.0,54.0,30.0,40,55.0,29.0,1,57.0,23.0,,,41.0,22.0,45.0,45.0,40.0,24.0,26.0,,12.0,30.0,53.0,24.0,,41.0,26.0,47.0,49.0,,30.0,24.0,15.0,43.0,27.0,0.0,25.0,49.0,46.0,,,61.0,26.0,20.0,27.0,,,12.0,31.0,39.0,17.0,,63.0,28.0,62.0,25.0,14.0,24.0,33.0,27.0,,56.0,20.0,31.0,,52.0,15.0,53.0,34.0,0,,51.0,34.0,44.0,32.0,25.0,20.0,20.0,14.0,24.0,19.0,16.0,21.0,38.0,23.0,20.0,,26.0,,26.0,38.0,,,21.0,24.0,,29.0,19.0,19.0,,0.0,17.0,52.0,51.0,24.0,30.0,,59.0,48.0,,36.0,31.0,,15.0,37.0,,41,,22.0,26.0,47.0,25.0,17.0,14.0,18.0,33.0,44,35.0,,63.0,34.0,32.0,51.0,21.0,47.0,43.0,,37.0,24.0,38.0,52.0,,,34,47.0,19.0,56.0,31.0,42.0,30.0,28.0,21.0,31.0,32.0,6.0,32.0,18.0,,35.0,31.0,29.0,41.0,28.0,14.0,47.0,25.0,47.0,27.0,30,20,42.0,32.0,21.0,35.0,46.0,49.0,15.0,21.0,34.0,18.0,54.0,,44.0,54.0,39.0,41.0,0.0,,,28.0,17.0,25.0,34.0,41.0,44.0,27.0,56.0,19.0,25.0,10.0,50.0,0.0,42.0,,20.0,15.0,23.0,46.0,35.0,0.0,28.0,44.0,49.0,26.0,,45.0,28.0,11.0,27,27.0,35.0,26.0,27.0,24,,61.0,8.0,34.0,46.0,30.0,48.0,42.0,37,32.0,19.0,18.0,57.0,,57.0,37.0,6,,22.0,46.0,49.0,32,48.0,41.0,,45.0,47.0,25.0,27.0,19.0,27.0,12.0,20.0,29.0,33.0,22.0,27.0,46.0,38.0,31.0,42.0,16.0,17.0,36.0,,34.0,39,48.0,50.0,,20.0,53.0,35.0,31.0,46.0,,,31.0,13.0,0.0,31,32.0,16.0,22.0,,,36.0,61.0,,27.0,18.0,34.0,63.0,32.0,33.0,31.0,,37.0,31.0,35.0,57.0,32.0,29.0,25.0,37.0,22.0,38.0,47.0,42.0,19.0,18.0,25.0,40.0,49.0,25.0,30.0,55.0,,27.0,52.0,41.0,61.0,56.0,,,46.0,18.0,43.0,33.0,,20.0,,22.0,24.0,25.0,41.0,24.0,50.0,55.0,29.0,59.0,48.0,23.0,44.0,31.0,28.0,24.0,52.0,36.0,24.0,16,18.0,61.0,43.0,30.0,32.0,47.0,33.0,44.0,17.0,56.0,36.0,37.0,,36.0,,36.0,17.0,22.0,7.0,30.0,15.0,,46.0,39.0,34.0,53.0,22.0,41.0,,32.0,,,,21.0,51.0,29.0,,36.0,29.0,36.0,56.0,39.0,43.0,32.0,56.0,40.0,8.0,52.0,19.0,,41.0,49.0,47.0,26.0,38.0,34.0,46.0,19.0,45.0,30.0,43.0,56.0,,25.0,39.0,41.0,63.0,62.0,57.0,59.0,19.0,19.0,62.0,26.0,54.0,41.0,32.0,19.0,40.0,32.0,8.0,49.0,18.0,,22.0,30.0,,47.0,34.0,33.0,46.0,25.0,28.0,60.0,51.0,42.0,32.0,28.0,56.0,,49.0,54.0,21.0,57.0,58.0,32.0,22.0,22.0,17.0,45.0,37.0,26.0,,,22.0,37.0,51.0,45.0,20.0,,23.0,13.0,,,56.0,51.0,37.0,,5,27.0,35.0,24.0,17.0,54.0,34.0,45.0,,,28.0,27,40.0,25.0,37.0,43.0,24.0,42.0,50.0,29.0,28,,22.0,20.0,21.0,22.0,23.0,,41.0,47.0,26.0,43.0,27.0,29.0,58.0,51.0,34.0,11.0,40.0,45.0,48.0,,,40.0,,,63.0,39.0,,22.0,,53.0,17.0,28.0,37.0,39.0,,14.0,45.0,52.0,,27.0,47.0,20.0,,35.0,43.0,33.0,50.0,33.0,,29.0,15.0,,28.0,27.0,10.0,43.0,27.0,59.0,55.0,34.0,29.0,39.0,26.0,41.0,33.0,28.0,47.0,61.0,16.0,52.0,23.0,30.0,45.0,32.0,60.0,,63.0,,25.0,61.0,61.0,40.0,43.0,,42.0,23.0,42.0,33.0,19.0,25.0,9.0,33.0,42.0,36.0,32.0,45.0,26.0,45.0,,22.0,0.0,41.0,50.0,,17.0,47.0,23.0,21,,47.0,29.0,51.0,35.0,16.0,30.0,,57.0,22.0,17.0,25.0,20.0,,29.0,61.0,28.0,16.0,57.0,21.0,43.0,36.0,,,,58.0,20.0,37.0,34.0,23.0,42.0,42.0,34.0,,42.0,,32.0,13.0,20.0,59.0,28.0,33.0,17.0,,45.0,54.0,6.0,59.0,28.0,30.0,32.0,23.0,24.0,28.0,57.0,0.0,42.0,59.0,60.0,30.0,45.0,18.0,31.0,58.0,9.0,59.0,27.0,,27.0,42.0,24.0,,,40.0,20.0,,,40.0,30.0,36,17.0,16.0,18,31.0,,31.0,62.0,36.0,52.0,20.0,25.0,27.0,28.0,0.0,54.0,,,34.0,44.0,41.0,,,32.0,32.0,15.0,,37.0,55.0,58.0,33.0,60.0,41.0,62.0,34.0,54.0,49.0,,10.0,24.0,42.0,25.0,32.0,55.0,,0.0,,58.0,34.0,34.0,13.0,53.0,23.0,31.0,,28.0,47.0,55.0,33.0,28.0,30.0,27.0,40.0,61.0,42.0,11.0,23.0,47.0,21.0,,,,30.0,42.0,17.0,47.0,31.0,41.0,19.0,22.0,43.0,12.0,,48.0,25.0,21.0,,60.0,,22.0,19.0,51.0,43.0,44.0,,60.0,61.0,28.0,,,28.0,57.0,,30.0,36.0,20.0,31.0,8.0,12.0,17.0,28.0,9.0,,,30.0,42.0,52.0,46.0,,24.0,,,18.0,34.0,,36.0,41.0,23.0,,10.0,,31.0,35.0,28.0,62.0,13.0,46.0,,47.0,56.0,25.0,,31.0,23.0,45.0,56.0,36.0,35.0,,34.0,17.0,9.0,63.0,32.0,20.0,22.0,0.0,29.0,31.0,59.0,28.0,,35.0,17.0,49.0,51.0,,,14.0,46.0,56.0,9.0,36.0,42.0,62.0,62.0,,13.0,38.0,61.0,53.0,43.0,17.0,24.0,35.0,,23.0,50.0,48.0,14.0,33.0,,,24.0,29.0,,42.0,49.0,36.0,36.0,48.0,,10.0,22.0,58.0,,,17.0,31.0,17.0,32.0,,53.0,35.0,15.0,51.0,15.0,,30.0,32.0,61.0,30.0,32.0,34.0,,28.0,,48.0,,44.0,24.0,48.0,18.0,16.0,27.0,62.0,22.0,24.0,19.0,49.0,52.0,14.0,24.0,45.0,37.0,25.0,,41.0,48.0,,21.0,36.0,,,17.0,49.0,49.0,,38.0,14.0,,35.0,32.0,48.0,30.0,59.0,10.0,28.0,26.0,22.0,17.0,,29.0,45.0,12.0,61.0,12.0,53.0,,53.0,,,28.0,,17.0,,51.0,,,23.0,23.0,37.0,29.0,17.0,32.0,18.0,19.0,40.0,48.0,21.0,35.0,,43.0,19.0,36.0,52.0,,31.0,57.0,,,,29.0,,18.0,40.0,22.0,,62.0,9.0,26.0,,47.0,22.0,29.0,33.0,,36.0,36.0,19.0,34.0,44.0,23.0,,,38.0,22.0,28.0,,43.0,54.0,50.0,22.0,58.0,53.0,22.0,,22.0,50.0,36.0,23.0,,,,23.0,63.0,18.0,18.0,18.0,33.0,36.0,13.0,50.0,11.0,,22.0,55.0,60.0,42.0,,,,44.0,,43.0,49.0,,18.0,8.0,33.0,44.0,,44.0,20.0,24.0,24.0,49.0,32.0,,36.0,26.0,28.0,29.0,42.0,30.0,21.0,18.0,,,49.0,,60.0,31.0,,16.0,,34.0,46.0,27.0,,15.0,31.0,24.0,50.0,,40.0,29.0,41.0,56.0,33.0,,,45.0,54.0,,29.0,51.0,14.0,18.0,51.0,24.0,26.0,,,43.0,29.0,23.0,,60.0,26.0,36.0,25.0,28.0,26.0,63.0,19.0,27.0,62.0,30.0,40.0,21.0,11.0,16.0,,18.0,14.0,,33.0,31.0,12.0,37.0,17.0,,42.0,41.0,27.0,,14.0,36.0,27.0,,45.0,5.0,47.0,58.0,49.0,31.0,42.0,23.0,44.0,,,0.0,34.0,27.0,56.0,34.0,35.0,24.0,61.0,,33.0,,,,18.0,21.0,60.0,39.0,24.0,51.0,22.0,46.0,0.0,23.0,43.0,,27.0,34.0,30.0,27.0,52.0,54.0,46.0,32.0,21.0,31.0,,43.0,,37.0,49.0,29.0,26.0,,48.0,,62.0,,18.0,39.0,44.0,29.0,37.0,,40.0,14.0,,34.0,26.0,16.0,25.0,59.0,,,31.0,24.0,19.0,31.0,,31.0,,19.0,,,23.0,30.0,44.0,23.0,,24.0,17.0,24.0,0.0,43.0,21.0,25.0,,41.0,,35.0,61.0,29.0,,,,40.0,22.0,,26.0,,49.0,23.0,46.0,38.0,35.0,19.0,49.0,55.0,19.0,11.0,46.0,39.0,32.0,57.0,49.0,29.0,28.0,44.0,29.0,,,46.0,20.0,,54.0,1.0,,30.0,38.0,,30.0,61.0,21.0,,,,39.0,20.0,54.0,17.0,34.0,48.0,,40.0,,18.0,28.0,38.0,,,21.0,41.0,35.0,34.0,61.0,,20.0,62.0,57.0,,20.0,,23.0,61.0,,19.0,29.0,18.0,32.0,46.0,18.0,32.0,0.0,48.0,17.0,58.0,34.0,30.0,16.0,52.0,26.0,,1.0,44.0,50.0,27.0,29.0,,,,29.0,,,12.0,29.0,43.0,28.0,58.0,51.0,19.0,,23.0,,31.0,,23.0,,,,,47.0,30.0,,,,36.0,,38.0,,55.0,36.0,,39.0,26.0,46.0,14.0,39.0,55.0,31.0,19.0,20.0,,48.0,27.0,47.0,,31.0,,,40.0,27.0,,46.0,,40.0,,23.0,58.0,,17.0,38.0,26.0,,,,26.0,,,,58.0,27.0,32.0,10.0,,23.0,35.0,46.0,18.0,34.0,,48.0,2.0,40.0,38.0,28.0,33.0,39.0,38.0,,43.0,58.0,,34.0,20.0,46.0,20.0,37.0,,20.0,17.0,37.0,26.0,,,,25.0,51.0,29.0,,,,43.0,26.0,,,40.0,55.0,,27.0,33.0,,,29.0,39.0,42.0,63.0,63.0,35.0,,0.0,,43.0,,21.0,40.0,41.0,16.0,55.0,20.0,30.0,28.0,41.0,,22.0,44.0,22.0,37.0,56.0,56.0,29.0,41.0,23.0,44.0,31.0,29.0,34.0,62.0,27.0,,38.0,29.0,,,23.0,49.0,25.0,32.0,49.0,,30.0,0.0,50.0,43.0,23.0,59.0,39.0,48.0,62.0,25.0,,44.0,,,39.0,9.0,60.0,55.0,,17.0,40.0,,40.0,25.0,,,0.0,46.0,21.0,17.0,11.0,23.0,29.0,,48.0,15.0,0.0,61.0,,60.0,,,60.0,49.0,19.0,10.0,2.0,36.0,,20.0,16.0,,40.0,,22.0,32.0,,29.0,10.0,16.0,,9.0,,45.0,,46.0,20.0,37.0,57.0,28.0,18.0,40.0,26.0,28.0,30.0,,,24.0,25.0,23.0,33.0,58.0,34.0,45.0,52.0,,21.0,41.0,22.0,17.0,57.0,,34.0,34.0,,33.0,63.0,24.0,18.0,20.0,46.0,61.0,14.0,23.0,31.0,63.0,60.0,39.0,36.0,,32.0,,,54.0,,54.0,1.0,,,40.0,45.0,40.0,33.0,52.0,,,39.0,31.0,35.0,36.0,51.0,,26.0,28.0,,22.0,40.0,,19.0,27.0,,23.0,62.0,55.0,20.0,27.0,0.0,49.0,,37.0,,26.0,57.0,37.0,,35.0,29.0,39.0,39.0,38.0,59.0,11.0,,43.0,,29.0,,49.0,,21.0,,45.0,37.0,21.0,,20.0,17.0,38.0,62.0,13.0,18.0,45.0,51.0,,42.0,,22.0,,0.0,,,0.0,20.0,,23.0,62.0,15.0,23.0,38.0,32.0,14.0,,22.0,38.0,,16.0,,,37.0,,31.0,47.0,39.0,,,13.0,,21.0,,61.0,,,27.0,,35.0,44.0,48.0,23.0,23.0,33.0,44.0,63.0,42.0,30.0,44.0,44.0,,27.0,53.0,37.0,,,17.0,27.0,48.0,31.0,,138,3,2.355909694555113,17.838997695852534,-0.33941530855402513
7,8,8,9,11,9,10,12,12,13,12,14,13,10,13,11,17,9,25,23,2,21,13,12,11,21,14,13,13,14,13,13,12,15,16,13,16,16,15,18,23,32.0,11,14,18,13,14,19,13,16,14,20,14,17,35,18,17,15,12,16,14,23,19,18,18.0,15,14,14,17,13,25,15,14,8,11,14,17,20,13,14,21,14,17,15,15,15,16,22,15,19,11,14,18,14,19,17,22,11,18,24,27,21,20,9,14,16,18,27,18,16,14,21.0,16,19,10.0,17,17,26,21,19,9,22,17,19,24,11,18,27.0,2,7,15,19,,14,25,25.0,20,12,22,22,30,22,15,19,13.0,45.0,21,22.0,20,18,9,17,24.0,16,24,13,18,47.0,19,27,31,13,18,16,19,22.0,17,27,21,34,18,17.0,17,22,15,30,23,23.0,19,28.0,26,16,18,18,17,27.0,18.0,24,22,,21.0,21,15,17,19,40,13,19,27.0,12,24,11.0,18,19,26,9,19.0,21,18,27,19,46.0,25,34,23,12,16,18,24,19.0,26.0,29,22,19,33.0,25,20,19,31.0,10,24.0,9.0,20,26,,9,26,21,19.0,,13,16,27,25,28,40.0,26,15,19,25,14,34,25.0,43.0,19,43.0,32.0,30.0,21.0,33,41.0,12,23,17,33.0,34.0,37.0,,11.0,20,33.0,30.0,63.0,18,12,17.0,15,24,21,26.0,35.0,,33,,12,28,22.0,21.0,22,22.0,49.0,14,22,17.0,15,25.0,29.0,18.0,26,29,35.0,24,29,28,27,16,34,19,29,23,19,27,18,,24.0,12,19,14,46.0,36.0,38,30,19,18.0,20,34.0,22,17,32,18,10,15.0,20,21.0,23,35,35.0,45,23,20,44.0,24.0,0,25.0,39.0,28.0,24.0,31.0,23,26.0,35,17,28,43.0,21,15.0,50.0,25,60.0,26.0,33.0,17,23.0,12,27,20,29,18,18,35,29.0,19,22.0,24,23,25,59.0,18,,19,21.0,19,40.0,20,31,39.0,13,29.0,28,22.0,12.0,22,35,23.0,13.0,22.0,26.0,16.0,26,31.0,20.0,19,,18,17,59.0,53.0,25,54.0,41,41.0,32.0,27,25,23,42.0,14,21.0,26.0,34,25.0,21,23.0,21,23,21,41.0,40.0,27,20,40,13.0,29.0,39,25,42.0,24,17.0,40.0,18.0,32.0,38.0,40.0,27.0,21.0,,39.0,17,15,19.0,64.0,13.0,12.0,22.0,15.0,46.0,30.0,17,0,22.0,,12,13.0,9.0,29.0,17.0,35.0,40.0,31,21,42.0,48.0,53.0,35.0,14,39.0,39.0,20.0,13,15,20,,,23.0,27.0,15,27,9.0,26.0,14,33.0,24.0,27,29.0,31.0,61.0,12,17.0,22,23.0,36.0,32.0,38,33.0,28,12.0,15,19,,50.0,43.0,26.0,26,13,26,23.0,2,26.0,12,25,38.0,19,21,32.0,27.0,25,22,22.0,27.0,53.0,13.0,39.0,12.0,29,42.0,15,15,37.0,33.0,34.0,,35.0,,18,24,26.0,24.0,22.0,30.0,21.0,30.0,22,49.0,30,14.0,16.0,23.0,,17,35.0,25,,42.0,45.0,39,24.0,22.0,25.0,26,23,27.0,31.0,,27.0,,26.0,50.0,19.0,20.0,39.0,64.0,29.0,25,38,39.0,,42.0,17,29,6,14,36.0,28.0,21,36,17.0,23.0,23,32.0,26.0,25.0,32,46.0,,38.0,12,17.0,,55.0,20.0,17.0,26.0,16,46.0,23,24.0,21,35,19,27.0,35.0,36.0,,61.0,25.0,20.0,,19.0,,43.0,16,46.0,61.0,20,36.0,26.0,13.0,47.0,21,32.0,39.0,26.0,23,30,,30,16.0,31.0,34.0,24.0,35,37.0,30,25,55.0,21,,18,30.0,18.0,23.0,35,26,24.0,32.0,24,42.0,44,15.0,18,20.0,33.0,30.0,,26.0,,21,12.0,25.0,40.0,18.0,46.0,26.0,33.0,24,33,20.0,32,29,13,,28.0,39.0,43.0,55.0,32.0,27,50.0,24.0,34.0,36,13.0,41.0,27.0,12.0,42.0,30,,44.0,24.0,65.0,25.0,21.0,26.0,35,49.0,,24.0,62.0,31.0,19.0,40.0,8,,,30.0,28.0,17,17,29.0,15.0,17,,17.0,45.0,19,30.0,25.0,,16.0,17,,51.0,37.0,,42.0,36.0,35.0,46.0,15.0,15,19,47.0,43.0,,25.0,37.0,18.0,30.0,40.0,44.0,50.0,16,16,45.0,29,,43.0,24.0,18.0,17,25,41.0,31.0,44.0,26.0,,30.0,0.0,44.0,17.0,20,11.0,,26.0,39.0,32.0,36.0,21,19.0,27.0,44.0,23,47.0,31.0,33.0,24.0,19.0,24.0,22,48.0,40,,23.0,25.0,41.0,50.0,23.0,53.0,30.0,18.0,55.0,28.0,18.0,19.0,8.0,36.0,36.0,60.0,48.0,16.0,17.0,33.0,21,64.0,61.0,21,33.0,31.0,25,16.0,38.0,42.0,26,19,26,47.0,26.0,58.0,37.0,26.0,38.0,26.0,35.0,0.0,22,26.0,37,44.0,33,35,47.0,18,25.0,17.0,14.0,,34,16.0,28.0,0.0,16.0,28.0,55.0,15,24.0,9,29.0,38.0,25.0,20,55.0,12,19,41.0,17.0,,17,30.0,,23,20.0,63.0,27.0,26.0,,54.0,24.0,56.0,62,44.0,41.0,22.0,36.0,41.0,,33.0,13.0,34,21.0,21,64.0,27.0,46.0,22.0,2,27,,10.0,34.0,36.0,47.0,27.0,42.0,33.0,28.0,46,19.0,57.0,23,26,29.0,59.0,25,26.0,32.0,29,30.0,22,27,15,32.0,58.0,22.0,26.0,11.0,26.0,,,22.0,24.0,43.0,19.0,48.0,55.0,28.0,53.0,28.0,19.0,19.0,27.0,43.0,34.0,32.0,34.0,,36.0,40.0,28.0,46.0,28.0,13.0,31.0,42.0,,27.0,31.0,20.0,22.0,46.0,21.0,40.0,28.0,47.0,32.0,,44.0,28.0,35.0,20,32.0,24.0,55.0,42,37.0,52.0,21.0,33.0,41.0,23.0,21.0,23.0,18.0,45.0,44.0,21.0,30.0,27.0,26.0,18.0,28.0,0.0,24.0,38.0,40.0,0.0,,30.0,54.0,47.0,43.0,18.0,22,62.0,36.0,24.0,28,31.0,16.0,28.0,36.0,24.0,33.0,,56.0,0.0,13,33.0,20.0,28.0,54.0,37.0,36.0,18,20,35.0,57.0,24.0,22.0,31.0,,34,30,31.0,38.0,42.0,,,35.0,,18.0,47.0,29.0,57.0,46.0,27.0,41.0,11.0,44.0,15,23.0,42.0,64.0,35.0,25.0,16,63.0,21,16.0,25,18.0,,37.0,30.0,32.0,47.0,27.0,38.0,26.0,27.0,47.0,48.0,36,33.0,,49.0,56.0,48.0,43,47.0,47.0,23.0,27.0,30.0,32.0,62.0,27.0,16.0,16,34,65.0,54.0,31.0,28.0,65.0,55.0,28.0,19.0,26,65.0,,,65.0,,,0.0,14.0,18,29.0,55.0,34.0,29,31,50.0,38.0,13.0,32.0,49.0,0.0,32.0,,52.0,,22.0,20.0,14.0,41.0,,18,25.0,52.0,15.0,58.0,31.0,15,,36.0,30,22.0,,36.0,43.0,,39.0,44.0,53.0,18.0,,9.0,58,30.0,31.0,20.0,40.0,28,32.0,32.0,40.0,24.0,40.0,42.0,27.0,39.0,19.0,19.0,36.0,32.0,31.0,27,29,,14.0,23.0,19.0,47.0,31,20,59.0,52.0,35.0,,20.0,25.0,28.0,33.0,44.0,34.0,63.0,31.0,30.0,17.0,,28,22,25.0,,60.0,16.0,29.0,18,28.0,32.0,39.0,34.0,26.0,56.0,22.0,,12.0,24.0,29.0,43.0,62.0,,54.0,21,54.0,,45,35.0,22.0,,21.0,19.0,37.0,62.0,,22.0,,57.0,17.0,30.0,18.0,52.0,29.0,20.0,19.0,24.0,27.0,15.0,25.0,64.0,32.0,28.0,,51.0,29.0,48.0,,14.0,27.0,32.0,16.0,30.0,46.0,27.0,,15.0,39.0,57.0,21.0,30.0,21.0,51.0,65.0,43.0,,63.0,11.0,39.0,30.0,29.0,,23.0,,16.0,20.0,,27.0,57.0,44,,36.0,31.0,53.0,48.0,14.0,22.0,32.0,38.0,25.0,27.0,12.0,,30.0,35.0,26.0,,43.0,,36.0,30.0,15.0,34.0,0.0,24.0,,21.0,40.0,47.0,0.0,30.0,56.0,41.0,34.0,46.0,21.0,40.0,25.0,63.0,36.0,25.0,54.0,62.0,51.0,,26.0,20,57.0,34.0,25.0,36.0,,,14.0,20.0,53.0,25,35.0,39.0,20.0,27.0,38.0,30.0,28.0,20.0,15.0,23.0,56.0,35.0,51.0,44.0,46.0,62.0,20,23.0,23.0,59.0,23.0,,44.0,14.0,22.0,17.0,59.0,27.0,29.0,31.0,31.0,44.0,10.0,32.0,28.0,35.0,27.0,42.0,60.0,19.0,45.0,30,14,35.0,28.0,17.0,25.0,32.0,31.0,34.0,0.0,,18.0,52.0,34.0,40.0,33.0,18.0,40.0,36.0,24.0,57.0,43.0,29.0,42.0,21.0,29.0,38.0,45.0,,16.0,0.0,59.0,25.0,55.0,23.0,26.0,45.0,26.0,45.0,21.0,26.0,19.0,40.0,48.0,30.0,34.0,64.0,53.0,31.0,32.0,18,42.0,27.0,40.0,14.0,21,25.0,29.0,36.0,55.0,32.0,59.0,11.0,43.0,40,39.0,32.0,27.0,25.0,,31.0,,46,58.0,,24.0,0.0,40,48.0,9.0,28.0,24.0,,34.0,22.0,23.0,48.0,21.0,26.0,47.0,35.0,31.0,50.0,36.0,,0.0,,,29.0,33.0,,,30,32.0,,28.0,48.0,47.0,33.0,16.0,42.0,28.0,,57.0,46.0,21.0,23,25.0,27.0,41.0,,,40.0,40.0,64.0,30.0,30.0,37.0,,59.0,45.0,,45.0,23.0,20.0,29.0,34.0,45.0,54.0,,34.0,,,27.0,56.0,59.0,23.0,28.0,,,0.0,,49.0,,43.0,27.0,29.0,12.0,40.0,20.0,42.0,34.0,31.0,,,,53.0,27.0,43.0,28.0,46.0,,58.0,16.0,21.0,11.0,29.0,50.0,42.0,58.0,,14.0,45.0,24.0,40.0,48.0,22,53.0,,45.0,21.0,56.0,,39.0,32.0,40.0,,17.0,47.0,33.0,18.0,27.0,,26.0,45.0,18.0,39.0,60.0,,56.0,17.0,31.0,,32.0,41.0,23.0,61.0,,,,51.0,16.0,25.0,19.0,45.0,31.0,55.0,63.0,26.0,58.0,19.0,,27.0,62.0,19.0,18.0,59.0,,65.0,0.0,44.0,61.0,16.0,49.0,61.0,19.0,45.0,37.0,16.0,35.0,35.0,44.0,36.0,37.0,17.0,30.0,28.0,25.0,,49.0,19.0,33.0,39.0,28.0,40.0,41.0,30.0,27.0,,,37.0,21.0,56.0,53.0,30.0,24.0,37.0,43.0,62.0,54.0,46.0,26.0,55.0,55.0,23.0,32.0,9.0,30.0,,21.0,43.0,41.0,27.0,,24.0,18.0,31.0,27.0,,17.0,50.0,30.0,50.0,28.0,40.0,17.0,27.0,34.0,23.0,20.0,33.0,,18.0,,16.0,29,45.0,14.0,55.0,20.0,41.0,19.0,57.0,64.0,23.0,,14,27.0,,29.0,63.0,40.0,0.0,23.0,25.0,24,42.0,,,,18.0,,42.0,26.0,47.0,17.0,56.0,16.0,46.0,,33.0,,12.0,35.0,32.0,27.0,41.0,30.0,62.0,,36.0,50.0,48.0,,33.0,,24.0,29.0,42.0,,57.0,32.0,17.0,31.0,45.0,54.0,24.0,57.0,4.0,51.0,12.0,37.0,14.0,42.0,44.0,23.0,36.0,,61.0,,29.0,23.0,,49.0,24.0,,29.0,53.0,8.0,47.0,,46.0,36.0,33.0,64.0,62.0,31.0,37.0,,17.0,,,,24.0,,22.0,52.0,65.0,23.0,28.0,5.0,39.0,14.0,51.0,20.0,24.0,31.0,,53.0,50.0,27.0,27.0,33.0,48.0,54.0,23.0,34.0,22.0,17.0,46.0,33.0,33.0,44.0,17.0,24,33.0,45.0,,51.0,60.0,39.0,31.0,45.0,,,,23.0,17.0,37.0,22.0,16.0,23.0,21.0,,54.0,47.0,35.0,38.0,24.0,,49.0,0.0,54.0,64.0,65.0,,43.0,,,39.0,49.0,58.0,36.0,34.0,,20.0,,23.0,29.0,43.0,,20.0,25.0,47.0,25.0,,23.0,27.0,47.0,56.0,15.0,62.0,55.0,25.0,36.0,,28.0,50.0,25.0,51.0,30.0,48.0,18.0,15.0,14.0,51.0,32.0,61.0,25.0,63.0,38.0,34.0,20.0,22.0,19,25.0,18.0,24,24.0,11.0,23.0,50.0,26.0,18.0,,46.0,,58.0,56.0,,,,49.0,,0.0,34.0,56.0,30.0,24.0,20.0,45.0,34.0,,,,,,58.0,16.0,32.0,49.0,,55.0,,45.0,19.0,48.0,41.0,42.0,25.0,34.0,,14.0,,,,,0.0,34.0,39.0,31.0,40.0,,20.0,,45.0,55.0,54.0,26.0,23.0,20.0,30.0,58.0,,,,28.0,25.0,43.0,39.0,37.0,,24.0,18.0,17.0,47.0,44.0,53.0,19.0,14.0,21.0,61.0,29.0,33.0,65.0,44.0,29.0,32.0,,,48.0,16.0,,,37.0,32.0,32.0,33.0,,21.0,46.0,,49.0,41.0,,37.0,,25.0,38.0,29.0,22.0,21.0,61.0,24.0,28.0,51.0,,16.0,22.0,,,59.0,34.0,47.0,52.0,32.0,18.0,,16.0,23.0,31.0,21.0,,48.0,60.0,28.0,37.0,,42.0,21.0,14.0,15.0,14.0,10.0,47.0,42.0,26.0,47.0,16.0,35.0,,,35.0,55.0,21.0,,,,30.0,60.0,,26.0,56.0,30.0,43.0,23.0,52.0,47.0,38.0,38.0,20.0,56.0,31.0,30.0,,13.0,46.0,34.0,,,28.0,10.0,41.0,31.0,54.0,61.0,57.0,25.0,40.0,65.0,15.0,,,,19.0,24.0,10.0,33.0,30.0,49.0,29.0,15.0,,23.0,50.0,25.0,,,35.0,46.0,30.0,34.0,56.0,48.0,46.0,,,40.0,,52.0,59.0,22.0,13.0,,18.0,21.0,21.0,44.0,26.0,22.0,45.0,59.0,14.0,21.0,58.0,16.0,,23.0,18.0,24.0,58.0,59.0,44.0,44.0,15.0,,21.0,24.0,27.0,24.0,24.0,41.0,34.0,61.0,,56.0,,24.0,20.0,63.0,18.0,19.0,,20.0,40.0,18.0,,,,62.0,22.0,16.0,25.0,38.0,61.0,,28.0,21.0,20.0,19.0,52.0,18.0,42.0,40.0,38.0,15.0,,19.0,24.0,21.0,17.0,33.0,32.0,43.0,35.0,23.0,33.0,23.0,42.0,26.0,19.0,29.0,60.0,22.0,60.0,38.0,46.0,36.0,,35.0,43.0,59.0,51.0,26.0,12.0,,27.0,64.0,25.0,51.0,17.0,34.0,17.0,54.0,53.0,19.0,28.0,,49.0,64.0,27.0,40.0,46.0,,16.0,15.0,56.0,,47.0,12.0,,50.0,42.0,30.0,53.0,27.0,32.0,14.0,38.0,21.0,15.0,65.0,,52.0,12.0,35.0,0.0,16.0,49.0,42.0,40.0,9.0,58.0,23.0,37.0,47.0,,14.0,21.0,35.0,,21.0,36.0,48.0,,38.0,,55.0,,40.0,39.0,,65.0,51.0,23.0,30.0,64.0,25.0,24.0,50.0,,16.0,,,20.0,56.0,39.0,37.0,30.0,26.0,29.0,,21.0,,32.0,23.0,,31.0,42.0,31.0,62.0,62.0,25.0,,64.0,,,,,30.0,22.0,57.0,40.0,0.0,61.0,39.0,26.0,7.0,27.0,48.0,50.0,15.0,,46.0,43.0,,22.0,,31.0,36.0,23.0,27.0,40.0,10.0,58.0,44.0,12.0,,44.0,15.0,,64.0,,65.0,32.0,35.0,23.0,49.0,,16.0,55.0,37.0,29.0,28.0,0.0,30.0,44.0,17.0,47.0,11.0,27.0,53.0,28.0,,,57.0,,21.0,25.0,49.0,,31.0,59.0,32.0,17.0,19.0,22.0,36.0,26.0,,16.0,25.0,,4.0,45.0,42.0,41.0,30.0,20.0,44.0,37.0,,,27.0,31.0,14.0,,64.0,37.0,64.0,38.0,38.0,65.0,,59.0,42.0,,63.0,,43.0,31.0,,44.0,23.0,40.0,44.0,32.0,25.0,29.0,17.0,31.0,39.0,18.0,25.0,25.0,,43.0,37.0,,40.0,12.0,37.0,,62.0,22.0,,0.0,,32.0,20.0,60.0,19.0,43.0,53.0,26.0,22.0,,13.0,,,33.0,60.0,17.0,39.0,54.0,,36.0,46.0,,32.0,49.0,,59.0,9.0,36.0,,20.0,31.0,41.0,,0.0,20.0,24.0,,41.0,33.0,62.0,22.0,46.0,27.0,25.0,44.0,20.0,51.0,,29.0,47.0,30.0,27.0,42.0,33.0,19.0,,44.0,34.0,39.0,64.0,23.0,58.0,42.0,51.0,,12.0,37.0,55.0,33.0,,53.0,37.0,62.0,27.0,40.0,19.0,52.0,27.0,,,,23.0,16.0,19.0,,19.0,57.0,,19.0,10.0,,,17.0,45.0,49.0,,45.0,51.0,27.0,19.0,21.0,40.0,,18.0,,,30.0,38.0,,35.0,34.0,,52.0,64.0,8.0,54.0,,25.0,37.0,27.0,56.0,43.0,32.0,29.0,24.0,,46.0,,,,,45.0,,22.0,,63.0,,26.0,,42.0,58.0,31.0,59.0,,44.0,,,,61.0,,35.0,28.0,,40.0,21.0,,35.0,22.0,43.0,,26.0,,40.0,21.0,50.0,38.0,,,43.0,58.0,65.0,45.0,50.0,44.0,18.0,33.0,51.0,45.0,,14.0,63.0,,50.0,21.0,22.0,54.0,62.0,35.0,,28.0,10.0,9.0,26.0,25.0,,37.0,32.0,34.0,31.0,53.0,32.0,40.0,13.0,48.0,51.0,24.0,,,37.0,,23.0,,47.0,33.0,17.0,28.0,44.0,61.0,48.0,20.0,,56.0,51.0,32.0,33.0,40.0,,,,,,,28.0,21.0,64.0,34.0,,20.0,57.0,29.0,32.0,9.0,65.0,63.0,39.0,,63.0,30.0,,26.0,16.0,55.0,48.0,,18.0,65.0,24.0,37.0,47.0,31.0,,36.0,,21.0,,24.0,,30.0,24.0,47.0,,50.0,19.0,45.0,,27.0,54.0,18.0,,43.0,,,63.0,61.0,38.0,16.0,49.0,26.0,,,,24.0,54.0,24.0,43.0,,59.0,34.0,27.0,49.0,59.0,54.0,,53.0,41.0,47.0,,,44.0,62.0,22.0,40.0,,,22.0,64.0,53.0,37.0,,17.0,31.0,35.0,,42.0,,,56.0,9.0,,39.0,,43.0,0.0,32.0,,37.0,41.0,,49.0,,59.0,26.0,,14.0,11.0,,32.0,22.0,49.0,19.0,49.0,,17.0,30.0,36.0,23.0,,24.0,28.0,27.0,,,26.0,,,16.0,52.0,28.0,,46.0,32.0,31.0,,,54.0,37.0,64.0,34.0,38.0,24.0,34.0,21.0,65.0,16.0,46.0,22.0,,,21.0,15.0,21.0,51.0,50.0,,,19.0,37.0,52.0,,58.0,11.0,13.0,58.0,39.0,49.0,9.0,36.0,21.0,24.0,25.0,24.0,25.0,26.0,49.0,45.0,30.0,36.0,12.0,,52.0,19.0,18.0,23.0,34.0,23.0,29.0,33.0,,29.0,,,25.0,18.0,56.0,56.0,39.0,,43.0,40.0,53.0,,22.0,21.0,41.0,33.0,48.0,65.0,25.0,64.0,,47.0,,24.0,47.0,44.0,,31.0,39.0,20.0,,47.0,43.0,22.0,0.0,,36.0,53.0,19.0,31.0,23.0,0.0,56.0,44.0,53.0,,36.0,29.0,,,3.0,15.0,13.0,62.0,,54.0,46.0,,38.0,21.0,26.0,51.0,47.0,31.0,20.0,49.0,64.0,,31.0,38.0,34.0,43.0,,28.0,19.0,49.0,16.0,30.0,41.0,,,37.0,41.0,16.0,36.0,27.0,59.0,,33.0,24.0,,,25.0,,61.0,14.0,42.0,55.0,64.0,61.0,20.0,17.0,,,33.0,139,3,2.5327754532775453,18.675191815856778,-0.3303844186248706
4,3,5,5,5,5,8,10,6,6,6,7,4,12,11,12,17,4,30,25,6,6,14,6,10,17,11,14,6,12,13,8,10,16,8,5,16,9,12,12,13,25.0,16,14,9,9,24,13,12,32,15,4,11,16,13,10,19,9,11,0,13,11,17,16,7.0,8,16,7,12,7,15,14,7,13,14,13,21,16,13,7,3,14,12,16,13,16,18,14,34,15,14,9,26,18,5,12,19,13,13,14,14,13,16,13,12,20,17,18,15,16,12,13.0,13,14,15.0,13,25,17,13,21,15,15,11,13,8,18,14,8.0,16,10,14,13,21.0,8,27,21.0,17,25,25,16,19,11,21,6,29.0,20.0,18,22.0,17,16,17,15,,16,23,9,19,14.0,18,20,44,19,14,27,17,15.0,16,16,16,19,27,40.0,11,31,8,24,25,10.0,19,40.0,10,19,19,15,15,25.0,9.0,0,14,10.0,21.0,17,44,13,21,13,9,16,20.0,17,19,,9,18,22,5,54.0,16,17,11,14,27.0,13,29,23,17,14,22,15,20.0,21.0,29,33,6,18.0,17,27,18,48.0,16,26.0,30.0,19,11,,23,26,20,33.0,25.0,22,12,16,19,8,24.0,14,17,17,15,10,25,28.0,26.0,20,17.0,27.0,24.0,43.0,29,25.0,7,33,24,,37.0,29.0,59.0,17.0,15,31.0,25.0,25.0,14,16,31.0,11,29,19,27.0,34.0,10.0,20,20.0,23,28,17.0,20.0,0,31.0,6.0,7,34,34.0,9,17.0,5.0,31.0,13,13,60.0,24,36,12,14,23,22,11,21,8,18,20,20,18.0,10.0,16,18,17,34.0,14.0,11,28,13,21.0,29,22.0,21,18,20,13,19,29.0,18,7.0,21,20,26.0,13,28,16,13.0,,14,29.0,26.0,26.0,22.0,54.0,20,32.0,43,28,24,37.0,18,30.0,19.0,19,22.0,18.0,21.0,21,47.0,21,23,31,20,17,17,23,,14,7.0,20,13,22,,16,29.0,34,24.0,6,26.0,21,27,34.0,36,12.0,9,40.0,28.0,24,24,11.0,15.0,41.0,24.0,,28,23.0,24.0,33,41.0,14,16,,48.0,12,40.0,38,14.0,22.0,21,18,17,32.0,38,45.0,31.0,29,45.0,17,16.0,16,21,20,11.0,,21,14,17,,22.0,10,17,,19,22.0,17.0,36.0,,,14.0,29.0,42.0,32.0,10.0,19,31,30.0,33.0,12.0,14.0,15.0,19.0,24.0,18.0,20,20,11.0,33.0,17,38.0,8.0,36.0,16.0,18.0,35.0,41,18,59.0,25.0,33.0,16.0,26,47.0,11.0,10.0,23,17,15,19.0,,32.0,16.0,34,21,12.0,56.0,39,17.0,23.0,29,15.0,23.0,33.0,25,1.0,25,30.0,27.0,18.0,15,,23,33.0,21,30,14.0,40.0,24.0,13.0,22,21,28,22.0,23,36.0,10,18,27.0,37,13,7.0,27.0,15,22,25.0,23.0,17.0,55.0,31.0,28.0,10,36.0,12,9,,12.0,18.0,15.0,,,18,21,,21.0,39.0,16.0,59.0,19.0,8,52.0,22,20.0,33.0,40.0,,9,22.0,28,,29.0,50.0,22,34.0,,25.0,30,18,36.0,,17.0,29.0,,21.0,,,14.0,24.0,13.0,25.0,44,15,48.0,22.0,13.0,29,15,11,23,37.0,,16,0,23.0,23.0,17,26.0,39.0,23.0,5,11.0,20.0,,6,27.0,,23.0,36.0,34.0,21.0,28,20.0,8,17.0,16,3,13,26.0,44.0,17.0,18.0,,36.0,,,20.0,45.0,22.0,13,48.0,17.0,32,57.0,,18.0,32.0,21,29.0,,42.0,25,22,9.0,11,21.0,16.0,,55.0,26,45.0,24,27,51.0,15,13.0,30,24.0,41.0,49.0,32,1,25.0,18.0,26,22.0,26,,16,32.0,35.0,,,32.0,24.0,14,16.0,25.0,42.0,,29.0,22.0,31.0,22,13,26.0,9,23,18,11.0,45.0,46.0,,11.0,30.0,32,23.0,43.0,43.0,11,7.0,17.0,31.0,20.0,44.0,26,17.0,27.0,22.0,,20.0,14.0,20.0,17,29.0,17.0,35.0,13.0,41.0,11.0,45.0,21,28.0,18.0,33.0,16.0,18,19,9.0,40.0,19,36.0,2.0,40.0,29,43.0,18.0,36.0,24.0,18,53.0,,53.0,17.0,20.0,31.0,24.0,51.0,2.0,18,22,33.0,26.0,20.0,17.0,40.0,10.0,26.0,51.0,33.0,23.0,39,9,40.0,28,21.0,41.0,42.0,17.0,9,24,29.0,27.0,10.0,30.0,40.0,53.0,,47.0,,7,41.0,6.0,,52.0,30.0,17.0,14,40.0,34.0,29.0,21,18.0,16.0,15.0,33.0,17.0,29.0,25,23.0,52,35.0,27.0,13.0,,54.0,30.0,18.0,41.0,27.0,24.0,,15.0,45.0,42.0,43.0,20.0,,49.0,6.0,,32.0,25,32.0,25.0,19,29.0,43.0,7,32.0,8.0,21.0,18,11,19,35.0,37.0,,37.0,53.0,28.0,8.0,20.0,16.0,19,17.0,19,12.0,49,30,13.0,18,,6.0,18.0,12.0,16,24.0,10.0,11.0,35.0,28.0,22.0,16,,36,,53.0,21.0,12,41.0,15,18,51.0,11.0,18.0,20,12.0,48.0,13,24.0,30.0,50.0,42.0,2.0,30.0,37.0,53.0,14,25.0,31.0,57.0,40.0,33.0,,17.0,18.0,20,11.0,41,35.0,37.0,,27.0,6,28,23.0,15.0,39.0,25.0,26.0,28.0,18.0,32.0,,11,41.0,30.0,21,12,32.0,48.0,35,31.0,21.0,31,28.0,27,28,29,24.0,34.0,,,14.0,52.0,,42.0,50.0,28.0,35.0,15.0,14.0,17.0,56.0,24.0,43.0,37.0,33.0,58.0,,22.0,11.0,55.0,55.0,49.0,26.0,,12.0,25.0,42.0,49.0,22.0,42.0,28.0,28.0,17.0,,9.0,29.0,26.0,15.0,19.0,15.0,34.0,29.0,49.0,36.0,15,17.0,25.0,18.0,37,35.0,43.0,10.0,11.0,3.0,33.0,32.0,21.0,31.0,59.0,36.0,9.0,32.0,11.0,17.0,51.0,50.0,39.0,24.0,0.0,35.0,34.0,41.0,23.0,19.0,47.0,30.0,23.0,17,49.0,31.0,47.0,14,32.0,12.0,54.0,35.0,26.0,24.0,18.0,31.0,20.0,18,25.0,,31.0,17.0,38.0,35.0,14,18,44.0,30.0,13.0,38.0,34.0,,19,26,56.0,21.0,,29.0,,25.0,19.0,16.0,38.0,31.0,15.0,27.0,17.0,27.0,34.0,18.0,30,20.0,,17.0,16.0,35.0,39,54.0,0,,30,33.0,,20.0,36.0,12.0,22.0,30.0,13.0,8.0,34.0,42.0,51.0,28,26.0,46.0,34.0,,,28,26.0,50.0,18.0,55.0,0.0,30.0,20.0,42.0,47.0,35,28,21.0,27.0,36.0,22.0,52.0,11.0,42.0,13.0,17,52.0,48.0,27.0,38.0,29.0,,28.0,24.0,20,23.0,19.0,34.0,23,32,51.0,,,40.0,46.0,24.0,30.0,46.0,25.0,15.0,20.0,23.0,27.0,34.0,44.0,16,,27.0,17.0,,58.0,10,26.0,18.0,26,,20.0,25.0,11.0,32.0,,41.0,29.0,44.0,,29.0,18,55.0,43.0,20.0,,29,29.0,28.0,23.0,22.0,18.0,,26.0,33.0,54.0,16.0,40.0,50.0,40.0,35,21,23.0,,26.0,7.0,44.0,33,19,29.0,24.0,39.0,22.0,23.0,10.0,26.0,16.0,35.0,59.0,30.0,,16.0,44.0,50.0,20,19,24.0,18.0,32.0,52.0,28.0,15,24.0,31.0,11.0,24.0,10.0,40.0,24.0,9.0,22.0,13.0,16.0,,23.0,,28.0,19,14.0,17.0,22,,,29.0,7.0,23.0,,,34.0,8.0,39.0,36.0,18.0,28.0,,,34.0,34.0,14.0,20.0,44.0,34.0,22.0,,15.0,,,28.0,22.0,24.0,24.0,19.0,40.0,21.0,25.0,27.0,44.0,,,57.0,56.0,39.0,20.0,45.0,46.0,,31.0,59.0,29.0,34.0,30.0,44.0,25.0,17.0,23.0,30.0,0.0,44.0,,60.0,48.0,,23,51.0,36.0,31.0,16.0,36.0,54.0,11.0,33.0,24.0,25.0,22.0,34.0,,36.0,27.0,11.0,,34.0,49.0,22.0,0.0,,33.0,45.0,21.0,,9.0,28.0,43.0,22.0,48.0,16.0,42.0,,45.0,50.0,,,,4.0,56.0,,46.0,54.0,46.0,33.0,23,17.0,16.0,35.0,34.0,28.0,16.0,36.0,60.0,39.0,17,23.0,,,23.0,20.0,29.0,24.0,35.0,15.0,12.0,,40.0,18.0,25.0,41.0,58.0,36,37.0,19.0,55.0,46.0,21.0,19.0,47.0,31.0,10.0,53.0,18.0,25.0,14.0,17.0,36.0,20.0,,,30.0,16.0,,14.0,54.0,11.0,35,15,31.0,35.0,36.0,15.0,14.0,25.0,17.0,36.0,,12.0,,54.0,22.0,38.0,32.0,10.0,14.0,,47.0,27.0,25.0,33.0,51.0,43.0,,27.0,21.0,18.0,12.0,5.0,15.0,13.0,,22.0,22.0,36.0,,56.0,39.0,12.0,56.0,55.0,17.0,24.0,,32.0,53.0,34.0,17,45.0,13.0,12.0,50.0,26,,36.0,47.0,27.0,20.0,24.0,,,0,46.0,22.0,33.0,,39.0,28.0,53.0,27,39.0,60.0,41.0,35.0,22,54.0,48.0,48.0,24.0,54.0,13.0,16.0,27.0,24.0,43.0,18.0,,20.0,34.0,42.0,19.0,,48.0,15.0,32.0,,52.0,33.0,22.0,40,40.0,,35.0,27.0,26.0,,49.0,38.0,20.0,,21.0,32.0,26.0,37,21.0,49.0,36.0,,17.0,,34.0,,,43.0,32.0,44.0,31.0,,60.0,28.0,,,28.0,31.0,37.0,29.0,32.0,42.0,24.0,,32.0,59.0,17.0,30.0,26.0,,28.0,21.0,36.0,25.0,0.0,,22.0,22.0,23.0,21.0,11.0,,26.0,30.0,0.0,,,51.0,47.0,28.0,32.0,12.0,,8.0,51.0,21.0,21.0,42.0,17.0,22.0,12.0,34.0,22.0,13.0,49.0,33.0,27.0,41,15.0,,9.0,17.0,35.0,42.0,19.0,27.0,15.0,,0.0,40.0,33.0,32.0,42.0,52.0,43.0,21.0,27.0,23.0,33.0,,2.0,41.0,,53.0,3.0,40.0,47.0,29.0,38.0,33.0,32.0,28.0,16.0,38.0,54.0,,0.0,27.0,56.0,56.0,47.0,,,36.0,24.0,,18.0,36.0,39.0,47.0,14.0,55.0,40.0,15.0,48.0,,,19.0,40.0,53.0,26.0,17.0,55.0,,0.0,26.0,20.0,26.0,10.0,40.0,13.0,21.0,44.0,21.0,35.0,48.0,25.0,56.0,41.0,12.0,,28.0,31.0,18.0,19.0,,60.0,20.0,8.0,22.0,,0.0,55.0,39.0,,32.0,,44.0,29.0,21.0,34.0,38.0,,30.0,,17.0,37.0,46.0,50.0,22.0,24.0,,12.0,20.0,24.0,,27.0,24.0,51.0,37.0,53.0,,39.0,57.0,,23.0,27,,19.0,26.0,27.0,56.0,15.0,0.0,,23.0,35.0,22,16.0,42.0,16.0,30.0,16.0,,59.0,29.0,31,44.0,52.0,,6.0,14.0,55.0,33.0,,28.0,43.0,26.0,20.0,22.0,21.0,,16.0,59.0,23.0,31.0,19.0,29.0,23.0,17.0,,13.0,34.0,24.0,30.0,59.0,,0.0,49.0,56.0,30.0,9.0,26.0,33.0,,0.0,18.0,36.0,,25.0,50.0,35.0,17.0,11.0,,12.0,18.0,,26.0,26.0,37.0,24.0,24.0,31.0,17.0,26.0,,47.0,38.0,37.0,,53.0,4.0,40.0,32.0,25.0,,37.0,,37.0,49.0,16.0,39.0,21.0,20.0,,,50.0,17.0,24.0,35.0,22.0,9.0,,42.0,20.0,21.0,31.0,11.0,33.0,,25.0,17.0,28.0,,29.0,49.0,24.0,39.0,16.0,44.0,,23.0,47.0,49.0,26,,47.0,,55.0,55.0,45.0,22.0,50.0,27.0,33.0,,17.0,24.0,2.0,29.0,45.0,22.0,46.0,18.0,38.0,25.0,20.0,,34.0,38.0,24.0,33.0,,27.0,44.0,11.0,33.0,27.0,24.0,42.0,,31.0,34.0,,43.0,2.0,42.0,15.0,,49.0,57.0,46.0,38.0,32.0,0.0,40.0,21.0,48.0,,42.0,45.0,28.0,40.0,32.0,,34.0,33.0,2.0,57.0,23.0,26.0,27.0,,,17.0,42.0,,9.0,34.0,47.0,25.0,30.0,,27.0,22,36.0,48.0,49,17.0,,25.0,23.0,22.0,12.0,19.0,33.0,26.0,,,45.0,29.0,21.0,48.0,,,30.0,,,32.0,27.0,,20.0,59.0,17.0,38.0,,47.0,19.0,50.0,6.0,,53.0,27.0,48.0,31.0,10.0,33.0,21.0,20.0,9.0,36.0,49.0,,31.0,11.0,31.0,49.0,,39.0,,21.0,,32.0,21.0,23.0,,53.0,35.0,29.0,22.0,22.0,15.0,49.0,,22.0,,15.0,27.0,21.0,30.0,17.0,,27.0,33.0,13.0,21.0,,49.0,31.0,,21.0,28.0,22.0,15.0,22.0,7.0,39.0,60.0,20.0,17.0,52.0,11.0,,48.0,32.0,14.0,,17.0,39.0,30.0,,,22.0,40.0,20.0,15.0,37.0,35.0,31.0,26.0,30.0,25.0,60.0,11.0,,18.0,28.0,37.0,30.0,31.0,33.0,48.0,21.0,50.0,39.0,24.0,21.0,54.0,0.0,31.0,26.0,16.0,,47.0,,45.0,17.0,22.0,17.0,14.0,,42.0,,44.0,17.0,20.0,,19.0,,27.0,19.0,26.0,20.0,25.0,19.0,57.0,,34.0,40.0,,,10.0,29.0,31.0,35.0,25.0,19.0,,24.0,16.0,,48.0,13.0,33.0,33.0,7.0,24.0,,,35.0,33.0,27.0,0.0,18.0,23.0,,25.0,8.0,13.0,13.0,35.0,23.0,38.0,44.0,56.0,39.0,27.0,21.0,32.0,53.0,41.0,,12.0,26.0,41.0,,,17.0,43.0,31.0,30.0,26.0,,23.0,,32.0,38.0,,,37.0,34.0,33.0,58.0,34.0,30.0,53.0,40.0,,46.0,,,5.0,25.0,,,11.0,50.0,23.0,48.0,44.0,27.0,47.0,48.0,,52.0,31.0,20.0,58.0,18.0,,15.0,30.0,25.0,47.0,37.0,23.0,44.0,0.0,14.0,16.0,17.0,47.0,,28.0,52.0,15.0,,26.0,,20.0,48.0,37.0,8.0,30.0,34.0,18.0,19.0,,,56.0,37.0,47.0,28.0,,31.0,29.0,20.0,57.0,43.0,17.0,,23.0,26.0,21.0,51.0,57.0,,,29.0,35.0,22.0,16.0,,,,43.0,,44.0,45.0,42.0,33.0,37.0,,56.0,13.0,24.0,19.0,39.0,56.0,40.0,57.0,24.0,6.0,48.0,32.0,28.0,49.0,30.0,,,,37.0,,27.0,41.0,28.0,34.0,,37.0,23.0,22.0,10.0,60.0,7.0,13.0,16.0,25.0,18.0,40.0,15.0,22.0,30.0,39.0,,11.0,,22.0,44.0,27.0,19.0,16.0,38.0,,,27.0,25.0,25.0,34.0,53.0,,,51.0,13.0,27.0,22.0,49.0,24.0,58.0,16.0,,8.0,13.0,16.0,,53.0,20.0,25.0,35.0,32.0,13.0,37.0,,30.0,17.0,17.0,32.0,8.0,22.0,,12.0,19.0,29.0,,45.0,20.0,39.0,39.0,,43.0,,,59.0,,39.0,52.0,0.0,,28.0,47.0,34.0,10.0,57.0,6.0,32.0,47.0,14.0,,49.0,34.0,39.0,,53.0,51.0,32.0,49.0,33.0,15.0,27.0,,15.0,31.0,55.0,37.0,10.0,55.0,,17.0,,23.0,29.0,18.0,53.0,32.0,7.0,53.0,22.0,40.0,40.0,24.0,15.0,,60.0,24.0,34.0,,47.0,42.0,42.0,33.0,12.0,29.0,,37.0,,41.0,41.0,58.0,58.0,14.0,33.0,36.0,46.0,27.0,0.0,54.0,57.0,54.0,45.0,56.0,51.0,44.0,,,20.0,33.0,,27.0,28.0,22.0,30.0,14.0,36.0,,15.0,,,,18.0,52.0,17.0,30.0,,18.0,36.0,54.0,34.0,40.0,8.0,14.0,,59.0,51.0,49.0,56.0,28.0,24.0,45.0,34.0,35.0,,0.0,39.0,12.0,18.0,20.0,24.0,47.0,29.0,54.0,36.0,30.0,32.0,36.0,12.0,0.0,,41.0,15.0,,25.0,,38.0,,41.0,,21.0,17.0,15.0,29.0,,19.0,,15.0,,45.0,30.0,21.0,,42.0,,45.0,,29.0,,,,41.0,20.0,45.0,,24.0,22.0,58.0,38.0,,36.0,24.0,39.0,46.0,26.0,37.0,18.0,31.0,53.0,51.0,25.0,,13.0,18.0,29.0,13.0,44.0,21.0,14.0,29.0,,26.0,29.0,,,36.0,33.0,16.0,28.0,23.0,9.0,44.0,40.0,45.0,29.0,,43.0,17.0,,23.0,,18.0,,28.0,34.0,24.0,43.0,,,50.0,28.0,26.0,45.0,,31.0,21.0,32.0,59.0,,,16.0,21.0,16.0,,,26.0,29.0,38.0,17.0,,44.0,57.0,47.0,41.0,26.0,,38.0,,36.0,48.0,,,38.0,,35.0,22.0,15.0,43.0,52.0,20.0,,41.0,51.0,45.0,27.0,12.0,,42.0,25.0,0.0,,52.0,34.0,,21.0,44.0,47.0,42.0,,,27.0,27.0,29.0,17.0,44.0,,39.0,11.0,24.0,18.0,29.0,59.0,25.0,,4.0,30.0,,34.0,16.0,45.0,41.0,51.0,46.0,31.0,29.0,26.0,39.0,56.0,36.0,,9.0,,25.0,25.0,60.0,27.0,39.0,39.0,,60.0,22.0,46.0,,41.0,,45.0,,,31.0,19.0,12.0,34.0,24.0,14.0,50.0,,15.0,29.0,8.0,19.0,51.0,44.0,12.0,20.0,54.0,,24.0,31.0,51.0,19.0,29.0,35.0,34.0,39.0,16.0,,10.0,19.0,28.0,46.0,28.0,,26.0,23.0,35.0,,37.0,39.0,1.0,41.0,,27.0,,45.0,39.0,28.0,36.0,37.0,,36.0,26.0,16.0,19.0,50.0,37.0,,13.0,,20.0,29.0,28.0,,40.0,8.0,25.0,20.0,24.0,39.0,22.0,37.0,17.0,,41.0,,48.0,44.0,60.0,0.0,,17.0,20.0,16.0,,20.0,59.0,,43.0,23.0,17.0,45.0,,22.0,29.0,41.0,52.0,42.0,19.0,,55.0,27.0,20.0,,26.0,,9.0,58.0,,,42.0,,19.0,22.0,,37.0,12.0,42.0,,34.0,43.0,23.0,23.0,53.0,35.0,,,20.0,58.0,52.0,19.0,55.0,47.0,59.0,,34.0,24.0,20.0,,,10.0,42.0,17.0,,3.0,42.0,41.0,31.0,20.0,24.0,14.0,19.0,45.0,35.0,35.0,,28.0,,13.0,22.0,17.0,35.0,22.0,,48.0,,44.0,48.0,,,52.0,11.0,57.0,15.0,54.0,,33.0,35.0,,,44.0,30.0,30.0,44.0,,36.0,,46.0,58.0,19.0,37.0,,42.0,21.0,14.0,,,35.0,,53.0,,39.0,26.0,34.0,,51.0,37.0,39.0,58.0,,16.0,43.0,,24.0,,35.0,13.0,58.0,,39.0,37.0,9.0,,16.0,25.0,,,45.0,58.0,30.0,24.0,26.0,26.0,16.0,36.0,22.0,27.0,57.0,50.0,,9.0,24.0,60.0,,31.0,,26.0,14.0,,51.0,31.0,,24.0,57.0,54.0,41.0,,,0.0,26.0,30.0,,46.0,48.0,34.0,37.0,42.0,19.0,20.0,13.0,23.0,12.0,24.0,35.0,38.0,25.0,26.0,48.0,35.0,24.0,30.0,24.0,55.0,,33.0,52.0,26.0,25.0,49.0,46.0,,,46.0,13.0,43.0,,24.0,,,54.0,,19.0,58.0,29.0,22.0,13.0,26.0,28.0,27.0,41.0,22.0,32.0,26.0,,,35.0,9.0,,41.0,24.0,,,26.0,46.0,49.0,47.0,34.0,52.0,,43.0,52.0,47.0,,22.0,,,51.0,,140,3,2.390604026845637,18.15684029765312,-0.33157676713422035
1,2,4,3,4,3,2,3,1,9,3,11,5,5,5,6,0,3,18,37,5,16,6,6,3,13,9,5,8,4,7,10,9,8,6,4,12,10,12,11,13,11.0,7,6,9,9,23,10,8,14,7,15,10,9,13,7,10,13,7,7,11,23,13,11,13.0,8,18,3,13,7,13,20,15,11,4,16,12,12,16,9,19,10,12,9,14,12,11,9,25,3,15,18,16,7,4,18,19,4,8,12,14,18,6,10,2,13,15,14,5,10,12,49.0,13,18,6.0,9,19,13,10,16,14,9,7,14,8,8,13,28.0,6,16,22,10,18.0,5,27,29.0,12,10,20,16,15,22,17,17,17.0,22.0,6,12.0,20,12,7,20,21.0,12,22,8,0,39.0,6,15,20,14,10,2,15,21.0,11,22,21,21,6,38.0,13,38,9,23,21,8.0,16,12.0,14,18,12,2,21,47.0,13.0,6,20,46.0,19.0,13,7,4,21,25,10,17,11.0,21,7,,3,13,13,8,32.0,16,12,6,11,17.0,22,17,17,17,13,8,10,25.0,19.0,11,24,10,31.0,14,17,16,35.0,20,5.0,32.0,16,12,,21,31,15,10.0,11.0,7,15,13,13,19,20.0,14,19,26,9,17,25,18.0,36.0,0,15.0,28.0,39.0,23.0,22,21.0,7,34,17,4.0,20.0,19.0,39.0,29.0,20,40.0,39.0,4.0,17,26,17.0,14,20,8,43.0,33.0,23.0,15,20.0,0,10,16.0,13.0,11,22.0,54.0,7,24,10.0,25,38.0,20.0,12.0,13,30,3.0,18,20,29,13,9,15,11,29,13,21,31,15,,18.0,32,25,16,32.0,40.0,10,29,17,17.0,10,,17,11,29,12,7,21.0,13,14.0,22,20,44.0,19,21,17,8.0,,9,26.0,18.0,21.0,25.0,7.0,21,13.0,13,21,18,19.0,22,12.0,28.0,17,9.0,9.0,48.0,9,59.0,14,17,18,14,26,11,6,11.0,13,28.0,16,0,11,22.0,15,16.0,34,38.0,16,,20,18,9.0,29,30.0,21,27.0,9.0,17,14,,19.0,8.0,33.0,,26,10.0,11.0,25,19.0,31,22,9.0,54.0,41,51.0,19,16.0,45.0,10,10,7,18.0,9,25.0,24.0,13,,13,27.0,16,23,20,13.0,30.0,30,26,18,,28.0,6,17,18.0,31,29.0,21.0,23.0,39.0,28.0,39.0,14.0,6.0,,27.0,6,15,14.0,35.0,11.0,11.0,36.0,15.0,12.0,18.0,23,18,22.0,26.0,13,27.0,13.0,31.0,13.0,12.0,27.0,11,17,30.0,21.0,26.0,28.0,26,47.0,24.0,0.0,34,21,17,27.0,,38.0,20.0,23,20,19.0,21.0,22,,25.0,26,22.0,24.0,49.0,19,16.0,7,3.0,20.0,30.0,0,24.0,19,,12,42,24.0,19.0,11.0,8.0,11,23,30,9.0,22,25.0,18,38,28.0,16,21,11.0,25.0,4,8,17.0,22.0,35.0,10.0,24.0,28.0,14,18.0,17,16,,50.0,31.0,,41.0,,20,28,15.0,4.0,38.0,24.0,31.0,57.0,4,12.0,25,28.0,20.0,,51.0,19,23.0,20,43.0,15.0,33.0,21,13.0,21.0,28.0,21,5,14.0,23.0,32.0,15.0,,24.0,57.0,18.0,36.0,40.0,,19.0,22,15,,,20.0,11,20,14,20,26.0,56.0,15,14,26.0,,9,18.0,16.0,32.0,12,58.0,,41.0,4,20.0,38.0,47.0,43.0,16.0,28.0,24,18.0,19,39.0,17,15,16,22.0,24.0,21.0,42.0,38.0,31.0,21.0,27.0,11.0,22.0,22.0,16,,39.0,25,1.0,,7.0,9.0,14,20.0,17.0,12.0,22,23,11.0,18,16.0,12.0,9.0,16.0,10,26.0,23,9,30.0,22,38.0,0,15.0,7.0,24.0,25,10,32.0,,16,39.0,16,7.0,18,61.0,40.0,,22.0,19.0,12.0,19,12.0,29.0,,35.0,34.0,18.0,12.0,18,17,44.0,20,26,3,38.0,,23.0,32.0,9.0,5.0,0,30.0,23.0,50.0,25,47.0,6.0,26.0,18.0,51.0,17,48.0,12.0,1.0,35.0,20.0,27.0,27.0,26,47.0,20.0,,27.0,15.0,22.0,24.0,24,25.0,43.0,28.0,47.0,13,10,4.0,39.0,25,35.0,19.0,0.0,3,20.0,,36.0,12.0,9,35.0,54.0,16.0,27.0,45.0,13.0,24.0,32.0,48.0,12,24,13.0,17.0,21.0,19.0,6.0,15.0,39.0,48.0,15.0,48.0,19,36,21.0,28,34.0,38.0,13.0,17.0,23,27,26.0,28.0,19.0,21.0,41.0,53.0,,22.0,15.0,39,15.0,24.0,,34.0,41.0,51.0,17,34.0,13.0,11.0,24,11.0,25.0,45.0,10.0,12.0,21.0,21,,33,25.0,16.0,14.0,42.0,23.0,34.0,,40.0,22.0,38.0,,36.0,34.0,52.0,40.0,43.0,15.0,32.0,16.0,23.0,23.0,22,31.0,42.0,13,30.0,33.0,7,,,52.0,21,28,12,33.0,24.0,,26.0,50.0,21.0,19.0,19.0,35.0,32,12.0,21,18.0,8,28,22.0,11,40.0,38.0,24.0,26.0,9,15.0,11.0,9.0,19.0,38.0,,7,47.0,15,40.0,7.0,15.0,29,21.0,16,13,32.0,36.0,,27,21.0,40.0,34,32.0,7.0,37.0,12.0,41.0,11.0,,12.0,20,23.0,27.0,22.0,10.0,22.0,55.0,,9.0,26,,25,10.0,19.0,24.0,,4,13,16.0,6.0,25.0,24.0,,27.0,18.0,12.0,49.0,21,43.0,39.0,23,24,33.0,,19,35.0,44.0,11,21.0,30,19,29,25.0,38.0,23.0,18.0,,17.0,35.0,,44.0,38.0,31.0,31.0,38.0,20.0,26.0,,17.0,28.0,31.0,31.0,,9.0,13.0,22.0,20.0,13.0,16.0,25.0,38.0,38.0,34.0,18.0,24.0,41.0,,30.0,26.0,16.0,,28.0,17.0,38.0,20.0,24.0,39.0,10.0,,30.0,22,13.0,31.0,32.0,17,20.0,,25.0,23.0,,20.0,17.0,30.0,,45.0,41.0,,52.0,10.0,19.0,,42.0,39.0,15.0,,43.0,48.0,,16.0,11.0,21.0,17.0,37.0,20,27.0,21.0,,20,20.0,11.0,23.0,24.0,45.0,24.0,16.0,,17.0,10,24.0,10.0,41.0,14.0,15.0,25.0,21,17,36.0,6.0,41.0,,52.0,8.0,19,8,0.0,44.0,,9.0,11.0,24.0,27.0,13.0,33.0,,7.0,10.0,10.0,20.0,32.0,23.0,15,13.0,49.0,33.0,19.0,38.0,15,18.0,28,,25,21.0,19.0,21.0,45.0,12.0,37.0,20.0,51.0,,25.0,33.0,23.0,15,11.0,24.0,42.0,35.0,,16,25.0,28.0,21.0,2.0,19.0,17.0,39.0,24.0,38.0,24,23,,,32.0,25.0,19.0,45.0,43.0,10.0,25,33.0,57.0,18.0,23.0,21.0,18.0,30.0,11.0,25,32.0,23.0,48.0,11,3,14.0,29.0,9.0,30.0,48.0,33.0,14.0,,16.0,33.0,58.0,17.0,20.0,59.0,46.0,13,24.0,,19.0,28.0,,9,38.0,19.0,5,50.0,26.0,,54.0,,27.0,39.0,15.0,26.0,41.0,44.0,30,19.0,22.0,49.0,6.0,28,27.0,32.0,22.0,21.0,15.0,20.0,22.0,30.0,10.0,35.0,30.0,14.0,24.0,37,22,54.0,11.0,49.0,19.0,,20,19,31.0,13.0,26.0,15.0,45.0,26.0,19.0,6.0,16.0,10.0,27.0,39.0,14.0,43.0,25.0,15,20,21.0,0.0,33.0,15.0,21.0,29,14.0,8.0,28.0,41.0,44.0,22.0,31.0,45.0,57.0,,10.0,38.0,45.0,30.0,,9,19.0,15.0,18,27.0,35.0,13.0,15.0,28.0,27.0,,,36.0,,60.0,15.0,26.0,18.0,14.0,46.0,50.0,37.0,18.0,,8.0,17.0,,21.0,56.0,0.0,20.0,39.0,20.0,23.0,14.0,40.0,15.0,27.0,41.0,7.0,18.0,34.0,,2.0,0.0,,18.0,57.0,31.0,33.0,26.0,,6.0,30.0,37.0,28.0,33.0,29.0,34.0,46.0,,,7.0,14.0,35.0,27,46.0,21.0,29.0,25.0,,,21.0,22.0,12.0,47.0,12.0,0.0,40.0,25.0,45.0,30.0,38.0,23.0,,27.0,33.0,30.0,14.0,25.0,36.0,53.0,17.0,14.0,45.0,,36.0,52.0,17.0,51.0,29.0,10.0,,24.0,,27.0,11.0,25.0,45.0,26.0,19.0,18.0,21,26.0,49.0,34.0,23.0,28.0,,13.0,,50.0,22,20.0,,27.0,31.0,60.0,30.0,10.0,31.0,19.0,26.0,35.0,,56.0,40.0,10.0,28.0,22,21.0,21.0,16.0,22.0,,,31.0,22.0,15.0,,12.0,8.0,3.0,,5.0,32.0,14.0,16.0,20.0,46.0,54.0,7.0,45.0,15.0,21,9,32.0,45.0,29.0,17.0,16.0,28.0,17.0,21.0,42.0,23.0,54.0,47.0,,18.0,,24.0,,9.0,39.0,30.0,19.0,,11.0,13.0,37.0,38.0,39.0,35.0,9.0,17.0,23.0,56.0,11.0,57.0,39.0,60.0,30.0,19.0,16.0,11.0,7.0,,27.0,31.0,17.0,21.0,27.0,47.0,10,33.0,19.0,11.0,26.0,22,38.0,23.0,40.0,28.0,21.0,51.0,26.0,,0,34.0,61.0,45.0,24.0,,5.0,13.0,20,29.0,17.0,37.0,19.0,20,33.0,26.0,,21.0,,18.0,,36.0,14.0,13.0,17.0,,22.0,15.0,47.0,15.0,51.0,40.0,36.0,38.0,38.0,48.0,,46.0,20,,29.0,14.0,,33.0,9.0,37.0,20.0,23.0,39.0,32.0,45.0,26.0,19,20.0,29.0,24.0,31.0,36.0,,27.0,58.0,14.0,4.0,43.0,40.0,35.0,57.0,44.0,,20.0,,29.0,18.0,,,,45.0,52.0,20.0,25.0,48.0,51.0,24.0,32.0,15.0,21.0,27.0,51.0,,12.0,,,37.0,5.0,18.0,6.0,55.0,,29.0,35.0,,37.0,10.0,,20.0,19.0,,50.0,40.0,41.0,,,,31.0,16.0,13.0,47.0,43.0,22.0,24.0,,25.0,20,8.0,20.0,13.0,44.0,,53.0,33.0,33.0,23.0,31.0,23.0,31.0,,,29.0,52.0,24.0,15.0,30.0,29.0,51.0,24.0,12.0,33.0,41.0,20.0,52.0,23.0,13.0,,19.0,31.0,25.0,,8.0,52.0,44.0,28.0,31.0,,,14.0,,12.0,8.0,20.0,,52.0,34.0,52.0,,,38.0,57.0,,24.0,26.0,37.0,15.0,9.0,22.0,,44.0,,44.0,41.0,10.0,14.0,23.0,40.0,53.0,22.0,25.0,18.0,8.0,13.0,33.0,,36.0,15.0,36.0,19.0,41.0,,,13.0,14.0,30.0,,14.0,14.0,25.0,11.0,,20.0,17.0,29.0,50.0,55.0,11.0,28.0,35.0,,37.0,19.0,52.0,45.0,46.0,,32.0,7.0,11.0,43.0,,20.0,51.0,,41.0,11.0,51.0,33.0,29.0,51.0,18.0,1.0,58.0,26.0,,18,33.0,22.0,,34.0,39.0,21.0,8.0,50.0,28.0,24.0,26,26.0,,24.0,50.0,,33.0,43.0,18.0,20,57.0,6.0,23.0,34.0,50.0,21.0,26.0,49.0,30.0,40.0,55.0,12.0,24.0,49.0,40.0,32.0,55.0,0.0,44.0,,29.0,20.0,56.0,45.0,,11.0,31.0,22.0,13.0,23.0,15.0,35.0,2.0,,51.0,46.0,11.0,31.0,,18.0,20.0,48.0,38.0,14.0,41.0,41.0,0.0,46.0,,23.0,17.0,48.0,,37.0,13.0,37.0,,,26.0,30.0,29.0,58.0,34.0,13.0,26.0,,31.0,23.0,14.0,29.0,31.0,38.0,,27.0,,12.0,26.0,59.0,19.0,3.0,19.0,,12.0,,54.0,24.0,,,39.0,13.0,21.0,,,31.0,18.0,46.0,42.0,21.0,27.0,21.0,58.0,9.0,47.0,51.0,,,41.0,52.0,14,37.0,,59.0,,,37.0,16.0,42.0,,,,34.0,28.0,27.0,10.0,32.0,22.0,32.0,17.0,43.0,22.0,26.0,10.0,17.0,,37.0,61.0,41.0,37.0,24.0,0.0,,,12.0,53.0,29.0,44.0,19.0,10.0,22.0,,19.0,18.0,52.0,,,3.0,14.0,,38.0,39.0,29.0,12.0,,,4.0,52.0,32.0,15.0,40.0,61.0,21.0,26.0,12.0,28.0,,,45.0,42.0,11.0,44.0,16.0,18.0,34.0,19.0,33.0,28.0,32.0,48.0,24,43.0,6.0,11,51.0,20.0,36.0,20.0,44.0,10.0,,57.0,17.0,28.0,,17.0,,23.0,52.0,21.0,36.0,17.0,35.0,45.0,26.0,23.0,30.0,13.0,26.0,41.0,14.0,25.0,25.0,17.0,23.0,27.0,32.0,37.0,,0.0,50.0,28.0,,,12.0,28.0,,45.0,21.0,18.0,35.0,26.0,6.0,17.0,,30.0,60.0,50.0,20.0,,23.0,46.0,22.0,6.0,32.0,,41.0,14.0,18.0,22.0,54.0,16.0,32.0,54.0,,53.0,39.0,,29.0,,,22.0,28.0,23.0,23.0,10.0,,32.0,22.0,33.0,12.0,,19.0,11.0,,27.0,,31.0,50.0,33.0,,39.0,26.0,22.0,30.0,40.0,10.0,1.0,52.0,21.0,,23.0,41.0,10.0,19.0,,44.0,30.0,47.0,42.0,56.0,26.0,42.0,20.0,29.0,25.0,37.0,,22.0,21.0,54.0,,23.0,19.0,,14.0,8.0,8.0,,,,24.0,13.0,9.0,,19.0,33.0,22.0,29.0,36.0,20.0,,15.0,29.0,50.0,42.0,24.0,32.0,49.0,6.0,30.0,,40.0,,26.0,,,25.0,49.0,35.0,,3.0,,17.0,43.0,43.0,,46.0,26.0,20.0,20.0,10.0,38.0,60.0,11.0,36.0,21.0,36.0,,37.0,22.0,53.0,,36.0,,44.0,24.0,20.0,27.0,40.0,43.0,49.0,12.0,27.0,38.0,48.0,13.0,39.0,55.0,,17.0,23.0,29.0,43.0,14.0,12.0,42.0,37.0,,40.0,35.0,,24.0,38.0,23.0,,,18.0,26.0,36.0,57.0,44.0,0.0,,30.0,32.0,41.0,54.0,19.0,44.0,,,,,47.0,42.0,21.0,32.0,23.0,44.0,16.0,,27.0,9.0,13.0,53.0,25.0,35.0,48.0,,14.0,31.0,16.0,27.0,,28.0,10.0,47.0,22.0,22.0,39.0,,4.0,32.0,52.0,,2.0,26.0,27.0,,50.0,59.0,32.0,,51.0,44.0,40.0,13.0,24.0,,23.0,2.0,13.0,,,34.0,5.0,37.0,,23.0,10.0,18.0,18.0,41.0,30.0,25.0,20.0,20.0,30.0,35.0,,36.0,20.0,11.0,29.0,25.0,28.0,36.0,,,35.0,23.0,44.0,,37.0,16.0,40.0,31.0,21.0,8.0,33.0,10.0,,23.0,52.0,12.0,20.0,61.0,44.0,25.0,,,43.0,49.0,,19.0,29.0,10.0,34.0,61.0,29.0,,27.0,10.0,23.0,17.0,47.0,,50.0,47.0,16.0,29.0,43.0,15.0,,0.0,36.0,21.0,35.0,27.0,,23.0,31.0,21.0,10.0,,,,42.0,52.0,10.0,34.0,45.0,40.0,20.0,29.0,6.0,12.0,49.0,58.0,35.0,32.0,18.0,27.0,24.0,30.0,,24.0,,26.0,7.0,59.0,5.0,28.0,51.0,48.0,,10.0,44.0,54.0,37.0,,43.0,57.0,40.0,,45.0,52.0,28.0,,60.0,49.0,43.0,30.0,41.0,33.0,11.0,16.0,,49.0,18.0,17.0,34.0,34.0,25.0,19.0,6.0,25.0,55.0,27.0,49.0,46.0,50.0,,45.0,28.0,24.0,,26.0,41.0,,2.0,4.0,,31.0,58.0,24.0,58.0,15.0,8.0,58.0,56.0,9.0,39.0,,61.0,,18.0,56.0,19.0,17.0,,14.0,52.0,,17.0,,40.0,12.0,,15.0,18.0,17.0,40.0,48.0,52.0,,31.0,26.0,,49.0,,18.0,40.0,21.0,38.0,47.0,12.0,,56.0,,38.0,17.0,10.0,,,20.0,41.0,48.0,36.0,12.0,28.0,21.0,33.0,45.0,46.0,34.0,,36.0,27.0,,49.0,50.0,25.0,55.0,58.0,11.0,17.0,17.0,26.0,,37.0,16.0,38.0,28.0,5.0,,9.0,8.0,15.0,52.0,,34.0,18.0,19.0,29.0,51.0,,19.0,,21.0,47.0,33.0,26.0,43.0,18.0,27.0,,,,0.0,33.0,9.0,,42.0,27.0,,,60.0,28.0,18.0,,12.0,43.0,12.0,,47.0,58.0,14.0,,37.0,17.0,,11.0,,,37.0,28.0,,45.0,17.0,,50.0,40.0,0.0,22.0,,24.0,51.0,16.0,44.0,,,38.0,10.0,36.0,,23.0,22.0,35.0,34.0,48.0,17.0,47.0,26.0,56.0,42.0,36.0,38.0,,10.0,29.0,44.0,29.0,46.0,50.0,60.0,20.0,,,,,,14.0,23.0,27.0,13.0,42.0,29.0,,,48.0,45.0,36.0,24.0,,23.0,55.0,52.0,47.0,,39.0,0.0,30.0,11.0,11.0,43.0,29.0,25.0,11.0,51.0,28.0,33.0,32.0,23.0,,43.0,38.0,27.0,32.0,35.0,33.0,9.0,,,34.0,18.0,,20.0,40.0,58.0,45.0,14.0,22.0,21.0,37.0,51.0,46.0,7.0,53.0,32.0,27.0,52.0,17.0,46.0,4.0,33.0,32.0,,61.0,,29.0,57.0,32.0,23.0,,,45.0,48.0,43.0,33.0,18.0,,13.0,15.0,17.0,10.0,31.0,24.0,21.0,,24.0,55.0,7.0,48.0,,,,31.0,39.0,12.0,,0.0,,33.0,30.0,6.0,41.0,45.0,,,23.0,23.0,,40.0,,23.0,2.0,,14.0,56.0,59.0,51.0,36.0,6.0,48.0,46.0,61.0,14.0,,27.0,42.0,,23.0,,30.0,55.0,,34.0,45.0,31.0,20.0,23.0,33.0,36.0,,,17.0,19.0,21.0,38.0,31.0,,15.0,21.0,12.0,18.0,17.0,34.0,40.0,47.0,60.0,43.0,31.0,,,,17.0,35.0,33.0,7.0,,56.0,23.0,26.0,,,27.0,0.0,25.0,33.0,,38.0,0.0,3.0,,11.0,22.0,,,,,51.0,39.0,38.0,11.0,60.0,37.0,30.0,,20.0,,24.0,24.0,,,44.0,21.0,,24.0,,26.0,22.0,53.0,41.0,20.0,36.0,8.0,53.0,23.0,18.0,19.0,45.0,50.0,21.0,9.0,19.0,36.0,,,53.0,61.0,25.0,19.0,43.0,24.0,11.0,51.0,27.0,,29.0,42.0,16.0,21.0,9.0,19.0,55.0,30.0,,49.0,,25.0,,17.0,9.0,2.0,25.0,9.0,36.0,17.0,26.0,,,,27.0,32.0,21.0,39.0,16.0,43.0,43.0,17.0,30.0,32.0,,57.0,9.0,19.0,40.0,26.0,11.0,53.0,46.0,13.0,43.0,3.0,,39.0,,19.0,13.0,,,20.0,,,30.0,,,,,,23.0,25.0,51.0,60.0,43.0,53.0,24.0,,30.0,27.0,44.0,,16.0,17.0,26.0,30.0,24.0,39.0,18.0,,36.0,20.0,0.0,,41.0,35.0,15.0,47.0,,16.0,31.0,,27.0,49.0,,42.0,53.0,25.0,19.0,,41.0,14.0,,48.0,25.0,16.0,,31.0,,18.0,,22.0,11.0,25.0,33.0,27.0,1.0,54.0,37.0,40.0,35.0,,36.0,,55.0,22.0,43.0,27.0,20.0,18.0,20.0,33.0,,,30.0,26.0,,41.0,23.0,7.0,12.0,13.0,,19.0,,,0.0,22.0,18.0,16.0,34.0,,28.0,20.0,17.0,19.0,37.0,30.0,27.0,,4.0,,41.0,58.0,,,,,33.0,,28.0,,,27.0,44.0,44.0,,,35.0,,24.0,30.0,22.0,38.0,34.0,,4.0,23.0,24.0,,33.0,50.0,39.0,34.0,19.0,24.0,,58.0,,,19.0,20.0,,,,13.0,,52.0,43.0,27.0,,34.0,29.0,,,141,3,2.4010767160161506,18.434407364787113,-0.33251159773058536
6,3,6,9,7,7,8,8,6,9,11,11,9,8,11,10,8,7,28,17,9,16,17,14,9,19,12,13,10,10,13,8,7,5,10,6,12,9,11,7,13,14.0,14,20,10,18,20,7,13,18,14,15,10,11,21,16,17,9,11,14,11,9,17,16,,13,19,7,13,12,19,11,14,2,13,16,8,20,15,11,16,18,12,15,13,14,16,16,22,12,14,11,38,15,10,8,11,22,12,18,13,15,17,9,9,14,10,16,16,10,12,17.0,10,28,12.0,14,23,16,15,38,15,13,14,15,12,31,14,37.0,13,13,25,15,20.0,10,25,25.0,10,19,12,18,16,18,7,27,24.0,20.0,12,31.0,12,11,9,11,40.0,11,19,6,19,27.0,18,19,24,15,17,26,16,24.0,21,18,17,17,12,12.0,11,34,16,19,19,15.0,16,24.0,0,16,12,13,14,21.0,15.0,8,21,30.0,39.0,18,11,15,11,23,8,10,16.0,23,18,10.0,17,11,34,20,17.0,16,17,5,13,15.0,14,21,32,21,9,41,13,24.0,16.0,15,23,27,12.0,13,23,8,41.0,14,14.0,46.0,14,17,23.0,9,24,13,25.0,22.0,16,25,16,7,22,13.0,35,15,16,10,24,21,31.0,41.0,13,14.0,36.0,23.0,61.0,21,18.0,21,12,17,16.0,14.0,13.0,4.0,25.0,19,26.0,52.0,49.0,14,29,28.0,13,27,17,31.0,52.0,8.0,23,43.0,33,16,12.0,16.0,6,42.0,39.0,14,30,28.0,14,16.0,25.0,18.0,30,9,29.0,17,16,24,22,17,17,0,22,14,16,14,17,27.0,35.0,7,18,19,21.0,20.0,12,19,16,12.0,23,41.0,22,12,23,4,33,17.0,12,32.0,1,32,17.0,13,17,24,62.0,,14,23.0,23.0,13.0,37.0,56.0,11,41.0,12,25,24,14.0,26,36.0,31.0,23,,10.0,26.0,40,42.0,9,35,29,17,12,33,33,14.0,12,44.0,17,7,16,30.0,16,23.0,16,40.0,11,26.0,20,17,30.0,28,16.0,25,26.0,13.0,21,42,0.0,23.0,53.0,18.0,25.0,26,14.0,14.0,29,18.0,16,24,23.0,,28,33.0,16,48.0,42.0,11,10,16,,13,43.0,44.0,15,39.0,32,31.0,24,12,16,44.0,24.0,20,23,30,,23.0,13,15,48.0,22,14.0,,56.0,20.0,,53.0,34.0,48.0,,32.0,16,21,32.0,33.0,16.0,26.0,13.0,,,16.0,11,16,30.0,16.0,20,29.0,10.0,23.0,11.0,16.0,31.0,36,20,31.0,20.0,13.0,16.0,36,25.0,24.0,25.0,41,25,19,40.0,20.0,20.0,40.0,9,23,15.0,,11,13.0,30.0,34,52.0,33.0,61.0,21,13.0,28,22.0,32.0,24.0,22,23.0,22,33.0,26,19,25.0,54.0,,25.0,25,32,13,27.0,52,26.0,29,25,22.0,15,20,12.0,19.0,21,18,25.0,34.0,31.0,41.0,24.0,19.0,28,47.0,19,10,57.0,13.0,36.0,0.0,10.0,24.0,18,6,17.0,,14.0,41.0,,25.0,31,51.0,31,24.0,,23.0,62.0,28,21.0,18,46.0,12.0,26.0,24,13.0,51.0,,6,14,,36.0,28.0,15.0,23.0,20.0,24.0,14.0,32.0,9.0,14.0,34.0,33,23,52.0,,51.0,22,24,10,17,34.0,31.0,20,22,45.0,32.0,17,10.0,24.0,10.0,23,,,24.0,10,16.0,,20.0,25.0,38.0,0.0,21,23.0,17,15.0,14,21,19,41.0,42.0,31.0,25.0,,50.0,7.0,,11.0,52.0,24.0,19,33.0,0.0,28,13.0,16.0,27.0,50.0,17,19.0,52.0,55.0,27,10,36.0,34,25.0,16.0,60.0,37.0,28,26.0,27,12,15.0,23,38.0,48,19.0,,36.0,30,16,,,29,17.0,12,22.0,16,34.0,33.0,,,45.0,27.0,22,53.0,21.0,,12.0,51.0,,38.0,18,12,33.0,22,31,12,41.0,40.0,25.0,52.0,24.0,23.0,44,34.0,50.0,24.0,24,10.0,17.0,,21.0,51.0,30,41.0,17.0,18.0,51.0,,15.0,17.0,23,,52.0,43.0,40.0,59.0,21.0,26.0,18,22.0,54.0,27.0,62.0,20,15,17.0,45.0,17,30.0,42.0,37.0,49,24.0,0.0,16.0,23.0,18,25.0,16.0,24.0,17.0,44.0,,30.0,23.0,,4,28,33.0,32.0,33.0,16.0,39.0,33.0,12.0,29.0,,,21,14,44.0,26,19.0,56.0,12.0,25.0,26,13,,30.0,26.0,33.0,27.0,61.0,36.0,15.0,30.0,11,39.0,20.0,,25.0,35.0,23.0,16,12.0,35.0,15.0,19,53.0,15.0,,0.0,33.0,19.0,28,35.0,24,38.0,21.0,17.0,24.0,58.0,52.0,13.0,1.0,29.0,16.0,,21.0,23.0,61.0,35.0,57.0,37.0,27.0,23.0,,61.0,32,21.0,29.0,18,49.0,34.0,25,,,60.0,24,19,23,20.0,36.0,59.0,25.0,41.0,22.0,24.0,31.0,40.0,23,19.0,20,27.0,24,14,17.0,34,39.0,14.0,12.0,48.0,15,0.0,11.0,54.0,27.0,0.0,29.0,17,21.0,14,58.0,41.0,24.0,22,39.0,9,14,23.0,14.0,48.0,14,24.0,44.0,21,31.0,9.0,13.0,17.0,,24.0,46.0,22.0,33,10.0,,23.0,29.0,,,,30.0,11,36.0,42,26.0,27.0,43.0,52.0,33,20,27.0,29.0,27.0,34.0,35.0,13.0,25.0,33.0,57.0,19,33.0,10.0,29,29,20.0,17.0,17,24.0,48.0,26,30.0,42,15,34,,17.0,36.0,35.0,30.0,0.0,15.0,0.0,30.0,3.0,36.0,12.0,30.0,31.0,24.0,20.0,20.0,,,22.0,,17.0,,,34.0,,29.0,52.0,23.0,24.0,,29.0,32.0,33.0,38.0,8.0,27.0,29.0,37.0,20.0,49.0,13.0,0.0,24.0,31.0,51.0,26.0,35.0,16,29.0,0.0,22.0,15,19.0,22.0,8.0,13.0,35.0,55.0,30.0,20.0,22.0,17.0,16.0,13.0,38.0,26.0,30.0,11.0,46.0,31.0,30.0,18.0,48.0,33.0,26.0,12.0,22.0,28.0,31.0,61.0,26,28.0,31.0,30.0,29,51.0,54.0,,29.0,16.0,23.0,23.0,57.0,29.0,36,31.0,,19.0,17.0,48.0,,16,12,32.0,,,,4.0,10.0,22,15,,,43.0,,33.0,38.0,31.0,48.0,23.0,,28.0,18.0,,27.0,15.0,21.0,26,40.0,51.0,15.0,35.0,48.0,16,21.0,35,59.0,22,22.0,,33.0,39.0,,27.0,23.0,30.0,19.0,24.0,46.0,18.0,22,22.0,52.0,48.0,14.0,42.0,34,24.0,21.0,15.0,23.0,30.0,,37.0,51.0,16.0,41,28,,35.0,10.0,42.0,15.0,17.0,,33.0,38,18.0,54.0,55.0,22.0,54.0,29.0,42.0,20.0,10,29.0,25.0,15.0,10,33,29.0,52.0,10.0,21.0,53.0,,49.0,14.0,26.0,31.0,37.0,25.0,12.0,37.0,11.0,20,13.0,40.0,14.0,32.0,41.0,26,53.0,50.0,23,,27.0,24.0,,38.0,19.0,36.0,23.0,18.0,6.0,14.0,23,26.0,49.0,10.0,59.0,19,29.0,35.0,,21.0,28.0,,35.0,32.0,,24.0,0.0,27.0,13.0,27,12,26.0,8.0,19.0,48.0,33.0,22,20,25.0,61.0,33.0,24.0,19.0,30.0,11.0,,18.0,30.0,32.0,45.0,19.0,13.0,24.0,33,14,36.0,,62.0,8.0,23.0,2,33.0,24.0,13.0,45.0,,39.0,51.0,22.0,16.0,34.0,34.0,35.0,34.0,58.0,42.0,17,30.0,18.0,26,39.0,22.0,33.0,20.0,39.0,,14.0,42.0,13.0,61.0,42.0,38.0,22.0,54.0,35.0,40.0,39.0,32.0,18.0,48.0,26.0,38.0,61.0,32.0,37.0,,26.0,12.0,18.0,53.0,39.0,25.0,17.0,51.0,11.0,18.0,46.0,21.0,42.0,35.0,21.0,9.0,9.0,,57.0,28.0,,,25.0,9.0,11.0,51.0,17.0,15.0,29.0,20.0,25.0,32.0,4.0,61.0,24.0,25,29.0,18.0,,21.0,20.0,,,31.0,3.0,52.0,23.0,53.0,48.0,11.0,56.0,33.0,,10.0,58.0,13.0,18.0,44.0,39.0,25.0,17.0,28.0,24.0,4.0,19.0,,43.0,45.0,33.0,37.0,27.0,21.0,45.0,29.0,12.0,33.0,18.0,44.0,52.0,49.0,25.0,,16,56.0,40.0,19.0,29.0,,16.0,26.0,19.0,32.0,16,30.0,44.0,,,,35.0,11.0,10.0,20.0,60.0,44.0,16.0,,27.0,17.0,61.0,33,32.0,55.0,25.0,18.0,50.0,14.0,52.0,12.0,11.0,,26.0,31.0,16.0,,52.0,33.0,,52.0,26.0,7.0,,34.0,56.0,37.0,12,23,17.0,53.0,24.0,24.0,37.0,2.0,47.0,12.0,,15.0,26.0,28.0,0.0,23.0,,30.0,,,10.0,33.0,43.0,,57.0,31.0,37.0,25.0,58.0,12.0,44.0,,27.0,36.0,10.0,33.0,,26.0,7.0,22.0,,15.0,,38.0,35.0,42.0,,,51.0,45.0,16,12.0,19.0,55.0,52.0,17,,35.0,,37.0,36.0,,26.0,28.0,20,20.0,58.0,13.0,,16.0,40.0,,33,,26.0,18.0,62.0,21,51.0,17.0,20.0,57.0,53.0,40.0,13.0,15.0,16.0,,21.0,,18.0,23.0,55.0,19.0,,55.0,34.0,38.0,,46.0,15.0,29.0,26,13.0,,45.0,27.0,,27.0,32.0,39.0,22.0,,46.0,57.0,27.0,19,45.0,24.0,26.0,50.0,35.0,27.0,38.0,29.0,,32.0,13.0,25.0,61.0,38.0,33.0,32.0,44.0,45.0,48.0,46.0,,54.0,,25.0,31.0,55.0,36.0,54.0,,36.0,27.0,,34.0,60.0,20.0,,,53.0,27.0,41.0,17.0,22.0,59.0,62.0,43.0,47.0,42.0,41.0,13.0,42.0,,14.0,4.0,24.0,,21.0,41.0,21.0,36.0,,4.0,39.0,28.0,35.0,18.0,33.0,11.0,20.0,21.0,0,28.0,57.0,22.0,20.0,,,24.0,31.0,16.0,16.0,36.0,60.0,,,40.0,18.0,28.0,27.0,20.0,39.0,26.0,,34.0,12.0,2.0,6.0,7.0,27.0,,24.0,15.0,61.0,32.0,53.0,15.0,27.0,45.0,30.0,40.0,50.0,61.0,27.0,55.0,7.0,10.0,50.0,,53.0,53.0,31.0,,,22.0,36.0,,26.0,28.0,25.0,23.0,25.0,39.0,,,45.0,,21.0,12.0,18.0,12.0,23.0,33.0,11.0,,28.0,38.0,34.0,32.0,23.0,40.0,30.0,27.0,,54.0,14.0,,,33.0,,37.0,0.0,17.0,,61.0,,49.0,38.0,,22.0,38.0,17.0,,,59.0,11.0,50.0,22.0,42.0,26.0,61.0,33.0,,18.0,22.0,,24.0,26.0,15.0,12.0,17.0,41.0,18.0,14.0,34.0,21.0,23.0,,29.0,39.0,11,25.0,15.0,19.0,37.0,26.0,19.0,9.0,24.0,24.0,,27,60.0,27.0,35.0,,23.0,,49.0,29.0,36,15.0,22.0,13.0,25.0,18.0,41.0,20.0,41.0,51.0,52.0,22.0,14.0,42.0,17.0,,29.0,33.0,44.0,10.0,51.0,,13.0,28.0,38.0,9.0,33.0,21.0,21.0,,39.0,4.0,23.0,36.0,33.0,24.0,14.0,42.0,18.0,41.0,27.0,19.0,51.0,11.0,18.0,23.0,29.0,34.0,47.0,41.0,,,30.0,,9.0,,42.0,21.0,50.0,12.0,39.0,20.0,49.0,,15.0,22.0,42.0,31.0,21.0,14.0,53.0,11.0,19.0,,24.0,38.0,15.0,55.0,37.0,18.0,,57.0,54.0,,31.0,25.0,17.0,17.0,46.0,38.0,52.0,57.0,31.0,19.0,40.0,46.0,11.0,46.0,,59.0,,16.0,36.0,53.0,46.0,54.0,16.0,55.0,47.0,22,20.0,15.0,9.0,20.0,,26.0,31.0,57.0,40.0,44.0,27.0,45.0,24.0,27.0,8.0,43.0,24.0,51.0,,23.0,21.0,33.0,38.0,32.0,,17.0,,56.0,26.0,,19.0,51.0,22.0,53.0,33.0,53.0,9.0,12.0,26.0,45.0,18.0,6.0,20.0,,,,49.0,32.0,23.0,19.0,57.0,17.0,14.0,,13.0,48.0,,,1.0,34.0,44.0,15.0,21.0,13.0,,20.0,,44.0,,0.0,,58.0,50.0,,53.0,,,35.0,20.0,27,30.0,16.0,17,35.0,13.0,42.0,,11.0,,52.0,16.0,25.0,55.0,,25.0,35.0,40.0,,55.0,22.0,,62.0,,22.0,20.0,14.0,18.0,54.0,28.0,25.0,,,,18.0,0.0,35.0,38.0,17.0,35.0,22.0,16.0,18.0,,38.0,43.0,,24.0,46.0,61.0,19.0,47.0,0.0,32.0,52.0,,59.0,54.0,22.0,22.0,52.0,22.0,33.0,10.0,26.0,48.0,44.0,23.0,16.0,32.0,27.0,51.0,16.0,52.0,48.0,28.0,18.0,,45.0,45.0,48.0,18.0,10.0,62.0,19.0,46.0,48.0,58.0,25.0,23.0,31.0,31.0,58.0,28.0,27.0,,,39.0,52.0,51.0,23.0,35.0,,,24.0,19.0,13.0,60.0,,34.0,56.0,16.0,,15.0,,32.0,34.0,50.0,,,,26.0,55.0,18.0,24.0,26.0,40.0,0.0,22.0,42.0,17.0,12.0,28.0,,29.0,24.0,,15.0,56.0,29.0,33.0,42.0,20.0,9.0,18.0,45.0,62.0,,54.0,12.0,15.0,40.0,37.0,17.0,11.0,,21.0,32.0,54.0,21.0,41.0,,28.0,55.0,,56.0,,43.0,8.0,35.0,60.0,13.0,19.0,11.0,41.0,48.0,,10.0,24.0,,,,28.0,,19.0,,22.0,32.0,24.0,43.0,19.0,14.0,,,13.0,28.0,,27.0,31.0,59.0,32.0,11.0,11.0,28.0,,56.0,25.0,25.0,24.0,29.0,4.0,25.0,,,46.0,49.0,,27.0,36.0,,32.0,23.0,30.0,26.0,,57.0,37.0,62.0,39.0,33.0,,55.0,34.0,,10.0,28.0,53.0,26.0,37.0,33.0,20.0,14.0,25.0,,,53.0,,,14.0,22.0,40.0,13.0,28.0,30.0,28.0,,13.0,23.0,45.0,,23.0,41.0,35.0,9.0,18.0,13.0,8.0,,0.0,50.0,27.0,27.0,57.0,58.0,13.0,,21.0,24.0,21.0,42.0,38.0,,56.0,55.0,26.0,17.0,40.0,43.0,37.0,57.0,25.0,54.0,44.0,21.0,17.0,30.0,34.0,38.0,55.0,17.0,27.0,29.0,60.0,0.0,35.0,37.0,,29.0,36.0,,,12.0,25.0,,,,25.0,49.0,18.0,22.0,31.0,37.0,25.0,,13.0,53.0,,37.0,42.0,15.0,,15.0,,47.0,,16.0,40.0,32.0,53.0,,13.0,39.0,46.0,33.0,42.0,44.0,19.0,28.0,12.0,26.0,36.0,,61.0,13.0,29.0,19.0,10.0,,16.0,,,,,34.0,24.0,52.0,42.0,20.0,26.0,32.0,40.0,,,25.0,,61.0,32.0,23.0,18.0,,18.0,31.0,58.0,17.0,,53.0,35.0,9.0,,13.0,49.0,59.0,60.0,,15.0,15.0,34.0,,15.0,,54.0,47.0,,17.0,58.0,27.0,54.0,35.0,27.0,40.0,0.0,50.0,54.0,26.0,37.0,,46.0,45.0,,25.0,37.0,,33.0,58.0,21.0,,,18.0,20.0,4.0,52.0,57.0,48.0,42.0,34.0,40.0,22.0,,38.0,,26.0,51.0,19.0,49.0,52.0,56.0,21.0,,,8.0,20.0,,9.0,52.0,,,41.0,,27.0,15.0,,16.0,8.0,,33.0,26.0,53.0,49.0,,58.0,,,23.0,39.0,57.0,,,56.0,14.0,58.0,34.0,50.0,25.0,27.0,18.0,47.0,,53.0,,,45.0,57.0,48.0,,40.0,46.0,11.0,,33.0,34.0,44.0,25.0,38.0,9.0,,,34.0,46.0,,17.0,62.0,36.0,56.0,43.0,,,20.0,38.0,12.0,55.0,20.0,,46.0,21.0,61.0,31.0,27.0,36.0,,,,21.0,16.0,19.0,22.0,15.0,21.0,42.0,60.0,31.0,20.0,26.0,21.0,30.0,,33.0,27.0,19.0,,36.0,40.0,,,15.0,36.0,42.0,,22.0,47.0,48.0,30.0,18.0,,22.0,23.0,53.0,24.0,59.0,,,39.0,,29.0,,,54.0,,43.0,61.0,19.0,27.0,33.0,41.0,31.0,52.0,52.0,27.0,46.0,31.0,,36.0,,41.0,,33.0,28.0,61.0,26.0,29.0,48.0,51.0,,,27.0,16.0,54.0,,23.0,22.0,,56.0,,50.0,34.0,47.0,,41.0,26.0,27.0,,45.0,,,33.0,33.0,20.0,29.0,45.0,11.0,,61.0,,13.0,27.0,10.0,,47.0,41.0,49.0,25.0,,30.0,49.0,,,0.0,41.0,47.0,44.0,41.0,31.0,22.0,7.0,10.0,36.0,24.0,13.0,33.0,,51.0,,45.0,18.0,15.0,,24.0,51.0,51.0,,33.0,,,,,,22.0,,,,,,49.0,56.0,46.0,26.0,0.0,,43.0,52.0,53.0,46.0,17.0,52.0,19.0,,22.0,54.0,44.0,36.0,30.0,,21.0,16.0,51.0,11.0,21.0,47.0,12.0,29.0,19.0,31.0,44.0,18.0,57.0,41.0,11.0,,47.0,24.0,60.0,,31.0,47.0,36.0,50.0,28.0,34.0,35.0,20.0,61.0,,39.0,8.0,28.0,,9.0,41.0,44.0,37.0,60.0,23.0,14.0,27.0,18.0,,32.0,19.0,23.0,,44.0,34.0,51.0,55.0,,62.0,,44.0,36.0,23.0,38.0,45.0,47.0,31.0,17.0,,19.0,30.0,35.0,19.0,17.0,,24.0,24.0,,10.0,23.0,38.0,50.0,,,62.0,50.0,45.0,18.0,,,20.0,49.0,58.0,24.0,,,24.0,30.0,7.0,34.0,,19.0,34.0,41.0,39.0,54.0,,53.0,,,,16.0,,27.0,38.0,28.0,58.0,57.0,14.0,56.0,38.0,10.0,,,14.0,50.0,,24.0,43.0,30.0,41.0,24.0,38.0,41.0,43.0,21.0,,58.0,56.0,46.0,23.0,,38.0,11.0,33.0,26.0,24.0,26.0,,,49.0,16.0,24.0,56.0,,30.0,53.0,38.0,,,51.0,,21.0,54.0,,39.0,48.0,23.0,17.0,,17.0,43.0,20.0,22.0,0.0,37.0,24.0,48.0,57.0,23.0,25.0,50.0,37.0,37.0,40.0,14.0,,43.0,14.0,35.0,26.0,12.0,38.0,35.0,23.0,,40.0,0.0,,31.0,18.0,18.0,14.0,24.0,52.0,,24.0,,37.0,,,29.0,41.0,,39.0,28.0,27.0,23.0,17.0,,47.0,5.0,32.0,,28.0,29.0,28.0,53.0,55.0,,,,,,16.0,25.0,22.0,47.0,16.0,,0.0,43.0,44.0,,15.0,,,51.0,46.0,48.0,43.0,50.0,47.0,59.0,29.0,29.0,,27.0,17.0,,,,37.0,18.0,,19.0,33.0,44.0,15.0,42.0,,32.0,14.0,,14.0,32.0,35.0,,51.0,42.0,35.0,18.0,,58.0,,30.0,49.0,34.0,,37.0,11.0,58.0,,61.0,44.0,,22.0,38.0,60.0,27.0,47.0,46.0,38.0,30.0,45.0,,,37.0,15.0,26.0,55.0,,51.0,50.0,49.0,,12.0,18.0,57.0,26.0,35.0,27.0,40.0,27.0,38.0,45.0,26.0,47.0,50.0,21.0,28.0,,18.0,16.0,10.0,45.0,10.0,31.0,18.0,36.0,39.0,36.0,37.0,45.0,26.0,16.0,29.0,17.0,,36.0,45.0,54.0,44.0,,16.0,50.0,43.0,16.0,39.0,18.0,62.0,,,32.0,14.0,39.0,29.0,,,19.0,,27.0,,,,,,,34.0,18.0,44.0,,22.0,45.0,48.0,25.0,23.0,45.0,22.0,20.0,,142,3,2.4008097165991904,18.702888189877036,-0.3386742562676679
4,4,7,10,11,5,5,10,10,8,8,14,12,10,11,9,15,9,24,23,6,21,9,11,3,9,12,12,8,13,6,12,11,12,13,8,13,13,13,15,14,47.0,12,17,12,11,13,17,13,12,13,20,6,12,26,23,14,11,10,10,9,9,20,10,43.0,3,10,6,13,12,20,12,14,6,16,13,16,10,15,9,21,10,11,9,15,13,16,18,14,20,14,12,15,12,24,13,21,17,6,19,31,15,10,8,7,16,15,7,14,17,24,31.0,14,21,16.0,13,13,13,17,26,13,9,15,15,11,14,14,17.0,15,6,25,16,8.0,11,17,24.0,13,15,13,16,5,13,14,20,26.0,31.0,18,52.0,11,20,18,18,17.0,14,13,19,16,30.0,24,18,19,11,18,17,21,44.0,21,19,8,12,15,9.0,10,24,14,20,19,13.0,17,25.0,19,17,16,12,13,,41.0,18,21,,51.0,16,33,14,13,20,12,12,17.0,18,20,42.0,13,17,31,15,28.0,21,15,6,14,43.0,16,26,13,18,15,18,10,17.0,18.0,19,0,18,31.0,19,21,29,54.0,11,12.0,28.0,17,13,20.0,35,17,11,30.0,27.0,9,20,15,20,21,48.0,22,18,19,17,26,4,22.0,33.0,17,52.0,18.0,20.0,13.0,19,25.0,18,19,21,27.0,24.0,32.0,,20.0,14,21.0,27.0,9.0,25,18,30.0,46,23,6,,24.0,46.0,11,11.0,22,18,11.0,24.0,6,60.0,22.0,12,25,18.0,15,20.0,11.0,61.0,12,23,16.0,18,25,24,16,31,30,18,20,11,22,37,13,11.0,18.0,20,17,13,28.0,18.0,19,23,16,,22,,13,20,21,5,48,,15,14.0,11,16,18.0,7,14,18,32.0,30.0,3,35.0,23.0,24.0,15.0,14.0,11,47.0,32,15,14,33.0,21,5.0,27.0,17,33.0,50.0,43.0,25,22.0,11,30,28,6,18,19,10,14.0,14,24.0,20,17,23,40.0,14,16.0,35,31.0,16,28.0,19,21,25.0,29,27.0,30,30.0,27.0,22,31,,9.0,17.0,12.0,11.0,18,30.0,10.0,26,59.0,18,19,11.0,,0,17.0,23,22.0,19.0,20,25,25,55.0,21,59.0,36.0,16,35.0,34,48.0,19,20,21,9.0,29.0,23,0,19,43.0,25.0,20,15,22.0,20,45.0,32.0,16.0,37.0,17.0,43.0,23.0,40.0,26.0,20.0,15,13,23.0,16.0,43.0,17.0,23.0,17.0,,39.0,13,19,19.0,,15,21.0,19.0,17.0,40.0,15.0,34.0,23,11,9.0,25.0,24.0,26.0,27,30.0,16.0,9.0,16,21,17,54.0,0.0,58.0,22.0,1,20,10.0,32.0,26,10.0,25.0,24,50.0,29.0,,14,21.0,14,23.0,23.0,18.0,20,30.0,19,12.0,11,21,,46.0,32.0,16.0,21,0,36,21.0,29,11.0,18,26,28.0,17,8,39.0,17.0,27,22,23.0,47.0,25.0,40.0,33.0,26.0,19,32.0,14,19,34.0,21.0,55.0,14.0,17.0,26.0,19,29,43.0,11.0,26.0,42.0,43.0,24.0,24,39.0,11,23.0,56.0,55.0,58.0,19,16.0,13,27.0,26.0,22.0,22,13.0,31.0,32.0,27,30,59.0,25.0,32.0,22.0,53.0,23.0,55.0,,16.0,31.0,14.0,19.0,24,18,42.0,21.0,,13,29,15,22,32.0,17.0,14,9,54.0,21.0,12,50.0,46.0,37.0,26,52.0,29.0,,44,32.0,32.0,18.0,32.0,15.0,41.0,10,26.0,24,13.0,0,19,26,11.0,58.0,14.0,47.0,,,33.0,28.0,15.0,36.0,12.0,30,25.0,,24,35.0,35.0,30.0,20.0,14,16.0,23.0,,31,30,25.0,47,25.0,20.0,13.0,,16,33.0,22,28,,11,20.0,29,23.0,43.0,31.0,25,27,9.0,30.0,24,60.0,43,33.0,23,,6.0,14.0,,19.0,27.0,34,25.0,32.0,31.0,25.0,20.0,21.0,,16,22,,25,31,18,58.0,26.0,24.0,18.0,58.0,14.0,39,22.0,29.0,28.0,29,26.0,37.0,32.0,48.0,0.0,20,25.0,22.0,12.0,35.0,19.0,26.0,21.0,42,42.0,,5.0,,54.0,12.0,26.0,20,43.0,33.0,21.0,12.0,29,25,33.0,35.0,16,21.0,,6.0,33,28.0,25.0,38.0,,11,27.0,38.0,28.0,15.0,12.0,14.0,12.0,0.0,9.0,5,22,35.0,,31.0,32.0,18.0,36.0,24.0,26.0,41.0,35.0,20,14,42.0,22,47.0,35.0,43.0,28.0,24,22,48.0,27.0,29.0,22.0,,27.0,22.0,23.0,26.0,9,14.0,,54.0,29.0,28.0,40.0,14,11.0,13.0,26.0,16,,34.0,20.0,26.0,30.0,24.0,26,9.0,24,,43.0,31.0,34.0,48.0,42.0,54.0,25.0,24.0,24.0,39.0,35.0,21.0,15.0,32.0,,59.0,24.0,,,40.0,23,26.0,21.0,14,21.0,44.0,5,29.0,29.0,59.0,24,19,19,28.0,22.0,15.0,36.0,15.0,23.0,21.0,14.0,19.0,18,21.0,23,38.0,11,21,18.0,25,52.0,15.0,32.0,35.0,15,14.0,8.0,35.0,12.0,19.0,,14,16.0,18,35.0,27.0,47.0,17,49.0,10,20,25.0,21.0,,20,16.0,11.0,19,25.0,6.0,21.0,15.0,19.0,16.0,59.0,14.0,21,51.0,20.0,14.0,38.0,56.0,,29.0,15.0,30,31.0,8,15.0,23.0,10.0,15.0,11,18,31.0,20.0,37.0,35.0,19.0,28.0,21.0,50.0,49.0,25,22.0,12.0,25,23,12.0,49.0,12,32.0,34.0,18,22.0,18,17,35,22.0,7.0,25.0,5.0,41.0,19.0,,43.0,,43.0,,36.0,19.0,31.0,30.0,,41.0,27.0,18.0,29.0,30.0,35.0,41.0,15.0,22.0,,50.0,33.0,8.0,38.0,,12.0,19.0,11.0,14.0,13.0,11.0,37.0,23.0,35.0,43.0,26.0,34.0,28.0,,19.0,22.0,54.0,5,22.0,43.0,27.0,16,7.0,11.0,27.0,28.0,41.0,,27.0,12.0,16.0,30.0,24.0,29.0,28.0,28.0,20.0,49.0,16.0,21.0,40.0,23.0,21.0,,29.0,33.0,18.0,42.0,40.0,,14,58.0,42.0,12.0,5,24.0,16.0,23.0,25.0,,27.0,32.0,20.0,12.0,30,5.0,60.0,39.0,16.0,32.0,55.0,11,15,40.0,12.0,37.0,,13.0,30.0,14,16,13.0,32.0,,28.0,21.0,29.0,40.0,11.0,53.0,23.0,46.0,29.0,44.0,36.0,13.0,22.0,18,28.0,39.0,11.0,20.0,58.0,20,19.0,34,0.0,23,25.0,50.0,23.0,35.0,39.0,46.0,17.0,23.0,36.0,14.0,,35.0,20,26.0,31.0,33.0,18.0,23.0,52,16.0,37.0,36.0,,29.0,33.0,12.0,40.0,13.0,0,30,,10.0,21.0,14.0,19.0,17.0,19.0,22.0,21,12.0,,21.0,12.0,27.0,18.0,15.0,30.0,19,16.0,28.0,41.0,15,36,,19.0,,46.0,16.0,59.0,6.0,26.0,51.0,33.0,,25.0,20.0,19.0,8.0,15,32.0,,35.0,57.0,20.0,14,9.0,42.0,34,23.0,23.0,57.0,,43.0,35.0,19.0,15.0,14.0,13.0,14.0,21,11.0,,50.0,,19,,21.0,21.0,11.0,54.0,34.0,27.0,21.0,25.0,,27.0,14.0,21.0,12,21,47.0,41.0,53.0,14.0,,20,17,21.0,26.0,39.0,0.0,59.0,26.0,,17.0,29.0,20.0,37.0,,29.0,40.0,36.0,13,35,21.0,7.0,38.0,55.0,,29,20.0,31.0,24.0,34.0,28.0,48.0,28.0,,50.0,22.0,24.0,18.0,47.0,42.0,,19,31.0,41.0,34,29.0,22.0,33.0,13.0,25.0,31.0,,27.0,27.0,60.0,7.0,19.0,8.0,40.0,25.0,,42.0,23.0,25.0,28.0,29.0,33.0,29.0,38.0,23.0,34.0,,12.0,18.0,48.0,45.0,32.0,,,25.0,23.0,15.0,45.0,19.0,19.0,41.0,29.0,48.0,16.0,27.0,19.0,,24.0,18.0,12.0,42.0,35.0,28.0,26.0,46.0,41.0,17.0,39.0,,35.0,45.0,15,12.0,22.0,19.0,,25.0,28.0,16.0,21.0,49.0,54.0,57.0,5.0,,8.0,,13.0,29.0,32.0,19.0,22.0,16.0,,17.0,22.0,22.0,44.0,27.0,7.0,31.0,47.0,28.0,39.0,37.0,27.0,,22.0,58.0,59.0,13.0,16.0,28.0,53.0,60.0,23.0,37.0,30.0,14,30.0,32.0,12.0,31.0,24.0,,23.0,,16.0,49,51.0,26.0,9.0,23.0,,32.0,7.0,31.0,22.0,48.0,61.0,,29.0,,14.0,23.0,18,17.0,21.0,,10.0,,18.0,7.0,20.0,38.0,1.0,28.0,,,21.0,0.0,19.0,36.0,15.0,,40.0,,,20.0,45.0,24,17,28.0,39.0,27.0,23.0,20.0,19.0,18.0,19.0,42.0,12.0,38.0,22.0,28.0,,30.0,16.0,51.0,,25.0,,29.0,31.0,30.0,,,24.0,,34.0,23.0,48.0,30.0,0.0,,46.0,,35.0,0.0,43.0,17.0,15.0,45.0,34.0,36.0,24.0,61.0,,,46.0,10,31.0,23.0,18.0,37.0,18,29.0,25.0,,57.0,13.0,26.0,31.0,25.0,19,53.0,15.0,20.0,23.0,20.0,34.0,,52,17.0,30.0,44.0,30.0,26,,20.0,38.0,42.0,19.0,19.0,,60.0,21.0,5.0,40.0,,15.0,,,39.0,7.0,,40.0,,46.0,,33.0,,21,25.0,5.0,5.0,14.0,54.0,52.0,30.0,27.0,28.0,,25.0,37.0,19.0,23,13.0,,23.0,,,18.0,42.0,38.0,14.0,39.0,22.0,46.0,31.0,,35.0,,18.0,40.0,6.0,34.0,17.0,,37.0,45.0,33.0,38.0,35.0,,30.0,6.0,15.0,26.0,31.0,34.0,56.0,,,,49.0,50.0,27.0,56.0,0.0,59.0,0.0,24.0,36.0,40.0,,42.0,,18.0,,21.0,33.0,59.0,,35.0,27.0,21.0,28.0,24.0,11.0,25.0,20.0,27.0,15.0,15.0,22.0,17,8.0,,14.0,11.0,,25.0,18.0,7.0,23.0,32.0,37.0,47.0,,49.0,4.0,42.0,24.0,18.0,21.0,,27.0,,57.0,23.0,24.0,33.0,8.0,2.0,54.0,16.0,46.0,,35.0,,57.0,52.0,23.0,,46.0,16.0,48.0,17.0,,17.0,14.0,23.0,28.0,,39.0,,20.0,39.0,59.0,45.0,23.0,30.0,23.0,12.0,32.0,36.0,39.0,27.0,,,,30.0,9.0,14.0,22.0,,,55.0,39.0,23.0,14.0,25.0,,40.0,37.0,0.0,24.0,57.0,20.0,44.0,,10.0,21.0,,,55.0,61.0,29.0,41.0,21.0,45.0,43.0,41.0,18.0,28.0,,,49.0,44.0,49.0,,20.0,,,18.0,32.0,36.0,39.0,30.0,,20.0,23.0,50.0,33.0,12.0,40.0,25.0,12.0,38.0,44.0,34.0,23.0,36.0,32.0,17,37.0,52.0,47.0,,32.0,41.0,56.0,24.0,31.0,32.0,18,33.0,,20.0,39.0,40.0,33.0,56.0,51.0,26,36.0,19.0,,12.0,29.0,42.0,35.0,57.0,29.0,,,20.0,28.0,33.0,,,53.0,21.0,49.0,48.0,20.0,50.0,56.0,,44.0,,34.0,34.0,40.0,,11.0,52.0,,23.0,28.0,31.0,,56.0,31.0,,17.0,16.0,17.0,,29.0,58.0,,36.0,60.0,26.0,,,46.0,19.0,30.0,39.0,48.0,8.0,32.0,15.0,31.0,,32.0,,24.0,28.0,24.0,24.0,15.0,58.0,21.0,36.0,19.0,24.0,22.0,,21.0,7.0,60.0,23.0,60.0,19.0,33.0,19.0,20.0,31.0,45.0,,58.0,45.0,29.0,0.0,,36.0,12.0,,34.0,,38.0,42.0,11.0,,20.0,51.0,44.0,23.0,54.0,45.0,20,17.0,30.0,15.0,47.0,15.0,61.0,16.0,,16.0,,,,41.0,34.0,10.0,18.0,25.0,20.0,45.0,29.0,38.0,57.0,23.0,,,35.0,34.0,40.0,27.0,60.0,14.0,,,40.0,30.0,58.0,19.0,,25.0,21.0,37.0,35.0,6.0,56.0,,60.0,31.0,,58.0,34.0,34.0,15.0,17.0,,15.0,11.0,38.0,,26.0,55.0,4.0,22.0,27.0,44.0,,,40.0,22.0,17.0,,22.0,52.0,59.0,43.0,16.0,,45.0,,28.0,11,30.0,36.0,18,,,25.0,25.0,11.0,8.0,,30.0,13.0,15.0,,22.0,54.0,,58.0,21.0,52.0,,22.0,61.0,42.0,13.0,22.0,17.0,58.0,25.0,33.0,12.0,47.0,41.0,15.0,34.0,24.0,25.0,,23.0,29.0,42.0,16.0,32.0,43.0,19.0,20.0,60.0,20.0,19.0,21.0,19.0,18.0,17.0,36.0,31.0,36.0,,45.0,37.0,47.0,21.0,23.0,5.0,30.0,,25.0,27.0,47.0,27.0,30.0,25.0,,13.0,,56.0,25.0,,29.0,59.0,15.0,14.0,35.0,19.0,14.0,22.0,,38.0,49.0,17.0,,,49.0,39.0,48.0,,51.0,26.0,54.0,,,,51.0,39.0,,19.0,,55.0,30.0,,17.0,29.0,31.0,15.0,,,23.0,27.0,52.0,36.0,29.0,,29.0,7.0,28.0,24.0,47.0,46.0,23.0,27.0,33.0,0.0,20.0,20.0,45.0,21.0,18.0,18.0,19.0,57.0,16.0,,38.0,23.0,51.0,15.0,45.0,12.0,17.0,16.0,,21.0,30.0,15.0,21.0,28.0,12.0,30.0,,19.0,55.0,35.0,23.0,19.0,,,54.0,38.0,,,23.0,11.0,,28.0,60.0,35.0,38.0,,23.0,40.0,15.0,12.0,33.0,20.0,20.0,20.0,28.0,,46.0,,39.0,,,12.0,37.0,,56.0,27.0,25.0,,,24.0,39.0,14.0,19.0,52.0,34.0,27.0,,36.0,54.0,15.0,41.0,35.0,31.0,36.0,42.0,4.0,37.0,,,0.0,45.0,35.0,53.0,,23.0,48.0,43.0,51.0,,19.0,19.0,45.0,18.0,37.0,25.0,34.0,16.0,42.0,59.0,32.0,11.0,7.0,26.0,32.0,17.0,37.0,20.0,29.0,46.0,16.0,42.0,22.0,23.0,,42.0,28.0,54.0,,32.0,60.0,50.0,55.0,11.0,14.0,14.0,,36.0,37.0,33.0,20.0,,53.0,19.0,,19.0,27.0,16.0,32.0,,,21.0,29.0,16.0,,,24.0,,44.0,,8.0,19.0,32.0,46.0,41.0,18.0,20.0,26.0,,14.0,24.0,22.0,45.0,61.0,37.0,,33.0,22.0,30.0,49.0,41.0,,,20.0,,16.0,0.0,45.0,59.0,27.0,20.0,32.0,,32.0,58.0,,39.0,28.0,9.0,36.0,16.0,,,26.0,51.0,37.0,36.0,27.0,17.0,43.0,42.0,,17.0,59.0,32.0,37.0,39.0,,23.0,34.0,,13.0,24.0,,24.0,49.0,39.0,14.0,,13.0,44.0,26.0,34.0,29.0,45.0,49.0,33.0,33.0,,57.0,33.0,52.0,13.0,,18.0,,51.0,32.0,40.0,59.0,22.0,37.0,31.0,37.0,,,14.0,,42.0,47.0,18.0,,,28.0,18.0,19.0,16.0,52.0,35.0,32.0,43.0,46.0,19.0,,22.0,60.0,37.0,,,,17.0,57.0,22.0,,,28.0,,,,59.0,,,53.0,51.0,,47.0,30.0,31.0,31.0,28.0,,23.0,26.0,25.0,,29.0,46.0,23.0,53.0,25.0,23.0,37.0,33.0,24.0,29.0,,60.0,21.0,,15.0,11.0,26.0,0.0,25.0,43.0,49.0,30.0,15.0,49.0,8.0,30.0,,,16.0,41.0,,,44.0,20.0,19.0,60.0,16.0,,38.0,6.0,33.0,39.0,49.0,,26.0,43.0,51.0,22.0,42.0,33.0,,55.0,,44.0,36.0,54.0,55.0,57.0,0.0,32.0,44.0,14.0,12.0,51.0,37.0,35.0,45.0,44.0,,,,36.0,,28.0,60.0,24.0,52.0,26.0,52.0,57.0,6.0,42.0,46.0,53.0,37.0,,,,34.0,,,23.0,12.0,20.0,28.0,53.0,60.0,29.0,,39.0,,,46.0,33.0,,49.0,,55.0,48.0,51.0,,29.0,35.0,24.0,45.0,38.0,45.0,53.0,27.0,42.0,55.0,37.0,11.0,25.0,44.0,44.0,,,42.0,19.0,39.0,22.0,15.0,41.0,,,39.0,,13.0,,30.0,,53.0,61.0,23.0,24.0,43.0,14.0,45.0,,25.0,35.0,61.0,12.0,50.0,29.0,56.0,49.0,37.0,12.0,55.0,29.0,29.0,44.0,30.0,20.0,13.0,12.0,10.0,33.0,59.0,6.0,15.0,22.0,,,20.0,25.0,19.0,32.0,,37.0,15.0,38.0,21.0,37.0,,,,33.0,16.0,24.0,41.0,30.0,22.0,16.0,,24.0,,,14.0,,26.0,46.0,22.0,,18.0,41.0,41.0,23.0,37.0,37.0,,,61.0,35.0,8.0,30.0,,32.0,11.0,30.0,40.0,20.0,31.0,31.0,,,,,12.0,34.0,50.0,35.0,52.0,57.0,52.0,,,50.0,,13.0,28.0,,,52.0,15.0,42.0,51.0,61.0,24.0,,32.0,,21.0,55.0,46.0,18.0,,32.0,,,12.0,31.0,,,25.0,45.0,31.0,22.0,19.0,8.0,,19.0,37.0,28.0,19.0,29.0,18.0,35.0,40.0,44.0,,31.0,,12.0,32.0,27.0,41.0,33.0,42.0,19.0,,19.0,31.0,,,48.0,53.0,34.0,,,8.0,47.0,,20.0,23.0,21.0,28.0,42.0,23.0,23.0,19.0,36.0,28.0,33.0,,22.0,,28.0,,35.0,33.0,54.0,,37.0,14.0,56.0,18.0,,38.0,,27.0,41.0,19.0,45.0,12.0,0.0,48.0,0.0,49.0,23.0,51.0,55.0,,,32.0,36.0,33.0,21.0,20.0,19.0,24.0,47.0,,0.0,19.0,14.0,5.0,13.0,,30.0,31.0,43.0,24.0,,,18.0,41.0,14.0,38.0,52.0,61.0,,16.0,25.0,41.0,,25.0,41.0,25.0,8.0,,,,25.0,23.0,48.0,54.0,,48.0,,,33.0,60.0,23.0,,52.0,29.0,21.0,,23.0,44.0,15.0,17.0,58.0,28.0,41.0,28.0,35.0,20.0,0.0,45.0,38.0,52.0,0.0,44.0,28.0,23.0,24.0,15.0,25.0,38.0,24.0,24.0,,57.0,16.0,,53.0,58.0,,,9.0,48.0,36.0,24.0,,37.0,53.0,,,26.0,59.0,58.0,19.0,,33.0,15.0,36.0,18.0,6.0,28.0,23.0,33.0,,32.0,56.0,30.0,27.0,21.0,18.0,52.0,41.0,27.0,35.0,21.0,46.0,,,19.0,11.0,,14.0,36.0,17.0,51.0,38.0,13.0,43.0,28.0,14.0,46.0,51.0,13.0,,17.0,7.0,35.0,,23.0,,58.0,27.0,27.0,25.0,28.0,18.0,23.0,27.0,40.0,20.0,36.0,28.0,15.0,28.0,56.0,27.0,26.0,,,,15.0,24.0,36.0,29.0,20.0,39.0,26.0,17.0,,61.0,21.0,22.0,44.0,33.0,26.0,,8.0,,,25.0,25.0,37.0,,23.0,,24.0,,28.0,44.0,17.0,41.0,16.0,,,,53.0,,,,61.0,,7.0,36.0,16.0,,47.0,,33.0,34.0,,,,18.0,14.0,,20.0,,55.0,51.0,52.0,58.0,,59.0,38.0,57.0,10.0,,8.0,58.0,55.0,50.0,,44.0,17.0,,,46.0,48.0,15.0,21.0,,,,32.0,20.0,,,0.0,41.0,56.0,33.0,40.0,42.0,25.0,15.0,,58.0,23.0,13.0,46.0,38.0,37.0,23.0,,43.0,16.0,55.0,26.0,38.0,49.0,,28.0,34.0,43.0,39.0,45.0,45.0,50.0,22.0,57.0,,59.0,,,,53.0,,40.0,,13.0,23.0,33.0,51.0,29.0,29.0,16.0,,0.0,29.0,143,3,2.483425414364641,18.11637931034483,-0.3537118775644027
1,6,3,7,4,7,7,7,6,7,7,12,5,4,7,6,7,9,16,19,11,7,10,9,7,11,14,5,5,4,13,8,8,4,16,8,14,9,9,8,15,27.0,5,9,8,12,13,7,14,8,0,8,13,9,10,21,17,8,7,8,11,13,7,10,17.0,0,13,8,9,13,17,15,15,7,13,15,9,10,12,4,13,11,10,9,14,13,15,11,15,5,0,7,20,19,13,16,11,8,14,16,23,20,12,8,15,15,15,9,15,10,10,25.0,16,22,44.0,7,16,8,10,6,1,7,8,5,9,13,11,17.0,9,13,11,10,,5,28,10.0,9,38,11,18,14,15,20,23,12.0,22.0,22,13.0,0,12,9,11,33.0,13,17,23,13,32.0,20,18,15,16,7,8,18,7.0,17,18,18,20,8,8.0,7,20,19,17,17,21.0,18,22.0,13,10,11,12,14,,26.0,24,14,20.0,26.0,11,5,12,12,15,9,9,18.0,20,9,13.0,11,9,23,19,42.0,18,16,9,8,23.0,26,24,15,19,15,5,14,48.0,19.0,19,4,16,31.0,14,18,19,43.0,10,25.0,7.0,21,20,10.0,9,29,15,9.0,44.0,18,14,21,18,19,26.0,16,17,11,8,14,9,23.0,18.0,18,3.0,10.0,18.0,18.0,5,27.0,22,10,25,,42.0,10.0,33.0,23.0,17,14.0,20.0,42.0,23,21,41.0,6,15,21,20.0,16.0,26.0,21,26.0,14,20,16.0,17.0,9,45.0,18.0,12,24,12.0,13,17.0,18.0,18.0,39,14,48.0,34,20,15,15,18,24,15,12,13,44,22,16,40.0,12.0,15,14,10,15.0,40.0,18,45,11,26.0,15,30.0,21,6,12,8,12,37.0,12,23.0,13,21,25.0,19,23,17,20.0,57.0,13,13.0,6.0,24.0,16.0,16.0,17,11.0,15,11,16,22.0,12,6.0,28.0,18,17.0,45.0,,8,20.0,12,24,15,15,16,15,19,23.0,11,18.0,17,23,11,28.0,17,30.0,16,36.0,16,,3,23,14.0,29,9.0,11,25.0,24.0,13,40,,14.0,15.0,24.0,6.0,27,7.0,22.0,25,,9,10,21.0,,19,21.0,15,21.0,31.0,14,30,17,25.0,14,31.0,16.0,18,11.0,13,30.0,13,10,5,3.0,16.0,23,32,11,,16.0,19,23,12.0,34,14.0,42.0,28.0,37.0,34.0,41.0,11.0,37.0,53.0,22.0,20,36,23.0,28.0,18.0,13.0,35.0,15.0,13.0,11.0,11,18,14.0,,16,50.0,11.0,20.0,16.0,42.0,23.0,26,9,32.0,14.0,15.0,30.0,25,,18.0,12.0,39,28,28,22.0,,21.0,55.0,17,20,29.0,22.0,21,27.0,22.0,22,17.0,54.0,17.0,13,8.0,20,14.0,23.0,14.0,20,20.0,21,22.0,22,10,11.0,37.0,,12.0,19,11,21,19.0,26,30.0,22,20,33.0,22,15,5.0,45.0,23,20,22.0,10.0,,,14.0,13.0,24,0.0,11,24,,25.0,29.0,57.0,13.0,,18,16,32.0,,,46.0,14.0,19.0,22,8.0,24,13.0,33.0,30.0,8.0,21,13.0,2,16.0,23.0,33.0,21,16.0,26.0,,15,12,22.0,43.0,10.0,,27.0,,48.0,12.0,35.0,42.0,21.0,18.0,37,16,41.0,50.0,41.0,25,10,12,33,,27.0,18,9,0.0,,19,22.0,30.0,56.0,22,52.0,14.0,23.0,10,27.0,,0.0,,17.0,34.0,26,44.0,17,14.0,8,26,25,15.0,34.0,30.0,16.0,31.0,,8.0,,14.0,25.0,36.0,13,23.0,,25,19.0,36.0,4.0,29.0,7,32.0,42.0,25.0,12,10,30.0,20,34.0,19.0,60.0,34.0,33,18.0,10,22,45.0,7,0.0,10,39.0,,9.0,31,23,48.0,17.0,16,57.0,21,12.0,16,32.0,20.0,51.0,45.0,23.0,9.0,21,0.0,35.0,48.0,8.0,38.0,12.0,30.0,21,18,38.0,22,29,19,16.0,30.0,37.0,,40.0,29.0,41,26.0,27.0,,16,18.0,20.0,27.0,28.0,38.0,24,18.0,21.0,20.0,37.0,36.0,13.0,43.0,31,,17.0,55.0,59.0,21.0,43.0,36.0,14,32.0,29.0,20.0,51.0,14,15,12.0,0.0,16,50.0,7.0,13.0,9,22.0,,8.0,11.0,14,12.0,43.0,18.0,38.0,13.0,25.0,,9.0,20.0,16,14,31.0,19.0,45.0,41.0,,20.0,17.0,44.0,,40.0,2,8,44.0,28,40.0,22.0,38.0,38.0,13,36,32.0,2.0,38.0,22.0,32.0,17.0,19.0,41.0,20.0,28,29.0,18.0,37.0,22.0,17.0,59.0,25,0.0,15.0,34.0,15,33.0,10.0,58.0,30.0,15.0,9.0,15,30.0,24,36.0,27.0,8.0,14.0,13.0,51.0,34.0,13.0,43.0,32.0,60.0,29.0,16.0,,43.0,33.0,25.0,32.0,33.0,0.0,,24,23.0,37.0,16,19.0,37.0,26,21.0,48.0,19.0,16,12,25,14.0,8.0,59.0,46.0,55.0,46.0,14.0,21.0,20.0,16,35.0,14,37.0,20,35,26.0,18,17.0,9.0,24.0,18.0,25,11.0,22.0,31.0,21.0,21.0,,15,,23,9.0,11.0,20.0,25,44.0,8,9,25.0,18.0,,21,60.0,,12,24.0,,22.0,28.0,20.0,15.0,20.0,45.0,32,20.0,7.0,18.0,54.0,26.0,36.0,19.0,14.0,23,31.0,8,20.0,20.0,13.0,27.0,15,19,21.0,14.0,31.0,23.0,50.0,15.0,,19.0,54.0,8,21.0,1.0,24,14,49.0,44.0,9,51.0,30.0,20,16.0,30,25,19,20.0,0.0,13.0,44.0,7.0,36.0,7.0,,44.0,27.0,40.0,46.0,13.0,0.0,32.0,58.0,,5.0,59.0,30.0,,23.0,18.0,20.0,22.0,24.0,59.0,49.0,15.0,27.0,15.0,25.0,16.0,,10.0,,49.0,,39.0,12.0,,27.0,0.0,16.0,29.0,14.0,16.0,48.0,24,14.0,47.0,25.0,12,24.0,,9.0,21.0,30.0,,13.0,9.0,38.0,22.0,24.0,23.0,47.0,,29.0,45.0,29.0,39.0,20.0,37.0,4.0,,,23.0,31.0,22.0,,22.0,15,31.0,30.0,,25,19.0,46.0,19.0,23.0,,27.0,18.0,14.0,31.0,31,23.0,43.0,8.0,34.0,31.0,,18,19,30.0,10.0,48.0,,25.0,20.0,20,15,13.0,57.0,46.0,37.0,,30.0,28.0,26.0,,42.0,10.0,26.0,52.0,43.0,26.0,14.0,16,23.0,17.0,24.0,33.0,1.0,29,19.0,20,22.0,22,25.0,31.0,19.0,45.0,,57.0,33.0,33.0,10.0,29.0,25.0,35.0,4,19.0,30.0,44.0,13.0,28.0,26,41.0,11.0,45.0,,19.0,10.0,25.0,,8.0,9,19,44.0,,38.0,23.0,,41.0,16.0,22.0,10,,34.0,14.0,18.0,22.0,33.0,27.0,36.0,30,53.0,47.0,19.0,11,8,22.0,35.0,,,,39.0,,,12.0,32.0,9.0,20.0,13.0,53.0,12.0,32,,54.0,,21.0,11.0,11,51.0,55.0,10,10.0,14.0,,28.0,50.0,9.0,14.0,44.0,29.0,,,35,33.0,28.0,45.0,9.0,20,,38.0,22.0,15.0,36.0,,1.0,37.0,27.0,19.0,32.0,19.0,7.0,30,10,44.0,32.0,36.0,25.0,,20,15,40.0,41.0,40.0,1.0,15.0,38.0,8.0,36.0,12.0,47.0,,34.0,0.0,52.0,,19,46,13.0,25.0,60.0,20.0,16.0,12,23.0,12.0,54.0,28.0,10.0,43.0,9.0,17.0,44.0,16.0,12.0,,56.0,24.0,0.0,20,10.0,20.0,17,20.0,23.0,51.0,,12.0,31.0,43.0,35.0,40.0,33.0,11.0,24.0,6.0,26.0,19.0,59.0,19.0,23.0,13.0,44.0,20.0,33.0,20.0,20.0,9.0,,21.0,26.0,24.0,42.0,31.0,,27.0,60.0,7.0,11.0,,,28.0,10.0,27.0,36.0,21.0,53.0,4.0,21.0,55.0,41.0,24.0,28.0,29.0,22.0,50.0,41.0,11.0,60.0,19.0,10.0,,,,30,44.0,19.0,31.0,35.0,,9.0,17.0,28.0,9.0,24.0,26.0,10.0,,8.0,32.0,20.0,41.0,32.0,16.0,11.0,31.0,15.0,54.0,28.0,33.0,32.0,14.0,8.0,32.0,43.0,29.0,58.0,25.0,54.0,30.0,21.0,42.0,49.0,23.0,25.0,21.0,7.0,,14.0,45.0,,5,60.0,8.0,17.0,34.0,33.0,34.0,9.0,37.0,38.0,15,50.0,23.0,59.0,58.0,34.0,45.0,35.0,44.0,17.0,38.0,31.0,15.0,55.0,14.0,30.0,50.0,23,22.0,34.0,27.0,25.0,,,15.0,15.0,13.0,18.0,26.0,,32.0,56.0,21.0,24.0,35.0,22.0,33.0,24.0,,,29.0,21.0,19,27,8.0,47.0,20.0,33.0,15.0,26.0,30.0,24.0,21.0,31.0,59.0,24.0,35.0,41.0,29.0,23.0,,38.0,53.0,22.0,43.0,31.0,,32.0,,15.0,56.0,22.0,21.0,,21.0,,24.0,59.0,31.0,31.0,14.0,17.0,,21.0,11.0,46.0,40.0,14.0,19.0,17.0,28.0,14.0,16,32.0,21.0,13.0,34.0,34,24.0,,48.0,28.0,3.0,48.0,7.0,29.0,22,21.0,40.0,45.0,33.0,17.0,44.0,58.0,38,31.0,45.0,43.0,36.0,24,,55.0,41.0,39.0,54.0,25.0,17.0,17.0,57.0,3.0,24.0,,26.0,30.0,,18.0,31.0,27.0,44.0,,21.0,15.0,46.0,22.0,27,,56.0,22.0,,50.0,48.0,56.0,23.0,52.0,30.0,29.0,39.0,23.0,18,20.0,8.0,27.0,29.0,13.0,21.0,29.0,52.0,22.0,8.0,10.0,29.0,9.0,34.0,55.0,33.0,34.0,25.0,13.0,,19.0,,10.0,24.0,,,25.0,49.0,29.0,9.0,,13.0,20.0,,18.0,37.0,21.0,32.0,42.0,49.0,20.0,27.0,8.0,,36.0,20.0,29.0,29.0,31.0,30.0,34.0,27.0,8.0,53.0,,,,33.0,45.0,5.0,36.0,20.0,18.0,0.0,39.0,43.0,25.0,,22.0,0,3.0,,15.0,52.0,,,17.0,,36.0,33.0,53.0,,15.0,13.0,11.0,12.0,25.0,18.0,39.0,47.0,41.0,,13.0,29.0,27.0,35.0,7.0,57.0,,,41.0,42.0,53.0,20.0,11.0,35.0,25.0,29.0,50.0,20.0,17.0,12.0,,23.0,,31.0,,,22.0,31.0,34.0,34.0,15.0,,28.0,54.0,52.0,40.0,26.0,33.0,57.0,41.0,36.0,44.0,57.0,27.0,,15.0,15.0,,,29.0,11.0,29.0,31.0,,17.0,,36.0,25.0,30.0,18.0,54.0,30.0,20.0,13.0,30.0,35.0,25.0,17.0,59.0,31.0,56.0,,24.0,56.0,,14.0,16.0,8.0,19.0,,28.0,,40.0,26.0,55.0,14.0,25.0,34.0,26.0,13.0,28.0,20.0,17.0,36.0,16.0,17.0,12.0,41.0,44.0,24.0,44.0,14.0,,12.0,,22.0,16,39.0,,48.0,,42.0,15.0,32.0,30.0,45.0,29.0,27,50.0,15.0,15.0,8.0,25.0,47.0,14.0,50.0,25,31.0,46.0,32.0,9.0,56.0,,46.0,38.0,40.0,,,27.0,22.0,46.0,40.0,,13.0,17.0,35.0,15.0,32.0,0.0,36.0,,27.0,13.0,13.0,,25.0,49.0,37.0,28.0,22.0,,44.0,,46.0,42.0,40.0,19.0,8.0,42.0,16.0,28.0,28.0,28.0,52.0,60.0,7.0,,,19.0,50.0,18.0,13.0,25.0,36.0,45.0,46.0,48.0,45.0,49.0,15.0,56.0,,18.0,31.0,12.0,22.0,20.0,30.0,14.0,8.0,51.0,35.0,32.0,10.0,41.0,12.0,39.0,29.0,38.0,53.0,,27.0,36.0,5.0,26.0,50.0,45.0,31.0,8.0,,50.0,22.0,44.0,29.0,58.0,12.0,25.0,38.0,17.0,,,18.0,6.0,60.0,,28,,,22.0,41.0,9.0,38.0,,51.0,,,56.0,40.0,45.0,22.0,17.0,10.0,14.0,32.0,12.0,28.0,18.0,36.0,53.0,41.0,37.0,35.0,13.0,,14.0,37.0,12.0,14.0,10.0,43.0,46.0,36.0,18.0,40.0,6.0,30.0,6.0,53.0,8.0,47.0,30.0,36.0,58.0,46.0,27.0,50.0,52.0,39.0,25.0,37.0,12.0,57.0,13.0,,17.0,,25.0,22.0,17.0,57.0,47.0,14.0,52.0,29.0,,5.0,28.0,22.0,24.0,0.0,24.0,59.0,,12.0,21.0,18,22.0,17.0,17,41.0,56.0,37.0,27.0,52.0,,32.0,25.0,38.0,,34.0,45.0,38.0,43.0,43.0,13.0,15.0,,,34.0,,17.0,0.0,10.0,48.0,,41.0,8.0,25.0,46.0,24.0,36.0,,,16.0,32.0,16.0,17.0,37.0,15.0,34.0,16.0,24.0,23.0,27.0,9.0,,23.0,7.0,40.0,34.0,41.0,41.0,37.0,38.0,19.0,30.0,21.0,24.0,7.0,17.0,,35.0,4.0,,32.0,46.0,,5.0,22.0,28.0,33.0,49.0,,26.0,15.0,51.0,13.0,14.0,36.0,24.0,24.0,22.0,17.0,3.0,13.0,19.0,39.0,,28.0,21.0,,19.0,14.0,17.0,57.0,,22.0,33.0,13.0,12.0,60.0,14.0,11.0,14.0,,40.0,20.0,,50.0,,17.0,,21.0,41.0,47.0,38.0,,,,15.0,26.0,19.0,,12.0,39.0,0.0,24.0,20.0,,16.0,16.0,37.0,31.0,,31.0,,25.0,22.0,,13.0,14.0,35.0,17.0,21.0,19.0,42.0,9.0,,,,32.0,19.0,33.0,,28.0,57.0,,,14.0,23.0,,37.0,40.0,36.0,,38.0,,35.0,35.0,,28.0,59.0,51.0,,,9.0,35.0,30.0,,59.0,60.0,26.0,,20.0,8.0,32.0,17.0,41.0,50.0,26.0,,19.0,50.0,,,,17.0,4.0,20.0,29.0,52.0,41.0,,44.0,,16.0,25.0,,55.0,14.0,28.0,8.0,21.0,51.0,46.0,48.0,38.0,40.0,48.0,39.0,,40.0,42.0,13.0,48.0,27.0,27.0,,18.0,44.0,26.0,31.0,,15.0,44.0,48.0,10.0,,41.0,27.0,11.0,,45.0,14.0,12.0,54.0,19.0,34.0,26.0,24.0,23.0,38.0,50.0,16.0,30.0,52.0,35.0,54.0,,2.0,38.0,36.0,20.0,,8.0,5.0,20.0,17.0,28.0,35.0,,38.0,36.0,,36.0,43.0,,48.0,47.0,32.0,56.0,28.0,31.0,44.0,16.0,43.0,51.0,16.0,43.0,28.0,49.0,14.0,24.0,18.0,42.0,14.0,25.0,35.0,31.0,39.0,59.0,35.0,50.0,27.0,52.0,,28.0,24.0,30.0,,19.0,29.0,,20.0,13.0,22.0,40.0,50.0,,34.0,26.0,9.0,,42.0,54.0,29.0,,14.0,22.0,,,20.0,31.0,52.0,22.0,15.0,50.0,40.0,40.0,,,,17.0,15.0,25.0,31.0,,50.0,14.0,23.0,15.0,23.0,,36.0,28.0,24.0,37.0,59.0,18.0,11.0,24.0,45.0,37.0,34.0,,,,49.0,4.0,,31.0,56.0,,34.0,7.0,19.0,17.0,,,15.0,35.0,56.0,43.0,46.0,,60.0,40.0,38.0,,30.0,55.0,35.0,45.0,,22.0,17.0,,11.0,14.0,29.0,22.0,27.0,31.0,,,10.0,25.0,58.0,,20.0,,32.0,34.0,42.0,21.0,38.0,24.0,20.0,55.0,,32.0,14.0,25.0,17.0,0.0,15.0,12.0,44.0,,53.0,35.0,31.0,43.0,,21.0,28.0,15.0,25.0,32.0,,29.0,,51.0,60.0,23.0,43.0,12.0,34.0,34.0,,6.0,22.0,40.0,,23.0,10.0,33.0,7.0,30.0,43.0,9.0,50.0,38.0,18.0,56.0,32.0,48.0,50.0,42.0,14.0,16.0,,,15.0,48.0,44.0,24.0,34.0,,17.0,45.0,38.0,17.0,50.0,,24.0,56.0,43.0,27.0,29.0,,5.0,,,11.0,52.0,15.0,42.0,56.0,24.0,18.0,20.0,57.0,,,,,31.0,49.0,,45.0,59.0,18.0,,41.0,50.0,23.0,19.0,32.0,24.0,47.0,48.0,33.0,41.0,21.0,,42.0,,,,9.0,,45.0,,23.0,43.0,39.0,,30.0,45.0,,40.0,35.0,25.0,,41.0,18.0,12.0,38.0,33.0,43.0,51.0,,10.0,,21.0,31.0,15.0,36.0,58.0,,,26.0,49.0,,55.0,30.0,23.0,31.0,26.0,44.0,25.0,19.0,,49.0,22.0,52.0,,10.0,27.0,33.0,43.0,44.0,26.0,,,43.0,17.0,21.0,22.0,,,22.0,32.0,31.0,31.0,11.0,37.0,23.0,,37.0,44.0,29.0,31.0,44.0,20.0,55.0,41.0,11.0,26.0,37.0,33.0,25.0,33.0,20.0,50.0,41.0,19.0,29.0,21.0,40.0,15.0,53.0,56.0,6.0,8.0,21.0,45.0,22.0,34.0,28.0,14.0,,26.0,,22.0,,10.0,22.0,14.0,37.0,21.0,16.0,31.0,38.0,47.0,22.0,,46.0,14.0,46.0,,19.0,50.0,37.0,25.0,,52.0,55.0,,,26.0,,44.0,,,50.0,49.0,,58.0,,42.0,22.0,51.0,23.0,,24.0,24.0,40.0,,26.0,,40.0,,37.0,24.0,18.0,,,,3.0,26.0,55.0,,27.0,11.0,35.0,9.0,16.0,19.0,39.0,28.0,,,52.0,37.0,22.0,,,39.0,6.0,20.0,,,22.0,,11.0,52.0,22.0,11.0,19.0,0.0,,,31.0,21.0,,33.0,,49.0,,10.0,23.0,34.0,40.0,,26.0,39.0,2.0,,,13.0,30.0,17.0,,40.0,41.0,0.0,,36.0,49.0,18.0,38.0,43.0,25.0,41.0,,39.0,14.0,,56.0,,42.0,,16.0,14.0,6.0,26.0,25.0,,,16.0,,42.0,24.0,54.0,,,18.0,,18.0,12.0,40.0,16.0,,,28.0,53.0,,29.0,55.0,,38.0,,33.0,,,45.0,28.0,59.0,,,24.0,46.0,,58.0,51.0,36.0,10.0,12.0,58.0,48.0,13.0,,34.0,36.0,18.0,28.0,,32.0,51.0,,45.0,12.0,19.0,32.0,17.0,15.0,,21.0,12.0,28.0,53.0,30.0,16.0,13.0,35.0,20.0,35.0,21.0,19.0,28.0,58.0,,23.0,,,,24.0,46.0,18.0,22.0,26.0,60.0,,,11.0,56.0,28.0,22.0,36.0,18.0,34.0,18.0,28.0,0.0,10.0,34.0,,53.0,39.0,55.0,,27.0,16.0,57.0,54.0,18.0,25.0,28.0,36.0,22.0,16.0,,16.0,,19.0,,34.0,49.0,23.0,,32.0,20.0,25.0,,42.0,,48.0,34.0,51.0,41.0,,8.0,54.0,27.0,55.0,34.0,58.0,,,15.0,,30.0,,49.0,51.0,,32.0,27.0,,,5.0,60.0,,22.0,,11.0,58.0,,,,37.0,44.0,40.0,43.0,20.0,19.0,25.0,19.0,27.0,,24.0,13.0,41.0,27.0,,40.0,8.0,20.0,28.0,36.0,30.0,10.0,48.0,21.0,,,33.0,,11.0,,13.0,34.0,26.0,36.0,21.0,30.0,,,23.0,,31.0,31.0,41.0,34.0,52.0,23.0,,,,,17.0,,16.0,24.0,52.0,24.0,,,,20.0,19.0,0.0,27.0,22.0,51.0,42.0,58.0,50.0,18.0,29.0,,,,40.0,22.0,,11.0,21.0,50.0,44.0,56.0,,38.0,18.0,26.0,26.0,,,0.0,41.0,,42.0,24.0,25.0,57.0,32.0,32.0,,,,27.0,25.0,8.0,38.0,15.0,13.0,0.0,49.0,14.0,,60.0,,39.0,25.0,40.0,24.0,16.0,52.0,13.0,,49.0,,53.0,39.0,,16.0,19.0,,56.0,54.0,,49.0,,36.0,40.0,39.0,37.0,43.0,18.0,,,47.0,55.0,33.0,9.0,26.0,,45.0,,26.0,144,3,2.5639943741209565,18.339982901111426,-0.3597152492180645
3,3,5,4,6,2,5,9,3,4,6,7,7,7,8,8,4,4,16,11,6,14,7,9,4,10,1,7,6,8,9,7,9,6,13,5,11,16,8,7,14,10.0,10,17,1,15,15,4,2,21,11,15,9,12,20,9,12,16,7,8,8,17,6,11,20.0,9,14,13,6,7,14,8,3,8,12,17,13,8,13,5,20,11,12,9,11,21,7,16,21,9,10,7,30,18,20,17,13,7,8,13,21,21,11,6,10,17,9,15,14,10,9,11.0,17,12,13.0,10,9,20,17,9,11,16,15,12,6,16,11,19.0,10,1,19,9,41.0,5,18,19.0,12,3,6,12,13,12,18,10,21.0,,22,11.0,13,16,11,9,20.0,15,14,7,16,58.0,8,15,22,16,9,23,25,27.0,15,16,15,14,12,5.0,5,16,18,18,19,29.0,6,17.0,19,12,8,22,7,16.0,29.0,10,22,11.0,23.0,12,29,9,12,21,10,8,33.0,22,18,28.0,15,3,12,4,3.0,23,13,25,11,15.0,11,21,11,10,18,23,11,23.0,34.0,17,20,19,28.0,14,16,8,,4,6.0,34.0,23,15,40.0,0,19,16,21.0,30.0,24,16,12,18,23,7.0,12,11,24,10,34,14,17.0,44.0,15,8.0,27.0,10.0,17.0,20,8.0,11,18,9,19.0,20.0,25.0,,28.0,14,18.0,23.0,10.0,13,18,16.0,10,15,8,19.0,26.0,40.0,18,13.0,15,16,16.0,10.0,6,6.0,25.0,12,18,31.0,13,17.0,29.0,24.0,14,11,23.0,18,15,26,12,27,23,16,25,14,33,10,11,14.0,12.0,24,19,9,12.0,21.0,20,34,14,14.0,15,,25,8,23,9,23,18.0,11,18.0,13,21,7.0,0,15,18,13.0,9.0,29,35.0,17.0,19.0,15.0,15.0,15,15.0,14,24,10,34.0,17,44.0,27.0,19,17.0,49.0,23.0,22,49.0,13,12,17,28,17,18,21,18.0,0,13.0,24,9,16,55.0,23,38.0,23,13.0,17,13.0,19,27,14.0,16,23.0,28,37.0,23.0,13,32,,12.0,14.0,11.0,8.0,19,21.0,22.0,17,38.0,16,11,29.0,,17,13.0,38,12.0,45.0,23,19,18,29.0,14,29.0,11.0,29,43.0,19,13.0,20,24,15,11.0,30.0,10,14,7,12.0,25.0,21,11,39.0,16,22.0,7.0,34.0,6.0,,11.0,10.0,29.0,,9.0,19,22,22.0,46.0,58.0,19.0,22.0,,32.0,16.0,18,4,58.0,13.0,16,,27.0,,12.0,41.0,22.0,15,11,40.0,24.0,7.0,27.0,9,23.0,26.0,22.0,31,18,22,,,24.0,19.0,15,22,18.0,19.0,20,10.0,17.0,23,7.0,41.0,0.0,31,13.0,24,16.0,18.0,37.0,8,24.0,16,35.0,30,13,,36.0,26.0,40.0,10,17,16,24.0,26,13.0,16,33,22.0,30,20,28.0,34.0,37,9,21.0,13.0,,51.0,18.0,16.0,25,35.0,11,32,20.0,25.0,28.0,22.0,41.0,33.0,14,12,18.0,5.0,20.0,47.0,13.0,40.0,19,14.0,0,43.0,16.0,50.0,34.0,17,19.0,23,,22.0,24.0,23,,,,19,21,33.0,41.0,25.0,,,19.0,20.0,9.0,31.0,23.0,15.0,11.0,19,19,56.0,12.0,11.0,12,27,16,0,29.0,,13,16,20.0,40.0,22,38.0,20.0,10.0,36,10.0,,,0,41.0,34.0,15.0,,50.0,21.0,20,24.0,11,27.0,14,31,12,22.0,36.0,12.0,32.0,31.0,,,26.0,28.0,39.0,25.0,25,16.0,40.0,26,39.0,18.0,36.0,25.0,19,24.0,52.0,,19,9,56.0,25,33.0,17.0,44.0,20.0,21,15.0,18,22,7.0,17,43.0,8,29.0,28.0,18.0,10,27,11.0,51.0,19,17.0,19,19.0,4,52.0,30.0,36.0,,22.0,56.0,26,12.0,14.0,52.0,,8.0,21.0,7.0,16,24,33.0,21,28,14,16.0,32.0,29.0,35.0,15.0,28.0,23,23.0,21.0,24.0,12,8.0,19.0,26.0,7.0,11.0,26,27.0,24.0,28.0,43.0,18.0,19.0,32.0,22,46.0,,15.0,,29.0,17.0,29.0,27,18.0,,26.0,,24,21,9.0,,18,40.0,56.0,30.0,6,23.0,0.0,9.0,7.0,17,43.0,,21.0,21.0,20.0,31.0,0.0,44.0,29.0,19,23,45.0,40.0,30.0,30.0,22.0,50.0,2.0,55.0,31.0,31.0,18,21,19.0,20,30.0,43.0,53.0,28.0,30,6,54.0,15.0,10.0,41.0,,34.0,,41.0,29.0,32,29.0,,23.0,46.0,31.0,10.0,18,20.0,41.0,12.0,14,,5.0,10.0,51.0,25.0,25.0,12,,45,13.0,26.0,11.0,23.0,25.0,24.0,16.0,21.0,23.0,21.0,50.0,45.0,27.0,19.0,13.0,25.0,,25.0,6.0,23.0,57.0,26,26.0,10.0,17,23.0,58.0,23,27.0,37.0,,18,17,17,19.0,26.0,43.0,14.0,,22.0,7.0,,,19,8.0,20,4.0,27,28,17.0,22,25.0,,36.0,53.0,30,10.0,12.0,0.0,11.0,30.0,17.0,37,29.0,33,58.0,24.0,30.0,20,21.0,15,26,45.0,30.0,33.0,28,,,25,27.0,3.0,30.0,7.0,26.0,17.0,9.0,48.0,18,18.0,25.0,14.0,57.0,30.0,27.0,52.0,10.0,25,27.0,21,,23.0,30.0,35.0,21,16,23.0,25.0,46.0,22.0,,17.0,14.0,,,8,17.0,17.0,27,44,38.0,56.0,16,20.0,19.0,15,28.0,11,23,16,16.0,21.0,8.0,7.0,35.0,24.0,34.0,22.0,42.0,13.0,36.0,17.0,24.0,24.0,,12.0,14.0,27.0,44.0,20.0,32.0,21.0,26.0,,35.0,18.0,,47.0,41.0,22.0,22.0,20.0,20.0,25.0,16.0,42.0,40.0,33.0,34.0,31.0,20.0,42.0,7.0,36.0,9.0,18.0,,22.0,13,16.0,30.0,34.0,33,29.0,38.0,14.0,27.0,26.0,28.0,28.0,21.0,18.0,32.0,11.0,46.0,17.0,11.0,30.0,56.0,32.0,27.0,27.0,30.0,13.0,19.0,57.0,23.0,20.0,22.0,19.0,27.0,18,14.0,27.0,56.0,11,31.0,30.0,,24.0,24.0,32.0,24.0,24.0,15.0,15,27.0,,27.0,44.0,,0.0,14,16,16.0,30.0,6.0,57.0,14.0,25.0,19,18,,39.0,17.0,,24.0,18.0,36.0,8.0,28.0,19.0,9.0,27.0,34.0,20.0,10.0,21.0,18,30.0,48.0,43.0,15.0,29.0,17,51.0,27,8.0,22,36.0,36.0,19.0,30.0,49.0,26.0,19.0,31.0,17.0,48.0,,26.0,11,51.0,41.0,20.0,23.0,9.0,24,22.0,11.0,11.0,,15.0,34.0,13.0,15.0,47.0,14,7,57.0,,,26.0,23.0,14.0,23.0,15.0,30,27.0,35.0,27.0,42.0,44.0,19.0,13.0,14.0,24,36.0,37.0,20.0,31,42,,16.0,10.0,21.0,44.0,43.0,45.0,,12.0,33.0,,19.0,17.0,,45.0,36,18.0,43.0,58.0,,51.0,17,39.0,16.0,11,20.0,44.0,54.0,0.0,54.0,31.0,12.0,0.0,54.0,3.0,,15,15.0,38.0,49.0,34.0,29,25.0,,31.0,16.0,45.0,,29.0,37.0,27.0,15.0,30.0,26.0,21.0,20,18,27.0,18.0,47.0,11.0,,23,19,26.0,43.0,36.0,29.0,27.0,16.0,26.0,21.0,24.0,43.0,18.0,51.0,19.0,34.0,51.0,19,17,21.0,32.0,43.0,23.0,20.0,16,10.0,28.0,44.0,55.0,15.0,20.0,30.0,41.0,37.0,22.0,11.0,14.0,23.0,16.0,,43,25.0,39.0,24,14.0,,21.0,25.0,14.0,,16.0,,14.0,50.0,18.0,,10.0,53.0,31.0,52.0,23.0,36.0,24.0,,6.0,,,26.0,12.0,,41.0,23.0,16.0,,51.0,23.0,,36.0,16.0,14.0,0.0,,36.0,40.0,54.0,22.0,28.0,40.0,28.0,32.0,22.0,,,10.0,40.0,45.0,,31.0,31.0,16.0,31.0,46.0,14.0,25.0,23.0,13,19.0,39.0,,43.0,,10.0,3.0,39.0,0.0,22.0,26.0,29.0,36.0,15.0,24.0,24.0,,12.0,49.0,25.0,41.0,19.0,18.0,55.0,19.0,,15.0,46.0,22.0,28.0,27.0,38.0,15.0,23.0,,15.0,20.0,44.0,7.0,,2.0,39.0,30.0,15.0,11.0,46.0,57,35.0,23.0,,38.0,24.0,,34.0,18.0,12.0,0,48.0,,,29.0,34.0,27.0,32.0,20.0,37.0,26.0,17.0,14.0,19.0,20.0,24.0,35.0,10,40.0,23.0,48.0,40.0,27.0,38.0,12.0,9.0,8.0,29.0,,28.0,12.0,34.0,,18.0,20.0,,34.0,7.0,37.0,23.0,33.0,9.0,26,18,9.0,30.0,14.0,17.0,16.0,20.0,20.0,50.0,39.0,16.0,,,32.0,49.0,36.0,27.0,20.0,,7.0,31.0,23.0,53.0,29.0,49.0,14.0,22.0,45.0,19.0,19.0,40.0,40.0,36.0,14.0,47.0,35.0,35.0,23.0,44.0,15.0,31.0,14.0,49.0,29.0,32.0,28.0,11.0,,26.0,31,33.0,12.0,32.0,,20,20.0,,44.0,22.0,,,35.0,28.0,11,19.0,36.0,22.0,19.0,,10.0,,25,33.0,28.0,22.0,,17,28.0,39.0,,18.0,,18.0,,47.0,13.0,54.0,23.0,14.0,3.0,13.0,40.0,36.0,43.0,33.0,55.0,23.0,35.0,42.0,15.0,,19,45.0,22.0,42.0,38.0,21.0,,10.0,28.0,34.0,27.0,18.0,23.0,7.0,25,15.0,13.0,44.0,19.0,25.0,49.0,58.0,33.0,44.0,,31.0,38.0,31.0,17.0,38.0,,49.0,,13.0,,,18.0,49.0,21.0,20.0,,45.0,37.0,8.0,14.0,38.0,40.0,26.0,22.0,27.0,,14.0,54.0,,47.0,41.0,,36.0,44.0,22.0,43.0,,13.0,17.0,7.0,6.0,21.0,14.0,,58.0,16.0,14.0,39.0,30.0,30.0,17.0,17.0,5.0,54.0,18.0,30.0,21.0,,9.0,31,,,40.0,13.0,,45.0,50.0,27.0,18.0,36.0,23.0,,49.0,1.0,,20.0,26.0,5.0,18.0,23.0,11.0,,6.0,25.0,39.0,18.0,39.0,45.0,22.0,,36.0,24.0,,20.0,17.0,35.0,49.0,,49.0,23.0,13.0,32.0,15.0,21.0,,18.0,,45.0,26.0,40.0,,24.0,51.0,8.0,12.0,22.0,56.0,11.0,35.0,11.0,33.0,,,48.0,32.0,35.0,16.0,24.0,19.0,55.0,,0.0,54.0,32.0,12.0,24.0,32.0,18.0,12.0,2.0,35.0,,25.0,28.0,0.0,24.0,54.0,18.0,53.0,15.0,26.0,53.0,13.0,,25.0,32.0,27.0,23.0,32.0,30.0,42.0,40.0,36.0,,13.0,45.0,,23.0,16.0,34.0,18.0,,32.0,26.0,26.0,36.0,15.0,34.0,23.0,33.0,33.0,22.0,48.0,23.0,16.0,53.0,39.0,39.0,17,28.0,0.0,14.0,17.0,31.0,12.0,2.0,48.0,34.0,36.0,15,17.0,21.0,3.0,55.0,45.0,22.0,20.0,26.0,16,37.0,24.0,14.0,35.0,10.0,43.0,34.0,,15.0,37.0,24.0,16.0,26.0,31.0,42.0,42.0,31.0,,58.0,,45.0,4.0,46.0,,17.0,9.0,40.0,45.0,31.0,27.0,31.0,26.0,20.0,,43.0,33.0,8.0,,39.0,41.0,22.0,9.0,12.0,11.0,14.0,18.0,0.0,,,,11.0,11.0,28.0,37.0,,30.0,29.0,0.0,24.0,35.0,10.0,25.0,17.0,10.0,,,26.0,37.0,,,38.0,35.0,46.0,55.0,25.0,,31.0,34.0,34.0,,49.0,53.0,24.0,24.0,,19.0,21.0,24.0,18.0,29.0,35.0,23.0,,24.0,19.0,,21.0,,16.0,,19.0,41.0,27.0,40.0,16.0,31.0,24.0,11.0,19,24.0,,21.0,31.0,15.0,34.0,,47.0,55.0,43.0,,22.0,24.0,,,35.0,45.0,25.0,,36.0,,,39.0,27.0,43.0,44.0,,14.0,25.0,37.0,32.0,27.0,,13.0,27.0,57.0,36.0,32.0,,30.0,11.0,21.0,40.0,24.0,,43.0,20.0,36.0,22.0,33.0,44.0,20.0,20.0,18.0,,9.0,54.0,20.0,42.0,20.0,,19.0,46.0,52.0,21.0,22.0,58.0,48.0,14.0,25.0,,28.0,50.0,29.0,,,20.0,,22.0,20,15.0,35.0,32,13.0,16.0,15.0,20.0,14.0,25.0,19.0,17.0,24.0,23.0,28.0,16.0,31.0,54.0,11.0,17.0,,49.0,25.0,52.0,25.0,46.0,,42.0,,,31.0,34.0,31.0,39.0,41.0,30.0,51.0,53.0,33.0,42.0,58.0,16.0,36.0,17.0,23.0,,24.0,55.0,21.0,16.0,30.0,31.0,36.0,40.0,43.0,22.0,,,35.0,40.0,,34.0,20.0,41.0,32.0,8.0,37.0,20.0,,,30.0,36.0,23.0,,,53.0,32.0,,29.0,36.0,0.0,17.0,41.0,16.0,15.0,14.0,37.0,19.0,45.0,22.0,,38.0,50.0,36.0,31.0,55.0,,35.0,52.0,53.0,18.0,20.0,17.0,20.0,,51.0,28.0,38.0,21.0,18.0,38.0,21.0,,26.0,,56.0,24.0,31.0,36.0,0.0,,,32.0,19.0,18.0,43.0,40.0,17.0,,31.0,20.0,43.0,27.0,,33.0,25.0,13.0,21.0,21.0,,,49.0,22.0,8.0,40.0,4.0,24.0,16.0,,26.0,,,49.0,22.0,43.0,13.0,21.0,,,47.0,31.0,50.0,48.0,43.0,39.0,45.0,,35.0,10.0,46.0,27.0,15.0,35.0,48.0,,37.0,21.0,40.0,44.0,39.0,20.0,7.0,49.0,44.0,6.0,,20.0,,20.0,37.0,32.0,,32.0,54.0,52.0,25.0,37.0,15.0,30.0,,16.0,47.0,0.0,31.0,53.0,18.0,19.0,38.0,50.0,17.0,13.0,45.0,,23.0,11.0,30.0,10.0,48.0,33.0,,16.0,32.0,33.0,58.0,28.0,35.0,16.0,24.0,24.0,23.0,11.0,27.0,,36.0,18.0,45.0,18.0,13.0,17.0,50.0,44.0,36.0,40.0,,30.0,14.0,25.0,33.0,9.0,28.0,,,20.0,14.0,18.0,21.0,8.0,,35.0,39.0,,7.0,19.0,16.0,12.0,19.0,30.0,29.0,47.0,20.0,10.0,21.0,23.0,54.0,22.0,,12.0,,16.0,42.0,,33.0,,31.0,46.0,40.0,,17.0,19.0,47.0,,52.0,54.0,57.0,,,51.0,29.0,24.0,40.0,15.0,13.0,,58.0,35.0,,,25.0,18.0,23.0,30.0,39.0,,20.0,16.0,,19.0,,13.0,15.0,,29.0,5.0,20.0,46.0,26.0,,53.0,24.0,24.0,17.0,,34.0,,33.0,39.0,27.0,22.0,,30.0,40.0,,17.0,19.0,18.0,24.0,,32.0,35.0,,7.0,30.0,41.0,20.0,13.0,14.0,16.0,15.0,,,45.0,14.0,,37.0,,24.0,28.0,12.0,,19.0,,24.0,53.0,,,,21.0,40.0,38.0,13.0,31.0,53.0,8.0,44.0,0.0,29.0,22.0,8.0,34.0,,18.0,22.0,18.0,23.0,,7.0,,,31.0,30.0,,28.0,38.0,,51.0,12.0,40.0,30.0,21.0,,,,46.0,,,28.0,40.0,8.0,17.0,,,,30.0,16.0,10.0,28.0,23.0,12.0,,52.0,,58.0,,,30.0,36.0,52.0,,,49.0,47.0,,53.0,,18.0,40.0,44.0,30.0,,56.0,20.0,29.0,7.0,53.0,21.0,3.0,22.0,,46.0,14.0,35.0,23.0,32.0,40.0,30.0,10.0,40.0,41.0,39.0,39.0,54.0,52.0,24.0,28.0,,53.0,14.0,48.0,14.0,24.0,49.0,54.0,,27.0,45.0,54.0,34.0,10.0,39.0,32.0,52.0,7.0,43.0,,20.0,29.0,38.0,52.0,46.0,,54.0,,19.0,48.0,5.0,,,,47.0,19.0,21.0,21.0,,,14.0,,12.0,23.0,,,54.0,46.0,25.0,49.0,10.0,6.0,34.0,52.0,7.0,21.0,14.0,22.0,,31.0,12.0,28.0,38.0,18.0,26.0,35.0,22.0,,23.0,,33.0,38.0,,23.0,,,,,58.0,53.0,,35.0,23.0,9.0,28.0,33.0,,,,44.0,34.0,24.0,47.0,36.0,34.0,32.0,35.0,,0.0,9.0,,42.0,30.0,,44.0,14.0,47.0,20.0,29.0,4.0,27.0,,21.0,26.0,23.0,39.0,12.0,,25.0,31.0,,,18.0,42.0,40.0,52.0,34.0,53.0,,22.0,13.0,,,,27.0,37.0,40.0,46.0,17.0,,51.0,,,15.0,35.0,32.0,,20.0,49.0,22.0,19.0,,8.0,,21.0,26.0,14.0,,54.0,46.0,13.0,55.0,41.0,,43.0,43.0,,,24.0,30.0,46.0,25.0,25.0,9.0,34.0,17.0,,26.0,25.0,27.0,32.0,44.0,17.0,25.0,45.0,12.0,41.0,47.0,,,24.0,39.0,26.0,14.0,,23.0,,37.0,16.0,20.0,31.0,,20.0,8.0,26.0,49.0,58.0,53.0,,30.0,16.0,28.0,40.0,58.0,38.0,,22.0,31.0,10.0,39.0,29.0,,,42.0,37.0,,,45.0,13.0,32.0,35.0,14.0,47.0,58.0,42.0,20.0,28.0,35.0,31.0,,19.0,,57.0,,23.0,34.0,,56.0,17.0,,15.0,44.0,28.0,17.0,26.0,,14.0,,47.0,9.0,25.0,12.0,,,55.0,32.0,,8.0,36.0,,33.0,21.0,17.0,17.0,,43.0,14.0,,28.0,,17.0,47.0,34.0,45.0,,58.0,12.0,49.0,14.0,10.0,31.0,50.0,43.0,32.0,,33.0,45.0,28.0,24.0,25.0,31.0,26.0,55.0,17.0,17.0,41.0,48.0,31.0,14.0,58.0,28.0,42.0,,,9.0,31.0,21.0,56.0,26.0,26.0,,19.0,30.0,50.0,10.0,,42.0,44.0,1.0,24.0,28.0,,47.0,18.0,26.0,,30.0,28.0,55.0,32.0,,,31.0,,47.0,36.0,22.0,58.0,13.0,40.0,22.0,13.0,,42.0,45.0,31.0,,40.0,30.0,53.0,,29.0,39.0,21.0,32.0,5.0,13.0,25.0,48.0,,,,35.0,32.0,,,,14.0,,19.0,29.0,16.0,40.0,27.0,50.0,23.0,16.0,27.0,3.0,16.0,57.0,15.0,34.0,41.0,,23.0,28.0,9.0,40.0,38.0,,21.0,45.0,43.0,,25.0,,,,,11.0,,41.0,42.0,7.0,39.0,43.0,46.0,,48.0,29.0,,26.0,14.0,44.0,33.0,29.0,32.0,55.0,,16.0,,11.0,22.0,46.0,29.0,9.0,46.0,41.0,35.0,19.0,,42.0,21.0,43.0,,22.0,17.0,23.0,,,,12.0,47.0,54.0,17.0,30.0,,45.0,24.0,40.0,34.0,45.0,,,,37.0,,35.0,,37.0,46.0,57.0,26.0,11.0,36.0,32.0,24.0,53.0,8.0,23.0,33.0,57.0,,56.0,48.0,37.0,38.0,,39.0,3.0,9.0,30.0,34.0,34.0,,0.0,56.0,43.0,17.0,52.0,30.0,57.0,42.0,34.0,36.0,27.0,38.0,11.0,30.0,30.0,44.0,31.0,35.0,31.0,,21.0,12.0,33.0,,31.0,11.0,,34.0,41.0,,41.0,6.0,,,,26.0,53.0,36.0,19.0,12.0,29.0,,3.0,,27.0,45.0,35.0,,15.0,43.0,,30.0,,,17.0,30.0,24.0,58.0,20.0,18.0,,,49.0,,22.0,58.0,8.0,53.0,14.0,,,5.0,16.0,22.0,0.0,,,25.0,0.0,58.0,51.0,,,28.0,18.0,17.0,35.0,22.0,,,16.0,30.0,,,13.0,47.0,,44.0,46.0,22.0,,,55.0,30.0,,,0.0,58.0,,53.0,17.0,38.0,,37.0,,,20.0,145,3,2.486896551724138,18.039530220567173,-0.33947244619969674
2,2,1,3,4,1,6,6,5,5,3,4,9,3,7,4,17,9,20,20,7,11,6,10,10,4,6,7,4,9,11,7,5,6,8,8,12,6,11,8,12,43.0,8,4,4,7,16,13,3,31,7,10,10,4,10,12,7,7,0,9,6,26,7,7,15.0,16,12,11,13,0,8,17,9,8,7,11,15,17,6,7,7,11,2,4,8,8,6,15,13,20,11,9,25,10,7,8,9,9,4,7,11,11,15,14,16,16,9,18,6,3,8,19.0,17,9,23.0,18,18,17,15,37,7,14,9,17,8,2,13,15.0,8,15,9,9,52.0,9,15,31.0,11,4,13,5,8,14,5,8,16.0,33.0,21,11.0,7,19,12,7,36.0,17,17,12,13,48.0,11,24,40,15,14,25,16,37.0,10,25,5,14,6,41.0,9,20,8,14,9,7.0,15,43.0,15,10,16,7,16,46.0,16.0,17,14,42.0,34.0,14,23,10,16,19,4,12,22.0,11,12,22.0,9,15,16,4,24.0,26,10,17,12,47.0,50,13,19,15,0,18,15,54.0,21.0,9,17,11,19.0,13,12,10,42.0,13,34.0,37.0,20,19,15.0,32,18,8,8.0,37.0,10,21,9,14,8,44.0,16,11,15,13,17,3,21.0,19.0,17,15.0,22.0,18.0,15.0,8,20.0,10,8,7,56.0,7.0,26.0,4.0,18.0,12,45.0,22.0,39.0,9,19,9.0,9,19,18,15.0,12.0,25.0,31,34.0,18,8,36.0,20.0,18,20.0,6.0,6,31,32.0,5,16.0,8.0,16.0,19,14,25.0,20,12,22,12,12,0,11,23,25,16,49,8,16.0,10.0,9,13,14,31.0,18.0,10,19,16,15.0,16,10.0,9,18,13,9,26,34.0,0,5.0,17,16,43.0,16,17,17,13.0,7.0,21,16.0,,11.0,22.0,0.0,17,11.0,12,24,14,26.0,14,36.0,12.0,18,54.0,27.0,21.0,38,40.0,1,17,16,22,9,29,15,11.0,32,32.0,16,16,15,30.0,8,3.0,12,20.0,10,27.0,22,6,15.0,15,26.0,19,8.0,18.0,3,6,42.0,26.0,28.0,29.0,,18,11.0,25.0,30,,10,20,,21.0,37,45.0,24,29.0,12.0,37,32,11,5.0,0,13.0,20.0,27,28.0,26,46.0,33,15,9,22.0,23.0,47,12,16,11.0,26.0,9,24,25.0,18,15.0,40.0,8.0,28.0,26.0,5.0,7.0,24.0,38.0,8.0,14,30,28.0,19.0,6.0,30.0,27.0,18.0,48.0,17.0,12,12,34.0,,14,,18.0,,23.0,,10.0,10,13,41.0,34.0,16.0,12.0,24,,27.0,34.0,8,6,12,17.0,24.0,19.0,15.0,15,18,32.0,23.0,19,37.0,20.0,16,37.0,14.0,27.0,10,13.0,3,15.0,27.0,12.0,13,15.0,17,1.0,12,12,34.0,29.0,,54.0,18,10,48,36.0,21,23.0,13,25,21.0,1,18,28.0,19.0,33,19,34.0,12.0,,10.0,20.0,8.0,9,25.0,21,10,15.0,49.0,,19.0,2.0,13.0,12,42,41.0,34.0,10.0,20.0,27.0,15.0,13,26.0,12,53.0,16.0,19.0,3.0,14,19.0,15,,,36.0,17,15.0,50.0,23.0,24,11,32.0,,18.0,,,15.0,25.0,18.0,39.0,19.0,,26.0,32,32,30.0,55.0,28.0,9,18,12,12,33.0,24.0,15,3,57.0,40.0,10,1.0,35.0,28.0,28,10.0,18.0,,26,27.0,15.0,23.0,24.0,27.0,39.0,11,18.0,19,18.0,17,24,21,18.0,16.0,41.0,14.0,26.0,,,44.0,17.0,18.0,20.0,12,50.0,,29,14.0,,12.0,38.0,16,10.0,42.0,39.0,13,29,16.0,27,19.0,25.0,10.0,29.0,6,33.0,22,25,37.0,30,18.0,2,23.0,30.0,24.0,10,32,46.0,20.0,26,12.0,21,,18,,,,,27.0,23.0,19,10.0,6.0,31.0,32.0,8.0,29.0,13.0,12,14,13.0,29,11,11,50.0,31.0,13.0,17.0,13.0,39.0,29,17.0,34.0,20.0,15,23.0,,46.0,32.0,48.0,5,25.0,45.0,17.0,,37.0,27.0,15.0,48,47.0,41.0,52.0,28.0,,21.0,7.0,15,49.0,,19.0,18.0,13,18,,31.0,13,18.0,47.0,18.0,24,39.0,21.0,6.0,,14,5.0,,17.0,1.0,21.0,7.0,,,,29,15,24.0,16.0,,15.0,,3.0,13.0,40.0,,14.0,23,14,30.0,18,42.0,18.0,19.0,20.0,19,9,28.0,12.0,23.0,15.0,7.0,15.0,17.0,47.0,3.0,11,26.0,38.0,0.0,37.0,44.0,39.0,19,20.0,22.0,20.0,10,30.0,27.0,19.0,31.0,12.0,22.0,27,55.0,36,,19.0,12.0,25.0,50.0,38.0,40.0,14.0,23.0,25.0,12.0,,11.0,27.0,,,,44.0,,6.0,27.0,19,35.0,35.0,23,11.0,13.0,11,18.0,10.0,,23,20,15,32.0,45.0,,27.0,26.0,19.0,22.0,14.0,24.0,19,32.0,25,10.0,17,26,11.0,6,,,23.0,22.0,23,,26.0,43.0,9.0,1.0,51.0,33,18.0,0,3.0,40.0,17.0,35,33.0,12,13,29.0,14.0,14.0,13,1.0,56.0,16,16.0,34.0,25.0,31.0,,9.0,22.0,13.0,39,20.0,23.0,23.0,,27.0,32.0,21.0,43.0,13,,31,9.0,37.0,56.0,21.0,0,20,17.0,11.0,12.0,23.0,13.0,41.0,27.0,25.0,28.0,3,6.0,25.0,21,27,31.0,56.0,10,19.0,42.0,13,27.0,10,7,49,52.0,24.0,17.0,3.0,22.0,34.0,,15.0,18.0,17.0,33.0,23.0,37.0,50.0,11.0,11.0,40.0,,12.0,36.0,30.0,19.0,37.0,29.0,18.0,,0.0,5.0,13.0,49.0,23.0,19.0,25.0,35.0,,18.0,55.0,35.0,38.0,22.0,22.0,,31.0,,39.0,17.0,51.0,,22,18.0,22.0,12.0,31,19.0,18.0,21.0,24.0,,6.0,30.0,11.0,5.0,,17.0,,,39.0,11.0,15.0,18.0,10.0,0.0,27.0,23.0,16.0,47.0,22.0,26.0,49.0,9.0,16.0,6,18.0,,42.0,13,11.0,21.0,28.0,16.0,,44.0,20.0,,57.0,4,8.0,10.0,11.0,6.0,16.0,,8,11,16.0,23.0,,12.0,8.0,,32,21,16.0,18.0,29.0,36.0,,18.0,19.0,18.0,34.0,22.0,5.0,34.0,19.0,17.0,31.0,24.0,12,25.0,8.0,15.0,11.0,37.0,20,51.0,50,32.0,17,21.0,,37.0,26.0,21.0,0.0,19.0,22.0,29.0,,53.0,37.0,33,57.0,,30.0,7.0,40.0,20,16.0,24.0,24.0,27.0,23.0,28.0,,46.0,32.0,16,29,15.0,8.0,20.0,24.0,12.0,23.0,23.0,25.0,39,,17.0,26.0,44.0,21.0,11.0,47.0,18.0,15,13.0,,33.0,21,25,31.0,,15.0,25.0,,0.0,50.0,22.0,24.0,15.0,,25.0,8.0,27.0,29.0,14,8.0,,42.0,31.0,11.0,10,10.0,26.0,25,54.0,18.0,20.0,,31.0,10.0,28.0,24.0,21.0,11.0,32.0,17,7.0,38.0,21.0,2.0,21,29.0,,33.0,30.0,23.0,23.0,16.0,19.0,38.0,25.0,11.0,16.0,25.0,19,21,,49.0,9.0,54.0,26.0,15,31,17.0,37.0,30.0,53.0,,32.0,7.0,41.0,6.0,24.0,32.0,23.0,23.0,8.0,30.0,14,19,24.0,19.0,29.0,15.0,,33,25.0,18.0,,30.0,9.0,29.0,15.0,19.0,16.0,27.0,18.0,55.0,42.0,27.0,43.0,12,49.0,6.0,31,36.0,36.0,12.0,19.0,44.0,36.0,15.0,14.0,11.0,53.0,56.0,,0.0,32.0,23.0,34.0,37.0,18.0,20.0,33.0,7.0,,27.0,20.0,42.0,,30.0,17.0,18.0,22.0,19.0,10.0,,15.0,31.0,20.0,30.0,35.0,19.0,25.0,8.0,17.0,,30.0,,45.0,28.0,,11.0,10.0,26.0,28.0,22.0,26.0,,29.0,16.0,22.0,,20.0,17.0,30,30.0,6.0,48.0,8.0,49.0,15.0,19.0,43.0,23.0,42.0,18.0,0.0,14.0,6.0,,5.0,,53.0,,15.0,,51.0,,34.0,19.0,25.0,28.0,41.0,43.0,45.0,32.0,43.0,9.0,,30.0,31.0,21.0,,26.0,,20.0,56.0,48.0,14.0,51.0,,4,0.0,14.0,,8.0,33.0,28.0,3.0,12.0,,22,42.0,55.0,43.0,52.0,22.0,24.0,20.0,28.0,16.0,38.0,40.0,,10.0,32.0,51.0,28.0,20,21.0,16.0,16.0,21.0,4.0,18.0,32.0,44.0,17.0,42.0,25.0,17.0,34.0,11.0,,13.0,44.0,48.0,18.0,12.0,9.0,9.0,20.0,22.0,13,13,36.0,42.0,11.0,24.0,,19.0,24.0,54.0,,21.0,,28.0,16.0,,16.0,,24.0,34.0,31.0,20.0,24.0,52.0,,,,25.0,44.0,13.0,14.0,,57.0,,4.0,44.0,,20.0,28.0,47.0,,16.0,13.0,27.0,26.0,26.0,21.0,,21.0,15.0,31,15.0,12.0,32.0,,33,,44.0,,49.0,14.0,33.0,11.0,38.0,26,41.0,33.0,22.0,30.0,27.0,,30.0,25,31.0,14.0,27.0,45.0,14,,17.0,18.0,22.0,0.0,5.0,36.0,35.0,7.0,,20.0,56.0,23.0,36.0,34.0,9.0,12.0,0.0,24.0,,31.0,54.0,24.0,,20,32.0,36.0,48.0,29.0,36.0,51.0,39.0,41.0,17.0,,52.0,,12.0,29,31.0,43.0,35.0,34.0,13.0,25.0,,36.0,29.0,37.0,42.0,47.0,18.0,30.0,,,37.0,20.0,41.0,26.0,11.0,30.0,47.0,42.0,19.0,8.0,28.0,43.0,15.0,21.0,18.0,47.0,25.0,,26.0,28.0,19.0,25.0,0.0,33.0,15.0,17.0,47.0,,15.0,28.0,,,55.0,13.0,13.0,46.0,36.0,32.0,42.0,26.0,3.0,18.0,38.0,31.0,10.0,54.0,25.0,,41.0,31.0,5.0,,10.0,20,29.0,,,37.0,,24.0,40.0,,12.0,30.0,33.0,18.0,22.0,19.0,23.0,52.0,22.0,20.0,17.0,34.0,30.0,,12.0,14.0,19.0,50.0,14.0,25.0,50.0,30.0,40.0,11.0,26.0,28.0,57.0,24.0,22.0,20.0,52.0,25.0,47.0,33.0,,,18.0,15.0,5.0,20.0,2.0,0.0,38.0,36.0,39.0,34.0,23.0,46.0,,20.0,24.0,19.0,19.0,33.0,53.0,30.0,30.0,23.0,26.0,45.0,14.0,23.0,10.0,43.0,,0.0,41.0,26.0,21.0,52.0,23.0,,43.0,51.0,13.0,18.0,7.0,38.0,45.0,,53.0,37.0,,10.0,26.0,,12.0,28.0,,29.0,,55.0,27.0,,15.0,29.0,19.0,15.0,26.0,,51.0,13.0,32.0,11.0,12.0,51.0,49.0,26.0,23.0,26.0,15.0,27.0,18.0,34.0,,17.0,53.0,17.0,,45.0,10,24.0,24.0,26.0,36.0,28.0,17.0,,21.0,20.0,,17,38.0,13.0,17.0,26.0,6.0,51.0,34.0,10.0,16,38.0,14.0,33.0,13.0,,46.0,35.0,,17.0,30.0,,19.0,14.0,,34.0,,5.0,,35.0,31.0,,22.0,34.0,53.0,39.0,19.0,25.0,57.0,,,17.0,17.0,25.0,,13.0,19.0,,41.0,39.0,,28.0,42.0,49.0,14.0,10.0,42.0,7.0,57.0,49.0,30.0,33.0,12.0,,15.0,,35.0,51.0,54.0,32.0,,28.0,17.0,12.0,36.0,,,15.0,56.0,32.0,50.0,14.0,15.0,10.0,,22.0,27.0,,37.0,13.0,18.0,40.0,39.0,16.0,22.0,48.0,24.0,0.0,48.0,0.0,52.0,37.0,,,34.0,20.0,,8.0,20.0,25.0,13.0,8.0,25.0,43.0,0.0,35.0,25.0,50.0,8.0,20,,49.0,51.0,27.0,15.0,40.0,,57.0,11.0,30.0,12.0,57.0,19.0,31.0,7.0,6.0,57.0,7.0,4.0,39.0,,36.0,24.0,27.0,45.0,55.0,42.0,48.0,40.0,26.0,44.0,15.0,27.0,30.0,23.0,12.0,47.0,0.0,45.0,40.0,28.0,8.0,36.0,50.0,11.0,,7.0,46.0,,19.0,9.0,18.0,18.0,46.0,48.0,,45.0,,37.0,21.0,,,21.0,13.0,,12.0,,36.0,,27.0,31.0,41.0,12.0,38.0,12.0,,34.0,29.0,35.0,6,18.0,16.0,10,7.0,33.0,39.0,,12.0,12.0,11.0,10.0,13.0,10.0,22.0,13.0,22.0,33.0,45.0,41.0,14.0,29.0,,52.0,13.0,23.0,,17.0,,16.0,12.0,,24.0,17.0,34.0,16.0,,33.0,9.0,42.0,,39.0,22.0,32.0,50.0,26.0,57.0,,13.0,32.0,38.0,24.0,53.0,15.0,54.0,39.0,,,48.0,36.0,23.0,,34.0,28.0,22.0,18.0,13.0,29.0,,,24.0,24.0,35.0,45.0,,40.0,20.0,43.0,46.0,29.0,36.0,,13.0,22.0,12.0,30.0,46.0,23.0,,57.0,42.0,,27.0,56.0,,43.0,,19.0,29.0,14.0,20.0,32.0,,55.0,,43.0,22.0,2.0,,20.0,20.0,3.0,,7.0,42.0,44.0,31.0,33.0,41.0,,37.0,8.0,,46.0,28.0,19.0,29.0,39.0,51.0,26.0,26.0,,21.0,37.0,26.0,57.0,,,41.0,29.0,24.0,33.0,39.0,4.0,32.0,12.0,44.0,38.0,51.0,15.0,43.0,43.0,,18.0,5.0,34.0,,44.0,40.0,,19.0,29.0,,13.0,,9.0,29.0,28.0,,34.0,25.0,37.0,52.0,,29.0,15.0,36.0,24.0,,9.0,,23.0,37.0,18.0,5.0,,12.0,45.0,30.0,,51.0,,53.0,,25.0,45.0,51.0,25.0,12.0,28.0,12.0,40.0,,18.0,22.0,22.0,,33.0,19.0,12.0,41.0,,,37.0,23.0,39.0,23.0,36.0,,43.0,27.0,,30.0,,29.0,32.0,,18.0,0.0,18.0,25.0,24.0,54.0,30.0,22.0,5.0,29.0,30.0,11.0,18.0,,,53.0,,,30.0,14.0,33.0,37.0,,8.0,,,6.0,47.0,41.0,51.0,39.0,34.0,35.0,45.0,,30.0,9.0,16.0,15.0,,41.0,25.0,31.0,24.0,,20.0,39.0,38.0,25.0,8.0,14.0,25.0,38.0,,23.0,11.0,30.0,38.0,15.0,20.0,35.0,18.0,,43.0,21.0,17.0,39.0,21.0,53.0,30.0,35.0,39.0,46.0,29.0,7.0,37.0,,17.0,25.0,11.0,8.0,45.0,,15.0,25.0,,40.0,24.0,,54.0,45.0,11.0,26.0,14.0,,45.0,48.0,,42.0,56.0,,31.0,39.0,15.0,,,23.0,22.0,,11.0,39.0,,,42.0,40.0,20.0,44.0,,38.0,25.0,34.0,,28.0,10.0,56.0,9.0,24.0,39.0,18.0,8.0,10.0,53.0,32.0,48.0,11.0,19.0,48.0,,35.0,31.0,14.0,7.0,18.0,46.0,,25.0,3.0,23.0,25.0,26.0,45.0,31.0,16.0,,36.0,7.0,14.0,15.0,10.0,,3.0,,46.0,35.0,23.0,7.0,,31.0,8.0,,,50.0,47.0,,35.0,40.0,12.0,29.0,46.0,55.0,40.0,26.0,,14.0,41.0,24.0,24.0,47.0,40.0,54.0,,36.0,38.0,22.0,,13.0,53.0,22.0,43.0,23.0,35.0,55.0,14.0,49.0,36.0,50.0,13.0,29.0,33.0,19.0,23.0,31.0,,48.0,41.0,41.0,,40.0,,16.0,19.0,22.0,22.0,49.0,,19.0,,35.0,44.0,54.0,44.0,13.0,38.0,2.0,,3.0,33.0,,57.0,47.0,,10.0,13.0,2.0,32.0,19.0,18.0,41.0,14.0,19.0,15.0,20.0,26.0,,16.0,,19.0,,,,34.0,31.0,,40.0,19.0,,40.0,,,,21.0,34.0,,29.0,44.0,,18.0,,19.0,27.0,32.0,7.0,13.0,41.0,,39.0,44.0,39.0,37.0,9.0,,20.0,44.0,,46.0,34.0,8.0,,30.0,23.0,36.0,19.0,29.0,0.0,,21.0,7.0,11.0,34.0,,5.0,39.0,25.0,42.0,15.0,26.0,,40.0,37.0,17.0,33.0,14.0,35.0,46.0,9.0,43.0,21.0,10.0,57.0,19.0,29.0,,7.0,40.0,57.0,,41.0,19.0,,33.0,4.0,17.0,25.0,37.0,31.0,38.0,,15.0,,17.0,,22.0,0.0,9.0,28.0,12.0,52.0,14.0,29.0,,51.0,38.0,32.0,41.0,33.0,22.0,,50.0,31.0,26.0,,46.0,,22.0,,,28.0,13.0,24.0,28.0,,13.0,38.0,,41.0,38.0,49.0,35.0,35.0,21.0,29.0,32.0,26.0,54.0,14.0,49.0,51.0,15.0,44.0,24.0,,14.0,39.0,43.0,31.0,14.0,,23.0,47.0,45.0,18.0,,33.0,,,13.0,21.0,12.0,40.0,24.0,,36.0,16.0,51.0,11.0,27.0,13.0,29.0,,11.0,23.0,20.0,12.0,,18.0,,,34.0,,22.0,14.0,,44.0,,43.0,27.0,27.0,46.0,36.0,12.0,31.0,43.0,27.0,16.0,,53.0,44.0,,,13.0,26.0,12.0,22.0,8.0,24.0,18.0,14.0,31.0,23.0,35.0,,29.0,,29.0,,13.0,16.0,22.0,,6.0,54.0,,49.0,22.0,24.0,,36.0,,5.0,,,10.0,28.0,19.0,,29.0,42.0,20.0,,29.0,21.0,47.0,47.0,22.0,,27.0,57.0,27.0,36.0,48.0,,24.0,,29.0,44.0,6.0,36.0,20.0,,36.0,,11.0,24.0,11.0,31.0,36.0,18.0,23.0,,,34.0,39.0,,10.0,,56.0,21.0,,,29.0,30.0,30.0,,26.0,,31.0,41.0,25.0,16.0,24.0,,36.0,27.0,,,,43.0,56.0,52.0,,12.0,,,23.0,8.0,19.0,14.0,10.0,36.0,15.0,45.0,,21.0,33.0,,27.0,48.0,47.0,,,,18.0,20.0,53.0,10.0,27.0,41.0,17.0,24.0,15.0,21.0,,21.0,25.0,21.0,22.0,32.0,32.0,,39.0,31.0,41.0,,52.0,,40.0,12.0,19.0,23.0,,,18.0,45.0,40.0,44.0,55.0,23.0,31.0,,,27.0,,,14.0,7.0,40.0,47.0,,8.0,,,,,,52.0,,40.0,40.0,37.0,20.0,17.0,53.0,40.0,22.0,42.0,29.0,23.0,,,34.0,41.0,40.0,11.0,33.0,39.0,50.0,24.0,,11.0,52.0,,16.0,54.0,,8.0,25.0,,15.0,,,31.0,,,24.0,32.0,,52.0,29.0,43.0,,45.0,,17.0,9.0,11.0,57.0,52.0,,24.0,38.0,48.0,,21.0,39.0,,,46.0,39.0,53.0,,22.0,13.0,,,32.0,35.0,,35.0,40.0,,42.0,,52.0,11.0,,,24.0,45.0,0.0,57.0,15.0,,20.0,23.0,,14.0,29.0,44.0,,27.0,3.0,44.0,46.0,47.0,57.0,8.0,27.0,46.0,12.0,31.0,,34.0,25.0,31.0,21.0,56.0,41.0,33.0,6.0,49.0,23.0,22.0,17.0,46.0,16.0,25.0,46.0,42.0,,20.0,13.0,20.0,9.0,,10.0,,34.0,43.0,53.0,56.0,41.0,53.0,27.0,34.0,,49.0,,,20.0,38.0,24.0,14.0,,35.0,15.0,40.0,,,21.0,29.0,20.0,25.0,24.0,56.0,10.0,,,17.0,3.0,44.0,28.0,2.0,,41.0,44.0,53.0,19.0,,36.0,55.0,48.0,38.0,44.0,19.0,38.0,56.0,11.0,46.0,17.0,38.0,38.0,,45.0,40.0,57.0,13.0,39.0,56.0,11.0,28.0,,23.0,17.0,34.0,,12.0,30.0,15.0,3.0,24.0,,19.0,19.0,9.0,26.0,,25.0,36.0,32.0,,40.0,45.0,15.0,42.0,30.0,32.0,32.0,35.0,45.0,37.0,146,3,2.5463483146067416,18.1251425313569,-0.33228764698450386
6,7,7,12,9,12,8,9,8,8,8,1,10,13,16,12,12,8,27,32,8,15,9,10,7,1,15,9,2,13,13,13,9,8,12,10,25,12,14,10,15,10.0,11,25,14,19,10,15,18,31,10,18,12,14,15,33,18,19,15,9,11,13,25,18,15.0,8,18,27,16,13,12,18,20,13,13,10,19,0,14,11,19,10,14,17,21,15,17,0,26,21,8,11,21,11,17,0,26,13,19,15,12,9,16,20,11,14,10,19,12,18,15,24.0,17,20,14.0,21,19,15,10,2,20,13,11,19,15,19,18,24.0,18,16,21,10,18.0,11,22,16.0,17,28,11,14,8,15,12,39,11.0,36.0,14,,18,20,27,18,,14,20,13,24,17.0,32,23,26,20,17,18,27,43.0,21,22,22,13,10,20.0,8,31,15,21,23,29.0,22,32.0,17,13,4,21,32,54.0,37.0,29,20,41.0,,15,21,14,25,20,13,19,19.0,14,10,33.0,14,21,26,23,30.0,19,19,9,11,26.0,21,20,18,30,2,11,17,22.0,15.0,11,18,19,30.0,14,18,9,24.0,21,13.0,24.0,19,23,23.0,25,23,20,30.0,54.0,8,17,19,16,21,28.0,27,9,18,29,20,33,22.0,33.0,7,22.0,34.0,31.0,19.0,24,27.0,10,26,25,46.0,41.0,22.0,,22.0,21,32.0,17.0,27.0,19,14,,11,31,15,14.0,25.0,,26,25.0,12,18,41.0,33.0,21,34.0,19.0,8,23,27.0,8,17.0,16.0,44.0,24,21,28.0,11,27,20,30,18,8,27,24,8,28,13,19,26.0,40.0,15,14,17,23.0,28.0,13,33,12,,16,32.0,22,26,29,16,18,9.0,16,17.0,24,20,34.0,22,24,23,50.0,13.0,10,26.0,14.0,11.0,14.0,,19,15.0,46,22,20,54.0,16,,49.0,22,28.0,26.0,21.0,16,14.0,12,27,24,47,42,12,20,27.0,15,33.0,28,28,35,29.0,23,25.0,24,25.0,17,,37,18,20.0,30,10.0,14,32.0,28.0,26,20,62.0,20.0,19.0,17.0,18.0,24,11.0,9.0,31,,26,15,20.0,46.0,18,40.0,17,14.0,30.0,25,21,25,29.0,3,38.0,,36,51.0,18,42.0,16,27,18,14.0,29.0,11,14,24,,19.0,26,21,36.0,15,18.0,25.0,30.0,31.0,,31.0,43.0,12.0,,33.0,20,30,20.0,29.0,8.0,21.0,9.0,,8.0,42.0,29,26,18.0,38.0,24,,32.0,31.0,44.0,39.0,32.0,18,16,52.0,8.0,22.0,24.0,44,,48.0,28.0,35,17,31,37.0,,16.0,25.0,11,22,28.0,31.0,25,36.0,20.0,26,27.0,25.0,28.0,25,27.0,22,15.0,38.0,10.0,29,35.0,23,46.0,39,19,,22.0,39.0,29.0,17,26,21,26.0,27,34.0,14,22,28.0,33,5,40.0,20.0,36,12,27.0,16.0,30.0,42.0,41.0,20.0,38,62.0,15,13,22.0,43.0,36.0,20.0,37.0,56.0,20,17,40.0,55.0,21.0,27.0,18.0,24.0,12,7.0,30,12.0,58.0,27.0,11.0,15,6.0,26,24.0,32.0,25.0,23,20.0,26.0,56.0,23,18,36.0,44.0,25.0,42.0,,21.0,38.0,25.0,,10.0,16.0,39.0,27,17,30.0,39.0,0.0,30,13,15,22,11.0,56.0,18,19,51.0,44.0,26,7.0,35.0,16.0,35,10.0,,44.0,29,23.0,,7.0,48.0,34.0,15.0,29,38.0,12,28.0,26,19,26,,39.0,24.0,16.0,61.0,23.0,44.0,23.0,39.0,,22.0,21,42.0,62.0,32,8.0,30.0,60.0,16.0,12,60.0,20.0,39.0,36,26,,21,19.0,23.0,26.0,,17,30.0,14,21,,28,34.0,40,48.0,43.0,47.0,17,22,,28.0,24,,13,18.0,13,38.0,26.0,33.0,,35.0,27.0,16,21.0,16.0,45.0,30.0,15.0,7.0,57.0,22,16,26.0,15,29,13,16.0,20.0,40.0,16.0,,50.0,29,26.0,20.0,29.0,33,12.0,16.0,17.0,15.0,,37,,25.0,28.0,,,36.0,38.0,27,28.0,39.0,,26.0,3.0,43.0,38.0,28,29.0,25.0,5.0,23.0,20,17,9.0,19.0,16,27.0,12.0,39.0,39,27.0,63.0,23.0,61.0,14,30.0,22.0,34.0,62.0,35.0,26.0,51.0,19.0,4.0,25,27,,46.0,38.0,45.0,,17.0,23.0,,45.0,44.0,36,17,29.0,32,,27.0,45.0,38.0,26,12,34.0,22.0,12.0,42.0,11.0,20.0,51.0,62.0,19.0,16,20.0,50.0,,35.0,55.0,37.0,23,23.0,28.0,29.0,24,65.0,13.0,41.0,41.0,21.0,35.0,23,25.0,30,48.0,24.0,26.0,25.0,,3.0,,37.0,33.0,33.0,65.0,17.0,21.0,10.0,10.0,20.0,33.0,24.0,,,,21,22.0,15.0,19,13.0,52.0,16,14.0,25.0,,30,16,15,22.0,50.0,,55.0,35.0,44.0,17.0,20.0,32.0,25,11.0,23,21.0,11,36,29.0,31,25.0,27.0,29.0,33.0,12,34.0,28.0,17.0,27.0,6.0,9.0,20,,32,46.0,14.0,30.0,29,42.0,17,19,20.0,12.0,,21,21.0,65.0,26,22.0,,22.0,21.0,14.0,22.0,28.0,64.0,25,12.0,18.0,26.0,63.0,28.0,37.0,8.0,39.0,36,61.0,22,27.0,27.0,43.0,31.0,32,16,18.0,11.0,51.0,52.0,29.0,15.0,28.0,29.0,45.0,16,24.0,28.0,24,26,31.0,51.0,18,24.0,34.0,27,21.0,10,34,26,22.0,27.0,23.0,21.0,,24.0,55.0,50.0,35.0,35.0,51.0,20.0,29.0,31.0,54.0,53.0,37.0,49.0,27.0,40.0,57.0,23.0,,56.0,35.0,,40.0,51.0,53.0,29.0,47.0,49.0,21.0,64.0,17.0,,37.0,,49.0,48.0,65.0,18.0,30.0,23.0,,53.0,41.0,35.0,26,17.0,29.0,16.0,17,33.0,,20.0,10.0,60.0,,23.0,12.0,,34.0,48.0,,40.0,39.0,24.0,,48.0,27.0,17.0,47.0,53.0,43.0,36.0,10.0,22.0,21.0,34.0,51.0,24,41.0,21.0,36.0,26,24.0,13.0,57.0,15.0,0.0,56.0,24.0,48.0,47.0,22,48.0,,12.0,,57.0,54.0,20,16,41.0,25.0,41.0,,62.0,31.0,25,14,6.0,48.0,57.0,,23.0,17.0,,21.0,24.0,32.0,10.0,,51.0,31.0,29.0,29.0,29,32.0,14.0,,32.0,11.0,38,,28,,25,27.0,24.0,37.0,,14.0,26.0,57.0,,36.0,16.0,,62.0,11,29.0,,20.0,34.0,53.0,24,21.0,20.0,10.0,61.0,10.0,,46.0,58.0,21.0,19,17,,,,23.0,25.0,30.0,43.0,13.0,15,,40.0,20.0,,26.0,43.0,29.0,24.0,13,43.0,44.0,19.0,29,30,26.0,,44.0,39.0,27.0,29.0,25.0,0.0,25.0,30.0,42.0,55.0,29.0,36.0,,31,18.0,23.0,41.0,44.0,17.0,21,,19.0,23,11.0,27.0,,43.0,,28.0,35.0,31.0,22.0,11.0,28.0,23,35.0,38.0,13.0,35.0,19,12.0,51.0,41.0,28.0,31.0,43.0,25.0,35.0,10.0,35.0,26.0,7.0,36.0,29,28,19.0,60.0,5.0,15.0,25.0,45,40,,,53.0,35.0,43.0,15.0,28.0,36.0,32.0,22.0,47.0,,49.0,18.0,38.0,23,0,31.0,29.0,41.0,10.0,24.0,16,48.0,21.0,51.0,32.0,10.0,43.0,28.0,54.0,39.0,21.0,17.0,51.0,35.0,38.0,,17,32.0,17.0,24,25.0,,19.0,24.0,16.0,23.0,42.0,24.0,41.0,,20.0,33.0,8.0,61.0,0.0,26.0,21.0,19.0,27.0,39.0,54.0,59.0,36.0,14.0,22.0,,31.0,36.0,27.0,,29.0,20.0,59.0,28.0,26.0,55.0,13.0,39.0,42.0,26.0,17.0,16.0,36.0,40.0,35.0,27.0,36.0,,26.0,46.0,35.0,47.0,13.0,22.0,18.0,42.0,,23.0,42.0,6.0,36.0,0,,23.0,52.0,,41.0,22.0,14.0,,,24.0,33.0,24.0,,13.0,19.0,3.0,31.0,27.0,14.0,14.0,32.0,20.0,27.0,29.0,21.0,46.0,39.0,18.0,56.0,37.0,25.0,43.0,15.0,,21.0,29.0,36.0,54.0,27.0,46.0,41.0,,34.0,33.0,43.0,23.0,16,37.0,25.0,19.0,25.0,42.0,35.0,10.0,35.0,39.0,31,23.0,25.0,13.0,,18.0,25.0,28.0,40.0,7.0,45.0,25.0,34.0,,28.0,,55.0,23,22.0,6.0,50.0,38.0,23.0,9.0,21.0,34.0,22.0,30.0,15.0,18.0,48.0,39.0,40.0,45.0,35.0,31.0,17.0,20.0,33.0,40.0,23.0,,26,25,23.0,4.0,38.0,11.0,44.0,46.0,29.0,22.0,28.0,44.0,26.0,16.0,15.0,52.0,24.0,44.0,47.0,60.0,14.0,31.0,18.0,26.0,,32.0,,35.0,39.0,17.0,21.0,20.0,31.0,,25.0,15.0,51.0,28.0,24.0,21.0,,14.0,,50.0,32.0,26.0,22.0,17.0,64.0,35.0,17,28.0,21.0,33.0,11.0,23,,,24.0,30.0,26.0,25.0,59.0,36.0,22,20.0,18.0,,,40.0,41.0,,23,25.0,15.0,41.0,25.0,23,50.0,12.0,29.0,45.0,61.0,48.0,43.0,41.0,17.0,36.0,25.0,52.0,17.0,10.0,39.0,31.0,12.0,38.0,,37.0,16.0,40.0,25.0,0.0,23,22.0,,63.0,,43.0,27.0,,,28.0,31.0,50.0,26.0,10.0,25,27.0,19.0,28.0,59.0,,,,,50.0,29.0,26.0,40.0,37.0,28.0,58.0,39.0,,60.0,49.0,,52.0,21.0,15.0,33.0,26.0,54.0,37.0,52.0,27.0,18.0,47.0,10.0,19.0,17.0,12.0,,29.0,36.0,17.0,45.0,14.0,32.0,,,49.0,27.0,22.0,56.0,48.0,24.0,36.0,33.0,53.0,15.0,,,58.0,,50.0,22.0,27.0,54.0,23.0,,33.0,39.0,22.0,36.0,23.0,25,35.0,,14.0,42.0,,,40.0,,15.0,25.0,39.0,21.0,45.0,47.0,48.0,11.0,39.0,35.0,50.0,24.0,24.0,50.0,,11.0,38.0,33.0,19.0,22.0,,23.0,56.0,20.0,,,48.0,59.0,19.0,31.0,20.0,,62.0,28.0,63.0,8.0,,28.0,24.0,,21.0,22.0,33.0,,46.0,,,38.0,29.0,24.0,23.0,28.0,16.0,29.0,55.0,18.0,,,38.0,9.0,23.0,30.0,9.0,28.0,20.0,53.0,18.0,,44.0,49.0,44.0,40.0,33.0,19.0,8.0,22.0,,20.0,18.0,21.0,36.0,28.0,54.0,33.0,44.0,37.0,49.0,20.0,,35.0,24.0,65.0,32.0,43.0,15.0,12.0,18.0,17.0,33.0,29.0,21.0,20.0,16.0,23.0,40.0,,17.0,61.0,9.0,0.0,21.0,56.0,11.0,,55.0,42.0,,17.0,23.0,44.0,30,20.0,39.0,35.0,45.0,65.0,34.0,,,29.0,51.0,29,40.0,59.0,19.0,27.0,25.0,,33.0,,28,57.0,34.0,,58.0,37.0,52.0,49.0,26.0,27.0,46.0,42.0,30.0,32.0,50.0,,48.0,15.0,33.0,28.0,30.0,45.0,22.0,23.0,53.0,16.0,25.0,33.0,27.0,30.0,21.0,14.0,24.0,,23.0,54.0,0.0,50.0,20.0,30.0,43.0,21.0,0.0,,10.0,,63.0,10.0,26.0,,46.0,55.0,65.0,39.0,,22.0,41.0,14.0,,28.0,42.0,29.0,24.0,4.0,50.0,,38.0,48.0,40.0,43.0,43.0,30.0,24.0,37.0,28.0,,30.0,29.0,38.0,,,46.0,22.0,38.0,54.0,17.0,49.0,34.0,34.0,,33.0,21.0,11.0,33.0,,21.0,35.0,23.0,60.0,23.0,39.0,36.0,,,,55.0,15.0,,0.0,28,33.0,,40.0,,51.0,25.0,17.0,12.0,17.0,,13.0,34.0,25.0,21.0,49.0,34.0,15.0,42.0,,12.0,47.0,65.0,25.0,20.0,,46.0,,,33.0,31.0,30.0,20.0,23.0,41.0,18.0,21.0,40.0,38.0,0.0,17.0,21.0,16.0,,37.0,30.0,34.0,54.0,60.0,,33.0,28.0,,26.0,35.0,60.0,53.0,12.0,,27.0,,37.0,29.0,18.0,53.0,26.0,20.0,59.0,18.0,13.0,18.0,58.0,38.0,37.0,32.0,52.0,19.0,55.0,19.0,21.0,23,,32.0,16,37.0,44.0,47.0,30.0,58.0,54.0,37.0,28.0,21.0,59.0,37.0,55.0,22.0,,,28.0,33.0,37.0,0.0,13.0,26.0,30.0,54.0,33.0,30.0,21.0,36.0,,50.0,50.0,55.0,18.0,,48.0,22.0,34.0,52.0,,54.0,25.0,34.0,40.0,36.0,63.0,12.0,43.0,2.0,29.0,65.0,32.0,,24.0,8.0,9.0,24.0,20.0,26.0,36.0,36.0,53.0,25.0,16.0,34.0,,18.0,,0.0,52.0,29.0,,36.0,33.0,32.0,50.0,33.0,35.0,64.0,15.0,10.0,31.0,27.0,19.0,21.0,57.0,,16.0,,57.0,43.0,29.0,53.0,,,,,60.0,11.0,,46.0,47.0,50.0,33.0,28.0,38.0,33.0,22.0,45.0,15.0,38.0,31.0,24.0,50.0,,27.0,7.0,40.0,59.0,38.0,41.0,17.0,,28.0,,36.0,11.0,,18.0,19.0,36.0,0.0,20.0,28.0,11.0,22.0,50.0,,20.0,65.0,36.0,,21.0,13.0,13.0,13.0,40.0,31.0,46.0,,,17.0,14.0,17.0,29.0,,,,40.0,37.0,39.0,,37.0,,28.0,55.0,,40.0,47.0,52.0,,,,42.0,,36.0,32.0,,,50.0,,22.0,23.0,26.0,21.0,,36.0,24.0,,,50.0,58.0,28.0,36.0,31.0,17.0,24.0,,25.0,34.0,,15.0,52.0,48.0,42.0,,37.0,50.0,61.0,50.0,37.0,19.0,47.0,22.0,25.0,,58.0,27.0,28.0,36.0,35.0,,33.0,23.0,,36.0,38.0,30.0,53.0,24.0,31.0,24.0,31.0,34.0,35.0,27.0,19.0,,21.0,46.0,,16.0,16.0,45.0,53.0,48.0,31.0,22.0,,33.0,,24.0,6.0,44.0,50.0,23.0,52.0,58.0,21.0,52.0,54.0,,16.0,,17.0,24.0,,,21.0,64.0,,41.0,32.0,55.0,30.0,58.0,,27.0,28.0,60.0,,18.0,48.0,52.0,26.0,,51.0,,,,58.0,24.0,50.0,,11.0,22.0,26.0,,49.0,29.0,31.0,61.0,52.0,,33.0,53.0,53.0,60.0,61.0,47.0,,0.0,56.0,,48.0,56.0,29.0,37.0,45.0,,57.0,50.0,55.0,,25.0,57.0,49.0,14.0,43.0,27.0,27.0,60.0,19.0,33.0,20.0,34.0,,17.0,47.0,59.0,48.0,,36.0,34.0,,25.0,35.0,0.0,27.0,,,16.0,28.0,20.0,51.0,36.0,11.0,42.0,14.0,,27.0,,28.0,,,40.0,22.0,45.0,36.0,27.0,40.0,7.0,35.0,39.0,,61.0,42.0,59.0,,34.0,9.0,,45.0,19.0,18.0,21.0,,,33.0,38.0,12.0,24.0,31.0,30.0,47.0,39.0,0.0,29.0,14.0,52.0,,17.0,,47.0,38.0,39.0,12.0,,23.0,16.0,,46.0,44.0,32.0,47.0,,54.0,26.0,35.0,,,52.0,17.0,39.0,57.0,,22.0,,46.0,31.0,31.0,62.0,37.0,26.0,35.0,31.0,,46.0,51.0,37.0,33.0,19.0,64.0,,27.0,33.0,46.0,63.0,,40.0,7.0,,41.0,30.0,22.0,,23.0,,41.0,41.0,,,,14.0,45.0,49.0,24.0,43.0,28.0,52.0,34.0,23.0,38.0,30.0,52.0,48.0,26.0,59.0,18.0,,34.0,,20.0,40.0,17.0,48.0,48.0,29.0,22.0,40.0,,,,,40.0,56.0,29.0,24.0,31.0,23.0,,34.0,47.0,,18.0,17.0,29.0,27.0,43.0,31.0,35.0,23.0,58.0,,27.0,46.0,22.0,,,,34.0,13.0,24.0,,,37.0,18.0,53.0,,53.0,33.0,46.0,28.0,15.0,24.0,13.0,,36.0,61.0,,42.0,44.0,,,,39.0,23.0,20.0,54.0,22.0,44.0,39.0,,32.0,41.0,58.0,29.0,10.0,42.0,27.0,27.0,23.0,,64.0,,15.0,,30.0,25.0,,35.0,16.0,56.0,,27.0,22.0,30.0,14.0,,34.0,64.0,27.0,54.0,48.0,55.0,44.0,41.0,25.0,39.0,51.0,,41.0,,26.0,48.0,20.0,43.0,55.0,,26.0,16.0,,23.0,36.0,40.0,55.0,,,39.0,38.0,26.0,13.0,39.0,38.0,44.0,33.0,,,62.0,41.0,,36.0,16.0,30.0,26.0,,,,55.0,23.0,33.0,40.0,24.0,36.0,36.0,15.0,,,28.0,0.0,26.0,31.0,,,54.0,,,49.0,,,40.0,29.0,57.0,59.0,33.0,18.0,17.0,,,33.0,25.0,,63.0,29.0,12.0,54.0,32.0,,36.0,36.0,45.0,20.0,14.0,,59.0,55.0,58.0,60.0,28.0,26.0,35.0,,48.0,34.0,25.0,,44.0,33.0,,,46.0,18.0,,33.0,38.0,24.0,,65.0,30.0,,14.0,31.0,21.0,,21.0,17.0,,57.0,13.0,48.0,,,46.0,35.0,,54.0,25.0,35.0,57.0,,37.0,38.0,30.0,40.0,24.0,65.0,,65.0,30.0,29.0,,,42.0,18.0,23.0,26.0,36.0,,54.0,,38.0,25.0,40.0,35.0,6.0,39.0,0.0,32.0,,33.0,27.0,30.0,11.0,59.0,27.0,62.0,41.0,20.0,13.0,28.0,63.0,27.0,50.0,,,,,17.0,28.0,13.0,18.0,,,37.0,49.0,,,63.0,25.0,30.0,40.0,0.0,36.0,30.0,,,21.0,25.0,60.0,,43.0,36.0,12.0,38.0,43.0,57.0,33.0,45.0,38.0,47.0,55.0,11.0,24.0,,41.0,56.0,37.0,59.0,24.0,,34.0,,29.0,38.0,,10.0,,15.0,,44.0,33.0,47.0,35.0,53.0,33.0,35.0,,37.0,33.0,30.0,17.0,29.0,,44.0,50.0,26.0,56.0,16.0,53.0,22.0,,34.0,63.0,46.0,21.0,49.0,39.0,49.0,,25.0,39.0,64.0,35.0,,52.0,,43.0,17.0,,50.0,50.0,34.0,27.0,14.0,,43.0,49.0,36.0,,24.0,29.0,,62.0,25.0,,21.0,35.0,,45.0,11.0,18.0,47.0,42.0,41.0,35.0,10.0,48.0,28.0,26.0,37.0,34.0,,26.0,49.0,41.0,,13.0,30.0,31.0,,41.0,52.0,,17.0,18.0,44.0,14.0,1.0,,44.0,35.0,,39.0,50.0,57.0,56.0,20.0,0.0,52.0,,,34.0,,28.0,21.0,19.0,57.0,37.0,28.0,29.0,0.0,21.0,54.0,30.0,36.0,32.0,,30.0,,64.0,,,26.0,32.0,28.0,,19.0,,34.0,37.0,26.0,20.0,12.0,54.0,54.0,,47.0,,0.0,11.0,,18.0,,,,11.0,22.0,33.0,27.0,45.0,26.0,21.0,0.0,36.0,38.0,,37.0,19.0,23.0,,32.0,53.0,40.0,36.0,,31.0,47.0,60.0,,51.0,32.0,,2.0,4.0,26.0,,39.0,48.0,33.0,18.0,,56.0,,50.0,,21.0,54.0,,0.0,,42.0,18.0,64.0,32.0,24.0,44.0,41.0,26.0,41.0,20.0,0.0,,31.0,20.0,63.0,29.0,27.0,32.0,22.0,53.0,21.0,36.0,32.0,,14.0,29.0,,,30.0,12.0,19.0,60.0,,61.0,,46.0,,,34.0,51.0,32.0,40.0,57.0,33.0,61.0,30.0,28.0,,21.0,26.0,,25.0,21.0,,40.0,27.0,48.0,,52.0,24.0,56.0,,61.0,38.0,,26.0,,63.0,,44.0,30.0,,16.0,29.0,19.0,147,3,2.5491573033707864,18.649743297204793,-0.3517839660598955
8,5,7,11,7,9,7,10,6,7,10,11,8,7,13,8,6,11,30,23,10,11,16,13,3,12,12,9,10,10,20,5,9,10,16,11,15,0,6,9,15,18.0,16,6,10,17,12,14,13,14,12,10,15,5,23,20,18,19,14,12,13,10,18,15,51.0,5,18,16,18,18,19,20,18,15,11,6,23,11,15,17,16,16,10,11,18,19,7,11,26,24,14,14,17,14,9,21,10,12,20,18,22,23,16,14,7,19,3,18,17,10,14,,13,25,11.0,19,19,19,21,13,15,22,22,17,11,20,16,58.0,20,13,15,11,25.0,13,22,15.0,14,15,34,11,10,27,16,24,23.0,61.0,18,31.0,20,25,9,12,64.0,15,20,29,19,20.0,30,19,21,12,12,22,15,18.0,26,18,28,26,14,20.0,4,53,20,26,13,21.0,6,23.0,14,16,10,18,23,,49.0,8,17,35.0,30.0,16,14,8,19,34,13,10,28.0,20,28,25.0,10,19,24,12,25.0,7,16,12,15,13.0,27,25,31,10,19,24,15,25.0,27.0,18,25,17,32.0,16,29,0,59.0,16,37.0,17.0,19,13,58.0,25,21,15,11.0,,21,29,16,21,34,17.0,27,17,15,20,20,21,33.0,31.0,23,47.0,53.0,23.0,25.0,9,32.0,11,19,16,44.0,27.0,10.0,47.0,21.0,27,32.0,39.0,24.0,11,12,13.0,25,29,29,22.0,22.0,17.0,14,41.0,30,18,16.0,30.0,13,0.0,35.0,16,34,26.0,18,38.0,18.0,26.0,40,21,32.0,24,18,28,21,19,21,12,23,23,19,13,19,28.0,23.0,20,18,16,14.0,38.0,13,21,16,0.0,0,48.0,22,23,21,16,23,8.0,15,27.0,10,27,29.0,19,13,20,23.0,,11,20.0,61.0,18.0,18.0,22.0,20,26.0,24,28,20,45.0,13,4.0,31.0,23,32.0,40.0,19.0,25,16.0,8,25,26,35,54,42,30,17.0,12,26.0,25,15,22,57.0,25,19.0,20,28.0,19,19.0,16,21,19.0,46,32.0,23,17.0,27.0,15,22,,27.0,19.0,30.0,,46,24.0,41.0,33,52.0,21,16,24.0,29.0,22,30.0,34,50.0,22.0,28,31,23,,17,19.0,43.0,20,18.0,14,10.0,30,23,11,19.0,12.0,28,32,9,,30.0,12,16,35.0,23,24.0,54.0,46.0,33.0,29.0,36.0,12.0,16.0,62.0,35.0,21,13,43.0,21.0,35.0,37.0,6.0,22.0,46.0,9.0,20,17,,25.0,16,,23.0,47.0,14.0,16.0,34.0,15,22,55.0,20.0,39.0,35.0,32,,38.0,30.0,21,18,34,14.0,53.0,41.0,17.0,20,33,14.0,,35,34.0,32.0,16,25.0,27.0,17.0,16,22.0,11,41.0,24.0,22.0,18,19.0,31,8.0,19,35,,18.0,31.0,36.0,32,19,27,27.0,14,10.0,28,29,22.0,22,31,57.0,17.0,16,16,42.0,13.0,52.0,26.0,33.0,31.0,25,44.0,25,27,30.0,55.0,53.0,41.0,20.0,44.0,19,14,18.0,46.0,31.0,22.0,23.0,26.0,30,20.0,8,39.0,55.0,46.0,48.0,20,34.0,26,19.0,26.0,27.0,34,23.0,,27.0,30,27,35.0,56.0,32.0,54.0,11.0,13.0,55.0,37.0,35.0,4.0,15.0,21.0,25,31,58.0,,49.0,18,28,18,39,31.0,45.0,28,10,21.0,43.0,27,28.0,30.0,56.0,15,,34.0,19.0,13,32.0,26.0,10.0,29.0,14.0,30.0,17,26.0,5,60.0,34,29,21,43.0,30.0,19.0,,23.0,16.0,7.0,52.0,43.0,22.0,29.0,12,30.0,,20,14.0,,11.0,8.0,24,26.0,21.0,,21,40,58.0,54,21.0,34.0,43.0,24.0,17,19.0,26,28,25.0,23,42.0,24,36.0,22.0,18.0,33,27,,12.0,26,,21,,6,,24.0,29.0,,19.0,54.0,34,16.0,40.0,49.0,51.0,46.0,32.0,39.0,24,19,33.0,14,12,22,,27.0,18.0,,,17.0,42,42.0,36.0,20.0,10,13.0,26.0,33.0,39.0,55.0,26,,8.0,28.0,55.0,22.0,24.0,20.0,20,,44.0,,30.0,49.0,22.0,22.0,21,38.0,36.0,22.0,39.0,19,8,37.0,62.0,20,36.0,18.0,13.0,25,20.0,,17.0,10.0,18,15.0,18.0,30.0,31.0,21.0,20.0,,32.0,37.0,18,22,53.0,,44.0,29.0,24.0,9.0,20.0,44.0,15.0,35.0,26,19,34.0,14,56.0,19.0,9.0,37.0,14,17,53.0,19.0,35.0,20.0,16.0,16.0,57.0,19.0,,8,14.0,50.0,14.0,44.0,52.0,31.0,32,25.0,32.0,18.0,17,33.0,11.0,26.0,37.0,20.0,21.0,36,29.0,43,38.0,26.0,51.0,23.0,37.0,46.0,24.0,53.0,31.0,57.0,25.0,59.0,34.0,32.0,40.0,37.0,,31.0,31.0,35.0,42.0,29,19.0,41.0,21,18.0,43.0,12,23.0,15.0,37.0,21,27,22,,22.0,51.0,11.0,43.0,42.0,34.0,,14.0,30,15.0,20,24.0,40,27,19.0,19,,59.0,14.0,30.0,18,34.0,15.0,13.0,45.0,21.0,,27,30.0,28,13.0,31.0,33.0,19,40.0,22,17,42.0,40.0,29.0,10,28.0,33.0,21,16.0,,21.0,12.0,14.0,15.0,25.0,52.0,24,53.0,37.0,26.0,,,33.0,40.0,21.0,20,29.0,25,26.0,30.0,24.0,35.0,18,38,31.0,20.0,17.0,14.0,50.0,25.0,29.0,30.0,44.0,13,54.0,20.0,21,31,20.0,,15,34.0,18.0,21,24.0,22,52,26,41.0,30.0,30.0,38.0,36.0,27.0,16.0,,18.0,20.0,32.0,19.0,19.0,18.0,20.0,40.0,48.0,27.0,28.0,41.0,,23.0,36.0,35.0,32.0,27.0,28.0,,20.0,42.0,44.0,27.0,31.0,39.0,54.0,0.0,35.0,31.0,35.0,56.0,18.0,20.0,34.0,26.0,46.0,0.0,29.0,52.0,35,24.0,24.0,33.0,37,29.0,50.0,26.0,20.0,28.0,,37.0,9.0,29.0,32.0,26.0,57.0,59.0,50.0,27.0,18.0,6.0,38.0,27.0,59.0,38.0,,19.0,17.0,56.0,33.0,38.0,19.0,18,24.0,16.0,35.0,19,22.0,24.0,8.0,45.0,4.0,53.0,23.0,34.0,24.0,27,51.0,24.0,40.0,30.0,11.0,34.0,29,21,48.0,39.0,24.0,46.0,,,33,32,14.0,41.0,19.0,,26.0,22.0,31.0,20.0,0.0,30.0,25.0,,41.0,57.0,30.0,44.0,37,16.0,41.0,32.0,40.0,21.0,23,17.0,25,52.0,18,42.0,27.0,25.0,20.0,21.0,55.0,23.0,48.0,31.0,24.0,61.0,63.0,21,16.0,,21.0,20.0,37.0,28,56.0,31.0,33.0,10.0,27.0,15.0,51.0,49.0,31.0,19,13,59.0,,53.0,21.0,,20.0,40.0,29.0,19,,39.0,52.0,24.0,51.0,20.0,55.0,22.0,10,29.0,30.0,36.0,25,23,,,24.0,29.0,11.0,,,27.0,60.0,8.0,51.0,20.0,,,24.0,9,15.0,,17.0,18.0,14.0,32,62.0,45.0,9,,29.0,39.0,27.0,28.0,47.0,17.0,34.0,19.0,13.0,38.0,22,,37.0,33.0,28.0,39,9.0,46.0,51.0,38.0,25.0,,37.0,19.0,50.0,25.0,34.0,41.0,24.0,45,29,43.0,22.0,22.0,,,35,20,43.0,51.0,16.0,28.0,18.0,39.0,,48.0,23.0,31.0,,50.0,53.0,10.0,64.0,14,32,18.0,20.0,58.0,44.0,45.0,15,20.0,7.0,45.0,3.0,,41.0,26.0,22.0,,13.0,39.0,32.0,56.0,,25.0,37,13.0,9.0,24,31.0,,43.0,20.0,59.0,30.0,9.0,22.0,44.0,,24.0,25.0,32.0,29.0,,46.0,31.0,39.0,26.0,26.0,44.0,31.0,22.0,41.0,62.0,,14.0,13.0,31.0,,8.0,12.0,28.0,48.0,33.0,31.0,35.0,,22.0,25.0,22.0,15.0,,,34.0,26.0,50.0,,25.0,30.0,35.0,21.0,45.0,,28.0,21.0,7.0,26.0,14.0,31.0,,19,,28.0,,63.0,,22.0,24.0,,11.0,40.0,,24.0,13.0,13.0,36.0,33.0,51.0,15.0,20.0,19.0,47.0,38.0,28.0,11.0,13.0,23.0,38.0,39.0,30.0,29.0,35.0,33.0,19.0,,34.0,43.0,24.0,,25.0,48.0,30.0,23.0,52.0,21.0,64.0,26.0,36,,24.0,20.0,9.0,17.0,,11.0,19.0,29.0,22,62.0,0.0,,64.0,36.0,25.0,26.0,21.0,15.0,,24.0,23.0,52.0,36.0,0.0,15.0,25,43.0,10.0,37.0,49.0,,,26.0,47.0,13.0,24.0,11.0,21.0,,51.0,,22.0,47.0,39.0,30.0,16.0,53.0,42.0,11.0,31.0,19,19,12.0,33.0,0.0,31.0,22.0,42.0,32.0,18.0,27.0,28.0,19.0,,48.0,53.0,18.0,20.0,38.0,22.0,18.0,20.0,11.0,,,30.0,61.0,26.0,32.0,7.0,20.0,20.0,21.0,,13.0,,48.0,20.0,31.0,25.0,32.0,18.0,,23.0,42.0,31.0,33.0,8.0,53.0,39.0,19,33.0,19.0,40.0,32.0,30,32.0,,47.0,54.0,36.0,60.0,10.0,22.0,17,24.0,24.0,62.0,,46.0,16.0,49.0,46,33.0,19.0,18.0,31.0,30,45.0,16.0,17.0,19.0,41.0,20.0,53.0,38.0,19.0,,22.0,36.0,25.0,,32.0,,20.0,,21.0,,41.0,38.0,,21.0,19,53.0,31.0,33.0,51.0,31.0,,20.0,24.0,32.0,43.0,,45.0,33.0,10,37.0,62.0,38.0,,35.0,35.0,,62.0,41.0,22.0,14.0,36.0,54.0,34.0,51.0,36.0,,55.0,48.0,23.0,,13.0,27.0,34.0,29.0,,30.0,40.0,25.0,6.0,17.0,36.0,34.0,20.0,8.0,32.0,,16.0,38.0,61.0,39.0,,25.0,23.0,54.0,11.0,48.0,,,15.0,39.0,20.0,10.0,22.0,45.0,15.0,,56.0,13.0,40.0,28.0,30.0,27.0,,53.0,35.0,17.0,59.0,,35,32.0,,,38.0,,,44.0,50.0,,52.0,41.0,41.0,13.0,18.0,40.0,,35.0,33.0,14.0,32.0,23.0,,24.0,18.0,52.0,24.0,22.0,29.0,,31.0,26.0,21.0,,19.0,48.0,27.0,15.0,33.0,11.0,14.0,,38.0,36.0,18.0,12.0,,14.0,,23.0,19.0,20.0,,43.0,30.0,0.0,21.0,33.0,12.0,41.0,25.0,52.0,,,39.0,52.0,12.0,61.0,19.0,30.0,32.0,38.0,56.0,34.0,34.0,23.0,27.0,50.0,25.0,60.0,13.0,22.0,49.0,37.0,16.0,41.0,,61.0,29.0,22.0,42.0,57.0,31.0,48.0,49.0,29.0,55.0,61.0,50.0,30.0,,43.0,,52.0,35.0,24.0,23.0,46.0,19.0,29.0,23.0,43.0,37.0,,19.0,,22.0,13.0,47.0,21.0,40.0,28.0,31.0,20.0,48.0,45.0,35.0,35.0,23.0,26,57.0,37.0,54.0,45.0,45.0,17.0,31.0,,29.0,,37,15.0,50.0,44.0,39.0,16.0,,38.0,33.0,24,45.0,,,30.0,39.0,56.0,,49.0,17.0,31.0,35.0,24.0,17.0,,,61.0,,33.0,36.0,34.0,39.0,27.0,42.0,22.0,,25.0,,17.0,,,7.0,41.0,42.0,,16.0,,11.0,28.0,27.0,,12.0,42.0,30.0,23.0,13.0,52.0,14.0,31.0,18.0,,28.0,23.0,,,27.0,43.0,49.0,24.0,16.0,27.0,39.0,23.0,16.0,51.0,35.0,,34.0,43.0,34.0,36.0,27.0,14.0,29.0,32.0,,33.0,34.0,,25.0,50.0,19.0,32.0,50.0,51.0,12.0,24.0,57.0,26.0,35.0,39.0,21.0,,37.0,26.0,32.0,21.0,29.0,21.0,29.0,34.0,8.0,,33.0,33.0,27.0,12.0,,23.0,20,37.0,,7.0,46.0,8.0,21.0,46.0,47.0,39.0,,,54.0,46.0,0.0,42.0,11.0,,12.0,8.0,36.0,,,24.0,19.0,,29.0,,25.0,30.0,34.0,24.0,43.0,42.0,23.0,23.0,,18.0,13.0,34.0,22.0,30.0,41.0,40.0,,,26.0,10.0,22.0,38.0,33.0,40.0,22.0,23.0,18.0,22.0,0.0,36.0,,40.0,29.0,23.0,36.0,61.0,36.0,59.0,20.0,26.0,34.0,28.0,14.0,27.0,36.0,20.0,,26.0,10.0,18.0,20.0,28.0,14,33.0,17.0,23,11.0,55.0,44.0,15.0,26.0,34.0,17.0,44.0,29.0,,42.0,41.0,21.0,53.0,55.0,51.0,50.0,,47.0,39.0,33.0,52.0,,7.0,58.0,38.0,53.0,,24.0,34.0,22.0,9.0,,59.0,,50.0,31.0,26.0,14.0,,31.0,30.0,29.0,,37.0,23.0,30.0,29.0,28.0,19.0,,,29.0,58.0,29.0,,,53.0,34.0,8.0,37.0,8.0,,20.0,33.0,39.0,28.0,33.0,33.0,8.0,,53.0,26.0,48.0,54.0,,44.0,60.0,20.0,48.0,37.0,6.0,31.0,13.0,,13.0,47.0,40.0,28.0,,32.0,,,19.0,35.0,32.0,57.0,31.0,40.0,41.0,20.0,,17.0,23.0,60.0,36.0,21.0,23.0,22.0,0.0,44.0,14.0,,25.0,29.0,29.0,52.0,27.0,17.0,14.0,,40.0,55.0,49.0,51.0,,19.0,23.0,36.0,29.0,34.0,35.0,,34.0,53.0,52.0,59.0,,22.0,14.0,,10.0,,47.0,,15.0,,44.0,,,28.0,27.0,0.0,25.0,36.0,53.0,41.0,,42.0,51.0,0.0,53.0,,41.0,32.0,37.0,46.0,39.0,6.0,21.0,55.0,25.0,19.0,21.0,43.0,,,18.0,27.0,21.0,25.0,,23.0,31.0,38.0,15.0,23.0,25.0,,17.0,63.0,13.0,40.0,14.0,27.0,40.0,35.0,27.0,24.0,24.0,,46.0,,30.0,58.0,35.0,26.0,21.0,,,26.0,29.0,23.0,48.0,26.0,32.0,38.0,39.0,,61.0,33.0,37.0,26.0,,0.0,40.0,46.0,9.0,64.0,,31.0,17.0,49.0,23.0,19.0,,37.0,40.0,61.0,,36.0,33.0,,45.0,16.0,,23.0,29.0,64.0,11.0,23.0,39.0,26.0,33.0,45.0,,31.0,37.0,24.0,28.0,9.0,32.0,40.0,47.0,40.0,,48.0,,27.0,38.0,,21.0,,,27.0,28.0,27.0,35.0,,28.0,14.0,41.0,32.0,26.0,29.0,,57.0,45.0,33.0,,,17.0,41.0,41.0,38.0,13.0,35.0,4.0,21.0,30.0,31.0,17.0,50.0,44.0,30.0,,,34.0,36.0,,28.0,,29.0,25.0,,24.0,22.0,57.0,22.0,59.0,,60.0,14.0,37.0,14.0,28.0,,47.0,15.0,,15.0,12.0,20.0,23.0,34.0,46.0,,,28.0,15.0,27.0,19.0,,50.0,15.0,,45.0,59.0,23.0,8.0,,50.0,,,15.0,,24.0,56.0,0.0,13.0,34.0,39.0,16.0,34.0,52.0,,55.0,17.0,,60.0,14.0,42.0,,31.0,16.0,12.0,48.0,31.0,17.0,49.0,23.0,10.0,57.0,,39.0,38.0,,25.0,,46.0,42.0,19.0,20.0,19.0,49.0,64.0,57.0,51.0,52.0,27.0,48.0,19.0,,27.0,51.0,62.0,18.0,25.0,61.0,16.0,34.0,54.0,55.0,64.0,,9.0,36.0,54.0,50.0,,57.0,,60.0,51.0,35.0,16.0,19.0,,56.0,22.0,35.0,64.0,42.0,43.0,,,28.0,21.0,32.0,22.0,34.0,,27.0,23.0,36.0,24.0,49.0,25.0,,,19.0,12.0,44.0,24.0,40.0,13.0,10.0,55.0,11.0,12.0,,45.0,39.0,,,,35.0,40.0,29.0,31.0,28.0,,,,9.0,21.0,,45.0,17.0,46.0,39.0,15.0,,50.0,,,29.0,24.0,59.0,,42.0,47.0,34.0,22.0,58.0,,0.0,39.0,33.0,0.0,48.0,,26.0,55.0,10.0,33.0,47.0,,,,17.0,44.0,45.0,31.0,,58.0,,20.0,,13.0,42.0,,31.0,60.0,16.0,40.0,59.0,62.0,20.0,,39.0,15.0,56.0,39.0,,42.0,18.0,32.0,31.0,,21.0,33.0,9.0,40.0,53.0,21.0,48.0,,26.0,22.0,15.0,55.0,44.0,,19.0,46.0,22.0,43.0,30.0,27.0,50.0,,36.0,,51.0,58.0,63.0,24.0,23.0,35.0,,62.0,29.0,,26.0,,,,28.0,19.0,,40.0,,24.0,,27.0,8.0,24.0,49.0,50.0,,13.0,36.0,47.0,51.0,,55.0,54.0,57.0,40.0,,47.0,31.0,,30.0,34.0,23.0,21.0,23.0,22.0,31.0,35.0,42.0,59.0,33.0,24.0,27.0,31.0,,,33.0,,41.0,,38.0,42.0,39.0,60.0,14.0,28.0,33.0,45.0,34.0,40.0,,45.0,15.0,0.0,20.0,34.0,45.0,11.0,15.0,,28.0,13.0,54.0,8.0,55.0,31.0,25.0,34.0,,35.0,60.0,29.0,27.0,,22.0,51.0,26.0,45.0,7.0,45.0,36.0,31.0,25.0,34.0,,40.0,35.0,44.0,33.0,,13.0,38.0,33.0,19.0,,33.0,48.0,19.0,41.0,,24.0,41.0,,15.0,,55.0,45.0,21.0,43.0,1.0,,,,,44.0,28.0,,49.0,,18.0,34.0,37.0,45.0,25.0,20.0,11.0,20.0,37.0,41.0,,0.0,,,21.0,18.0,56.0,24.0,21.0,,30.0,31.0,28.0,23.0,27.0,32.0,51.0,,,24.0,34.0,0.0,,57.0,61.0,34.0,34.0,0.0,53.0,28.0,43.0,17.0,27.0,27.0,20.0,24.0,38.0,64.0,33.0,27.0,47.0,30.0,52.0,,41.0,43.0,19.0,,,58.0,,,,33.0,62.0,,,,,16.0,19.0,34.0,21.0,0.0,,0.0,38.0,42.0,,49.0,35.0,42.0,30.0,26.0,35.0,41.0,37.0,51.0,21.0,,29.0,43.0,51.0,33.0,,19.0,,27.0,,24.0,,21.0,41.0,,52.0,41.0,41.0,28.0,35.0,26.0,36.0,35.0,19.0,63.0,39.0,47.0,,18.0,56.0,26.0,,18.0,31.0,39.0,,12.0,,51.0,,30.0,41.0,53.0,62.0,13.0,38.0,22.0,,25.0,,,17.0,45.0,21.0,,24.0,43.0,47.0,33.0,15.0,,,,,0.0,23.0,33.0,33.0,63.0,40.0,21.0,47.0,28.0,11.0,16.0,36.0,27.0,39.0,53.0,62.0,,34.0,46.0,18.0,13.0,29.0,46.0,,22.0,,,10.0,21.0,,42.0,23.0,42.0,23.0,57.0,,39.0,16.0,1.0,16.0,,52.0,,30.0,36.0,,7.0,,31.0,9.0,,,25.0,,55.0,40.0,23.0,12.0,49.0,,,,31.0,,32.0,30.0,35.0,,21.0,59.0,30.0,46.0,,,32.0,51.0,,,46.0,35.0,46.0,35.0,,,21.0,0.0,16.0,,34.0,36.0,22.0,,44.0,40.0,18.0,32.0,40.0,21.0,40.0,10.0,48.0,,44.0,41.0,22.0,28.0,51.0,32.0,47.0,,14.0,26.0,,15.0,43.0,21.0,41.0,,22.0,24.0,,36.0,26.0,51.0,19.0,,,34.0,51.0,50.0,,24.0,32.0,,0.0,,11.0,19.0,,62.0,59.0,10.0,51.0,29.0,39.0,52.0,,36.0,,,14.0,,62.0,14.0,,22.0,,,60.0,40.0,39.0,12.0,19.0,,52.0,44.0,36.0,58.0,,22.0,36.0,39.0,24.0,45.0,,,,22.0,,52.0,37.0,15.0,,55.0,24.0,57.0,30.0,,,60.0,48.0,47.0,,19.0,,31.0,49.0,,29.0,26.0,,,57.0,,16.0,42.0,16.0,24.0,26.0,30.0,,,56.0,,17.0,35.0,37.0,14.0,17.0,60.0,,,,,,,39.0,148,3,2.430122116689281,18.37392795883362,-0.3231846852853067
1,4,2,7,3,6,5,6,5,1,8,9,9,4,7,3,7,5,7,9,3,12,9,10,5,7,8,8,8,8,11,3,5,6,10,5,4,15,14,9,15,13.0,9,8,10,9,15,3,6,28,7,11,5,5,15,17,4,5,2,9,4,11,10,12,28.0,9,10,13,0,7,3,18,9,8,12,2,10,5,13,9,12,10,7,8,8,13,7,9,10,13,8,15,11,11,8,16,3,6,12,11,11,35,13,3,9,13,8,17,8,5,13,35.0,14,9,,4,17,16,14,7,10,28,14,15,10,13,14,26.0,37,0,17,12,16.0,13,11,9.0,9,19,24,14,20,7,12,7,14.0,9.0,22,14.0,14,14,18,12,10.0,9,14,22,7,39.0,18,11,19,12,6,8,13,28.0,16,12,16,11,10,9.0,6,30,10,1,15,23.0,5,11.0,18,15,10,23,19,23.0,15.0,16,15,24.0,13.0,12,9,12,13,16,10,4,18.0,12,9,25.0,12,0,19,16,48.0,12,15,4,8,,16,25,26,10,11,7,11,15.0,17.0,16,9,18,17.0,9,15,9,,9,0.0,15.0,23,16,8.0,11,0,12,8.0,23.0,4,13,14,17,22,22.0,17,16,12,11,11,22,16.0,8.0,16,,48.0,9.0,15.0,16,21.0,15,13,16,11.0,16.0,20.0,,28.0,15,23.0,24.0,,23,9,17.0,13,17,19,17.0,36.0,13.0,12,42.0,27,15,12.0,36.0,15,14.0,26.0,12,27,17.0,13,38.0,14.0,10.0,20,19,15.0,0,29,18,26,11,12,0,19,16,17,11,14,19.0,32.0,11,10,11,37.0,8.0,35,18,12,,12,,11,12,5,9,12,5.0,8,0.0,12,15,3.0,15,9,17,2.0,,8,18.0,14.0,0.0,25.0,27.0,13,12.0,12,16,16,20.0,17,23.0,42.0,9,11.0,19.0,7.0,14,23.0,15,20,11,19,9,18,17,24.0,17,42.0,16,20,12,32.0,15,49.0,12,14.0,9,,3,15,17.0,8,18.0,15,12.0,30.0,17,22,39.0,19.0,14.0,6.0,37.0,18,19.0,28.0,26,17.0,27,10,43.0,,15,46.0,27,15.0,25.0,19,23,20,15.0,13,44.0,9.0,35,36.0,4,55.0,23,21,10,8.0,17.0,25,14,22,15.0,23.0,35,6,28.0,31,14.0,8.0,6.0,41.0,13.0,13.0,25.0,51.0,,13.0,20,27,19.0,32.0,5.0,5.0,4.0,23.0,23.0,23.0,16,11,9.0,13.0,10,52.0,6.0,,10.0,30.0,20.0,23,10,33.0,50.0,31.0,12.0,23,45.0,16.0,14.0,23,20,34,18.0,21.0,23.0,21.0,29,21,13.0,18.0,18,27.0,22.0,28,,15.0,31.0,31,18.0,17,13.0,32.0,26.0,16,29.0,20,9.0,19,15,,35.0,28.0,22.0,12,14,24,16.0,17,26.0,23,24,19.0,24,7,39.0,16.0,18,29,24.0,,39.0,22.0,6.0,23.0,30,19.0,11,28,26.0,3.0,11.0,39.0,8.0,10.0,17,23,30.0,38.0,45.0,22.0,18.0,16.0,13,,18,47.0,8.0,24.0,51.0,24,25.0,19,18.0,29.0,28.0,21,,17.0,16.0,29,11,30.0,51.0,28.0,,,7.0,37.0,13.0,16.0,15.0,13.0,13.0,7,22,34.0,36.0,14.0,28,14,6,14,30.0,,16,15,24.0,36.0,16,15.0,21.0,14.0,10,,46.0,29.0,17,31.0,17.0,28.0,,20.0,23.0,29,10.0,20,13.0,15,17,24,24.0,45.0,19.0,,18.0,53.0,32.0,29.0,28.0,20.0,13.0,12,35.0,29.0,45,14.0,0.0,6.0,5.0,17,31.0,23.0,13.0,33,26,44.0,26,16.0,27.0,23.0,,17,47.0,16,9,21.0,17,7.0,49,18.0,32.0,,12,12,,18.0,21,32.0,13,41.0,19,16.0,3.0,7.0,50.0,51.0,10.0,28,19.0,,,,51.0,56.0,9.0,10,7,29.0,20,17,15,39.0,,19.0,39.0,24.0,27.0,23,17.0,30.0,,30,39.0,56.0,15.0,12.0,,29,19.0,15.0,25.0,13.0,,12.0,18.0,16,16.0,34.0,39.0,,24.0,33.0,20.0,14,19.0,52.0,18.0,,10,10,,27.0,9,27.0,7.0,29.0,50,20.0,45.0,14.0,20.0,12,11.0,,27.0,7.0,17.0,13.0,,,11.0,15,16,,24.0,28.0,15.0,32.0,13.0,50.0,32.0,23.0,21.0,15,9,27.0,18,51.0,16.0,39.0,5.0,16,17,35.0,22.0,31.0,26.0,14.0,16.0,36.0,19.0,24.0,47,10.0,15.0,20.0,39.0,32.0,14.0,14,16.0,27.0,10.0,14,30.0,7.0,,22.0,18.0,11.0,22,15.0,38,30.0,15.0,12.0,19.0,15.0,30.0,9.0,36.0,26.0,19.0,49.0,,35.0,36.0,17.0,17.0,,27.0,,25.0,22.0,26,6.0,15.0,13,30.0,40.0,11,28.0,,30.0,20,11,17,,18.0,20.0,23.0,43.0,13.0,20.0,48.0,29.0,20,19.0,23,15.0,31,36,8.0,23,11.0,7.0,39.0,22.0,15,19.0,14.0,20.0,21.0,13.0,39.0,6,46.0,38,24.0,9.0,11.0,40,28.0,26,16,25.0,16.0,2.0,19,5.0,,11,25.0,43.0,15.0,42.0,,26.0,27.0,27.0,16,7.0,21.0,33.0,23.0,14.0,47.0,36.0,4.0,11,13.0,14,17.0,17.0,13.0,18.0,24,20,9.0,12.0,33.0,4.0,12.0,24.0,17.0,31.0,42.0,16,29.0,0.0,44,25,28.0,,16,29.0,15.0,17,,22,51,23,39.0,32.0,30.0,7.0,27.0,5.0,32.0,,12.0,37.0,16.0,15.0,20.0,24.0,18.0,,40.0,52.0,39.0,22.0,55.0,18.0,,24.0,19.0,56.0,25.0,21.0,23.0,17.0,42.0,28.0,24.0,26.0,,,14.0,39.0,26.0,15.0,,48.0,15.0,11.0,35.0,13.0,,37.0,14,21.0,10.0,23.0,17,39.0,24.0,46.0,0.0,15.0,,7.0,10.0,19.0,31.0,22.0,6.0,18.0,28.0,34.0,39.0,42.0,20.0,30.0,,33.0,11.0,45.0,21.0,31.0,16.0,,56.0,17,46.0,11.0,7.0,31,51.0,17.0,27.0,8.0,16.0,31.0,13.0,26.0,11.0,28,23.0,9.0,28.0,41.0,23.0,,16,25,25.0,7.0,6.0,42.0,8.0,,27,11,26.0,,37.0,47.0,45.0,27.0,,18.0,38.0,23.0,22.0,,13.0,39.0,20.0,32.0,19,26.0,20.0,31.0,26.0,9.0,9,36.0,11,7.0,33,15.0,49.0,33.0,43.0,38.0,25.0,27.0,16.0,33.0,8.0,46.0,32.0,7,19.0,,,9.0,39.0,16,5.0,42.0,,6.0,13.0,,,41.0,26.0,30,22,48.0,,50.0,7.0,7.0,28.0,54.0,22.0,30,24.0,,,30.0,34.0,36.0,24.0,22.0,34,18.0,38.0,,10,10,55.0,,17.0,24.0,12.0,32.0,10.0,35.0,,45.0,27.0,18.0,5.0,,46.0,25,43.0,39.0,18.0,22.0,12.0,16,28.0,14.0,7,40.0,20.0,48.0,29.0,,19.0,7.0,25.0,24.0,,1.0,30,40.0,27.0,37.0,13.0,21,17.0,38.0,35.0,18.0,21.0,20.0,23.0,16.0,52.0,11.0,13.0,32.0,17.0,19,18,,14.0,19.0,8.0,11.0,51,27,24.0,15.0,11.0,,0.0,46.0,,35.0,15.0,35.0,31.0,,18.0,,17.0,19,12,14.0,39.0,38.0,7.0,13.0,16,12.0,8.0,9.0,41.0,,27.0,16.0,51.0,7.0,8.0,31.0,8.0,24.0,17.0,10.0,16,18.0,55.0,22,,21.0,23.0,,33.0,27.0,15.0,24.0,8.0,26.0,31.0,30.0,18.0,29.0,27.0,28.0,45.0,19.0,27.0,,37.0,53.0,27.0,27.0,43.0,25.0,,32.0,47.0,,10.0,11.0,12.0,19.0,22.0,24.0,,,45.0,24.0,23.0,21.0,28.0,39.0,50.0,0.0,32.0,33.0,16.0,20.0,5.0,6.0,18.0,17.0,23.0,41.0,31.0,14.0,36.0,21.0,27.0,23,5.0,11.0,,50.0,32.0,27.0,20.0,28.0,,46.0,9.0,14.0,22.0,9.0,23.0,21.0,15.0,14.0,26.0,22.0,22.0,55.0,12.0,25.0,11.0,13.0,42.0,,25.0,,29.0,39.0,35.0,54.0,21.0,14.0,,24.0,23.0,15.0,40.0,23.0,20.0,28.0,10.0,33.0,5,48.0,0.0,,18.0,49.0,52.0,41.0,14.0,,21,18.0,46.0,39.0,28.0,15.0,29.0,14.0,43.0,25.0,35.0,48.0,17.0,29.0,38.0,,44.0,30,29.0,5.0,33.0,41.0,19.0,16.0,23.0,38.0,9.0,15.0,27.0,17.0,,48.0,28.0,28.0,34.0,,24.0,6.0,,,48.0,23.0,30,13,9.0,11.0,19.0,20.0,29.0,37.0,11.0,46.0,31.0,29.0,42.0,29.0,36.0,,,,,14.0,25.0,15.0,16.0,38.0,16.0,36.0,,1.0,44.0,34.0,21.0,25.0,19.0,46.0,33.0,,31.0,44.0,42.0,32.0,42.0,9.0,29.0,,28.0,35.0,,,47.0,26.0,9,40.0,29.0,20.0,28.0,17,51.0,20.0,53.0,13.0,,30.0,4.0,10.0,20,14.0,45.0,18.0,,21.0,17.0,51.0,38,37.0,15.0,,,21,,24.0,,34.0,,33.0,7.0,7.0,39.0,31.0,16.0,45.0,10.0,19.0,36.0,24.0,38.0,,22.0,,27.0,42.0,14.0,27.0,17,41.0,41.0,26.0,30.0,41.0,,25.0,29.0,38.0,23.0,12.0,,27.0,31,24.0,46.0,26.0,47.0,35.0,19.0,,31.0,31.0,,18.0,54.0,,30.0,32.0,17.0,53.0,28.0,,52.0,21.0,,30.0,,2.0,20.0,26.0,21.0,,46.0,18.0,23.0,19.0,,10.0,39.0,41.0,34.0,,34.0,6.0,44.0,19.0,31.0,28.0,0.0,36.0,24.0,,18.0,43.0,14.0,15.0,,53.0,,16.0,23.0,13.0,55.0,9.0,17.0,48.0,50.0,49.0,27.0,34.0,13.0,17.0,16,23.0,,2.0,47.0,27.0,50.0,22.0,22.0,,25.0,48.0,20.0,32.0,11.0,,29.0,21.0,1.0,16.0,20.0,38.0,48.0,30.0,,35.0,,3.0,11.0,,43.0,31.0,16.0,23.0,,46.0,33.0,19.0,33.0,46.0,24.0,15.0,40.0,,6.0,9.0,22.0,,,25.0,29.0,35.0,52.0,,34.0,,47.0,27.0,,0.0,14.0,30.0,,56.0,,19.0,49.0,27.0,20.0,8.0,,30.0,31.0,38.0,42.0,24.0,34.0,51.0,14.0,33.0,22.0,16.0,14.0,26.0,,,14.0,,31.0,,10.0,13.0,34.0,,,31.0,29.0,18.0,26.0,,12.0,41.0,23.0,46.0,30.0,11.0,23.0,10.0,18.0,17.0,41.0,36.0,8.0,34.0,40.0,35.0,20.0,22.0,28.0,29.0,26.0,12.0,13.0,,30.0,26.0,,43.0,25.0,10,49.0,6.0,19.0,,17.0,15.0,29.0,15.0,12.0,41.0,12,22.0,15.0,32.0,27.0,36.0,,,56.0,10,33.0,18.0,23.0,48.0,46.0,22.0,17.0,,0.0,19.0,19.0,18.0,29.0,37.0,37.0,30.0,,18.0,45.0,19.0,19.0,23.0,39.0,,28.0,19.0,39.0,33.0,24.0,10.0,19.0,28.0,19.0,23.0,,20.0,4.0,,27.0,,32.0,47.0,,54.0,18.0,17.0,15.0,13.0,47.0,26.0,40.0,16.0,37.0,22.0,12.0,14.0,,14.0,20.0,24.0,50.0,18.0,4.0,38.0,,24.0,33.0,14.0,18.0,23.0,48.0,33.0,,20.0,16.0,17.0,21.0,,18.0,22.0,,,10.0,30.0,5.0,16.0,29.0,,16.0,37.0,16.0,56.0,,51.0,50.0,,,47.0,23.0,48.0,10.0,40.0,25.0,32.0,,,,9.0,16,36.0,53.0,7.0,34.0,41.0,28.0,,40.0,,30.0,,50.0,48.0,,51.0,26.0,15.0,30.0,14.0,25.0,18.0,27.0,27.0,48.0,,19.0,19.0,17.0,,32.0,18.0,,35.0,14.0,,,30.0,28.0,36.0,23.0,32.0,13.0,,,36.0,,7.0,21.0,,41.0,22.0,12.0,24.0,17.0,,41.0,24.0,,30.0,43.0,4.0,18.0,22.0,46.0,,,44.0,18.0,16.0,21.0,,50.0,38.0,29.0,28.0,26.0,44.0,20.0,20.0,19,19.0,11.0,19,47.0,22.0,33.0,52.0,39.0,5.0,24.0,16.0,20.0,15.0,43.0,27.0,49.0,52.0,39.0,,37.0,6.0,0.0,15.0,12.0,,23.0,23.0,,30.0,10.0,,56.0,36.0,18.0,6.0,36.0,25.0,39.0,30.0,22.0,,37.0,35.0,35.0,40.0,16.0,,27.0,16.0,16.0,17.0,32.0,14.0,49.0,7.0,44.0,44.0,36.0,,9.0,28.0,40.0,22.0,29.0,16.0,27.0,17.0,13.0,34.0,17.0,44.0,52.0,0.0,40.0,27.0,42.0,,27.0,45.0,,36.0,,20.0,11.0,22.0,48.0,,22.0,23.0,52.0,36.0,43.0,27.0,,,37.0,20.0,13.0,,18.0,29.0,49.0,10.0,,17.0,8.0,16.0,12.0,18.0,46.0,15.0,,,46.0,39.0,49.0,43.0,,21.0,34.0,,56.0,49.0,22.0,19.0,,44.0,16.0,10.0,13.0,,32.0,56.0,56.0,26.0,46.0,21.0,,38.0,,,16.0,40.0,15.0,,49.0,,18.0,9.0,23.0,,,16.0,5.0,42.0,19.0,15.0,34.0,22.0,24.0,14.0,15.0,24.0,24.0,,,,,8.0,46.0,7.0,5.0,12.0,50.0,,6.0,11.0,17.0,,30.0,23.0,39.0,54.0,24.0,,25.0,23.0,,24.0,14.0,49.0,,22.0,14.0,,38.0,15.0,,21.0,13.0,0.0,6.0,21.0,54.0,38.0,11.0,,22.0,31.0,2.0,,,23.0,19.0,9.0,24.0,38.0,40.0,44.0,,,,38.0,,,23.0,,43.0,21.0,,40.0,50.0,26.0,49.0,10.0,24.0,16.0,12.0,8.0,53.0,50.0,29.0,27.0,25.0,21.0,,42.0,11.0,34.0,,20.0,28.0,10.0,16.0,,22.0,28.0,27.0,,22.0,18.0,31.0,36.0,2.0,29.0,19.0,17.0,,18.0,7.0,29.0,,13.0,42.0,41.0,13.0,31.0,19.0,12.0,24.0,14.0,20.0,,49.0,50.0,44.0,3.0,21.0,11.0,25.0,12.0,38.0,36.0,23.0,33.0,17.0,15.0,21.0,20.0,,35.0,10.0,50.0,20.0,36.0,6.0,27.0,26.0,33.0,14.0,6.0,14.0,,21.0,51.0,15.0,31.0,28.0,6.0,42.0,,19.0,30.0,25.0,1.0,52.0,3.0,38.0,41.0,30.0,16.0,14.0,20.0,13.0,24.0,24.0,34.0,28.0,35.0,10.0,39.0,5.0,39.0,56.0,33.0,22.0,34.0,35.0,53.0,16.0,0.0,20.0,41.0,,52.0,10.0,,10.0,29.0,6.0,48.0,24.0,16.0,,52.0,40.0,12.0,32.0,51.0,15.0,,21.0,9.0,14.0,20.0,41.0,32.0,18.0,38.0,17.0,19.0,22.0,32.0,11.0,23.0,21.0,47.0,19.0,,,15.0,49.0,,19.0,12.0,9.0,,56.0,21.0,38.0,0.0,24.0,14.0,19.0,23.0,17.0,18.0,49.0,38.0,7.0,22.0,3.0,,,,34.0,33.0,39.0,,32.0,17.0,19.0,25.0,,,23.0,44.0,51.0,23.0,18.0,27.0,28.0,,35.0,12.0,17.0,55.0,,,24.0,35.0,24.0,14.0,25.0,33.0,7.0,,52.0,,15.0,38.0,29.0,22.0,53.0,34.0,,27.0,22.0,50.0,,26.0,4.0,32.0,47.0,49.0,36.0,,12.0,15.0,16.0,38.0,37.0,50.0,56.0,40.0,16.0,,28.0,17.0,26.0,40.0,22.0,25.0,14.0,24.0,27.0,37.0,32.0,55.0,,32.0,37.0,35.0,11.0,40.0,,23.0,,,,33.0,21.0,37.0,37.0,50.0,,14.0,,,39.0,10.0,,25.0,,,13.0,52.0,54.0,46.0,,,,15.0,,37.0,14.0,,45.0,,38.0,30.0,23.0,27.0,,17.0,,,19.0,18.0,15.0,30.0,12.0,,28.0,,16.0,21.0,,23.0,,43.0,41.0,30.0,27.0,16.0,14.0,,21.0,28.0,12.0,,25.0,14.0,41.0,,,47.0,37.0,15.0,,15.0,2.0,,18.0,,11.0,,,41.0,15.0,34.0,10.0,4.0,46.0,36.0,20.0,34.0,,,7.0,31.0,56.0,30.0,,22.0,40.0,,40.0,22.0,,32.0,36.0,44.0,25.0,33.0,49.0,18.0,,26.0,56.0,,,19.0,16.0,,43.0,43.0,17.0,13.0,47.0,28.0,,13.0,35.0,,12.0,0.0,46.0,26.0,9.0,50.0,28.0,21.0,32.0,28.0,15.0,,,50.0,15.0,38.0,10.0,,24.0,6.0,52.0,13.0,35.0,8.0,35.0,43.0,33.0,19.0,27.0,15.0,28.0,20.0,21.0,52.0,35.0,41.0,,,25.0,,,24.0,,55.0,,14.0,29.0,44.0,37.0,,,5.0,24.0,29.0,28.0,26.0,38.0,36.0,42.0,46.0,27.0,47.0,45.0,19.0,,27.0,25.0,51.0,50.0,,,24.0,,,,0.0,36.0,16.0,38.0,,6.0,11.0,23.0,46.0,38.0,22.0,,,22.0,,20.0,28.0,56.0,,40.0,11.0,,28.0,4.0,53.0,20.0,17.0,,,34.0,,25.0,1.0,20.0,15.0,11.0,47.0,16.0,32.0,46.0,9.0,,14.0,47.0,32.0,49.0,20.0,38.0,0.0,29.0,48.0,54.0,17.0,35.0,41.0,11.0,24.0,34.0,44.0,13.0,31.0,11.0,56.0,,50.0,1.0,38.0,37.0,18.0,26.0,35.0,30.0,,13.0,28.0,,,,46.0,31.0,24.0,33.0,17.0,21.0,20.0,38.0,15.0,12.0,36.0,28.0,,50.0,,34.0,47.0,,13.0,33.0,,26.0,29.0,19.0,4.0,,36.0,40.0,31.0,37.0,17.0,31.0,,,,9.0,26.0,14.0,47.0,,54.0,,14.0,,38.0,31.0,8.0,16.0,,19.0,33.0,12.0,,33.0,38.0,32.0,,13.0,17.0,20.0,0.0,14.0,38.0,33.0,13.0,55.0,19.0,,18.0,19.0,0.0,33.0,30.0,32.0,,39.0,16.0,21.0,,,,48.0,8.0,,24.0,44.0,,26.0,49.0,10.0,11.0,,28.0,,,22.0,25.0,,30.0,33.0,,,24.0,,,25.0,,51.0,9.0,16.0,,0.0,21.0,44.0,,53.0,29.0,0.0,,20.0,5.0,,,38.0,48.0,,,55.0,24.0,46.0,48.0,55.0,17.0,33.0,31.0,38.0,23.0,48.0,42.0,47.0,,18.0,,,51.0,23.0,47.0,,,35.0,,40.0,24.0,48.0,55.0,24.0,,21.0,46.0,54.0,26.0,17.0,31.0,,26.0,,,26.0,32.0,17.0,42.0,46.0,26.0,12.0,7.0,19.0,31.0,53.0,29.0,21.0,21.0,23.0,46.0,47.0,,3.0,50.0,,21.0,23.0,,,5.0,33.0,40.0,,30.0,51.0,29.0,25.0,55.0,19.0,9.0,14.0,,52.0,50.0,54.0,21.0,53.0,40.0,43.0,8.0,41.0,18.0,,18.0,22.0,53.0,47.0,41.0,13.0,30.0,50.0,,20.0,40.0,52.0,34.0,45.0,49.0,49.0,28.0,36.0,47.0,47.0,28.0,44.0,47.0,42.0,39.0,19.0,49.0,16.0,28.0,,19.0,,,13.0,15.0,52.0,,45.0,24.0,,,5.0,54.0,25.0,52.0,19.0,13.0,18.0,13.0,37.0,,,56.0,,1.0,,37.0,56.0,13.0,,12.0,,53.0,,46.0,12.0,55.0,,,38.0,27.0,31.0,45.0,28.0,,,53.0,55.0,,46.0,,20.0,,,26.0,23.0,,29.0,,,,,149,3,2.407008086253369,17.630884041331804,-0.3438795937511106
4,2,6,5,5,5,8,9,6,3,7,8,7,8,10,7,6,3,31,4,7,18,10,9,7,14,13,10,7,8,10,4,7,11,12,5,12,3,9,14,20,19.0,13,11,4,8,9,9,12,14,11,17,1,9,20,22,13,8,12,8,2,7,16,11,0.0,13,17,16,13,8,18,18,13,11,13,14,18,15,13,6,18,10,8,13,12,13,10,12,6,16,10,6,14,13,18,4,13,9,11,17,20,10,11,12,13,17,12,11,16,14,4,15.0,14,26,27.0,13,23,6,6,16,12,13,9,15,10,15,14,17.0,12,13,21,16,55.0,7,14,16.0,12,25,11,14,9,14,12,27,4.0,58.0,33,40.0,15,17,8,18,48.0,3,15,16,18,32.0,21,19,11,16,13,17,14,10.0,18,20,17,17,11,24.0,6,25,7,21,17,29.0,11,12.0,10,15,21,14,24,,26.0,7,19,13.0,58.0,12,16,12,16,17,10,8,17.0,25,27,,18,20,22,24,14.0,22,3,18,13,,21,23,27,10,8,19,11,25.0,16.0,17,18,17,0.0,21,19,13,23.0,13,37.0,14.0,34,18,19.0,36,21,16,25.0,38.0,23,18,13,11,20,20.0,21,18,13,18,16,33,34.0,22.0,23,14.0,56.0,23.0,16.0,22,5.0,10,29,27,,31.0,38.0,54.0,29.0,16,32.0,56.0,30.0,18,15,7.0,15,30,21,13.0,13.0,6.0,12,48.0,16,16,15.0,7.0,9,34.0,27.0,6,15,32.0,10,19.0,37.0,20.0,17,9,21.0,25,19,19,35,15,21,13,37,14,17,19,14,11.0,40.0,10,0,18,52.0,25.0,39,28,11,,14,17.0,24,15,19,10,26,47.0,10,4.0,12,35,38.0,20,19,22,23.0,16.0,7,,25.0,10.0,39.0,18.0,16,24.0,20,19,22,19.0,12,49.0,30.0,23,33.0,15.0,15.0,23,41.0,12,23,32,13,24,28,18,13.0,8,25.0,13,8,24,33.0,11,,19,8.0,13,28.0,24,24,27.0,38,20.0,19,23.0,35.0,23,22,5.0,16.0,11.0,9.0,46.0,23,46.0,29.0,14,,16,15,18.0,17.0,7,24.0,36,9.0,22.0,17,27,25,,16,15.0,27.0,2,15.0,13,16.0,25,15,17,33.0,30.0,16,16,21,17.0,21.0,40,12,37.0,11,14.0,41.0,16.0,12.0,34.0,17.0,15.0,44.0,,35.0,16,15,27.0,14.0,12.0,29.0,27.0,30.0,35.0,21.0,19,15,16.0,25.0,14,37.0,7.0,23.0,23.0,39.0,21.0,15,41,60.0,36.0,22.0,24.0,15,20.0,23.0,,9,12,17,51.0,32.0,5.0,26.0,13,19,15.0,15.0,21,16.0,39.0,25,59.0,30.0,26.0,26,16.0,25,19.0,17.0,31.0,29,25.0,26,9.0,30,15,,14.0,27.0,28.0,32,21,15,19.0,5,34.0,19,46,20.0,10,8,17.0,0.0,24,24,26.0,15.0,25.0,50.0,25.0,19.0,24,34.0,11,24,22.0,34.0,25.0,11.0,31.0,58.0,31,43,22.0,10.0,34.0,29.0,10.0,60.0,24,9.0,12,15.0,35.0,,24.0,22,10.0,16,31.0,34.0,15.0,25,40.0,35.0,38.0,21,26,45.0,,17.0,37.0,46.0,13.0,56.0,13.0,23.0,,29.0,36.0,22,24,16.0,16.0,32.0,10,20,21,13,28.0,,17,6,32.0,,10,29.0,20.0,21.0,23,47.0,17.0,34.0,23,50.0,16.0,25.0,20.0,26.0,30.0,16,25.0,23,11.0,24,14,19,28.0,24.0,28.0,0.0,45.0,,16.0,23.0,22.0,22.0,38.0,18,,38.0,10,42.0,,12.0,39.0,9,29.0,17.0,25.0,38,0,14.0,25,17.0,13.0,12.0,12.0,20,57.0,16,16,35.0,18,25.0,25,24.0,46.0,20.0,29,13,8.0,15.0,26,6.0,23,20.0,25,35.0,11.0,25.0,,36.0,20.0,20,18.0,,24.0,17.0,,,55.0,21,16,29.0,22,25,22,18.0,24.0,29.0,,7.0,15.0,17,41.0,30.0,26.0,21,32.0,44.0,16.0,0.0,45.0,23,28.0,21.0,30.0,29.0,32.0,17.0,15.0,19,22.0,47.0,,26.0,47.0,4.0,28.0,20,20.0,43.0,46.0,44.0,28,13,,,15,28.0,19.0,18.0,26,18.0,54.0,19.0,46.0,17,11.0,18.0,18.0,,33.0,24.0,13.0,42.0,,17,20,19.0,32.0,39.0,18.0,25.0,11.0,15.0,0.0,14.0,37.0,25,14,20.0,29,,54.0,24.0,22.0,20,17,21.0,57.0,28.0,34.0,26.0,19.0,19.0,20.0,7.0,3,11.0,60.0,,32.0,31.0,,15,29.0,20.0,18.0,11,30.0,22.0,25.0,26.0,29.0,25.0,28,45.0,31,21.0,0.0,58.0,,18.0,31.0,18.0,22.0,30.0,10.0,49.0,,30.0,37.0,14.0,23.0,,30.0,,,49.0,23,17.0,40.0,23,23.0,27.0,7,47.0,28.0,,22,26,17,53.0,13.0,43.0,19.0,12.0,15.0,44.0,,28.0,16,38.0,20,24.0,53,42,24.0,20,37.0,51.0,24.0,19.0,10,32.0,17.0,17.0,7.0,14.0,54.0,13,29.0,23,14.0,,31.0,11,18.0,18,16,32.0,25.0,15.0,15,51.0,,18,22.0,16.0,23.0,15.0,25.0,40.0,39.0,21.0,19,22.0,30.0,17.0,23.0,,20.0,14.0,28.0,18,32.0,19,8.0,40.0,44.0,38.0,21,19,18.0,9.0,49.0,9.0,16.0,45.0,39.0,34.0,13.0,27,26.0,0.0,14,38,45.0,42.0,9,21.0,35.0,16,17.0,22,19,16,26.0,31.0,40.0,41.0,5.0,,31.0,25.0,20.0,11.0,31.0,23.0,7.0,24.0,32.0,,15.0,11.0,40.0,11.0,46.0,45.0,,24.0,25.0,,,27.0,20.0,20.0,20.0,20.0,22.0,24.0,14.0,,24.0,26.0,28.0,44.0,43.0,33.0,28.0,12.0,,34.0,39.0,24.0,23,42.0,34.0,19.0,12,19.0,19.0,27.0,20.0,33.0,,57.0,49.0,44.0,32.0,26.0,21.0,31.0,50.0,36.0,10.0,25.0,26.0,24.0,22.0,40.0,19.0,31.0,34.0,24.0,41.0,18.0,19.0,13,15.0,30.0,26.0,21,32.0,41.0,32.0,28.0,25.0,32.0,37.0,32.0,32.0,19,22.0,15.0,18.0,5.0,49.0,,19,19,20.0,39.0,17.0,40.0,27.0,8.0,16,16,,29.0,23.0,35.0,19.0,26.0,53.0,9.0,51.0,29.0,,49.0,57.0,25.0,,15.0,34,33.0,,20.0,21.0,15.0,26,28.0,12,19.0,24,22.0,28.0,31.0,17.0,43.0,24.0,26.0,38.0,26.0,,25.0,19.0,25,21.0,22.0,26.0,55.0,43.0,15,24.0,,26.0,23.0,27.0,9.0,47.0,29.0,23.0,42,17,29.0,32.0,0.0,30.0,22.0,29.0,,22.0,10,47.0,16.0,39.0,16.0,40.0,38.0,30.0,26.0,7,35.0,39.0,36.0,15,29,,57.0,32.0,25.0,34.0,33.0,11.0,,35.0,36.0,2.0,,12.0,14.0,,5,22.0,,31.0,33.0,14.0,5,49.0,21.0,25,48.0,39.0,32.0,,,34.0,23.0,41.0,19.0,53.0,54.0,13,47.0,56.0,13.0,33.0,29,11.0,45.0,29.0,22.0,15.0,16.0,34.0,19.0,17.0,50.0,25.0,52.0,14.0,39,17,48.0,27.0,17.0,48.0,,33,49,1.0,16.0,22.0,60.0,,18.0,11.0,,30.0,49.0,36.0,21.0,16.0,17.0,21.0,15,30,20.0,,39.0,19.0,16.0,6,35.0,,18.0,38.0,14.0,28.0,27.0,36.0,21.0,39.0,,22.0,31.0,56.0,31.0,21,,12.0,37,22.0,46.0,28.0,24.0,3.0,20.0,36.0,,34.0,,43.0,33.0,10.0,50.0,16.0,28.0,27.0,33.0,29.0,14.0,35.0,37.0,59.0,22.0,16.0,,27.0,0.0,16.0,0.0,23.0,9.0,,25.0,21.0,27.0,,42.0,22.0,22.0,16.0,7.0,54.0,51.0,23.0,15.0,57.0,,22.0,13.0,23.0,19.0,32.0,26.0,12.0,50.0,12.0,17.0,60.0,,18.0,25,34.0,21.0,30.0,8.0,31.0,0.0,36.0,0.0,11.0,,8.0,41.0,26.0,16.0,24.0,22.0,,57.0,,39.0,44.0,8.0,27.0,24.0,10.0,30.0,,29.0,29.0,7.0,31.0,,31.0,48.0,18.0,11.0,,46.0,26.0,,,31.0,22.0,29.0,,35.0,57,42.0,55.0,25.0,45.0,35.0,41.0,37.0,17.0,,10,27.0,34.0,0.0,27.0,9.0,36.0,21.0,33.0,33.0,9.0,29.0,14.0,11.0,9.0,14.0,14.0,15,19.0,30.0,,24.0,15.0,32.0,22.0,46.0,47.0,44.0,21.0,43.0,6.0,36.0,48.0,33.0,,0.0,59.0,42.0,17.0,41.0,34.0,19.0,13,12,38.0,41.0,27.0,18.0,46.0,,13.0,31.0,,15.0,,54.0,40.0,,37.0,32.0,6.0,14.0,18.0,47.0,24.0,56.0,53.0,11.0,26.0,,26.0,9.0,11.0,,40.0,22.0,,37.0,,8.0,24.0,43.0,0.0,17.0,34.0,56.0,24.0,18.0,38.0,17.0,,44.0,25,45.0,32.0,30.0,17.0,20,0.0,12.0,37.0,15.0,33.0,22.0,11.0,,25,28.0,27.0,31.0,17.0,28.0,29.0,16.0,38,32.0,43.0,32.0,49.0,25,,17.0,11.0,39.0,,27.0,6.0,22.0,6.0,7.0,23.0,42.0,31.0,37.0,,34.0,41.0,27.0,,24.0,,45.0,20.0,38.0,15,59.0,24.0,22.0,55.0,8.0,60.0,14.0,22.0,56.0,16.0,13.0,28.0,14.0,14,21.0,,25.0,,,,,11.0,47.0,43.0,30.0,24.0,38.0,55.0,33.0,,47.0,,35.0,44.0,,,57.0,46.0,53.0,,41.0,29.0,18.0,38.0,30.0,11.0,37.0,,53.0,,28.0,45.0,34.0,53.0,8.0,0.0,18.0,24.0,45.0,29.0,,34.0,28.0,14.0,33.0,23.0,30.0,27.0,37.0,0.0,57.0,55.0,14.0,15.0,15.0,,18.0,55.0,50.0,16.0,23.0,15.0,13.0,30,22.0,29.0,11.0,37.0,38.0,45.0,23.0,27.0,18.0,60.0,30.0,16.0,25.0,9.0,,48.0,17.0,19.0,34.0,34.0,,58.0,25.0,50.0,23.0,33.0,16.0,59.0,16.0,,30.0,55.0,47.0,30.0,42.0,49.0,33.0,29.0,7.0,,33.0,33.0,15.0,12.0,13.0,28.0,35.0,56.0,29.0,,49.0,16.0,32.0,18.0,,,31.0,36.0,39.0,17.0,43.0,35.0,45.0,,19.0,,,22.0,22.0,,21.0,48.0,9.0,18.0,18.0,12.0,,40.0,52.0,30.0,30.0,,36.0,,12.0,13.0,,56.0,,42.0,22.0,33.0,30.0,24.0,24.0,42.0,,23.0,15.0,48.0,33.0,,20.0,39.0,40.0,37.0,31.0,13.0,26.0,44.0,7.0,35.0,29.0,24.0,35.0,24.0,13.0,21.0,21.0,36.0,,11.0,,,32.0,32.0,33.0,,35,30.0,40.0,32.0,14.0,53.0,15.0,24.0,37.0,,33.0,31,36.0,50.0,15.0,31.0,43.0,,,38.0,23,35.0,39.0,31.0,11.0,,42.0,25.0,,25.0,,24.0,21.0,20.0,42.0,,25.0,52.0,44.0,35.0,,,21.0,39.0,48.0,19.0,,19.0,41.0,27.0,59.0,4.0,30.0,,26.0,,38.0,7.0,29.0,54.0,,12.0,26.0,14.0,10.0,26.0,,,49.0,34.0,25.0,39.0,8.0,32.0,0.0,26.0,21.0,11.0,,32.0,59.0,18.0,33.0,15.0,,27.0,,36.0,24.0,16.0,34.0,20.0,33.0,30.0,32.0,55.0,16.0,38.0,45.0,35.0,11.0,17.0,28.0,25.0,41.0,,55.0,9.0,40.0,33.0,15.0,15.0,,8.0,27.0,26.0,12.0,24.0,14.0,27.0,60.0,27.0,30.0,37.0,55.0,,24.0,,5.0,24,37.0,,,21.0,32.0,37.0,31.0,,,44.0,21.0,49.0,22.0,,22.0,19.0,46.0,23.0,,49.0,52.0,54.0,21.0,,26.0,34.0,18.0,21.0,46.0,39.0,9.0,23.0,47.0,57.0,26.0,17.0,19.0,34.0,40.0,17.0,25.0,,4.0,,,,24.0,3.0,32.0,31.0,,17.0,15.0,34.0,42.0,30.0,0.0,,48.0,17.0,,31.0,44.0,16.0,37.0,,58.0,38.0,20.0,15.0,31.0,43.0,20.0,38.0,6.0,36.0,38.0,25.0,39.0,24,43.0,37.0,18,43.0,47.0,30.0,,15.0,22.0,28.0,23.0,21.0,54.0,,,24.0,28.0,42.0,47.0,40.0,34.0,45.0,,40.0,15.0,42.0,17.0,50.0,22.0,,52.0,21.0,,34.0,18.0,,29.0,11.0,,19.0,,46.0,46.0,29.0,51.0,33.0,28.0,19.0,24.0,19.0,20.0,11.0,15.0,37.0,,43.0,42.0,19.0,24.0,19.0,24.0,33.0,31.0,20.0,,21.0,29.0,13.0,0.0,60.0,13.0,17.0,56.0,7.0,56.0,14.0,33.0,45.0,58.0,41.0,21.0,22.0,46.0,20.0,10.0,28.0,,16.0,14.0,,58.0,17.0,35.0,25.0,28.0,22.0,26.0,10.0,14.0,,37.0,,23.0,,,42.0,41.0,,14.0,,9.0,,28.0,25.0,,,6.0,,17.0,30.0,,28.0,27.0,27.0,38.0,,22.0,13.0,15.0,12.0,28.0,41.0,9.0,,,,30.0,44.0,35.0,11.0,24.0,20.0,30.0,24.0,,36.0,5.0,,0.0,,16.0,14.0,32.0,52.0,32.0,25.0,18.0,22.0,,37.0,20.0,,35.0,57.0,40.0,50.0,0.0,18.0,,,36.0,6.0,18.0,34.0,59.0,,28.0,18.0,,60.0,22.0,44.0,48.0,,,44.0,15.0,45.0,13.0,24.0,39.0,31.0,43.0,,,25.0,,,21.0,39.0,23.0,22.0,14.0,,,7.0,,39.0,23.0,41.0,54.0,,51.0,35.0,38.0,12.0,51.0,44.0,29.0,38.0,37.0,,24.0,52.0,48.0,10.0,40.0,11.0,31.0,41.0,,36.0,,21.0,12.0,24.0,17.0,22.0,34.0,46.0,,54.0,59.0,,41.0,26.0,27.0,7.0,40.0,39.0,,29.0,7.0,23.0,,23.0,14.0,43.0,41.0,24.0,35.0,22.0,,,5.0,12.0,,30.0,16.0,8.0,41.0,23.0,35.0,,26.0,18.0,24.0,9.0,55.0,57.0,,47.0,40.0,14.0,25.0,21.0,55.0,22.0,,16.0,47.0,,25.0,18.0,12.0,55.0,26.0,58.0,21.0,39.0,25.0,17.0,38.0,30.0,17.0,,19.0,60.0,43.0,24.0,47.0,43.0,56.0,28.0,39.0,14.0,48.0,34.0,36.0,28.0,41.0,21.0,50.0,22.0,34.0,28.0,30.0,23.0,,46.0,51.0,12.0,25.0,25.0,7.0,43.0,30.0,52.0,26.0,48.0,,24.0,14.0,20.0,22.0,,51.0,41.0,8.0,22.0,55.0,58.0,30.0,25.0,26.0,23.0,14.0,27.0,,8.0,35.0,31.0,57.0,31.0,,,27.0,23.0,,27.0,31.0,59.0,56.0,,28.0,32.0,,,26.0,,25.0,26.0,9.0,35.0,,,3.0,29.0,54.0,40.0,45.0,,,33.0,15.0,44.0,26.0,,59.0,,39.0,26.0,41.0,,22.0,22.0,22.0,16.0,55.0,30.0,,,57.0,50.0,,44.0,38.0,28.0,60.0,33.0,,,,24.0,12.0,22.0,0.0,30.0,,33.0,19.0,30.0,43.0,27.0,,54.0,22.0,,,32.0,19.0,54.0,40.0,20.0,19.0,,29.0,54.0,6.0,39.0,34.0,,48.0,20.0,22.0,,40.0,13.0,40.0,13.0,39.0,18.0,,,14.0,,37.0,59.0,22.0,25.0,,26.0,1.0,23.0,8.0,43.0,,34.0,37.0,21.0,45.0,26.0,10.0,60.0,43.0,,14.0,,,,14.0,16.0,,35.0,19.0,35.0,11.0,59.0,26.0,55.0,,34.0,,27.0,53.0,17.0,49.0,54.0,,29.0,57.0,,29.0,,,8.0,14.0,37.0,,,55.0,45.0,,11.0,29.0,42.0,55.0,32.0,19.0,51.0,,20.0,17.0,16.0,,15.0,27.0,25.0,19.0,,24.0,30.0,56.0,29.0,35.0,33.0,27.0,38.0,,22.0,20.0,12.0,24.0,,34.0,,9.0,,23.0,25.0,24.0,29.0,,,45.0,44.0,4.0,28.0,53.0,,23.0,41.0,,23.0,33.0,36.0,21.0,14.0,,16.0,,,,,,57.0,11.0,,23.0,32.0,19.0,26.0,56.0,,13.0,,43.0,,37.0,,50.0,47.0,10.0,8.0,26.0,,55.0,,22.0,0.0,40.0,46.0,47.0,22.0,,58.0,16.0,15.0,8.0,9.0,,,49.0,23.0,20.0,31.0,20.0,56.0,40.0,12.0,42.0,16.0,33.0,15.0,30.0,22.0,7.0,42.0,,36.0,10.0,17.0,49.0,42.0,,,,,,32.0,14.0,38.0,18.0,32.0,16.0,12.0,17.0,,5.0,,20.0,28.0,,40.0,29.0,,43.0,,33.0,43.0,51.0,3.0,42.0,14.0,34.0,25.0,,23.0,25.0,60.0,23.0,32.0,,18.0,36.0,47.0,53.0,34.0,20.0,18.0,,47.0,25.0,,38.0,34.0,42.0,18.0,,,46.0,18.0,45.0,,0.0,25.0,,,36.0,29.0,26.0,17.0,19.0,,29.0,,52.0,9.0,15.0,31.0,,,23.0,54.0,42.0,,,46.0,57.0,16.0,11.0,15.0,47.0,7.0,43.0,,34.0,26.0,35.0,,46.0,24.0,19.0,27.0,55.0,11.0,35.0,,28.0,,,20.0,33.0,31.0,12.0,16.0,,48.0,26.0,50.0,48.0,,19.0,27.0,46.0,19.0,19.0,,,,40.0,43.0,50.0,40.0,19.0,55.0,,31.0,58.0,,,54.0,18.0,38.0,,25.0,55.0,19.0,13.0,15.0,59.0,59.0,15.0,,,,,30.0,35.0,27.0,,20.0,,,,,50.0,27.0,18.0,13.0,,25.0,37.0,12.0,17.0,,10.0,28.0,25.0,34.0,2.0,24.0,,33.0,,,23.0,25.0,28.0,8.0,,8.0,,57.0,,,27.0,50.0,8.0,,21.0,25.0,,,31.0,44.0,33.0,23.0,8.0,25.0,21.0,,24.0,,17.0,42.0,56.0,,,,,33.0,38.0,40.0,8.0,12.0,20.0,31.0,31.0,25.0,16.0,40.0,21.0,35.0,,,27.0,,45.0,,16.0,9.0,25.0,38.0,0.0,14.0,24.0,41.0,60.0,27.0,38.0,,,,,29.0,39.0,,25.0,32.0,29.0,33.0,,,33.0,7.0,40.0,38.0,48.0,13.0,34.0,32.0,,25.0,56.0,49.0,35.0,24.0,,16.0,39.0,14.0,19.0,37.0,,,35.0,,,,50.0,12.0,25.0,33.0,27.0,51.0,35.0,11.0,60.0,26.0,,,20.0,,28.0,39.0,41.0,,58.0,,,43.0,,21.0,51.0,,17.0,45.0,15.0,,17.0,,39.0,15.0,21.0,17.0,11.0,25.0,20.0,35.0,47.0,,37.0,31.0,,15.0,48.0,21.0,,26.0,32.0,56.0,19.0,28.0,,19.0,,42.0,30.0,58.0,14.0,33.0,,19.0,29.0,7.0,24.0,,49.0,31.0,11.0,59.0,58.0,32.0,,,33.0,,,13.0,17.0,7.0,8.0,33.0,16.0,35.0,38.0,,33.0,,,42.0,38.0,20.0,21.0,14.0,,,,34.0,,49.0,,13.0,,15.0,37.0,23.0,15.0,25.0,30.0,9.0,25.0,49.0,23.0,17.0,6.0,22.0,28.0,53.0,,44.0,31.0,15.0,,25.0,40.0,11.0,29.0,15.0,17.0,37.0,26.0,27.0,13.0,,41.0,14.0,60.0,31.0,46.0,46.0,26.0,48.0,35.0,37.0,13.0,19.0,44.0,26.0,5.0,,,36.0,35.0,30.0,150,3,2.434192672998643,17.905926352128883,-0.30909828937228473
9,7,8,10,9,10,10,11,8,7,9,8,10,10,12,11,14,5,39,16,9,10,8,14,9,13,11,13,10,16,16,8,12,11,10,8,9,18,16,11,17,38.0,10,19,11,13,15,8,12,15,12,14,13,16,28,10,6,17,16,13,21,9,20,15,,1,14,16,17,11,10,19,13,7,10,18,10,12,17,10,20,9,11,14,12,24,13,11,22,19,16,16,18,16,15,19,0,13,17,8,17,0,14,11,11,11,13,18,3,15,22,17.0,17,23,27.0,13,20,17,18,6,15,17,17,12,13,14,15,26.0,13,17,5,17,6.0,18,20,16.0,21,29,15,14,14,8,15,22,35.0,33.0,16,18.0,17,18,16,16,35.0,19,18,8,20,20.0,18,22,28,12,14,24,20,8.0,17,21,20,1,17,11.0,19,23,11,35,17,16.0,22,37.0,20,14,10,29,18,53.0,63.0,16,19,28.0,17.0,9,20,20,16,34,20,14,29.0,23,11,19.0,21,19,27,22,14.0,14,6,12,20,27.0,17,21,21,21,22,14,16,20.0,28.0,14,22,23,4.0,15,18,13,24.0,14,10.0,10.0,16,22,26.0,27,26,18,26.0,,21,19,16,19,17,37.0,32,15,24,12,18,18,27.0,25.0,18,34.0,60.0,20.0,50.0,29,36.0,16,29,18,44.0,52.0,17.0,56.0,30.0,19,10.0,34.0,26.0,9,17,19.0,25,38,17,24.0,44.0,47.0,15,28.0,27,16,25.0,0.0,20,,23.0,17,15,30.0,14,23.0,46.0,36.0,27,21,24.0,21,32,21,34,20,16,15,25,27,28,18,14,21.0,23.0,23,14,14,31.0,9.0,11,29,17,,23,20.0,20,13,22,20,23,19.0,11,12.0,20,4,33.0,26,26,23,40.0,12.0,11,62.0,57.0,34.0,17.0,17.0,17,24.0,33,23,19,11.0,12,0.0,15.0,24,30.0,15.0,34.0,22,31.0,13,36,29,10,17,31,0,28.0,26,24.0,21,15,15,26.0,16,,29,21.0,12,39.0,36,19,40.0,29,,26,41.0,35.0,22,43,,32.0,26.0,0.0,30.0,22,12.0,22.0,19,32.0,23,13,24.0,39.0,33,57.0,32,52.0,,21,46,28,58.0,14,18.0,10.0,27,,21,47.0,12,20,13,18.0,22.0,16,34,31,42.0,19.0,10,17,31.0,18,27.0,41.0,39.0,22.0,15.0,29.0,13.0,23.0,24.0,31.0,19,16,31.0,44.0,10.0,34.0,13.0,48.0,,30.0,18,20,,40.0,19,16.0,23.0,25.0,22.0,41.0,32.0,27,43,19.0,23.0,14.0,16.0,29,30.0,25.0,37.0,42,8,18,40.0,26.0,36.0,17.0,28,14,32.0,23.0,14,26.0,13.0,33,32.0,35.0,26.0,22,22.0,31,24.0,33.0,17.0,20,30.0,0,,20,25,48.0,46.0,18.0,33.0,23,21,17,20.0,32,35.0,15,17,23.0,30,10,30.0,17.0,27,20,36.0,48.0,,11.0,33.0,16.0,21,38.0,19,27,20.0,9.0,22.0,,28.0,31.0,16,27,8.0,51.0,3.0,23.0,28.0,25.0,21,44.0,41,15.0,13.0,39.0,,20,20.0,22,15.0,59.0,21.0,0,44.0,,30.0,22,24,,36.0,39.0,,24.0,14.0,42.0,20.0,25.0,20.0,45.0,,29,11,52.0,38.0,53.0,13,25,24,17,26.0,34.0,20,14,24.0,32.0,14,41.0,21.0,4.0,6,39.0,30.0,,15,62.0,51.0,46.0,2.0,25.0,47.0,16,33.0,13,19.0,7,22,0,43.0,26.0,27.0,32.0,37.0,9.0,,9.0,54.0,47.0,22.0,15,60.0,40.0,18,25.0,26.0,29.0,30.0,11,42.0,15.0,,15,23,14.0,23,58.0,22.0,61.0,,21,11.0,38,8,63.0,20,,24,30.0,57.0,37.0,35,25,19.0,14.0,27,8.0,24,,0,,12.0,23.0,42.0,37.0,22.0,24,28.0,0.0,55.0,27.0,13.0,22.0,30.0,7,18,51.0,24,42,19,22.0,53.0,16.0,41.0,0.0,17.0,26,25.0,31.0,44.0,6,18.0,35.0,19.0,56.0,,20,47.0,53.0,22.0,46.0,22.0,19.0,27.0,23,,,32.0,24.0,53.0,28.0,18.0,18,33.0,46.0,29.0,,5,20,25.0,13.0,19,42.0,48.0,30.0,23,27.0,40.0,14.0,35.0,20,57.0,25.0,13.0,46.0,17.0,56.0,24.0,19.0,23.0,23,22,27.0,24.0,31.0,33.0,27.0,19.0,38.0,,32.0,40.0,35,30,37.0,34,,24.0,42.0,23.0,1,26,24.0,41.0,29.0,14.0,37.0,26.0,20.0,14.0,22.0,31,15.0,21.0,30.0,15.0,22.0,48.0,21,34.0,33.0,14.0,13,18.0,12.0,40.0,51.0,15.0,21.0,26,25.0,20,21.0,48.0,23.0,63.0,,62.0,15.0,26.0,30.0,34.0,31.0,16.0,58.0,44.0,,25.0,51.0,19.0,18.0,19.0,62.0,28,25.0,48.0,20,21.0,63.0,13,28.0,19.0,41.0,9,17,20,53.0,28.0,,36.0,30.0,19.0,43.0,21.0,29.0,20,35.0,19,44.0,11,28,16.0,14,35.0,,22.0,62.0,21,45.0,15.0,27.0,21.0,39.0,25.0,9,33.0,28,25.0,36.0,,24,30.0,29,33,22.0,16.0,,18,20.0,39.0,18,28.0,24.0,32.0,33.0,31.0,27.0,17.0,27.0,19,23.0,24.0,27.0,,57.0,26.0,25.0,29.0,26,40.0,23,23.0,18.0,33.0,32.0,22,24,40.0,22.0,25.0,19.0,39.0,26.0,30.0,39.0,31.0,43,43.0,18.0,21,0,15.0,42.0,24,22.0,0.0,12,29.0,25,39,16,23.0,29.0,1.0,63.0,12.0,18.0,34.0,43.0,46.0,41.0,32.0,29.0,23.0,25.0,48.0,18.0,57.0,54.0,17.0,31.0,,11.0,24.0,19.0,4.0,21.0,20.0,29.0,15.0,16.0,13.0,21.0,24.0,14.0,,41.0,33.0,47.0,25.0,28.0,35.0,34.0,42.0,32.0,4.0,7.0,41.0,24.0,23,20.0,29.0,27.0,18,21.0,32.0,53.0,30.0,39.0,18.0,43.0,14.0,35.0,49.0,22.0,37.0,18.0,13.0,36.0,29.0,43.0,30.0,19.0,,31.0,18.0,40.0,28.0,41.0,25.0,,19.0,24,30.0,36.0,14.0,22,36.0,22.0,21.0,36.0,42.0,42.0,20.0,22.0,59.0,29,2.0,45.0,26.0,,52.0,18.0,27,28,,55.0,36.0,12.0,,9.0,22,24,11.0,41.0,57.0,,57.0,,7.0,18.0,30.0,57.0,54.0,58.0,15.0,26.0,12.0,40.0,35,22.0,11.0,37.0,,58.0,24,15.0,23,32.0,34,29.0,31.0,27.0,27.0,39.0,24.0,33.0,35.0,26.0,,26.0,23.0,31,30.0,33.0,30.0,36.0,14.0,35,34.0,32.0,26.0,63.0,14.0,45.0,,63.0,18.0,27,21,,30.0,27.0,31.0,30.0,29.0,38.0,18.0,13,46.0,,28.0,,29.0,13.0,27.0,28.0,17,25.0,46.0,31.0,37,35,23.0,25.0,44.0,58.0,26.0,39.0,34.0,40.0,29.0,55.0,11.0,19.0,22.0,47.0,19.0,20,12.0,22.0,62.0,21.0,15.0,19,27.0,32.0,16,,37.0,,35.0,42.0,60.0,24.0,26.0,23.0,23.0,27.0,19,30.0,30.0,18.0,,23,54.0,,51.0,21.0,43.0,20.0,52.0,25.0,8.0,19.0,17.0,32.0,20.0,31,26,,26.0,39.0,15.0,,26,37,22.0,58.0,40.0,10.0,29.0,28.0,34.0,34.0,18.0,35.0,34.0,36.0,42.0,8.0,38.0,21,25,40.0,26.0,31.0,23.0,,26,,55.0,23.0,42.0,15.0,39.0,12.0,17.0,57.0,8.0,,33.0,39.0,21.0,49.0,30,26.0,,33,32.0,19.0,31.0,15.0,21.0,6.0,48.0,,30.0,32.0,12.0,59.0,25.0,36.0,21.0,39.0,32.0,25.0,46.0,52.0,46.0,23.0,,9.0,56.0,24.0,35.0,23.0,37.0,18.0,20.0,,24.0,26.0,26.0,32.0,57.0,37.0,52.0,59.0,28.0,14.0,,61.0,53.0,22.0,30.0,3.0,22.0,18.0,31.0,26.0,5.0,,18.0,58.0,22.0,42.0,9.0,18.0,46.0,32,15.0,22.0,52.0,,28.0,31.0,1.0,44.0,20.0,40.0,14.0,26.0,16.0,43.0,24.0,,,21.0,49.0,35.0,27.0,10.0,23.0,24.0,27.0,63.0,35.0,22.0,51.0,,33.0,49.0,18.0,,24.0,37.0,19.0,0.0,,22.0,18.0,23.0,,26.0,,35.0,29,63.0,25.0,19.0,19.0,16.0,36.0,13.0,7.0,,13,28.0,18.0,16.0,,19.0,28.0,55.0,37.0,7.0,,26.0,48.0,35.0,19.0,40.0,54.0,19,25.0,49.0,,42.0,16.0,27.0,22.0,16.0,45.0,,34.0,26.0,26.0,27.0,25.0,23.0,55.0,,,42.0,51.0,22.0,41.0,30.0,33,18,31.0,43.0,40.0,35.0,33.0,46.0,29.0,15.0,30.0,61.0,38.0,39.0,26.0,63.0,26.0,41.0,57.0,12.0,31.0,24.0,52.0,16.0,21.0,25.0,,31.0,,34.0,,12.0,34.0,27.0,,47.0,29.0,,46.0,26.0,37.0,19.0,13.0,,48.0,50.0,5.0,21.0,,11.0,39,37.0,12.0,40.0,15.0,28,,53.0,41.0,28.0,,24.0,28.0,,18,14.0,32.0,17.0,32.0,,19.0,14.0,36,29.0,43.0,38.0,,9,61.0,9.0,39.0,34.0,54.0,39.0,23.0,50.0,,15.0,3.0,42.0,0.0,,41.0,9.0,26.0,38.0,34.0,,44.0,15.0,21.0,,25,29.0,,62.0,21.0,23.0,16.0,32.0,47.0,43.0,16.0,31.0,31.0,30.0,43,22.0,18.0,12.0,32.0,18.0,0.0,,22.0,58.0,,,,21.0,31.0,38.0,61.0,34.0,36.0,36.0,36.0,,36.0,20.0,32.0,,,36.0,42.0,,0.0,33.0,22.0,16.0,39.0,43.0,53.0,39.0,26.0,59.0,14.0,31.0,27.0,61.0,26.0,0.0,19.0,,,9.0,44.0,25.0,52.0,26.0,41.0,16.0,16.0,16.0,29.0,10.0,31.0,8.0,16.0,21.0,,4.0,34.0,37.0,36.0,,26,23.0,,37.0,19.0,40.0,,22.0,40.0,55.0,22.0,49.0,59.0,24.0,26.0,56.0,19.0,,,14.0,63.0,44.0,41.0,55.0,,,14.0,50.0,,31.0,,56.0,44.0,8.0,,23.0,29.0,34.0,36.0,19.0,,28.0,36.0,49.0,23.0,23.0,33.0,36.0,38.0,23.0,43.0,47.0,32.0,,62.0,,21.0,32.0,18.0,36.0,54.0,37.0,22.0,19.0,,50.0,37.0,20.0,30.0,27.0,,,44.0,,17.0,51.0,36.0,33.0,28.0,27.0,12.0,38.0,39.0,51.0,32.0,,,63.0,63.0,40.0,25.0,23.0,23.0,49.0,59.0,36.0,38.0,,20.0,38.0,,31.0,25.0,5.0,,32.0,44.0,,23.0,16.0,26.0,41.0,16.0,,53.0,55.0,48.0,25.0,42.0,,9.0,0.0,18.0,18.0,,36.0,17.0,53.0,21.0,22,59.0,41.0,32.0,0.0,32.0,16.0,,32.0,29.0,33.0,30,,,44.0,34.0,13.0,33.0,26.0,27.0,35,44.0,29.0,19.0,36.0,,,27.0,39.0,,48.0,20.0,18.0,26.0,58.0,46.0,32.0,16.0,46.0,41.0,31.0,22.0,43.0,47.0,,46.0,,56.0,,28.0,44.0,21.0,,6.0,17.0,19.0,31.0,26.0,,26.0,21.0,54.0,,37.0,59.0,44.0,41.0,22.0,45.0,41.0,53.0,,23.0,,41.0,,15.0,46.0,44.0,36.0,38.0,39.0,42.0,13.0,,18.0,9.0,26.0,28.0,23.0,15.0,57.0,19.0,49.0,31.0,33.0,31.0,34.0,23.0,38.0,39.0,43.0,40.0,25.0,48.0,39.0,6.0,10.0,,28.0,53.0,39.0,,35.0,28.0,20.0,10.0,6.0,26.0,15.0,12.0,48.0,29.0,,,,59.0,,20.0,36,,,12.0,31.0,25.0,15.0,43.0,,6.0,15.0,22.0,5.0,43.0,39.0,,24.0,31.0,12.0,,51.0,29.0,0.0,62.0,23.0,,11.0,28.0,25.0,28.0,34.0,38.0,49.0,40.0,,31.0,,25.0,17.0,28.0,52.0,39.0,25.0,34.0,,,26.0,27.0,24.0,,16.0,33.0,18.0,29.0,,47.0,11.0,35.0,47.0,30.0,23.0,52.0,25.0,38.0,63.0,53.0,,,33.0,60.0,61.0,37.0,,29.0,18.0,,18.0,35.0,24.0,24.0,14,42.0,46.0,23,39.0,17.0,30.0,,32.0,18.0,22.0,15.0,18.0,60.0,13.0,18.0,22.0,38.0,40.0,0.0,35.0,20.0,29.0,38.0,26.0,,31.0,15.0,26.0,,20.0,12.0,22.0,,36.0,35.0,31.0,,30.0,45.0,35.0,56.0,36.0,41.0,59.0,32.0,33.0,29.0,34.0,27.0,17.0,20.0,20.0,,63.0,,33.0,,45.0,33.0,21.0,35.0,21.0,11.0,25.0,,54.0,49.0,15.0,,22.0,35.0,51.0,54.0,31.0,42.0,19.0,,27.0,55.0,,,41.0,,27.0,9.0,44.0,29.0,52.0,16.0,30.0,25.0,25.0,35.0,,50.0,,38.0,18.0,60.0,18.0,28.0,16.0,42.0,27.0,15.0,55.0,,47.0,38.0,42.0,19.0,37.0,,16.0,24.0,20.0,25.0,,,44.0,38.0,24.0,34.0,,36.0,27.0,53.0,,32.0,,,22.0,0.0,56.0,,0.0,57.0,55.0,52.0,10.0,,12.0,33.0,35.0,19.0,,,19.0,,27.0,29.0,53.0,26.0,23.0,,,25.0,28.0,,36.0,,23.0,27.0,47.0,63.0,,,14.0,49.0,50.0,,47.0,27.0,,0.0,,28.0,,25.0,39.0,12.0,60.0,28.0,61.0,,21.0,21.0,46.0,31.0,19.0,35.0,,31.0,44.0,17.0,18.0,42.0,40.0,58.0,,54.0,27.0,18.0,56.0,17.0,43.0,9.0,,42.0,14.0,35.0,12.0,,35.0,29.0,25.0,8.0,25.0,32.0,,,46.0,58.0,22.0,,58.0,59.0,31.0,,26.0,40.0,,,58.0,,,19.0,27.0,11.0,58.0,28.0,0.0,23.0,40.0,48.0,47.0,47.0,50.0,,43.0,31.0,22.0,45.0,18.0,39.0,18.0,21.0,58.0,41.0,61.0,40.0,22.0,34.0,10.0,40.0,30.0,18.0,22.0,22.0,58.0,23.0,,,,33.0,22.0,34.0,25.0,,,,43.0,,45.0,,33.0,37.0,,47.0,32.0,21.0,53.0,15.0,22.0,33.0,30.0,29.0,47.0,25.0,13.0,44.0,,,31.0,35.0,13.0,30.0,,22.0,42.0,30.0,19.0,,,41.0,19.0,,15.0,24.0,35.0,,50.0,25.0,32.0,36.0,32.0,33.0,,25.0,34.0,30.0,0.0,,25.0,20.0,11.0,32.0,61.0,36.0,27.0,,33.0,36.0,,27.0,60.0,36.0,,15.0,62.0,35.0,15.0,,38.0,13.0,28.0,24.0,,33.0,,35.0,38.0,27.0,25.0,35.0,16.0,32.0,16.0,46.0,22.0,23.0,,,,18.0,,47.0,34.0,32.0,25.0,29.0,17.0,37.0,23.0,,,11.0,,50.0,51.0,37.0,57.0,,35.0,,30.0,17.0,50.0,34.0,39.0,34.0,,37.0,,29.0,46.0,39.0,47.0,,,,46.0,39.0,51.0,,44.0,30.0,63.0,40.0,,63.0,20.0,16.0,42.0,,20.0,25.0,18.0,14.0,37.0,,24.0,,27.0,13.0,36.0,28.0,,,41.0,,,35.0,25.0,47.0,23.0,,47.0,59.0,19.0,40.0,24.0,,16.0,24.0,,,28.0,41.0,,58.0,24.0,41.0,,44.0,41.0,38.0,24.0,,19.0,44.0,,47.0,23.0,11.0,25.0,53.0,34.0,,43.0,14.0,19.0,36.0,31.0,18.0,30.0,,23.0,55.0,,20.0,,49.0,,57.0,21.0,28.0,1.0,49.0,54.0,44.0,48.0,59.0,,16.0,,20.0,18.0,42.0,56.0,23.0,34.0,32.0,50.0,40.0,15.0,56.0,17.0,62.0,,16.0,56.0,63.0,25.0,,45.0,41.0,32.0,48.0,26.0,33.0,,48.0,37.0,38.0,50.0,22.0,34.0,20.0,39.0,20.0,37.0,44.0,,35.0,15.0,,35.0,,21.0,13.0,12.0,43.0,,18.0,,57.0,,60.0,55.0,26.0,21.0,55.0,45.0,32.0,60.0,40.0,17.0,,24.0,,50.0,,,,,47.0,42.0,,20.0,60.0,32.0,49.0,47.0,61.0,29.0,27.0,35.0,60.0,11.0,44.0,19.0,34.0,50.0,27.0,26.0,36.0,46.0,34.0,,,28.0,12.0,46.0,32.0,48.0,60.0,27.0,33.0,23.0,,27.0,,10.0,,32.0,32.0,27.0,,25.0,11.0,46.0,8.0,12.0,,18.0,40.0,17.0,,,38.0,17.0,33.0,47.0,39.0,32.0,51.0,,,23.0,24.0,21.0,51.0,,,44.0,,62.0,,,,12.0,35.0,56.0,34.0,33.0,17.0,40.0,,,24.0,60.0,,29.0,,20.0,58.0,39.0,,39.0,35.0,34.0,36.0,57.0,34.0,27.0,18.0,,53.0,61.0,26.0,26.0,35.0,30.0,40.0,14.0,38.0,34.0,17.0,56.0,,31.0,16.0,,13.0,41.0,,,36.0,55.0,0.0,20.0,41.0,,36.0,42.0,,27.0,14.0,15.0,,32.0,12.0,,,24.0,49.0,21.0,53.0,,27.0,29.0,23.0,22.0,51.0,51.0,26.0,,23.0,48.0,32.0,46.0,,39.0,45.0,9.0,57.0,,22.0,,23.0,,27.0,31.0,28.0,17.0,31.0,48.0,34.0,42.0,40.0,,,40.0,38.0,,49.0,34.0,29.0,13.0,50.0,38.0,35.0,21.0,55.0,,31.0,48.0,,1.0,,21.0,0.0,59.0,37.0,29.0,,21.0,51.0,,40.0,29.0,20.0,,59.0,,41.0,28.0,22.0,57.0,45.0,17.0,,32.0,,56.0,62.0,33.0,27.0,32.0,,27.0,29.0,13.0,27.0,31.0,34.0,,38.0,9.0,,21.0,48.0,19.0,,28.0,33.0,42.0,41.0,34.0,18.0,30.0,25.0,36.0,30.0,,31.0,37.0,,60.0,22.0,52.0,54.0,48.0,14.0,,50.0,19.0,,20.0,32.0,37.0,27.0,34.0,52.0,26.0,33.0,41.0,,21.0,21.0,39.0,40.0,20.0,58.0,31.0,46.0,23.0,26.0,34.0,62.0,62.0,23.0,,,37.0,50.0,15.0,12.0,,14.0,41.0,,,29.0,47.0,51.0,,15.0,32.0,37.0,31.0,,24.0,15.0,29.0,50.0,6.0,32.0,34.0,39.0,54.0,17.0,25.0,,16.0,33.0,33.0,,,32.0,,16.0,,23.0,16.0,19.0,8.0,15.0,62.0,24.0,33.0,,27.0,22.0,49.0,56.0,20.0,58.0,27.0,,39.0,22.0,49.0,17.0,,,49.0,,30.0,42.0,14.0,,35.0,,,,49.0,,,,52.0,,45.0,31.0,,,,3.0,,,22.0,35.0,,45.0,,20.0,,43.0,,,30.0,,47.0,18.0,22.0,26.0,38.0,36.0,,,,22.0,32.0,24.0,43.0,22.0,,28.0,,,22.0,36.0,27.0,51.0,32.0,12.0,25.0,17.0,27.0,,35.0,48.0,42.0,21.0,15.0,14.0,16.0,58.0,32.0,26.0,52.0,,53.0,54.0,,43.0,50.0,16.0,25.0,12.0,57.0,19.0,36.0,59.0,22.0,,29.0,41.0,24.0,,,56.0,,27.0,56.0,,,40.0,18.0,38.0,48.0,52.0,32.0,22.0,59.0,17.0,31.0,33.0,49.0,7.0,,35.0,,49.0,22.0,63.0,,53.0,55.0,61.0,31.0,46.0,55.0,,,,,38.0,,,61.0,27.0,27.0,,18.0,28.0,,23.0,46.0,39.0,,57.0,38.0,29.0,43.0,14.0,,,,22.0,28.0,,,26.0,,151,3,2.506224066390041,18.014967523298502,-0.33932028594251024
2,2,3,4,1,7,5,5,11,5,3,1,7,3,7,4,8,4,29,5,6,15,10,3,6,11,8,11,4,6,12,12,4,5,7,7,22,12,11,7,11,12.0,12,20,8,8,11,12,9,20,10,14,8,10,5,20,8,18,4,8,6,22,19,9,19.0,9,12,6,16,8,11,23,10,13,8,12,18,12,0,4,15,14,17,9,5,11,17,13,21,15,13,8,15,14,7,7,19,12,11,10,11,12,10,18,12,7,12,19,9,8,17,12.0,14,10,38.0,10,24,11,13,13,16,15,13,13,10,20,12,27.0,14,5,11,6,16.0,13,19,13.0,7,7,11,10,20,18,15,18,18.0,24.0,8,23.0,3,18,9,7,13.0,5,10,24,19,19.0,19,25,18,9,7,19,12,17.0,13,24,16,20,13,39.0,7,9,5,25,16,19.0,18,23.0,24,16,9,12,29,13.0,13.0,7,15,15.0,18.0,11,7,4,20,16,3,16,9.0,13,14,,8,19,19,10,16.0,20,18,6,14,23.0,15,22,17,14,4,9,11,56.0,13.0,16,11,23,21.0,10,14,12,32.0,18,17.0,46.0,9,25,11.0,27,20,8,46.0,20.0,15,19,15,24,17,5.0,2,13,8,9,15,19,20.0,39.0,16,21.0,38.0,22.0,36.0,17,10.0,11,8,14,38.0,28.0,21.0,,25.0,15,20.0,42.0,18.0,25,15,,3,28,17,26.0,33.0,56.0,5,,21,17,10.0,19.0,7,13.0,10.0,12,23,14.0,6,30.0,23.0,,20,4,14.0,17,15,18,10,6,14,13,26,18,15,32,9,24.0,26.0,12,16,14,25.0,5.0,10,46,4,,21,,23,17,18,14,26,30.0,8,8.0,20,21,21.0,5,7,14,29.0,,15,27.0,33.0,18.0,14.0,22.0,14,11.0,21,14,26,18.0,13,13.0,26.0,13,7.0,17.0,17.0,18,14.0,8,27,20,21,11,30,21,9.0,19,42.0,23,11,19,47.0,17,18.0,18,32.0,13,12.0,14,10,24.0,18,51.0,19,27.0,10.0,28,28,25.0,17.0,35.0,11.0,,20,3.0,0.0,15,12.0,14,6,27.0,50.0,13,24.0,37,8.0,26.0,23,17,9,14.0,9,18.0,27.0,28,54.0,4,42.0,20,18,15,10.0,20.0,10,17,20,22.0,19.0,27,24,36.0,32,13.0,22.0,36.0,26.0,26.0,54.0,29.0,3.0,,16.0,13,19,31.0,15.0,,14.0,21.0,10.0,15.0,20.0,18,18,20.0,29.0,8,,55.0,27.0,29.0,26.0,20.0,36,12,23.0,11.0,20.0,31.0,16,39.0,8.0,20.0,27,14,11,26.0,,11.0,22.0,14,17,28.0,26.0,17,,26.0,26,48.0,19.0,36.0,9,33.0,12,34.0,17.0,23.0,16,27.0,25,20.0,8,20,23.0,37.0,47.0,39.0,8,27,31,24.0,35,12.0,23,18,20.0,15,6,8.0,25.0,20,2,16.0,26.0,32.0,10.0,8.0,16.0,17,17.0,16,9,15.0,10.0,32.0,14.0,5.0,42.0,15,41,18.0,22.0,34.0,26.0,34.0,16.0,23,48.0,26,8.0,4.0,14.0,17.0,22,9.0,21,11.0,36.0,31.0,21,55.0,51.0,25.0,25,13,32.0,32.0,24.0,,22.0,29.0,,0.0,31.0,49.0,18.0,10.0,28,20,55.0,12.0,12.0,20,18,18,17,,26.0,16,28,8.0,,22,0.0,47.0,9.0,18,0.0,32.0,21.0,10,58.0,16.0,15.0,27.0,30.0,18.0,23,37.0,14,35.0,17,26,24,17.0,40.0,1.0,39.0,17.0,,38.0,58.0,13.0,19.0,10.0,12,22.0,25.0,10,48.0,,11.0,30.0,12,16.0,,44.0,19,16,11.0,26,16.0,38.0,10.0,10.0,20,34.0,23,10,55.0,17,36.0,3,22.0,44.0,16.0,16,6,20.0,12.0,19,3.0,14,15.0,13,36.0,7.0,41.0,,8.0,45.0,0,23.0,35.0,35.0,37.0,25.0,7.0,52.0,17,17,15.0,16,25,15,31.0,14.0,22.0,45.0,41.0,,20,16.0,37.0,32.0,5,11.0,34.0,15.0,9.0,35.0,19,,21.0,20.0,,12.0,36.0,31.0,25,21.0,57.0,13.0,38.0,18.0,33.0,23.0,33,26.0,,27.0,,11,25,5.0,40.0,17,14.0,12.0,18.0,12,37.0,42.0,8.0,36.0,18,,55.0,15.0,25.0,,13.0,39.0,43.0,24.0,12,26,29.0,33.0,7.0,37.0,18.0,3.0,16.0,,9.0,38.0,16,16,29.0,47,50.0,33.0,9.0,33.0,27,14,27.0,19.0,14.0,35.0,23.0,47.0,13.0,54.0,3.0,34,31.0,54.0,12.0,23.0,22.0,24.0,11,15.0,22.0,18.0,27,17.0,12.0,27.0,51.0,23.0,14.0,37,28.0,22,19.0,30.0,6.0,26.0,22.0,33.0,31.0,28.0,26.0,22.0,57.0,49.0,23.0,6.0,36.0,27.0,19.0,37.0,34.0,33.0,30.0,22,27.0,50.0,16,0.0,13.0,15,9.0,,26.0,21,20,12,33.0,0.0,12.0,11.0,6.0,18.0,20.0,27.0,24.0,0,27.0,39,58.0,16,32,33.0,27,20.0,34.0,36.0,35.0,25,12.0,0.0,22.0,31.0,32.0,52.0,12,42.0,27,16.0,25.0,,15,20.0,19,22,23.0,13.0,49.0,8,9.0,,21,23.0,37.0,20.0,11.0,23.0,,23.0,14.0,29,22.0,21.0,21.0,22.0,34.0,17.0,26.0,40.0,14,15.0,12,36.0,23.0,13.0,29.0,26,26,27.0,21.0,39.0,22.0,52.0,42.0,17.0,43.0,16.0,3,21.0,17.0,19,26,16.0,19.0,16,21.0,,25,24.0,20,29,30,50.0,18.0,,14.0,7.0,29.0,18.0,43.0,25.0,22.0,13.0,26.0,29.0,26.0,47.0,18.0,25.0,0.0,0.0,25.0,,21.0,20.0,45.0,39.0,8.0,2.0,25.0,24.0,28.0,28.0,21.0,28.0,,22.0,33.0,57.0,36.0,,10.0,43.0,35.0,28.0,11.0,56.0,21.0,19.0,17.0,16,21.0,20.0,14.0,25,27.0,,21.0,20.0,24.0,58.0,25.0,16.0,1.0,,,10.0,17.0,8.0,30.0,21.0,20.0,29.0,18.0,,0.0,11.0,18.0,27.0,21.0,55.0,30.0,21.0,22,,21.0,6.0,27,30.0,17.0,44.0,25.0,10.0,21.0,26.0,48.0,18.0,15,34.0,,21.0,4.0,26.0,20.0,10,22,15.0,,11.0,,41.0,,19,18,43.0,28.0,35.0,36.0,,19.0,31.0,19.0,,,20.0,,32.0,20.0,13.0,22.0,32,34.0,11.0,24.0,26.0,0.0,15,53.0,31,38.0,27,17.0,57.0,8.0,,7.0,27.0,,20.0,35.0,54.0,8.0,19.0,5,48.0,28.0,38.0,9.0,12.0,44,24.0,,39.0,46.0,17.0,38.0,27.0,36.0,10.0,18,22,34.0,21.0,0.0,22.0,,8.0,45.0,13.0,17,,,21.0,23.0,31.0,9.0,,20.0,11,18.0,24.0,48.0,24,21,32.0,18.0,14.0,37.0,,28.0,52.0,25.0,,0.0,,32.0,36.0,28.0,25.0,17,28.0,26.0,53.0,17.0,18.0,11,,24.0,36,15.0,30.0,32.0,54.0,,30.0,17.0,,17.0,,23.0,31,28.0,36.0,17.0,58.0,29,8.0,48.0,36.0,4.0,17.0,29.0,38.0,13.0,19.0,19.0,30.0,41.0,,21,19,4.0,9.0,9.0,19.0,29.0,21,19,20.0,34.0,44.0,11.0,20.0,21.0,35.0,19.0,15.0,13.0,21.0,40.0,23.0,,39.0,15,17,9.0,12.0,3.0,24.0,36.0,18,10.0,22.0,12.0,21.0,23.0,32.0,24.0,31.0,,49.0,,9.0,20.0,47.0,57.0,14,25.0,19.0,26,24.0,23.0,44.0,24.0,52.0,28.0,56.0,21.0,,37.0,21.0,32.0,3.0,25.0,20.0,15.0,20.0,28.0,17.0,7.0,30.0,,35.0,14.0,40.0,54.0,49.0,28.0,41.0,,37.0,8.0,15.0,,25.0,46.0,14.0,36.0,15.0,19.0,33.0,45.0,,20.0,31.0,45.0,30.0,,37.0,19.0,17.0,33.0,19.0,,50.0,32.0,3.0,15.0,,16.0,35.0,25,22.0,22.0,,,,13.0,22.0,,22.0,1.0,4.0,17.0,1.0,38.0,26.0,29.0,26.0,16.0,,37.0,21.0,21.0,43.0,16.0,37.0,,36.0,52.0,47.0,,58.0,23.0,36.0,25.0,21.0,24.0,,25.0,6.0,47.0,32.0,17.0,,14.0,21.0,51.0,9,50.0,31.0,56.0,19.0,44.0,,46.0,50.0,11.0,25,2.0,46.0,,23.0,37.0,28.0,46.0,11.0,12.0,24.0,26.0,0.0,7.0,23.0,25.0,16.0,28,27.0,12.0,,12.0,8.0,40.0,0.0,21.0,21.0,,10.0,20.0,,30.0,25.0,35.0,18.0,22.0,14.0,22.0,,8.0,43.0,26.0,19,22,13.0,23.0,15.0,19.0,34.0,49.0,23.0,9.0,36.0,21.0,25.0,,44.0,,29.0,42.0,53.0,24.0,24.0,16.0,28.0,15.0,0.0,40.0,19.0,42.0,34.0,13.0,34.0,41.0,49.0,33.0,9.0,25.0,22.0,23.0,46.0,12.0,14.0,50.0,24.0,,24.0,7.0,50.0,38.0,49.0,12.0,18,41.0,13.0,7.0,20.0,37,18.0,17.0,57.0,29.0,16.0,,5.0,26.0,12,,32.0,20.0,14.0,,3.0,56.0,43,,26.0,25.0,,25,32.0,17.0,22.0,28.0,31.0,4.0,14.0,32.0,,44.0,13.0,36.0,19.0,43.0,51.0,11.0,22.0,41.0,32.0,28.0,,21.0,6.0,41.0,12,36.0,45.0,26.0,21.0,29.0,49.0,,23.0,27.0,36.0,,,17.0,26,22.0,14.0,41.0,,,,29.0,26.0,27.0,29.0,24.0,18.0,11.0,44.0,58.0,,16.0,36.0,27.0,20.0,,19.0,17.0,26.0,44.0,10.0,,15.0,12.0,13.0,44.0,41.0,31.0,24.0,42.0,,37.0,36.0,,21.0,5.0,12.0,25.0,33.0,38.0,18.0,,44.0,25.0,17.0,18.0,17.0,53.0,38.0,53.0,24.0,18.0,43.0,9.0,16.0,27.0,31.0,18.0,,,36.0,16.0,12.0,27.0,30,4.0,33.0,19.0,53.0,,,11.0,,32.0,0.0,43.0,0.0,29.0,49.0,,43.0,45.0,20.0,30.0,54.0,29.0,45.0,17.0,10.0,27.0,57.0,26.0,42.0,35.0,15.0,27.0,,51.0,,31.0,18.0,38.0,28.0,13.0,54.0,47.0,35.0,42.0,30.0,19.0,14.0,,,27.0,33.0,24.0,,7.0,49.0,35.0,42.0,38.0,,0.0,11.0,,,,44.0,31.0,,32.0,4.0,19.0,20.0,45.0,17.0,56.0,33.0,10.0,26.0,33.0,21.0,20.0,13.0,28.0,15.0,,29.0,26.0,30.0,41.0,51.0,33.0,35.0,,37.0,47.0,,55.0,,,9.0,23.0,18.0,23.0,40.0,10.0,3.0,11.0,19.0,,,19.0,40.0,9.0,26.0,25.0,24.0,13.0,15.0,27.0,27.0,18.0,55.0,41.0,,33.0,16.0,34.0,0.0,32.0,,19,24.0,,,,,29.0,18.0,19.0,18.0,16.0,29,14.0,55.0,39.0,40.0,29.0,,34.0,30.0,28,,,13.0,,41.0,30.0,30.0,39.0,21.0,31.0,,25.0,39.0,35.0,,26.0,,22.0,,39.0,0.0,35.0,49.0,,10.0,,,32.0,37.0,37.0,32.0,,56.0,,14.0,25.0,23.0,,,14.0,28.0,,15.0,13.0,14.0,41.0,25.0,,0.0,38.0,7.0,27.0,48.0,41.0,50.0,32.0,28.0,10.0,18.0,8.0,28.0,52.0,8.0,,,,29.0,18.0,16.0,38.0,25.0,10.0,,30.0,40.0,20.0,36.0,41.0,38.0,16.0,,,,8.0,,30.0,38.0,25.0,15.0,33.0,14.0,35.0,15.0,15.0,23.0,48.0,31.0,,15.0,58.0,24.0,,,,20.0,11.0,,,25,53.0,21.0,,,35.0,32.0,56.0,36.0,,27.0,45.0,23.0,16.0,38.0,18.0,24.0,40.0,2.0,22.0,22.0,47.0,22.0,,36.0,,52.0,21.0,10.0,48.0,58.0,28.0,18.0,56.0,,10.0,24.0,31.0,45.0,20.0,,34.0,29.0,,34.0,47.0,17.0,47.0,,41.0,18.0,32.0,14.0,25.0,29.0,8.0,9.0,6.0,28.0,26.0,40.0,11.0,23.0,32.0,50.0,,17.0,26.0,37.0,52.0,39.0,23.0,22.0,,21.0,24.0,,34.0,,13.0,27,,35.0,14,16.0,,16.0,36.0,,42.0,37.0,35.0,27.0,33.0,30.0,14.0,41.0,,27.0,19.0,49.0,18.0,33.0,,8.0,6.0,,14.0,17.0,45.0,33.0,58.0,,42.0,19.0,35.0,50.0,43.0,10.0,,31.0,,22.0,48.0,55.0,31.0,45.0,40.0,25.0,,20.0,32.0,43.0,39.0,51.0,,33.0,27.0,38.0,33.0,44.0,26.0,25.0,25.0,27.0,,9.0,5.0,3.0,,14.0,32.0,31.0,53.0,27.0,32.0,23.0,,,24.0,,23.0,54.0,47.0,10.0,6.0,4.0,,34.0,9.0,12.0,46.0,30.0,,40.0,17.0,,28.0,46.0,41.0,19.0,13.0,33.0,15.0,,20.0,15.0,42.0,33.0,5.0,30.0,32.0,24.0,54.0,21.0,20.0,22.0,41.0,,14.0,,,28.0,31.0,19.0,41.0,33.0,,36.0,34.0,10.0,13.0,26.0,43.0,0.0,23.0,31.0,,,26.0,37.0,8.0,49.0,39.0,46.0,54.0,3.0,,7.0,14.0,58.0,15.0,34.0,51.0,21.0,34.0,44.0,44.0,,53.0,,,28.0,35.0,,31.0,46.0,18.0,37.0,,,,54.0,20.0,,30.0,,25.0,53.0,,32.0,23.0,36.0,,,33.0,46.0,25.0,32.0,5.0,57.0,,,18.0,,13.0,51.0,,47.0,14.0,6.0,40.0,34.0,15.0,,58.0,23.0,45.0,53.0,54.0,20.0,17.0,57.0,34.0,20.0,29.0,26.0,37.0,,48.0,39.0,55.0,55.0,36.0,43.0,51.0,30.0,,43.0,24.0,7.0,42.0,25.0,,27.0,37.0,53.0,20.0,28.0,15.0,20.0,25.0,44.0,37.0,38.0,24.0,28.0,35.0,26.0,22.0,,24.0,,21.0,9.0,,16.0,20.0,22.0,52.0,,15.0,,8.0,28.0,21.0,,26.0,26.0,44.0,27.0,37.0,44.0,51.0,22.0,29.0,,22.0,5.0,,48.0,,16.0,30.0,29.0,45.0,25.0,5.0,14.0,,52.0,8.0,18.0,,41.0,,29.0,46.0,9.0,53.0,34.0,31.0,57.0,0.0,20.0,,11.0,15.0,35.0,43.0,46.0,16.0,,33.0,53.0,21.0,23.0,19.0,22.0,,22.0,,46.0,35.0,38.0,50.0,44.0,26.0,29.0,26.0,23.0,29.0,50.0,,46.0,,,37.0,,56.0,10.0,17.0,40.0,,26.0,37.0,50.0,0.0,29.0,46.0,24.0,57.0,32.0,,55.0,38.0,10.0,29.0,43.0,16.0,22.0,10.0,,19.0,,7.0,18.0,18.0,,48.0,45.0,29.0,50.0,26.0,35.0,29.0,,,26.0,52.0,38.0,41.0,6.0,41.0,26.0,,21.0,,31.0,,,13.0,16.0,,13.0,8.0,7.0,38.0,46.0,5.0,,19.0,44.0,38.0,52.0,37.0,,25.0,,,,51.0,49.0,39.0,36.0,57.0,36.0,46.0,26.0,13.0,51.0,,10.0,52.0,58.0,49.0,12.0,19.0,7.0,15.0,37.0,32.0,30.0,26.0,38.0,,30.0,48.0,34.0,45.0,37.0,,30.0,9.0,,49.0,26.0,,37.0,45.0,,17.0,,46.0,58.0,9.0,,18.0,,34.0,17.0,25.0,17.0,19.0,19.0,5.0,22.0,,13.0,50.0,,45.0,16.0,29.0,,16.0,19.0,25.0,,58.0,,,32.0,28.0,53.0,8.0,13.0,11.0,32.0,28.0,13.0,39.0,54.0,22.0,16.0,48.0,16.0,,41.0,50.0,34.0,51.0,45.0,18.0,22.0,,,42.0,36.0,23.0,48.0,,50.0,57.0,36.0,,53.0,42.0,14.0,,57.0,,43.0,7.0,39.0,57.0,34.0,18.0,23.0,,25.0,,45.0,32.0,38.0,8.0,25.0,38.0,7.0,30.0,,23.0,24.0,,,22.0,,19.0,29.0,11.0,,34.0,,,21.0,,32.0,24.0,19.0,29.0,24.0,34.0,,11.0,47.0,36.0,,31.0,12.0,30.0,,,50.0,16.0,39.0,32.0,22.0,57.0,16.0,,33.0,37.0,44.0,6.0,,49.0,48.0,42.0,,,10.0,14.0,47.0,,,,39.0,13.0,25.0,41.0,,20.0,38.0,26.0,44.0,37.0,32.0,37.0,31.0,35.0,45.0,,46.0,,,,47.0,39.0,12.0,15.0,,20.0,53.0,15.0,25.0,23.0,,27.0,16.0,19.0,26.0,43.0,14.0,27.0,14.0,17.0,46.0,10.0,45.0,,44.0,,0.0,,32.0,54.0,,50.0,,29.0,,35.0,16.0,41.0,17.0,24.0,,30.0,,,33.0,18.0,,20.0,,,31.0,34.0,28.0,0.0,15.0,,26.0,51.0,,21.0,43.0,19.0,36.0,,30.0,9.0,27.0,51.0,17.0,21.0,10.0,,15.0,,7.0,40.0,16.0,34.0,55.0,29.0,,40.0,,24.0,57.0,,15.0,51.0,54.0,22.0,7.0,20.0,52.0,52.0,10.0,,30.0,,21.0,9.0,,,,53.0,,34.0,57.0,21.0,36.0,,37.0,27.0,36.0,7.0,21.0,49.0,44.0,20.0,,19.0,20.0,,,54.0,10.0,33.0,44.0,19.0,34.0,25.0,40.0,30.0,40.0,22.0,,,16.0,,47.0,46.0,,42.0,48.0,14.0,12.0,50.0,,5.0,27.0,,,43.0,12.0,13.0,56.0,,41.0,49.0,,39.0,,,,34.0,22.0,,,35.0,25.0,22.0,,44.0,45.0,,11.0,58.0,46.0,25.0,,17.0,,45.0,19.0,55.0,,,28.0,27.0,42.0,11.0,16.0,32.0,40.0,58.0,,,25.0,11.0,24.0,24.0,22.0,18.0,,10.0,26.0,,21.0,46.0,15.0,25.0,,46.0,20.0,,,,21.0,52.0,,,42.0,,36.0,16.0,12.0,43.0,48.0,35.0,,29.0,32.0,15.0,,7.0,,26.0,26.0,48.0,24.0,53.0,24.0,21.0,51.0,,,,11.0,20.0,,21.0,32.0,38.0,24.0,21.0,37.0,42.0,,55.0,26.0,17.0,51.0,58.0,20.0,45.0,,14.0,9.0,,11.0,23.0,16.0,17.0,51.0,,41.0,,32.0,55.0,26.0,19.0,28.0,26.0,49.0,11.0,33.0,33.0,34.0,,35.0,18.0,43.0,,31.0,24.0,16.0,,24.0,,43.0,31.0,9.0,23.0,21.0,50.0,14.0,,,26.0,50.0,,,17.0,39.0,15.0,12.0,40.0,39.0,27.0,36.0,,,,,,52.0,25.0,,12.0,16.0,36.0,28.0,3.0,,,23.0,54.0,15.0,19.0,,,37.0,30.0,39.0,18.0,21.0,21.0,,,22.0,11.0,40.0,,33.0,26.0,40.0,27.0,44.0,47.0,41.0,8.0,14.0,40.0,25.0,35.0,15.0,51.0,33.0,,35.0,,25.0,,,30.0,25.0,10.0,55.0,51.0,12.0,10.0,5.0,35.0,,35.0,41.0,51.0,,,38.0,22.0,44.0,20.0,,19.0,,53.0,32.0,,35.0,,23.0,,33.0,32.0,16.0,34.0,43.0,,23.0,17.0,12.0,30.0,32.0,40.0,25.0,,8.0,28.0,29.0,53.0,47.0,,33.0,8.0,,42.0,20.0,27.0,51.0,25.0,34.0,,48.0,8.0,32.0,37.0,49.0,,37.0,25.0,,,17.0,14.0,42.0,28.0,,22.0,17.0,,38.0,58.0,,50.0,14.0,,,15.0,46.0,,45.0,15.0,17.0,23.0,,17.0,17.0,,,,43.0,152,3,2.525139664804469,17.864464692482915,-0.3325572347833575
9,8,10,14,10,9,10,16,9,11,11,14,9,11,17,11,10,9,13,17,12,12,13,11,7,18,16,7,14,8,12,11,15,15,11,10,23,12,15,15,19,41.0,15,12,13,17,20,14,15,17,11,11,11,14,19,15,7,17,13,12,12,11,13,14,10.0,15,26,11,15,11,19,17,16,12,15,11,16,17,16,14,17,19,15,15,15,15,14,13,22,22,13,16,17,9,13,4,16,15,13,20,17,28,19,17,16,21,14,24,10,15,13,26.0,24,17,14.0,24,16,24,14,30,12,15,13,17,14,16,16,14.0,15,15,31,16,35.0,15,13,15.0,16,18,15,19,33,16,28,18,44.0,13.0,15,27.0,20,21,7,22,52.0,11,22,0,8,31.0,22,17,21,20,6,24,22,18.0,21,18,9,17,17,16.0,9,21,21,33,23,31.0,15,27.0,16,0,15,16,51,28.0,17.0,14,18,14.0,39.0,18,11,22,22,39,16,14,8.0,9,27,18.0,17,16,0,26,24.0,22,15,21,17,20.0,12,18,21,11,14,22,10,16.0,,19,23,29,,18,11,13,24.0,18,12.0,16.0,16,17,22.0,23,14,14,25.0,31.0,12,13,14,20,22,40.0,22,11,12,16,16,23,18.0,17.0,10,18.0,24.0,34.0,31.0,32,33.0,16,26,29,50.0,54.0,35.0,9.0,18.0,20,24.0,44.0,23.0,15,31,13.0,10,35,21,19.0,15.0,24.0,17,29.0,13,18,32.0,24.0,18,,11.0,13,16,26.0,24,28.0,17.0,44.0,25,17,20.0,25,32,17,28,27,32,24,16,16,9,30,14,20.0,33.0,13,15,15,24.0,15.0,15,4,17,19.0,23,37.0,15,11,9,15,17,,17,32.0,21,18,26.0,15,13,4,,24.0,25,15.0,24.0,39.0,23.0,16.0,23,41.0,15,23,15,33.0,24,10.0,23.0,16,26.0,20.0,,21,,12,16,14,32,19,3,16,17.0,22,52.0,21,13,23,,14,26.0,34,29.0,24,,26,23,28.0,22,11.0,29,27.0,11.0,17,33,5.0,31.0,0.0,14.0,15.0,25,13.0,37.0,21,58.0,14,18,13.0,18.0,19,49.0,29,55.0,39.0,25,47,23,26.0,19,34.0,50.0,25,22.0,12,45.0,30,15,26,21.0,23.0,13,25,25,25.0,26.0,14,13,62.0,42,20.0,36.0,52.0,23.0,19.0,20.0,17.0,40.0,,17.0,8,13,0.0,,56.0,27.0,21.0,41.0,15.0,27.0,10,23,33.0,45.0,12,14.0,20.0,19.0,30.0,54.0,24.0,12,20,53.0,15.0,23.0,20.0,20,,15.0,23.0,20,23,29,33.0,34.0,61.0,53.0,11,27,25.0,15.0,28,31.0,49.0,23,,25.0,8.0,17,56.0,27,25.0,38.0,46.0,16,16.0,22,45.0,24,20,26.0,16.0,22.0,51.0,21,22,29,24.0,17,29.0,1,25,30.0,16,16,61.0,22.0,30,2,,21.0,16.0,19.0,38.0,29.0,21,41.0,18,19,38.0,28.0,25.0,39.0,28.0,45.0,20,48,28.0,47.0,29.0,21.0,47.0,35.0,14,21.0,10,20.0,18.0,,54.0,26,33.0,19,21.0,49.0,26.0,31,,20.0,53.0,19,26,,28.0,20.0,30.0,13.0,41.0,62.0,14.0,45.0,55.0,37.0,22.0,27,30,19.0,57.0,56.0,21,28,17,19,34.0,12.0,20,13,16.0,16.0,22,24.0,9.0,0.0,39,14.0,,7.0,10,31.0,26.0,32.0,,23.0,46.0,20,18.0,15,20.0,27,36,14,20.0,35.0,51.0,,40.0,38.0,51.0,19.0,15.0,16.0,30.0,19,24.0,53.0,26,12.0,32.0,33.0,18.0,25,20.0,26.0,19.0,39,34,57.0,13,18.0,21.0,10.0,,20,31.0,26,37,17.0,11,,12,31.0,14.0,33.0,26,36,14.0,46.0,22,60.0,34,14.0,16,25.0,33.0,26.0,,29.0,45.0,29,58.0,18.0,49.0,44.0,36.0,,,19,25,29.0,38,12,23,39.0,31.0,25.0,30.0,19.0,27.0,18,17.0,32.0,16.0,16,25.0,31.0,,15.0,58.0,22,,46.0,30.0,,28.0,23.0,31.0,31,19.0,60.0,20.0,39.0,,29.0,27.0,14,30.0,24.0,18.0,,23,13,36.0,17.0,41,30.0,41.0,11.0,11,35.0,,34.0,0.0,21,23.0,25.0,24.0,,29.0,31.0,30.0,,16.0,14,21,40.0,52.0,48.0,22.0,29.0,40.0,16.0,30.0,31.0,23.0,25,26,29.0,34,19.0,26.0,34.0,22.0,32,17,37.0,22.0,15.0,22.0,,19.0,25.0,24.0,9.0,45,16.0,,,45.0,35.0,16.0,19,26.0,17.0,36.0,27,0.0,24.0,,50.0,46.0,24.0,23,28.0,44,51.0,24.0,20.0,0.0,38.0,5.0,40.0,24.0,26.0,18.0,,33.0,24.0,14.0,35.0,29.0,36.0,49.0,17.0,,44.0,8,42.0,25.0,22,3.0,33.0,25,20.0,47.0,,32,26,21,25.0,18.0,38.0,25.0,17.0,28.0,13.0,30.0,37.0,19,18.0,27,35.0,29,24,53.0,21,22.0,15.0,15.0,45.0,35,15.0,16.0,59.0,39.0,,44.0,26,20.0,20,21.0,31.0,27.0,38,36.0,33,14,43.0,30.0,27.0,7,27.0,32.0,20,16.0,35.0,34.0,9.0,37.0,40.0,55.0,15.0,20,35.0,27.0,23.0,32.0,28.0,,,24.0,24,31.0,12,22.0,42.0,42.0,28.0,22,13,34.0,21.0,23.0,25.0,57.0,48.0,29.0,,20.0,35,32.0,33.0,25,39,31.0,,40,27.0,40.0,33,28.0,11,52,0,30.0,34.0,44.0,14.0,42.0,27.0,,23.0,,11.0,33.0,20.0,57.0,29.0,38.0,,32.0,45.0,33.0,48.0,53.0,12.0,49.0,32.0,40.0,38.0,60.0,,37.0,33.0,,23.0,43.0,30.0,19.0,21.0,23.0,55.0,30.0,38.0,24.0,46.0,34.0,25.0,42.0,55.0,,24.0,30,35.0,28.0,18.0,14,38.0,27.0,41.0,14.0,32.0,14.0,16.0,16.0,47.0,16.0,25.0,31.0,17.0,29.0,54.0,30.0,24.0,39.0,15.0,,39.0,26.0,30.0,15.0,59.0,43.0,31.0,,28,32.0,27.0,36.0,26,32.0,22.0,32.0,16.0,28.0,34.0,37.0,,51.0,20,23.0,62.0,19.0,22.0,11.0,44.0,24,32,,30.0,27.0,43.0,49.0,33.0,20,22,,,0.0,,,50.0,23.0,22.0,52.0,53.0,36.0,32.0,,28.0,27.0,58.0,21,22.0,29.0,18.0,21.0,35.0,28,14.0,8,32.0,19,31.0,,35.0,28.0,52.0,27.0,32.0,37.0,37.0,26.0,32.0,24.0,33,26.0,24.0,30.0,22.0,,58,41.0,48.0,31.0,48.0,48.0,28.0,,36.0,36.0,29,21,42.0,14.0,16.0,25.0,13.0,16.0,33.0,53.0,14,26.0,,33.0,16.0,33.0,21.0,31.0,23.0,11,,16.0,25.0,27,35,51.0,27.0,50.0,39.0,33.0,32.0,16.0,25.0,60.0,26.0,55.0,46.0,22.0,14.0,9.0,27,40.0,,51.0,23.0,11.0,18,,36.0,26,16.0,53.0,59.0,37.0,0.0,29.0,27.0,39.0,23.0,52.0,,41,25.0,43.0,49.0,14.0,3,18.0,35.0,56.0,28.0,25.0,28.0,27.0,16.0,29.0,21.0,21.0,43.0,24.0,24,16,,39.0,36.0,,19.0,21,29,42.0,51.0,39.0,24.0,49.0,24.0,56.0,21.0,42.0,26.0,44.0,53.0,31.0,39.0,41.0,24,30,27.0,62.0,60.0,29.0,,21,27.0,16.0,22.0,22.0,20.0,,24.0,56.0,19.0,19.0,,41.0,29.0,35.0,,32,,45.0,30,27.0,18.0,,42.0,54.0,58.0,31.0,36.0,19.0,40.0,28.0,,16.0,,10.0,14.0,38.0,30.0,17.0,,38.0,,26.0,23.0,29.0,29.0,25.0,25.0,36.0,36.0,,42.0,29.0,26.0,16.0,43.0,16.0,,21.0,25.0,57.0,35.0,34.0,,,35.0,27.0,,21.0,25.0,17.0,15.0,,,29.0,28.0,,,,16.0,,29,54.0,37.0,,37.0,,,31.0,42.0,20.0,31.0,11.0,30.0,4.0,41.0,28.0,15.0,26.0,61.0,,26.0,32.0,27.0,52.0,24.0,35.0,20.0,55.0,14.0,48.0,44.0,19.0,17.0,,40.0,27.0,,,49.0,22.0,14.0,,35.0,39.0,44.0,,,31,42.0,30.0,,32.0,25.0,,21.0,30.0,,29,50.0,22.0,,24.0,,7.0,,31.0,41.0,,52.0,13.0,20.0,51.0,0.0,43.0,26,25.0,14.0,24.0,23.0,12.0,21.0,21.0,14.0,14.0,22.0,50.0,,20.0,,31.0,23.0,50.0,,30.0,13.0,51.0,22.0,44.0,45.0,31,16,17.0,,19.0,22.0,25.0,34.0,34.0,,,25.0,32.0,50.0,34.0,18.0,13.0,50.0,38.0,25.0,50.0,57.0,10.0,60.0,29.0,14.0,,27.0,58.0,30.0,52.0,21.0,48.0,,,20.0,33.0,36.0,20.0,20.0,,23.0,39.0,34.0,15.0,23.0,35.0,59.0,,17.0,26,32.0,25.0,53.0,,34,,43.0,23.0,49.0,28.0,,34.0,12.0,22,56.0,49.0,,53.0,36.0,11.0,20.0,57,28.0,40.0,32.0,34.0,23,27.0,11.0,26.0,40.0,,47.0,29.0,51.0,19.0,59.0,13.0,,13.0,15.0,22.0,40.0,19.0,51.0,60.0,44.0,43.0,36.0,55.0,,39,,26.0,22.0,35.0,36.0,28.0,39.0,38.0,25.0,19.0,13.0,,30.0,30,35.0,20.0,42.0,30.0,,15.0,30.0,,49.0,34.0,8.0,46.0,59.0,47.0,28.0,38.0,,,,29.0,23.0,13.0,44.0,28.0,19.0,22.0,38.0,49.0,27.0,22.0,22.0,,36.0,60.0,20.0,32.0,19.0,,45.0,35.0,31.0,37.0,14.0,28.0,60.0,17.0,35.0,,52.0,23.0,24.0,45.0,26.0,27.0,61.0,39.0,14.0,62.0,9.0,28.0,9.0,45.0,16.0,51.0,39.0,25.0,16.0,24.0,19.0,28,26.0,13.0,29.0,30.0,,24.0,31.0,15.0,20.0,19.0,37.0,50.0,10.0,33.0,29.0,39.0,,19.0,46.0,,23.0,,19.0,21.0,29.0,62.0,23.0,42.0,,52.0,58.0,37.0,,20.0,38.0,33.0,16.0,54.0,16.0,54.0,44.0,25.0,14.0,,42.0,58.0,,35.0,18.0,24.0,48.0,,11.0,50.0,28.0,36.0,50.0,,30.0,38.0,41.0,,,23.0,21.0,55.0,16.0,17.0,17.0,26.0,12.0,0.0,17.0,30.0,28.0,12.0,56.0,26.0,51.0,27.0,26.0,23.0,26.0,,45.0,18.0,,42.0,38.0,43.0,15.0,50.0,41.0,,18.0,40.0,28.0,38.0,25.0,60.0,47.0,,,35.0,52.0,22.0,17.0,36.0,28.0,33.0,19.0,42.0,35.0,24.0,23.0,24.0,28.0,4.0,20.0,39.0,,18.0,37.0,27.0,28.0,,45.0,,28,31.0,29.0,25.0,32.0,44.0,26.0,45.0,,26.0,30.0,21,30.0,55.0,12.0,43.0,51.0,43.0,44.0,48.0,0,38.0,24.0,28.0,35.0,29.0,37.0,,21.0,56.0,46.0,41.0,38.0,15.0,48.0,56.0,32.0,,18.0,,23.0,32.0,43.0,39.0,23.0,27.0,11.0,,49.0,43.0,,55.0,37.0,32.0,26.0,11.0,,13.0,0.0,31.0,,33.0,44.0,27.0,8.0,18.0,35.0,52.0,34.0,11.0,35.0,51.0,,23.0,34.0,35.0,34.0,21.0,19.0,34.0,,41.0,54.0,33.0,61.0,,57.0,27.0,6.0,23.0,29.0,36.0,38.0,25.0,23.0,45.0,52.0,52.0,,42.0,16.0,34.0,27.0,27.0,12.0,36.0,14.0,,42.0,34.0,38.0,12.0,,27.0,29.0,35.0,,38.0,,24.0,55.0,48.0,17.0,,45.0,41.0,17.0,38.0,28.0,25,51.0,17.0,25.0,42.0,41.0,23.0,55.0,41.0,41.0,26.0,0.0,42.0,15.0,37.0,28.0,17.0,33.0,53.0,14.0,45.0,32.0,17.0,24.0,45.0,,56.0,57.0,38.0,29.0,,17.0,27.0,,27.0,,15.0,,,52.0,,36.0,17.0,21.0,54.0,44.0,35.0,26.0,0.0,30.0,32.0,32.0,24.0,44.0,47.0,15.0,24.0,41.0,53.0,32.0,23.0,37.0,17.0,36.0,32.0,,,,32.0,,21.0,31.0,28.0,24.0,20.0,58.0,34.0,23.0,15.0,26.0,16,,43.0,21,23.0,,59.0,26.0,42.0,29.0,17.0,62.0,16.0,,33.0,19.0,28.0,31.0,44.0,,49.0,,57.0,,36.0,40.0,44.0,33.0,29.0,,20.0,16.0,55.0,33.0,22.0,56.0,,26.0,50.0,62.0,,,36.0,33.0,,22.0,27.0,17.0,45.0,8.0,50.0,12.0,,,55.0,35.0,50.0,53.0,31.0,43.0,50.0,13.0,,32.0,0.0,,5.0,46.0,30.0,,15.0,34.0,36.0,25.0,21.0,17.0,31.0,49.0,32.0,0.0,52.0,,11.0,,13.0,59.0,23.0,,,31.0,25.0,28.0,22.0,23.0,,59.0,27.0,33.0,33.0,51.0,35.0,,,,54.0,34.0,17.0,22.0,,14.0,,37.0,30.0,44.0,56.0,12.0,38.0,10.0,43.0,26.0,,36.0,29.0,,53.0,54.0,45.0,,11.0,51.0,23.0,,13.0,49.0,25.0,28.0,,49.0,61.0,46.0,26.0,15.0,18.0,30.0,11.0,14.0,28.0,54.0,54.0,,,32.0,32.0,27.0,,54.0,12.0,40.0,36.0,25.0,38.0,28.0,,56.0,47.0,,,17.0,,,,15.0,13.0,46.0,44.0,31.0,2.0,59.0,42.0,,29.0,,40.0,18.0,53.0,17.0,22.0,29.0,,28.0,53.0,43.0,,57.0,25.0,24.0,31.0,47.0,17.0,,35.0,15.0,29.0,43.0,44.0,,14.0,30.0,29.0,29.0,55.0,,34.0,,25.0,17.0,46.0,41.0,,39.0,56.0,,0.0,,38.0,53.0,23.0,37.0,43.0,,54.0,35.0,19.0,,40.0,49.0,29.0,16.0,37.0,16.0,29.0,42.0,34.0,59.0,48.0,43.0,15.0,,26.0,23.0,34.0,36.0,,22.0,23.0,43.0,24.0,54.0,24.0,,,24.0,43.0,20.0,0.0,16.0,40.0,35.0,22.0,16.0,48.0,49.0,,35.0,,26.0,,13.0,,32.0,53.0,,35.0,16.0,59.0,,,52.0,23.0,,42.0,26.0,,28.0,26.0,45.0,24.0,34.0,28.0,22.0,23.0,21.0,0.0,44.0,41.0,32.0,,52.0,56.0,38.0,24.0,21.0,61.0,30.0,52.0,34.0,32.0,43.0,,11.0,33.0,49.0,47.0,26.0,35.0,54.0,18.0,,27.0,26.0,27.0,25.0,21.0,37.0,18.0,,21.0,,,23.0,37.0,41.0,31.0,53.0,24.0,11.0,27.0,48.0,,,20.0,46.0,42.0,50.0,21.0,,18.0,27.0,28.0,,34.0,53.0,40.0,25.0,15.0,14.0,49.0,35.0,16.0,19.0,9.0,44.0,34.0,11.0,,39.0,,61.0,17.0,25.0,61.0,,0.0,,30.0,15.0,39.0,17.0,,27.0,34.0,,40.0,54.0,38.0,24.0,24.0,,58.0,42.0,52.0,38.0,18.0,20.0,53.0,22.0,56.0,19.0,20.0,18.0,40.0,23.0,53.0,,,,29.0,47.0,50.0,30.0,40.0,33.0,35.0,,,14.0,23.0,35.0,28.0,40.0,12.0,56.0,36.0,46.0,27.0,22.0,23.0,,15.0,60.0,49.0,14.0,61.0,,34.0,,43.0,,13.0,,28.0,13.0,55.0,23.0,,45.0,24.0,43.0,36.0,0.0,44.0,35.0,34.0,38.0,59.0,12.0,,41.0,34.0,23.0,53.0,55.0,43.0,23.0,29.0,12.0,,,,,14.0,,42.0,20.0,,23.0,60.0,24.0,51.0,22.0,,36.0,37.0,34.0,28.0,50.0,15.0,43.0,,,,60.0,47.0,16.0,42.0,,,22.0,35.0,31.0,40.0,41.0,20.0,54.0,,13.0,44.0,42.0,27.0,48.0,37.0,24.0,36.0,45.0,33.0,,,28.0,27.0,21.0,50.0,15.0,,25.0,15.0,13.0,22.0,,34.0,18.0,15.0,15.0,25.0,,45.0,62.0,10.0,24.0,36.0,44.0,43.0,44.0,,23.0,37.0,42.0,,35.0,39.0,15.0,18.0,19.0,35.0,,54.0,,30.0,23.0,49.0,33.0,52.0,45.0,17.0,31.0,32.0,,29.0,50.0,20.0,31.0,36.0,,12.0,36.0,49.0,53.0,,28.0,,23.0,47.0,,,35.0,,23.0,47.0,32.0,35.0,23.0,,39.0,35.0,15.0,0.0,37.0,47.0,19.0,36.0,46.0,12.0,39.0,44.0,25.0,,,,31.0,,37.0,,51.0,62.0,16.0,,40.0,49.0,,,,32.0,1.0,38.0,30.0,19.0,19.0,43.0,,13.0,49.0,14.0,22.0,19.0,26.0,26.0,51.0,31.0,42.0,,,53.0,56.0,16.0,,44.0,,28.0,37.0,35.0,33.0,53.0,60.0,,39.0,,,,18.0,,39.0,3.0,,44.0,23.0,,61.0,18.0,,24.0,20.0,26.0,25.0,,,51.0,52.0,20.0,49.0,47.0,,,0.0,,,4.0,,52.0,60.0,31.0,41.0,,44.0,,20.0,,32.0,29.0,51.0,16.0,29.0,58.0,40.0,41.0,11.0,44.0,,47.0,31.0,24.0,49.0,,61.0,24.0,27.0,12.0,18.0,,26.0,53.0,53.0,43.0,28.0,42.0,33.0,20.0,26.0,22.0,,48.0,43.0,35.0,17.0,,,16.0,,35.0,,50.0,36.0,27.0,46.0,46.0,27.0,15.0,34.0,33.0,41.0,38.0,36.0,,34.0,34.0,26.0,0.0,,13.0,22.0,,12.0,59.0,26.0,49.0,58.0,36.0,19.0,60.0,57.0,34.0,53.0,59.0,19.0,22.0,13.0,60.0,35.0,,57.0,29.0,52.0,14.0,27.0,,,44.0,18.0,,,21.0,58.0,,42.0,62.0,31.0,19.0,,37.0,,20.0,43.0,44.0,48.0,,,62.0,27.0,24.0,,27.0,22.0,42.0,29.0,33.0,21.0,31.0,61.0,,30.0,28.0,51.0,,27.0,,,52.0,21.0,38.0,35.0,,50.0,47.0,57.0,,,,40.0,57.0,24.0,25.0,15.0,33.0,,57.0,14.0,,23.0,47.0,47.0,39.0,43.0,35.0,29.0,,,56.0,16.0,22.0,36.0,31.0,25.0,19.0,,52.0,,50.0,33.0,,,,54.0,18.0,31.0,,,41.0,9.0,,40.0,,18.0,45.0,62.0,25.0,,23.0,,38.0,47.0,22.0,24.0,29.0,6.0,,55.0,57.0,62.0,62.0,43.0,,32.0,,,36.0,,,,0.0,29.0,18.0,,,,48.0,24.0,,21.0,,31.0,49.0,31.0,15.0,,37.0,36.0,,35.0,,18.0,26.0,44.0,27.0,42.0,,49.0,,49.0,21.0,46.0,27.0,33.0,27.0,43.0,23.0,13.0,,57.0,62.0,41.0,46.0,,50.0,29.0,34.0,51.0,15.0,37.0,19.0,16.0,,49.0,30.0,,54.0,16.0,29.0,15.0,27.0,,,,17.0,,40.0,21.0,24.0,32.0,37.0,,52.0,17.0,,27.0,31.0,,36.0,25.0,30.0,29.0,35.0,,,,,41.0,55.0,,,,48.0,51.0,36.0,12.0,17.0,20.0,36.0,16.0,49.0,20.0,45.0,61.0,,,15.0,,10.0,56.0,17.0,,36.0,,41.0,,,44.0,29.0,,15.0,58.0,49.0,41.0,61.0,40.0,51.0,49.0,32.0,,54.0,,52.0,23.0,15.0,39.0,20.0,14.0,31.0,27.0,12.0,53.0,22.0,26.0,,49.0,,24.0,25.0,28.0,25.0,29.0,33.0,20.0,34.0,,,50.0,32.0,23.0,,0.0,,19.0,52.0,,25.0,21.0,51.0,,24.0,153,3,2.500691562932227,17.730516699971453,-0.32464830243280457
4,4,2,6,3,7,5,7,4,3,5,6,6,5,8,0,8,10,10,18,5,13,6,6,11,11,10,7,3,8,5,4,8,9,5,11,13,10,9,7,10,25.0,8,15,10,6,9,6,9,12,8,12,12,6,17,10,8,8,3,7,4,20,8,5,,6,7,11,14,15,15,13,10,12,8,11,8,12,7,4,15,13,8,15,1,7,10,9,14,9,15,11,22,11,5,11,17,9,12,14,9,30,20,3,5,10,12,12,9,14,5,49.0,9,13,20.0,10,14,11,12,26,14,11,15,0,10,10,8,21.0,9,4,24,14,57.0,13,12,14.0,10,27,14,10,9,15,8,12,41.0,8.0,9,29.0,9,21,9,9,37.0,13,6,13,14,10.0,11,20,10,11,13,22,19,43.0,22,19,17,16,6,26.0,10,22,17,29,6,37.0,15,22.0,19,16,1,3,15,31.0,16.0,16,23,14.0,28.0,20,12,11,16,24,7,12,19.0,19,33,11.0,11,0,21,21,12.0,11,16,12,16,34.0,16,18,7,14,17,13,11,19.0,18.0,15,9,7,25.0,13,22,11,,13,9.0,35.0,10,16,28.0,19,28,9,3.0,14.0,12,15,15,20,15,24.0,26,17,18,11,7,8,23.0,26.0,18,13.0,16.0,49.0,15.0,1,24.0,8,8,29,,6.0,41.0,10.0,33.0,16,13.0,27.0,21.0,10,14,9.0,19,15,10,28.0,40.0,23.0,15,45.0,11,14,15.0,17.0,18,21.0,16.0,12,19,33.0,8,10.0,18.0,0.0,21,12,13.0,16,18,14,20,39,6,6,21,5,23,7,7,26.0,26.0,20,14,12,30.0,42.0,4,22,22,24.0,16,18.0,13,16,16,11,32,16.0,15,35.0,15,26,18.0,15,0,17,11.0,,6,21.0,,25.0,29.0,24.0,17,18.0,10,21,15,25.0,10,,18.0,16,20.0,11.0,17.0,14,12.0,14,20,11,28,16,14,17,19.0,11,27.0,21,15,17,38.0,16,6.0,18,36.0,13,23.0,20,27,29.0,20,17.0,9,31.0,14.0,17,16,51.0,7.0,18.0,4.0,14.0,22,16.0,,20,29.0,16,3,,15.0,19,6.0,19,11.0,48.0,18,22,19,33.0,28,18.0,,15,,12,39.0,16,18,15,21.0,39.0,16,12,33,,19.0,7,13,20.0,19,20.0,10.0,21.0,31.0,31.0,45.0,7.0,35.0,30.0,15.0,12,9,13.0,32.0,22.0,18.0,16.0,42.0,21.0,40.0,17,9,24.0,13.0,14,,22.0,52.0,12.0,49.0,35.0,15,38,25.0,18.0,0.0,20.0,8,,28.0,25.0,18,1,31,28.0,6.0,23.0,56.0,16,9,13.0,39.0,9,15.0,21.0,25,,23.0,31.0,10,15.0,30,29.0,26.0,10.0,29,8.0,18,23.0,20,13,13.0,22.0,,39.0,11,17,15,17.0,30,19.0,15,18,23.0,21,29,47.0,19.0,10,30,17.0,10.0,19.0,29.0,8.0,7.0,11,26.0,13,22,27.0,34.0,43.0,44.0,,19.0,4,16,18.0,19.0,29.0,29.0,,15.0,7,32.0,24,13.0,,29.0,12.0,22,22.0,22,33.0,39.0,39.0,29,39.0,29.0,25.0,20,32,55.0,38.0,21.0,15.0,43.0,12.0,54.0,23.0,30.0,39.0,20.0,23.0,42,28,,35.0,47.0,16,23,4,12,17.0,19.0,8,5,20.0,39.0,13,35.0,21.0,37.0,15,34.0,,18.0,11,39.0,16.0,26.0,21.0,17.0,34.0,2,14.0,18,19.0,19,12,9,36.0,17.0,20.0,31.0,8.0,34.0,20.0,19.0,3.0,32.0,25.0,13,20.0,48.0,19,13.0,22.0,5.0,27.0,15,18.0,10.0,46.0,16,27,,31,12.0,44.0,31.0,,9,34.0,11,14,27.0,10,,10,28.0,32.0,20.0,14,15,13.0,41.0,20,,12,48.0,19,16.0,11.0,20.0,56.0,11.0,7.0,22,31.0,37.0,38.0,,13.0,13.0,14.0,27,15,31.0,17,23,17,34.0,14.0,21.0,,16.0,17.0,24,27.0,0.0,36.0,12,24.0,37.0,40.0,29.0,57.0,26,34.0,20.0,38.0,32.0,,12.0,33.0,10,,43.0,20.0,26.0,13.0,17.0,28.0,18,19.0,31.0,22.0,49.0,12,8,,0.0,15,13.0,28.0,38.0,9,27.0,15.0,9.0,,13,7.0,54.0,16.0,,50.0,25.0,14.0,,25.0,30,22,26.0,39.0,38.0,18.0,42.0,10.0,11.0,20.0,18.0,36.0,19,15,14.0,21,24.0,35.0,27.0,25.0,25,18,32.0,16.0,13.0,27.0,41.0,15.0,23.0,14.0,15.0,13,21.0,20.0,29.0,5.0,29.0,19.0,26,15.0,26.0,14.0,14,,10.0,,27.0,,18.0,15,38.0,37,5.0,47.0,30.0,23.0,28.0,26.0,6.0,16.0,23.0,28.0,28.0,,17.0,,11.0,37.0,,40.0,35.0,43.0,,9,16.0,18.0,16,,28.0,22,10.0,33.0,,25,19,18,29.0,23.0,30.0,13.0,17.0,13.0,17.0,,40.0,30,16.0,29,14.0,5,39,18.0,14,16.0,18.0,27.0,3.0,25,4.0,13.0,30.0,20.0,21.0,50.0,10,21.0,23,42.0,24.0,37.0,36,25.0,10,10,38.0,25.0,41.0,13,11.0,24.0,31,35.0,,,19.0,37.0,26.0,27.0,22.0,30,32.0,20.0,47.0,29.0,32.0,21.0,50.0,6.0,10,49.0,19,17.0,27.0,,38.0,13,17,20.0,25.0,26.0,16.0,16.0,14.0,34.0,16.0,41.0,17,26.0,5.0,18,26,13.0,12.0,16,16.0,49.0,25,13.0,37,10,31,46.0,41.0,,28.0,22.0,14.0,21.0,35.0,29.0,30.0,43.0,34.0,,16.0,15.0,,9.0,10.0,47.0,44.0,17.0,15.0,14.0,21.0,32.0,,54.0,53.0,0.0,12.0,38.0,25.0,24.0,43.0,,,35.0,26.0,16.0,12.0,46.0,47.0,16.0,23.0,16.0,23.0,43.0,42.0,20,23.0,,18.0,12,24.0,,8.0,11.0,48.0,16.0,21.0,8.0,30.0,26.0,11.0,12.0,30.0,41.0,18.0,,38.0,28.0,27.0,,,,19.0,8.0,27.0,28.0,34.0,,6,24.0,13.0,46.0,29,9.0,44.0,13.0,24.0,26.0,,38.0,14.0,32.0,17,28.0,20.0,44.0,51.0,22.0,57.0,32,18,41.0,29.0,25.0,19.0,,15.0,20,17,11.0,,32.0,10.0,39.0,19.0,21.0,48.0,38.0,22.0,24.0,23.0,16.0,,19.0,16.0,41,23.0,30.0,22.0,26.0,8.0,28,,14,6.0,15,26.0,29.0,20.0,57.0,47.0,,25.0,14.0,22.0,35.0,21.0,24.0,20,13.0,,25.0,17.0,33.0,14,12.0,23.0,22.0,14.0,39.0,,,18.0,4.0,36,18,17.0,22.0,25.0,30.0,48.0,13.0,38.0,20.0,21,28.0,,46.0,28.0,52.0,17.0,17.0,30.0,28,23.0,25.0,52.0,5,11,8.0,31.0,45.0,29.0,9.0,31.0,35.0,39.0,17.0,24.0,42.0,12.0,7.0,,,18,3.0,19.0,54.0,23.0,7.0,13,57.0,24.0,8,36.0,30.0,40.0,0.0,,38.0,13.0,27.0,15.0,,27.0,18,23.0,26.0,12.0,38.0,9,24.0,20.0,39.0,3.0,14.0,20.0,12.0,19.0,25.0,7.0,39.0,0.0,17.0,27,15,44.0,,18.0,6.0,39.0,25,16,32.0,,35.0,49.0,15.0,,47.0,14.0,12.0,17.0,37.0,,38.0,,17.0,19,21,14.0,,46.0,46.0,,14,22.0,0.0,47.0,37.0,13.0,24.0,25.0,37.0,,16.0,29.0,5.0,57.0,22.0,34.0,19,17.0,40.0,30,18.0,34.0,33.0,25.0,21.0,,55.0,50.0,32.0,,37.0,12.0,7.0,54.0,41.0,,17.0,22.0,21.0,16.0,19.0,,36.0,43.0,40.0,29.0,12.0,32.0,9.0,13.0,7.0,6.0,38.0,33.0,18.0,36.0,16.0,,29.0,6.0,30.0,44.0,37.0,31.0,,33.0,52.0,49.0,16.0,14.0,28.0,0.0,38.0,54.0,34.0,16.0,,25.0,23.0,41.0,,29,54.0,12.0,0.0,50.0,,8.0,13.0,19.0,,29.0,12.0,37.0,,37.0,36.0,17.0,42.0,23.0,,7.0,19.0,22.0,57.0,16.0,14.0,16.0,38.0,12.0,35.0,49.0,18.0,24.0,35.0,,26.0,11.0,45.0,48.0,8.0,23.0,49.0,19.0,32.0,19.0,25.0,17.0,20,45.0,13.0,20.0,44.0,15.0,38.0,24.0,,,19,25.0,43.0,,49.0,17.0,,10.0,21.0,20.0,18.0,19.0,35.0,18.0,52.0,20.0,28.0,11,39.0,22.0,49.0,44.0,19.0,28.0,20.0,14.0,24.0,41.0,21.0,,18.0,54.0,38.0,24.0,23.0,35.0,52.0,11.0,11.0,32.0,20.0,34.0,19,9,,24.0,45.0,24.0,3.0,37.0,26.0,29.0,17.0,10.0,,15.0,,,46.0,,49.0,28.0,,,32.0,22.0,51.0,13.0,,27.0,,27.0,12.0,17.0,36.0,,25.0,10.0,28.0,,31.0,46.0,23.0,7.0,23.0,,24.0,37.0,29.0,24.0,28.0,50.0,25,40.0,18.0,35.0,28.0,33,45.0,40.0,10.0,31.0,10.0,,31.0,36.0,23,41.0,35.0,19.0,0.0,53.0,15.0,22.0,31,42.0,19.0,17.0,15.0,19,26.0,15.0,3.0,17.0,57.0,29.0,5.0,40.0,14.0,23.0,18.0,32.0,9.0,48.0,19.0,8.0,8.0,20.0,29.0,37.0,51.0,49.0,41.0,25.0,15,,17.0,28.0,36.0,35.0,8.0,37.0,34.0,10.0,22.0,,28.0,13.0,20,5.0,5.0,11.0,26.0,45.0,15.0,48.0,,37.0,,31.0,51.0,21.0,26.0,35.0,,36.0,53.0,18.0,,,35.0,22.0,48.0,42.0,9.0,27.0,,23.0,30.0,22.0,11.0,40.0,31.0,13.0,30.0,20.0,13.0,11.0,34.0,35.0,20.0,27.0,,12.0,47.0,29.0,20.0,17.0,18.0,31.0,19.0,6.0,51.0,12.0,,54.0,24.0,25.0,21.0,38.0,38.0,18.0,13.0,47.0,7.0,10.0,11.0,,26,,,,44.0,,,35.0,,30.0,36.0,9.0,17.0,16.0,0.0,35.0,,19.0,22.0,33.0,34.0,31.0,36.0,11.0,56.0,19.0,37.0,22.0,53.0,17.0,39.0,9.0,28.0,46.0,17.0,11.0,22.0,22.0,36.0,,,19.0,44.0,,37.0,12.0,38.0,54.0,53.0,16.0,19.0,17.0,57.0,52.0,,55.0,19.0,52.0,6.0,25.0,18.0,42.0,0.0,15.0,51.0,29.0,37.0,27.0,36.0,9.0,46.0,16.0,29.0,21.0,16.0,16.0,,,,33.0,16.0,25.0,,37.0,25.0,16.0,25.0,,21.0,45.0,30.0,,9.0,31.0,57.0,19.0,0.0,40.0,56.0,10.0,15.0,14.0,,57.0,41.0,,19.0,28.0,35.0,29.0,41.0,,38.0,24.0,22.0,,23.0,18.0,44.0,20.0,32.0,18.0,27.0,,,36.0,,,,0,16.0,5.0,,41.0,,11.0,24.0,24.0,25.0,28.0,5,,23.0,,24.0,6.0,24.0,17.0,20.0,4,33.0,14.0,,,18.0,43.0,19.0,16.0,12.0,,30.0,21.0,11.0,52.0,32.0,49.0,,0.0,23.0,37.0,13.0,15.0,50.0,25.0,19.0,33.0,28.0,53.0,40.0,23.0,17.0,28.0,30.0,,40.0,,30.0,34.0,25.0,37.0,34.0,,19.0,56.0,44.0,51.0,27.0,49.0,31.0,43.0,44.0,27.0,,51.0,,11.0,,42.0,22.0,,26.0,45.0,,20.0,,,,27.0,36.0,45.0,36.0,19.0,,51.0,25.0,,31.0,36.0,41.0,27.0,26.0,18.0,,8.0,19.0,40.0,,15.0,,,30.0,15.0,49.0,,6.0,34.0,4.0,14.0,9.0,27.0,34.0,9.0,,,14.0,37.0,,38.0,12,22.0,19.0,31.0,,50.0,26.0,19.0,,28.0,49.0,16.0,33.0,41.0,11.0,12.0,22.0,22.0,6.0,31.0,16.0,18.0,48.0,8.0,,18.0,,22.0,,30.0,17.0,19.0,,31.0,19.0,22.0,44.0,,23.0,34.0,,21.0,28.0,11.0,30.0,34.0,47.0,12.0,19.0,33.0,44.0,34.0,24.0,15.0,33.0,16.0,32.0,23.0,31.0,34.0,40.0,18.0,57.0,20.0,47.0,39.0,46.0,,30.0,19.0,20.0,35.0,,29.0,32.0,16.0,13.0,7.0,33.0,6.0,37,37.0,30.0,13,0.0,10.0,26.0,32.0,24.0,8.0,,17.0,16.0,17.0,51.0,39.0,33.0,15.0,25.0,47.0,26.0,,21.0,,18.0,21.0,,16.0,19.0,22.0,27.0,,25.0,39.0,7.0,27.0,21.0,32.0,43.0,30.0,18.0,21.0,29.0,35.0,22.0,5.0,33.0,31.0,54.0,17.0,41.0,18.0,9.0,10.0,,24.0,34.0,36.0,27.0,27.0,44.0,18.0,30.0,9.0,22.0,8.0,29.0,18.0,41.0,22.0,48.0,,11.0,15.0,17.0,,45.0,38.0,,30.0,43.0,22.0,11.0,36.0,15.0,49.0,34.0,39.0,17.0,23.0,,39.0,42.0,,13.0,39.0,40.0,11.0,42.0,19.0,36.0,,,24.0,29.0,13.0,47.0,30.0,,49.0,,27.0,,18.0,,15.0,28.0,27.0,,24.0,49.0,56.0,24.0,13.0,33.0,31.0,3.0,,16.0,24.0,38.0,22.0,38.0,40.0,4.0,20.0,14.0,24.0,44.0,24.0,11.0,51.0,21.0,47.0,39.0,32.0,14.0,,31.0,14.0,15.0,,,43.0,19.0,19.0,,32.0,26.0,34.0,50.0,10.0,30.0,,40.0,,37.0,27.0,,34.0,,8.0,,28.0,,28.0,18.0,12.0,,24.0,53.0,13.0,39.0,,,,27.0,14.0,49.0,8.0,27.0,16.0,41.0,36.0,13.0,39.0,,29.0,,31.0,,25.0,52.0,29.0,37.0,,53.0,28.0,,32.0,36.0,22.0,21.0,24.0,15.0,26.0,21.0,40.0,48.0,,45.0,,25.0,,39.0,44.0,,18.0,27.0,27.0,6.0,26.0,,51.0,38.0,18.0,26.0,18.0,15.0,8.0,25.0,28.0,,,,14.0,50.0,39.0,6.0,21.0,47.0,30.0,33.0,30.0,11.0,28.0,41.0,24.0,,55.0,32.0,17.0,27.0,27.0,6.0,29.0,36.0,19.0,,43.0,35.0,14.0,14.0,21.0,,,28.0,43.0,7.0,32.0,42.0,25.0,19.0,43.0,,46.0,19.0,,54.0,,18.0,,6.0,30.0,55.0,26.0,18.0,28.0,15.0,17.0,,29.0,31.0,23.0,42.0,30.0,,23.0,36.0,23.0,6.0,27.0,16.0,,,54.0,,29.0,17.0,40.0,26.0,48.0,4.0,42.0,6.0,35.0,,0.0,31.0,14.0,26.0,49.0,32.0,29.0,48.0,17.0,26.0,34.0,,18.0,56.0,31.0,56.0,,37.0,19.0,28.0,38.0,13.0,9.0,21.0,51.0,28.0,22.0,13.0,22.0,15.0,19.0,,25.0,18.0,,29.0,46.0,16.0,11.0,46.0,19.0,36.0,50.0,16.0,37.0,28.0,17.0,53.0,36.0,,,0.0,10.0,34.0,18.0,,25.0,24.0,36.0,39.0,8.0,43.0,,29.0,32.0,33.0,,27.0,,38.0,11.0,,53.0,33.0,,,21.0,,18.0,41.0,20.0,29.0,,14.0,32.0,34.0,15.0,34.0,28.0,,,43.0,48.0,,,37.0,44.0,25.0,,,,18.0,19.0,44.0,35.0,39.0,25.0,23.0,11.0,28.0,,42.0,19.0,,,28.0,,43.0,24.0,,13.0,28.0,11.0,35.0,37.0,7.0,26.0,,32.0,,30.0,50.0,15.0,14.0,,16.0,41.0,,30.0,,24.0,22.0,28.0,29.0,51.0,21.0,46.0,28.0,,34.0,,28.0,55.0,40.0,,21.0,,,27.0,42.0,24.0,30.0,18.0,,23.0,19.0,50.0,,10.0,41.0,12.0,,7.0,,16.0,37.0,17.0,11.0,,31.0,46.0,20.0,9.0,14.0,20.0,40.0,5.0,25.0,25.0,14.0,26.0,15.0,,50.0,,51.0,14.0,,23.0,,44.0,22.0,16.0,,21.0,,17.0,49.0,21.0,21.0,,15.0,40.0,17.0,39.0,33.0,,,32.0,15.0,54.0,45.0,28.0,13.0,16.0,34.0,51.0,44.0,18.0,13.0,38.0,,,38.0,27.0,,,16.0,9.0,22.0,29.0,52.0,51.0,56.0,15.0,20.0,,24.0,,26.0,,41.0,38.0,34.0,42.0,14.0,,39.0,0.0,24.0,35.0,,30.0,,12.0,23.0,29.0,26.0,19.0,33.0,,,33.0,,46.0,37.0,7.0,,,53.0,29.0,29.0,29.0,,17.0,,,26.0,31.0,18.0,25.0,29.0,,28.0,,37.0,26.0,12.0,46.0,13.0,,,12.0,19.0,,55.0,29.0,12.0,,36.0,,14.0,,17.0,15.0,,,,29.0,,,26.0,32.0,,,,34.0,24.0,27.0,15.0,8.0,19.0,14.0,31.0,8.0,22.0,51.0,0.0,,22.0,23.0,51.0,,,30.0,51.0,22.0,51.0,24.0,17.0,23.0,29.0,,51.0,55.0,14.0,17.0,,29.0,14.0,28.0,33.0,26.0,36.0,37.0,,44.0,10.0,23.0,,,,,31.0,,4.0,16.0,,31.0,57.0,19.0,38.0,45.0,22.0,21.0,,,48.0,11.0,49.0,35.0,29.0,,27.0,,22.0,,52.0,9.0,42.0,11.0,19.0,,39.0,,40.0,,,20.0,24.0,26.0,28.0,31.0,,27.0,,14.0,36.0,15.0,15.0,28.0,26.0,49.0,47.0,48.0,19.0,21.0,51.0,,15.0,33.0,35.0,,42.0,26.0,32.0,23.0,22.0,56.0,22.0,45.0,,17.0,47.0,7.0,16.0,37.0,32.0,38.0,9.0,37.0,,,,24.0,25.0,18.0,50.0,23.0,23.0,27.0,,39.0,48.0,34.0,30.0,28.0,38.0,,,,,21.0,43.0,48.0,24.0,,21.0,,,8.0,,43.0,6.0,,30.0,23.0,,,19.0,9.0,15.0,,13.0,37.0,54.0,55.0,31.0,44.0,57.0,0.0,17.0,27.0,16.0,19.0,31.0,54.0,,11.0,,41.0,,6.0,8.0,50.0,,47.0,35.0,50.0,18.0,28.0,,,29.0,28.0,9.0,25.0,29.0,,18.0,33.0,,,26.0,,36.0,12.0,,,15.0,41.0,,34.0,,20.0,19.0,24.0,20.0,,49.0,46.0,31.0,,43.0,17.0,,20.0,8.0,8.0,31.0,37.0,,,,9.0,,,20.0,34.0,26.0,30.0,10.0,21.0,30.0,17.0,44.0,56.0,26.0,,8.0,36.0,42.0,28.0,39.0,22.0,46.0,30.0,,,,17.0,18.0,32.0,13.0,31.0,,21.0,29.0,0.0,56.0,,,14.0,,54.0,25.0,,21.0,43.0,25.0,24.0,27.0,24.0,,0.0,,20.0,22.0,26.0,37.0,,8.0,,,44.0,21.0,15.0,,28.0,22.0,35.0,22.0,14.0,18.0,45.0,,,7.0,16.0,30.0,0.0,23.0,47.0,10.0,44.0,42.0,28.0,14.0,44.0,21.0,17.0,20.0,,,0.0,,19.0,38.0,40.0,,51.0,,29.0,24.0,24.0,,,47.0,20.0,30.0,36.0,52.0,,34.0,14.0,15.0,55.0,,41.0,,52.0,,47.0,22.0,8.0,,4.0,47.0,37.0,29.0,,33.0,,41.0,15.0,20.0,,,37.0,11.0,16.0,55.0,18.0,36.0,19.0,36.0,28.0,41.0,52.0,8.0,21.0,,27.0,54.0,,15.0,14.0,15.0,39.0,22.0,,,46.0,17.0,,54.0,44.0,,,38.0,47.0,11.0,,10.0,26.0,23.0,29.0,5.0,,37.0,,15.0,32.0,12.0,30.0,17.0,31.0,7.0,51.0,,29.0,,38.0,32.0,50.0,36.0,,47.0,,20.0,154,3,2.4903314917127077,17.26816756910801,-0.34345516824339123
6,5,7,5,7,7,7,8,8,8,6,11,9,7,5,8,11,7,14,7,6,15,7,13,8,13,7,8,10,13,12,9,11,13,10,11,19,8,12,11,15,15.0,13,20,7,11,10,8,0,22,14,15,10,8,21,20,9,12,9,12,16,21,12,11,18.0,13,25,8,8,12,23,9,16,10,11,9,21,18,10,9,16,8,10,16,18,11,11,12,18,13,11,15,9,14,1,13,16,8,8,22,19,23,12,13,10,19,14,15,18,15,27,,13,20,21.0,15,25,14,14,17,12,14,7,14,8,4,11,21.0,14,20,9,10,26.0,10,14,31.0,19,2,28,12,0,11,18,21,42.0,15.0,14,35.0,16,11,4,14,12.0,12,23,20,22,35.0,19,19,18,17,14,38,17,26.0,18,22,19,19,9,14.0,17,9,10,24,8,11.0,13,17.0,13,12,12,10,28,23.0,48.0,10,12,0.0,34.0,4,16,14,15,13,10,10,15.0,13,18,15.0,16,14,22,20,19.0,19,14,36,18,37.0,18,23,19,12,17,12,9,33.0,55.0,8,17,16,23.0,14,17,18,17.0,13,38.0,27.0,19,19,47.0,8,42,18,8.0,21.0,18,19,13,22,25,14.0,27,18,13,12,21,17,18.0,15.0,27,57.0,18.0,28.0,20.0,19,15.0,22,21,18,,12.0,33.0,,23.0,22,9.0,18.0,28.0,12,23,20.0,17,13,12,23.0,18.0,,12,19.0,3,0,23.0,20.0,22,,33.0,11,22,27.0,15,13.0,41.0,0.0,20,18,12.0,25,23,21,34,15,20,14,33,18,17,13,14,10.0,22.0,40,15,13,11.0,11.0,13,16,43,,15,30.0,19,12,21,13,11,21.0,16,33.0,17,18,20.0,19,25,15,14.0,28.0,34,34.0,20.0,31.0,31.0,13.0,23,20.0,5,37,25,18.0,11,24.0,28.0,17,,28.0,27.0,21,24.0,13,36,13,35,62,2,8,15.0,18,48.0,23,9,26,5.0,13,11.0,43,21.0,15,34.0,19,20,12.0,52,10.0,31,25.0,13.0,10,11,17.0,26.0,10.0,16.0,28.0,14,20.0,9.0,21,26.0,15,6,8.0,20.0,13,37.0,8,25.0,27.0,19,11,20,54.0,20,10.0,13.0,11,30.0,19,22.0,22,15,19,44.0,34.0,23,14,18,0.0,30.0,32,27,54.0,39,34.0,7.0,47.0,31.0,26.0,11.0,36.0,60.0,32.0,14.0,15,21,0.0,16.0,17.0,23.0,58.0,31.0,,22.0,27,24,22.0,22.0,19,,8.0,62.0,22.0,29.0,0.0,26,14,24.0,42.0,40.0,27.0,12,41.0,19.0,43.0,12,22,22,23.0,43.0,18.0,31.0,21,24,13.0,32.0,25,26.0,22.0,35,,21.0,43.0,17,57.0,28,23.0,32.0,43.0,23,35.0,20,16.0,37,29,30.0,30.0,28.0,22.0,29,25,22,18.0,25,41.0,33,41,14.0,29,8,27.0,25.0,27,14,23.0,,59.0,23.0,10.0,11.0,20,35.0,10,14,17.0,61.0,28.0,23.0,20.0,57.0,19,26,16.0,8.0,24.0,39.0,9.0,40.0,30,7.0,16,30.0,,18.0,38.0,34,,24,,39.0,27.0,35,9.0,,11.0,31,17,43.0,39.0,51.0,32.0,23.0,28.0,14.0,32.0,45.0,10.0,8.0,29.0,24,34,60.0,24.0,24.0,13,46,15,19,0.0,,23,20,46.0,25.0,12,21.0,24.0,15.0,26,33.0,40.0,44.0,19,20.0,19.0,,19.0,18.0,25.0,11,10.0,20,25.0,14,24,11,19.0,22.0,13.0,28.0,61.0,26.0,50.0,26.0,10.0,17.0,36.0,16,18.0,41.0,20,49.0,23.0,55.0,29.0,18,21.0,27.0,60.0,14,7,23.0,10,24.0,16.0,24.0,7.0,28,28.0,17,23,38.0,35,46.0,19,55.0,59.0,37.0,16,13,,27.0,25,7.0,17,23.0,19,49.0,11.0,15.0,38.0,17.0,23.0,47,21.0,25.0,0.0,36.0,55.0,37.0,37.0,17,17,27.0,25,15,26,12.0,21.0,38.0,25.0,16.0,20.0,22,37.0,46.0,,8,59.0,19.0,14.0,0.0,34.0,19,,39.0,17.0,34.0,21.0,16.0,21.0,16,16.0,35.0,40.0,11.0,40.0,16.0,39.0,26,13.0,60.0,34.0,19.0,19,10,30.0,11.0,16,50.0,11.0,21.0,18,17.0,46.0,21.0,31.0,23,39.0,20.0,14.0,9.0,45.0,19.0,52.0,22.0,13.0,15,26,35.0,18.0,52.0,20.0,39.0,15.0,27.0,18.0,,12.0,20,17,,28,33.0,28.0,14.0,18.0,18,14,43.0,16.0,14.0,35.0,27.0,20.0,26.0,21.0,18.0,16,34.0,19.0,,20.0,22.0,11.0,23,15.0,26.0,15.0,14,32.0,33.0,33.0,33.0,20.0,27.0,27,32.0,19,39.0,20.0,37.0,35.0,21.0,56.0,45.0,35.0,20.0,25.0,25.0,,23.0,51.0,,25.0,,28.0,7.0,31.0,23.0,29,27.0,27.0,25,61.0,,24,33.0,35.0,46.0,14,8,23,19.0,49.0,39.0,,13.0,34.0,37.0,11.0,52.0,0,15.0,32,24.0,17,43,28.0,8,15.0,38.0,26.0,15.0,17,18.0,15.0,20.0,51.0,52.0,31.0,25,,28,27.0,,,20,31.0,27,21,27.0,32.0,17.0,16,49.0,,19,28.0,,15.0,23.0,19.0,17.0,38.0,18.0,24,22.0,20.0,35.0,,53.0,,28.0,24.0,14,50.0,16,10.0,20.0,,19.0,17,20,50.0,13.0,11.0,14.0,15.0,25.0,37.0,58.0,45.0,36,28.0,11.0,51,17,9.0,57.0,21,41.0,40.0,26,5.0,43,15,21,27.0,22.0,,,58.0,37.0,60.0,,52.0,26.0,26.0,27.0,12.0,43.0,18.0,,,48.0,10.0,29.0,,,11.0,,16.0,19.0,54.0,44.0,10.0,19.0,32.0,22.0,17.0,42.0,21.0,36.0,34.0,,25.0,29.0,21.0,32.0,35.0,42.0,20.0,48.0,52.0,14.0,15,11.0,,22.0,21,27.0,,25.0,18.0,51.0,14.0,11.0,16.0,2.0,19.0,14.0,,32.0,14.0,12.0,14.0,23.0,3.0,13.0,,58.0,0.0,,15.0,26.0,41.0,56.0,18.0,10,55.0,23.0,37.0,35,,38.0,24.0,61.0,34.0,49.0,27.0,43.0,33.0,0,36.0,,36.0,29.0,17.0,,15,28,30.0,10.0,46.0,25.0,,33.0,41,24,23.0,52.0,31.0,4.0,,5.0,22.0,24.0,10.0,30.0,20.0,17.0,18.0,28.0,25.0,16.0,13,39.0,46.0,21.0,45.0,18.0,17,,20,58.0,36,47.0,,30.0,,25.0,12.0,39.0,18.0,25.0,,13.0,26.0,26,16.0,,,8.0,29.0,16,,23.0,33.0,,32.0,49.0,23.0,,34.0,41,21,48.0,18.0,,,41.0,20.0,31.0,54.0,8,19.0,,34.0,54.0,33.0,12.0,0.0,39.0,42,23.0,18.0,20.0,16,10,,62.0,16.0,40.0,,5.0,31.0,35.0,28.0,54.0,,19.0,10.0,3.0,30.0,15,27.0,61.0,21.0,34.0,24.0,10,7.0,34.0,34,,19.0,26.0,,44.0,33.0,32.0,21.0,22.0,56.0,26.0,38,41.0,45.0,59.0,32.0,22,21.0,,40.0,32.0,34.0,26.0,26.0,37.0,35.0,,33.0,16.0,0.0,51,17,,8.0,37.0,25.0,,21,26,47.0,37.0,24.0,17.0,,,36.0,44.0,51.0,28.0,,,31.0,,32.0,16,34,19.0,,30.0,60.0,,14,28.0,40.0,16.0,18.0,15.0,30.0,12.0,45.0,23.0,,9.0,37.0,35.0,34.0,27.0,28,42.0,,9,29.0,21.0,6.0,,43.0,31.0,20.0,55.0,,53.0,42.0,32.0,11.0,24.0,17.0,38.0,21.0,33.0,21.0,39.0,50.0,,42.0,35.0,,48.0,28.0,35.0,22.0,28.0,11.0,,24.0,,25.0,31.0,36.0,35.0,27.0,12.0,23.0,38.0,,,29.0,28.0,42.0,,9.0,31.0,25.0,19.0,31.0,27.0,29.0,14.0,26.0,27.0,10.0,25.0,21.0,16,29.0,17.0,42.0,52.0,11.0,23.0,23.0,34.0,60.0,50.0,24.0,40.0,,20.0,55.0,44.0,30.0,12.0,19.0,24.0,41.0,,36.0,21.0,36.0,26.0,61.0,33.0,32.0,41.0,28.0,18.0,34.0,59.0,22.0,19.0,,27.0,37.0,49.0,,,40.0,15.0,,14.0,29,38.0,18.0,22.0,29.0,,,29.0,,,13,57.0,34.0,43.0,15.0,26.0,32.0,32.0,39.0,42.0,12.0,,48.0,23.0,27.0,20.0,,14,13.0,45.0,,38.0,15.0,21.0,21.0,11.0,60.0,,20.0,18.0,,18.0,55.0,30.0,52.0,,,21.0,40.0,24.0,15.0,27.0,24,13,9.0,35.0,15.0,43.0,,23.0,14.0,15.0,17.0,13.0,46.0,39.0,37.0,,27.0,29.0,19.0,23.0,15.0,46.0,36.0,,,21.0,23.0,43.0,19.0,46.0,55.0,22.0,54.0,,11.0,,23.0,43.0,19.0,34.0,8.0,23.0,21.0,29.0,8.0,7.0,0.0,12.0,17.0,13.0,4,53.0,25.0,20.0,28.0,15,,,24.0,35.0,29.0,25.0,54.0,48.0,23,18.0,10.0,56.0,,60.0,23.0,,15,52.0,49.0,27.0,41.0,19,55.0,49.0,27.0,23.0,42.0,24.0,47.0,,36.0,,53.0,19.0,24.0,31.0,60.0,41.0,43.0,,38.0,,24.0,22.0,,,22,36.0,18.0,44.0,36.0,12.0,26.0,15.0,24.0,38.0,,15.0,31.0,35.0,29,31.0,,22.0,30.0,37.0,32.0,57.0,,40.0,,35.0,,,15.0,,19.0,40.0,,8.0,,37.0,47.0,35.0,33.0,,27.0,50.0,28.0,45.0,32.0,38.0,20.0,34.0,13.0,29.0,56.0,24.0,,,56.0,61.0,23.0,,30.0,41.0,23.0,33.0,36.0,47.0,29.0,,40.0,19.0,61.0,53.0,,33.0,12.0,21.0,,13.0,16.0,18.0,,,28.0,51.0,17.0,11.0,19,52.0,,9.0,16.0,,40.0,43.0,53.0,,,24.0,20.0,16.0,39.0,,28.0,28.0,27.0,19.0,43.0,14.0,51.0,16.0,41.0,31.0,,17.0,48.0,21.0,57.0,21.0,39.0,42.0,31.0,44.0,24.0,25.0,17.0,,56.0,19.0,28.0,,17.0,46.0,44.0,,32.0,44.0,16.0,,,60.0,26.0,,,29.0,13.0,46.0,28.0,34.0,18.0,48.0,27.0,,40.0,17.0,,25.0,,,,8.0,21.0,,13.0,49.0,16.0,36.0,48.0,14.0,21.0,44.0,,15.0,,21.0,,24.0,38.0,0.0,48.0,28.0,43.0,50.0,50.0,43.0,33.0,19.0,28.0,18.0,33.0,38.0,37.0,20.0,24.0,46.0,56.0,20.0,52.0,,34.0,44.0,,27.0,22.0,24.0,30.0,14.0,0.0,43.0,62.0,58.0,,22.0,,49.0,38.0,15,49.0,45.0,41.0,61.0,44.0,10.0,18.0,17.0,28.0,40.0,32,22.0,13.0,11.0,23.0,34.0,,27.0,15.0,37,34.0,,38.0,37.0,,13.0,54.0,23.0,12.0,24.0,,32.0,4.0,43.0,62.0,38.0,,11.0,57.0,26.0,,18.0,26.0,19.0,58.0,18.0,39.0,37.0,31.0,,58.0,48.0,31.0,11.0,46.0,14.0,27.0,28.0,30.0,61.0,30.0,34.0,26.0,,35.0,40.0,24.0,39.0,,30.0,32.0,13.0,33.0,45.0,,12.0,29.0,,,,33.0,15.0,27.0,40.0,,28.0,15.0,48.0,22.0,35.0,34.0,30.0,21.0,24.0,,62.0,,23.0,51.0,13.0,34.0,37.0,,48.0,33.0,24.0,10.0,39.0,25.0,26.0,20.0,41.0,,26.0,46.0,62.0,49.0,6.0,46.0,23.0,41.0,27.0,14.0,41.0,22.0,25.0,45.0,60.0,24,14.0,40.0,38.0,45.0,19.0,13.0,,,,62.0,19.0,,35.0,,,17.0,19.0,9.0,19.0,45.0,21.0,36.0,42.0,,20.0,26.0,,44.0,42.0,28.0,27.0,42.0,14.0,11.0,,47.0,34.0,9.0,24.0,62.0,19.0,30.0,34.0,29.0,40.0,59.0,0.0,,32.0,35.0,29.0,35.0,19.0,40.0,17.0,3.0,17.0,39.0,62.0,13.0,,33.0,19.0,32.0,,30.0,,31.0,16.0,20.0,20.0,27.0,53.0,40.0,31.0,33.0,,18.0,19.0,19,45.0,43.0,40,38.0,20.0,,49.0,,8.0,43.0,41.0,14.0,19.0,18.0,53.0,28.0,31.0,59.0,52.0,45.0,26.0,57.0,41.0,51.0,37.0,30.0,14.0,38.0,53.0,25.0,,4.0,21.0,41.0,20.0,42.0,,19.0,48.0,47.0,,24.0,56.0,,11.0,19.0,34.0,,29.0,28.0,22.0,13.0,17.0,40.0,,46.0,48.0,29.0,12.0,22.0,34.0,27.0,61.0,21.0,54.0,,9.0,,32.0,37.0,33.0,13.0,47.0,18.0,21.0,16.0,5.0,5.0,,,19.0,17.0,60.0,20.0,54.0,14.0,53.0,60.0,9.0,,29.0,44.0,,,54.0,24.0,22.0,17.0,,36.0,11.0,51.0,27.0,20.0,,13.0,13.0,,42.0,59.0,20.0,17.0,29.0,40.0,25.0,16.0,47.0,34.0,45.0,,,32.0,43.0,46.0,31.0,37.0,,,32.0,32.0,40.0,18.0,32.0,48.0,27.0,31.0,47.0,40.0,58.0,37.0,,,36.0,,34.0,19.0,19.0,,,32.0,28.0,31.0,45.0,15.0,35.0,13.0,25.0,59.0,,,38.0,32.0,18.0,53.0,36.0,16.0,20.0,22.0,,,37.0,25.0,19.0,,48.0,5.0,26.0,35.0,60.0,,28.0,12.0,43.0,37.0,54.0,24.0,21.0,32.0,41.0,19.0,45.0,,8.0,23.0,35.0,,22.0,48.0,48.0,,25.0,27.0,24.0,,14.0,11.0,,40.0,28.0,46.0,32.0,33.0,,13.0,58.0,37.0,22.0,55.0,42.0,,32.0,24.0,,33.0,20.0,13.0,49.0,25.0,,19.0,18.0,,36.0,34.0,,31.0,39.0,13.0,53.0,,21.0,25.0,,11.0,25.0,10.0,62.0,,22.0,,,24.0,24.0,13.0,53.0,17.0,59.0,24.0,12.0,13.0,,,43.0,21.0,34.0,22.0,44.0,,19.0,10.0,36.0,13.0,43.0,21.0,28.0,29.0,40.0,35.0,31.0,35.0,23.0,22.0,39.0,8.0,,18.0,39.0,,22.0,56.0,9.0,49.0,27.0,,56.0,6.0,31.0,40.0,22.0,44.0,26.0,13.0,16.0,37.0,41.0,,47.0,42.0,27.0,29.0,24.0,50.0,36.0,53.0,,13.0,55.0,24.0,14.0,31.0,55.0,34.0,,33.0,47.0,13.0,24.0,53.0,61.0,,10.0,36.0,54.0,34.0,15.0,23.0,,52.0,22.0,,,,31.0,43.0,19.0,,14.0,,,33.0,53.0,9.0,11.0,20.0,,,10.0,20.0,,23.0,,25.0,21.0,38.0,13.0,,30.0,,50.0,28.0,24.0,42.0,20.0,,60.0,41.0,,61.0,41.0,21.0,36.0,,18.0,,15.0,43.0,19.0,19.0,,35.0,24.0,44.0,,35.0,14.0,31.0,41.0,,,43.0,57.0,30.0,32.0,52.0,22.0,46.0,11.0,,58.0,34.0,22.0,40.0,,55.0,,38.0,,0.0,23.0,,52.0,25.0,24.0,17.0,,40.0,,15.0,16.0,34.0,,,,40.0,56.0,59.0,47.0,46.0,10.0,37.0,,27.0,59.0,3.0,37.0,50.0,48.0,,,46.0,,34.0,50.0,14.0,20.0,,0.0,23.0,21.0,20.0,,16.0,60.0,,7.0,37.0,,39.0,38.0,12.0,61.0,32.0,20.0,,17.0,,,27.0,26.0,25.0,,58.0,27.0,26.0,30.0,0.0,,9.0,47.0,51.0,20.0,,57.0,18.0,27.0,51.0,48.0,37.0,33.0,45.0,,24.0,,41.0,51.0,26.0,,57.0,13.0,,43.0,14.0,37.0,,35.0,39.0,24.0,45.0,19.0,25.0,46.0,12.0,,26.0,27.0,46.0,39.0,23.0,,35.0,13.0,31.0,13.0,,10.0,24.0,29.0,14.0,36.0,52.0,21.0,45.0,,18.0,,19.0,38.0,,53.0,58.0,32.0,41.0,19.0,46.0,29.0,27.0,,15.0,44.0,,21.0,43.0,33.0,26.0,47.0,18.0,,,33.0,,45.0,27.0,,18.0,25.0,,,53.0,22.0,29.0,27.0,20.0,12.0,54.0,,,23.0,,23.0,29.0,41.0,50.0,24.0,37.0,26.0,13.0,,60.0,28.0,,,61.0,21.0,,39.0,13.0,,,46.0,38.0,,53.0,17.0,32.0,30.0,17.0,,56.0,,14.0,6.0,,60.0,7.0,,50.0,30.0,26.0,,26.0,21.0,0.0,,19.0,,19.0,13.0,46.0,33.0,29.0,26.0,10.0,53.0,,,,,37.0,25.0,24.0,0.0,14.0,22.0,39.0,58.0,30.0,35.0,61.0,,27.0,31.0,61.0,,,37.0,41.0,43.0,56.0,12.0,22.0,29.0,24.0,60.0,25.0,,42.0,48.0,53.0,33.0,26.0,23.0,24.0,0.0,27.0,25.0,19.0,49.0,22.0,0.0,14.0,56.0,18.0,33.0,57.0,19.0,37.0,28.0,,,25.0,25.0,10.0,51.0,30.0,32.0,10.0,34.0,23.0,30.0,45.0,0.0,34.0,25.0,,,24.0,,19.0,,30.0,35.0,,47.0,27.0,,48.0,,41.0,57.0,33.0,32.0,,41.0,24.0,54.0,54.0,,10.0,5.0,59.0,27.0,33.0,,,23.0,18.0,28.0,47.0,41.0,49.0,18.0,42.0,32.0,25.0,,28.0,,,32.0,16.0,,33.0,25.0,,38.0,25.0,15.0,34.0,32.0,36.0,19.0,36.0,29.0,21.0,31.0,,61.0,20.0,18.0,40.0,52.0,29.0,,20.0,,32.0,23.0,25.0,,40.0,21.0,21.0,12.0,25.0,12.0,48.0,41.0,29.0,,15.0,43.0,28.0,,22.0,,,46.0,11.0,,38.0,61.0,40.0,28.0,50.0,11.0,13.0,12.0,,45.0,12.0,29.0,40.0,26.0,37.0,21.0,,30.0,,,21.0,40.0,,20.0,36.0,31.0,,23.0,0.0,,45.0,,56.0,52.0,30.0,,40.0,48.0,29.0,31.0,,21.0,54.0,,26.0,9.0,60.0,,,25.0,,47.0,,53.0,62.0,15.0,30.0,32.0,9.0,34.0,59.0,35.0,23.0,20.0,,35.0,,26.0,,,46.0,48.0,12.0,,50.0,30.0,34.0,0.0,39.0,45.0,46.0,62.0,53.0,38.0,20.0,,37.0,17.0,30.0,26.0,59.0,6.0,29.0,33.0,23.0,11.0,18.0,46.0,21.0,35.0,15.0,15.0,38.0,50.0,,,20.0,29.0,,38.0,49.0,34.0,42.0,49.0,,51.0,,,27.0,55.0,38.0,58.0,50.0,55.0,60.0,,,,,44.0,45.0,38.0,42.0,19.0,12.0,43.0,,,,58.0,39.0,53.0,22.0,16.0,62.0,62.0,38.0,25.0,,59.0,22.0,49.0,,41.0,33.0,33.0,8.0,,21.0,,20.0,36.0,41.0,37.0,28.0,53.0,,,,21.0,41.0,,59.0,58.0,,,30.0,,24.0,15.0,24.0,20.0,36.0,62.0,18.0,26.0,26.0,14.0,21.0,33.0,22.0,17.0,33.0,47.0,49.0,19.0,60.0,41.0,59.0,,26.0,48.0,10.0,50.0,31.0,11.0,39.0,36.0,,17.0,54.0,53.0,,52.0,45.0,22.0,31.0,,25.0,,33.0,30.0,11.0,27.0,,45.0,39.0,22.0,15.0,,32.0,,21.0,23.0,40.0,41.0,57.0,52.0,43.0,,51.0,23.0,9.0,22.0,2.0,56.0,25.0,50.0,,14.0,,40.0,31.0,,47.0,7.0,,35.0,59.0,16.0,22.0,44.0,26.0,31.0,37.0,13.0,,48.0,58.0,32.0,,,25.0,,54.0,20.0,62.0,155,3,2.461012311901505,18.54457419538593,-0.34894608214354406
7,6,6,12,7,8,11,11,5,7,7,9,7,8,12,9,17,9,20,16,3,14,12,9,10,14,13,12,5,8,11,8,5,10,13,10,15,14,10,11,14,15.0,14,12,13,16,17,13,14,12,13,13,9,8,10,8,12,12,10,14,10,18,10,7,8.0,13,21,16,9,23,4,13,14,14,9,20,12,21,12,7,14,13,7,13,23,13,13,14,16,9,14,8,46,19,27,21,1,15,12,18,0,23,13,11,15,24,14,18,17,14,19,12.0,16,22,29.0,15,14,17,24,22,13,25,13,0,14,18,11,12.0,18,7,27,12,19.0,21,21,34.0,18,25,19,13,11,21,20,23,8.0,35.0,23,44.0,10,19,10,28,20.0,18,21,28,24,40.0,13,20,15,16,21,34,18,11.0,24,19,18,20,22,19.0,8,15,14,16,27,46.0,16,29.0,21,16,8,12,12,17.0,10.0,18,15,29.0,,13,11,16,11,10,13,6,14.0,22,29,43.0,12,9,25,17,14.0,19,17,11,17,23.0,17,38,10,15,14,17,17,22.0,12.0,28,17,22,28.0,13,37,13,16.0,9,9.0,14.0,24,20,,20,22,9,29.0,,18,25,16,20,29,45.0,23,17,20,17,15,9,38.0,30.0,13,22.0,12.0,22.0,15.0,28,46.0,14,29,10,20.0,42.0,30.0,,13.0,19,20.0,17.0,47.0,9,36,15.0,13,21,10,38.0,38.0,51.0,49,24.0,19,27,23.0,7.0,20,43.0,30.0,21,19,29.0,14,21.0,23.0,9.0,26,22,30.0,21,17,26,16,15,21,12,20,18,18,43,22,10.0,22.0,0,15,15,29.0,18.0,14,21,25,,14,43.0,19,18,24,17,40,31.0,12,51.0,28,21,20.0,4,24,23,6.0,21.0,19,34.0,,8.0,22.0,33.0,20,12.0,17,33,27,12.0,13,,14.0,24,32.0,11.0,,16,21.0,21,26,2,27,14,18,21,11.0,9,21.0,17,25,10,62.0,23,45.0,18,28.0,15,63.0,19,25,38.0,34,40.0,18,28.0,13.0,30,22,28.0,25.0,10.0,57.0,12.0,22,49.0,53.0,17,27.0,14,24,15.0,24.0,16,16.0,40,7.0,,38,29,29,32.0,8,28.0,,22,28.0,23,22.0,8,13,14,29.0,27.0,43,23,25,14.0,25.0,55,30,40.0,14,17.0,25.0,30.0,47.0,8.0,17.0,13.0,10.0,16.0,26.0,20,9,28.0,46.0,19.0,21.0,18.0,8.0,,0.0,16,11,32.0,34.0,19,24.0,23.0,28.0,30.0,,0.0,20,15,,13.0,22.0,24.0,15,,31.0,47.0,17,17,22,,17.0,17.0,29.0,13,20,29.0,47.0,9,37.0,37.0,27,33.0,18.0,22.0,26,39.0,16,3.0,18.0,33.0,21,24.0,12,28.0,12,13,48.0,12.0,37.0,27.0,13,17,42,39.0,24,9.0,29,25,25.0,7,22,31.0,28.0,17,17,30.0,19.0,24.0,22.0,28.0,17.0,17,8.0,25,15,35.0,39.0,,29.0,,46.0,18,11,29.0,22.0,25.0,11.0,8.0,56.0,16,19.0,45,52.0,14.0,,9.0,27,14.0,26,,25.0,39.0,25,15.0,52.0,50.0,28,28,,33.0,44.0,33.0,24.0,40.0,22.0,33.0,35.0,8.0,21.0,28.0,15,24,16.0,,12.0,24,17,11,22,32.0,15.0,11,35,14.0,,22,26.0,36.0,58.0,16,58.0,51.0,28.0,9,24.0,37.0,49.0,13.0,49.0,30.0,21,27.0,8,27.0,14,22,11,53.0,37.0,11.0,45.0,0.0,11.0,28.0,23.0,10.0,12.0,34.0,17,17.0,,17,39.0,7.0,8.0,34.0,18,42.0,60.0,,23,15,28.0,39,55.0,21.0,22.0,53.0,6,28.0,8,41,43.0,12,46.0,25,26.0,15.0,25.0,22,40,33.0,10.0,28,30.0,42,54.0,16,,37.0,56.0,32.0,33.0,11.0,28,25.0,51.0,37.0,26.0,56.0,7.0,63.0,31,10,32.0,17,44,28,20.0,35.0,11.0,29.0,63.0,25.0,33,34.0,41.0,56.0,50,18.0,15.0,5.0,10.0,27.0,24,29.0,23.0,47.0,37.0,32.0,16.0,0.0,50,,54.0,29.0,43.0,20.0,25.0,30.0,17,50.0,,19.0,34.0,28,15,,25.0,25,35.0,43.0,20.0,24,12.0,16.0,23.0,20.0,14,15.0,34.0,36.0,16.0,31.0,22.0,53.0,26.0,30.0,24,22,56.0,39.0,42.0,17.0,52.0,23.0,21.0,40.0,25.0,18.0,23,12,20.0,0,,43.0,43.0,24.0,26,9,40.0,20.0,25.0,37.0,25.0,16.0,42.0,23.0,11.0,17,62.0,25.0,29.0,38.0,34.0,18.0,29,39.0,22.0,33.0,32,48.0,6.0,14.0,30.0,27.0,16.0,39,31.0,37,30.0,11.0,18.0,33.0,,20.0,20.0,15.0,33.0,40.0,24.0,34.0,25.0,,28.0,17.0,46.0,38.0,,17.0,39.0,20,32.0,60.0,27,41.0,42.0,14,9.0,23.0,21.0,28,5,20,28.0,27.0,27.0,26.0,19.0,19.0,25.0,8.0,44.0,25,26.0,15,15.0,12,23,14.0,28,42.0,14.0,28.0,22.0,19,29.0,17.0,24.0,22.0,15.0,32.0,25,,16,22.0,,42.0,36,12.0,10,18,32.0,18.0,23.0,19,47.0,44.0,22,20.0,16.0,29.0,20.0,16.0,40.0,22.0,24.0,47,53.0,35.0,21.0,31.0,54.0,24.0,27.0,53.0,14,24.0,37,45.0,26.0,58.0,43.0,21,21,45.0,48.0,15.0,15.0,48.0,30.0,35.0,49.0,21.0,42,16.0,10.0,16,18,21.0,22.0,11,1.0,30.0,28,28.0,21,23,23,20.0,29.0,,21.0,22.0,44.0,46.0,,37.0,9.0,36.0,48.0,56.0,40.0,19.0,49.0,56.0,43.0,60.0,36.0,32.0,50.0,34.0,15.0,23.0,18.0,,27.0,34.0,24.0,47.0,25.0,34.0,11.0,8.0,,21.0,20.0,36.0,56.0,,29.0,43.0,26.0,39.0,20.0,,,12,19.0,39.0,21.0,24,21.0,11.0,29.0,22.0,49.0,23.0,0.0,6.0,62.0,20.0,,11.0,19.0,19.0,13.0,18.0,50.0,24.0,26.0,30.0,28.0,36.0,39.0,24.0,41.0,48.0,,,21,51.0,43.0,43.0,26,12.0,27.0,18.0,18.0,28.0,35.0,23.0,34.0,22.0,24,28.0,45.0,49.0,47.0,43.0,42.0,22,18,16.0,12.0,24.0,,57.0,53.0,50,34,,0.0,31.0,54.0,19.0,28.0,32.0,34.0,32.0,32.0,8.0,29.0,38.0,37.0,21.0,18.0,18,27.0,61.0,20.0,55.0,14.0,11,41.0,20,0.0,49,28.0,,17.0,,31.0,38.0,38.0,25.0,31.0,12.0,40.0,28.0,15,16.0,36.0,37.0,25.0,18.0,12,23.0,55.0,28.0,18.0,38.0,35.0,,45.0,24.0,24,12,16.0,17.0,,20.0,,10.0,13.0,24.0,34,11.0,,27.0,16.0,36.0,21.0,28.0,30.0,26,36.0,27.0,27.0,13,37,25.0,46.0,17.0,31.0,33.0,36.0,48.0,0.0,29.0,34.0,16.0,25.0,21.0,12.0,,28,39.0,61.0,,29.0,43.0,20,,18.0,25,20.0,34.0,36.0,36.0,21.0,23.0,20.0,41.0,26.0,,,13,30.0,42.0,32.0,45.0,13,21.0,4.0,14.0,33.0,16.0,23.0,58.0,20.0,47.0,25.0,61.0,52.0,19.0,35,24,11.0,11.0,22.0,30.0,,26,26,35.0,0.0,,50.0,40.0,30.0,20.0,42.0,27.0,34.0,45.0,45.0,48.0,8.0,23.0,29,18,19.0,,59.0,20.0,,25,33.0,45.0,43.0,50.0,49.0,26.0,42.0,22.0,,,18.0,23.0,23.0,28.0,2.0,29,41.0,22.0,24,16.0,37.0,40.0,14.0,32.0,,21.0,0.0,,19.0,23.0,20.0,13.0,40.0,56.0,22.0,39.0,41.0,33.0,37.0,14.0,49.0,41.0,50.0,53.0,55.0,15.0,63.0,46.0,,22.0,39.0,34.0,38.0,35.0,33.0,24.0,35.0,8.0,13.0,15.0,16.0,21.0,36.0,35.0,52.0,47.0,,44.0,6.0,9.0,32.0,,,60.0,24.0,,18.0,12.0,14.0,21.0,10,44.0,14.0,,46.0,48.0,27.0,18.0,15.0,9.0,50.0,40.0,36.0,,18.0,13.0,17.0,25.0,16.0,20.0,24.0,17.0,11.0,52.0,,42.0,32.0,38.0,7.0,32.0,,38.0,0.0,21.0,24.0,33.0,29.0,,,54.0,34.0,54.0,,47.0,26.0,19.0,,19,45.0,36.0,17.0,40.0,17.0,14.0,11.0,13.0,11.0,24,8.0,,40.0,,31.0,43.0,17.0,5.0,17.0,50.0,27.0,53.0,23.0,34.0,22.0,42.0,37,36.0,25.0,21.0,52.0,29.0,34.0,38.0,17.0,28.0,19.0,23.0,63.0,48.0,32.0,38.0,16.0,41.0,,54.0,18.0,50.0,16.0,20.0,57.0,13,25,11.0,17.0,58.0,24.0,8.0,38.0,16.0,29.0,25.0,25.0,47.0,24.0,38.0,62.0,28.0,46.0,30.0,30.0,63.0,43.0,39.0,,26.0,,3.0,8.0,,19.0,0.0,,43.0,33.0,16.0,18.0,21.0,27.0,25.0,7.0,0.0,20.0,17.0,27.0,31.0,28.0,20.0,41.0,19.0,22.0,18,47.0,32.0,14.0,10.0,25,42.0,23.0,22.0,,59.0,,19.0,32.0,33,38.0,21.0,39.0,27.0,62.0,32.0,,39,60.0,15.0,52.0,23.0,27,,,41.0,30.0,,32.0,19.0,12.0,9.0,15.0,10.0,34.0,19.0,50.0,49.0,15.0,,37.0,40.0,55.0,45.0,32.0,55.0,,46,29.0,20.0,23.0,10.0,35.0,,31.0,39.0,30.0,48.0,,39.0,21.0,12,34.0,17.0,,35.0,29.0,,43.0,,,51.0,53.0,56.0,28.0,24.0,36.0,56.0,18.0,61.0,39.0,,41.0,33.0,51.0,51.0,46.0,21.0,21.0,41.0,59.0,23.0,29.0,43.0,38.0,16.0,11.0,31.0,22.0,46.0,26.0,33.0,15.0,41.0,7.0,,16.0,33.0,,15.0,28.0,31.0,33.0,22.0,8.0,,48.0,,34.0,38.0,33.0,12.0,17.0,30.0,18.0,,31.0,29.0,48.0,27.0,35.0,25,8.0,,34.0,27.0,30.0,,35.0,,29.0,28.0,32.0,26.0,48.0,62.0,31.0,48.0,51.0,11.0,17.0,24.0,38.0,,19.0,53.0,21.0,58.0,22.0,,23.0,,,53.0,34.0,50.0,34.0,22.0,39.0,35.0,29.0,17.0,46.0,30.0,52.0,7.0,6.0,31.0,,,28.0,13.0,,,34.0,,52.0,20.0,39.0,46.0,29.0,34.0,,,11.0,,59.0,34.0,12.0,6.0,25.0,56.0,16.0,39.0,46.0,42.0,29.0,47.0,22.0,22.0,32.0,22.0,28.0,14.0,62.0,19.0,12.0,55.0,,62.0,56.0,8.0,,39.0,38.0,,,,,42.0,43.0,39.0,,,57.0,49.0,47.0,17.0,8.0,19.0,7.0,47.0,32.0,37.0,33.0,19.0,21.0,,16.0,29.0,49.0,30.0,38.0,,47.0,15.0,54.0,56.0,49.0,48.0,11,24.0,0.0,17.0,34.0,,15.0,29.0,26.0,37.0,,45,23.0,25.0,17.0,,55.0,,46.0,57.0,25,41.0,52.0,25.0,45.0,20.0,5.0,49.0,,,,32.0,19.0,51.0,,,58.0,16.0,33.0,48.0,42.0,11.0,36.0,61.0,27.0,53.0,,38.0,43.0,54.0,27.0,51.0,49.0,43.0,37.0,51.0,37.0,,39.0,,,14.0,,28.0,,,61.0,36.0,31.0,61.0,29.0,38.0,,24.0,40.0,19.0,33.0,40.0,28.0,56.0,57.0,19.0,22.0,6.0,60.0,,37.0,29.0,27.0,33.0,19.0,18.0,21.0,,30.0,27.0,15.0,56.0,24.0,55.0,24.0,,45.0,19.0,22.0,13.0,19.0,27.0,36.0,,49.0,36.0,22.0,,53.0,31.0,32.0,25.0,26.0,18.0,18.0,31.0,19.0,,,45.0,47.0,34.0,21.0,47,40.0,16.0,,,27.0,37.0,,23.0,32.0,46.0,,29.0,38.0,39.0,,37.0,21.0,25.0,26.0,34.0,21.0,48.0,34.0,,49.0,62.0,17.0,20.0,32.0,43.0,12.0,28.0,,12.0,,42.0,22.0,16.0,42.0,39.0,30.0,38.0,,,49.0,25.0,28.0,13.0,,27.0,42.0,48.0,28.0,55.0,33.0,19.0,27.0,52.0,3.0,35.0,36.0,34.0,39.0,47.0,36.0,48.0,48.0,40.0,25.0,,,41.0,22.0,,37.0,13.0,20.0,44.0,26.0,10,0.0,10.0,20,,,,,37.0,24.0,,13.0,31.0,,,33.0,19.0,49.0,46.0,,22.0,19.0,39.0,35.0,33.0,20.0,53.0,35.0,54.0,44.0,28.0,,35.0,56.0,22.0,,,13.0,62.0,28.0,,10.0,47.0,50.0,24.0,32.0,38.0,27.0,44.0,29.0,29.0,13.0,,,61.0,48.0,20.0,,37.0,27.0,,25.0,19.0,10.0,29.0,59.0,27.0,28.0,17.0,,53.0,,17.0,,37.0,24.0,28.0,,27.0,38.0,,15.0,27.0,,0.0,57.0,23.0,13.0,35.0,15.0,,,22.0,34.0,41.0,19.0,45.0,32.0,28.0,37.0,29.0,,54.0,,43.0,,45.0,,53.0,0.0,,11.0,42.0,31.0,,48.0,53.0,44.0,,19.0,39.0,46.0,24.0,31.0,44.0,46.0,33.0,,32.0,23.0,17.0,19.0,51.0,50.0,16.0,32.0,25.0,30.0,25.0,16.0,30.0,10.0,51.0,45.0,,6.0,,14.0,62.0,11.0,22.0,43.0,35.0,,10.0,30.0,56.0,53.0,50.0,11.0,24.0,50.0,44.0,,43.0,63.0,61.0,51.0,21.0,20.0,,8.0,63.0,,,17.0,30.0,14.0,17.0,39.0,48.0,43.0,26.0,,37.0,42.0,21.0,37.0,50.0,17.0,26.0,10.0,,,15.0,31.0,21.0,29.0,,0.0,43.0,18.0,29.0,26.0,21.0,23.0,45.0,40.0,48.0,54.0,19.0,60.0,27.0,54.0,51.0,56.0,50.0,10.0,54.0,59.0,25.0,,,,,45.0,23.0,,,48.0,3.0,,,54.0,29.0,10.0,15.0,24.0,20.0,48.0,,,20.0,41.0,29.0,50.0,,,,37.0,23.0,24.0,27.0,29.0,21.0,49.0,32.0,58.0,55.0,60.0,47.0,6.0,16.0,41.0,26.0,49.0,19.0,60.0,,15.0,7.0,18.0,23.0,17.0,49.0,,0.0,33.0,13.0,,,33.0,20.0,26.0,,51.0,18.0,,31.0,24.0,35.0,44.0,43.0,16.0,25.0,18.0,17.0,45.0,19.0,22.0,40.0,28.0,,28.0,35.0,43.0,,14.0,,22.0,,38.0,,30.0,,16.0,26.0,23.0,,45.0,39.0,36.0,63.0,21.0,31.0,26.0,39.0,29.0,40.0,29.0,30.0,50.0,63.0,,,39.0,19.0,20.0,33.0,50.0,,48.0,22.0,,48.0,,31.0,23.0,38.0,11.0,20.0,34.0,26.0,14.0,10.0,0.0,,54.0,54.0,27.0,45.0,19.0,19.0,60.0,24.0,51.0,24.0,29.0,34.0,37.0,20.0,29.0,0.0,19.0,14.0,,,62.0,60.0,14.0,17.0,,,16.0,38.0,54.0,46.0,,,38.0,,29.0,41.0,56.0,45.0,11.0,13.0,14.0,39.0,25.0,,19.0,26.0,33.0,,14.0,41.0,,21.0,31.0,41.0,24.0,33.0,,55.0,,28.0,49.0,37.0,,,,29.0,33.0,48.0,,44.0,,,,25.0,,63.0,,,,34.0,25.0,21.0,31.0,32.0,,39.0,20.0,,22.0,53.0,20.0,,9.0,,39.0,8.0,27.0,47.0,,15.0,,31.0,37.0,40.0,28.0,14.0,,62.0,23.0,40.0,,59.0,45.0,,45.0,17.0,20.0,,51.0,43.0,24.0,7.0,,55.0,20.0,53.0,60.0,46.0,31.0,31.0,13.0,36.0,0.0,40.0,,,60.0,,35.0,,23.0,26.0,25.0,48.0,16.0,,,,,31.0,34.0,27.0,63.0,,58.0,36.0,62.0,,60.0,27.0,,44.0,,,31.0,24.0,11.0,,,53.0,51.0,27.0,57.0,,,16.0,,54.0,15.0,21.0,52.0,,31.0,29.0,24.0,24.0,23.0,41.0,32.0,14.0,35.0,18.0,,,25.0,15.0,30.0,51.0,43.0,24.0,53.0,24.0,52.0,42.0,19.0,,,30.0,38.0,23.0,7.0,,56.0,,28.0,10.0,18.0,26.0,53.0,14.0,26.0,49.0,0.0,10.0,,,47.0,37.0,54.0,,,16.0,,20.0,44.0,,46.0,28.0,17.0,26.0,36.0,,20.0,22.0,58.0,,9.0,43.0,,,49.0,34.0,55.0,52.0,12.0,46.0,17.0,,29.0,27.0,51.0,19.0,24.0,32.0,,46.0,45.0,,35.0,28.0,37.0,,35.0,,14.0,28.0,,50.0,16.0,51.0,36.0,,,51.0,39.0,37.0,36.0,12.0,0.0,15.0,43.0,,,41.0,23.0,62.0,,15.0,35.0,60.0,37.0,38.0,37.0,,53.0,2.0,,50.0,49.0,,22.0,57.0,54.0,,25.0,,51.0,33.0,51.0,10.0,11.0,,,17.0,,21.0,,34.0,,,28.0,38.0,,58.0,15.0,30.0,49.0,55.0,,41.0,,36.0,,,,60.0,,33.0,34.0,,38.0,52.0,36.0,50.0,15.0,,18.0,16.0,6.0,50.0,19.0,22.0,,44.0,38.0,36.0,,35.0,13.0,,18.0,,39.0,28.0,,48.0,19.0,,56.0,,50.0,38.0,,33.0,40.0,50.0,12.0,23.0,38.0,50.0,33.0,51.0,38.0,54.0,,,43.0,35.0,,21.0,46.0,33.0,20.0,,29.0,26.0,48.0,,,59.0,42.0,44.0,,,59.0,15.0,13.0,,26.0,,60.0,31.0,56.0,,,,,32.0,20.0,25.0,23.0,44.0,,25.0,,27.0,30.0,28.0,42.0,47.0,43.0,58.0,34.0,48.0,,23.0,12.0,20.0,,60.0,19.0,42.0,30.0,26.0,14.0,57.0,23.0,29.0,,,19.0,,54.0,15.0,,21.0,21.0,62.0,8.0,,48.0,,19.0,36.0,26.0,63.0,16.0,47.0,25.0,47.0,23.0,41.0,,29.0,58.0,,56.0,,41.0,46.0,,,59.0,46.0,25.0,50.0,,22.0,38.0,52.0,45.0,,24.0,22.0,,0.0,31.0,43.0,,,,25.0,37.0,32.0,36.0,17.0,31.0,36.0,41.0,,31.0,59.0,42.0,,,20.0,14.0,,,43.0,25.0,,54.0,,42.0,33.0,56.0,52.0,,22.0,38.0,43.0,13.0,26.0,19.0,36.0,8.0,26.0,,9.0,49.0,31.0,25.0,,35.0,30.0,,,37.0,27.0,35.0,24.0,,8.0,34.0,,58.0,53.0,39.0,33.0,48.0,,,29.0,,,53.0,34.0,55.0,33.0,26.0,50.0,37.0,44.0,53.0,28.0,28.0,61.0,10.0,,39.0,,20.0,37.0,42.0,46.0,40.0,0.0,,34.0,32.0,,54.0,59.0,57.0,,42.0,,34.0,46.0,20.0,31.0,63.0,30.0,42.0,29.0,51.0,49.0,33.0,56.0,19.0,62.0,28.0,,28.0,43.0,35.0,43.0,51.0,15.0,26.0,20.0,26.0,,26.0,,47.0,19.0,11.0,49.0,25.0,,52.0,,19.0,34.0,,14.0,,44.0,59.0,22.0,21.0,20.0,18.0,37.0,,56.0,32.0,37.0,44.0,25.0,52.0,27.0,32.0,53.0,,44.0,25.0,62.0,56.0,23.0,23.0,36.0,35.0,16.0,,,,16.0,,2.0,17.0,46.0,52.0,16.0,20.0,61.0,14.0,,30.0,,,45.0,63.0,38.0,39.0,44.0,11.0,,,19.0,53.0,,18.0,,,22.0,9.0,32.0,,21.0,39.0,31.0,,,,,,50.0,50.0,53.0,23.0,,37.0,24.0,,,,,156,3,2.53072625698324,18.722475755847118,-0.3237717275048274
2,1,4,9,5,3,5,9,4,4,8,10,6,3,11,7,9,5,10,20,4,3,9,8,10,12,11,6,7,1,10,8,8,9,7,6,12,7,13,12,20,16.0,5,5,10,9,14,8,10,16,9,7,13,11,15,6,8,8,8,7,8,10,26,10,36.0,13,14,4,5,12,15,14,12,14,8,11,11,11,12,6,14,15,8,8,13,12,9,8,11,8,11,8,12,9,16,8,8,11,9,14,22,15,15,14,12,16,11,15,8,10,19,39.0,19,24,12.0,11,15,11,5,37,4,16,9,17,16,11,16,13.0,9,10,20,11,24.0,10,17,17.0,12,30,7,13,19,20,13,23,41.0,51.0,15,11.0,16,7,6,11,24.0,8,29,16,14,22.0,9,15,22,15,9,20,16,22.0,9,16,17,21,16,31.0,11,21,7,14,14,13.0,12,30.0,25,14,13,15,6,46.0,9.0,25,20,21.0,51.0,14,18,10,17,32,9,10,27.0,16,28,17.0,15,14,24,3,35.0,6,7,9,9,,14,29,18,13,11,10,15,19.0,32.0,23,3,10,25.0,21,19,5,,2,21.0,20.0,17,15,,27,18,16,6.0,22.0,13,12,6,24,12,15.0,18,13,31,15,16,16,20.0,21.0,20,33.0,16.0,30.0,15.0,16,10.0,10,12,15,25.0,9.0,33.0,55.0,11.0,16,15.0,55.0,21.0,11,2,11.0,8,7,12,25.0,,34.0,14,57.0,6,22,5.0,15.0,3,42.0,4.0,9,17,19.0,11,18.0,9.0,31.0,16,13,8.0,12,14,12,14,19,21,18,14,11,13,3,16,48.0,15.0,30,13,20,16.0,0.0,9,34,13,,16,37.0,17,13,15,13,12,51.0,13,14.0,16,21,33.0,9,0,16,,,14,15.0,35.0,24.0,17.0,30.0,28,27.0,32,19,10,23.0,11,13.0,18.0,17,12.0,15.0,,20,32.0,17,23,25,25,11,26,23,16.0,12,15.0,23,24,13,32.0,16,,28,11.0,10,,7,19,29.0,24,,17,15.0,12.0,29,24,4.0,34.0,9.0,7.0,,18,7.0,16.0,16,19.0,21,12,20.0,40.0,8,30.0,30,7.0,20.0,26,17,16,16.0,19,23.0,19.0,26,,9,16.0,13,25,8,25.0,15.0,18,18,26,,25.0,10,16,33.0,30,20.0,26.0,16.0,32.0,26.0,23.0,15.0,26.0,17.0,10.0,20,17,27.0,10.0,20.0,9.0,35.0,36.0,20.0,19.0,19,27,31.0,15.0,15,14.0,6.0,22.0,13.0,26.0,20.0,20,24,55.0,13.0,42.0,17.0,15,53.0,18.0,20.0,23,12,14,50.0,37.0,13.0,29.0,11,15,20.0,28.0,46,21.0,23.0,32,24.0,4.0,28.0,19,18.0,11,27.0,23.0,20.0,20,22.0,27,12.0,16,17,,18.0,50.0,5.0,12,19,17,27.0,7,,15,40,9.0,14,9,13.0,20.0,4,11,21.0,8.0,41.0,25.0,31.0,21.0,24,22.0,19,17,16.0,5.0,18.0,9.0,55.0,30.0,25,21,47.0,13.0,19.0,,8.0,42.0,15,16.0,6,3.0,11.0,39.0,0.0,14,21.0,22,40.0,14.0,13.0,16,25.0,15.0,57.0,18,27,,32.0,32.0,,53.0,13.0,33.0,,,,,46.0,30,14,50.0,14.0,10.0,18,16,16,14,29.0,29.0,21,25,32.0,39.0,17,,20.0,19.0,15,7.0,52.0,15.0,4,28.0,10.0,10.0,22.0,7.0,16.0,19,18.0,11,14.0,19,20,10,21.0,30.0,54.0,32.0,29.0,19.0,0.0,16.0,31.0,42.0,9.0,13,38.0,25.0,22,18.0,37.0,26.0,13.0,10,57.0,26.0,,38,18,43.0,8,39.0,19.0,10.0,15.0,22,19.0,18,35,14.0,18,30.0,10,29.0,19.0,22.0,18,34,57.0,44.0,20,4.0,14,27.0,12,40.0,36.0,,54.0,23.0,43.0,20,12.0,,,32.0,12.0,39.0,26.0,19,12,19.0,27,15,19,17.0,32.0,19.0,,16.0,30.0,33,39.0,52.0,19.0,21,16.0,26.0,34.0,38.0,16.0,21,41.0,7.0,14.0,41.0,15.0,15.0,,15,41.0,9.0,10.0,27.0,,13.0,18.0,19,16.0,29.0,17.0,12.0,16,14,3.0,4.0,12,9.0,4.0,18.0,24,21.0,14.0,18.0,31.0,12,28.0,8.0,24.0,40.0,35.0,39.0,22.0,42.0,16.0,4,21,,18.0,38.0,24.0,21.0,21.0,14.0,27.0,27.0,23.0,19,22,47.0,35,42.0,,16.0,28.0,19,0,20.0,15.0,24.0,20.0,,15.0,48.0,34.0,7.0,23,11.0,4.0,,24.0,0.0,5.0,20,18.0,19.0,23.0,18,58.0,15.0,25.0,31.0,23.0,14.0,21,36.0,21,,40.0,17.0,15.0,15.0,,46.0,19.0,25.0,19.0,40.0,10.0,8.0,15.0,,22.0,21.0,15.0,,35.0,21.0,14,32.0,19.0,18,20.0,44.0,15,18.0,17.0,16.0,21,15,21,17.0,30.0,,,32.0,12.0,8.0,43.0,53.0,5,6.0,13,24.0,40,25,5.0,17,11.0,7.0,48.0,,21,25.0,31.0,4.0,28.0,12.0,47.0,11,29.0,16,16.0,23.0,41.0,13,15.0,16,14,29.0,15.0,17.0,21,28.0,,26,19.0,8.0,15.0,31.0,,30.0,33.0,24.0,34,10.0,19.0,51.0,41.0,38.0,14.0,43.0,35.0,14,17.0,12,,47.0,22.0,59.0,26,16,12.0,13.0,35.0,35.0,55.0,42.0,21.0,42.0,33.0,20,22.0,9.0,28,20,28.0,,9,28.0,34.0,7,16.0,7,17,16,18.0,23.0,56.0,35.0,,13.0,17.0,57.0,28.0,12.0,29.0,18.0,11.0,22.0,40.0,15.0,40.0,29.0,26.0,31.0,42.0,20.0,45.0,22.0,34.0,14.0,25.0,16.0,19.0,6.0,48.0,40.0,26.0,50.0,44.0,,27.0,25.0,31.0,17.0,16.0,30.0,19.0,6.0,41.0,,53.0,22.0,18,19.0,25.0,25.0,13,21.0,28.0,3.0,23.0,32.0,,8.0,5.0,34.0,36.0,15.0,5.0,17.0,,13.0,36.0,41.0,40.0,22.0,,22.0,17.0,,14.0,28.0,46.0,37.0,34.0,11,36.0,0.0,,13,31.0,23.0,5.0,17.0,,2.0,23.0,8.0,7.0,17,24.0,,25.0,8.0,14.0,59.0,2,17,18.0,41.0,18.0,20.0,44.0,6.0,32,16,12.0,35.0,,,,22.0,,25.0,28.0,30.0,18.0,15.0,54.0,43.0,15.0,29.0,18,23.0,23.0,27.0,47.0,,14,24.0,27,51.0,41,17.0,,5.0,20.0,43.0,36.0,33.0,19.0,15.0,7.0,44.0,33.0,29,56.0,41.0,29.0,26.0,27.0,36,34.0,46.0,24.0,,13.0,29.0,33.0,53.0,30.0,12,20,26.0,23.0,,15.0,18.0,27.0,27.0,20.0,15,29.0,35.0,15.0,26.0,29.0,24.0,12.0,16.0,17,18.0,33.0,32.0,19,24,51.0,7.0,41.0,17.0,19.0,50.0,,32.0,29.0,31.0,,15.0,13.0,,57.0,8,21.0,7.0,,,56.0,30,39.0,44.0,22,26.0,16.0,,18.0,52.0,18.0,9.0,29.0,17.0,35.0,18.0,29,17.0,51.0,21.0,11.0,39,12.0,50.0,19.0,7.0,3.0,,15.0,,36.0,22.0,17.0,39.0,53.0,23,27,50.0,7.0,16.0,9.0,17.0,19,30,0.0,35.0,42.0,,,13.0,,10.0,19.0,11.0,47.0,21.0,50.0,48.0,42.0,16,25,38.0,42.0,25.0,,,7,45.0,,23.0,28.0,,23.0,15.0,22.0,19.0,10.0,5.0,11.0,44.0,18.0,,23,29.0,12.0,28,24.0,,30.0,35.0,20.0,29.0,10.0,,38.0,,7.0,27.0,32.0,,26.0,,26.0,37.0,18.0,33.0,,27.0,19.0,24.0,57.0,21.0,55.0,17.0,29.0,,20.0,29.0,45.0,,45.0,24.0,27.0,,38.0,37.0,45.0,12.0,6.0,29.0,,44.0,,34.0,,27.0,42.0,21.0,57.0,,45.0,47.0,24.0,7.0,58.0,,3.0,3,,20.0,18.0,12.0,33.0,6.0,6.0,26.0,13.0,30.0,8.0,24.0,,26.0,21.0,31.0,39.0,25.0,35.0,39.0,49.0,8.0,51.0,18.0,11.0,36.0,30.0,,23.0,22.0,28.0,32.0,36.0,24.0,23.0,20.0,34.0,51.0,28.0,,13.0,,45.0,13.0,12.0,,22,20.0,37.0,13.0,31.0,15.0,18.0,33.0,11.0,,22,53.0,31.0,14.0,0.0,21.0,34.0,20.0,31.0,23.0,22.0,55.0,32.0,54.0,58.0,30.0,25.0,16,15.0,15.0,17.0,10.0,53.0,53.0,11.0,8.0,37.0,57.0,40.0,,,22.0,56.0,20.0,0.0,31.0,38.0,11.0,,4.0,10.0,26.0,23,24,0.0,26.0,27.0,19.0,41.0,47.0,9.0,14.0,19.0,36.0,,26.0,,,,5.0,37.0,8.0,17.0,29.0,9.0,24.0,,23.0,46.0,25.0,,42.0,24.0,12.0,18.0,34.0,23.0,9.0,37.0,,24.0,50.0,37.0,10.0,42.0,,16.0,6.0,26.0,,23.0,23.0,22,17.0,13.0,28.0,19.0,7,23.0,,38.0,33.0,16.0,49.0,35.0,12.0,7,,40.0,31.0,,30.0,,55.0,35,19.0,25.0,30.0,,28,,30.0,15.0,50.0,39.0,22.0,,51.0,,14.0,34.0,,37.0,33.0,26.0,51.0,28.0,25.0,46.0,53.0,56.0,24.0,21.0,,40,27.0,31.0,18.0,6.0,35.0,,15.0,30.0,25.0,50.0,34.0,27.0,11.0,24,17.0,,20.0,,40.0,24.0,31.0,52.0,,23.0,,18.0,8.0,31.0,48.0,,23.0,,25.0,22.0,18.0,21.0,14.0,32.0,21.0,34.0,38.0,39.0,45.0,,30.0,12.0,34.0,,10.0,25.0,24.0,12.0,32.0,18.0,10.0,,,14.0,25.0,24.0,33.0,,50.0,17.0,50.0,35.0,6.0,21.0,48.0,8.0,32.0,29.0,30.0,4.0,18.0,51.0,25.0,38.0,40.0,19.0,42.0,,44.0,18,5.0,,9.0,24.0,52.0,,38.0,29.0,12.0,16.0,28.0,28.0,,28.0,27.0,0.0,24.0,31.0,14.0,32.0,14.0,,30.0,55.0,20.0,30.0,54.0,,56.0,7.0,23.0,,,,7.0,,10.0,22.0,,26.0,,18.0,39.0,,5.0,17.0,27.0,57.0,18.0,,40.0,,37.0,37.0,54.0,29.0,33.0,14.0,18.0,13.0,14.0,49.0,38.0,14.0,25.0,16.0,11.0,27.0,16.0,43.0,30.0,0.0,37.0,10.0,18.0,29.0,31.0,36.0,26.0,59.0,31.0,,14.0,19.0,47.0,31.0,42.0,,11.0,37.0,,15.0,0.0,54.0,26.0,15.0,28.0,36.0,39.0,,,28.0,52.0,,13.0,22.0,13.0,14.0,21.0,16.0,4.0,18.0,,,,19.0,9.0,25.0,26.0,18.0,27.0,,33.0,24.0,,29.0,23.0,22.0,19,23.0,27.0,,,32.0,22.0,29.0,24.0,13.0,,7,7.0,,25.0,41.0,25.0,14.0,27.0,37.0,7,29.0,28.0,,28.0,20.0,31.0,58.0,41.0,0.0,39.0,26.0,52.0,22.0,51.0,50.0,24.0,21.0,24.0,,,19.0,52.0,16.0,,,27.0,29.0,,27.0,46.0,22.0,37.0,42.0,44.0,19.0,53.0,27.0,11.0,36.0,,21.0,40.0,7.0,,26.0,51.0,38.0,35.0,6.0,38.0,19.0,15.0,,23.0,49.0,0.0,27.0,23.0,29.0,,17.0,47.0,,,,17.0,20.0,27.0,39.0,,26.0,9.0,27.0,32.0,17.0,8.0,,31.0,56.0,20.0,20.0,18.0,39.0,39.0,54.0,36.0,24.0,26.0,,14.0,29.0,,36.0,58.0,54.0,22.0,36.0,8.0,18.0,53.0,48.0,,14.0,,56.0,7.0,,38.0,25,26.0,37.0,45.0,,13.0,24.0,45.0,59.0,32.0,53.0,42.0,39.0,10.0,59.0,,,21.0,10.0,,26.0,55.0,23.0,42.0,24.0,25.0,13.0,27.0,24.0,43.0,,16.0,25.0,39.0,,27.0,9.0,54.0,,,17.0,14.0,17.0,8.0,12.0,,23.0,5.0,18.0,23.0,32.0,,30.0,22.0,55.0,34.0,4.0,52.0,40.0,17.0,,35.0,28.0,27.0,,,,49.0,39.0,36.0,8.0,10.0,,22.0,44.0,31.0,34.0,10.0,22.0,14.0,15,10.0,26.0,30,,50.0,,,32.0,23.0,13.0,,16.0,56.0,28.0,49.0,,26.0,,55.0,58.0,22.0,34.0,40.0,18.0,27.0,43.0,36.0,,25.0,19.0,,25.0,39.0,29.0,21.0,49.0,42.0,24.0,,18.0,6.0,31.0,29.0,,37.0,27.0,50.0,30.0,,33.0,22.0,50.0,30.0,0.0,25.0,41.0,33.0,33.0,31.0,,21.0,22.0,8.0,32.0,12.0,16.0,34.0,,14.0,59.0,,,6.0,35.0,9.0,31.0,,20.0,11.0,26.0,,43.0,12.0,39.0,,,,51.0,0.0,23.0,,25.0,33.0,13.0,34.0,,20.0,5.0,22.0,,,57.0,37.0,9.0,10.0,42.0,28.0,37.0,43.0,,32.0,30.0,34.0,28.0,45.0,26.0,14.0,12.0,52.0,34.0,58.0,50.0,17.0,26.0,8.0,18.0,,26.0,32.0,17.0,24.0,16.0,32.0,7.0,14.0,35.0,43.0,19.0,,,,,5.0,46.0,19.0,35.0,15.0,44.0,,22.0,25.0,,37.0,33.0,,42.0,43.0,29.0,17.0,,,,45.0,,20.0,56.0,,8.0,50.0,37.0,23.0,,14.0,25.0,13.0,26.0,28.0,24.0,33.0,34.0,16.0,37.0,,,55.0,52.0,44.0,33.0,4.0,39.0,,,43.0,,26.0,31.0,,38.0,,18.0,32.0,4.0,27.0,,,39.0,32.0,,,36.0,17.0,28.0,,52.0,16.0,9.0,31.0,,27.0,,10.0,42.0,,41.0,,5.0,37.0,14.0,38.0,,17.0,,39.0,18.0,11.0,17.0,34.0,17.0,15.0,36.0,24.0,23.0,,39.0,,9.0,45.0,17.0,30.0,23.0,39.0,22.0,9.0,9.0,56.0,48.0,27.0,51.0,30.0,42.0,48.0,45.0,13.0,,29.0,13.0,,,,8.0,,26.0,,41.0,57.0,26.0,46.0,19.0,23.0,53.0,20.0,,22.0,26.0,,24.0,13.0,47.0,23.0,54.0,12.0,12.0,26.0,17.0,,38.0,18.0,47.0,33.0,23.0,28.0,22.0,24.0,28.0,16.0,38.0,21.0,34.0,37.0,29.0,41.0,30.0,23.0,19.0,54.0,28.0,27.0,50.0,8.0,15.0,,18.0,,38.0,53.0,26.0,55.0,14.0,13.0,24.0,45.0,29.0,30.0,14.0,12.0,51.0,45.0,,35.0,9.0,56.0,0.0,14.0,46.0,16.0,55.0,26.0,13.0,35.0,10.0,,6.0,27.0,19.0,10.0,38.0,31.0,37.0,42.0,33.0,47.0,26.0,30.0,5.0,20.0,,23.0,,,33.0,49.0,,15.0,10.0,,13.0,49.0,37.0,29.0,21.0,,,54.0,,0.0,10.0,2.0,29.0,31.0,10.0,20.0,21.0,28.0,36.0,,41.0,21.0,,,51.0,15.0,11.0,11.0,44.0,5.0,,42.0,28.0,48.0,11.0,8.0,38.0,,49.0,,19.0,45.0,45.0,15.0,29.0,,0.0,,,,15.0,58.0,23.0,,,25.0,52.0,27.0,14.0,34.0,,,,28.0,20.0,,11.0,,49.0,,16.0,18.0,,14.0,33.0,27.0,0.0,38.0,22.0,25.0,,28.0,37.0,13.0,14.0,41.0,50.0,,43.0,,,,42.0,30.0,,17.0,10.0,39.0,10.0,15.0,,,9.0,,33.0,35.0,,45.0,13.0,,,13.0,51.0,48.0,36.0,38.0,19.0,20.0,24.0,10.0,12.0,,,57.0,52.0,11.0,50.0,14.0,34.0,23.0,15.0,18.0,38.0,29.0,9.0,39.0,54.0,25.0,46.0,31.0,47.0,14.0,23.0,49.0,31.0,18.0,24.0,18.0,51.0,36.0,40.0,,45.0,13.0,54.0,59.0,11.0,,28.0,14.0,53.0,12.0,13.0,19.0,41.0,47.0,48.0,28.0,34.0,,32.0,44.0,31.0,26.0,19.0,22.0,21.0,34.0,39.0,42.0,47.0,,25.0,19.0,18.0,9.0,13.0,,,16.0,18.0,,18.0,,50.0,,,43.0,51.0,0.0,59.0,35.0,0.0,23.0,22.0,24.0,,21.0,,35.0,,26.0,12.0,13.0,6.0,28.0,56.0,,49.0,,0.0,27.0,,41.0,54.0,25.0,45.0,10.0,12.0,21.0,56.0,37.0,,,40.0,15.0,33.0,,31.0,35.0,27.0,3.0,56.0,,53.0,59.0,,,33.0,,13.0,29.0,23.0,18.0,37.0,15.0,31.0,32.0,40.0,31.0,26.0,17.0,23.0,,9.0,,48.0,19.0,,18.0,10.0,42.0,,11.0,,,11.0,,30.0,30.0,26.0,29.0,50.0,16.0,58.0,51.0,38.0,21.0,,14.0,52.0,18.0,18.0,,29.0,53.0,9.0,23.0,,,,,28.0,17.0,45.0,29.0,,,0.0,39.0,39.0,33.0,19.0,19.0,35.0,25.0,17.0,59.0,43.0,23.0,27.0,42.0,29.0,,,57.0,29.0,11.0,,,45.0,21.0,40.0,23.0,21.0,8.0,40.0,,38.0,17.0,28.0,41.0,43.0,17.0,51.0,46.0,28.0,17.0,17.0,56.0,23.0,18.0,0.0,,28.0,,10.0,51.0,34.0,11.0,16.0,,,,49.0,10.0,30.0,6.0,18.0,,31.0,21.0,40.0,25.0,,55.0,,36.0,37.0,50.0,,20.0,57.0,21.0,17.0,11.0,,11.0,,30.0,22.0,,26.0,26.0,,24.0,22.0,30.0,,19.0,36.0,,14.0,38.0,,28.0,31.0,22.0,,42.0,37.0,15.0,48.0,44.0,17.0,23.0,26.0,,6.0,30.0,30.0,34.0,,26.0,,,,,44.0,59.0,26.0,21.0,55.0,,,29.0,,25.0,23.0,,9.0,36.0,20.0,58.0,17.0,15.0,31.0,,42.0,,44.0,27.0,9.0,,21.0,31.0,14.0,21.0,42.0,15.0,14.0,,16.0,3.0,41.0,32.0,38.0,58.0,56.0,45.0,27.0,20.0,28.0,31.0,51.0,16.0,34.0,27.0,51.0,34.0,13.0,13.0,,35.0,,36.0,36.0,28.0,,51.0,59.0,16.0,39.0,56.0,12.0,42.0,6.0,41.0,,,,31.0,,30.0,9.0,50.0,,,16.0,5.0,3.0,9.0,,11.0,31.0,,40.0,,12.0,45.0,11.0,55.0,9.0,14.0,,29.0,,,,34.0,19.0,28.0,,13.0,12.0,17.0,29.0,,42.0,53.0,,28.0,46.0,38.0,12.0,22.0,3.0,59.0,,,,32.0,56.0,17.0,22.0,44.0,30.0,39.0,,56.0,19.0,1.0,19.0,41.0,13.0,,16.0,39.0,53.0,10.0,24.0,21.0,53.0,14.0,28.0,,47.0,37.0,37.0,12.0,,29.0,36.0,24.0,20.0,25.0,22.0,12.0,18.0,43.0,,,29.0,27.0,19.0,31.0,0.0,34.0,,18.0,,,16.0,32.0,21.0,33.0,28.0,25.0,44.0,0.0,31.0,18.0,59.0,41.0,15.0,30.0,42.0,58.0,18.0,57.0,14.0,,38.0,34.0,56.0,4.0,22.0,,30.0,14.0,30.0,36.0,47.0,,25.0,24.0,59.0,21.0,31.0,12.0,,24.0,40.0,15.0,23.0,,42.0,,14.0,19.0,29.0,36.0,,56.0,0.0,52.0,13.0,29.0,18.0,30.0,5.0,55.0,17.0,,,8.0,36.0,,,34.0,20.0,24.0,36.0,19.0,29.0,54.0,24.0,23.0,,49.0,46.0,42.0,24.0,9.0,57.0,22.0,,58.0,46.0,41.0,12.0,18.0,,,,38.0,42.0,31.0,,31.0,44.0,10.0,33.0,24.0,51.0,,59.0,,52.0,53.0,54.0,157,3,2.5476190476190474,17.582521489971345,-0.34063657645274364
4,5,3,6,2,6,8,9,7,6,6,6,6,1,8,4,13,6,28,9,9,9,8,3,9,10,11,3,4,5,5,11,8,8,7,7,7,12,12,4,22,9.0,17,10,8,12,20,5,12,23,12,19,10,15,38,28,10,10,11,7,2,21,18,16,,0,13,9,12,7,25,4,13,10,15,14,18,5,16,6,20,9,3,15,8,17,12,11,10,4,15,15,37,8,24,12,8,14,13,26,9,7,15,7,6,17,4,16,7,18,10,,13,22,15.0,0,14,15,13,37,16,14,10,1,19,13,11,9.0,11,11,15,10,27.0,4,20,23.0,9,18,10,13,20,9,7,21,30.0,,22,12.0,10,11,21,17,34.0,12,19,20,15,32.0,29,9,52,16,17,19,19,38.0,18,20,7,15,10,20.0,8,14,8,19,15,10.0,13,20.0,20,11,5,18,38,25.0,29.0,7,19,8.0,,14,12,17,16,55,5,14,12.0,16,7,,9,6,28,13,9.0,20,18,19,16,29.0,16,14,15,10,0,14,18,19.0,27.0,14,9,18,16.0,23,19,4,32.0,12,23.0,7.0,21,19,,10,21,22,8.0,40.0,24,17,17,19,18,8.0,17,12,17,20,15,7,18.0,23.0,11,58.0,34.0,16.0,23.0,16,27.0,15,25,23,8.0,30.0,11.0,41.0,32.0,8,12.0,40.0,15.0,8,15,13.0,14,27,14,20.0,17.0,49.0,18,52.0,24,15,25.0,25.0,8,23.0,28.0,7,23,10.0,9,12.0,25.0,17.0,19,9,39.0,13,21,22,21,27,24,7,23,9,17,18,11,9.0,26.0,18,21,11,24.0,15.0,30,27,17,20.0,37,39.0,23,14,19,14,9,16.0,11,54.0,17,16,23.0,12,26,14,29.0,24.0,5,14.0,8.0,19.0,6.0,33.0,18,24.0,17,15,15,21.0,10,30.0,9.0,13,,,,22,7.0,2,29,19,24,14,15,16,19.0,13,,21,6,15,57.0,17,51.0,9,10.0,25,48.0,8,19,22.0,26,48.0,56,23.0,22.0,22,25,,25.0,12.0,21.0,13.0,24,11.0,49.0,22,43.0,0,9,,29.0,18,17.0,18,15.0,39.0,20,40,27,28.0,11,14.0,14.0,24,16.0,13,26.0,18,20,21,6.0,,16,2,15,33.0,21.0,31,27,59.0,13,22.0,33.0,32.0,28.0,19.0,22.0,5.0,12.0,58.0,16.0,12,22,25.0,11.0,46.0,12.0,31.0,26.0,,22.0,18,18,17.0,19.0,13,13.0,34.0,36.0,13.0,,15.0,10,29,10.0,1.0,47.0,17.0,21,33.0,30.0,5.0,8,9,14,31.0,8.0,46.0,56.0,30,19,14.0,28.0,19,15.0,14.0,15,,16.0,22.0,22,15.0,18,36.0,43.0,32.0,15,27.0,20,30.0,3,13,51.0,11.0,19.0,7.0,35,14,10,24.0,6,10.0,21,42,18.0,19,10,19.0,24.0,11,13,24.0,13.0,47.0,30.0,56.0,19.0,27,20.0,18,14,35.0,31.0,26.0,29.0,,30.0,13,29,23.0,44.0,21.0,24.0,32.0,29.0,15,49.0,18,38.0,22.0,28.0,9.0,26,14.0,20,,,21.0,22,28.0,36.0,,25,25,8.0,23.0,12.0,19.0,11.0,11.0,23.0,,0.0,23.0,,18.0,35,17,21.0,54.0,27.0,11,55,10,19,28.0,36.0,0,25,15.0,33.0,16,3.0,20.0,20.0,15,13.0,5.0,17.0,7,26.0,9.0,42.0,,12.0,44.0,18,24.0,14,18.0,17,16,21,12.0,35.0,23.0,19.0,10.0,23.0,22.0,22.0,31.0,24.0,17.0,26,16.0,,23,18.0,41.0,23.0,0.0,26,28.0,,28.0,10,14,28.0,30,16.0,9.0,25.0,31.0,8,7.0,8,9,27.0,17,,12,26.0,22.0,18.0,19,14,9.0,41.0,28,55.0,11,,15,,6.0,49.0,59.0,22.0,25.0,54,24.0,,57.0,14.0,27.0,34.0,,5,14,26.0,15,17,10,59.0,36.0,8.0,,0.0,7.0,30,22.0,25.0,28.0,24,28.0,41.0,28.0,26.0,44.0,26,26.0,21.0,19.0,,41.0,6.0,18.0,12,25.0,,18.0,32.0,8.0,16.0,20.0,19,21.0,,24.0,,25,13,36.0,10.0,22,57.0,,19.0,10,53.0,17.0,14.0,24.0,16,6.0,49.0,13.0,41.0,19.0,23.0,22.0,,19.0,9,18,52.0,,,25.0,21.0,31.0,24.0,18.0,24.0,24.0,0,14,19.0,28,21.0,34.0,9.0,30.0,19,15,31.0,20.0,16.0,17.0,39.0,,,26.0,27.0,15,38.0,52.0,,20.0,15.0,4.0,23,31.0,18.0,29.0,14,40.0,29.0,48.0,39.0,20.0,11.0,6,13.0,19,,,11.0,19.0,,13.0,19.0,34.0,19.0,18.0,,58.0,38.0,12.0,13.0,21.0,17.0,19.0,20.0,37.0,39.0,23,21.0,56.0,25,32.0,35.0,19,28.0,13.0,14.0,21,17,11,25.0,30.0,54.0,45.0,16.0,53.0,18.0,36.0,41.0,22,21.0,20,9.0,11,25,7.0,24,20.0,7.0,16.0,57.0,17,23.0,17.0,23.0,24.0,8.0,58.0,20,6.0,26,34.0,11.0,34.0,14,31.0,30,15,17.0,13.0,,13,,17.0,21,7.0,31.0,17.0,7.0,25.0,15.0,28.0,14.0,12,39.0,20.0,17.0,,29.0,,40.0,32.0,42,35.0,6,22.0,17.0,21.0,19.0,11,18,22.0,54.0,43.0,24.0,35.0,31.0,46.0,31.0,33.0,35,19.0,12.0,26,20,23.0,19.0,22,31.0,0.0,22,32.0,0,28,11,13.0,40.0,17.0,15.0,16.0,18.0,48.0,33.0,25.0,55.0,37.0,17.0,53.0,26.0,48.0,18.0,47.0,45.0,21.0,39.0,,12.0,41.0,13.0,12.0,19.0,19.0,34.0,11.0,51.0,30.0,35.0,17.0,17.0,,41.0,15.0,47.0,14.0,27.0,20.0,17.0,36.0,19.0,40.0,4.0,32.0,27.0,22,19.0,34.0,37.0,11,27.0,21.0,,21.0,34.0,29.0,18.0,24.0,46.0,26.0,29.0,,22.0,,26.0,38.0,46.0,19.0,25.0,29.0,,11.0,58.0,23.0,17.0,14.0,,,15,49.0,55.0,56.0,27,30.0,31.0,22.0,20.0,9.0,16.0,19.0,27.0,17.0,21,25.0,27.0,35.0,28.0,,44.0,14,29,22.0,45.0,13.0,44.0,23.0,32.0,17,17,20.0,47.0,37.0,15.0,48.0,20.0,24.0,9.0,58.0,48.0,27.0,20.0,22.0,35.0,45.0,22.0,21,27.0,12.0,27.0,12.0,11.0,22,14.0,17,9.0,23,24.0,45.0,44.0,32.0,20.0,29.0,24.0,0.0,32.0,8.0,31.0,27.0,7,14.0,20.0,14.0,19.0,20.0,13,23.0,,8.0,47.0,16.0,45.0,,48.0,21.0,31,17,44.0,36.0,16.0,9.0,38.0,6.0,,20.0,22,21.0,,33.0,,,47.0,17.0,29.0,17,18.0,20.0,27.0,50,21,42.0,30.0,37.0,33.0,11.0,23.0,,21.0,21.0,29.0,37.0,28.0,10.0,23.0,21.0,7,6.0,,16.0,18.0,,15,26.0,1.0,14,27.0,18.0,21.0,33.0,42.0,,,22.0,20.0,,49.0,12,13.0,35.0,,,39,52.0,41.0,14.0,25.0,22.0,,24.0,14.0,36.0,17.0,33.0,49.0,13.0,25,21,19.0,15.0,16.0,28.0,,16,46,39.0,57.0,31.0,30.0,,20.0,10.0,32.0,33.0,40.0,31.0,29.0,2.0,,43.0,40,16,36.0,,22.0,11.0,,14,23.0,24.0,37.0,45.0,46.0,30.0,26.0,13.0,47.0,8.0,25.0,,20.0,58.0,,11,13.0,29.0,40,20.0,25.0,37.0,12.0,10.0,56.0,,16.0,17.0,38.0,16.0,24.0,35.0,,26.0,23.0,31.0,22.0,21.0,35.0,23.0,29.0,,34.0,32.0,21.0,27.0,28.0,31.0,23.0,30.0,7.0,38.0,,5.0,19.0,18.0,,21.0,22.0,13.0,26.0,,,25.0,22.0,32.0,24.0,25.0,32.0,41.0,35.0,26.0,47.0,21.0,53.0,,26.0,8.0,24.0,17.0,39,16.0,16.0,31.0,29.0,31.0,,16.0,,17.0,37.0,34.0,31.0,50.0,26.0,27.0,10.0,,14.0,34.0,23.0,40.0,28.0,55.0,19.0,25.0,46.0,44.0,38.0,20.0,7.0,16.0,0.0,54.0,52.0,25.0,23.0,46.0,22.0,7.0,16.0,50.0,53.0,44.0,14.0,45.0,,9,31.0,42.0,12.0,17.0,14.0,20.0,25.0,33.0,16.0,14,25.0,,15.0,22.0,25.0,27.0,49.0,33.0,24.0,38.0,52.0,20.0,,34.0,20.0,,13,17.0,20.0,47.0,27.0,20.0,12.0,10.0,0.0,27.0,24.0,28.0,53.0,,23.0,43.0,2.0,45.0,16.0,42.0,13.0,29.0,8.0,58.0,19.0,20,16,0.0,22.0,,22.0,7.0,12.0,32.0,47.0,22.0,59.0,,30.0,29.0,,42.0,18.0,32.0,20.0,46.0,27.0,7.0,26.0,,8.0,58.0,28.0,52.0,9.0,20.0,,39.0,27.0,18.0,15.0,,27.0,9.0,11.0,20.0,10.0,45.0,45.0,,23.0,39.0,,58.0,17.0,31,28.0,27.0,30.0,,19,44.0,52.0,,48.0,25.0,,22.0,,19,50.0,18.0,27.0,58.0,,10.0,,48,,36.0,32.0,12.0,21,14.0,15.0,,12.0,48.0,19.0,50.0,28.0,50.0,25.0,22.0,34.0,20.0,20.0,52.0,25.0,15.0,42.0,,20.0,39.0,36.0,,41.0,19,18.0,16.0,41.0,8.0,27.0,16.0,26.0,41.0,48.0,,12.0,,27.0,18,24.0,37.0,20.0,22.0,40.0,16.0,8.0,18.0,39.0,20.0,32.0,28.0,0.0,,55.0,,33.0,,,55.0,24.0,22.0,28.0,42.0,,22.0,18.0,49.0,37.0,27.0,1.0,,15.0,11.0,49.0,25.0,31.0,24.0,18.0,24.0,7.0,33.0,40.0,50.0,17.0,24.0,,,35.0,,38.0,37.0,19.0,18.0,,38.0,54.0,12.0,,30.0,29.0,40.0,25.0,48.0,40.0,8.0,16.0,39.0,34.0,18,14.0,,9.0,17.0,44.0,,18.0,,10.0,10.0,,23.0,42.0,25.0,38.0,,18.0,25.0,59.0,52.0,,59.0,15.0,43.0,36.0,,17.0,48.0,30.0,58.0,43.0,21.0,,17.0,13.0,24.0,15.0,24.0,13.0,46.0,28.0,20.0,50.0,28.0,15.0,16.0,10.0,53.0,14.0,14.0,34.0,42.0,16.0,21.0,,31.0,18.0,12.0,23.0,28.0,39.0,0.0,37.0,,21.0,26.0,28.0,,22.0,,0.0,40.0,21.0,12.0,20.0,33.0,26.0,59.0,23.0,39.0,19.0,54.0,19.0,37.0,36.0,31.0,,27.0,36.0,37.0,30.0,13.0,,36.0,38.0,40.0,25.0,26.0,17.0,9.0,,26.0,13.0,18.0,26.0,10.0,43.0,49.0,16.0,13.0,9.0,28.0,35.0,37.0,,16.0,26.0,26.0,18.0,14.0,,,37.0,,20.0,23.0,56.0,26.0,16,37.0,17.0,49.0,45.0,,17.0,14.0,38.0,,46.0,22,22.0,52.0,25.0,21.0,32.0,47.0,10.0,35.0,30,21.0,19.0,26.0,30.0,15.0,59.0,27.0,,19.0,44.0,,22.0,23.0,,47.0,42.0,35.0,24.0,30.0,0.0,,4.0,,37.0,17.0,42.0,35.0,,28.0,,13.0,23.0,52.0,,7.0,56.0,,24.0,43.0,,19.0,50.0,23.0,53.0,,,27.0,15.0,6.0,11.0,47.0,8.0,28.0,24.0,17.0,50.0,42.0,43.0,,20.0,0.0,25.0,10.0,,21.0,,18.0,25.0,26.0,30.0,21.0,25.0,,19.0,,22.0,22.0,8.0,7.0,59.0,,12.0,9.0,22.0,18.0,30.0,4.0,,30.0,19.0,30.0,10.0,25.0,49.0,28.0,25.0,16.0,17.0,38.0,,59.0,,43.0,28.0,30.0,22.0,13.0,46.0,17,19.0,12.0,,,31.0,20.0,14.0,38.0,56.0,,,41.0,,58.0,16.0,15.0,21.0,,26.0,36.0,11.0,,52.0,23.0,37.0,41.0,,52.0,,19.0,51.0,57.0,56.0,25.0,31.0,41.0,,24.0,,19.0,52.0,17.0,15.0,,23.0,25.0,22.0,11.0,14.0,18.0,35.0,,16.0,,49.0,21.0,,26.0,13.0,23.0,22.0,18.0,42.0,29.0,,7.0,36.0,32.0,24.0,13.0,22.0,40.0,39.0,,25.0,29.0,15.0,33.0,8.0,11,15.0,9.0,26,9.0,8.0,,35.0,23.0,14.0,51.0,6.0,35.0,26.0,,,27.0,11.0,32.0,41.0,32.0,50.0,,50.0,29.0,,42.0,46.0,57.0,46.0,22.0,26.0,,59.0,25.0,14.0,,0.0,35.0,58.0,15.0,4.0,53.0,52.0,48.0,59.0,30.0,50.0,0.0,25.0,,48.0,28.0,8.0,0.0,58.0,21.0,34.0,21.0,38.0,24.0,28.0,25.0,32.0,19.0,,19.0,24.0,31.0,45.0,,18.0,32.0,,34.0,31.0,17.0,,21.0,21.0,13.0,7.0,52.0,51.0,17.0,8.0,,,6.0,10.0,36.0,,34.0,56.0,47.0,20.0,55.0,32.0,26.0,10.0,,15.0,15.0,13.0,,30.0,,57.0,18.0,48.0,,14.0,18.0,33.0,,,17.0,59.0,44.0,24.0,,,42.0,18.0,24.0,23.0,46.0,,,27.0,53.0,29.0,10.0,,3.0,21.0,43.0,14.0,15.0,50.0,38.0,16.0,8.0,8.0,36.0,12.0,16.0,25.0,23.0,41.0,52.0,35.0,22.0,8.0,15.0,45.0,,24.0,20.0,6.0,,58.0,38.0,39.0,48.0,,,41.0,,22.0,,22.0,15.0,,54.0,15.0,53.0,38.0,,22.0,37.0,43.0,,45.0,12.0,49.0,37.0,14.0,53.0,13.0,20.0,,,24.0,,25.0,12.0,10.0,20.0,,,25.0,55.0,17.0,35.0,35.0,49.0,26.0,38.0,37.0,28.0,,57.0,30.0,20.0,32.0,15.0,21.0,53.0,21.0,19.0,47.0,55.0,34.0,36.0,24.0,,17.0,9.0,23.0,4.0,57.0,37.0,23.0,15.0,,23.0,43.0,11.0,18.0,46.0,23.0,45.0,46.0,26.0,19.0,30.0,,23.0,40.0,16.0,41.0,43.0,29.0,7.0,40.0,32.0,30.0,44.0,,54.0,29.0,,21.0,,,9.0,18.0,54.0,27.0,11.0,52.0,20.0,42.0,,37.0,,10.0,28.0,18.0,,31.0,16.0,32.0,0.0,18.0,24.0,,31.0,,30.0,18.0,36.0,41.0,20.0,9.0,19.0,,19.0,27.0,36.0,32.0,35.0,42.0,45.0,14.0,,55.0,45.0,3.0,,21.0,,12.0,4.0,,22.0,,30.0,22.0,0.0,19.0,8.0,26.0,15.0,22.0,52.0,17.0,18.0,11.0,50.0,32.0,,,59.0,,37.0,,,,24.0,35.0,,23.0,14.0,24.0,15.0,11.0,7.0,5.0,36.0,11.0,24.0,28.0,,19.0,34.0,37.0,33.0,,19.0,,55.0,,17.0,,26.0,39.0,,29.0,26.0,56.0,,,38.0,,28.0,,20.0,16.0,25.0,10.0,,23.0,34.0,23.0,50.0,51.0,26.0,33.0,43.0,16.0,21.0,47.0,24.0,55.0,17.0,,,32.0,,,11.0,33.0,15.0,29.0,15.0,,29.0,46.0,30.0,31.0,27.0,17.0,,,20.0,59.0,,21.0,,,39.0,43.0,0.0,,32.0,9.0,25.0,,48.0,44.0,49.0,5.0,25.0,24.0,18.0,,,34.0,25.0,26.0,37.0,57.0,24.0,51.0,29.0,,24.0,,15.0,31.0,,24.0,16.0,0.0,,17.0,20.0,44.0,14.0,58.0,,,,0.0,,26.0,,37.0,16.0,18.0,27.0,,29.0,55.0,15.0,35.0,,,34.0,22.0,16.0,21.0,11.0,,,17.0,,4.0,59.0,41.0,,,45.0,39.0,27.0,14.0,,31.0,47.0,24.0,39.0,32.0,11.0,20.0,52.0,23.0,18.0,29.0,,45.0,,,44.0,,32.0,28.0,8.0,53.0,53.0,,32.0,30.0,,,35.0,26.0,13.0,24.0,,27.0,36.0,42.0,18.0,14.0,7.0,39.0,,36.0,20.0,11.0,45.0,,58.0,13.0,8.0,32.0,32.0,49.0,39.0,,24.0,,,45.0,39.0,9.0,29.0,,24.0,,24.0,19.0,26.0,,,23.0,47.0,0.0,52.0,24.0,7.0,26.0,34.0,35.0,,58.0,16.0,18.0,43.0,23.0,,19.0,8.0,,,20.0,,16.0,9.0,42.0,34.0,58.0,29.0,22.0,21.0,,39.0,48.0,,42.0,,10.0,44.0,15.0,,13.0,12.0,41.0,,34.0,14.0,12.0,31.0,,28.0,34.0,26.0,48.0,28.0,30.0,29.0,21.0,24.0,24.0,26.0,34.0,0.0,,,44.0,40.0,,24.0,,21.0,45.0,58.0,44.0,47.0,,,6.0,6.0,12.0,11.0,57.0,33.0,58.0,39.0,31.0,18.0,11.0,,29.0,13.0,32.0,53.0,6.0,,,44.0,41.0,,25.0,45.0,50.0,,32.0,50.0,25.0,7.0,37.0,33.0,30.0,14.0,,,,,12.0,,22.0,,58.0,,29.0,27.0,,11.0,,42.0,,31.0,24.0,29.0,28.0,34.0,,15.0,55.0,,25.0,,,18.0,26.0,9.0,24.0,29.0,17.0,33.0,10.0,48.0,25.0,20.0,47.0,37.0,,,38.0,26.0,18.0,59.0,41.0,23.0,3.0,33.0,17.0,6.0,20.0,18.0,22.0,31.0,43.0,,14.0,35.0,,35.0,12.0,36.0,,22.0,,16.0,42.0,17.0,22.0,,11.0,19.0,33.0,20.0,57.0,,57.0,31.0,,15.0,51.0,,16.0,41.0,47.0,25.0,,,24.0,45.0,19.0,,,,19.0,26.0,48.0,40.0,,56.0,24.0,,22.0,23.0,30.0,,26.0,,24.0,,54.0,49.0,,,33.0,35.0,26.0,37.0,34.0,22.0,41.0,19.0,52.0,40.0,46.0,40.0,,50.0,35.0,,43.0,29.0,,11.0,,8.0,51.0,29.0,40.0,20.0,22.0,17.0,34.0,,47.0,,33.0,35.0,25.0,22.0,,52.0,21.0,34.0,,17.0,,44.0,57.0,30.0,,15.0,,9.0,,40.0,,21.0,,,17.0,32.0,23.0,,28.0,,40.0,,,,,44.0,11.0,24.0,23.0,31.0,18.0,37.0,53.0,22.0,51.0,38.0,21.0,,51.0,,34.0,1.0,18.0,35.0,29.0,59.0,,,36.0,30.0,35.0,38.0,,18.0,39.0,28.0,21.0,15.0,47.0,9.0,24.0,57.0,24.0,47.0,17.0,57.0,18.0,27.0,50.0,8.0,,,38.0,32.0,17.0,23.0,27.0,27.0,,,,43.0,,11.0,51.0,22.0,,53.0,40.0,51.0,,17.0,16.0,20.0,31.0,12.0,53.0,34.0,27.0,40.0,,53.0,,53.0,38.0,,27.0,20.0,15.0,,18.0,21.0,49.0,27.0,,17.0,14.0,,42.0,44.0,32.0,24.0,27.0,33.0,23.0,18.0,37.0,26.0,19.0,46.0,14.0,23.0,16.0,13.0,47.0,35.0,26.0,58.0,21.0,25.0,,41.0,28.0,30.0,19.0,56.0,14.0,11.0,,,,34.0,,33.0,14.0,30.0,,21.0,23.0,,,55.0,15.0,19.0,8.0,,47.0,,36.0,38.0,57.0,5.0,36.0,21.0,,7.0,,38.0,31.0,20.0,,,,26.0,27.0,28.0,27.0,,55.0,30.0,19.0,5.0,47.0,14.0,37.0,46.0,35.0,29.0,16.0,15.0,47.0,17.0,15.0,37.0,24.0,,31.0,24.0,26.0,28.0,,20.0,39.0,39.0,43.0,,35.0,22.0,,,31.0,33.0,27.0,21.0,,,53.0,25.0,30.0,19.0,,,14.0,27.0,58.0,,21.0,30.0,31.0,58.0,10.0,41.0,49.0,23.0,20.0,,,22.0,13.0,,158,3,2.442176870748299,17.798285714285715,-0.34825668302538054
3,4,8,8,9,4,4,9,9,9,8,12,8,4,15,11,16,6,31,16,8,10,9,10,3,8,14,11,7,5,15,10,10,11,11,9,16,11,9,15,13,12.0,10,13,9,15,11,2,6,26,10,13,9,12,24,11,10,10,10,9,15,10,16,11,19.0,9,16,2,13,17,10,13,12,11,11,11,24,8,10,12,13,6,5,14,11,14,10,8,25,9,5,11,27,19,4,14,18,11,16,14,13,11,12,14,10,8,9,13,13,13,16,56.0,19,15,13.0,15,17,14,14,13,11,15,4,11,12,14,10,15.0,8,12,19,16,44.0,14,25,14.0,21,0,12,15,17,5,22,14,24.0,10.0,5,24.0,5,11,10,15,20.0,17,19,23,12,11.0,17,14,25,18,10,25,16,27.0,14,9,8,13,14,12.0,8,17,13,16,16,40.0,11,19.0,14,9,15,13,14,45.0,17.0,14,14,6.0,23.0,10,21,14,23,13,10,15,19.0,15,19,24.0,8,16,25,7,22.0,18,13,18,20,44.0,12,26,18,10,24,15,13,25.0,18.0,24,26,15,21.0,12,18,11,,7,21.0,8.0,23,6,,6,26,24,14.0,,26,18,12,13,16,11.0,17,8,15,17,26,20,46.0,17.0,16,,42.0,23.0,12.0,19,53.0,18,5,12,,14.0,22.0,8.0,17.0,16,21.0,15.0,26.0,15,22,12.0,7,32,18,8.0,10.0,25.0,18,,15,25,24.0,24.0,7,46.0,7.0,16,16,16.0,15,14.0,12.0,13.0,7,12,28.0,20,0,19,19,14,14,18,25,6,7,14,12,56.0,46.0,13,1,16,0.0,24.0,9,14,11,16.0,20,33.0,25,17,24,12,47,20.0,11,18.0,22,14,14.0,15,1,17,34.0,40.0,7,33.0,18.0,52.0,11.0,25.0,19,20.0,16,16,18,14.0,0,0.0,10.0,18,43.0,20.0,0.0,23,15.0,10,26,17,22,11,5,8,18.0,11,37.0,15,13,22,,18,41.0,15,28.0,14,22.0,6,19,23.0,22,36.0,23,23.0,46.0,24,26,18.0,14.0,14.0,11.0,,26,7.0,17.0,17,49.0,12,16,32.0,54.0,13,29.0,14,6.0,,15,5,15,28.0,2,26.0,29.0,19,12.0,34,30.0,17,19,20,6.0,24.0,19,16,19,51.0,18.0,15,16,36.0,12,39.0,40.0,27.0,26.0,16.0,18.0,8.0,42.0,26.0,45.0,25,25,23.0,50.0,10.0,7.0,21.0,27.0,22.0,17.0,9,19,47.0,38.0,18,29.0,24.0,32.0,24.0,22.0,44.0,17,21,12.0,43.0,11.0,12.0,18,,22.0,49.0,25,12,16,17.0,,10.0,23.0,40,17,20.0,44.0,23,15.0,21.0,16,10.0,26.0,20.0,33,18.0,16,19.0,51.0,16.0,22,27.0,25,23.0,16,12,45.0,15.0,12.0,23.0,19,17,15,33.0,14,24.0,24,25,23.0,14,23,54.0,26.0,20,11,18.0,23.0,,36.0,13.0,20.0,14,3.0,17,33,44.0,18.0,38.0,21.0,9.0,52.0,19,9,39.0,16.0,18.0,40.0,13.0,19.0,19,48.0,12,29.0,16.0,39.0,36.0,25,16.0,27,,45.0,35.0,23,20.0,26.0,30.0,6,18,12.0,8.0,14.0,35.0,44.0,28.0,,7.0,55.0,34.0,14.0,36.0,26,22,25.0,9.0,26.0,28,23,17,15,14.0,25.0,15,7,14.0,23.0,17,29.0,17.0,10.0,21,34.0,18.0,17.0,10,54.0,23.0,19.0,,37.0,15.0,27,15.0,16,49.0,18,14,14,16.0,25.0,42.0,12.0,,20.0,19.0,36.0,,21.0,17.0,15,20.0,,18,14.0,48.0,10.0,6.0,15,15.0,13.0,,16,10,45.0,46,33.0,21.0,17.0,23.0,10,45.0,20,13,36.0,21,12.0,15,23.0,5.0,,27,9,11.0,23.0,27,21.0,23,,17,,,19.0,0.0,27.0,11.0,16,12.0,,19.0,13.0,18.0,11.0,32.0,19,14,32.0,22,11,17,22.0,19.0,27.0,49.0,36.0,30.0,29,25.0,15.0,,40,18.0,11.0,20.0,54.0,35.0,18,14.0,17.0,43.0,34.0,22.0,46.0,14.0,19,54.0,35.0,11.0,14.0,31.0,22.0,26.0,28,15.0,14.0,26.0,,20,22,22.0,36.0,30,30.0,10.0,8.0,16,24.0,16.0,12.0,41.0,8,15.0,,25.0,13.0,14.0,28.0,38.0,19.0,17.0,29,18,23.0,55.0,19.0,28.0,26.0,15.0,43.0,21.0,23.0,37.0,17,22,53.0,20,50.0,37.0,18.0,17.0,20,17,47.0,39.0,30.0,32.0,13.0,10.0,,28.0,26.0,21,31.0,27.0,29.0,31.0,20.0,15.0,11,16.0,21.0,29.0,22,39.0,24.0,14.0,44.0,29.0,23.0,31,23.0,30,34.0,41.0,28.0,39.0,31.0,37.0,29.0,38.0,41.0,15.0,46.0,20.0,30.0,17.0,12.0,22.0,,34.0,34.0,15.0,40.0,19,37.0,26.0,18,21.0,2.0,14,38.0,41.0,32.0,18,14,12,6.0,36.0,23.0,23.0,15.0,27.0,26.0,23.0,16.0,22,27.0,34,14.0,11,21,15.0,19,0.0,,16.0,10.0,15,31.0,35.0,17.0,41.0,27.0,16.0,8,28.0,34,50.0,57.0,38.0,31,25.0,30,23,,34.0,45.0,24,21.0,18.0,16,17.0,28.0,20.0,21.0,25.0,19.0,20.0,30.0,19,13.0,22.0,28.0,56.0,27.0,12.0,24.0,15.0,37,23.0,19,33.0,24.0,32.0,35.0,18,23,15.0,30.0,38.0,54.0,15.0,17.0,30.0,45.0,49.0,33,9.0,14.0,29,36,17.0,17.0,21,25.0,29.0,18,12.0,25,33,28,20.0,41.0,45.0,30.0,23.0,17.0,31.0,,4.0,9.0,28.0,29.0,54.0,32.0,19.0,19.0,32.0,37.0,49.0,19.0,42.0,25.0,30.0,15.0,21.0,24.0,40.0,32.0,31.0,21.0,22.0,17.0,17.0,29.0,55.0,33.0,19.0,,31.0,54.0,28.0,22.0,32.0,21.0,,16.0,24.0,37.0,30,35.0,38.0,23.0,11,33.0,11.0,22.0,29.0,22.0,,14.0,40.0,36.0,37.0,24.0,,16.0,34.0,20.0,39.0,15.0,15.0,30.0,21.0,40.0,,25.0,23.0,20.0,23.0,,23.0,23,15.0,28.0,16.0,26,24.0,19.0,19.0,26.0,16.0,23.0,19.0,22.0,25.0,41,23.0,10.0,21.0,,,49.0,29,29,39.0,51.0,40.0,,,28.0,17,17,14.0,27.0,,,26.0,40.0,23.0,10.0,,40.0,36.0,,47.0,53.0,25.0,19.0,9,14.0,33.0,31.0,16.0,,13,46.0,27,14.0,25,29.0,,9.0,36.0,12.0,47.0,34.0,38.0,21.0,27.0,40.0,36.0,18,46.0,19.0,,32.0,50.0,11,53.0,31.0,16.0,,14.0,11.0,21.0,29.0,17.0,41,22,,27.0,27.0,10.0,51.0,12.0,44.0,12.0,38,35.0,22.0,34.0,33.0,38.0,20.0,35.0,19.0,12,22.0,27.0,43.0,32,29,52.0,37.0,,18.0,54.0,34.0,35.0,,55.0,17.0,26.0,57.0,12.0,29.0,16.0,9,31.0,14.0,26.0,,28.0,22,49.0,0.0,0,41.0,25.0,26.0,20.0,18.0,23.0,16.0,27.0,21.0,19.0,41.0,0,24.0,30.0,10.0,35.0,53,31.0,,14.0,26.0,14.0,42.0,32.0,33.0,32.0,,32.0,29.0,36.0,27,3,31.0,5.0,52.0,32.0,19.0,35,13,53.0,25.0,55.0,39.0,22.0,16.0,40.0,37.0,18.0,29.0,31.0,,17.0,,20.0,38,39,21.0,28.0,53.0,14.0,,17,35.0,28.0,36.0,20.0,53.0,29.0,19.0,44.0,52.0,21.0,45.0,9.0,55.0,22.0,,11,31.0,32.0,19,,21.0,22.0,18.0,28.0,50.0,39.0,,25.0,,42.0,,11.0,24.0,25.0,39.0,37.0,40.0,15.0,12.0,46.0,52.0,26.0,28.0,38.0,,36.0,38.0,25.0,,12.0,41.0,35.0,0.0,30.0,19.0,25.0,44.0,30.0,17.0,3.0,23.0,0.0,46.0,31.0,36.0,53.0,39.0,32.0,38.0,49.0,25.0,19.0,37.0,27.0,23.0,18.0,16.0,18.0,11.0,,20,29.0,13.0,27.0,57.0,40.0,,18.0,39.0,14.0,21.0,25.0,33.0,36.0,55.0,30.0,20.0,,56.0,,51.0,,37.0,25.0,20.0,15.0,,33.0,52.0,11.0,29.0,,28.0,20.0,28.0,24.0,17.0,18.0,39.0,25.0,26.0,51.0,,18.0,44.0,28.0,39.0,13,,19.0,21.0,26.0,,21.0,20.0,17.0,30.0,3,41.0,26.0,37.0,,31.0,24.0,31.0,29.0,20.0,18.0,43.0,26.0,14.0,43.0,20.0,16.0,13,29.0,6.0,10.0,14.0,,13.0,16.0,31.0,36.0,19.0,26.0,32.0,22.0,,31.0,18.0,,24.0,47.0,46.0,57.0,8.0,22.0,22.0,12,16,12.0,45.0,14.0,8.0,57.0,42.0,14.0,33.0,27.0,36.0,,36.0,21.0,,23.0,10.0,,,16.0,37.0,55.0,55.0,19.0,,,24.0,55.0,31.0,,34.0,37.0,10.0,,22.0,,25.0,54.0,29.0,19.0,23.0,27.0,52.0,42.0,23.0,,57.0,,20.0,16,52.0,13.0,45.0,,28,36.0,35.0,,38.0,27.0,,9.0,40.0,12,45.0,28.0,,36.0,26.0,18.0,,12,33.0,16.0,28.0,53.0,29,36.0,36.0,29.0,,,26.0,15.0,1.0,9.0,,15.0,49.0,12.0,49.0,39.0,22.0,,50.0,,37.0,14.0,34.0,28.0,,25,17.0,,20.0,18.0,32.0,50.0,11.0,28.0,26.0,31.0,47.0,29.0,39.0,19,25.0,18.0,14.0,34.0,26.0,,24.0,,,,48.0,31.0,52.0,17.0,56.0,55.0,0.0,,47.0,26.0,16.0,29.0,26.0,32.0,40.0,,37.0,29.0,,27.0,21.0,10.0,21.0,26.0,32.0,,37.0,53.0,14.0,17.0,14.0,30.0,28.0,20.0,38.0,28.0,50.0,40.0,,49.0,34.0,,20.0,13.0,,10.0,38.0,30.0,10.0,16.0,19.0,,32.0,,,39.0,26.0,17.0,10.0,24,43.0,41.0,17.0,17.0,50.0,54.0,28.0,22.0,8.0,33.0,25.0,23.0,36.0,26.0,45.0,,29.0,25.0,34.0,19.0,56.0,,28.0,0.0,39.0,,24.0,,14.0,36.0,35.0,36.0,19.0,51.0,10.0,26.0,14.0,45.0,26.0,23.0,17.0,12.0,46.0,6.0,28.0,24.0,,,55.0,11.0,,,19.0,41.0,15.0,26.0,34.0,34.0,28.0,30.0,27.0,51.0,56.0,37.0,0.0,39.0,16.0,26.0,16.0,,30.0,15.0,27.0,17.0,29.0,35.0,36.0,,29.0,21.0,18.0,30.0,28.0,30.0,31.0,16.0,,38.0,22.0,25.0,39.0,31.0,,34.0,24.0,31.0,,27.0,,50.0,28.0,22.0,45.0,50.0,25.0,11.0,,29.0,13.0,53.0,22.0,10.0,13.0,51.0,,23.0,8.0,40.0,37.0,40.0,17.0,52.0,21.0,51.0,37.0,19.0,29.0,20.0,20,29.0,42.0,17.0,12.0,28.0,13.0,29.0,45.0,19.0,57.0,24,,7.0,54.0,37.0,14.0,,46.0,20.0,27,11.0,,16.0,24.0,11.0,43.0,41.0,,39.0,27.0,,23.0,41.0,,,9.0,49.0,32.0,45.0,55.0,37.0,15.0,25.0,21.0,39.0,30.0,53.0,37.0,43.0,53.0,15.0,,,21.0,23.0,17.0,17.0,19.0,17.0,15.0,18.0,57.0,,30.0,13.0,43.0,,,,25.0,29.0,55.0,,50.0,50.0,20.0,25.0,48.0,19.0,,21.0,31.0,7.0,8.0,,40.0,31.0,15.0,21.0,,21.0,10.0,45.0,42.0,25.0,29.0,,,33.0,14.0,48.0,5.0,24.0,50.0,9.0,13.0,28.0,21.0,5.0,24.0,30.0,,,,17.0,,,12.0,41.0,50.0,25.0,47.0,53.0,37.0,36.0,6.0,49.0,28.0,16,,,12.0,43.0,45.0,17.0,,21.0,53.0,19.0,,,16.0,16.0,,22.0,11.0,41.0,9.0,28.0,45.0,33.0,16.0,38.0,42.0,53.0,21.0,22.0,26.0,23.0,33.0,33.0,24.0,44.0,,29.0,19.0,36.0,36.0,28.0,14.0,37.0,36.0,,21.0,,13.0,48.0,34.0,38.0,36.0,22.0,,26.0,7.0,43.0,36.0,43.0,10.0,14.0,,5.0,56.0,45.0,,36.0,,28.0,23.0,,18.0,34.0,,37.0,,21.0,11.0,,,13,,0.0,13,19.0,40.0,,32.0,33.0,12.0,54.0,14.0,12.0,,,51.0,,38.0,44.0,54.0,35.0,,,29.0,,,23.0,19.0,41.0,9.0,52.0,38.0,16.0,,34.0,27.0,49.0,14.0,23.0,22.0,30.0,30.0,9.0,50.0,16.0,49.0,,45.0,,,39.0,16.0,55.0,19.0,47.0,39.0,52.0,,17.0,22.0,15.0,29.0,27.0,20.0,23.0,55.0,24.0,18.0,11.0,,43.0,10.0,32.0,,10.0,15.0,30.0,33.0,34.0,,15.0,14.0,25.0,,19.0,50.0,37.0,40.0,5.0,28.0,,0.0,30.0,,22.0,34.0,32.0,0.0,34.0,24.0,47.0,,54.0,17.0,19.0,49.0,43.0,32.0,12.0,14.0,,7.0,30.0,,56.0,37.0,48.0,36.0,,39.0,22.0,20.0,36.0,,45.0,25.0,56.0,,19.0,29.0,,,23.0,40.0,28.0,15.0,,,,43.0,,,38.0,45.0,15.0,18.0,26.0,11.0,10.0,15.0,0.0,9.0,23.0,21.0,,,31.0,32.0,,20.0,21.0,23.0,27.0,48.0,36.0,43.0,,28.0,13.0,0.0,23.0,20.0,22.0,28.0,34.0,,47.0,18.0,11.0,,20.0,54.0,37.0,23.0,27.0,56.0,21.0,,31.0,,50.0,41.0,20.0,,39.0,,40.0,52.0,26.0,42.0,,10.0,38.0,20.0,,15.0,,19.0,22.0,17.0,24.0,,,17.0,21.0,37.0,46.0,26.0,22.0,14.0,,,51.0,,43.0,30.0,9.0,38.0,12.0,53.0,13.0,14.0,40.0,56.0,20.0,8.0,27.0,40.0,38.0,,35.0,35.0,45.0,53.0,16.0,47.0,17.0,,29.0,,18.0,33.0,29.0,10.0,16.0,43.0,16.0,17.0,20.0,34.0,27.0,35.0,13.0,16.0,,21.0,23.0,24.0,15.0,23.0,42.0,37.0,11.0,,,21.0,44.0,27.0,47.0,18.0,27.0,,,18.0,54.0,22.0,26.0,17.0,15.0,37.0,48.0,7.0,45.0,,,53.0,,35.0,40.0,24.0,,0.0,13.0,23.0,45.0,,53.0,19.0,57.0,23.0,,48.0,39.0,24.0,14.0,15.0,26.0,,50.0,14.0,38.0,25.0,38.0,,16.0,55.0,,,54.0,28.0,31.0,41.0,56.0,,22.0,16.0,20.0,39.0,44.0,48.0,57.0,,28.0,,32.0,33.0,47.0,42.0,21.0,47.0,17.0,,19.0,21.0,,9.0,11.0,,14.0,53.0,52.0,21.0,34.0,25.0,15.0,,,20.0,39.0,57.0,,13.0,,12.0,17.0,40.0,26.0,33.0,,12.0,14.0,,40.0,29.0,0.0,39.0,,20.0,,37.0,56.0,23.0,34.0,20.0,30.0,16.0,,53.0,39.0,,40.0,40.0,36.0,46.0,0.0,15.0,27.0,16.0,,,13.0,37.0,,,48.0,20.0,41.0,35.0,,47.0,44.0,,45.0,,11.0,26.0,22.0,43.0,28.0,44.0,51.0,19.0,,45.0,42.0,38.0,,37.0,,,19.0,,24.0,,29.0,35.0,,,53.0,,22.0,49.0,,,,15.0,17.0,43.0,,55.0,11.0,29.0,27.0,36.0,,9.0,22.0,27.0,17.0,30.0,57.0,43.0,24.0,,,40.0,23.0,23.0,,43.0,,29.0,30.0,15.0,27.0,19.0,41.0,22.0,,,20.0,9.0,,42.0,,,16.0,,30.0,30.0,36.0,,31.0,18.0,33.0,37.0,,33.0,30.0,32.0,,29.0,,,,,22.0,,,27.0,,20.0,,42.0,37.0,33.0,1.0,26.0,25.0,45.0,,52.0,55.0,38.0,21.0,24.0,51.0,26.0,,46.0,10.0,55.0,,45.0,57.0,32.0,56.0,54.0,33.0,49.0,27.0,,,,,27.0,25.0,7.0,18.0,,,17.0,27.0,,10.0,40.0,,7.0,18.0,,,,,52.0,57.0,29.0,39.0,33.0,,8.0,18.0,41.0,27.0,,,,30.0,27.0,,,0.0,55.0,0.0,44.0,,14.0,39.0,,26.0,20.0,,51.0,51.0,24.0,52.0,28.0,,48.0,31.0,54.0,38.0,,27.0,8.0,31.0,44.0,29.0,16.0,41.0,20.0,,15.0,,24.0,42.0,52.0,28.0,34.0,30.0,21.0,15.0,38.0,29.0,16.0,26.0,39.0,38.0,7.0,47.0,42.0,12.0,36.0,15.0,25.0,57.0,11.0,54.0,37.0,,43.0,,22.0,,20.0,46.0,21.0,19.0,12.0,55.0,16.0,,,37.0,46.0,,38.0,13.0,17.0,23.0,,,51.0,,15.0,,53.0,,16.0,35.0,48.0,,57.0,18.0,40.0,32.0,16.0,,,24.0,21.0,37.0,,49.0,34.0,36.0,15.0,57.0,41.0,,34.0,,56.0,44.0,39.0,15.0,52.0,40.0,,11.0,26.0,52.0,15.0,,13.0,28.0,14.0,44.0,18.0,46.0,,29.0,54.0,,,27.0,47.0,37.0,50.0,40.0,,21.0,43.0,11.0,46.0,29.0,,31.0,,53.0,39.0,54.0,,,,,0.0,28.0,22.0,27.0,30.0,22.0,28.0,,,,30.0,18.0,43.0,14.0,24.0,,43.0,,13.0,,,48.0,22.0,,28.0,,,31.0,44.0,7.0,,26.0,32.0,39.0,37.0,40.0,40.0,19.0,15.0,41.0,51.0,44.0,,15.0,16.0,27.0,53.0,28.0,15.0,16.0,27.0,,36.0,,51.0,48.0,27.0,0.0,27.0,,,,,7.0,45.0,45.0,32.0,56.0,,,,36.0,11.0,,19.0,53.0,39.0,43.0,34.0,37.0,21.0,44.0,23.0,19.0,,19.0,52.0,52.0,24.0,45.0,47.0,,30.0,,12.0,16.0,,12.0,42.0,37.0,28.0,43.0,6.0,36.0,39.0,54.0,15.0,22.0,,,21.0,,41.0,,23.0,40.0,20.0,29.0,20.0,,24.0,9.0,28.0,24.0,29.0,27.0,13.0,28.0,26.0,55.0,47.0,24.0,47.0,13.0,24.0,19.0,53.0,30.0,14.0,52.0,6.0,54.0,11.0,24.0,40.0,26.0,20.0,20.0,37.0,30.0,46.0,,41.0,,,38.0,25.0,,0.0,42.0,16.0,27.0,35.0,16.0,30.0,22.0,21.0,18.0,54.0,56.0,,28.0,25.0,27.0,36.0,18.0,,47.0,24.0,17.0,41.0,21.0,32.0,,32.0,11.0,34.0,27.0,43.0,33.0,,55.0,10.0,40.0,,29.0,,28.0,34.0,13.0,,52.0,25.0,11.0,55.0,22.0,25.0,34.0,53.0,45.0,33.0,,16.0,32.0,54.0,,38.0,19.0,27.0,22.0,53.0,53.0,30.0,28.0,43.0,49.0,44.0,16.0,17.0,28.0,,,32.0,45.0,25.0,29.0,,44.0,,3.0,31.0,,17.0,,21.0,28.0,37.0,42.0,,,,27.0,44.0,33.0,,28.0,48.0,,,,35.0,18.0,,,12.0,24.0,16.0,30.0,34.0,40.0,,,32.0,15.0,,,,15.0,23.0,45.0,39.0,,36.0,57.0,0.0,11.0,,32.0,37.0,19.0,,26.0,6.0,43.0,22.0,46.0,22.0,36.0,41.0,25.0,18.0,46.0,,,,,,25.0,,42.0,19.0,47.0,,52.0,25.0,,25.0,29.0,38.0,51.0,,,,,,7.0,,15.0,40.0,,42.0,51.0,25.0,,29.0,44.0,20.0,,40.0,48.0,29.0,49.0,159,3,2.4569083447332423,17.330665904544155,-0.3492303718133739
4,5,1,6,3,8,7,6,1,2,6,7,7,7,6,6,12,5,29,3,6,17,7,12,7,15,9,9,7,10,11,12,2,3,14,10,4,15,13,8,13,21.0,8,24,7,10,20,6,9,16,8,16,8,12,14,18,14,18,10,13,7,19,14,13,,10,9,16,9,16,18,9,23,11,9,6,11,14,18,10,19,10,14,12,22,8,9,14,16,16,17,8,22,13,9,14,14,15,14,17,23,15,17,21,0,22,0,20,10,11,7,,15,23,37.0,16,0,13,13,21,9,21,16,14,11,12,13,3.0,9,12,12,7,9.0,11,17,10.0,16,3,21,15,12,15,11,24,33.0,8.0,8,14.0,8,18,14,12,15.0,13,21,8,23,21.0,17,8,24,14,9,10,18,7.0,15,18,14,13,17,18.0,6,30,11,35,34,12.0,17,22.0,20,19,0,0,18,,31.0,9,17,28.0,48.0,16,13,11,15,16,7,12,15.0,18,33,,11,20,21,21,9.0,17,9,16,18,13.0,37,22,18,16,23,11,12,41.0,10.0,14,17,15,33.0,12,29,5,14.0,11,26.0,9.0,21,17,31.0,23,16,20,11.0,26.0,22,5,8,19,10,20.0,21,18,0,11,13,13,30.0,9.0,9,19.0,26.0,22.0,7.0,35,23.0,20,13,21,45.0,17.0,48.0,19.0,34.0,13,30.0,26.0,48.0,8,20,22.0,17,28,16,20.0,29.0,26.0,28,11.0,22,16,22.0,33.0,13,12.0,14.0,12,51,15.0,10,21.0,21.0,37.0,17,18,,17,31,19,26,12,24,16,16,16,18,31,15,0.0,43.0,20,1,23,30.0,14.0,34,28,23,13.0,25,17.0,21,26,12,7,29,31.0,13,4.0,16,14,34.0,11,14,15,34.0,37.0,12,12.0,29.0,38.0,26.0,24.0,22,21.0,24,13,13,34.0,15,24.0,11.0,20,28.0,16.0,41.0,9,12.0,12,22,13,11,11,33,20,9.0,10,17.0,20,8,24,31.0,13,47.0,15,14.0,9,47.0,18,17,22.0,12,20.0,14,24.0,15.0,20,8,,23.0,14.0,20.0,52.0,27,21.0,45.0,50,,20,18,21.0,16.0,36,33.0,11,15.0,18.0,21,28,20,54.0,17,51.0,,28,18.0,4,21.0,22,13,10,30.0,26.0,33,13,9,,54.0,34,29,32.0,15,39.0,34.0,13.0,41.0,7.0,19.0,16.0,20.0,38.0,13.0,23,15,32.0,36.0,,,31.0,28.0,33.0,4.0,23,13,37.0,,20,40.0,40.0,,1.0,33.0,15.0,14,23,54.0,22.0,27.0,0.0,51,26.0,21.0,17.0,42,28,14,26.0,19.0,7.0,33.0,17,15,16.0,28.0,15,14.0,19.0,22,48.0,38.0,38.0,11,26.0,20,26.0,39.0,19.0,14,9.0,22,25.0,14,14,,35.0,22.0,,24,15,32,11.0,3,25.0,26,28,23.0,14,21,13.0,15.0,44,15,28.0,20.0,18.0,12.0,17.0,31.0,13,33.0,13,14,35.0,20.0,8.0,22.0,3.0,42.0,19,22,32.0,23.0,17.0,31.0,43.0,34.0,19,34.0,15,,27.0,32.0,12.0,27,24.0,21,,14.0,41.0,18,17.0,55.0,,16,32,16.0,29.0,21.0,,19.0,37.0,50.0,33.0,14.0,,47.0,8.0,14,21,19.0,,14.0,26,13,18,21,23.0,50.0,22,41,6.0,29.0,15,29.0,30.0,19.0,43,36.0,28.0,38.0,11,44.0,41.0,17.0,42.0,23.0,29.0,29,7.0,16,29.0,12,38,7,,50.0,19.0,51.0,,37.0,9.0,22.0,44.0,20.0,12.0,17,,,32,12.0,21.0,8.0,22.0,22,25.0,29.0,30.0,12,16,21.0,28,19.0,25.0,10.0,19.0,20,36.0,29,27,19.0,22,39.0,11,6.0,41.0,23.0,12,18,41.0,35.0,19,6.0,40,48.0,17,25.0,58.0,24.0,,13.0,38.0,8,14.0,0.0,35.0,49.0,10.0,34.0,23.0,23,19,25.0,23,14,11,27.0,33.0,15.0,52.0,16.0,25.0,24,6.0,30.0,46.0,23,,,12.0,,,18,32.0,10.0,0.0,11.0,49.0,26.0,18.0,28,,,,18.0,,14.0,16.0,29,35.0,,26.0,30.0,14,10,23.0,10.0,3,19.0,,1.0,9,9.0,19.0,12.0,55.0,22,51.0,42.0,13.0,13.0,46.0,25.0,15.0,36.0,19.0,28,13,24.0,36.0,15.0,18.0,57.0,10.0,44.0,17.0,,48.0,19,24,21.0,27,38.0,21.0,49.0,15.0,17,6,37.0,19.0,29.0,18.0,,23.0,14.0,14.0,,48,23.0,,19.0,39.0,29.0,19.0,28,23.0,50.0,15.0,18,29.0,22.0,36.0,27.0,18.0,25.0,12,,40,26.0,22.0,,24.0,28.0,38.0,12.0,40.0,17.0,6.0,23.0,12.0,10.0,51.0,56.0,14.0,26.0,40.0,,43.0,27.0,21,24.0,49.0,13,35.0,,13,25.0,20.0,28.0,14,21,20,29.0,,0.0,24.0,,16.0,4.0,43.0,33.0,22,6.0,26,18.0,21,27,10.0,15,47.0,28.0,9.0,7.0,37,,17.0,38.0,26.0,50.0,22.0,28,23.0,13,16.0,14.0,23.0,20,50.0,0,10,42.0,6.0,48.0,22,11.0,35.0,27,20.0,,15.0,37.0,22.0,37.0,27.0,32.0,10,41.0,22.0,16.0,48.0,53.0,,,9.0,18,15.0,18,30.0,22.0,17.0,30.0,19,14,11.0,15.0,14.0,41.0,33.0,23.0,13.0,23.0,,16,34.0,19.0,33,21,14.0,21.0,11,22.0,45.0,17,13.0,33,20,30,35.0,20.0,36.0,33.0,21.0,39.0,11.0,,22.0,,16.0,5.0,16.0,35.0,27.0,27.0,18.0,,28.0,31.0,40.0,20.0,37.0,23.0,23.0,44.0,,23.0,13.0,38.0,24.0,19.0,26.0,25.0,21.0,,42.0,24.0,28.0,36.0,44.0,47.0,28.0,27.0,32.0,13.0,34.0,56.0,17,17.0,32.0,27.0,23,23.0,5.0,20.0,24.0,29.0,14.0,36.0,3.0,,23.0,20.0,10.0,35.0,52.0,24.0,14.0,10.0,22.0,26.0,18.0,37.0,20.0,24.0,6.0,8.0,41.0,43.0,,31,16.0,22.0,20.0,24,19.0,24.0,24.0,13.0,40.0,20.0,21.0,13.0,45.0,14,34.0,21.0,19.0,32.0,15.0,24.0,27,20,46.0,26.0,17.0,,35.0,0.0,27,23,,41.0,55.0,,24.0,17.0,39.0,10.0,31.0,46.0,27.0,27.0,37.0,35.0,19.0,20.0,18,18.0,16.0,28.0,28.0,2.0,20,16.0,7,34.0,18,18.0,,27.0,0.0,12.0,24.0,32.0,14.0,25.0,25.0,17.0,34.0,18,,56.0,14.0,43.0,20.0,30,22.0,29.0,38.0,43.0,25.0,6.0,,25.0,31.0,23,32,6.0,,29.0,10.0,32.0,16.0,58.0,53.0,10,18.0,,28.0,27.0,45.0,35.0,42.0,6.0,24,22.0,7.0,23.0,30,11,19.0,17.0,33.0,10.0,12.0,11.0,,57.0,,40.0,24.0,41.0,11.0,31.0,33.0,7,36.0,,23.0,,,16,14.0,24.0,21,1.0,27.0,23.0,17.0,53.0,23.0,19.0,36.0,9.0,15.0,47.0,14,27.0,36.0,11.0,31.0,22,15.0,,23.0,14.0,32.0,23.0,19.0,7.0,20.0,10.0,22.0,20.0,57.0,32,19,44.0,21.0,13.0,44.0,15.0,31,26,45.0,25.0,53.0,22.0,22.0,37.0,,,25.0,,,,53.0,9.0,49.0,35,27,14.0,,19.0,10.0,38.0,16,8.0,20.0,44.0,29.0,22.0,39.0,44.0,18.0,40.0,26.0,,19.0,54.0,35.0,52.0,25,44.0,11.0,24,,,,,9.0,30.0,17.0,20.0,,38.0,24.0,13.0,8.0,25.0,,44.0,40.0,17.0,14.0,41.0,27.0,44.0,,18.0,45.0,11.0,52.0,23.0,26.0,,52.0,49.0,48.0,42.0,18.0,40.0,14.0,57.0,48.0,50.0,18.0,26.0,49.0,,12.0,23.0,16.0,19.0,30.0,36.0,17.0,32.0,43.0,,24.0,19.0,33.0,33.0,30.0,,42.0,21,20.0,22.0,25.0,31.0,32.0,11.0,10.0,25.0,14.0,17.0,16.0,24.0,51.0,8.0,33.0,16.0,23.0,21.0,51.0,2.0,17.0,,32.0,9.0,24.0,25.0,22.0,29.0,39.0,9.0,13.0,0.0,21.0,34.0,33.0,27.0,20.0,29.0,56.0,18.0,24.0,0.0,33.0,23.0,,,24,46.0,28.0,17.0,21.0,,,16.0,55.0,48.0,21,24.0,,,53.0,8.0,21.0,37.0,19.0,11.0,35.0,15.0,22.0,34.0,23.0,43.0,13.0,15,,38.0,19.0,49.0,28.0,12.0,17.0,24.0,46.0,,24.0,34.0,39.0,35.0,16.0,36.0,,12.0,19.0,12.0,40.0,29.0,49.0,28.0,30,10,18.0,,22.0,26.0,41.0,49.0,42.0,13.0,31.0,17.0,19.0,22.0,25.0,19.0,,35.0,22.0,12.0,29.0,39.0,9.0,38.0,,,,31.0,35.0,24.0,,,46.0,,34.0,19.0,42.0,,40.0,15.0,37.0,15.0,18.0,40.0,,23.0,23.0,0.0,39.0,22.0,38,23.0,18.0,38.0,,26,36.0,,14.0,42.0,23.0,44.0,7.0,24.0,9,56.0,45.0,43.0,36.0,,12.0,32.0,29,34.0,8.0,18.0,50.0,23,,30.0,,4.0,31.0,19.0,38.0,10.0,20.0,9.0,49.0,28.0,38.0,10.0,22.0,10.0,14.0,,13.0,,25.0,21.0,37.0,,21,20.0,56.0,51.0,14.0,25.0,36.0,,23.0,,,25.0,,23.0,21,13.0,17.0,24.0,16.0,51.0,49.0,,47.0,57.0,10.0,24.0,34.0,15.0,39.0,,43.0,55.0,,32.0,19.0,32.0,40.0,27.0,35.0,,19.0,23.0,30.0,16.0,25.0,32.0,23.0,47.0,13.0,10.0,,24.0,23.0,20.0,29.0,13.0,27.0,21.0,56.0,35.0,21.0,47.0,45.0,31.0,34.0,26.0,0.0,16.0,,38.0,54.0,25.0,36.0,7.0,22.0,7.0,,11.0,50.0,20.0,2.0,12.0,31.0,,22,5.0,,50.0,16.0,23.0,,27.0,33.0,11.0,,,15.0,28.0,10.0,56.0,21.0,28.0,19.0,19.0,53.0,30.0,,20.0,26.0,19.0,27.0,36.0,21.0,25.0,20.0,,20.0,,,37.0,32.0,13.0,16.0,36.0,19.0,46.0,17.0,39.0,39.0,4.0,34.0,,24.0,29.0,37.0,,,38.0,43.0,25.0,32.0,21.0,21.0,14.0,16.0,25.0,13.0,39.0,,46.0,,15.0,0.0,20.0,32.0,15.0,15.0,33.0,28.0,5.0,13.0,18.0,35.0,39.0,,29.0,36.0,,33.0,41.0,40.0,55.0,42.0,35.0,30.0,28.0,36.0,33.0,,33.0,29.0,48.0,28.0,,46.0,58.0,,57.0,,10.0,21.0,16.0,30.0,20.0,24.0,37.0,15.0,42.0,23.0,,54.0,,22.0,23.0,41.0,25.0,27.0,,,21.0,40.0,28.0,46.0,32,,51.0,26.0,35.0,25.0,38.0,16.0,26.0,27.0,17.0,27,,15.0,23.0,44.0,57.0,43.0,35.0,,8,23.0,34.0,,25.0,19.0,53.0,25.0,57.0,29.0,18.0,16.0,16.0,30.0,10.0,43.0,18.0,7.0,,22.0,29.0,55.0,22.0,48.0,25.0,,26.0,42.0,46.0,33.0,15.0,25.0,27.0,12.0,,,,16.0,29.0,32.0,,14.0,24.0,54.0,7.0,21.0,54.0,17.0,,12.0,29.0,47.0,11.0,,10.0,15.0,39.0,33.0,27.0,21.0,,0.0,25.0,16.0,19.0,38.0,,12.0,,28.0,,27.0,18.0,20.0,17.0,,12.0,6.0,14.0,19.0,,14.0,17.0,,11.0,12.0,37.0,2.0,20.0,22.0,25.0,41.0,,,41.0,17.0,8.0,45.0,49.0,14.0,,31.0,10.0,19.0,31.0,39.0,20.0,,,31,17.0,,,40.0,3.0,57.0,,34.0,,,6.0,25.0,25.0,,48.0,45.0,,17.0,26.0,26.0,,44.0,51.0,,48.0,26.0,55.0,19.0,,56.0,26.0,34.0,34.0,48.0,58.0,,,27.0,13.0,,12.0,21.0,17.0,,33.0,21.0,10.0,42.0,53.0,27.0,22.0,23.0,16.0,43.0,50.0,,43.0,54.0,17.0,26.0,,18.0,44.0,24.0,,26.0,21.0,8.0,52.0,8.0,14.0,41.0,14.0,30.0,29.0,54.0,12.0,25.0,30.0,13,,30.0,20,57.0,30.0,33.0,30.0,31.0,13.0,,31.0,55.0,24.0,,31.0,35.0,33.0,33.0,,38.0,,35.0,47.0,20.0,5.0,44.0,18.0,,39.0,36.0,44.0,25.0,42.0,19.0,33.0,26.0,31.0,13.0,44.0,,42.0,42.0,15.0,,0.0,24.0,39.0,27.0,27.0,26.0,23.0,8.0,10.0,,40.0,46.0,39.0,36.0,44.0,,23.0,28.0,25.0,18.0,10.0,41.0,29.0,10.0,,28.0,27.0,41.0,,18.0,58.0,16.0,,41.0,40.0,22.0,39.0,,10.0,19.0,29.0,42.0,24.0,14.0,10.0,16.0,,30.0,48.0,,58.0,32.0,22.0,28.0,,,41.0,44.0,,,51.0,2.0,55.0,55.0,7.0,18.0,39.0,28.0,39.0,48.0,45.0,24.0,43.0,,13.0,,,22.0,26.0,30.0,39.0,,58.0,27.0,39.0,21.0,,30.0,27.0,15.0,12.0,,,,53.0,13.0,10.0,19.0,,,19.0,13.0,0.0,21.0,26.0,,32.0,16.0,,57.0,45.0,12.0,31.0,22.0,24.0,14.0,50.0,58.0,,46.0,,30.0,,18.0,25.0,33.0,25.0,53.0,15.0,,44.0,25.0,17.0,15.0,,,29.0,33.0,17.0,27.0,45.0,25.0,18.0,23.0,27.0,30.0,,,47.0,37.0,13.0,34.0,27.0,21.0,,28.0,26.0,41.0,23.0,37.0,,18.0,25.0,55.0,,29.0,,35.0,,30.0,28.0,8.0,40.0,19.0,,4.0,,35.0,,,,9.0,38.0,,26.0,16.0,13.0,13.0,9.0,26.0,,26.0,36.0,19.0,51.0,,12.0,15.0,13.0,40.0,32.0,52.0,27.0,,31.0,17.0,33.0,5.0,46.0,44.0,,42.0,32.0,29.0,43.0,,13.0,22.0,25.0,21.0,20.0,55.0,14.0,54.0,7.0,24.0,39.0,14.0,38.0,,17.0,11.0,34.0,12.0,34.0,,54.0,,26.0,21.0,,19.0,36.0,,,35.0,25.0,21.0,30.0,21.0,44.0,48.0,36.0,7.0,18.0,39.0,,42.0,43.0,42.0,,,5.0,39.0,47.0,19.0,22.0,,57.0,,25.0,22.0,3.0,43.0,46.0,21.0,46.0,24.0,,30.0,51.0,23.0,,40.0,7.0,26.0,11.0,25.0,41.0,,10.0,,20.0,18.0,,,,37.0,35.0,47.0,24.0,25.0,48.0,21.0,38.0,51.0,53.0,10.0,8.0,0.0,26.0,16.0,22.0,52.0,25.0,7.0,,46.0,,18.0,7.0,20.0,12.0,,49.0,,13.0,,37.0,12.0,53.0,39.0,,8.0,54.0,21.0,17.0,5.0,,54.0,41.0,28.0,6.0,43.0,31.0,47.0,38.0,9.0,43.0,29.0,19.0,,31.0,53.0,22.0,,,25.0,49.0,44.0,43.0,,39.0,29.0,,,15.0,,52.0,,,19.0,33.0,46.0,18.0,53.0,,,,49.0,29.0,12.0,10.0,25.0,50.0,,,11.0,20.0,25.0,38.0,,18.0,,31.0,41.0,28.0,25.0,,29.0,,9.0,40.0,22.0,8.0,41.0,11.0,21.0,38.0,17.0,,,22.0,,31.0,,,26.0,,14.0,21.0,,23.0,33.0,28.0,11.0,,12.0,20.0,6.0,25.0,41.0,54.0,37.0,24.0,57.0,,,19.0,15.0,25.0,,44.0,35.0,,24.0,14.0,32.0,27.0,,23.0,43.0,,24.0,,,23.0,,21.0,18.0,,20.0,0.0,4.0,19.0,28.0,38.0,37.0,29.0,52.0,31.0,16.0,,,33.0,14.0,19.0,27.0,12.0,9.0,41.0,48.0,48.0,34.0,,42.0,,36.0,,,26.0,39.0,28.0,38.0,0.0,,,18.0,58.0,28.0,21.0,53.0,14.0,27.0,0.0,15.0,19.0,,21.0,57.0,34.0,33.0,54.0,,10.0,19.0,38.0,24.0,,,39.0,,10.0,16.0,,37.0,17.0,43.0,,26.0,24.0,47.0,27.0,31.0,37.0,,24.0,40.0,,32.0,,30.0,13.0,21.0,14.0,,40.0,43.0,7.0,49.0,20.0,44.0,33.0,52.0,14.0,53.0,42.0,,,28.0,,,49.0,,5.0,42.0,,49.0,26.0,27.0,0.0,32.0,38.0,15.0,27.0,43.0,58.0,,44.0,10.0,21.0,23.0,24.0,16.0,45.0,,17.0,48.0,22.0,15.0,46.0,12.0,,,,18.0,,40.0,0.0,,9.0,29.0,,,35.0,,56.0,13.0,32.0,21.0,25.0,,20.0,43.0,29.0,25.0,49.0,26.0,20.0,24.0,,8.0,42.0,,23.0,,33.0,,11.0,46.0,24.0,32.0,,,19.0,22.0,22.0,35.0,49.0,,,15.0,21.0,16.0,,13.0,32.0,,,27.0,36.0,51.0,,,,55.0,25.0,41.0,42.0,,44.0,36.0,19.0,27.0,43.0,18.0,42.0,,13.0,19.0,40.0,,47.0,18.0,11.0,49.0,54.0,,14.0,30.0,32.0,36.0,58.0,16.0,21.0,27.0,,21.0,46.0,24.0,29.0,30.0,,56.0,51.0,,33.0,,13.0,,34.0,16.0,42.0,29.0,39.0,,49.0,0.0,16.0,36.0,,19.0,34.0,30.0,36.0,,35.0,,30.0,37.0,41.0,,8.0,,9.0,20.0,23.0,17.0,39.0,,36.0,18.0,,,,,41.0,15.0,25.0,23.0,31.0,33.0,58.0,16.0,53.0,,39.0,29.0,,,49.0,27.0,47.0,49.0,49.0,24.0,0.0,42.0,25.0,,26.0,15.0,21.0,7.0,22.0,37.0,16.0,,21.0,28.0,26.0,43.0,53.0,35.0,37.0,46.0,13.0,21.0,37.0,29.0,31.0,,41.0,21.0,12.0,37.0,,35.0,46.0,33.0,12.0,20.0,27.0,51.0,31.0,33.0,38.0,41.0,10.0,26.0,20.0,31.0,24.0,,12.0,23.0,32.0,47.0,46.0,36.0,40.0,24.0,19.0,19.0,47.0,,32.0,29.0,27.0,28.0,7.0,58.0,,27.0,51.0,,19.0,45.0,22.0,47.0,,27.0,28.0,,28.0,45.0,32.0,26.0,41.0,15.0,26.0,22.0,11.0,44.0,28.0,48.0,,,14.0,,36.0,,19.0,14.0,13.0,17.0,35.0,,28.0,51.0,,5.0,40.0,44.0,16.0,25.0,21.0,35.0,29.0,,36.0,22.0,42.0,49.0,37.0,23.0,43.0,20.0,13.0,26.0,,20.0,47.0,,,17.0,46.0,15.0,,21.0,,30.0,37.0,26.0,47.0,35.0,,,23.0,8.0,29.0,20.0,20.0,35.0,,,42.0,57.0,11.0,,,55.0,23.0,25.0,21.0,22.0,58.0,,44.0,23.0,,,56.0,38.0,30.0,8.0,40.0,58.0,15.0,22.0,31.0,,,43.0,39.0,21.0,48.0,10.0,26.0,22.0,,,32.0,18.0,32.0,,26.0,45.0,38.0,16.0,,9.0,44.0,36.0,44.0,,15.0,28.0,39.0,43.0,56.0,32.0,30.0,,21.0,11.0,,20.0,,,25.0,31.0,47.0,23.0,,50.0,43.0,,,42.0,25.0,50.0,21.0,49.0,35.0,5.0,,11.0,,41.0,47.0,55.0,18.0,,57.0,50.0,18.0,,30.0,53.0,32.0,48.0,22.0,,41.0,18.0,43.0,24.0,25.0,,,23.0,47.0,26.0,37.0,32.0,55.0,,9.0,52.0,43.0,,43.0,6.0,24.0,,33.0,,41.0,,42.0,45.0,25.0,32.0,,29.0,34.0,36.0,,,33.0,40.0,160,3,2.518105849582173,17.624391640423706,-0.34423062681798666
2,3,6,4,5,3,5,4,11,6,8,11,9,0,5,8,4,4,10,16,8,16,9,10,10,11,6,6,9,8,12,11,7,3,10,5,21,12,16,9,17,17.0,14,19,5,12,8,4,4,0,5,15,14,8,40,6,7,8,7,9,9,5,7,9,13.0,12,13,9,6,12,19,15,5,10,1,15,8,12,10,5,28,10,0,0,9,17,7,11,22,14,9,10,21,15,14,17,13,5,12,18,19,15,8,8,15,17,14,15,9,8,10,14.0,17,16,11.0,24,16,16,15,14,13,16,11,18,15,9,17,10.0,20,8,15,17,4.0,16,16,18.0,7,23,33,10,16,11,16,15,17.0,22.0,15,20.0,18,16,9,9,20.0,6,15,11,20,42.0,18,8,59,16,12,10,12,13.0,15,15,12,24,11,20.0,16,24,13,20,11,26.0,15,27.0,18,6,10,16,21,49.0,10.0,9,27,12.0,14.0,7,9,16,19,26,8,13,12.0,18,35,0.0,17,11,28,26,16.0,33,15,6,8,14.0,24,19,14,20,12,3,16,34.0,11.0,11,6,19,44.0,18,12,15,39.0,14,8.0,29.0,16,16,59.0,11,11,17,25.0,,30,16,14,17,12,10.0,18,7,20,16,13,19,17.0,39.0,12,,,52.0,19.0,19,30.0,21,18,20,,32.0,19.0,34.0,,11,20.0,16.0,50.0,5,21,6.0,13,22,17,33.0,14.0,14.0,22,,14,12,11.0,12.0,5,19.0,10.0,15,18,6.0,12,23.0,5.0,13.0,20,18,8.0,16,15,17,8,15,20,17,12,1,17,3,10,8.0,17.0,57,15,12,24.0,37.0,17,22,9,,7,28.0,31,13,21,10,8,14.0,11,57.0,20,23,12.0,23,22,16,8.0,22.0,4,32.0,,43.0,24.0,11.0,14,32.0,14,12,16,18.0,10,,21.0,15,18.0,13.0,45.0,15,29.0,11,29,11,23,22,7,25,15.0,15,20.0,13,8,23,18.0,12,12.0,18,54.0,15,40.0,16,18,23.0,21,18.0,9,42.0,13.0,10,15,55.0,21.0,7.0,10.0,12.0,21,28.0,16.0,17,,5,6,22.0,31.0,12,24.0,31,23.0,,18,18,24,31.0,29,0.0,50.0,36,31.0,7,,30,24,17,9.0,20.0,32,13,20,,25.0,20,17,31.0,10,14.0,26.0,7.0,21.0,,38.0,18.0,,20.0,13.0,21,17,13.0,33.0,3.0,58.0,41.0,22.0,24.0,23.0,5,18,15.0,,10,26.0,17.0,0.0,30.0,18.0,23.0,17,16,42.0,48.0,33.0,15.0,49,21.0,17.0,17.0,8,19,14,29.0,55.0,24.0,18.0,11,14,19.0,12.0,14,37.0,20.0,17,,29.0,10.0,14,12.0,27,20.0,44.0,20.0,9,38.0,10,12.0,22,7,60.0,21.0,14.0,57.0,7,30,33,19.0,13,15.0,10,11,10.0,21,18,14.0,25.0,4,18,30.0,9.0,46.0,19.0,20.0,11.0,17,23.0,18,20,,21.0,22.0,11.0,23.0,3.0,17,10,35.0,,16.0,26.0,11.0,13.0,14,46.0,20,22.0,14.0,41.0,,8,10.0,14,22.0,42.0,17.0,28,24.0,20.0,,16,34,2.0,35.0,21.0,27.0,,27.0,,40.0,6.0,23.0,20.0,33.0,31,29,,24.0,,27,8,12,28,24.0,,21,31,6.0,15.0,9,32.0,17.0,8.0,11,12.0,3.0,60.0,11,27.0,7.0,17.0,45.0,32.0,19.0,28,17.0,12,12.0,13,22,12,48.0,20.0,9.0,40.0,40.0,28.0,23.0,12.0,34.0,43.0,19.0,16,15.0,11.0,24,31.0,15.0,12.0,21.0,15,30.0,57.0,16.0,24,24,16.0,8,16.0,11.0,12.0,30.0,20,29.0,26,33,23.0,20,34.0,4,24.0,28.0,30.0,28,32,48.0,28.0,23,17.0,29,14.0,19,43.0,40.0,13.0,34.0,47.0,16.0,16,13.0,13.0,13.0,14.0,39.0,21.0,11.0,19,16,19.0,21,21,9,36.0,,37.0,59.0,,31.0,22,21.0,23.0,20.0,33,,38.0,14.0,52.0,,19,,34.0,25.0,48.0,26.0,13.0,16.0,29,,29.0,11.0,,,9.0,36.0,11,33.0,18.0,20.0,5.0,11,8,10.0,26.0,16,,34.0,19.0,13,58.0,40.0,19.0,19.0,19,26.0,49.0,13.0,16.0,10.0,21.0,34.0,,20.0,12,31,26.0,26.0,,16.0,31.0,17.0,17.0,19.0,60.0,22.0,19,0,37.0,21,28.0,24.0,57.0,18.0,23,13,33.0,14.0,22.0,13.0,27.0,15.0,42.0,38.0,35.0,2,22.0,25.0,21.0,30.0,25.0,1.0,35,23.0,23.0,14.0,16,50.0,23.0,29.0,26.0,18.0,27.0,22,15.0,29,32.0,31.0,29.0,31.0,60.0,27.0,14.0,13.0,24.0,27.0,39.0,23.0,25.0,9.0,18.0,8.0,,14.0,46.0,52.0,31.0,13,20.0,25.0,16,,56.0,17,19.0,17.0,25.0,28,36,18,34.0,12.0,47.0,51.0,21.0,18.0,9.0,20.0,,15,15.0,25,26.0,33,37,1.0,22,,14.0,10.0,41.0,19,16.0,13.0,14.0,19.0,47.0,25.0,12,34.0,20,17.0,15.0,52.0,10,35.0,16,11,28.0,52.0,19.0,20,18.0,36.0,26,50.0,19.0,18.0,24.0,38.0,19.0,31.0,44.0,17,30.0,36.0,52.0,9.0,27.0,19.0,27.0,12.0,24,21.0,15,17.0,27.0,42.0,29.0,21,17,16.0,33.0,40.0,44.0,40.0,13.0,58.0,31.0,18.0,36,23.0,10.0,23,24,16.0,23.0,16,25.0,5.0,6,9.0,29,23,8,20.0,25.0,22.0,11.0,31.0,36.0,,35.0,34.0,39.0,39.0,49.0,32.0,31.0,20.0,,15.0,31.0,8.0,29.0,33.0,27.0,,44.0,,17.0,59.0,,11.0,30.0,10.0,14.0,18.0,52.0,60.0,,35.0,20.0,38.0,17.0,27.0,8.0,,14.0,5.0,13.0,38.0,50.0,30,18.0,14.0,41.0,23,10.0,51.0,37.0,18.0,5.0,28.0,11.0,29.0,60.0,50.0,37.0,33.0,1.0,27.0,20.0,34.0,35.0,22.0,27.0,16.0,24.0,30.0,,22.0,28.0,28.0,,,20,9.0,29.0,21.0,20,18.0,20.0,45.0,41.0,,9.0,30.0,19.0,47.0,16,22.0,0.0,15.0,24.0,17.0,50.0,11,16,22.0,6.0,16.0,8.0,19.0,44.0,21,20,23.0,28.0,28.0,16.0,,21.0,26.0,24.0,25.0,50.0,17.0,15.0,14.0,35.0,42.0,22.0,17,24.0,,28.0,16.0,10.0,28,,10,,23,29.0,42.0,11.0,53.0,30.0,28.0,26.0,41.0,33.0,2.0,25.0,50.0,20,15.0,,37.0,0.0,,15,,10.0,17.0,19.0,41.0,18.0,,30.0,31.0,41,18,32.0,39.0,,32.0,23.0,18.0,8.0,22.0,16,,17.0,46.0,10.0,58.0,16.0,20.0,7.0,16,19.0,15.0,47.0,27,10,,22.0,59.0,29.0,47.0,,,53.0,52.0,29.0,18.0,22.0,18.0,35.0,18.0,19,,20.0,14.0,33.0,12.0,14,11.0,11.0,21,28.0,22.0,22.0,0.0,37.0,19.0,13.0,18.0,23.0,43.0,18.0,14,24.0,26.0,6.0,8.0,21,18.0,37.0,60.0,19.0,18.0,,23.0,13.0,16.0,25.0,23.0,34.0,20.0,30,23,,27.0,32.0,54.0,23.0,35,20,35.0,,,16.0,20.0,46.0,25.0,22.0,22.0,35.0,40.0,31.0,27.0,17.0,22.0,52,16,18.0,11.0,13.0,40.0,28.0,29,34.0,19.0,22.0,44.0,,34.0,19.0,29.0,15.0,8.0,16.0,22.0,50.0,15.0,,26,17.0,23.0,26,28.0,14.0,27.0,12.0,14.0,,14.0,18.0,50.0,22.0,,52.0,29.0,32.0,46.0,10.0,,,19.0,,18.0,,18.0,9.0,50.0,30.0,26.0,21.0,42.0,51.0,28.0,16.0,42.0,24.0,23.0,32.0,56.0,47.0,,29.0,,14.0,42.0,30.0,44.0,21.0,,42.0,,11.0,27.0,12.0,,0.0,12.0,27.0,0.0,7.0,13.0,26.0,30.0,25,45.0,38.0,24.0,23.0,20.0,33.0,18.0,9.0,24.0,25.0,7.0,41.0,,17.0,17.0,14.0,,38.0,30.0,15.0,13.0,10.0,12.0,22.0,12.0,41.0,53.0,,33.0,,14.0,9.0,59.0,0.0,30.0,31.0,30.0,27.0,,60.0,34.0,48.0,25.0,0.0,19.0,46.0,27,18.0,30.0,23.0,30.0,,29.0,6.0,37.0,54.0,49,19.0,18.0,,33.0,38.0,27.0,31.0,56.0,20.0,54.0,23.0,15.0,52.0,23.0,48.0,,47,48.0,34.0,42.0,28.0,49.0,44.0,36.0,,24.0,29.0,27.0,31.0,9.0,,23.0,55.0,21.0,,24.0,44.0,38.0,,26.0,27.0,16,23,11.0,45.0,19.0,11.0,,21.0,48.0,53.0,,,56.0,28.0,16.0,,38.0,54.0,57.0,24.0,7.0,51.0,24.0,37.0,28.0,14.0,36.0,,31.0,,44.0,47.0,,10.0,7.0,1.0,,24.0,26.0,53.0,11.0,8.0,12.0,30.0,35.0,14.0,14.0,33.0,,14.0,20,29.0,19.0,19.0,13.0,10,30.0,16.0,0.0,50.0,19.0,,10.0,30.0,14,22.0,8.0,19.0,,38.0,22.0,21.0,28,36.0,49.0,40.0,,12,54.0,9.0,8.0,29.0,48.0,7.0,16.0,7.0,6.0,17.0,8.0,,26.0,11.0,,9.0,35.0,,,,18.0,34.0,,,16,26.0,31.0,22.0,21.0,20.0,32.0,6.0,18.0,43.0,48.0,35.0,29.0,32.0,14,18.0,,24.0,50.0,43.0,50.0,30.0,54.0,24.0,17.0,24.0,22.0,34.0,0.0,,26.0,29.0,52.0,12.0,46.0,,24.0,22.0,50.0,15.0,12.0,23.0,40.0,48.0,25.0,21.0,41.0,45.0,51.0,,46.0,35.0,44.0,,44.0,18.0,50.0,23.0,38.0,17.0,29.0,52.0,57.0,47.0,,34.0,5.0,11.0,36.0,38.0,48.0,31.0,,56.0,13.0,20.0,58.0,11.0,,30.0,18.0,22.0,36.0,35.0,24,1.0,57.0,6.0,20.0,11.0,36.0,,53.0,35.0,,36.0,10.0,54.0,0.0,40.0,41.0,39.0,14.0,0.0,19.0,59.0,43.0,20.0,59.0,15.0,29.0,7.0,39.0,20.0,11.0,31.0,28.0,,,9.0,31.0,11.0,29.0,47.0,45.0,24.0,17.0,,48.0,,37.0,16.0,45.0,40.0,,32.0,,,26.0,,27.0,24.0,54.0,19.0,13.0,14.0,23.0,,,22.0,9.0,18.0,17.0,24.0,,13.0,,23.0,1.0,23.0,14.0,,11.0,43.0,25.0,30.0,22.0,33.0,19.0,,43.0,31.0,10.0,27.0,,14.0,46.0,,39.0,20.0,13.0,10.0,,34.0,20.0,34.0,,34.0,31.0,,8.0,19.0,12.0,35.0,30.0,19.0,23.0,43.0,21.0,6.0,24.0,50.0,24.0,23.0,26.0,26.0,,,55.0,32.0,,,51.0,14,26.0,,,13.0,44.0,15.0,23.0,,16.0,17.0,22,33.0,47.0,6.0,30.0,32.0,32.0,28.0,34.0,40,32.0,,,41.0,15.0,52.0,,23.0,20.0,57.0,27.0,18.0,34.0,41.0,27.0,36.0,41.0,30.0,30.0,18.0,54.0,32.0,45.0,57.0,,25.0,39.0,57.0,16.0,,22.0,39.0,,27.0,8.0,29.0,22.0,18.0,29.0,31.0,11.0,29.0,12.0,,18.0,26.0,28.0,11.0,10.0,10.0,57.0,32.0,49.0,32.0,30.0,43.0,20.0,36.0,12.0,,23.0,37.0,,7.0,,,27.0,28.0,11.0,,37.0,18.0,,46.0,42.0,13.0,14.0,23.0,,48.0,,33.0,,11.0,,29.0,,14.0,,,31.0,40.0,14.0,30.0,22.0,,30.0,37.0,9.0,4.0,22.0,10.0,29.0,30.0,,10.0,21.0,10.0,24,,24.0,39.0,43.0,,29.0,49.0,,25.0,54.0,37.0,57.0,52.0,22.0,12.0,3.0,16.0,35.0,33.0,47.0,14.0,12.0,,17.0,,19.0,53.0,30.0,17.0,,28.0,34.0,14.0,11.0,25.0,36.0,,22.0,51.0,22.0,38.0,19.0,9.0,44.0,30.0,,26.0,15.0,34.0,35.0,23.0,53.0,20.0,21.0,16.0,19.0,10.0,53.0,17.0,12.0,39.0,42.0,32.0,,,,0.0,,11.0,9.0,39.0,,22.0,60.0,,34.0,44.0,11.0,37.0,21,,11.0,18,19.0,25.0,,31.0,52.0,22.0,39.0,28.0,42.0,29.0,49.0,17.0,26.0,31.0,30.0,49.0,,43.0,40.0,41.0,25.0,19.0,31.0,19.0,,22.0,36.0,,21.0,41.0,13.0,21.0,19.0,15.0,,41.0,,32.0,28.0,,,42.0,37.0,49.0,57.0,20.0,49.0,33.0,12.0,,,,15.0,,20.0,21.0,15.0,44.0,30.0,4.0,28.0,34.0,19.0,,56.0,,10.0,3.0,,21.0,19.0,,34.0,,21.0,,19.0,24.0,29.0,48.0,16.0,5.0,,46.0,33.0,17.0,50.0,39.0,39.0,,19.0,48.0,38.0,24.0,13.0,41.0,24.0,50.0,17.0,53.0,19.0,,22.0,40.0,19.0,23.0,33.0,11.0,37.0,15.0,19.0,26.0,39.0,22.0,,16.0,25.0,47.0,11.0,38.0,27.0,32.0,44.0,18.0,59.0,19.0,,14.0,38.0,,28.0,14.0,23.0,,25.0,29.0,0.0,12.0,28.0,,59.0,16.0,47.0,11.0,26.0,20.0,,44.0,46.0,21.0,,,20.0,38.0,19.0,7.0,52.0,,41.0,13.0,,,,16.0,49.0,,49.0,7.0,23.0,20.0,20.0,28.0,21.0,17.0,17.0,,,20.0,,30.0,30.0,40.0,,56.0,,13.0,14.0,,,28.0,16.0,22.0,19.0,9.0,30.0,42.0,10.0,23.0,50.0,27.0,36.0,28.0,29.0,11.0,39.0,25.0,,36.0,15.0,,21.0,34.0,6.0,59.0,33.0,60.0,44.0,41.0,33.0,34.0,,42.0,19.0,34.0,31.0,38.0,17.0,,14.0,60.0,28.0,10.0,26.0,20.0,11.0,19.0,,,13.0,12.0,33.0,25.0,45.0,,,31.0,38.0,6.0,18.0,28.0,19.0,,39.0,24.0,20.0,46.0,,24.0,22.0,22.0,24.0,52.0,11.0,13.0,,12.0,8.0,14.0,,34.0,11.0,54.0,54.0,24.0,21.0,27.0,31.0,53.0,,28.0,13.0,,32.0,56.0,38.0,33.0,21.0,49.0,14.0,29.0,36.0,,35.0,,20.0,29.0,45.0,27.0,39.0,22.0,,49.0,11.0,19.0,12.0,29.0,24.0,48.0,22.0,29.0,23.0,43.0,17.0,36.0,18.0,32.0,15.0,,12.0,59.0,39.0,12.0,46.0,40.0,46.0,55.0,17.0,,,31.0,10.0,,,,,28.0,,20.0,21.0,,25.0,14.0,24.0,36.0,41.0,31.0,30.0,7.0,26.0,16.0,48.0,,51.0,28.0,,26.0,17.0,11.0,,29.0,28.0,14.0,27.0,26.0,20.0,10.0,39.0,57.0,33.0,33.0,32.0,,12.0,24.0,9.0,2.0,50.0,,21.0,37.0,16.0,37.0,,,28.0,,21.0,26.0,54.0,51.0,34.0,33.0,34.0,42.0,31.0,48.0,,41.0,,57.0,13.0,12.0,19.0,17.0,,53.0,24.0,7.0,31.0,49.0,,25.0,42.0,49.0,29.0,41.0,,30.0,52.0,,31.0,38.0,11.0,,51.0,24.0,,19.0,29.0,24.0,35.0,35.0,34.0,,60.0,33.0,,0.0,55.0,18.0,57.0,22.0,25.0,,41.0,8.0,24.0,,10.0,,29.0,11.0,27.0,1.0,58.0,20.0,47.0,,21.0,18.0,40.0,2.0,34.0,26.0,52.0,41.0,10.0,,50.0,,24.0,7.0,,24.0,13.0,36.0,45.0,40.0,20.0,,,45.0,35.0,60.0,11.0,27.0,,46.0,47.0,,47.0,13.0,,19.0,24.0,,59.0,57.0,,37.0,9.0,49.0,37.0,0.0,35.0,49.0,,30.0,,13.0,23.0,24.0,3.0,,,,,,13.0,,14.0,38.0,48.0,50.0,42.0,44.0,53.0,,30.0,23.0,3.0,36.0,34.0,32.0,31.0,27.0,26.0,38.0,,,,7.0,31.0,12.0,,,17.0,,,37.0,33.0,,25.0,,38.0,,28.0,24.0,,21.0,30.0,43.0,21.0,,41.0,43.0,52.0,19.0,25.0,9.0,36.0,,39.0,,19.0,49.0,33.0,,15.0,,58.0,,,17.0,,,33.0,35.0,12.0,24.0,25.0,7.0,,26.0,,43.0,56.0,58.0,42.0,9.0,21.0,16.0,,39.0,18.0,21.0,,36.0,51.0,22.0,26.0,38.0,36.0,32.0,22.0,,19.0,33.0,19.0,16.0,12.0,,,31.0,11.0,,35.0,22.0,36.0,12.0,27.0,,15.0,44.0,22.0,51.0,52.0,8.0,38.0,59.0,,,54.0,,43.0,20.0,,,10.0,43.0,,,,44.0,0.0,36.0,45.0,55.0,54.0,,,,,,53.0,45.0,45.0,39.0,40.0,46.0,18.0,19.0,21.0,22.0,,,10.0,,37.0,16.0,,,21.0,54.0,16.0,41.0,11.0,31.0,13.0,,,46.0,32.0,13.0,50.0,,29.0,20.0,39.0,21.0,9.0,42.0,46.0,51.0,27.0,37.0,27.0,19.0,24.0,9.0,28.0,,,42.0,15.0,52.0,35.0,30.0,59.0,18.0,39.0,29.0,,14.0,45.0,11.0,31.0,27.0,,11.0,19.0,,19.0,56.0,,25.0,,36.0,47.0,6.0,28.0,23.0,20.0,45.0,21.0,11.0,17.0,4.0,42.0,,53.0,60.0,43.0,51.0,45.0,23.0,15.0,46.0,,56.0,20.0,,32.0,18.0,26.0,,53.0,23.0,30.0,40.0,9.0,40.0,37.0,,51.0,15.0,38.0,20.0,25.0,11.0,30.0,26.0,13.0,42.0,,30.0,0.0,37.0,37.0,15.0,27.0,,,,,,9.0,42.0,48.0,60.0,18.0,40.0,,19.0,,26.0,42.0,52.0,20.0,39.0,5.0,22.0,41.0,,41.0,47.0,18.0,13.0,51.0,25.0,32.0,10.0,,,20.0,49.0,14.0,34.0,15.0,,55.0,26.0,41.0,,,28.0,28.0,42.0,18.0,,,27.0,36.0,,20.0,16.0,12.0,19.0,,,29.0,58.0,6.0,30.0,,27.0,60.0,31.0,,32.0,,57.0,59.0,26.0,21.0,,23.0,18.0,56.0,17.0,0.0,,44.0,57.0,0.0,16.0,51.0,17.0,,18.0,47.0,26.0,18.0,41.0,,17.0,52.0,,51.0,52.0,9.0,,,21.0,,,54.0,,26.0,37.0,,15.0,25.0,16.0,,,7.0,38.0,18.0,27.0,,44.0,11.0,,22.0,33.0,18.0,37.0,38.0,27.0,42.0,50.0,,33.0,16.0,26.0,45.0,,,32.0,58.0,24.0,51.0,42.0,23.0,,46.0,,33.0,,39.0,15.0,,18.0,54.0,25.0,53.0,,9.0,29.0,13.0,29.0,,50.0,49.0,48.0,,22.0,6.0,,45.0,26.0,,48.0,19.0,,46.0,22.0,29.0,60.0,,33.0,14.0,,37.0,25.0,19.0,44.0,13.0,34.0,,21.0,,47.0,30.0,10.0,23.0,29.0,,60.0,,49.0,16.0,12.0,43.0,37.0,16.0,,33.0,38.0,17.0,,28.0,19.0,57.0,,49.0,18.0,59.0,19.0,,14.0,,,,0.0,43.0,24.0,35.0,47.0,46.0,26.0,32.0,,49.0,29.0,22.0,,52.0,24.0,46.0,38.0,,,40.0,,15.0,13.0,27.0,45.0,0.0,51.0,,22.0,,28.0,56.0,13.0,,26.0,55.0,19.0,44.0,29.0,,28.0,,13.0,,43.0,7.0,42.0,17.0,43.0,,35.0,40.0,,20.0,0.0,47.0,46.0,36.0,59.0,55.0,,29.0,50.0,33.0,,15.0,43.0,22.0,161,3,2.506224066390041,17.95853450724226,-0.34851926409080575
2,3,5,4,6,5,4,7,8,5,6,10,7,3,8,6,4,14,42,12,6,4,7,8,4,9,7,7,9,7,9,11,8,9,13,13,11,12,10,11,19,17.0,11,10,5,10,15,9,8,14,10,6,10,7,11,14,12,11,7,9,10,11,15,10,9.0,10,20,3,5,9,14,14,20,12,6,6,11,16,9,9,16,17,12,10,20,9,9,8,12,8,16,10,6,15,7,14,18,16,12,13,28,4,14,11,13,27,12,17,12,9,26,39.0,18,21,31.0,9,17,16,11,17,15,10,0,11,7,12,9,11.0,11,13,14,17,8.0,0,11,43.0,19,0,3,8,8,16,16,15,19.0,21.0,15,10.0,10,16,20,10,22.0,8,16,17,21,10.0,13,14,21,26,15,10,17,17.0,15,24,31,21,18,44.0,12,11,16,40,11,35.0,13,28.0,21,18,13,13,25,5.0,21.0,5,19,15.0,15.0,8,12,13,11,38,7,10,17.0,28,14,40.0,14,17,19,10,16.0,5,13,36,20,9.0,17,23,15,14,11,16,7,53.0,18.0,19,11,0,22.0,18,12,13,16.0,13,41.0,35.0,26,23,18.0,25,12,25,13.0,54.0,23,11,14,20,34,20.0,16,19,14,12,11,13,10.0,13.0,14,3.0,37.0,33.0,31.0,11,19.0,21,27,13,,7.0,6.0,10.0,34.0,30,28.0,15.0,19.0,10,25,14.0,14,41,24,36.0,27.0,14.0,8,30.0,31,19,6.0,,15,28.0,55.0,8,10,9.0,11,10.0,21.0,16.0,22,0,11.0,12,17,4,27,15,27,17,15,11,23,1,23,25.0,16.0,29,13,18,16.0,27.0,8,31,8,34.0,17,21.0,28,7,22,3,11,17.0,9,21.0,11,35,12.0,13,14,20,,,4,40.0,39.0,41.0,11.0,24.0,25,27.0,22,31,16,32.0,10,39.0,10.0,20,,21.0,56.0,15,22.0,22,23,14,6,20,29,20,14.0,18,24.0,19,6,9,20.0,16,7.0,27,,5,26.0,27,25,10.0,15,18.0,13,11.0,19.0,19,55,25.0,32.0,10.0,28.0,17.0,21,20.0,18.0,19,,11,23,12.0,,45,16.0,6,15.0,32.0,28,17,27,,21,37.0,36.0,15,35.0,21,12.0,20,17,15,19.0,16.0,22,4,29,46.0,31.0,15,20,10.0,32,22.0,16.0,21.0,21.0,14.0,,17.0,34.0,11.0,0.0,14,8,28.0,27.0,11.0,26.0,35.0,23.0,27.0,19.0,28,16,26.0,11.0,15,22.0,15.0,,20.0,19.0,6.0,25,25,,27.0,16.0,24.0,20,,38.0,1.0,54,6,10,18.0,0.0,12.0,17.0,28,34,20.0,33.0,10,12.0,27.0,14,50.0,21.0,37.0,24,12.0,20,18.0,42.0,16.0,4,33.0,33,,18,20,28.0,24.0,30.0,25.0,9,14,0,,25,28.0,18,27,10.0,13,13,15.0,11.0,21,23,26.0,26.0,,30.0,39.0,11.0,12,33.0,19,15,47.0,21.0,25.0,27.0,26.0,43.0,20,18,39.0,43.0,20.0,10.0,9.0,31.0,21,28.0,20,,,11.0,7.0,19,17.0,18,37.0,49.0,14.0,35,26.0,41.0,0.0,25,13,25.0,43.0,18.0,,,21.0,22.0,23.0,32.0,20.0,17.0,17.0,21,32,,,32.0,16,14,28,17,57.0,38.0,19,19,20.0,53.0,17,26.0,12.0,29.0,20,13.0,44.0,26.0,14,20.0,26.0,36.0,,6.0,13.0,21,27.0,18,9.0,22,20,15,19.0,38.0,13.0,41.0,17.0,34.0,35.0,,14.0,18.0,9.0,22,18.0,14.0,33,5.0,,11.0,26.0,15,11.0,,40.0,26,20,33.0,24,36.0,14.0,12.0,,20,18.0,26,6,32.0,40,,15,4.0,,29.0,8,15,14.0,18.0,26,,22,9.0,21,,24.0,27.0,42.0,34.0,17.0,17,39.0,,21.0,9.0,,39.0,,21,13,36.0,19,19,17,25.0,48.0,18.0,39.0,19.0,,9,44.0,31.0,29.0,27,9.0,,14.0,,31.0,24,26.0,48.0,34.0,0.0,31.0,21.0,44.0,10,41.0,58.0,44.0,35.0,14.0,23.0,32.0,27,10.0,44.0,,19.0,21,8,8.0,41.0,10,,8.0,12.0,14,9.0,45.0,20.0,14.0,21,18.0,,18.0,10.0,42.0,19.0,28.0,19.0,36.0,12,20,57.0,22.0,12.0,17.0,25.0,12.0,42.0,,,20.0,26,24,27.0,40,34.0,32.0,22.0,50.0,23,18,25.0,31.0,14.0,34.0,17.0,13.0,,22.0,11.0,25,26.0,9.0,,36.0,40.0,6.0,11,7.0,27.0,21.0,18,33.0,13.0,15.0,26.0,22.0,11.0,27,35.0,35,19.0,56.0,8.0,41.0,,26.0,37.0,56.0,22.0,37.0,37.0,52.0,30.0,,24.0,21.0,18.0,21.0,29.0,9.0,14.0,30,11.0,43.0,16,21.0,52.0,19,,17.0,52.0,13,8,22,6.0,12.0,,14.0,7.0,18.0,25.0,37.0,35.0,22,27.0,15,16.0,11,20,29.0,17,,,4.0,21.0,10,21.0,19.0,40.0,52.0,50.0,18.0,9,53.0,12,58.0,25.0,8.0,16,23.0,45,12,34.0,9.0,32.0,22,18.0,,11,31.0,6.0,,37.0,45.0,53.0,49.0,,12,35.0,50.0,21.0,16.0,,35.0,14.0,23.0,14,29.0,4,13.0,35.0,32.0,24.0,16,24,17.0,13.0,11.0,26.0,6.0,17.0,16.0,36.0,57.0,3,21.0,35.0,34,24,32.0,,16,,41.0,15,13.0,0,20,3,13.0,36.0,,9.0,33.0,50.0,19.0,55.0,42.0,,18.0,19.0,12.0,21.0,21.0,57.0,35.0,28.0,11.0,22.0,,19.0,8.0,18.0,21.0,34.0,,50.0,9.0,27.0,0.0,23.0,21.0,36.0,9.0,34.0,52.0,15.0,,23.0,27.0,33.0,18.0,27.0,,34.0,36.0,24.0,37,17.0,29.0,0.0,36,31.0,,20.0,19.0,43.0,40.0,25.0,12.0,27.0,29.0,26.0,39.0,47.0,24.0,48.0,37.0,22.0,20.0,26.0,37.0,27.0,,27.0,16.0,36.0,34.0,20.0,,23,39.0,29.0,14.0,23,30.0,23.0,11.0,13.0,27.0,39.0,32.0,54.0,,39,21.0,41.0,22.0,33.0,46.0,32.0,20,46,18.0,13.0,55.0,35.0,14.0,13.0,22,20,25.0,53.0,,47.0,24.0,38.0,,49.0,56.0,,16.0,,21.0,18.0,25.0,21.0,21,17.0,22.0,3.0,16.0,24.0,12,13.0,23,,20,36.0,42.0,23.0,,49.0,25.0,15.0,16.0,,44.0,,23.0,9,11.0,50.0,42.0,31.0,58.0,22,24.0,15.0,30.0,18.0,10.0,,35.0,32.0,22.0,29,19,,44.0,46.0,,10.0,13.0,47.0,30.0,34,,54.0,15.0,23.0,24.0,11.0,17.0,18.0,28,53.0,28.0,23.0,25,19,41.0,23.0,20.0,40.0,23.0,11.0,5.0,30.0,,11.0,16.0,29.0,14.0,46.0,51.0,27,35.0,32.0,14.0,21.0,,15,,35.0,32,,22.0,10.0,,,56.0,16.0,52.0,36.0,38.0,42.0,31,,41.0,9.0,20.0,26,29.0,51.0,22.0,17.0,,,28.0,17.0,15.0,26.0,45.0,34.0,8.0,22,25,44.0,36.0,39.0,18.0,,13,22,12.0,33.0,27.0,11.0,40.0,23.0,13.0,45.0,26.0,10.0,,28.0,17.0,9.0,13.0,31,29,16.0,,14.0,0.0,,25,16.0,49.0,18.0,26.0,,24.0,39.0,31.0,40.0,,44.0,39.0,53.0,12.0,42.0,24,18.0,21.0,24,46.0,21.0,27.0,24.0,37.0,26.0,45.0,37.0,13.0,,45.0,43.0,14.0,52.0,16.0,,19.0,23.0,31.0,49.0,51.0,25.0,49.0,24.0,23.0,43.0,,29.0,14.0,22.0,31.0,37.0,,17.0,29.0,29.0,33.0,,23.0,29.0,32.0,,40.0,21.0,42.0,20.0,1.0,43.0,28.0,10.0,11.0,27.0,37.0,13.0,53.0,23.0,,11.0,,18.0,29.0,25,10.0,34.0,24.0,32.0,28.0,,22.0,27.0,33.0,43.0,8.0,41.0,43.0,35.0,20.0,22.0,27.0,13.0,,10.0,52.0,23.0,32.0,37.0,0.0,14.0,37.0,,30.0,46.0,19.0,20.0,13.0,46.0,20.0,37.0,52.0,44.0,52.0,51.0,51.0,19.0,,10.0,,,23,,21.0,13.0,22.0,44.0,19.0,8.0,15.0,52.0,10,14.0,17.0,36.0,,15.0,33.0,13.0,28.0,27.0,29.0,45.0,33.0,23.0,19.0,47.0,32.0,25,26.0,46.0,20.0,14.0,49.0,42.0,27.0,43.0,16.0,,17.0,,,45.0,42.0,17.0,46.0,32.0,37.0,36.0,,,24.0,13.0,0,20,13.0,37.0,30.0,29.0,,41.0,24.0,11.0,23.0,15.0,36.0,40.0,,40.0,21.0,22.0,51.0,,31.0,,11.0,46.0,35.0,,28.0,13.0,48.0,19.0,36.0,,40.0,27.0,41.0,25.0,56.0,27.0,29.0,22.0,49.0,8.0,13.0,34.0,,19.0,,,,12.0,43,21.0,22.0,44.0,29.0,31,27.0,31.0,,34.0,15.0,18.0,10.0,34.0,35,14.0,18.0,37.0,36.0,30.0,26.0,,25,48.0,16.0,34.0,,32,25.0,17.0,31.0,25.0,,22.0,40.0,5.0,26.0,52.0,21.0,57.0,26.0,41.0,31.0,28.0,15.0,49.0,41.0,0.0,12.0,58.0,18.0,35.0,28,,28.0,28.0,19.0,39.0,0.0,,40.0,38.0,43.0,27.0,22.0,29.0,2,19.0,19.0,38.0,,20.0,,,50.0,31.0,,27.0,20.0,40.0,15.0,,13.0,50.0,54.0,21.0,35.0,7.0,,17.0,33.0,14.0,56.0,25.0,33.0,24.0,13.0,41.0,46.0,19.0,46.0,,35.0,45.0,3.0,18.0,6.0,38.0,19.0,19.0,28.0,22.0,48.0,21.0,,49.0,30.0,18.0,47.0,53.0,,,,31.0,17.0,21.0,,46.0,30.0,,36.0,32.0,21.0,29.0,29.0,13.0,24,,47.0,,9.0,18.0,30.0,33.0,38.0,16.0,7.0,,30.0,51.0,,26.0,31.0,20.0,56.0,26.0,,22.0,,14.0,27.0,,41.0,21.0,45.0,36.0,43.0,,38.0,,28.0,57.0,25.0,18.0,17.0,26.0,,28.0,22.0,32.0,31.0,10.0,55.0,16.0,47.0,29.0,33.0,,,15.0,32.0,30.0,40.0,20.0,44.0,37.0,41.0,20.0,41.0,47.0,17.0,35.0,17.0,19.0,11.0,24.0,25.0,,32.0,31.0,13.0,26.0,15.0,,25.0,0.0,25.0,27.0,37.0,,30.0,18.0,25.0,56.0,,22.0,31.0,11.0,24.0,29.0,42.0,28.0,23.0,,18.0,45.0,57.0,58.0,27.0,,46.0,54.0,23.0,42.0,40.0,11.0,26.0,11.0,16.0,,43.0,19.0,23.0,9.0,42.0,22.0,30.0,0.0,34.0,32.0,42.0,40.0,,,16.0,15,29.0,,,25.0,52.0,8.0,15.0,55.0,22.0,40.0,9,,23.0,36.0,51.0,32.0,24.0,17.0,45.0,24,,13.0,45.0,,21.0,14.0,14.0,35.0,,,34.0,12.0,35.0,48.0,49.0,17.0,33.0,7.0,,,15.0,18.0,42.0,,35.0,50.0,28.0,23.0,32.0,41.0,46.0,34.0,37.0,21.0,,,15.0,16.0,57.0,43.0,29.0,,41.0,19.0,32.0,23.0,28.0,38.0,29.0,,15.0,35.0,53.0,23.0,29.0,28.0,24.0,26.0,46.0,31.0,29.0,22.0,,38.0,16.0,46.0,7.0,22.0,36.0,17.0,44.0,41.0,46.0,43.0,0.0,14.0,,35.0,16.0,,22.0,37.0,8.0,8.0,43.0,37.0,16.0,,14.0,43.0,8.0,47.0,32.0,,33.0,,0.0,57.0,50.0,20.0,17.0,9.0,,40.0,33.0,36.0,31.0,27.0,19,19.0,17.0,30.0,51.0,20.0,36.0,17.0,,30.0,42.0,53.0,13.0,16.0,13.0,26.0,35.0,58.0,47.0,33.0,15.0,53.0,43.0,30.0,27.0,34.0,47.0,26.0,,31.0,35.0,47.0,47.0,21.0,38.0,,8.0,10.0,,,25.0,,16.0,,31.0,44.0,,14.0,,17.0,40.0,31.0,24.0,20.0,41.0,48.0,5.0,,,39.0,34.0,,38.0,30.0,18.0,,14.0,,17.0,43.0,11.0,18.0,41.0,25.0,38.0,11.0,,,23.0,41.0,17,56.0,6.0,20,48.0,13.0,24.0,32.0,12.0,,25.0,37.0,28.0,49.0,57.0,37.0,48.0,,37.0,38.0,18.0,11.0,,18.0,53.0,41.0,42.0,12.0,27.0,20.0,29.0,34.0,26.0,21.0,19.0,47.0,14.0,50.0,19.0,49.0,34.0,20.0,13.0,19.0,36.0,22.0,10.0,,38.0,42.0,21.0,17.0,14.0,48.0,,45.0,22.0,30.0,29.0,27.0,,,21.0,37.0,43.0,32.0,44.0,21.0,10.0,15.0,21.0,8.0,13.0,21.0,37.0,,39.0,31.0,23.0,45.0,8.0,47.0,,49.0,14.0,37.0,30.0,32.0,12.0,11.0,,48.0,25.0,20.0,55.0,25.0,,22.0,52.0,,29.0,38.0,58.0,,30.0,42.0,27.0,,58.0,,,4.0,24.0,29.0,16.0,9.0,19.0,38.0,,56.0,,29.0,23.0,,40.0,7.0,45.0,58.0,,51.0,53.0,17.0,22.0,33.0,8.0,32.0,31.0,12.0,15.0,,27.0,18.0,21.0,27.0,16.0,33.0,21.0,,31.0,12.0,37.0,,28.0,50.0,52.0,11.0,39.0,19.0,41.0,58.0,56.0,17.0,49.0,58.0,44.0,46.0,48.0,14.0,34.0,16.0,28.0,40.0,,37.0,16.0,8.0,16.0,12.0,33.0,38.0,17.0,33.0,21.0,16.0,11.0,40.0,45.0,25.0,54.0,26.0,33.0,0.0,,,,,22.0,14.0,,51.0,,43.0,,13.0,43.0,,41.0,19.0,49.0,,32.0,34.0,,42.0,23.0,41.0,10.0,49.0,57.0,24.0,28.0,50.0,28.0,,21.0,,24.0,,18.0,35.0,55.0,21.0,,25.0,45.0,,30.0,,27.0,36.0,38.0,5.0,15.0,34.0,35.0,28.0,,,17.0,38.0,18.0,20.0,,18.0,23.0,47.0,15.0,,18.0,29.0,55.0,41.0,24.0,28.0,27.0,22.0,16.0,38.0,41.0,21.0,29.0,,29.0,6.0,,54.0,10.0,27.0,24.0,58.0,31.0,23.0,31.0,22.0,34.0,,19.0,,,47.0,,3.0,17.0,32.0,,28.0,30.0,31.0,43.0,21.0,,20.0,,31.0,17.0,15.0,,,,27.0,,31.0,,55.0,13.0,,18.0,45.0,21.0,7.0,23.0,,41.0,47.0,21.0,20.0,8.0,,21.0,54.0,50.0,44.0,17.0,38.0,28.0,42.0,44.0,12.0,27.0,31.0,14.0,30.0,20.0,55.0,28.0,38.0,10.0,51.0,32.0,41.0,5.0,,23.0,,23.0,32.0,,17.0,24.0,58.0,36.0,11.0,26.0,21.0,56.0,4.0,49.0,40.0,29.0,29.0,45.0,42.0,11.0,22.0,9.0,,26.0,25.0,26.0,53.0,,4.0,49.0,,19.0,,38.0,,16.0,39.0,29.0,27.0,13.0,25.0,13.0,8.0,,48.0,,18.0,40.0,39.0,27.0,,,14.0,42.0,14.0,8.0,,20.0,15.0,33.0,,40.0,,25.0,28.0,25.0,,41.0,38.0,,,38.0,,42.0,20.0,31.0,24.0,22.0,,31.0,22.0,31.0,42.0,27.0,32.0,41.0,26.0,36.0,39.0,26.0,14.0,29.0,,52.0,37.0,,38.0,34.0,,53.0,,9.0,13.0,,44.0,,15.0,14.0,31.0,31.0,17.0,,,48.0,,15.0,24.0,36.0,0.0,56.0,,,4.0,51.0,49.0,51.0,44.0,,,,,24.0,25.0,,20.0,35.0,29.0,53.0,24.0,41.0,,18.0,33.0,13.0,32.0,50.0,33.0,46.0,55.0,22.0,14.0,46.0,35.0,51.0,,36.0,23.0,40.0,,,48.0,58.0,16.0,18.0,24.0,,54.0,,33.0,,16.0,21.0,19.0,24.0,38.0,,9.0,1.0,8.0,25.0,55.0,30.0,,20.0,21.0,,20.0,37.0,24.0,48.0,21.0,39.0,48.0,13.0,18.0,29.0,35.0,,,,54.0,22.0,30.0,24.0,13.0,49.0,12.0,20.0,11.0,35.0,31.0,26.0,46.0,,52.0,12.0,,41.0,41.0,44.0,,25.0,,19.0,,,33.0,14.0,30.0,35.0,,,41.0,34.0,22.0,54.0,,3.0,32.0,5.0,,,26.0,27.0,26.0,36.0,26.0,56.0,,53.0,17.0,37.0,31.0,42.0,,18.0,31.0,,38.0,19.0,6.0,27.0,,27.0,17.0,30.0,,26.0,23.0,28.0,,,23.0,,20.0,55.0,56.0,41.0,55.0,42.0,17.0,25.0,21.0,24.0,,37.0,,28.0,31.0,0.0,47.0,16.0,,,,35.0,32.0,,43.0,33.0,20.0,,21.0,,18.0,29.0,8.0,,29.0,33.0,34.0,35.0,13.0,,16.0,16.0,55.0,21.0,41.0,0.0,50.0,42.0,49.0,14.0,36.0,18.0,29.0,54.0,,14.0,36.0,0.0,,25.0,52.0,23.0,27.0,36.0,30.0,14.0,20.0,,26.0,48.0,21.0,,48.0,40.0,58.0,14.0,40.0,11.0,25.0,21.0,15.0,,26.0,21.0,21.0,35.0,29.0,,32.0,23.0,,,16.0,38.0,35.0,,26.0,,27.0,42.0,17.0,39.0,26.0,17.0,52.0,24.0,47.0,38.0,52.0,33.0,8.0,51.0,,45.0,,27.0,19.0,37.0,,9.0,11.0,56.0,18.0,22.0,,23.0,,12.0,55.0,15.0,,43.0,,56.0,31.0,55.0,24.0,39.0,56.0,18.0,20.0,29.0,,16.0,,47.0,48.0,43.0,12.0,32.0,,,,20.0,39.0,39.0,46.0,30.0,39.0,,13.0,30.0,36.0,32.0,37.0,46.0,,,,,,29.0,,34.0,53.0,29.0,20.0,,13.0,,,27.0,9.0,7.0,36.0,55.0,43.0,14.0,29.0,20.0,6.0,29.0,29.0,27.0,28.0,,31.0,,,10.0,14.0,43.0,28.0,,35.0,45.0,13.0,,22.0,24.0,46.0,39.0,8.0,34.0,50.0,,51.0,12.0,37.0,,30.0,,,39.0,58.0,37.0,17.0,47.0,19.0,35.0,,41.0,33.0,,,12.0,,,17.0,44.0,49.0,17.0,24.0,32.0,28.0,22.0,50.0,22.0,53.0,33.0,19.0,49.0,45.0,18.0,25.0,31.0,20.0,9.0,23.0,28.0,55.0,19.0,,35.0,22.0,8.0,9.0,10.0,37.0,39.0,31.0,,18.0,29.0,40.0,23.0,29.0,23.0,15.0,10.0,34.0,26.0,14.0,23.0,,32.0,21.0,23.0,,27.0,29.0,26.0,,,,24.0,24.0,,31.0,45.0,46.0,40.0,22.0,,0.0,15.0,,22.0,28.0,20.0,16.0,,,49.0,25.0,,15.0,30.0,21.0,47.0,21.0,18.0,,26.0,,25.0,10.0,9.0,43.0,16.0,29.0,,42.0,,18.0,28.0,24.0,43.0,20.0,46.0,,,55.0,19.0,,,11.0,22.0,23.0,12.0,46.0,,27.0,34.0,,37.0,58.0,0.0,,41.0,32.0,,,16.0,15.0,49.0,13.0,16.0,24.0,25.0,24.0,57.0,26.0,21.0,4.0,43.0,49.0,42.0,25.0,37.0,30.0,,21.0,47.0,19.0,43.0,48.0,,40.0,34.0,,27.0,39.0,16.0,53.0,,,48.0,25.0,14.0,28.0,,34.0,31.0,18.0,36.0,,15.0,23.0,,25.0,39.0,32.0,39.0,26.0,27.0,,,28.0,,,38.0,24.0,13.0,,0.0,11.0,,24.0,,43.0,15.0,20.0,13.0,,,34.0,,10.0,14.0,,49.0,28.0,26.0,54.0,32.0,43.0,53.0,41.0,,37.0,41.0,,,,12.0,32.0,46.0,,29.0,162,3,2.4059139784946235,17.805484147386462,-0.36453629167090873
7,8,6,9,8,9,10,9,11,1,7,12,11,9,10,7,12,11,18,20,9,15,8,14,11,10,11,10,8,13,13,6,11,10,12,14,9,21,10,14,15,9.0,12,18,5,12,12,10,12,15,11,14,12,10,25,25,10,1,8,15,6,12,17,9,,16,12,21,12,9,16,18,13,7,9,21,15,11,13,9,13,6,10,16,10,13,9,16,21,12,12,19,11,15,15,21,15,10,14,15,14,28,22,11,18,19,18,12,13,17,9,18.0,17,12,0.0,15,19,17,17,27,13,10,20,11,18,12,7,58.0,20,0,15,16,50.0,15,22,42.0,12,28,14,15,18,12,10,13,18.0,30.0,12,18.0,16,13,11,18,28.0,14,17,20,18,32.0,26,9,40,19,16,16,23,15.0,14,11,14,15,11,55.0,13,24,17,16,16,28.0,17,9.0,13,10,13,12,22,60.0,22.0,12,20,54.0,17.0,23,14,20,17,21,20,13,11.0,15,22,12.0,15,15,27,20,53.0,9,28,15,11,15.0,28,21,25,18,22,27,19,9.0,21.0,9,20,15,34.0,19,21,19,31.0,13,25.0,41.0,17,27,20.0,14,36,18,14.0,18.0,29,23,27,20,23,8.0,15,17,12,17,20,19,33.0,22.0,13,,31.0,16.0,17.0,18,23.0,17,17,29,,12.0,12.0,62.0,18.0,13,34.0,52.0,14.0,9,14,,16,19,19,22.0,13.0,29.0,21,35.0,18,8,20.0,21.0,8,24.0,22.0,12,17,10.0,22,26.0,19.0,61.0,26,19,24.0,22,25,24,21,30,18,17,4,14,22,23,8,3.0,25.0,11,19,13,25.0,16.0,15,35,17,57.0,17,46.0,30,14,14,18,11,28.0,20,22.0,20,21,21.0,1,16,22,47.0,47.0,18,30.0,34.0,33.0,24.0,18.0,17,,22,23,20,25.0,17,54.0,9.0,23,40.0,10.0,17.0,26,39.0,20,27,18,26,36,38,30,19.0,18,21.0,22,8,15,63.0,21,,20,25.0,17,20.0,27,22,38.0,12,30.0,14,37.0,32.0,13,31,13.0,8.0,19.0,40.0,13.0,24,21.0,31.0,16,,21,22,25.0,27.0,22,19.0,20,16.0,23.0,20,18,31,36.0,39,13.0,23.0,30,30.0,15,48.0,31,28,21,46.0,30.0,27,21,23,58.0,29.0,14,16,23.0,26,25.0,11.0,35.0,32.0,15.0,30.0,14.0,,,33.0,22,13,39.0,16.0,16.0,26.0,14.0,1.0,36.0,9.0,11,16,12.0,26.0,13,0.0,16.0,24.0,20.0,17.0,20.0,11,16,,28.0,6.0,23.0,15,43.0,44.0,38.0,30,20,29,28.0,18.0,14.0,31.0,33,24,18.0,15.0,14,11.0,27.0,16,43.0,32.0,22.0,18,15.0,19,16.0,32.0,9.0,17,20.0,25,19.0,20,22,19.0,27.0,0.0,,16,36,26,28.0,29,20.0,19,21,22.0,30,20,25.0,28.0,19,18,43.0,44.0,36.0,52.0,9.0,13.0,14,24.0,31,28,20.0,37.0,27.0,26.0,26.0,34.0,18,37,26.0,42.0,27.0,27.0,18.0,47.0,12,9.0,26,,41.0,16.0,12.0,21,52.0,24,21.0,41.0,41.0,31,17.0,28.0,20.0,15,24,44.0,29.0,22.0,28.0,,0.0,38.0,31.0,9.0,12.0,63.0,25.0,40,30,29.0,46.0,40.0,20,13,16,14,35.0,,12,12,53.0,22.0,11,36.0,25.0,39.0,27,59.0,31.0,20.0,30,33.0,27.0,24.0,44.0,,41.0,19,23.0,16,21.0,27,25,19,19.0,45.0,15.0,23.0,45.0,40.0,60.0,22.0,14.0,54.0,30.0,13,28.0,56.0,17,24.0,50.0,12.0,21.0,28,49.0,27.0,33.0,17,18,10.0,7,19.0,35.0,28.0,13.0,13,11.0,34,9,22.0,10,36.0,31,35.0,43.0,39.0,23,24,22.0,17.0,35,,18,38.0,18,46.0,37.0,,58.0,25.0,26.0,16,13.0,19.0,17.0,12.0,14.0,22.0,50.0,13,19,28.0,26,26,14,25.0,21.0,28.0,58.0,,21.0,22,27.0,39.0,39.0,40,55.0,23.0,29.0,26.0,47.0,21,53.0,29.0,29.0,53.0,25.0,10.0,21.0,24,30.0,,32.0,33.0,24.0,34.0,27.0,19,23.0,50.0,15.0,56.0,21,23,,,20,31.0,10.0,23.0,30,41.0,17.0,15.0,44.0,19,24.0,50.0,19.0,15.0,47.0,19.0,19.0,25.0,18.0,22,37,27.0,28.0,19.0,21.0,13.0,41.0,18.0,35.0,53.0,37.0,28,21,39.0,36,30.0,21.0,43.0,34.0,31,12,16.0,21.0,23.0,39.0,18.0,23.0,61.0,37.0,14.0,20,10.0,,21.0,40.0,41.0,22.0,25,29.0,17.0,7.0,23,29.0,20.0,21.0,56.0,22.0,16.0,34,18.0,41,11.0,31.0,,29.0,43.0,,48.0,24.0,36.0,42.0,51.0,,14.0,23.0,56.0,16.0,34.0,40.0,0.0,22.0,33.0,17,40.0,46.0,17,14.0,42.0,23,4.0,22.0,26.0,18,23,20,24.0,23.0,38.0,6.0,5.0,,38.0,43.0,30.0,21,36.0,31,8.0,12,29,11.0,20,10.0,11.0,19.0,,24,16.0,22.0,12.0,27.0,33.0,58.0,14,25.0,29,27.0,38.0,15.0,34,31.0,13,19,42.0,24.0,24.0,23,17.0,30.0,54,20.0,33.0,30.0,22.0,32.0,22.0,26.0,29.0,23,27.0,25.0,19.0,36.0,37.0,56.0,32.0,25.0,20,0.0,19,20.0,22.0,41.0,29.0,21,28,21.0,16.0,52.0,,24.0,36.0,29.0,32.0,62.0,14,28.0,0.0,13,30,24.0,34.0,20,54.0,21.0,21,43.0,35,11,27,34.0,15.0,22.0,11.0,27.0,13.0,14.0,61.0,27.0,,26.0,27.0,19.0,32.0,27.0,20.0,44.0,23.0,0.0,18.0,8.0,20.0,,,39.0,48.0,16.0,,10.0,,,22.0,31.0,23.0,32.0,,8.0,4.0,16.0,43.0,26.0,30.0,41.0,19.0,,50.0,50.0,52.0,38,15.0,34.0,39.0,12,41.0,5.0,24.0,18.0,23.0,28.0,48.0,22.0,,22.0,38.0,57.0,33.0,27.0,27.0,26.0,30.0,27.0,16.0,,11.0,15.0,,11.0,41.0,24.0,21.0,34.0,14,,,28.0,22,60.0,35.0,,25.0,10.0,40.0,18.0,48.0,,8,27.0,48.0,43.0,34.0,25.0,39.0,20,25,21.0,20.0,13.0,23.0,27.0,,20,20,34.0,29.0,,31.0,28.0,1.0,20.0,21.0,,38.0,11.0,18.0,24.0,62.0,9.0,27.0,31,19.0,45.0,40.0,48.0,,28,27.0,28,2.0,14,39.0,22.0,12.0,51.0,18.0,13.0,,32.0,18.0,37.0,49.0,31.0,19,9.0,58.0,19.0,17.0,18.0,33,30.0,20.0,10.0,41.0,18.0,14.0,,54.0,43.0,32,2,,39.0,29.0,32.0,28.0,21.0,13.0,39.0,42,,,42.0,25.0,43.0,45.0,43.0,28.0,21,15.0,44.0,22.0,35,11,24.0,30.0,50.0,27.0,,11.0,,33.0,,19.0,20.0,40.0,19.0,42.0,33.0,28,7.0,44.0,32.0,21.0,14.0,22,48.0,36.0,22,21.0,32.0,0.0,28.0,,31.0,35.0,21.0,27.0,40.0,12.0,27,14.0,38.0,31.0,25.0,27,35.0,37.0,34.0,22.0,39.0,27.0,35.0,11.0,30.0,27.0,26.0,33.0,38.0,26,24,,49.0,25.0,11.0,36.0,21,30,32.0,34.0,,56.0,35.0,52.0,22.0,21.0,19.0,23.0,21.0,38.0,21.0,3.0,11.0,26,19,41.0,18.0,26.0,24.0,17.0,21,24.0,18.0,19.0,41.0,,32.0,20.0,,26.0,,24.0,34.0,24.0,18.0,,29,27.0,14.0,25,15.0,,31.0,26.0,39.0,15.0,24.0,,25.0,,36.0,,16.0,31.0,15.0,56.0,32.0,17.0,30.0,47.0,,,,42.0,43.0,25.0,22.0,36.0,18.0,,40.0,,16.0,27.0,61.0,42.0,37.0,17.0,17.0,13.0,51.0,7.0,59.0,35.0,27.0,39.0,37.0,36.0,24.0,15.0,21.0,46.0,36.0,29.0,38.0,56.0,56.0,,26.0,,,24,29.0,40.0,0.0,33.0,55.0,,0.0,32.0,43.0,21.0,36.0,16.0,28.0,21.0,1.0,20.0,,29.0,,15.0,39.0,26.0,53.0,38.0,15.0,58.0,40.0,20.0,41.0,47.0,35.0,45.0,42.0,37.0,9.0,42.0,37.0,,12.0,35.0,29.0,52.0,39.0,9.0,23.0,26.0,30,30.0,42.0,13.0,25.0,28.0,19.0,18.0,54.0,15.0,17,25.0,,46.0,26.0,30.0,28.0,35.0,16.0,34.0,16.0,14.0,55.0,20.0,,21.0,28.0,26,60.0,29.0,47.0,9.0,53.0,44.0,3.0,24.0,28.0,,41.0,19.0,31.0,,42.0,37.0,20.0,18.0,16.0,39.0,12.0,27.0,37.0,15.0,24,15,36.0,40.0,26.0,22.0,44.0,63.0,43.0,18.0,0.0,31.0,35.0,38.0,49.0,58.0,59.0,54.0,22.0,,25.0,28.0,41.0,28.0,,26.0,43.0,,18.0,31.0,38.0,47.0,22.0,38.0,12.0,43.0,50.0,27.0,47.0,25.0,21.0,32.0,16.0,33.0,17.0,28.0,,,35.0,28.0,22,25.0,19.0,23.0,27.0,14,,,,45.0,19.0,31.0,11.0,28.0,12,25.0,25.0,20.0,45.0,,52.0,29.0,34,56.0,48.0,39.0,27.0,26,,19.0,35.0,55.0,19.0,56.0,30.0,37.0,47.0,52.0,44.0,,14.0,41.0,,33.0,,52.0,52.0,29.0,51.0,27.0,,23.0,16,15.0,52.0,16.0,28.0,34.0,,15.0,32.0,18.0,29.0,,12.0,35.0,25,55.0,,39.0,24.0,,38.0,51.0,55.0,47.0,22.0,30.0,28.0,,34.0,,45.0,38.0,19.0,31.0,38.0,63.0,41.0,,38.0,,14.0,30.0,25.0,14.0,25.0,37.0,27.0,40.0,25.0,21.0,51.0,43.0,43.0,,24.0,16.0,35.0,13.0,16.0,35.0,13.0,41.0,20.0,35.0,25.0,,28.0,14.0,46.0,,,39.0,,48.0,28.0,49.0,39.0,29.0,,,17.0,9.0,,,32,59.0,28.0,36.0,36.0,18.0,56.0,31.0,41.0,13.0,,25.0,59.0,,33.0,31.0,58.0,26.0,,21.0,,41.0,56.0,31.0,40.0,31.0,,20.0,29.0,16.0,,31.0,63.0,43.0,11.0,12.0,62.0,27.0,36.0,61.0,63.0,32.0,32.0,54.0,7.0,51.0,18.0,,,29.0,,18.0,35.0,45.0,25.0,32.0,24.0,27.0,29.0,40.0,24.0,26.0,,,22.0,15.0,41.0,11.0,14.0,23.0,,19.0,,17.0,17.0,23.0,49.0,27.0,,27.0,13.0,52.0,47.0,,,16.0,,40.0,36.0,13.0,20.0,18.0,14.0,61.0,25.0,13.0,44.0,26.0,23.0,28.0,14.0,37.0,,22.0,35.0,,18.0,,0.0,15.0,27.0,25.0,48.0,,17.0,57.0,24.0,9.0,20.0,36.0,0.0,29.0,52.0,11.0,34.0,22.0,,30.0,52.0,7,0.0,10.0,49.0,48.0,32.0,24.0,45.0,,29.0,19.0,20,25.0,,19.0,56.0,48.0,36.0,54.0,26.0,24,16.0,,16.0,14.0,,62.0,59.0,57.0,0.0,24.0,55.0,24.0,41.0,43.0,,15.0,,56.0,33.0,28.0,34.0,21.0,,,29.0,11.0,,44.0,16.0,,14.0,24.0,14.0,,19.0,,,19.0,46.0,16.0,18.0,37.0,32.0,,49.0,25.0,13.0,23.0,13.0,56.0,30.0,39.0,43.0,,,,34.0,,51.0,45.0,32.0,31.0,,,,,32.0,33.0,15.0,17.0,32.0,0.0,14.0,18.0,,50.0,14.0,40.0,45.0,28.0,,53.0,33.0,0.0,18.0,26.0,12.0,58.0,28.0,39.0,24.0,,39.0,,27.0,,26.0,55.0,22.0,28.0,12.0,29.0,,,43.0,26.0,,27.0,24,63.0,28.0,,40.0,17.0,51.0,,33.0,,,22.0,,31.0,,57.0,22.0,33.0,13.0,15.0,38.0,13.0,17.0,12.0,22.0,27.0,49.0,19.0,,23.0,36.0,32.0,62.0,12.0,32.0,,54.0,41.0,61.0,24.0,,54.0,33.0,60.0,,,59.0,29.0,61.0,16.0,24.0,15.0,28.0,18.0,51.0,13.0,28.0,63.0,,14.0,31.0,45.0,27.0,35.0,57.0,,46.0,26.0,54.0,,63.0,28.0,59.0,31.0,41.0,9.0,21.0,17.0,22.0,51.0,13,,62.0,25,12.0,51.0,12.0,55.0,,16.0,,15.0,29.0,,54.0,,58.0,44.0,11.0,,28.0,21.0,31.0,23.0,37.0,,,,27.0,44.0,24.0,20.0,57.0,35.0,24.0,,15.0,57.0,40.0,17.0,11.0,24.0,33.0,41.0,53.0,24.0,0.0,23.0,33.0,15.0,53.0,15.0,16.0,56.0,,47.0,,,34.0,33.0,25.0,13.0,32.0,22.0,29.0,9.0,44.0,26.0,59.0,21.0,28.0,27.0,40.0,15.0,14.0,,23.0,,42.0,47.0,35.0,15.0,,,,16.0,56.0,12.0,20.0,2.0,,,63.0,,25.0,57.0,33.0,51.0,,,,35.0,19.0,9.0,,30.0,19.0,15.0,,9.0,33.0,16.0,30.0,56.0,39.0,,40.0,22.0,54.0,21.0,,,24.0,34.0,23.0,37.0,,,12.0,,13.0,38.0,49.0,55.0,,31.0,41.0,43.0,,34.0,,11.0,20.0,30.0,15.0,12.0,36.0,14.0,,8.0,54.0,27.0,49.0,54.0,,28.0,,32.0,54.0,,19.0,23.0,25.0,39.0,36.0,14.0,62.0,26.0,10.0,42.0,,24.0,12.0,29.0,49.0,55.0,55.0,20.0,39.0,20.0,39.0,,45.0,8.0,,41.0,22.0,40.0,55.0,23.0,,,,27.0,20.0,61.0,36.0,9.0,,,19.0,54.0,19.0,14.0,23.0,48.0,41.0,0.0,33.0,,26.0,,,,37.0,20.0,33.0,44.0,45.0,50.0,,41.0,,,48.0,36.0,29.0,37.0,17.0,,,38.0,47.0,49.0,31.0,30.0,25.0,,32.0,16.0,54.0,25.0,49.0,34.0,22.0,62.0,27.0,,31.0,48.0,32.0,22.0,,25.0,44.0,53.0,27.0,57.0,56.0,39.0,39.0,,20.0,27.0,35.0,32.0,61.0,17.0,28.0,38.0,23.0,,46.0,,27.0,,28.0,,40.0,45.0,,,48.0,36.0,,18.0,34.0,49.0,49.0,,17.0,20.0,43.0,25.0,36.0,30.0,58.0,23.0,20.0,36.0,44.0,24.0,35.0,44.0,31.0,51.0,24.0,15.0,29.0,21.0,13.0,16.0,,19.0,,,23.0,29.0,33.0,,41.0,37.0,29.0,21.0,,25.0,4.0,37.0,40.0,50.0,34.0,,39.0,39.0,,40.0,21.0,61.0,59.0,61.0,42.0,44.0,34.0,,,24.0,43.0,45.0,11.0,20.0,22.0,21.0,33.0,59.0,39.0,,,26.0,21.0,,39.0,8.0,18.0,52.0,30.0,30.0,,16.0,34.0,,34.0,,,38.0,40.0,,45.0,31.0,,23.0,27.0,24.0,32.0,24.0,25.0,27.0,48.0,25.0,,33.0,19.0,39.0,50.0,46.0,30.0,11.0,0.0,24.0,,,17.0,0.0,31.0,26.0,24.0,43.0,,40.0,26.0,55.0,32.0,10.0,34.0,,43.0,20.0,42.0,30.0,19.0,,,,43.0,14.0,30.0,23.0,24.0,17.0,,,28.0,23.0,29.0,,38.0,58.0,57.0,,26.0,45.0,14.0,14.0,34.0,40.0,62.0,14.0,36.0,,28.0,21.0,41.0,56.0,8.0,,21.0,33.0,31.0,20.0,39.0,63.0,42.0,22.0,53.0,58.0,35.0,47.0,31.0,20.0,46.0,31.0,26.0,59.0,,9.0,35.0,50.0,21.0,,,,32.0,18.0,59.0,,20.0,51.0,62.0,,49.0,,33.0,25.0,21.0,36.0,29.0,58.0,13.0,22.0,,17.0,47.0,,36.0,52.0,19.0,27.0,29.0,23.0,,11.0,62.0,,,38.0,31.0,,25.0,36.0,10.0,37.0,27.0,26.0,60.0,10.0,20.0,25.0,,15.0,43.0,46.0,,,40.0,15.0,,18.0,,,33.0,20.0,58.0,23.0,41.0,30.0,31.0,44.0,,31.0,,28.0,,29.0,11.0,37.0,53.0,41.0,23.0,17.0,21.0,10.0,63.0,31.0,19.0,47.0,38.0,12.0,15.0,28.0,37.0,35.0,,,26.0,19.0,15.0,,36.0,42.0,,,34.0,37.0,,25.0,30.0,35.0,21.0,35.0,35.0,54.0,,,22.0,49.0,,32.0,54.0,28.0,37.0,59.0,,61.0,,52.0,14.0,41.0,52.0,29.0,22.0,15.0,,42.0,24.0,19.0,54.0,,37.0,47.0,46.0,47.0,43.0,11.0,,29.0,20.0,31.0,20.0,,,24.0,,56.0,23.0,,14.0,35.0,13.0,16.0,23.0,,38.0,19.0,62.0,48.0,29.0,12.0,,20.0,26.0,,,45.0,24.0,61.0,26.0,49.0,,41.0,34.0,60.0,,35.0,36.0,51.0,22.0,59.0,,33.0,52.0,,38.0,,29.0,,,43.0,18.0,,28.0,37.0,26.0,,,0.0,13.0,,13.0,45.0,,,39.0,27.0,,29.0,23.0,23.0,19.0,47.0,0.0,31.0,,48.0,0.0,37.0,,49.0,25.0,58.0,,36.0,19.0,50.0,,,34.0,12.0,23.0,62.0,20.0,21.0,44.0,32.0,27.0,22.0,40.0,10.0,49.0,25.0,35.0,18.0,14.0,60.0,41.0,45.0,,32.0,30.0,54.0,,50.0,34.0,9.0,28.0,,34.0,16.0,39.0,38.0,23.0,27.0,,24.0,,38.0,15.0,17.0,40.0,31.0,48.0,50.0,33.0,,21.0,41.0,19.0,,55.0,60.0,30.0,29.0,15.0,50.0,50.0,49.0,13.0,,,,,23.0,48.0,36.0,39.0,,28.0,13.0,56.0,15.0,16.0,52.0,,46.0,36.0,22.0,14.0,18.0,49.0,53.0,52.0,,42.0,,,53.0,50.0,,44.0,,37.0,38.0,25.0,39.0,,40.0,23.0,,26.0,15.0,,39.0,31.0,37.0,,55.0,,,,51.0,50.0,46.0,32.0,32.0,,45.0,,16.0,23.0,39.0,,29.0,,54.0,48.0,,46.0,18.0,30.0,17.0,44.0,63.0,44.0,4.0,,19.0,,,,33.0,47.0,56.0,40.0,44.0,15.0,9.0,22.0,20.0,,,20.0,50.0,42.0,35.0,,60.0,27.0,39.0,,,20.0,22.0,,21.0,,49.0,0.0,24.0,34.0,16.0,28.0,40.0,,,0.0,31.0,,20.0,,47.0,31.0,22.0,15.0,,38.0,24.0,33.0,32.0,27.0,22.0,29.0,26.0,10.0,36.0,,,41.0,,39.0,58.0,,63.0,47.0,,13.0,,55.0,30.0,37.0,,19.0,,35.0,,38.0,58.0,36.0,,,,,40.0,16.0,,0.0,43.0,,23.0,48.0,55.0,17.0,,,26.0,26.0,11.0,13.0,41.0,30.0,0.0,41.0,,,,27.0,,18.0,20.0,,,33.0,48.0,27.0,,,19.0,28.0,25.0,27.0,55.0,44.0,38.0,,23.0,14.0,7.0,33.0,,54.0,,,34.0,51.0,16.0,38.0,,22.0,18.0,29.0,43.0,22.0,8.0,31.0,48.0,25.0,,19.0,,18.0,,62.0,,42.0,15.0,12.0,11.0,29.0,32.0,23.0,,,34.0,36.0,43.0,26.0,55.0,,46.0,44.0,,21.0,32.0,47.0,61.0,44.0,43.0,11.0,,,44.0,17.0,51.0,23.0,13.0,20.0,59.0,32.0,14.0,24.0,28.0,24.0,39.0,10.0,,55.0,27.0,40.0,30.0,,,49.0,,60.0,30.0,38.0,33.0,15.0,9.0,30.0,30.0,20.0,,22.0,30.0,,,61.0,16.0,,13.0,,45.0,52.0,32.0,50.0,29.0,,,,163,3,2.5236768802228413,18.188538681948422,-0.3321552413306032
5,5,5,15,2,6,8,7,7,6,6,11,4,6,8,7,10,6,27,23,9,9,9,9,9,11,9,6,7,7,8,7,6,4,9,1,15,16,0,8,12,10.0,10,6,16,11,8,11,6,8,13,8,10,7,10,22,20,14,8,10,19,19,14,9,18.0,11,16,9,11,12,18,16,14,8,4,10,1,10,6,8,12,10,13,13,14,12,11,18,20,20,10,12,10,10,17,17,14,19,11,17,23,14,11,18,8,17,9,19,14,12,18,,1,12,8.0,15,15,11,21,17,9,22,15,13,14,16,12,28.0,12,15,17,9,18.0,14,13,15.0,12,27,27,14,6,16,13,15,18.0,10.0,7,14.0,10,19,6,17,16.0,12,17,7,15,60.0,21,22,15,19,14,19,18,10.0,20,23,12,17,14,11.0,9,24,7,30,16,17.0,12,29.0,17,10,11,15,24,39.0,14.0,3,13,15.0,29.0,12,40,9,15,19,15,7,19.0,18,20,39.0,6,17,29,11,44.0,18,12,18,16,43.0,14,30,19,4,18,18,13,2.0,21.0,20,7,16,17.0,11,20,6,17.0,10,38.0,50.0,12,11,24.0,7,18,11,14.0,52.0,8,20,10,18,18,9.0,21,11,15,15,26,21,21.0,22.0,10,,39.0,20.0,10.0,7,13.0,20,26,38,49.0,55.0,16.0,22.0,47.0,11,22.0,19.0,40.0,24,26,16.0,6,28,20,16.0,13.0,29.0,21,11.0,25,19,15.0,16.0,9,29.0,25.0,13,20,20.0,13,16.0,29.0,61.0,27,16,14.0,16,0,19,16,8,37,8,21,14,11,18,20,19.0,31.0,16,8,20,19.0,49.0,20,22,11,19.0,15,18.0,27,25,16,19,19,11.0,13,,14,16,36.0,20,15,22,15.0,29.0,26,,,34.0,24.0,25.0,18,8.0,7,18,16,46.0,19,11.0,36.0,21,45.0,21.0,49.0,19,17.0,19,30,23,28,0,21,11,19.0,10,36.0,19,18,16,15.0,22,48.0,52,27.0,8,16.0,32,18,20.0,24,27.0,13,16.0,10.0,8,50,12.0,19.0,7.0,8.0,41.0,14,14.0,8.0,11,,17,25,28.0,19.0,26,24.0,6,17.0,19.0,16,18,24,13.0,20,26.0,23.0,24,32.0,14,41.0,15,13,7,23.0,36.0,21,23,23,52.0,35.0,21,14,22.0,25,19.0,36.0,40.0,19.0,,8.0,11.0,31.0,35.0,22.0,10,5,23.0,50.0,14.0,29.0,25.0,24.0,42.0,32.0,16,15,28.0,32.0,18,40.0,19.0,42.0,16.0,16.0,21.0,22,19,,19.0,48.0,16.0,25,59.0,33.0,15.0,49,12,23,28.0,20.0,8.0,11.0,8,17,45.0,13.0,3,20.0,33.0,23,36.0,15.0,15.0,39,,13,14.0,35.0,8.0,20,27.0,0,22.0,20,13,33.0,45.0,19.0,54.0,16,14,13,17.0,18,18.0,29,27,21.0,30,18,30.0,30.0,8,21,21.0,48.0,32.0,32.0,18.0,10.0,17,47.0,14,23,27.0,21.0,17.0,34.0,42.0,17.0,12,28,21.0,19.0,13.0,31.0,,35.0,36,22.0,30,10.0,18.0,22.0,28.0,30,26.0,24,27.0,15.0,34.0,18,28.0,,39.0,24,20,12.0,29.0,24.0,52.0,,20.0,21.0,14.0,6.0,,,25.0,15,17,,10.0,50.0,11,13,18,28,37.0,17.0,21,18,39.0,23.0,21,28.0,21.0,13.0,16,0.0,27.0,51.0,8,9.0,19.0,20.0,17.0,17.0,19.0,16,32.0,13,5.0,18,26,25,34.0,31.0,11.0,16.0,25.0,49.0,,55.0,10.0,37.0,29.0,12,20.0,41.0,48,10.0,21.0,6.0,30.0,26,26.0,14.0,22.0,25,22,61.0,24,27.0,34.0,47.0,46.0,14,25.0,31,10,44.0,19,,11,34.0,24.0,31.0,24,12,29.0,24.0,25,28.0,19,20.0,14,27.0,46.0,34.0,,15.0,13.0,27,22.0,18.0,27.0,49.0,,53.0,27.0,13,13,24.0,17,29,25,15.0,20.0,37.0,19.0,,15.0,28,14.0,26.0,20.0,0,47.0,25.0,14.0,10.0,27.0,17,29.0,,19.0,47.0,20.0,21.0,26.0,19,32.0,59.0,25.0,18.0,31.0,20.0,36.0,21,13.0,37.0,20.0,,20,20,8.0,36.0,11,45.0,37.0,14.0,11,33.0,52.0,19.0,9.0,20,41.0,55.0,21.0,48.0,40.0,38.0,19.0,25.0,21.0,23,28,36.0,21.0,45.0,27.0,30.0,12.0,42.0,28.0,,26.0,35,13,34.0,21,,21.0,15.0,10.0,18,21,37.0,15.0,11.0,42.0,37.0,33.0,,57.0,28.0,28,28.0,13.0,,32.0,29.0,26.0,31,36.0,15.0,18.0,19,26.0,23.0,10.0,23.0,21.0,28.0,23,18.0,31,47.0,51.0,0.0,61.0,55.0,,25.0,49.0,14.0,22.0,51.0,,29.0,39.0,30.0,20.0,18.0,35.0,33.0,7.0,47.0,36,0.0,40.0,26,20.0,11.0,13,44.0,20.0,23.0,21,17,19,38.0,23.0,46.0,32.0,19.0,7.0,21.0,,,24,36.0,18,19.0,19,25,11.0,19,20.0,4.0,17.0,13.0,27,29.0,15.0,21.0,18.0,,,25,57.0,29,16.0,18.0,14.0,32,13.0,18,35,28.0,13.0,,18,,27.0,17,37.0,22.0,60.0,28.0,27.0,27.0,35.0,9.0,22,19.0,18.0,24.0,35.0,39.0,15.0,23.0,28.0,12,7.0,28,20.0,23.0,39.0,40.0,19,2,23.0,13.0,24.0,0.0,35.0,27.0,28.0,15.0,18.0,28,39.0,15.0,52,14,12.0,26.0,18,22.0,39.0,17,31.0,17,29,60,35.0,24.0,19.0,,,17.0,33.0,50.0,24.0,22.0,19.0,20.0,6.0,13.0,30.0,21.0,36.0,21.0,32.0,42.0,50.0,13.0,,27.0,10.0,31.0,12.0,18.0,35.0,24.0,56.0,47.0,17.0,,37.0,43.0,34.0,21.0,42.0,21.0,40.0,27.0,29.0,24.0,19.0,,28.0,16.0,21,32.0,26.0,30.0,30,30.0,,21.0,20.0,10.0,47.0,22.0,12.0,,43.0,,15.0,15.0,19.0,28.0,16.0,48.0,26.0,18.0,32.0,,11.0,59.0,11.0,13.0,22.0,,,17,20.0,37.0,40.0,15,15.0,21.0,20.0,18.0,14.0,28.0,38.0,24.0,28.0,13,29.0,37.0,17.0,29.0,18.0,36.0,13,17,33.0,36.0,37.0,36.0,10.0,48.0,25,22,51.0,,21.0,30.0,,37.0,35.0,18.0,36.0,18.0,41.0,61.0,36.0,0.0,12.0,36.0,12,20.0,8.0,29.0,29.0,17.0,39,31.0,59,,22,22.0,39.0,36.0,32.0,21.0,23.0,24.0,41.0,10.0,44.0,27.0,14.0,6,20.0,17.0,31.0,41.0,57.0,27,26.0,0.0,24.0,29.0,28.0,,18.0,35.0,36.0,22,14,33.0,25.0,38.0,36.0,13.0,19.0,9.0,36.0,22,19.0,37.0,32.0,38.0,50.0,40.0,10.0,,10,27.0,24.0,20.0,30,18,30.0,41.0,51.0,,19.0,,27.0,,9.0,20.0,9.0,19.0,17.0,,,13,19.0,15.0,28.0,15.0,30.0,17,34.0,29.0,21,,21.0,,26.0,,35.0,3.0,26.0,18.0,48.0,47.0,24,37.0,28.0,20.0,11.0,17,40.0,28.0,33.0,10.0,14.0,19.0,24.0,20.0,23.0,10.0,27.0,19.0,37.0,17,35,19.0,,19.0,10.0,20.0,18,27,,14.0,10.0,30.0,33.0,48.0,45.0,9.0,38.0,,29.0,,,29.0,17.0,28,23,16.0,6.0,31.0,30.0,35.0,11,24.0,28.0,17.0,46.0,,38.0,47.0,,28.0,6.0,38.0,,22.0,61.0,,24,31.0,40.0,22,34.0,16.0,46.0,12.0,22.0,23.0,3.0,34.0,17.0,,21.0,38.0,21.0,24.0,49.0,,19.0,34.0,29.0,26.0,13.0,27.0,39.0,26.0,16.0,53.0,28.0,17.0,58.0,38.0,53.0,11.0,45.0,56.0,35.0,38.0,26.0,48.0,10.0,21.0,60.0,56.0,59.0,31.0,41.0,14.0,,54.0,39.0,12.0,4.0,43.0,27.0,26.0,23.0,19.0,47.0,47.0,9.0,10.0,,14,,17.0,11.0,33.0,24.0,,15.0,24.0,22.0,12.0,8.0,23.0,61.0,43.0,10.0,24.0,,36.0,,,29.0,56.0,17.0,26.0,30.0,,,7.0,37.0,51.0,29.0,25.0,33.0,36.0,27.0,23.0,34.0,39.0,,22.0,25.0,,,33.0,,27.0,19,10.0,52.0,43.0,16.0,16.0,14.0,18.0,,23.0,22,14.0,24.0,51.0,46.0,0.0,32.0,29.0,48.0,16.0,23.0,25.0,,27.0,27.0,57.0,58.0,20,21.0,29.0,49.0,,,44.0,27.0,11.0,21.0,27.0,10.0,15.0,7.0,22.0,50.0,15.0,,18.0,27.0,43.0,,34.0,,23.0,8,25,25.0,53.0,33.0,22.0,48.0,29.0,13.0,19.0,13.0,33.0,18.0,37.0,55.0,15.0,28.0,52.0,24.0,30.0,55.0,28.0,22.0,55.0,20.0,,25.0,19.0,17.0,14.0,19.0,5.0,34.0,28.0,16.0,,45.0,,25.0,48.0,13.0,15.0,46.0,31.0,30.0,25.0,3.0,31.0,38.0,18.0,28,28.0,33.0,31.0,52.0,18,,,25.0,26.0,15.0,,,60.0,33,56.0,39.0,36.0,,,6.0,48.0,41,33.0,11.0,47.0,,13,,27.0,,26.0,,22.0,,55.0,12.0,46.0,22.0,56.0,19.0,7.0,45.0,56.0,,49.0,61.0,,56.0,34.0,39.0,53.0,22,39.0,57.0,,19.0,33.0,52.0,13.0,48.0,34.0,,11.0,59.0,29.0,2,12.0,39.0,29.0,41.0,28.0,58.0,,,47.0,17.0,26.0,39.0,26.0,13.0,,18.0,25.0,46.0,17.0,14.0,,,38.0,46.0,61.0,,58.0,41.0,,25.0,23.0,,15.0,48.0,18.0,7.0,42.0,34.0,52.0,13.0,50.0,,,29.0,30.0,38.0,,19.0,20.0,29.0,51.0,,53.0,24.0,61.0,36.0,19.0,22.0,52.0,52.0,29.0,,7.0,60.0,40.0,31.0,11.0,28.0,20.0,19,57.0,47.0,16.0,22.0,53.0,,24.0,61.0,37.0,10.0,18.0,39.0,22.0,10.0,25.0,42.0,51.0,29.0,7.0,57.0,18.0,42.0,24.0,12.0,48.0,28.0,17.0,13.0,39.0,22.0,,36.0,51.0,25.0,,34.0,,28.0,47.0,40.0,30.0,19.0,,27.0,34.0,57.0,,32.0,28.0,,42.0,28.0,10.0,22.0,25.0,31.0,28.0,16.0,44.0,50.0,55.0,47.0,56.0,,35.0,28.0,36.0,19.0,37.0,47.0,23.0,9.0,11.0,28.0,9.0,14.0,,16.0,0.0,,31.0,17.0,28.0,19.0,34.0,42.0,,49.0,,30.0,18.0,,23.0,,12.0,61.0,37.0,53.0,,19.0,,30.0,17.0,41.0,61.0,30.0,43.0,46.0,16.0,29.0,46.0,14.0,42.0,41.0,10.0,23.0,0.0,30.0,19.0,23.0,29.0,47.0,,14.0,54.0,,,19.0,42,30.0,26.0,52.0,16.0,34.0,13.0,38.0,40.0,13.0,42.0,36,10.0,45.0,42.0,30.0,22.0,38.0,26.0,50.0,17,43.0,45.0,51.0,,30.0,,47.0,45.0,55.0,,,19.0,14.0,,,28.0,10.0,28.0,,39.0,,23.0,41.0,23.0,0.0,15.0,25.0,51.0,,,,42.0,55.0,14.0,10.0,45.0,15.0,60.0,51.0,29.0,32.0,,41.0,0.0,36.0,,40.0,,22.0,21.0,16.0,47.0,20.0,53.0,61.0,23.0,31.0,20.0,30.0,53.0,23.0,38.0,36.0,26.0,,20.0,25.0,13.0,28.0,6.0,22.0,51.0,23.0,18.0,49.0,29.0,,22.0,28.0,,,40.0,,15.0,17.0,55.0,,0.0,26.0,21.0,25.0,39.0,34.0,,18.0,43.0,16.0,6.0,19.0,52.0,8.0,20.0,35.0,46.0,39.0,16.0,42.0,53.0,24,33.0,16.0,11.0,48.0,,57.0,38.0,24.0,,38.0,30.0,23.0,61.0,,,16.0,17.0,35.0,40.0,31.0,9.0,46.0,12.0,26.0,0.0,,,,28.0,,42.0,44.0,20.0,10.0,28.0,61.0,,10.0,,31.0,12.0,18.0,,,,30.0,46.0,13.0,52.0,22.0,20.0,16.0,50.0,13.0,18.0,,24.0,40.0,,,45.0,34.0,17.0,38.0,39.0,,,,58.0,,36.0,33.0,20.0,,,20.0,18.0,20.0,,26,0.0,29.0,16,21.0,17.0,,27.0,23.0,27.0,27.0,43.0,12.0,25.0,53.0,40.0,24.0,,59.0,,45.0,22.0,24.0,24.0,24.0,19.0,,15.0,,11.0,30.0,23.0,30.0,11.0,16.0,46.0,,27.0,55.0,,,7.0,32.0,,28.0,11.0,20.0,,33.0,24.0,16.0,20.0,10.0,,61.0,48.0,40.0,24.0,46.0,43.0,12.0,34.0,28.0,17.0,21.0,13.0,49.0,40.0,43.0,55.0,28.0,,,23.0,44.0,46.0,23.0,26.0,60.0,50.0,28.0,16.0,21.0,50.0,17.0,,27.0,31.0,22.0,10.0,56.0,54.0,38.0,53.0,,,22.0,48.0,7.0,,20.0,24.0,30.0,,21.0,48.0,55.0,17.0,25.0,15.0,,15.0,15.0,,17.0,,27.0,48.0,,36.0,,,,20.0,36.0,37.0,48.0,,,25.0,22.0,,27.0,,57.0,30.0,21.0,10.0,18.0,58.0,22.0,48.0,0.0,18.0,8.0,36.0,22.0,10.0,28.0,15.0,10.0,17.0,52.0,,60.0,11.0,58.0,35.0,18.0,43.0,25.0,40.0,50.0,,33.0,38.0,40.0,29.0,11.0,,,,,,20.0,41.0,,18.0,,32.0,25.0,11.0,32.0,21.0,,,16.0,38.0,15.0,45.0,42.0,,52.0,7.0,5.0,,30.0,52.0,46.0,,,41.0,7.0,25.0,,,25.0,28.0,13.0,31.0,31.0,20.0,60.0,41.0,33.0,44.0,32.0,16.0,24.0,15.0,,,57.0,1.0,34.0,,10.0,,48.0,41.0,33.0,,28.0,55.0,21.0,11.0,,41.0,42.0,30.0,33.0,47.0,,,27.0,36.0,39.0,41.0,,28.0,,25.0,14.0,21.0,54.0,19.0,13.0,,57.0,42.0,45.0,46.0,10.0,13.0,16.0,33.0,0.0,52.0,27.0,34.0,31.0,,12.0,48.0,,37.0,40.0,27.0,45.0,57.0,16.0,11.0,11.0,46.0,,61.0,15.0,,28.0,49.0,,7.0,,23.0,56.0,13.0,25.0,17.0,16.0,,30.0,20.0,,45.0,30.0,13.0,18.0,57.0,,,33.0,14.0,37.0,34.0,61.0,4.0,16.0,37.0,,24.0,26.0,36.0,36.0,0.0,55.0,32.0,22.0,,22.0,22.0,48.0,11.0,34.0,45.0,37.0,48.0,31.0,32.0,32.0,0.0,20.0,7.0,23.0,17.0,14.0,,52.0,19.0,16.0,,14.0,28.0,56.0,19.0,15.0,,37.0,28.0,18.0,47.0,14.0,29.0,26.0,,,0.0,12.0,31.0,25.0,,,24.0,52.0,8.0,18.0,34.0,33.0,13.0,42.0,14.0,58.0,34.0,16.0,18.0,42.0,,32.0,7.0,47.0,50.0,,33.0,,39.0,39.0,,18.0,60.0,46.0,24.0,23.0,,44.0,34.0,,53.0,14.0,39.0,,31.0,8.0,29.0,35.0,22.0,55.0,,61.0,43.0,17.0,21.0,37.0,52.0,,25.0,,28.0,44.0,20.0,25.0,28.0,15.0,44.0,,,26.0,,26.0,37.0,,,22.0,32.0,25.0,32.0,34.0,56.0,15.0,49.0,35.0,22.0,43.0,37.0,52.0,,13.0,13.0,47.0,45.0,43.0,32.0,33.0,35.0,,28.0,29.0,56.0,,28.0,34.0,28.0,18.0,46.0,28.0,,18.0,,25.0,,7.0,37.0,48.0,19.0,,20.0,18.0,45.0,36.0,,17.0,56.0,23.0,8.0,54.0,39.0,,44.0,,49.0,,37.0,,50.0,,58.0,45.0,25.0,60.0,29.0,30.0,12.0,,17.0,0.0,25.0,20.0,,20.0,51.0,,,27.0,57.0,,,47.0,60.0,46.0,,,9.0,35.0,11.0,27.0,11.0,,7.0,58.0,30.0,11.0,34.0,22.0,40.0,57.0,,58.0,47.0,25.0,,30.0,36.0,33.0,18.0,15.0,25.0,12.0,18.0,16.0,26.0,,35.0,22.0,42.0,21.0,21.0,34.0,34.0,15.0,10.0,27.0,28.0,,52.0,36.0,12.0,50.0,38.0,55.0,24.0,41.0,,,,59.0,43.0,17.0,26.0,50.0,60.0,7.0,40.0,,31.0,14.0,48.0,11.0,20.0,48.0,23.0,56.0,25.0,36.0,21.0,,16.0,34.0,42.0,,38.0,,10.0,,18.0,,56.0,39.0,,27.0,47.0,20.0,,15.0,31.0,55.0,23.0,22.0,,37.0,13.0,34.0,,21.0,,13.0,18.0,37.0,55.0,33.0,18.0,,,12.0,,,39.0,25.0,,13.0,,60.0,23.0,,8.0,41.0,,46.0,27.0,19.0,,18.0,,37.0,56.0,14.0,57.0,,4.0,,44.0,35.0,0.0,,22.0,30.0,32.0,35.0,46.0,53.0,38.0,20.0,,,33.0,23.0,21.0,38.0,21.0,34.0,61.0,17.0,26.0,31.0,38.0,33.0,20.0,43.0,,30.0,51.0,,46.0,45.0,,19.0,21.0,34.0,,40.0,22.0,,48.0,52.0,47.0,48.0,8.0,49.0,21.0,53.0,38.0,23.0,39.0,30.0,32.0,,,36.0,44.0,30.0,27.0,,61.0,30.0,55.0,36.0,,19.0,22.0,22.0,30.0,36.0,29.0,,26.0,50.0,10.0,,,,,21.0,18.0,48.0,38.0,59.0,33.0,9.0,,,,,,10.0,,30.0,48.0,,24.0,13.0,33.0,,,5.0,41.0,29.0,28.0,36.0,,,49.0,32.0,,50.0,29.0,43.0,,28.0,,51.0,56.0,49.0,49.0,24.0,28.0,59.0,,20.0,38.0,,33.0,,,,,34.0,29.0,,26.0,37.0,25.0,33.0,33.0,,21.0,26.0,0.0,44.0,20.0,33.0,58.0,53.0,,,16.0,54.0,19.0,22.0,16.0,38.0,42.0,47.0,50.0,10.0,28.0,50.0,21.0,,29.0,49.0,40.0,52.0,,19.0,26.0,14.0,,25.0,50.0,,25.0,44.0,47.0,22.0,22.0,40.0,,27.0,7.0,53.0,,,,,,60.0,0.0,,,,,9.0,,21.0,,32.0,60.0,32.0,18.0,,5.0,,,51.0,29.0,,46.0,20.0,47.0,28.0,19.0,19.0,18.0,27.0,42.0,34.0,5.0,,32.0,60.0,28.0,34.0,27.0,19.0,20.0,,,49.0,31.0,8.0,25.0,,,44.0,26.0,37.0,56.0,35.0,57.0,39.0,21.0,0.0,,,,25.0,47.0,35.0,38.0,,43.0,13.0,20.0,24.0,54.0,,,52.0,,45.0,46.0,28.0,27.0,,,59.0,52.0,28.0,38.0,39.0,28.0,26.0,,19.0,35.0,14.0,14.0,50.0,23.0,39.0,43.0,29.0,51.0,,18.0,,31.0,,,56.0,58.0,37.0,35.0,,49.0,13.0,24.0,11.0,38.0,29.0,60.0,31.0,32.0,25.0,14.0,27.0,24.0,51.0,13.0,17.0,47.0,53.0,18.0,41.0,19.0,38.0,54.0,44.0,27.0,6.0,43.0,,41.0,30.0,,54.0,20.0,51.0,8.0,49.0,58.0,45.0,28.0,39.0,9.0,,,,34.0,38.0,60.0,,,,60.0,,46.0,60.0,33.0,16.0,52.0,,,0.0,,40.0,,,31.0,41.0,25.0,21.0,,,21.0,9.0,,11.0,,37.0,,33.0,50.0,,,37.0,,47.0,,40.0,,9.0,28.0,59.0,14.0,24.0,30.0,,42.0,61.0,33.0,26.0,18.0,28.0,48.0,29.0,44.0,48.0,35.0,35.0,23.0,50.0,33.0,35.0,27.0,18.0,27.0,16.0,,35.0,164,3,2.4801097393689986,18.618993460335513,-0.36131823453503
9,7,8,10,7,10,10,8,8,3,6,17,9,9,10,10,11,8,11,32,15,10,16,6,9,13,11,8,9,11,15,8,9,10,13,9,14,11,18,10,22,27.0,14,26,11,10,17,14,12,24,17,4,14,21,19,11,12,18,11,10,8,15,31,20,,17,10,13,12,20,16,12,25,13,11,15,2,12,2,12,0,16,11,15,24,21,2,16,15,18,15,20,25,19,16,18,8,11,16,14,15,24,16,18,16,23,15,23,13,16,14,,19,25,27.0,24,11,22,15,22,15,26,10,18,12,18,17,26.0,20,18,18,11,,13,16,15.0,12,13,21,19,10,12,21,15,31.0,34.0,20,13.0,9,17,11,17,32.0,13,22,17,25,31.0,12,19,26,22,11,15,29,10.0,15,18,14,13,18,28.0,8,31,11,25,20,21.0,8,14.0,18,15,16,35,15,19.0,17.0,31,23,27.0,16.0,15,22,23,11,28,11,12,13.0,20,17,,17,22,32,11,11.0,2,6,18,14,,25,11,16,12,16,14,18,0.0,11.0,13,12,5,23.0,21,11,17,15.0,14,14.0,17.0,25,13,22.0,8,28,24,23.0,20.0,20,16,16,17,18,32.0,23,17,25,11,8,10,42.0,33.0,21,32.0,23.0,26.0,39.0,21,32.0,18,18,31,32.0,24.0,13.0,,37.0,17,19.0,33.0,40.0,10,15,30.0,28,27,20,16.0,33.0,14.0,19,,17,17,29.0,28.0,22,,22.0,15,16,15.0,17,19.0,34.0,,22,19,26.0,21,18,18,0,22,14,11,26,12,16,41,19,21.0,18.0,24,16,14,20.0,20.0,9,19,11,24.0,22,,23,9,26,14,28,23.0,10,17.0,25,25,25.0,31,0,24,21.0,30.0,17,31.0,54.0,0.0,20.0,46.0,21,27.0,14,18,4,45.0,17,40.0,22.0,25,19.0,17.0,56.0,13,8.0,17,31,32,21,32,22,19,36.0,24,42.0,33,30,9,41.0,19,25.0,27,48.0,26,27.0,23,24,23.0,0,12.0,27,33.0,23.0,16,35,,23.0,,21.0,21.0,47,37.0,22.0,14,21.0,25,13,,33.0,17,30.0,19,15.0,25.0,19,30,17,53.0,13,34.0,49.0,26,0.0,20,41.0,8,25,19,18.0,24.0,30,17,23,19.0,26.0,15,16,13.0,16,49.0,16.0,47.0,27.0,24.0,18.0,11.0,34.0,25.0,43.0,21,23,21.0,21.0,,9.0,19.0,21.0,46.0,31.0,18,38,26.0,28.0,12,51.0,16.0,38.0,15.0,45.0,36.0,28,21,56.0,12.0,38.0,16.0,20,,32.0,48.0,48,13,29,35.0,33.0,23.0,16.0,15,0,23.0,34.0,5,23.0,28.0,24,39.0,11.0,21.0,31,29.0,10,16.0,22.0,59.0,20,40.0,3,33.0,19,18,58.0,,24.0,,11,25,40,43.0,23,17.0,28,25,33.0,36,19,23.0,20.0,23,19,21.0,22.0,57.0,41.0,27.0,40.0,13,44.0,28,12,21.0,33.0,42.0,25.0,44.0,,18,28,25.0,36.0,25.0,19.0,62.0,21.0,13,31.0,12,13.0,11.0,17.0,20.0,29,18.0,34,,22.0,37.0,20,26.0,38.0,19.0,19,13,29.0,33.0,40.0,,50.0,24.0,28.0,,22.0,20.0,16.0,39.0,26,14,28.0,,21.0,21,40,25,26,16.0,35.0,15,11,43.0,,20,25.0,39.0,29.0,15,,13.0,,25,27.0,17.0,51.0,,8.0,37.0,18,24.0,21,30.0,19,13,35,,33.0,20.0,26.0,29.0,44.0,,0.0,14.0,24.0,24.0,24,59.0,44.0,30,9.0,0.0,15.0,40.0,23,29.0,26.0,41.0,14,17,20.0,29,0.0,12.0,35.0,34.0,25,28.0,23,39,,27,23.0,33,20.0,,32.0,16,40,32.0,,15,10.0,26,58.0,22,,31.0,20.0,57.0,49.0,25.0,47,25.0,21.0,41.0,9.0,52.0,8.0,34.0,25,31,18.0,22,20,20,14.0,26.0,31.0,27.0,,28.0,22,26.0,39.0,16.0,11,23.0,58.0,23.0,9.0,47.0,23,35.0,0.0,32.0,,23.0,24.0,24.0,19,12.0,,15.0,45.0,11.0,24.0,30.0,17,51.0,17.0,27.0,22.0,24,17,18.0,14.0,22,14.0,14.0,34.0,32,12.0,42.0,23.0,,17,34.0,10.0,24.0,43.0,38.0,23.0,26.0,,21.0,15,24,,,49.0,33.0,16.0,47.0,29.0,31.0,,37.0,38,14,53.0,28,48.0,,51.0,27.0,18,24,,26.0,20.0,24.0,44.0,16.0,52.0,32.0,13.0,15,28.0,,33.0,23.0,47.0,11.0,23,47.0,36.0,12.0,16,,39.0,59.0,29.0,23.0,24.0,6,31.0,24,,11.0,36.0,44.0,31.0,38.0,31.0,50.0,47.0,39.0,54.0,16.0,22.0,38.0,33.0,5.0,50.0,36.0,14.0,41.0,30.0,4,24.0,22.0,28,29.0,50.0,29,41.0,29.0,21.0,17,16,16,19.0,39.0,,16.0,47.0,5.0,39.0,46.0,38.0,17,18.0,23,,35,27,11.0,33,,29.0,29.0,15.0,7,,14.0,29.0,23.0,18.0,,13,,20,34.0,47.0,25.0,18,25.0,9,28,,32.0,24.0,26,,23.0,27,20.0,,31.0,28.0,35.0,23.0,23.0,35.0,54,28.0,7.0,27.0,25.0,52.0,,,49.0,56,15.0,13,13.0,33.0,37.0,20.0,32,24,39.0,19.0,57.0,33.0,13.0,27.0,23.0,53.0,46.0,17,23.0,19.0,39,12,24.0,42.0,21,39.0,37.0,12,53.0,29,26,19,19.0,16.0,0.0,14.0,48.0,17.0,23.0,18.0,3.0,59.0,32.0,19.0,9.0,27.0,19.0,21.0,36.0,38.0,12.0,19.0,,36.0,53.0,14.0,52.0,54.0,25.0,37.0,49.0,42.0,51.0,24.0,20.0,23.0,13.0,,15.0,31.0,40.0,24.0,,30.0,22.0,8.0,38.0,22.0,32.0,41.0,23,32.0,24.0,57.0,22,24.0,23.0,,16.0,23.0,38.0,34.0,17.0,41.0,45.0,39.0,,18.0,15.0,21.0,27.0,20.0,18.0,25.0,,22.0,52.0,40.0,21.0,38.0,47.0,27.0,,0,41.0,18.0,12.0,31,,25.0,19.0,17.0,30.0,48.0,37.0,46.0,35.0,53,24.0,22.0,18.0,20.0,24.0,54.0,21,20,32.0,22.0,21.0,33.0,55.0,29.0,23,23,16.0,58.0,,13.0,,54.0,27.0,27.0,19.0,,43.0,,43.0,41.0,20.0,19.0,32,33.0,33.0,,22.0,27.0,30,19.0,19,43.0,23,22.0,53.0,21.0,,19.0,17.0,46.0,44.0,45.0,21.0,25.0,31.0,22,42.0,51.0,25.0,47.0,55.0,34,55.0,12.0,26.0,14.0,51.0,18.0,22.0,38.0,13.0,14,30,57.0,15.0,,,40.0,32.0,34.0,16.0,17,39.0,40.0,54.0,,39.0,4.0,21.0,10.0,12,18.0,6.0,26.0,24,24,26.0,4.0,47.0,13.0,32.0,44.0,15.0,38.0,14.0,,15.0,31.0,18.0,43.0,27.0,20,23.0,31.0,,24.0,28.0,14,13.0,0.0,16,16.0,30.0,44.0,46.0,0.0,,20.0,22.0,18.0,,46.0,14,19.0,40.0,,35.0,25,47.0,37.0,25.0,45.0,26.0,44.0,21.0,51.0,29.0,19.0,29.0,37.0,55.0,48,20,33.0,31.0,26.0,62.0,26.0,31,33,45.0,57.0,52.0,39.0,,21.0,9.0,28.0,46.0,43.0,,58.0,55.0,10.0,36.0,23,27,18.0,43.0,28.0,11.0,,25,16.0,33.0,,27.0,,24.0,38.0,36.0,50.0,44.0,17.0,49.0,28.0,35.0,27.0,35,24.0,45.0,34,44.0,21.0,11.0,38.0,17.0,24.0,6.0,38.0,,,39.0,34.0,35.0,34.0,12.0,53.0,0.0,14.0,27.0,0.0,22.0,32.0,19.0,20.0,8.0,16.0,,32.0,31.0,32.0,48.0,11.0,29.0,,22.0,25.0,38.0,11.0,30.0,26.0,15.0,22.0,18.0,53.0,,23.0,,23.0,12.0,39.0,57.0,21.0,50.0,0.0,37.0,61.0,8.0,33.0,43.0,30.0,,33,,35.0,,19.0,39.0,40.0,38.0,,36.0,32.0,26.0,40.0,51.0,42.0,29.0,23.0,32.0,12.0,,13.0,,39.0,11.0,34.0,12.0,39.0,39.0,10.0,37.0,40.0,0.0,32.0,19.0,,39.0,22.0,22.0,35.0,0.0,8.0,15.0,53.0,,21.0,13.0,8.0,34,,30.0,25.0,24.0,18.0,,36.0,31.0,51.0,18,,,59.0,,27.0,33.0,43.0,32.0,22.0,17.0,22.0,29.0,0.0,18.0,37.0,31.0,24,23.0,11.0,31.0,38.0,16.0,24.0,22.0,25.0,9.0,20.0,18.0,38.0,21.0,23.0,51.0,29.0,,55.0,31.0,11.0,30.0,12.0,10.0,21.0,28,21,15.0,28.0,16.0,14.0,,24.0,29.0,29.0,,43.0,22.0,32.0,15.0,39.0,27.0,,17.0,33.0,21.0,30.0,11.0,29.0,32.0,22.0,13.0,27.0,13.0,29.0,29.0,28.0,45.0,14.0,62.0,21.0,,,19.0,28.0,,14.0,43.0,52.0,,16.0,,,42.0,25.0,20,33.0,56.0,19.0,13.0,20,,,60.0,50.0,20.0,,,50.0,14,57.0,27.0,18.0,27.0,,29.0,,36,57.0,38.0,31.0,,17,,14.0,60.0,27.0,42.0,10.0,,19.0,28.0,30.0,36.0,,15.0,11.0,,16.0,57.0,46.0,44.0,,39.0,46.0,,,22,23.0,24.0,35.0,38.0,19.0,54.0,57.0,15.0,46.0,22.0,23.0,35.0,22.0,27,44.0,23.0,33.0,38.0,16.0,18.0,,30.0,,23.0,47.0,44.0,27.0,45.0,9.0,,32.0,26.0,33.0,48.0,,14.0,42.0,24.0,,47.0,15.0,45.0,14.0,19.0,34.0,21.0,18.0,60.0,23.0,22.0,,6.0,25.0,,19.0,25.0,,12.0,9.0,26.0,,35.0,24.0,22.0,,37.0,18.0,28.0,14.0,30.0,56.0,45.0,23.0,21.0,22.0,,42.0,36.0,38.0,22.0,30.0,32.0,,33,19.0,,,28.0,61.0,58.0,27.0,34.0,0.0,35.0,,,10.0,13.0,41.0,24.0,30.0,23.0,39.0,,,43.0,36.0,31.0,,21.0,16.0,,25.0,40.0,58.0,,,,,37.0,18.0,42.0,38.0,19.0,52.0,33.0,,,19.0,28.0,28.0,,36.0,48.0,5.0,27.0,26.0,20.0,47.0,30.0,39.0,27.0,28.0,15.0,59.0,,,33.0,33.0,43.0,25.0,14.0,31.0,28.0,22.0,41.0,18.0,49.0,16.0,19.0,29.0,49.0,32.0,30.0,13.0,35.0,39.0,38.0,20.0,13.0,41.0,,52.0,19.0,16.0,,36.0,43.0,29.0,,,46.0,43.0,26.0,,,50.0,,19.0,31.0,,30.0,15.0,28.0,23.0,21.0,41.0,30.0,14.0,26.0,26.0,51.0,,,,13.0,21.0,47.0,62.0,48.0,6.0,32.0,16,27.0,44.0,,21.0,,12.0,35.0,42.0,20.0,46.0,20,1.0,46.0,53.0,34.0,14.0,46.0,47.0,,30,32.0,62.0,55.0,29.0,60.0,35.0,24.0,32.0,18.0,47.0,14.0,24.0,17.0,12.0,39.0,41.0,26.0,,52.0,44.0,12.0,23.0,27.0,43.0,32.0,22.0,21.0,40.0,35.0,17.0,28.0,55.0,,38.0,58.0,29.0,21.0,30.0,41.0,23.0,37.0,,28.0,27.0,18.0,54.0,27.0,34.0,23.0,20.0,10.0,28.0,39.0,,33.0,41.0,25.0,47.0,24.0,,30.0,18.0,23.0,57.0,,,42.0,48.0,46.0,30.0,36.0,26.0,,38.0,41.0,54.0,29.0,43.0,51.0,23.0,39.0,,16.0,,34.0,14.0,,58.0,15.0,33.0,11.0,16.0,36.0,,31.0,26.0,20.0,54.0,,,10.0,24.0,41.0,40.0,3.0,23.0,62.0,33.0,20,28.0,,,,29.0,,,21.0,52.0,59.0,42.0,37.0,,,,26.0,17.0,21.0,,58.0,41.0,0.0,25.0,34.0,7.0,38.0,42.0,28.0,45.0,,58.0,48.0,33.0,21.0,19.0,51.0,,40.0,,34.0,44.0,36.0,31.0,50.0,62.0,47.0,24.0,,55.0,43.0,,54.0,21.0,,9.0,14.0,16.0,22.0,18.0,24.0,36.0,55.0,6.0,37.0,41.0,,40.0,,16.0,27.0,42.0,,,20.0,26.0,28.0,40.0,24.0,28.0,24,42.0,49.0,13,13.0,22.0,45.0,22.0,45.0,51.0,47.0,,13.0,28.0,41.0,,18.0,25.0,31.0,18.0,27.0,40.0,43.0,,29.0,15.0,33.0,,,41.0,45.0,18.0,,60.0,10.0,32.0,,53.0,52.0,34.0,48.0,40.0,12.0,16.0,42.0,20.0,22.0,52.0,12.0,21.0,,14.0,12.0,17.0,46.0,15.0,37.0,,,,55.0,41.0,9.0,28.0,42.0,60.0,2.0,27.0,33.0,,45.0,52.0,18.0,16.0,22.0,38.0,44.0,26.0,19.0,34.0,22.0,13.0,,18.0,55.0,,26.0,,45.0,12.0,42.0,36.0,46.0,,,,51.0,12.0,,59.0,32.0,46.0,48.0,,44.0,36.0,,39.0,51.0,,,18.0,37.0,44.0,55.0,37.0,,41.0,,18.0,,,44.0,14.0,53.0,31.0,48.0,51.0,61.0,32.0,38.0,22.0,37.0,,25.0,28.0,,34.0,22.0,53.0,8.0,7.0,17.0,,41.0,30.0,,38.0,50.0,,,10.0,36.0,17.0,24.0,17.0,37.0,53.0,31.0,,23.0,35.0,25.0,12.0,44.0,30.0,45.0,,23.0,55.0,38.0,13.0,19.0,55.0,,30.0,20.0,52.0,30.0,30.0,26.0,45.0,42.0,14.0,37.0,60.0,24.0,20.0,40.0,17.0,45.0,,59.0,20.0,21.0,55.0,16.0,25.0,31.0,62.0,,48.0,14.0,22.0,32.0,25.0,37.0,35.0,26.0,24.0,44.0,12.0,,,18.0,41.0,26.0,43.0,48.0,31.0,29.0,,44.0,40.0,54.0,30.0,43.0,56.0,,56.0,,62.0,53.0,38.0,40.0,,47.0,26.0,26.0,18.0,17.0,41.0,,42.0,20.0,,46.0,,9.0,25.0,,17.0,,17.0,27.0,,24.0,38.0,46.0,,34.0,50.0,48.0,13.0,11.0,53.0,13.0,57.0,,31.0,53.0,24.0,,47.0,36.0,45.0,47.0,,,42.0,32.0,28.0,21.0,26.0,24.0,36.0,47.0,16.0,,30.0,20.0,,,40.0,14.0,28.0,,33.0,19.0,15.0,,16.0,19.0,34.0,35.0,15.0,33.0,,32.0,0.0,22.0,7.0,46.0,,46.0,43.0,17.0,29.0,,42.0,38.0,,38.0,28.0,42.0,45.0,28.0,27.0,22.0,27.0,47.0,21.0,,31.0,44.0,20.0,23.0,18.0,,45.0,20.0,17.0,,18.0,33.0,48.0,47.0,,24.0,17.0,38.0,35.0,11.0,16.0,12.0,22.0,38.0,34.0,35.0,46.0,,38.0,41.0,,22.0,19.0,,34.0,,23.0,22.0,,46.0,29.0,58.0,31.0,24.0,,17.0,22.0,,50.0,,19.0,49.0,,60.0,,,54.0,,22.0,46.0,,38.0,,30.0,50.0,24.0,,61.0,29.0,12.0,20.0,19.0,26.0,28.0,42.0,33.0,,48.0,,,33.0,,56.0,41.0,,,,55.0,40.0,,,22.0,42.0,31.0,47.0,13.0,19.0,31.0,21.0,37.0,,57.0,,,,45.0,,60.0,50.0,18.0,,,41.0,32.0,,5.0,32.0,,34.0,16.0,32.0,31.0,24.0,,13.0,,17.0,60.0,24.0,,38.0,,28.0,48.0,16.0,20.0,30.0,16.0,,21.0,52.0,31.0,18.0,,31.0,11.0,17.0,49.0,33.0,25.0,,42.0,60.0,41.0,21.0,,23.0,30.0,24.0,53.0,,,52.0,,20.0,43.0,,26.0,25.0,,9.0,26.0,,49.0,42.0,29.0,29.0,35.0,60.0,38.0,23.0,20.0,32.0,51.0,,,,37.0,59.0,43.0,31.0,20.0,,48.0,,,33.0,44.0,35.0,,,50.0,49.0,,61.0,62.0,27.0,30.0,20.0,,47.0,58.0,52.0,,28.0,,50.0,60.0,,52.0,,24.0,51.0,16.0,15.0,24.0,12.0,45.0,29.0,18.0,28.0,44.0,,26.0,,,,,20.0,60.0,49.0,44.0,,24.0,57.0,,,35.0,,20.0,,,,43.0,57.0,61.0,18.0,54.0,3.0,,22.0,45.0,25.0,,43.0,39.0,53.0,,,36.0,16.0,,56.0,48.0,,19.0,27.0,40.0,,55.0,22.0,47.0,28.0,,53.0,19.0,37.0,40.0,9.0,50.0,16.0,32.0,,10.0,24.0,24.0,8.0,32.0,,41.0,,34.0,47.0,26.0,40.0,25.0,,33.0,,14.0,46.0,,12.0,12.0,50.0,,38.0,57.0,23.0,40.0,,42.0,36.0,11.0,22.0,40.0,,43.0,26.0,,30.0,22.0,42.0,,32.0,23.0,14.0,36.0,54.0,18.0,19.0,,,0.0,46.0,,,24.0,47.0,37.0,35.0,20.0,58.0,41.0,36.0,53.0,27.0,44.0,0.0,15.0,23.0,34.0,21.0,23.0,46.0,43.0,,58.0,37.0,,25.0,36.0,44.0,24.0,39.0,26.0,27.0,,49.0,62.0,15.0,,13.0,25.0,59.0,0.0,43.0,31.0,19.0,24.0,23.0,48.0,30.0,15.0,14.0,23.0,17.0,20.0,39.0,,,22.0,35.0,23.0,49.0,55.0,,27.0,55.0,23.0,10.0,52.0,,49.0,40.0,14.0,25.0,42.0,37.0,,,25.0,36.0,36.0,39.0,42.0,59.0,21.0,58.0,42.0,14.0,,,10.0,40.0,18.0,22.0,31.0,56.0,28.0,33.0,23.0,46.0,42.0,17.0,22.0,37.0,45.0,24.0,61.0,58.0,34.0,,30.0,31.0,18.0,12.0,16.0,32.0,,,39.0,53.0,45.0,,52.0,,34.0,40.0,21.0,,9.0,,,15.0,,26.0,56.0,38.0,26.0,57.0,18.0,42.0,20.0,40.0,56.0,,23.0,53.0,55.0,39.0,,26.0,24.0,49.0,38.0,45.0,14.0,,59.0,19.0,48.0,,24.0,48.0,43.0,44.0,24.0,48.0,11.0,44.0,40.0,48.0,60.0,,36.0,54.0,,47.0,27.0,,,33.0,27.0,28.0,48.0,,17.0,,,54.0,20.0,18.0,48.0,19.0,14.0,9.0,37.0,21.0,27.0,41.0,51.0,,59.0,,52.0,36.0,,12.0,,56.0,59.0,20.0,17.0,,39.0,,9.0,61.0,,39.0,31.0,,28.0,18.0,16.0,,45.0,32.0,50.0,26.0,18.0,,55.0,39.0,51.0,62.0,41.0,47.0,29.0,58.0,25.0,58.0,40.0,30.0,48.0,,,54.0,15.0,28.0,,58.0,,,61.0,18.0,35.0,34.0,48.0,21.0,,21.0,44.0,52.0,46.0,,19.0,,,31.0,26.0,30.0,,24.0,15.0,48.0,22.0,,22.0,54.0,13.0,,21.0,45.0,37.0,25.0,60.0,,,,17.0,57.0,,59.0,61.0,,55.0,47.0,39.0,37.0,12.0,,27.0,18.0,,45.0,42.0,32.0,10.0,26.0,24.0,16.0,,,21.0,13.0,,23.0,19.0,15.0,,12.0,28.0,23.0,45.0,35.0,56.0,38.0,40.0,,26.0,36.0,55.0,,62.0,36.0,29.0,43.0,57.0,13.0,44.0,,56.0,,24.0,28.0,,62.0,25.0,48.0,45.0,35.0,26.0,0.0,,23.0,,29.0,28.0,29.0,26.0,,38.0,29.0,23.0,47.0,56.0,59.0,,51.0,,26.0,37.0,28.0,56.0,39.0,52.0,45.0,24.0,20.0,42.0,,40.0,,31.0,21.0,23.0,28.0,41.0,44.0,24.0,25.0,38.0,,15.0,21.0,33.0,32.0,62.0,44.0,30.0,25.0,,0.0,24.0,37.0,,,10.0,,50.0,46.0,39.0,165,3,2.4547945205479453,18.14065620542083,-0.3450516622483579
7,6,7,8,6,8,8,9,5,7,8,9,10,8,11,8,7,8,23,14,10,21,10,0,12,22,12,11,3,10,14,1,8,11,9,7,18,5,13,12,13,15.0,13,16,9,9,13,12,15,21,10,20,11,18,16,16,10,10,9,11,15,17,13,17,16.0,9,10,17,16,9,11,13,16,12,9,15,27,23,17,8,21,11,9,15,2,8,16,9,21,11,16,11,21,8,13,12,10,5,15,0,12,30,19,13,10,19,12,19,9,18,16,,12,9,29.0,16,22,18,7,24,15,7,13,8,12,18,12,14.0,11,16,24,28,13.0,12,15,29.0,12,26,19,23,18,19,11,10,,53.0,23,33.0,16,12,7,17,9.0,11,14,15,16,18.0,17,12,17,20,18,28,18,23.0,11,16,9,18,18,20.0,13,22,25,40,24,24.0,22,26.0,13,10,16,9,15,54.0,22.0,18,17,44.0,34.0,20,9,9,17,14,14,4,28.0,27,10,,11,17,26,19,,21,17,1,11,28.0,15,17,13,24,16,29,13,42.0,27.0,9,20,21,19.0,32,12,23,44.0,12,24.0,20.0,24,22,53.0,22,12,19,11.0,31.0,13,16,18,14,18,16.0,10,9,22,26,9,30,24.0,13.0,17,33.0,21.0,28.0,34.0,29,30.0,13,16,14,15.0,33.0,37.0,8.0,28.0,10,31.0,19.0,32.0,23,19,16.0,19,22,11,25.0,14.0,50.0,27,,17,19,26.0,11.0,18,20.0,15.0,11,25,24.0,12,34.0,22.0,11.0,23,20,16.0,16,19,19,25,34,9,11,13,17,32,19,16,19.0,28.0,25,13,17,29.0,49.0,11,36,18,9.0,33,54.0,18,17,20,11,22,23.0,14,43.0,2,24,21.0,15,18,21,,32.0,17,,42.0,25.0,30.0,27.0,19,46.0,18,29,21,16.0,13,30.0,19.0,20,35.0,31.0,35.0,28,18.0,17,38,14,17,19,13,23,23.0,23,34.0,11,17,19,49.0,25,,20,0.0,24,40.0,15,23,26.0,29,60.0,9,36.0,23.0,23,19,19.0,45.0,17.0,24.0,41.0,27,25.0,32.0,26,13.0,14,20,,31.0,16,23.0,12,11.0,,18,34,23,22.0,18,28.0,32.0,20,17.0,16,38.0,17,13,25,15.0,45.0,12,15,24,16.0,46.0,10,15,,14,18.0,10.0,21.0,12.0,41.0,5.0,16.0,45.0,18.0,23.0,19,31,30.0,20.0,22.0,23.0,19.0,21.0,27.0,11.0,15,13,33.0,27.0,1,0.0,48.0,,30.0,31.0,25.0,17,47,24.0,34.0,25.0,18.0,27,54.0,31.0,25.0,18,10,29,52.0,31.0,21.0,19.0,15,20,13.0,21.0,28,22.0,20.0,23,23.0,40.0,43.0,26,42.0,25,36.0,24.0,40.0,16,24.0,26,23.0,16,22,0.0,22.0,21.0,23.0,16,21,19,17.0,30,17.0,28,33,21.0,22,28,13.0,14.0,36,13,37.0,17.0,42.0,20.0,38.0,17.0,29,18.0,21,13,25.0,8.0,36.0,25.0,9.0,30.0,0,19,28.0,59.0,55.0,22.0,16.0,41.0,31,,23,28.0,23.0,19.0,31.0,27,8.0,32,,47.0,24.0,29,46.0,44.0,22.0,22,12,,25.0,32.0,61.0,60.0,23.0,27.0,23.0,8.0,,,12.0,27,28,42.0,12.0,13.0,12,18,18,17,26.0,24.0,16,9,44.0,,24,22.0,0.0,25.0,37,62.0,14.0,30.0,31,39.0,34.0,31.0,28.0,27.0,35.0,13,20.0,18,11.0,10,17,24,12.0,42.0,18.0,29.0,44.0,19.0,47.0,63.0,15.0,22.0,30.0,21,29.0,,27,,17.0,39.0,19.0,22,30.0,6.0,47.0,17,21,45.0,23,11.0,25.0,22.0,,29,37.0,14,18,22.0,14,56.0,8,27.0,44.0,37.0,16,17,18.0,10.0,24,54.0,13,2.0,13,47.0,18.0,23.0,45.0,37.0,12.0,25,29.0,,20.0,51.0,34.0,19.0,13.0,25,26,16.0,38,22,13,61.0,23.0,15.0,51.0,38.0,9.0,32,21.0,53.0,27.0,35,,10.0,50.0,29.0,,30,39.0,28.0,23.0,20.0,6.0,39.0,31.0,13,22.0,,14.0,,,11.0,28.0,28,25.0,63.0,14.0,15.0,19,20,,37.0,14,,48.0,0.0,20,15.0,20.0,29.0,6.0,15,10.0,61.0,46.0,23.0,38.0,18.0,38.0,17.0,31.0,46,20,46.0,26.0,,7.0,20.0,34.0,29.0,24.0,25.0,43.0,17,17,26.0,35,10.0,4.0,22.0,45.0,25,19,20.0,23.0,20.0,32.0,55.0,38.0,,14.0,47.0,10,22.0,18.0,45.0,47.0,23.0,18.0,17,38.0,26.0,39.0,21,27.0,39.0,24.0,35.0,22.0,24.0,25,59.0,27,30.0,,26.0,,,15.0,28.0,20.0,30.0,32.0,49.0,27.0,23.0,21.0,24.0,51.0,,25.0,21.0,,13.0,32,,33.0,16,22.0,37.0,7,17.0,9.0,29.0,27,21,18,21.0,33.0,53.0,12.0,51.0,,11.0,,27.0,27,26.0,26,26.0,41,27,19.0,19,,9.0,12.0,,18,15.0,30.0,38.0,18.0,34.0,20.0,16,29.0,21,17.0,,28.0,33,23.0,19,28,17.0,24.0,14.0,25,40.0,20.0,19,29.0,31.0,,18.0,,34.0,20.0,37.0,26,17.0,37.0,46.0,32.0,34.0,52.0,31.0,58.0,25,33.0,25,25.0,36.0,31.0,33.0,54,23,31.0,9.0,48.0,15.0,28.0,37.0,24.0,17.0,51.0,31,41.0,22.0,21,12,40.0,12.0,24,18.0,37.0,20,29.0,9,23,47,24.0,39.0,27.0,14.0,55.0,28.0,39.0,26.0,26.0,50.0,23.0,30.0,8.0,29.0,13.0,,60.0,16.0,11.0,42.0,49.0,24.0,28.0,21.0,39.0,23.0,,,13.0,18.0,21.0,31.0,40.0,61.0,37.0,27.0,41.0,53.0,21.0,43.0,29.0,45.0,30.0,19.0,45.0,17.0,47.0,40.0,2,28.0,24.0,,34,0.0,28.0,43.0,22.0,32.0,,17.0,17.0,27.0,24.0,13.0,13.0,47.0,29.0,15.0,61.0,19.0,36.0,31.0,,38.0,52.0,17.0,22.0,31.0,35.0,42.0,,22,40.0,33.0,47.0,26,,39.0,27.0,12.0,30.0,25.0,18.0,29.0,,20,23.0,23.0,21.0,37.0,,36.0,15,18,25.0,36.0,28.0,37.0,,11.0,35,16,35.0,23.0,14.0,16.0,50.0,50.0,38.0,17.0,42.0,,27.0,50.0,39.0,34.0,25.0,23.0,37,11.0,23.0,,36.0,34.0,13,27.0,17,59.0,22,0.0,25.0,24.0,24.0,30.0,28.0,28.0,44.0,45.0,11.0,37.0,42.0,28,50.0,15.0,23.0,37.0,42.0,27,27.0,42.0,28.0,45.0,29.0,39.0,63.0,,28.0,14,31,20.0,,10.0,27.0,,14.0,40.0,45.0,19,30.0,63.0,61.0,,62.0,45.0,32.0,13.0,21,32.0,23.0,20.0,13,30,17.0,51.0,,40.0,42.0,27.0,38.0,55.0,49.0,,48.0,29.0,37.0,,42.0,23,12.0,33.0,12.0,2.0,48.0,25,54.0,22.0,14,16.0,32.0,60.0,20.0,61.0,44.0,33.0,33.0,14.0,11.0,,13,37.0,54.0,,,62,40.0,36.0,33.0,15.0,8.0,,19.0,,25.0,10.0,31.0,42.0,18.0,28,24,,7.0,40.0,6.0,30.0,28,31,22.0,50.0,,21.0,44.0,53.0,48.0,28.0,19.0,27.0,,25.0,,22.0,23.0,21,19,48.0,28.0,23.0,11.0,63.0,22,17.0,36.0,17.0,28.0,,22.0,18.0,48.0,16.0,,,32.0,63.0,53.0,51.0,31,28.0,24.0,26,47.0,54.0,29.0,,56.0,22.0,23.0,,53.0,,0.0,21.0,12.0,36.0,58.0,21.0,34.0,23.0,30.0,22.0,,27.0,49.0,26.0,,,34.0,25.0,26.0,25.0,35.0,8.0,20.0,29.0,13.0,10.0,28.0,59.0,12.0,48.0,25.0,37.0,48.0,30.0,42.0,,35.0,48.0,24.0,12.0,15.0,0.0,24.0,59.0,,28.0,8.0,,23.0,16.0,28.0,10,,17.0,,38.0,56.0,8.0,18.0,32.0,42.0,28.0,15.0,39.0,25.0,25.0,50.0,31.0,35.0,20.0,,15.0,27.0,23.0,23.0,27.0,29.0,44.0,41.0,,26.0,37.0,44.0,,19.0,,59.0,36.0,0.0,24.0,44.0,30.0,21.0,43.0,61.0,10.0,60.0,19.0,32,30.0,39.0,23.0,38.0,33.0,29.0,45.0,55.0,22.0,21,10.0,,55.0,18.0,17.0,36.0,62.0,34.0,30.0,60.0,,15.0,63.0,0.0,16.0,36.0,29,30.0,8.0,,53.0,8.0,37.0,24.0,10.0,9.0,32.0,16.0,16.0,18.0,21.0,38.0,21.0,27.0,26.0,28.0,55.0,55.0,,12.0,20.0,13,34,16.0,54.0,10.0,22.0,,41.0,26.0,11.0,30.0,39.0,,,47.0,23.0,,23.0,,8.0,20.0,26.0,38.0,54.0,38.0,50.0,15.0,31.0,19.0,16.0,22.0,,39.0,,40.0,16.0,,38.0,47.0,45.0,,39.0,30.0,44.0,19.0,36.0,,24.0,23.0,25.0,17,50.0,25.0,16.0,,31,34.0,,61.0,34.0,33.0,27.0,40.0,32.0,9,37.0,24.0,41.0,21.0,31.0,8.0,24.0,25,31.0,30.0,38.0,,27,14.0,11.0,5.0,,58.0,22.0,41.0,,29.0,,25.0,41.0,39.0,,36.0,29.0,11.0,33.0,24.0,30.0,20.0,,26.0,,5,,49.0,27.0,29.0,34.0,48.0,56.0,20.0,36.0,27.0,38.0,24.0,50.0,0,16.0,2.0,33.0,44.0,,59.0,27.0,,,29.0,40.0,23.0,55.0,22.0,,38.0,22.0,52.0,14.0,,,,13.0,39.0,46.0,42.0,23.0,41.0,20.0,30.0,34.0,,36.0,20.0,29.0,,35.0,28.0,16.0,28.0,28.0,31.0,22.0,53.0,28.0,22.0,0.0,37.0,27.0,18.0,20.0,22.0,31.0,,,14.0,45.0,,61.0,24.0,32.0,28.0,18.0,,36.0,19.0,16.0,,,38,55.0,38.0,41.0,45.0,35.0,48.0,47.0,60.0,22.0,25.0,12.0,18.0,26.0,13.0,13.0,12.0,23.0,26.0,43.0,39.0,52.0,38.0,55.0,22.0,41.0,52.0,42.0,56.0,,21.0,,30.0,33.0,,,46.0,28.0,60.0,52.0,,35.0,38.0,40.0,10.0,20.0,26.0,62.0,,33.0,49.0,25.0,,,19.0,10.0,14.0,20.0,57.0,2.0,38.0,43.0,,27.0,,,21.0,48.0,20.0,19.0,33.0,,57.0,20.0,0.0,41.0,28.0,25.0,46.0,27.0,56.0,35.0,,56.0,23.0,52.0,29.0,,,0.0,37.0,43.0,13.0,,31.0,42.0,63.0,47.0,14.0,20.0,42.0,61.0,,37.0,,12.0,19.0,56.0,51.0,14.0,49.0,24.0,35.0,25.0,21.0,43.0,19.0,22.0,,33.0,,20.0,14.0,46.0,,25.0,55.0,,18.0,14,31.0,16.0,16.0,61.0,43.0,17.0,41.0,43.0,33.0,35.0,39,23.0,49.0,0.0,38.0,26.0,53.0,55.0,,39,32.0,18.0,39.0,25.0,12.0,63.0,16.0,,49.0,48.0,34.0,19.0,34.0,63.0,,22.0,,59.0,14.0,32.0,24.0,24.0,32.0,,,30.0,21.0,,60.0,26.0,,45.0,,35.0,27.0,32.0,24.0,32.0,,,3.0,26.0,,37.0,0.0,,21.0,55.0,24.0,39.0,23.0,51.0,62.0,36.0,62.0,12.0,42.0,,26.0,30.0,44.0,30.0,37.0,28.0,59.0,47.0,46.0,54.0,24.0,37.0,32.0,35.0,48.0,26.0,25.0,,14.0,40.0,40.0,55.0,,40.0,50.0,9.0,26.0,55.0,39.0,,48.0,31.0,44.0,,,35.0,17.0,,32.0,11.0,30.0,,24.0,43.0,25.0,,34.0,,,20.0,34,,,21.0,35.0,21.0,34.0,36.0,39.0,,24.0,,37.0,,25.0,24.0,9.0,40.0,47.0,26.0,,57.0,23.0,47.0,40.0,,27.0,29.0,17.0,38.0,31.0,3.0,36.0,31.0,21.0,21.0,,18.0,,15.0,40.0,44.0,39.0,41.0,44.0,48.0,17.0,10.0,10.0,,54.0,27.0,21.0,20.0,23.0,34.0,24.0,12.0,,42.0,45.0,17.0,52.0,31.0,27.0,48.0,32.0,,33.0,12.0,,26.0,,13.0,18.0,41.0,31.0,,36.0,,9,,14.0,12,6.0,27.0,,47.0,58.0,33.0,,18.0,12.0,47.0,27.0,,28.0,30.0,13.0,38.0,28.0,18.0,19.0,,15.0,,37.0,32.0,30.0,,50.0,10.0,39.0,40.0,10.0,,19.0,38.0,17.0,40.0,42.0,,32.0,20.0,62.0,40.0,17.0,25.0,38.0,31.0,21.0,15.0,9.0,12.0,26.0,,25.0,14.0,21.0,35.0,18.0,25.0,35.0,5.0,21.0,30.0,2.0,12.0,49.0,34.0,20.0,16.0,19.0,17.0,19.0,63.0,53.0,,61.0,7.0,,23.0,46.0,36.0,17.0,46.0,44.0,0.0,23.0,13.0,54.0,63.0,52.0,54.0,12.0,25.0,23.0,30.0,10.0,20.0,14.0,30.0,35.0,,27.0,,11.0,44.0,43.0,18.0,42.0,25.0,2.0,,,13.0,23.0,33.0,34.0,27.0,46.0,39.0,,10.0,35.0,45.0,,,27.0,,,19.0,17.0,,27.0,29.0,25.0,27.0,33.0,,41.0,63.0,25.0,30.0,44.0,24.0,12.0,33.0,7.0,,33.0,38.0,63.0,13.0,,16.0,31.0,,29.0,12.0,,23.0,28.0,30.0,,,48.0,22.0,21.0,,26.0,23.0,,,,32.0,60.0,26.0,26.0,,,14.0,40.0,46.0,,,52.0,,21.0,18.0,42.0,32.0,,15.0,47.0,24.0,35.0,,59.0,30.0,15.0,19.0,,33.0,,54.0,32.0,,,21.0,19.0,36.0,,28.0,9.0,17.0,9.0,37.0,52.0,54.0,48.0,51.0,49.0,33.0,,,21.0,36.0,35.0,41.0,16.0,28.0,33.0,17.0,43.0,40.0,59.0,62.0,17.0,40.0,61.0,20.0,28.0,17.0,37.0,26.0,,21.0,20.0,62.0,33.0,,17.0,25.0,61.0,61.0,16.0,18.0,43.0,39.0,40.0,49.0,52.0,42.0,,20.0,,39.0,24.0,53.0,62.0,29.0,,35.0,33.0,,,38.0,,,,,39.0,,,,18.0,,50.0,21.0,30.0,21.0,,,11.0,15.0,28.0,33.0,22.0,22.0,34.0,24.0,35.0,24.0,48.0,39.0,17.0,30.0,54.0,,14.0,39.0,28.0,,44.0,,48.0,,34.0,20.0,37.0,56.0,27.0,49.0,,33.0,16.0,19.0,37.0,41.0,15.0,48.0,,,37.0,26.0,52.0,40.0,27.0,29.0,42.0,20.0,59.0,,23.0,24.0,,37.0,7.0,19.0,12.0,63.0,,19.0,61.0,22.0,30.0,23.0,,12.0,30.0,33.0,,63.0,,42.0,8.0,39.0,20.0,16.0,,48.0,34.0,,25.0,58.0,34.0,45.0,29.0,,46.0,,15.0,20.0,52.0,42.0,22.0,31.0,30.0,36.0,38.0,19.0,45.0,56.0,33.0,,,47.0,46.0,,55.0,,27.0,19.0,58.0,62.0,14.0,49.0,21.0,,4.0,18.0,32.0,33.0,,,62.0,43.0,31.0,26.0,47.0,,58.0,0.0,51.0,57.0,,45.0,,31.0,,25.0,,,29.0,30.0,27.0,,,24.0,15.0,39.0,,27.0,26.0,,26.0,,50.0,26.0,51.0,,31.0,,48.0,48.0,26.0,29.0,24.0,62.0,8.0,25.0,8.0,33.0,,38.0,31.0,,53.0,49.0,32.0,,17.0,,45.0,,,12.0,,25.0,,0.0,59.0,34.0,32.0,21.0,60.0,47.0,42.0,26.0,,42.0,47.0,37.0,36.0,61.0,41.0,16.0,29.0,27.0,,42.0,57.0,10.0,33.0,35.0,39.0,17.0,21.0,,,13.0,58.0,24.0,,61.0,8.0,40.0,9.0,51.0,44.0,63.0,31.0,21.0,18.0,25.0,33.0,52.0,36.0,27.0,34.0,41.0,,,35.0,,41.0,,23.0,15.0,24.0,,25.0,36.0,19.0,,34.0,,,63.0,41.0,,18.0,,56.0,,28.0,,26.0,55.0,11.0,17.0,27.0,,33.0,,10.0,53.0,17.0,21.0,62.0,53.0,26.0,14.0,26.0,,42.0,,15.0,40.0,56.0,0.0,8.0,12.0,30.0,,46.0,27.0,39.0,20.0,30.0,21.0,25.0,35.0,56.0,44.0,36.0,30.0,9.0,59.0,51.0,36.0,,19.0,35.0,,,57.0,49.0,24.0,54.0,39.0,33.0,13.0,32.0,22.0,29.0,20.0,32.0,36.0,25.0,,47.0,,30.0,27.0,32.0,41.0,10.0,36.0,4.0,38.0,30.0,30.0,24.0,41.0,44.0,20.0,11.0,,30.0,43.0,18.0,29.0,,41.0,27.0,,,42.0,,20.0,23.0,14.0,23.0,12.0,7.0,16.0,59.0,10.0,,18.0,38.0,0.0,60.0,37.0,26.0,,,62.0,37.0,,34.0,,57.0,51.0,,34.0,43.0,47.0,47.0,,19.0,,,,16.0,,15.0,36.0,17.0,,14.0,36.0,39.0,19.0,30.0,29.0,27.0,,,46.0,49.0,27.0,25.0,23.0,8.0,31.0,43.0,57.0,28.0,14.0,62.0,43.0,,18.0,43.0,58.0,,16.0,,8.0,37.0,34.0,,60.0,63.0,14.0,,13.0,43.0,,,30.0,32.0,26.0,24.0,25.0,47.0,,41.0,33.0,22.0,,,26.0,27.0,26.0,18.0,31.0,23.0,31.0,,22.0,53.0,0.0,0.0,55.0,48.0,25.0,,35.0,26.0,26.0,,,56.0,,32.0,22.0,15.0,18.0,17.0,21.0,14.0,41.0,0.0,34.0,23.0,51.0,,28.0,,0.0,,20.0,,27.0,38.0,19.0,16.0,33.0,28.0,35.0,,16.0,44.0,,15.0,62.0,,27.0,38.0,49.0,45.0,,57.0,,25.0,,21.0,56.0,11.0,,,,28.0,12.0,32.0,,22.0,56.0,27.0,,28.0,,43.0,,40.0,19.0,,34.0,37.0,,,18.0,58.0,46.0,21.0,43.0,37.0,26.0,30.0,48.0,36.0,63.0,25.0,23.0,24.0,28.0,,,,27.0,51.0,45.0,56.0,54.0,46.0,37.0,52.0,38.0,23.0,47.0,13.0,16.0,18.0,8.0,47.0,32.0,41.0,30.0,28.0,38.0,58.0,58.0,29.0,,43.0,,26.0,13.0,55.0,43.0,59.0,53.0,,11.0,17.0,30.0,25.0,44.0,,63.0,22.0,45.0,50.0,48.0,55.0,39.0,11.0,39.0,60.0,46.0,,47.0,10.0,25.0,0.0,6.0,,31.0,44.0,41.0,57.0,60.0,,56.0,25.0,35.0,,43.0,18.0,36.0,,59.0,,49.0,,,46.0,47.0,26.0,21.0,57.0,31.0,29.0,41.0,24.0,,46.0,,43.0,33.0,,60.0,,39.0,11.0,42.0,50.0,47.0,29.0,38.0,19.0,30.0,,55.0,35.0,48.0,17.0,7.0,24.0,22.0,39.0,17.0,16.0,,19.0,,11.0,,30.0,44.0,,25.0,21.0,25.0,43.0,12.0,55.0,4.0,15.0,28.0,32.0,39.0,27.0,2.0,54.0,30.0,27.0,26.0,23.0,27.0,16.0,14.0,8.0,57.0,,57.0,26.0,12.0,37.0,,24.0,,,53.0,56.0,15.0,58.0,54.0,31.0,13.0,34.0,44.0,,,57.0,31.0,,,20.0,,46.0,21.0,49.0,31.0,24.0,25.0,25.0,,19.0,,11.0,,30.0,33.0,25.0,,33.0,9.0,29.0,21.0,,,17.0,,24.0,25.0,47.0,42.0,58.0,40.0,27.0,,61.0,53.0,22.0,39.0,,51.0,,,15.0,10.0,,43.0,33.0,34.0,,,,,45.0,,,56.0,,51.0,63.0,,22.0,,,40.0,16.0,166,3,2.441576086956522,18.73811557073726,-0.3447292030632137
0,5,2,6,3,6,6,6,4,6,4,6,6,6,6,7,8,6,20,12,9,1,8,9,7,10,7,8,2,11,8,9,7,8,10,10,9,10,10,12,13,12.0,12,5,7,1,14,9,1,25,12,4,10,9,17,16,10,9,1,10,8,16,13,8,9.0,13,20,7,11,8,16,11,8,10,4,8,14,9,3,13,16,11,7,2,12,13,0,13,16,12,9,0,10,16,19,16,22,14,3,15,17,16,16,10,12,16,12,17,14,6,13,13.0,15,16,22.0,14,12,18,14,30,11,19,3,15,8,7,14,18.0,33,3,14,13,18.0,12,13,32.0,11,23,27,22,9,15,22,15,16.0,38.0,7,,7,14,16,15,37.0,10,15,9,13,14.0,22,15,42,15,19,20,18,14.0,15,17,19,14,15,23.0,10,11,20,25,21,20.0,5,5.0,19,7,20,16,13,,48.0,13,15,40.0,,17,21,12,0,14,7,8,14.0,18,37,,11,22,29,7,14.0,10,11,11,10,33.0,12,31,20,19,9,19,9,13.0,18.0,27,17,17,42.0,20,1,15,18.0,16,4.0,19.0,8,16,29.0,15,12,11,8.0,34.0,17,11,12,20,14,19.0,13,10,19,9,23,14,16.0,43.0,21,31.0,40.0,22.0,33.0,22,18.0,15,16,29,11.0,33.0,32.0,10.0,35.0,18,39.0,14.0,45.0,6,15,11.0,4,19,21,13.0,58.0,15.0,5,32.0,12,26,6.0,15.0,6,30.0,10.0,11,20,7.0,14,32.0,9.0,30.0,17,14,34.0,11,17,12,31,23,16,15,30,9,16,14,12,16.0,22.0,18,13,9,14.0,8.0,9,19,15,30.0,29,54.0,12,10,12,9,5,,13,27.0,13,15,7.0,0,26,15,,7.0,5,22.0,56.0,40.0,21.0,17.0,12,23.0,21,19,23,28.0,14,,23.0,12,,17.0,48.0,20,10.0,13,28,6,34,23,34,16,17.0,18,28.0,19,12,3,48.0,10,36.0,20,19.0,13,33.0,33,0,9.0,33,,33,38.0,24.0,5,17,44.0,43.0,17.0,11.0,3.0,17,21.0,9.0,20,38.0,18,13,,30.0,44,14.0,18,12.0,48.0,18,20,13,42.0,4,40.0,44.0,27,33.0,11,7.0,20,21,16,18.0,28.0,15,21,16,13.0,20.0,8,11,33.0,32,25.0,11.0,3.0,15.0,2.0,,20.0,38.0,29.0,15.0,15,24,33.0,39.0,16.0,35.0,33.0,10.0,,23.0,10,16,19.0,38.0,15,,13.0,17.0,13.0,24.0,17.0,20,15,22.0,34.0,25.0,17.0,14,16.0,14.0,56.0,18,11,23,30.0,13.0,24.0,10.0,28,19,18.0,,15,25.0,16.0,39,19.0,29.0,9.0,8,12.0,26,36.0,39.0,35.0,15,21.0,25,10.0,12,27,41.0,19.0,11.0,34.0,17,11,16,16.0,14,32.0,20,41,14.0,16,17,22.0,25.0,19,14,19.0,26.0,17.0,11.0,4.0,15.0,14,37.0,26,20,17.0,34.0,18.0,10.0,12.0,23.0,23,17,33.0,,15.0,34.0,16.0,38.0,6,19.0,22,31.0,21.0,16.0,,21,7.0,20,13.0,24.0,46.0,22,14.0,49.0,,18,36,11.0,39.0,21.0,5.0,51.0,35.0,15.0,20.0,0.0,,18.0,40.0,17,21,,28.0,1.0,16,32,23,17,11.0,,17,28,3.0,14.0,5,6.0,0.0,10.0,9,,33.0,,12,23.0,15.0,29.0,,9.0,11.0,15,22.0,23,12.0,15,22,14,15.0,39.0,42.0,21.0,36.0,18.0,46.0,31.0,33.0,23.0,12.0,1,,23.0,36,22.0,24.0,10.0,20.0,19,13.0,18.0,,16,28,,0,24.0,20.0,23.0,12.0,11,12.0,17,13,21.0,9,31.0,8,35.0,54.0,23.0,20,38,33.0,35.0,14,20.0,21,,24,,27.0,,57.0,15.0,24.0,31,24.0,,20.0,19.0,57.0,14.0,23.0,17,18,21.0,8,22,22,42.0,49.0,13.0,50.0,19.0,15.0,25,21.0,23.0,15.0,17,40.0,,24.0,12.0,,3,26.0,26.0,3.0,,20.0,9.0,21.0,35,27.0,,,,6.0,1.0,2.0,11,25.0,53.0,31.0,20.0,15,18,,37.0,14,,29.0,22.0,7,43.0,55.0,19.0,27.0,14,34.0,40.0,33.0,11.0,56.0,13.0,,26.0,37.0,22,38,30.0,12.0,,24.0,48.0,17.0,22.0,37.0,8.0,23.0,34,12,14.0,22,24.0,58.0,12.0,23.0,19,16,3.0,57.0,29.0,19.0,33.0,33.0,59.0,33.0,42.0,18,16.0,11.0,25.0,37.0,40.0,41.0,8,35.0,27.0,27.0,22,,19.0,17.0,21.0,17.0,12.0,15,25.0,36,24.0,46.0,25.0,24.0,46.0,16.0,52.0,,18.0,28.0,48.0,8.0,34.0,,47.0,17.0,,47.0,1.0,53.0,24.0,16,13.0,21.0,12,25.0,28.0,21,27.0,19.0,20.0,18,18,20,18.0,4.0,38.0,12.0,9.0,50.0,9.0,,34.0,3,11.0,17,14.0,19,26,18.0,20,8.0,25.0,14.0,,21,7.0,19.0,49.0,31.0,21.0,,0,9.0,19,31.0,55.0,43.0,35,44.0,4,17,17.0,21.0,16.0,19,8.0,,14,15.0,9.0,25.0,38.0,,29.0,45.0,14.0,23,24.0,49.0,18.0,46.0,43.0,,36.0,38.0,17,42.0,5,12.0,13.0,22.0,49.0,18,17,20.0,41.0,48.0,20.0,40.0,52.0,16.0,15.0,30.0,16,28.0,10.0,35,18,23.0,,36,18.0,59.0,31,12.0,17,21,24,21.0,25.0,28.0,28.0,14.0,21.0,30.0,,35.0,54.0,18.0,15.0,40.0,21.0,24.0,,7.0,7.0,29.0,20.0,52.0,25.0,45.0,8.0,26.0,14.0,7.0,,41.0,37.0,17.0,16.0,36.0,16.0,11.0,,26.0,30.0,24.0,41.0,17.0,17.0,35.0,16.0,30.0,24.0,31.0,17.0,26,9.0,14.0,18.0,15,20.0,7.0,,26.0,41.0,,15.0,12.0,16.0,22.0,,25.0,40.0,58.0,23.0,16.0,15.0,37.0,17.0,17.0,39.0,21.0,,13.0,27.0,0.0,,0.0,16,30.0,21.0,11.0,18,23.0,26.0,18.0,20.0,14.0,24.0,16.0,14.0,17.0,25,35.0,,26.0,17.0,48.0,33.0,3,12,9.0,19.0,19.0,22.0,13.0,,15,22,40.0,9.0,19.0,28.0,29.0,56.0,14.0,21.0,51.0,27.0,44.0,46.0,29.0,41.0,44.0,25.0,18,27.0,22.0,23.0,22.0,25.0,28,14.0,23,,38,25.0,,33.0,0.0,57.0,1.0,31.0,60.0,16.0,16.0,58.0,16.0,8,47.0,,,20.0,32.0,19,33.0,,25.0,10.0,25.0,22.0,42.0,24.0,19.0,29,10,15.0,,35.0,26.0,27.0,34.0,18.0,26.0,12,14.0,33.0,11.0,22.0,16.0,39.0,27.0,30.0,16,30.0,33.0,24.0,16,16,58.0,,32.0,29.0,10.0,13.0,11.0,33.0,41.0,53.0,28.0,17.0,21.0,33.0,24.0,18,39.0,32.0,23.0,24.0,,14,33.0,18.0,52,23.0,20.0,10.0,29.0,58.0,31.0,34.0,36.0,18.0,,35.0,33,41.0,25.0,28.0,35.0,18,,27.0,15.0,12.0,52.0,16.0,,15.0,41.0,40.0,23.0,20.0,27.0,32,23,16.0,27.0,32.0,33.0,23.0,27,15,15.0,44.0,37.0,28.0,,21.0,43.0,15.0,29.0,33.0,12.0,41.0,45.0,23.0,35.0,17,24,15.0,15.0,30.0,27.0,38.0,17,41.0,15.0,43.0,27.0,38.0,43.0,18.0,14.0,23.0,,46.0,,20.0,11.0,,28,6.0,23.0,16,38.0,,7.0,,23.0,,5.0,33.0,,51.0,30.0,,20.0,48.0,41.0,,28.0,23.0,25.0,48.0,,49.0,,19.0,36.0,38.0,53.0,15.0,17.0,19.0,55.0,,27.0,,23.0,24.0,,29.0,26.0,50.0,44.0,,11.0,11.0,36.0,18.0,28.0,42.0,11.0,36.0,16.0,11.0,51.0,,41.0,50.0,,42.0,50.0,38.0,32.0,17,16.0,4.0,48.0,34.0,,6.0,25.0,46.0,17.0,49.0,16.0,32.0,56.0,37.0,15.0,48.0,,17.0,54.0,15.0,53.0,28.0,19.0,32.0,13.0,38.0,13.0,13.0,23.0,,27.0,42.0,42.0,,30.0,14.0,,18.0,9.0,,33.0,,16.0,9.0,9.0,5.0,27,25.0,21.0,12.0,13.0,46.0,25.0,18.0,32.0,18.0,17,43.0,,25.0,17.0,21.0,30.0,36.0,33.0,29.0,31.0,,11.0,19.0,,37.0,,18,17.0,2.0,58.0,21.0,,25.0,15.0,45.0,23.0,51.0,39.0,23.0,7.0,37.0,56.0,11.0,45.0,18.0,24.0,11.0,39.0,20.0,19.0,31.0,16,12,47.0,22.0,18.0,22.0,18.0,46.0,42.0,44.0,12.0,6.0,,31.0,,39.0,40.0,49.0,,28.0,,20.0,25.0,16.0,,55.0,,23.0,18.0,31.0,50.0,22.0,45.0,17.0,35.0,25.0,,17.0,21.0,20.0,8.0,22.0,7.0,32.0,24.0,,,19.0,,37.0,22,31.0,36.0,8.0,29.0,31,0.0,23.0,42.0,25.0,,,18.0,23.0,22,,14.0,17.0,,26.0,19.0,,38,55.0,,41.0,,28,20.0,27.0,28.0,18.0,36.0,18.0,19.0,27.0,6.0,21.0,13.0,31.0,11.0,35.0,16.0,28.0,17.0,23.0,43.0,37.0,32.0,36.0,16.0,,40,,60.0,26.0,16.0,36.0,30.0,18.0,32.0,,33.0,15.0,49.0,28.0,16,35.0,31.0,33.0,7.0,11.0,21.0,40.0,44.0,,15.0,25.0,22.0,19.0,44.0,16.0,21.0,,,41.0,,,36.0,11.0,40.0,30.0,,25.0,19.0,36.0,22.0,25.0,14.0,40.0,13.0,,11.0,16.0,50.0,16.0,36.0,28.0,27.0,26.0,47.0,36.0,22.0,,33.0,52.0,22.0,34.0,49.0,13.0,43.0,55.0,,,29.0,5.0,27.0,22.0,10.0,31.0,39.0,,24.0,39.0,23.0,,26,3.0,,12.0,24.0,,40.0,23.0,60.0,17.0,30.0,27.0,10.0,36.0,8.0,27.0,45.0,17.0,28.0,,,,,7.0,15.0,,45.0,59.0,25.0,,47.0,32.0,48.0,29.0,28.0,31.0,33.0,11.0,29.0,20.0,11.0,9.0,17.0,20.0,32.0,7.0,33.0,20.0,,29.0,0.0,,38.0,13.0,52.0,35.0,26.0,48.0,48.0,37.0,10.0,29.0,,59.0,15.0,22.0,35.0,31.0,17.0,22.0,26.0,,30.0,23.0,19.0,28.0,28.0,55.0,24.0,34.0,11.0,13.0,7.0,37.0,31.0,59.0,42.0,,56.0,15.0,53.0,12.0,8.0,21.0,42.0,30.0,30.0,,18.0,42.0,10.0,30.0,36.0,48.0,7.0,20.0,19.0,6.0,28.0,0.0,32.0,22.0,40.0,,25.0,23.0,17.0,16.0,25.0,29.0,22.0,20.0,23.0,,46.0,,45.0,,,11,33.0,57.0,33.0,51.0,8.0,23.0,19.0,59.0,15.0,32.0,25,45.0,13.0,13.0,48.0,29.0,,41.0,13.0,27,17.0,38.0,26.0,16.0,41.0,30.0,24.0,,,54.0,,30.0,17.0,,37.0,56.0,13.0,18.0,51.0,57.0,35.0,24.0,37.0,47.0,33.0,39.0,0.0,46.0,,26.0,31.0,26.0,15.0,15.0,4.0,13.0,17.0,12.0,22.0,2.0,15.0,40.0,21.0,26.0,,46.0,,,0.0,34.0,14.0,29.0,37.0,20.0,41.0,36.0,35.0,,,29.0,43.0,20.0,45.0,19.0,15.0,28.0,33.0,26.0,21.0,32.0,28.0,12.0,,26.0,,,14.0,,22.0,,49.0,,41.0,46.0,21.0,15.0,17.0,33.0,,14.0,51.0,3.0,,17.0,21.0,57.0,46.0,47.0,39.0,0.0,44.0,11.0,,32.0,51.0,,,56.0,32,13.0,,45.0,9.0,34.0,12.0,,,,47.0,20.0,,23.0,39.0,0.0,21.0,22.0,14.0,,,48.0,35.0,49.0,37.0,60.0,51.0,19.0,36.0,53.0,13.0,5.0,11.0,19.0,42.0,23.0,,43.0,58.0,16.0,27.0,51.0,,,48.0,21.0,37.0,7.0,35.0,26.0,25.0,,16.0,27.0,,8.0,29.0,30.0,50.0,27.0,41.0,43.0,47.0,29.0,20.0,,60.0,48.0,23.0,24.0,44.0,28.0,38.0,17.0,10.0,10.0,,15.0,47.0,24.0,14,60.0,59.0,14,14.0,,27.0,35.0,30.0,29.0,28.0,29.0,22.0,22.0,,,,,35.0,23.0,,,32.0,51.0,41.0,26.0,,52.0,16.0,13.0,43.0,20.0,35.0,22.0,12.0,30.0,,24.0,34.0,20.0,,13.0,,45.0,45.0,42.0,33.0,43.0,,20.0,15.0,16.0,,22.0,,10.0,33.0,,39.0,57.0,23.0,29.0,27.0,7.0,54.0,30.0,37.0,5.0,17.0,31.0,13.0,18.0,45.0,42.0,51.0,,3.0,47.0,26.0,,13.0,10.0,18.0,,16.0,40.0,13.0,,47.0,8.0,,30.0,26.0,35.0,42.0,0.0,54.0,26.0,25.0,,,33.0,58.0,22.0,22.0,44.0,36.0,31.0,31.0,19.0,,24.0,52.0,9.0,32.0,25.0,,29.0,,18.0,25.0,13.0,36.0,35.0,59.0,33.0,,,23.0,27.0,22.0,12.0,17.0,36.0,13.0,26.0,17.0,,37.0,34.0,,,34.0,,23.0,22.0,,43.0,8.0,6.0,0.0,27.0,58.0,,32.0,,,22.0,34.0,15.0,20.0,46.0,35.0,19.0,47.0,50.0,47.0,12.0,8.0,,,2.0,16.0,14.0,,47.0,32.0,33.0,,,,37.0,9.0,,6.0,55.0,,17.0,51.0,14.0,,29.0,54.0,30.0,,40.0,16.0,,47.0,32.0,,24.0,12.0,9.0,27.0,21.0,39.0,,18.0,27.0,52.0,,30.0,41.0,24.0,18.0,19.0,28.0,56.0,,52.0,,,40.0,39.0,19.0,30.0,24.0,29.0,49.0,15.0,21.0,,31.0,44.0,19.0,18.0,,10.0,15.0,32.0,40.0,24.0,20.0,36.0,25.0,52.0,,21.0,,11.0,47.0,34.0,23.0,14.0,,,14.0,23.0,56.0,23.0,,13.0,10.0,3.0,15.0,,51.0,22.0,30.0,,24.0,,45.0,52.0,46.0,35.0,38.0,13.0,24.0,18.0,,24.0,25.0,,15.0,54.0,,,21.0,38.0,14.0,23.0,17.0,,,41.0,20.0,56.0,32.0,52.0,50.0,38.0,57.0,35.0,,26.0,32.0,,59.0,19.0,45.0,,,,40.0,25.0,47.0,60.0,5.0,20.0,55.0,25.0,,30.0,29.0,54.0,,24.0,20.0,24.0,25.0,10.0,20.0,,17.0,,32.0,,,43.0,9.0,10.0,31.0,34.0,,37.0,13.0,23.0,,59.0,4.0,,30.0,31.0,50.0,22.0,56.0,,23.0,25.0,13.0,37.0,31.0,15.0,,43.0,13.0,13.0,55.0,26.0,,,,15.0,53.0,28.0,,59.0,22.0,21.0,20.0,38.0,8.0,27.0,37.0,28.0,47.0,34.0,,41.0,32.0,35.0,23.0,32.0,,,38.0,57.0,11.0,44.0,,6.0,37.0,16.0,17.0,22.0,40.0,47.0,35.0,53.0,24.0,18.0,34.0,41.0,,32.0,35.0,16.0,,36.0,,14.0,,23.0,22.0,28.0,8.0,27.0,,32.0,15.0,44.0,19.0,18.0,35.0,40.0,35.0,,25.0,35.0,57.0,31.0,29.0,46.0,34.0,40.0,39.0,,25.0,19.0,,11.0,48.0,16.0,22.0,25.0,11.0,,54.0,3.0,22.0,9.0,42.0,49.0,31.0,59.0,8.0,42.0,45.0,12.0,56.0,,52.0,26.0,24.0,53.0,,52.0,17.0,,41.0,21.0,28.0,38.0,,,0.0,11.0,20.0,33.0,42.0,24.0,13.0,,,19.0,,,,54.0,27.0,14.0,22.0,33.0,49.0,44.0,13.0,32.0,,10.0,,37.0,24.0,44.0,,58.0,28.0,30.0,25.0,52.0,28.0,,,34.0,23.0,,24.0,8.0,13.0,,28.0,35.0,12.0,8.0,46.0,,32.0,37.0,16.0,23.0,15.0,51.0,29.0,15.0,34.0,37.0,36.0,22.0,24.0,55.0,18.0,10.0,,,30.0,39.0,55.0,19.0,4.0,38.0,15.0,15.0,8.0,25.0,20.0,30.0,55.0,30.0,,52.0,22.0,51.0,40.0,52.0,51.0,26.0,,,23.0,13.0,0.0,32.0,,59.0,43.0,,24.0,36.0,0.0,25.0,54.0,12.0,29.0,38.0,40.0,6.0,30.0,24.0,47.0,30.0,,54.0,32.0,25.0,,44.0,,54.0,25.0,,31.0,46.0,22.0,,42.0,53.0,15.0,24.0,24.0,17.0,18.0,28.0,,17.0,35.0,27.0,21.0,9.0,,,47.0,53.0,38.0,31.0,31.0,,,,,14.0,,10.0,,58.0,32.0,7.0,19.0,,,,18.0,0.0,57.0,12.0,,27.0,41.0,21.0,31.0,,,42.0,53.0,,46.0,26.0,8.0,24.0,19.0,39.0,17.0,35.0,4.0,,33.0,20.0,7.0,,,14.0,16.0,,,40.0,,,36.0,24.0,23.0,,31.0,48.0,29.0,28.0,25.0,9.0,17.0,21.0,39.0,,50.0,17.0,27.0,30.0,19.0,39.0,17.0,,24.0,35.0,48.0,,48.0,,,,,49.0,15.0,51.0,15.0,,21.0,,23.0,,38.0,,4.0,36.0,49.0,,25.0,19.0,16.0,40.0,,,10.0,42.0,15.0,26.0,31.0,41.0,15.0,44.0,56.0,29.0,45.0,35.0,60.0,,,44.0,32.0,54.0,,38.0,23.0,31.0,,23.0,31.0,35.0,,,32.0,31.0,28.0,,41.0,16.0,29.0,11.0,56.0,25.0,18.0,,,25.0,30.0,,30.0,,,9.0,16.0,11.0,27.0,44.0,26.0,47.0,,14.0,,54.0,19.0,14.0,46.0,48.0,55.0,55.0,22.0,51.0,,19.0,31.0,38.0,,,,36.0,32.0,47.0,26.0,,15.0,42.0,16.0,31.0,19.0,21.0,29.0,17.0,34.0,42.0,42.0,42.0,,34.0,17.0,,32.0,19.0,,,16.0,54.0,,57.0,38.0,,35.0,,29.0,,49.0,46.0,,45.0,,24.0,9.0,26.0,36.0,19.0,,,43.0,34.0,,37.0,43.0,,14.0,14.0,36.0,24.0,52.0,16.0,14.0,17.0,35.0,46.0,45.0,51.0,29.0,29.0,16.0,31.0,26.0,45.0,,,17.0,14.0,58.0,11.0,15.0,20.0,53.0,52.0,,17.0,50.0,39.0,28.0,43.0,20.0,26.0,35.0,25.0,43.0,12.0,34.0,11.0,40.0,44.0,16.0,19.0,29.0,24.0,,,43.0,54.0,35.0,56.0,44.0,10.0,,14.0,,,,47.0,,58.0,,46.0,32.0,43.0,22.0,0.0,18.0,47.0,25.0,29.0,,,20.0,,38.0,11.0,9.0,,17.0,22.0,26.0,19.0,,30.0,18.0,16.0,,,16.0,52.0,21.0,40.0,,,,,34.0,26.0,,,16.0,,16.0,58.0,37.0,,38.0,56.0,15.0,22.0,21.0,23.0,30.0,21.0,33.0,9.0,25.0,,,34.0,50.0,35.0,0.0,55.0,42.0,,23.0,4.0,35.0,,22.0,23.0,28.0,26.0,48.0,26.0,12.0,55.0,,12.0,42.0,,7.0,14.0,3.0,44.0,49.0,,,31.0,22.0,14.0,11.0,11.0,,21.0,34.0,,48.0,,45.0,43.0,58.0,,59.0,31.0,,23.0,57.0,,0.0,56.0,42.0,37.0,,13.0,4.0,34.0,46.0,,20.0,49.0,54.0,,31.0,21.0,,33.0,37.0,29.0,57.0,14.0,,22.0,23.0,12.0,41.0,41.0,48.0,23.0,,34.0,22.0,41.0,51.0,0.0,22.0,37.0,,,,,27.0,26.0,,34.0,,39.0,167,3,2.503467406380028,18.368087557603687,-0.3350062146658698
14,14,13,16,13,15,15,11,17,14,13,15,14,15,15,14,16,15,34,26,15,19,16,15,15,17,16,15,14,15,20,2,7,19,23,16,27,19,17,19,27,23.0,18,17,17,23,16,20,15,28,18,20,14,16,23,15,22,18,15,15,15,17,20,24,58.0,12,27,16,16,24,25,12,17,12,23,17,20,25,22,11,27,13,19,18,21,16,18,23,28,16,21,19,21,26,16,27,20,17,21,24,29,26,18,14,18,22,18,21,13,17,10,30.0,25,22,23.0,17,25,22,24,26,19,30,19,18,19,17,17,22.0,19,14,27,21,45.0,20,18,34.0,21,17,20,32,20,18,27,20,21.0,18.0,19,30.0,17,17,15,23,29.0,13,10,34,20,28.0,28,23,38,9,16,40,26,12.0,10,16,35,36,13,,17,25,17,13,33,25.0,19,28.0,25,19,19,27,14,47.0,32.0,19,26,24.0,29.0,20,20,28,25,34,21,14,23.0,10,35,46.0,27,20,33,15,28.0,27,29,22,20,,40,22,21,16,36,15,20,17.0,19.0,15,21,22,36.0,29,30,4,32.0,20,23.0,24.0,30,16,,21,33,29,23.0,40.0,29,24,30,24,24,31.0,4,20,15,26,38,21,31.0,40.0,24,20.0,60.0,41.0,25.0,36,30.0,16,25,20,41.0,17.0,42.0,19.0,21.0,34,22.0,41.0,31.0,20,27,24.0,27,33,29,23.0,26.0,,25,,30,34,21.0,25.0,31,,17.0,19,34,30.0,18,24.0,47.0,14.0,38,25,17.0,20,31,25,28,43,29,24,24,39,38,40,23,31.0,25.0,14,19,32,39.0,39.0,20,39,23,17.0,18,34.0,51,21,21,15,31,22.0,19,15.0,26,39,29.0,21,16,26,,54.0,32,53.0,50.0,15.0,15.0,25.0,8,32.0,26,39,29,45.0,24,50.0,20.0,25,39.0,18.0,28.0,25,22.0,16,34,24,34,17,29,35,28.0,25,,27,18,26,49.0,0,38.0,4,,24,12.0,30,31,41.0,40,47.0,19,17.0,26.0,50,57,30.0,37.0,27.0,29.0,31.0,21,24.0,49.0,35,59.0,29,8,66.0,22.0,18,20.0,21,14.0,47.0,43,22,16,28.0,20,35.0,30.0,14,63.0,14,,22,18,21,60.0,23.0,40,21,59,19.0,2.0,26,21,34.0,28,29.0,27.0,31.0,25.0,26.0,33.0,20.0,31.0,,26.0,34,29,28.0,31.0,5.0,23.0,28.0,21.0,22.0,27.0,38,25,49.0,25.0,25,,27.0,43.0,26.0,30.0,36.0,25,33,,37.0,19.0,20.0,24,36.0,32.0,64.0,58,23,31,63.0,63.0,36.0,32.0,24,30,26.0,49.0,25,31.0,28.0,31,63.0,17.0,42.0,29,25.0,16,16.0,31.0,13.0,18,21.0,29,53.0,35,16,51.0,61.0,,31.0,15,12,39,42.0,19,30.0,35,37,14.0,26,28,43.0,35.0,32,11,23.0,49.0,29.0,38.0,35.0,24.0,26,61.0,18,29,32.0,16.0,23.0,66.0,55.0,26.0,20,51,,,27.0,40.0,26.0,33.0,25,56.0,36,33.0,36.0,41.0,18.0,36,29.0,28,63.0,25.0,24.0,31,54.0,67.0,57.0,32,34,39.0,45.0,34.0,,0.0,17.0,36.0,,49.0,47.0,15.0,17.0,34,29,32.0,19.0,20.0,26,18,22,22,49.0,42.0,33,28,30.0,,33,44.0,,32.0,31,37.0,26.0,33.0,17,44.0,23.0,18.0,45.0,33.0,53.0,25,51.0,33,17.0,14,19,32,28.0,35.0,,,60.0,23.0,40.0,38.0,63.0,42.0,25.0,21,38.0,35.0,36,31.0,35.0,29.0,42.0,19,35.0,,31.0,20,35,66.0,37,42.0,44.0,18.0,50.0,33,35.0,25,33,,37,,28,47.0,25.0,62.0,20,49,50.0,23.0,26,,28,28.0,32,30.0,18.0,28.0,65.0,29.0,34.0,27,20.0,,36.0,66.0,25.0,,31.0,22,33,43.0,23,37,25,24.0,32.0,36.0,55.0,,28.0,33,,32.0,42.0,31,43.0,,44.0,42.0,28.0,32,48.0,35.0,30.0,41.0,,30.0,38.0,35,64.0,36.0,,53.0,22.0,50.0,37.0,39,4.0,39.0,0.0,25.0,16,22,67.0,25.0,21,27.0,,,27,46.0,17.0,19.0,33.0,22,21.0,48.0,32.0,27.0,61.0,20.0,27.0,24.0,31.0,35,25,26.0,45.0,60.0,54.0,42.0,32.0,41.0,51.0,34.0,53.0,29,24,66.0,34,47.0,51.0,59.0,56.0,33,29,41.0,50.0,35.0,38.0,,26.0,62.0,35.0,55.0,30,20.0,,0.0,31.0,24.0,26.0,38,16.0,44.0,33.0,17,44.0,28.0,62.0,43.0,26.0,27.0,25,36.0,32,,50.0,65.0,52.0,31.0,28.0,,39.0,36.0,27.0,37.0,65.0,28.0,18.0,,45.0,46.0,33.0,,67.0,26.0,32,42.0,20.0,23,12.0,58.0,26,0.0,43.0,,28,16,23,38.0,51.0,33.0,29.0,20.0,31.0,23.0,,19.0,24,40.0,33,20.0,25,16,22.0,25,67.0,14.0,59.0,29.0,22,28.0,19.0,24.0,28.0,60.0,,49,18.0,36,22.0,65.0,28.0,22,54.0,22,26,40.0,14.0,55.0,33,,,24,33.0,35.0,46.0,48.0,17.0,12.0,22.0,,43,37.0,39.0,24.0,52.0,21.0,43.0,43.0,17.0,34,41.0,21,48.0,32.0,45.0,18.0,24,27,33.0,31.0,35.0,25.0,62.0,,21.0,41.0,54.0,27,26.0,43.0,37,34,19.0,22.0,36,28.0,35.0,31,14.0,33,20,40,43.0,42.0,39.0,47.0,21.0,30.0,18.0,41.0,,,48.0,50.0,30.0,23.0,34.0,49.0,43.0,52.0,43.0,50.0,52.0,31.0,27.0,47.0,36.0,23.0,,34.0,57.0,60.0,,50.0,34.0,38.0,49.0,,29.0,48.0,30.0,26.0,,32.0,,50.0,,28.0,53.0,22.0,30,53.0,46.0,49.0,23,36.0,,19.0,50.0,40.0,51.0,23.0,23.0,,34.0,31.0,46.0,21.0,55.0,45.0,37.0,51.0,23.0,25.0,,47.0,57.0,42.0,26.0,24.0,41.0,,30.0,21,30.0,31.0,,37,52.0,,46.0,21.0,56.0,35.0,34.0,22.0,22.0,12,33.0,,9.0,28.0,55.0,,27,23,66.0,,26.0,56.0,25.0,32.0,24,35,27.0,61.0,24.0,0.0,50.0,43.0,24.0,35.0,48.0,42.0,54.0,,48.0,29.0,,19.0,17,67.0,35.0,48.0,23.0,29.0,19,17.0,36,39.0,51,28.0,42.0,30.0,,20.0,38.0,32.0,,39.0,27.0,35.0,26.0,37,37.0,30.0,26.0,18.0,38.0,46,13.0,29.0,26.0,33.0,22.0,25.0,48.0,38.0,61.0,19,33,35.0,,,56.0,35.0,35.0,16.0,0.0,45,56.0,34.0,58.0,35.0,57.0,19.0,22.0,22.0,22,35.0,51.0,23.0,26,28,27.0,36.0,26.0,23.0,39.0,,,36.0,49.0,51.0,13.0,46.0,32.0,27.0,19.0,26,40.0,23.0,33.0,27.0,49.0,26,,,36,22.0,33.0,23.0,47.0,44.0,32.0,21.0,50.0,26.0,15.0,42.0,31,29.0,37.0,18.0,47.0,32,,,37.0,30.0,,,26.0,28.0,29.0,,21.0,40.0,,39,21,19.0,16.0,29.0,51.0,17.0,35,28,38.0,48.0,30.0,0.0,54.0,52.0,,37.0,31.0,16.0,37.0,66.0,34.0,53.0,37.0,26,25,20.0,32.0,42.0,18.0,20.0,33,19.0,47.0,25.0,39.0,32.0,53.0,21.0,33.0,,47.0,35.0,20.0,30.0,42.0,,26,18.0,33.0,9,32.0,,21.0,58.0,11.0,,23.0,,34.0,,20.0,63.0,28.0,31.0,54.0,39.0,25.0,34.0,34.0,48.0,22.0,,49.0,1.0,19.0,30.0,50.0,34.0,21.0,22.0,33.0,40.0,33.0,,34.0,43.0,20.0,65.0,,39.0,45.0,28.0,33.0,48.0,,41.0,,,49.0,27.0,55.0,20.0,43.0,46.0,40.0,49.0,67.0,20.0,31.0,32.0,33.0,12,18.0,40.0,,27.0,19.0,25.0,46.0,25.0,23.0,40.0,14.0,43.0,28.0,37.0,44.0,14.0,62.0,20.0,45.0,24.0,,27.0,33.0,25.0,67.0,58.0,35.0,19.0,44.0,,20.0,33.0,61.0,,41.0,21.0,,24.0,21.0,,33.0,29.0,,20.0,,44.0,23,39.0,26.0,53.0,30.0,30.0,62.0,37.0,27.0,,19,,42.0,41.0,20.0,28.0,63.0,34.0,35.0,34.0,15.0,,38.0,,29.0,,42.0,1,0.0,39.0,25.0,31.0,20.0,19.0,0.0,19.0,21.0,0.0,,,61.0,28.0,42.0,7.0,36.0,,41.0,21.0,26.0,18.0,41.0,16.0,31,24,33.0,,28.0,40.0,56.0,59.0,32.0,24.0,36.0,18.0,,49.0,17.0,,30.0,0.0,,,63.0,22.0,61.0,19.0,,29.0,,34.0,40.0,50.0,27.0,32.0,47.0,29.0,,48.0,42.0,,31.0,36.0,26.0,15.0,58.0,,17.0,23.0,,28.0,,47.0,27,31.0,23.0,41.0,,28,43.0,50.0,37.0,36.0,18.0,56.0,29.0,50.0,31,32.0,34.0,20.0,,31.0,47.0,28.0,47,20.0,23.0,34.0,29.0,33,23.0,15.0,41.0,26.0,,22.0,37.0,42.0,53.0,61.0,31.0,61.0,37.0,28.0,30.0,33.0,32.0,32.0,44.0,0.0,40.0,52.0,16.0,50.0,37,28.0,42.0,44.0,45.0,25.0,53.0,16.0,21.0,24.0,,,33.0,39.0,31,29.0,19.0,39.0,,27.0,30.0,37.0,50.0,43.0,27.0,,28.0,31.0,50.0,35.0,65.0,41.0,43.0,20.0,30.0,32.0,,25.0,35.0,30.0,26.0,35.0,64.0,,23.0,39.0,22.0,41.0,0.0,46.0,,23.0,66.0,,,16.0,23.0,49.0,41.0,28.0,34.0,62.0,65.0,,22.0,36.0,34.0,57.0,28.0,33.0,16.0,9.0,39.0,19.0,29.0,21.0,,22.0,62.0,34.0,45.0,53.0,37.0,41.0,36,28.0,43.0,,30.0,,36.0,36.0,25.0,27.0,66.0,19.0,55.0,32.0,39.0,,,36.0,39.0,36.0,51.0,46.0,,22.0,23.0,51.0,50.0,35.0,,52.0,43.0,18.0,43.0,45.0,32.0,21.0,28.0,33.0,41.0,51.0,27.0,,52.0,63.0,,29.0,40.0,,,52.0,,34.0,33.0,21.0,55.0,13.0,60.0,32.0,32.0,,34.0,13.0,27.0,53.0,59.0,48.0,49.0,44.0,29.0,,56.0,24.0,16.0,19.0,41.0,,30.0,0.0,35.0,,,29.0,40.0,,32.0,24.0,44.0,,49.0,39.0,40.0,66.0,40.0,55.0,,52.0,36.0,31.0,35.0,67.0,40.0,36.0,42.0,42.0,43.0,15.0,22.0,22.0,43.0,37.0,13.0,34.0,55.0,25.0,54.0,26.0,42.0,12.0,51.0,46.0,46.0,31.0,39.0,62.0,,65.0,60.0,55.0,,25,36.0,61.0,20.0,17.0,56.0,30.0,28.0,,39.0,58.0,15,,63.0,0.0,38.0,66.0,,41.0,,27,,66.0,,20.0,65.0,60.0,46.0,,,,53.0,31.0,32.0,,,43.0,55.0,38.0,40.0,50.0,50.0,34.0,25.0,34.0,28.0,25.0,34.0,42.0,48.0,28.0,29.0,11.0,46.0,50.0,21.0,,18.0,55.0,12.0,,36.0,39.0,40.0,24.0,21.0,21.0,53.0,,21.0,40.0,20.0,26.0,35.0,31.0,,64.0,34.0,26.0,31.0,57.0,36.0,47.0,,,27.0,26.0,43.0,29.0,57.0,36.0,39.0,32.0,31.0,33.0,,66.0,23.0,52.0,18.0,22.0,45.0,30.0,38.0,,16.0,32.0,67.0,53.0,41.0,50.0,39.0,43.0,18.0,41.0,19.0,,36.0,62.0,38.0,19.0,36.0,63.0,53.0,,24.0,,,32.0,26,36.0,53.0,,,,23.0,34.0,31.0,,,44.0,,21.0,48.0,16.0,53.0,30.0,3.0,17.0,67.0,36.0,29.0,43.0,35.0,21.0,42.0,8.0,,,45.0,63.0,28.0,32.0,54.0,46.0,60.0,67.0,59.0,22.0,,38.0,,,40.0,49.0,26.0,26.0,,44.0,49.0,,58.0,40.0,,41.0,25.0,26.0,63.0,31.0,49.0,54.0,53.0,44.0,42.0,,,58.0,32.0,22.0,25.0,47.0,33.0,60.0,58.0,,35.0,67.0,0.0,,29,22.0,46.0,25,42.0,19.0,31.0,58.0,,22.0,42.0,38.0,28.0,34.0,46.0,15.0,,28.0,51.0,25.0,,36.0,15.0,36.0,29.0,,65.0,29.0,26.0,37.0,39.0,,50.0,35.0,23.0,58.0,,40.0,49.0,,56.0,15.0,39.0,,38.0,65.0,38.0,49.0,41.0,,11.0,36.0,,24.0,41.0,41.0,41.0,64.0,66.0,14.0,33.0,,24.0,21.0,28.0,18.0,28.0,52.0,18.0,,64.0,40.0,,50.0,,49.0,48.0,,50.0,38.0,46.0,,,45.0,42.0,42.0,63.0,38.0,33.0,47.0,41.0,20.0,55.0,33.0,,0.0,29.0,32.0,0.0,63.0,19.0,35.0,56.0,24.0,,,19.0,64.0,59.0,15.0,33.0,33.0,62.0,26.0,31.0,37.0,15.0,67.0,51.0,25.0,,,39.0,11.0,,17.0,61.0,,17.0,57.0,37.0,56.0,33.0,19.0,36.0,35.0,0.0,24.0,52.0,50.0,65.0,18.0,35.0,31.0,,,,24.0,34.0,23.0,18.0,46.0,51.0,19.0,21.0,31.0,66.0,44.0,,26.0,38.0,35.0,59.0,26.0,46.0,39.0,48.0,33.0,50.0,39.0,36.0,25.0,44.0,8.0,57.0,35.0,27.0,34.0,38.0,33.0,,39.0,12.0,42.0,19.0,62.0,59.0,32.0,39.0,19.0,61.0,,36.0,24.0,,,25.0,37.0,45.0,54.0,55.0,,34.0,33.0,,31.0,,36.0,,33.0,63.0,,41.0,43.0,30.0,41.0,38.0,,,60.0,20.0,52.0,38.0,30.0,,,66.0,28.0,16.0,0.0,,,39.0,47.0,37.0,50.0,57.0,17.0,,62.0,24.0,38.0,44.0,20.0,32.0,29.0,36.0,,53.0,,33.0,24.0,55.0,43.0,16.0,51.0,41.0,27.0,39.0,45.0,57.0,,,39.0,,57.0,14.0,44.0,38.0,17.0,35.0,,52.0,45.0,,30.0,64.0,62.0,52.0,3.0,14.0,,,,49.0,27.0,24.0,41.0,28.0,,56.0,55.0,30.0,28.0,32.0,49.0,60.0,23.0,59.0,57.0,23.0,45.0,14.0,,47.0,16.0,22.0,28.0,,28.0,,,45.0,,16.0,26.0,21.0,54.0,64.0,30.0,31.0,42.0,53.0,,,63.0,25.0,18.0,62.0,,27.0,34.0,28.0,,55.0,47.0,58.0,61.0,48.0,26.0,25.0,44.0,39.0,17.0,62.0,44.0,32.0,31.0,44.0,31.0,,62.0,32.0,56.0,51.0,,21.0,,,26.0,19.0,34.0,54.0,25.0,,40.0,41.0,21.0,28.0,63.0,,34.0,67.0,21.0,38.0,,,42.0,39.0,37.0,39.0,50.0,,,,33.0,,15.0,67.0,45.0,67.0,39.0,16.0,45.0,37.0,32.0,26.0,32.0,21.0,65.0,,46.0,39.0,36.0,56.0,22.0,,,,36.0,47.0,19.0,39.0,,58.0,43.0,57.0,61.0,,,43.0,43.0,27.0,67.0,,46.0,41.0,19.0,32.0,21.0,38.0,,42.0,30.0,48.0,31.0,59.0,,,22.0,30.0,67.0,29.0,50.0,58.0,46.0,49.0,,42.0,26.0,66.0,,21.0,38.0,25.0,53.0,55.0,33.0,29.0,35.0,,27.0,56.0,,43.0,,,36.0,,,,61.0,,29.0,63.0,28.0,,,58.0,46.0,52.0,,33.0,14.0,35.0,46.0,29.0,46.0,51.0,55.0,10.0,2.0,61.0,37.0,23.0,42.0,57.0,,38.0,23.0,,30.0,,44.0,28.0,29.0,26.0,33.0,50.0,,56.0,59.0,29.0,63.0,37.0,39.0,34.0,23.0,36.0,62.0,44.0,36.0,48.0,51.0,,35.0,,51.0,32.0,32.0,60.0,22.0,33.0,20.0,54.0,18.0,34.0,,62.0,50.0,59.0,53.0,34.0,,,29.0,53.0,21.0,,,,39.0,24.0,21.0,48.0,48.0,62.0,65.0,,55.0,26.0,18.0,,,20.0,47.0,60.0,22.0,30.0,,35.0,,34.0,35.0,55.0,62.0,,,,28.0,49.0,,,35.0,25.0,,41.0,51.0,51.0,,49.0,44.0,42.0,36.0,54.0,26.0,,27.0,49.0,24.0,,,,20.0,25.0,,,36.0,,52.0,,19.0,44.0,0.0,,39.0,33.0,31.0,39.0,29.0,41.0,49.0,,,16.0,0.0,37.0,33.0,45.0,41.0,65.0,39.0,24.0,,52.0,,55.0,40.0,,,42.0,22.0,,,,57.0,23.0,51.0,,35.0,48.0,44.0,,41.0,29.0,51.0,58.0,50.0,43.0,63.0,29.0,45.0,65.0,43.0,,1.0,,23.0,20.0,38.0,32.0,23.0,36.0,21.0,,38.0,,0.0,40.0,47.0,35.0,21.0,39.0,57.0,47.0,,,55.0,26.0,24.0,19.0,40.0,67.0,25.0,,,40.0,50.0,,40.0,50.0,48.0,43.0,30.0,,37.0,30.0,,67.0,40.0,22.0,31.0,58.0,19.0,67.0,32.0,54.0,,43.0,49.0,,24.0,46.0,,,21.0,32.0,24.0,18.0,28.0,14.0,,43.0,28.0,,37.0,39.0,61.0,,,,40.0,,31.0,28.0,,3.0,37.0,33.0,36.0,24.0,32.0,,33.0,18.0,48.0,,43.0,36.0,59.0,22.0,,36.0,21.0,38.0,,,37.0,23.0,,,15.0,37.0,,,16.0,46.0,26.0,,,,30.0,25.0,65.0,,,31.0,32.0,20.0,27.0,,35.0,32.0,21.0,36.0,62.0,25.0,,6.0,34.0,60.0,34.0,47.0,50.0,20.0,29.0,44.0,0.0,50.0,,28.0,,56.0,56.0,,,29.0,44.0,33.0,67.0,28.0,29.0,46.0,31.0,,17.0,59.0,46.0,41.0,22.0,29.0,19.0,,11.0,30.0,27.0,56.0,49.0,0.0,31.0,,,30.0,63.0,54.0,37.0,39.0,31.0,29.0,13.0,21.0,57.0,25.0,,23.0,62.0,55.0,35.0,32.0,,,,42.0,43.0,0.0,19.0,16.0,13.0,20.0,26.0,22.0,,23.0,,,54.0,36.0,,28.0,36.0,34.0,36.0,47.0,,,37.0,53.0,36.0,45.0,44.0,,67.0,50.0,30.0,21.0,48.0,,40.0,8.0,25.0,,35.0,45.0,52.0,27.0,,,53.0,27.0,29.0,,33.0,31.0,,,52.0,,63.0,43.0,51.0,23.0,44.0,26.0,28.0,,27.0,55.0,27.0,50.0,,32.0,30.0,0.0,32.0,49.0,51.0,,22.0,65.0,,21.0,37.0,0.0,,49.0,23.0,,40.0,27.0,53.0,43.0,,33.0,38.0,28.0,52.0,46.0,,30.0,40.0,45.0,,51.0,,44.0,40.0,30.0,59.0,52.0,43.0,37.0,64.0,,38.0,,45.0,60.0,49.0,37.0,38.0,,37.0,,,22.0,64.0,,30.0,,45.0,,48.0,56.0,61.0,24.0,24.0,46.0,,,,34.0,,40.0,,24.0,32.0,49.0,62.0,9.0,,52.0,,18.0,17.0,,31.0,,24.0,43.0,,,53.0,28.0,0.0,43.0,,35.0,40.0,37.0,,,21.0,16.0,34.0,49.0,,,27.0,34.0,43.0,,29.0,29.0,40.0,38.0,55.0,,43.0,54.0,18.0,32.0,,37.0,33.0,61.0,20.0,63.0,,26.0,51.0,21.0,,23.0,44.0,43.0,62.0,,42.0,54.0,45.0,28.0,63.0,49.0,41.0,41.0,37.0,61.0,34.0,42.0,,,64.0,26.0,27.0,50.0,67.0,,168,3,2.4008097165991904,18.436505640728956,-0.3235265623714029
2,1,4,4,3,3,5,6,2,8,5,8,4,8,4,8,9,3,20,7,8,7,9,6,8,12,1,8,6,5,15,9,7,8,9,2,7,10,7,0,8,39.0,13,11,5,9,13,14,9,7,9,6,9,10,9,21,10,8,7,5,9,9,11,14,26.0,13,12,9,7,6,12,6,11,11,11,9,10,21,12,11,16,12,10,4,10,24,11,10,18,8,9,17,25,9,24,11,9,17,16,11,24,19,9,14,12,7,8,15,13,15,17,,11,19,11.0,8,7,9,8,22,12,19,9,17,6,10,16,10.0,10,6,15,18,24.0,5,7,17.0,9,11,10,11,11,12,10,19,23.0,50.0,9,38.0,11,9,9,16,28.0,8,16,9,12,30.0,23,14,25,11,16,24,19,41.0,16,16,8,14,7,10.0,7,20,12,17,23,11.0,12,12.0,19,15,12,23,7,49.0,0.0,17,21,12.0,40.0,15,6,20,13,47,8,11,11.0,25,18,24.0,12,13,24,14,6.0,30,17,11,5,,13,3,15,6,8,16,15,20.0,7.0,17,17,14,41.0,8,17,9,,13,24.0,14.0,5,17,38.0,7,10,8,9.0,24.0,8,10,21,20,17,38.0,17,16,6,13,19,12,16.0,28.0,14,16.0,10.0,21.0,12.0,24,37.0,16,47,18,20.0,15.0,14.0,32.0,19.0,13,18.0,14.0,27.0,29,11,15.0,9,19,22,16.0,6.0,11.0,24,14.0,11,16,18.0,10.0,20,0.0,31.0,13,20,21.0,10,16.0,13.0,10.0,18,15,33.0,16,34,17,31,19,33,5,35,27,24,17,15,20.0,20.0,20,11,11,19.0,17.0,23,26,13,10.0,14,,29,13,19,12,28,19.0,18,23.0,14,19,29.0,22,11,16,33.0,28.0,11,29.0,,31.0,14.0,13.0,15,24.0,19,24,8,25.0,17,,33.0,17,15.0,11.0,43.0,15,42.0,18,23,24,10,50,30,18,26.0,8,15.0,21,23,14,54.0,13,7.0,22,11.0,3,21.0,22,16,29.0,25,24.0,27,,28.0,25,34,4.0,47.0,16.0,13.0,32.0,22,23.0,22.0,19,41.0,18,12,22.0,39.0,28,29.0,31,32.0,34.0,26,25,14,36.0,25,24.0,34.0,27,20.0,16,28.0,1,14,9,8.0,19.0,16,19,17,30.0,34.0,24,18,32.0,10,26.0,26.0,32.0,0.0,10.0,31.0,33.0,23.0,,11.0,15,0,34.0,40.0,8.0,16.0,29.0,9.0,12.0,8.0,14,12,31.0,30.0,14,21.0,,48.0,38.0,19.0,19.0,18,10,13.0,19.0,10.0,14.0,21,,34.0,23.0,14,18,18,,28.0,34.0,31.0,14,13,18.0,22.0,25,40.0,27.0,30,15.0,19.0,12.0,21,37.0,14,15.0,30.0,15.0,27,17.0,14,17.0,20,15,45.0,19.0,14.0,15.0,3,15,7,25.0,31,32.0,8,22,54.0,22,19,55.0,32.0,4,14,0.0,7.0,18.0,27.0,46.0,19.0,18,15.0,14,8,24.0,49.0,18.0,32.0,,59.0,17,23,15.0,11.0,30.0,33.0,15.0,29.0,6,38.0,8,16.0,22.0,,,11,18.0,21,0.0,38.0,35.0,14,20.0,31.0,20.0,24,23,,21.0,17.0,,15.0,15.0,34.0,13.0,52.0,19.0,,34.0,35,7,32.0,41.0,31.0,14,26,19,13,43.0,30.0,14,13,34.0,,14,15.0,18.0,34.0,8,8.0,,,17,41.0,35.0,6.0,41.0,39.0,17.0,13,30.0,12,8.0,14,41,30,23.0,12.0,16.0,23.0,41.0,35.0,8.0,15.0,11.0,21.0,23.0,7,,15.0,8,20.0,26.0,5.0,46.0,18,12.0,57.0,7.0,28,5,24.0,27,22.0,21.0,33.0,,15,14.0,16,23,13.0,19,32.0,25,20.0,29.0,43.0,37,22,,7.0,13,3.0,24,,17,45.0,19.0,55.0,16.0,18.0,17.0,27,27.0,,36.0,47.0,25.0,16.0,20.0,23,20,28.0,10,7,15,35.0,15.0,19.0,21.0,25.0,30.0,14,18.0,24.0,23.0,34,16.0,,20.0,7.0,31.0,17,21.0,46.0,13.0,27.0,14.0,22.0,29.0,17,48.0,52.0,27.0,38.0,9.0,36.0,38.0,15,16.0,34.0,36.0,,25,10,,14.0,12,48.0,39.0,11.0,24,24.0,3.0,6.0,10.0,22,39.0,,31.0,58.0,27.0,34.0,43.0,51.0,24.0,5,22,26.0,18.0,57.0,18.0,50.0,21.0,14.0,37.0,30.0,40.0,21,17,52.0,19,32.0,40.0,23.0,30.0,14,11,34.0,20.0,38.0,32.0,14.0,55.0,55.0,,53.0,16,24.0,,52.0,30.0,19.0,24.0,21,35.0,16.0,30.0,13,30.0,19.0,26.0,32.0,24.0,12.0,37,14.0,15,23.0,49.0,52.0,28.0,,28.0,20.0,27.0,49.0,19.0,26.0,32.0,31.0,48.0,17.0,13.0,39.0,57.0,12.0,52.0,32.0,14,20.0,31.0,14,,42.0,13,37.0,14.0,10.0,23,10,21,16.0,22.0,46.0,6.0,19.0,7.0,26.0,21.0,38.0,20,22.0,24,23.0,0,44,22.0,27,10.0,,33.0,25.0,40,9.0,17.0,28.0,16.0,23.0,36.0,10,35.0,7,6.0,24.0,26.0,0,44.0,19,11,33.0,17.0,,19,36.0,,13,13.0,47.0,36.0,21.0,46.0,11.0,16.0,10.0,33,23.0,19.0,21.0,30.0,37.0,36.0,,22.0,19,29.0,22,10.0,19.0,,23.0,26,18,18.0,21.0,18.0,48.0,38.0,22.0,28.0,32.0,18.0,0,21.0,9.0,20,34,1.0,13.0,16,25.0,26.0,18,35.0,9,26,8,20.0,20.0,36.0,11.0,25.0,13.0,,24.0,30.0,47.0,33.0,7.0,37.0,11.0,11.0,24.0,30.0,12.0,6.0,18.0,29.0,22.0,36.0,17.0,20.0,23.0,51.0,,29.0,22.0,28.0,16.0,25.0,28.0,18.0,,37.0,15.0,39.0,25.0,51.0,32.0,14.0,23.0,13.0,17.0,18.0,25.0,30,16.0,58.0,8.0,5,11.0,10.0,,18.0,40.0,24.0,45.0,9.0,38.0,18.0,22.0,29.0,,23.0,11.0,23.0,20.0,15.0,19.0,41.0,31.0,52.0,,42.0,20.0,46.0,,42.0,13,17.0,38.0,35.0,17,24.0,23.0,13.0,36.0,47.0,12.0,15.0,48.0,,26,3.0,29.0,22.0,10.0,50.0,36.0,18,18,27.0,23.0,15.0,30.0,53.0,4.0,23,23,43.0,25.0,0.0,,16.0,25.0,34.0,22.0,54.0,55.0,15.0,,17.0,18.0,4.0,15.0,20,59.0,10.0,25.0,25.0,28.0,10,,34,13.0,24,32.0,49.0,21.0,10.0,12.0,28.0,,57.0,31.0,16.0,29.0,8.0,6,10.0,55.0,25.0,10.0,12.0,34,53.0,,19.0,51.0,47.0,,46.0,31.0,9.0,22,19,,,17.0,28.0,16.0,46.0,,35.0,12,49.0,,34.0,24.0,33.0,35.0,,5.0,17,32.0,22.0,18.0,17,26,24.0,49.0,16.0,21.0,57.0,24.0,,10.0,47.0,13.0,40.0,24.0,11.0,38.0,35.0,0,11.0,13.0,25.0,25.0,13.0,12,15.0,39.0,0,11.0,25.0,14.0,,36.0,35.0,33.0,29.0,19.0,15.0,17.0,11,30.0,50.0,19.0,31.0,25,58.0,43.0,47.0,19.0,14.0,21.0,38.0,10.0,45.0,5.0,13.0,1.0,19.0,32,8,12.0,30.0,25.0,12.0,10.0,26,56,22.0,14.0,,50.0,19.0,11.0,34.0,19.0,32.0,34.0,26.0,55.0,22.0,29.0,49.0,12,18,13.0,,54.0,34.0,,19,37.0,2.0,30.0,25.0,18.0,,36.0,,36.0,,14.0,55.0,21.0,39.0,28.0,12,15.0,44.0,19,33.0,31.0,,17.0,16.0,,14.0,20.0,55.0,55.0,21.0,,2.0,57.0,52.0,,14.0,18.0,15.0,21.0,15.0,,49.0,21.0,,,41.0,18.0,24.0,,42.0,13.0,7.0,20.0,16.0,35.0,25.0,46.0,37.0,7.0,24.0,37.0,28.0,55.0,20.0,42.0,14.0,,18.0,13.0,5.0,33.0,46.0,23.0,41.0,,24.0,23.0,4.0,,27.0,18,22.0,15.0,44.0,9.0,37.0,10.0,24.0,30.0,52.0,15.0,13.0,27.0,,12.0,18.0,9.0,,22.0,48.0,19.0,16.0,26.0,32.0,20.0,42.0,41.0,,,58.0,,36.0,23.0,15.0,,27.0,17.0,33.0,26.0,41.0,33.0,54.0,33.0,45.0,22.0,40.0,,13,37.0,28.0,21.0,16.0,44.0,,6.0,41.0,,22,15.0,33.0,31.0,37.0,58.0,35.0,23.0,19.0,26.0,18.0,15.0,20.0,48.0,0.0,34.0,1.0,29,38.0,14.0,,45.0,28.0,28.0,21.0,9.0,8.0,,19.0,,17.0,19.0,33.0,42.0,41.0,30.0,50.0,20.0,,30.0,29.0,20.0,35,26,34.0,19.0,19.0,27.0,23.0,29.0,26.0,25.0,52.0,22.0,24.0,33.0,36.0,25.0,50.0,,22.0,,21.0,,4.0,21.0,20.0,,23.0,51.0,,58.0,18.0,7.0,37.0,24.0,30.0,19.0,25.0,56.0,25.0,24.0,13.0,18.0,,19.0,34.0,19.0,56.0,12.0,30.0,26.0,5,38.0,12.0,7.0,53.0,19,,45.0,47.0,50.0,39.0,45.0,3.0,25.0,15,34.0,37.0,0.0,15.0,20.0,20.0,44.0,33,,28.0,27.0,40.0,11,45.0,52.0,49.0,37.0,57.0,23.0,11.0,11.0,19.0,56.0,20.0,51.0,13.0,41.0,,25.0,37.0,31.0,,,35.0,26.0,35.0,13.0,19,17.0,24.0,26.0,55.0,17.0,5.0,42.0,18.0,17.0,39.0,21.0,54.0,9.0,35,20.0,41.0,21.0,31.0,17.0,27.0,,27.0,43.0,,36.0,43.0,53.0,,35.0,47.0,27.0,28.0,23.0,24.0,51.0,40.0,33.0,28.0,,38.0,57.0,32.0,6.0,21.0,56.0,12.0,43.0,37.0,9.0,53.0,20.0,41.0,,28.0,33.0,12.0,46.0,49.0,,13.0,21.0,26.0,14.0,11.0,28.0,45.0,2.0,44.0,39.0,45.0,51.0,35.0,5.0,13.0,12.0,23.0,10.0,9.0,13.0,31.0,27.0,,13.0,15,48.0,,45.0,19.0,56.0,31.0,6.0,46.0,26.0,53.0,35.0,32.0,,19.0,,31.0,25.0,24.0,12.0,10.0,44.0,49.0,45.0,26.0,38.0,22.0,20.0,,57.0,,14.0,28.0,43.0,10.0,,5.0,13.0,,,53.0,26.0,22.0,49.0,27.0,20.0,36.0,13.0,,,51.0,20.0,29.0,19.0,22.0,20.0,26.0,56.0,,34.0,,,0.0,14.0,38.0,13.0,,20.0,15.0,22.0,,6.0,45.0,3.0,11.0,11.0,13.0,,,29.0,13.0,11.0,36.0,,34.0,,,,19.0,12.0,14.0,14.0,,39.0,,42.0,,34.0,24.0,13.0,,12.0,,22.0,52.0,27.0,22.0,16.0,21.0,37.0,10.0,10.0,18.0,23.0,17.0,6.0,55.0,40.0,29.0,26.0,48.0,39.0,11.0,36.0,53.0,,46.0,27.0,,14,39.0,,12.0,23.0,19.0,17.0,,56.0,49.0,,32,12.0,,,27.0,12.0,58.0,25.0,52.0,13,30.0,,12.0,5.0,47.0,23.0,31.0,,,6.0,20.0,22.0,35.0,37.0,,16.0,40.0,39.0,31.0,42.0,0.0,22.0,35.0,58.0,,,41.0,47.0,21.0,35.0,36.0,37.0,46.0,,20.0,,12.0,19.0,38.0,,36.0,9.0,,39.0,,21.0,47.0,50.0,15.0,25.0,14.0,54.0,,22.0,45.0,8.0,50.0,57.0,46.0,,39.0,36.0,52.0,18.0,,,54.0,31.0,47.0,24.0,22.0,19.0,19.0,26.0,18.0,30.0,18.0,11.0,19.0,,34.0,,24.0,,13.0,53.0,14.0,42.0,24.0,20.0,36.0,14.0,,,24.0,16.0,38.0,0.0,25.0,28.0,40.0,16.0,,0.0,,,0.0,19.0,27,13.0,,19.0,0.0,20.0,11.0,19.0,,30.0,35.0,14.0,13.0,40.0,12.0,4.0,54.0,11.0,,32.0,27.0,14.0,,35.0,22.0,,36.0,37.0,,23.0,,13.0,20.0,24.0,50.0,49.0,12.0,37.0,9.0,42.0,24.0,30.0,49.0,32.0,34.0,44.0,29.0,7.0,12.0,28.0,15.0,50.0,14.0,17.0,39.0,,26.0,26.0,,32.0,35.0,34.0,20.0,33.0,,46.0,25.0,48.0,38.0,57.0,19.0,14.0,41.0,58.0,52.0,31.0,58.0,0.0,43.0,29.0,23,,40.0,10,27.0,,25.0,31.0,59.0,25.0,,44.0,11.0,55.0,29.0,51.0,,24.0,39.0,,35.0,,59.0,35.0,35.0,15.0,36.0,39.0,17.0,16.0,22.0,53.0,26.0,,9.0,22.0,38.0,57.0,18.0,,30.0,9.0,,10.0,57.0,13.0,48.0,27.0,15.0,21.0,12.0,54.0,25.0,44.0,,31.0,36.0,35.0,36.0,26.0,16.0,18.0,43.0,10.0,49.0,,32.0,13.0,,,51.0,16.0,0.0,10.0,17.0,44.0,26.0,35.0,,47.0,16.0,,54.0,,51.0,4.0,55.0,,21.0,30.0,47.0,,20.0,19.0,,23.0,15.0,25.0,59.0,13.0,,24.0,40.0,,16.0,0.0,,26.0,14.0,,14.0,10.0,24.0,,36.0,10.0,11.0,35.0,12.0,,15.0,48.0,53.0,17.0,39.0,31.0,28.0,,23.0,29.0,22.0,,27.0,27.0,25.0,20.0,17.0,28.0,,18.0,30.0,45.0,33.0,8.0,34.0,21.0,7.0,11.0,22.0,39.0,35.0,47.0,31.0,21.0,24.0,21.0,38.0,43.0,,21.0,28.0,48.0,,15.0,,22.0,53.0,,7.0,56.0,,23.0,54.0,,,37.0,33.0,47.0,,38.0,44.0,3.0,23.0,37.0,42.0,34.0,22.0,27.0,30.0,27.0,12.0,18.0,,45.0,,3.0,50.0,,22.0,34.0,27.0,17.0,,24.0,21.0,,59.0,50.0,,55.0,35.0,42.0,38.0,,22.0,47.0,16.0,20.0,,21.0,56.0,28.0,21.0,36.0,49.0,,29.0,58.0,24.0,26.0,50.0,28.0,24.0,34.0,40.0,55.0,30.0,34.0,57.0,56.0,16.0,12.0,56.0,,41.0,29.0,22.0,35.0,10.0,42.0,18.0,,23.0,27.0,22.0,55.0,18.0,11.0,21.0,22.0,,46.0,,26.0,24.0,22.0,17.0,53.0,,37.0,,15.0,21.0,14.0,,19.0,45.0,,9.0,28.0,20.0,57.0,24.0,24.0,10.0,,20.0,29.0,,56.0,52.0,,35.0,18.0,18.0,,32.0,41.0,53.0,,19.0,,,,34.0,34.0,21.0,45.0,,47.0,28.0,53.0,,,46.0,,13.0,51.0,,13.0,15.0,39.0,49.0,32.0,55.0,34.0,,,22.0,25.0,46.0,16.0,,58.0,,15.0,21.0,33.0,,,24.0,35.0,,49.0,46.0,47.0,23.0,,32.0,33.0,29.0,51.0,,29.0,,,57.0,12.0,8.0,43.0,10.0,18.0,44.0,12.0,,33.0,31.0,45.0,32.0,,,16.0,31.0,0.0,31.0,,,53.0,11.0,10.0,17.0,,8.0,31.0,50.0,34.0,,47.0,,,53.0,55.0,36.0,43.0,24.0,9.0,11.0,13.0,59.0,24.0,32.0,39.0,,,36.0,21.0,52.0,12.0,11.0,,13.0,,49.0,55.0,25.0,52.0,59.0,48.0,35.0,,51.0,35.0,,52.0,,34.0,14.0,34.0,,,18.0,33.0,37.0,40.0,39.0,,31.0,34.0,,,40.0,17.0,47.0,11.0,25.0,46.0,34.0,19.0,59.0,15.0,12.0,45.0,,31.0,33.0,31.0,24.0,21.0,54.0,29.0,,,26.0,,,11.0,,44.0,28.0,12.0,17.0,27.0,23.0,48.0,28.0,0.0,,,33.0,35.0,,42.0,,12.0,22.0,22.0,34.0,21.0,15.0,24.0,46.0,28.0,,17.0,,,,14.0,,34.0,46.0,54.0,24.0,17.0,38.0,33.0,,33.0,,39.0,35.0,,,36.0,15.0,32.0,12.0,32.0,9.0,,45.0,59.0,,31.0,,24.0,39.0,44.0,28.0,14.0,26.0,50.0,22.0,35.0,,7.0,24.0,18.0,,39.0,12.0,37.0,29.0,33.0,17.0,22.0,14.0,,27.0,7.0,18.0,38.0,,38.0,,37.0,15.0,40.0,29.0,12.0,,18.0,50.0,7.0,48.0,,24.0,2.0,29.0,,,24.0,34.0,13.0,,35.0,39.0,,45.0,9.0,12.0,24.0,38.0,16.0,,,,35.0,,36.0,21.0,23.0,13.0,25.0,31.0,16.0,,,42.0,27.0,,17.0,22.0,11.0,35.0,9.0,25.0,24.0,22.0,57.0,,36.0,32.0,41.0,17.0,30.0,,46.0,17.0,,38.0,49.0,52.0,,9.0,52.0,59.0,34.0,55.0,59.0,49.0,36.0,,51.0,15.0,49.0,38.0,,29.0,11.0,53.0,15.0,,56.0,35.0,,,,42.0,23.0,,16.0,11.0,40.0,0.0,47.0,40.0,42.0,32.0,36.0,,,,49.0,27.0,52.0,,41.0,48.0,,,16.0,2.0,29.0,27.0,17.0,,52.0,,32.0,11.0,18.0,26.0,,,,48.0,54.0,33.0,,25.0,,14.0,31.0,34.0,14.0,11.0,40.0,7.0,39.0,,22.0,33.0,34.0,32.0,46.0,8.0,,,41.0,11.0,31.0,,15.0,32.0,12.0,22.0,54.0,16.0,38.0,55.0,27.0,48.0,32.0,56.0,20.0,37.0,23.0,20.0,37.0,,,,42.0,39.0,27.0,45.0,9.0,31.0,,29.0,0.0,39.0,26.0,30.0,,19.0,26.0,47.0,25.0,,52.0,56.0,17.0,17.0,50.0,34.0,,25.0,,,26.0,25.0,21.0,,40.0,,,56.0,16.0,51.0,16.0,20.0,,56.0,42.0,,22.0,,,,33.0,44.0,,,35.0,,13.0,33.0,,,29.0,,45.0,9.0,,,21.0,,21.0,,21.0,,,14.0,56.0,11.0,43.0,,39.0,24.0,,3.0,24.0,40.0,33.0,51.0,,,56.0,43.0,,20.0,24.0,16.0,12.0,34.0,49.0,24.0,38.0,,48.0,18.0,33.0,14.0,38.0,35.0,,,,,31.0,49.0,,52.0,52.0,,21.0,,28.0,35.0,14.0,44.0,38.0,42.0,26.0,,48.0,,47.0,26.0,27.0,21.0,35.0,,,57.0,37.0,12.0,11.0,,41.0,14.0,,33.0,26.0,34.0,,35.0,,,,10.0,47.0,8.0,8.0,0.0,46.0,,24.0,,22.0,57.0,58.0,35.0,47.0,,16.0,23.0,12.0,58.0,29.0,25.0,42.0,15.0,30.0,14.0,,44.0,16.0,12.0,31.0,43.0,47.0,47.0,,34.0,55.0,21.0,51.0,,,10.0,15.0,34.0,,19.0,19.0,19.0,28.0,42.0,30.0,18.0,29.0,18.0,46.0,14.0,50.0,,59.0,,,,,9.0,,57.0,37.0,49.0,,,22.0,29.0,,14.0,,22.0,14.0,17.0,3.0,23.0,51.0,,13.0,28.0,35.0,47.0,8.0,,41.0,45.0,53.0,57.0,28.0,15.0,52.0,17.0,16.0,27.0,54.0,,52.0,48.0,,,0.0,48.0,,40.0,,39.0,25.0,57.0,,,12.0,29.0,53.0,36.0,38.0,,,,,34.0,30.0,,53.0,,53.0,20.0,,51.0,19.0,43.0,58.0,46.0,39.0,24.0,43.0,18.0,30.0,46.0,48.0,55.0,18.0,,,10.0,54.0,43.0,27.0,49.0,22.0,22.0,,10.0,58.0,7.0,24.0,55.0,23.0,,15.0,18.0,14.0,19.0,56.0,41.0,22.0,,59.0,,16.0,25.0,23.0,,32.0,34.0,50.0,49.0,43.0,27.0,18.0,43.0,47.0,39.0,57.0,,16.0,,,21.0,,26.0,11.0,47.0,27.0,49.0,,,27.0,22.0,49.0,56.0,,24.0,169,3,2.343461030383091,18.890929965556833,-0.3584090206263319
5,6,2,7,8,4,8,7,9,7,7,8,8,9,7,9,11,11,25,8,7,9,8,10,9,13,17,8,11,7,10,8,8,7,9,11,6,7,10,15,9,,12,10,8,12,12,12,16,19,12,11,10,10,40,18,4,8,12,9,12,10,15,11,9.0,11,13,10,11,16,18,17,17,6,17,17,24,28,16,10,17,9,6,6,13,19,15,13,27,19,17,12,17,10,30,15,10,18,0,17,17,29,21,7,10,15,9,13,16,7,13,,13,16,18.0,14,18,12,18,54,18,19,6,18,15,17,17,10.0,14,13,9,15,31.0,1,16,18.0,0,20,9,18,22,9,5,16,27.0,36.0,12,13.0,16,21,17,8,20.0,12,16,10,14,25.0,20,17,20,16,13,25,22,8.0,20,13,13,17,16,36.0,10,27,11,10,19,10.0,27,22.0,12,14,13,20,26,19.0,9.0,1,18,43.0,12.0,20,15,13,17,12,10,11,27.0,23,30,16.0,19,12,25,28,32.0,10,16,11,22,17.0,28,29,21,26,13,16,18,25.0,26.0,28,29,29,23.0,6,21,4,46.0,10,57.0,28.0,13,12,53.0,21,11,12,44.0,1.0,18,17,17,15,27,,18,12,12,14,13,17,10.0,23.0,21,9.0,12.0,24.0,20.0,24,33.0,27,12,10,,11.0,39.0,7.0,34.0,12,28.0,22.0,,21,22,11.0,5,24,19,18.0,17.0,,19,19.0,38,29,27.0,20.0,27,,28.0,17,21,24.0,9,57.0,14.0,20.0,9,15,9.0,24,14,16,25,21,16,14,32,9,13,6,18,29.0,0.0,30,10,7,31.0,16.0,9,24,17,44.0,30,59.0,23,12,28,9,16,18.0,19,8.0,19,18,28.0,12,16,22,17.0,20.0,23,20.0,8.0,11.0,17.0,50.0,15,0.0,27,17,19,34.0,22,10.0,18.0,21,,48.0,15.0,17,16.0,26,20,5,24,12,33,18,24.0,11,29.0,23,0,15,60.0,33,,14,15.0,8,,24,0,21.0,17,12.0,35,,23.0,26,19,58.0,18.0,16.0,3.0,22.0,26,16.0,17.0,20,8.0,18,9,,,6,20.0,32,29.0,57.0,17,31,31,38.0,27,51.0,20.0,21,,17,32.0,13,3,17,11.0,29.0,28,0,23,63.0,10.0,10,15,47.0,10,8.0,,22.0,23.0,32.0,,16.0,24.0,,8.0,9,18,33.0,47.0,23.0,28.0,10.0,63.0,7.0,16.0,19,16,,53.0,15,44.0,22.0,22.0,34.0,33.0,26.0,18,15,21.0,33.0,23.0,38.0,21,48.0,22.0,18.0,27,23,30,,,24.0,24.0,10,26,12.0,14.0,40,9.0,36.0,26,,30.0,17.0,20,17.0,27,31.0,27.0,39.0,25,9.0,25,29.0,19,24,,42.0,,27.0,13,28,17,16.0,13,26.0,3,44,27.0,31,27,12.0,28.0,24,18,57.0,23.0,15.0,42.0,27.0,15.0,17,33.0,29,23,18.0,23.0,37.0,26.0,47.0,,11,31,24.0,39.0,30.0,27.0,15.0,23.0,24,7.0,27,17.0,21.0,,44.0,14,16.0,31,,25.0,30.0,27,12.0,58.0,25.0,30,29,64.0,14.0,25.0,14.0,,12.0,,19.0,15.0,18.0,51.0,26.0,29,23,64.0,,28.0,15,34,14,14,37.0,41.0,11,21,16.0,41.0,32,25.0,27.0,11.0,23,51.0,23.0,,11,37.0,16.0,23.0,,25.0,30.0,14,24.0,19,27.0,12,18,22,10.0,52.0,20.0,57.0,,,18.0,47.0,20.0,4.0,48.0,17,47.0,,19,22.0,19.0,15.0,18.0,28,34.0,,30.0,22,21,35.0,11,13.0,30.0,23.0,19.0,12,33.0,40,18,36.0,20,58.0,15,44.0,17.0,26.0,16,16,0.0,40.0,32,64.0,22,35.0,13,52.0,12.0,,,36.0,42.0,60,24.0,54.0,42.0,30.0,23.0,36.0,,16,17,22.0,22,26,20,56.0,14.0,20.0,28.0,,10.0,30,13.0,18.0,45.0,30,9.0,58.0,20.0,13.0,7.0,13,30.0,19.0,30.0,29.0,61.0,30.0,33.0,25,,,38.0,49.0,,34.0,10.0,29,50.0,38.0,32.0,,18,16,38.0,30.0,28,,,26.0,21,19.0,16.0,11.0,14.0,10,24.0,9.0,27.0,,22.0,29.0,23.0,29.0,,21,33,,29.0,54.0,23.0,32.0,14.0,14.0,33.0,33.0,27.0,23,14,55.0,21,14.0,39.0,9.0,29.0,0,16,15.0,19.0,14.0,13.0,11.0,10.0,27.0,24.0,,13,16.0,,37.0,28.0,27.0,33.0,28,45.0,27.0,39.0,26,,25.0,31.0,54.0,62.0,30.0,28,30.0,16,44.0,35.0,15.0,19.0,51.0,27.0,33.0,40.0,,52.0,46.0,,20.0,11.0,56.0,18.0,24.0,29.0,51.0,16.0,22.0,38,27.0,52.0,5,49.0,21.0,21,15.0,21.0,16.0,13,12,16,32.0,47.0,13.0,13.0,53.0,17.0,18.0,25.0,33.0,30,30.0,22,0.0,16,30,41.0,32,14.0,44.0,32.0,44.0,19,,38.0,28.0,34.0,,64.0,36,,30,58.0,17.0,51.0,17,17.0,24,26,19.0,38.0,17.0,23,25.0,32.0,15,19.0,42.0,22.0,54.0,56.0,48.0,25.0,33.0,56,25.0,23.0,37.0,,38.0,34.0,41.0,19.0,26,45.0,30,36.0,33.0,55.0,25.0,32,18,26.0,20.0,35.0,40.0,18.0,38.0,47.0,38.0,57.0,17,28.0,12.0,29,27,46.0,,16,18.0,27.0,11,52.0,7,23,22,29.0,30.0,39.0,28.0,25.0,14.0,10.0,44.0,17.0,48.0,33.0,20.0,19.0,25.0,11.0,13.0,15.0,50.0,21.0,34.0,58.0,25.0,27.0,18.0,26.0,,,20.0,22.0,29.0,,25.0,28.0,29.0,22.0,33.0,17.0,32.0,24.0,28.0,29.0,22.0,18.0,35.0,52.0,23.0,0.0,38.0,14,37.0,61.0,39.0,15,31.0,,14.0,30.0,46.0,,38.0,35.0,,48.0,7.0,31.0,,37.0,11.0,10.0,24.0,58.0,15.0,14.0,27.0,36.0,54.0,18.0,53.0,43.0,19.0,27.0,33,17.0,39.0,5.0,15,19.0,41.0,28.0,15.0,11.0,23.0,,16.0,,19,42.0,,25.0,21.0,16.0,20.0,21,25,15.0,28.0,26.0,,7.0,13.0,24,24,41.0,30.0,32.0,23.0,52.0,21.0,19.0,47.0,38.0,,38.0,,38.0,26.0,24.0,17.0,33,17.0,56.0,20.0,34.0,14.0,16,64.0,23,20.0,27,34.0,,28.0,17.0,,42.0,57.0,,,43.0,58.0,30.0,23,14.0,47.0,13.0,26.0,29.0,16,21.0,20.0,19.0,16.0,11.0,17.0,27.0,17.0,53.0,10,16,10.0,24.0,28.0,,57.0,29.0,41.0,14.0,50,14.0,,51.0,34.0,20.0,10.0,29.0,14.0,20,16.0,36.0,16.0,39,10,22.0,43.0,,15.0,16.0,37.0,12.0,,40.0,19.0,27.0,11.0,13.0,32.0,38.0,25,17.0,10.0,39.0,18.0,26.0,21,28.0,,28,46.0,18.0,19.0,,41.0,36.0,28.0,59.0,15.0,,29.0,11,64.0,34.0,41.0,,37,20.0,50.0,30.0,15.0,22.0,,18.0,30.0,56.0,11.0,39.0,15.0,31.0,27,24,,24.0,20.0,28.0,,24,29,50.0,13.0,,60.0,53.0,21.0,,22.0,20.0,25.0,27.0,25.0,14.0,20.0,15.0,28,16,19.0,32.0,0.0,32.0,49.0,6,25.0,13.0,,27.0,51.0,20.0,25.0,64.0,29.0,43.0,16.0,27.0,,25.0,15.0,46,48.0,19.0,34,22.0,38.0,59.0,42.0,34.0,55.0,11.0,,15.0,32.0,24.0,28.0,55.0,41.0,,42.0,18.0,32.0,30.0,49.0,,,46.0,20.0,48.0,21.0,51.0,18.0,27.0,,31.0,13.0,0.0,32.0,26.0,25.0,17.0,37.0,26.0,18.0,47.0,22.0,12.0,36.0,,39.0,53.0,,39.0,9.0,27.0,37.0,,21.0,10.0,59.0,23.0,46.0,33.0,14.0,26.0,24,,28.0,,20.0,54.0,25.0,8.0,21.0,26.0,36.0,8.0,31.0,48.0,14.0,3.0,11.0,,11.0,,11.0,51.0,25.0,20.0,24.0,25.0,15.0,29.0,43.0,24.0,31.0,31.0,34.0,32.0,,51.0,56.0,60.0,50.0,63.0,,63.0,22.0,61.0,27.0,,,45,27.0,16.0,13.0,22.0,32.0,60.0,,8.0,38.0,14,22.0,25.0,63.0,24.0,36.0,33.0,20.0,31.0,33.0,11.0,36.0,,22.0,34.0,,,26,28.0,,,29.0,34.0,,21.0,20.0,30.0,11.0,,36.0,63.0,29.0,39.0,40.0,21.0,38.0,22.0,34.0,22.0,,,36.0,33,22,12.0,46.0,18.0,9.0,41.0,30.0,17.0,,17.0,36.0,21.0,33.0,23.0,33.0,,45.0,53.0,29.0,44.0,62.0,31.0,10.0,51.0,59.0,24.0,17.0,57.0,15.0,13.0,17.0,59.0,22.0,5.0,22.0,56.0,,30.0,38.0,,19.0,30.0,,26.0,36.0,31.0,28.0,30.0,32.0,8,32.0,27.0,15.0,,20,60.0,46.0,,27.0,19.0,27.0,14.0,47.0,40,57.0,42.0,47.0,57.0,,31.0,,35,,27.0,23.0,36.0,9,36.0,13.0,43.0,33.0,,40.0,22.0,45.0,12.0,17.0,16.0,28.0,14.0,,,34.0,15.0,52.0,46.0,,22.0,,26.0,21.0,34,26.0,29.0,30.0,18.0,35.0,,28.0,30.0,,45.0,29.0,12.0,23.0,32,32.0,19.0,23.0,38.0,,39.0,57.0,,30.0,40.0,46.0,14.0,39.0,56.0,,50.0,50.0,45.0,43.0,53.0,17.0,22.0,41.0,29.0,62.0,6.0,45.0,56.0,62.0,,47.0,14.0,38.0,54.0,10.0,21.0,10.0,,13.0,23.0,15.0,45.0,,36.0,41.0,46.0,,60.0,23.0,31.0,,18.0,41.0,62.0,,14.0,28.0,8.0,31.0,63.0,18.0,17.0,26.0,0.0,24.0,15.0,35.0,27.0,54.0,20,7.0,,17.0,30.0,63.0,43.0,22.0,,20.0,20.0,37.0,25.0,,11.0,51.0,17.0,28.0,24.0,38.0,52.0,30.0,,25.0,19.0,41.0,40.0,37.0,28.0,46.0,24.0,44.0,41.0,3.0,41.0,0.0,41.0,52.0,52.0,32.0,26.0,9.0,34.0,,10.0,,16.0,55.0,27.0,22.0,,,26.0,43.0,35.0,14.0,36.0,30.0,0.0,37.0,40.0,54.0,,37.0,47.0,47.0,39.0,9.0,33.0,56.0,,10.0,52.0,46.0,10.0,11.0,,61.0,47.0,60.0,39.0,21.0,52.0,,,,40.0,,,,,40.0,10.0,50.0,46.0,34.0,55.0,35.0,19.0,56.0,52.0,40.0,51.0,,55.0,40.0,19.0,11.0,26.0,,33.0,23.0,31.0,,50.0,38.0,24.0,17.0,29.0,18.0,22.0,14.0,32.0,32.0,24.0,34.0,,,39.0,11,19.0,,21.0,58.0,26.0,18.0,29.0,,23.0,37.0,23,49.0,,26.0,37.0,20.0,44.0,52.0,35.0,15,31.0,15.0,14.0,53.0,30.0,43.0,,56.0,20.0,23.0,,16.0,29.0,44.0,42.0,7.0,,,37.0,,51.0,23.0,51.0,,55.0,,,26.0,17.0,41.0,21.0,38.0,17.0,,,37.0,17.0,15.0,23.0,,33.0,32.0,35.0,24.0,23.0,18.0,60.0,26.0,16.0,,12.0,,,4.0,13.0,23.0,14.0,47.0,41.0,54.0,23.0,58.0,,11.0,,52.0,42.0,33.0,51.0,41.0,11.0,25.0,,24.0,20.0,37.0,26.0,27.0,18.0,1.0,30.0,40.0,12.0,31.0,16.0,17.0,9.0,37.0,58.0,14.0,56.0,,,63.0,30.0,24.0,30.0,,18.0,22.0,64.0,24.0,49.0,56.0,17.0,35.0,,,33,,63.0,15.0,32.0,18.0,36.0,29.0,40.0,41.0,31.0,25.0,25.0,,22.0,41.0,14.0,23.0,23.0,39.0,38.0,50.0,16.0,,,20.0,18.0,,23.0,,37.0,38.0,30.0,16.0,44.0,25.0,,10.0,0.0,46.0,,,38.0,12.0,56.0,58.0,,45.0,35.0,23.0,41.0,40.0,26.0,30.0,,8.0,42.0,38.0,,31.0,26.0,11.0,36.0,25.0,55.0,39.0,51.0,24.0,53.0,16.0,25.0,27.0,43.0,,49.0,19.0,,13.0,,42.0,31,13.0,20.0,12,54.0,57.0,,23.0,,,43.0,,30.0,46.0,,23.0,,39.0,,23.0,36.0,34.0,47.0,55.0,17.0,30.0,54.0,30.0,44.0,58.0,20.0,,35.0,,12.0,20.0,,48.0,40.0,20.0,48.0,14.0,19.0,33.0,19.0,24.0,,34.0,,0.0,32.0,7.0,32.0,,47.0,,42.0,53.0,41.0,40.0,41.0,35.0,17.0,64.0,39.0,18.0,48.0,0.0,11.0,47.0,16.0,44.0,17.0,16.0,39.0,61.0,40.0,,28.0,49.0,21.0,31.0,24.0,26.0,40.0,17.0,24.0,38.0,,18.0,,22.0,30.0,40.0,30.0,,45.0,8.0,13.0,,14.0,,32.0,14.0,,36.0,34.0,30.0,13.0,27.0,43.0,15.0,13.0,19.0,39.0,17.0,33.0,30.0,31.0,28.0,,24.0,28.0,12.0,,22.0,21.0,36.0,55.0,46.0,27.0,,32.0,31.0,29.0,31.0,22.0,24.0,,50.0,,,25.0,28.0,3.0,57.0,31.0,,46.0,12.0,,37.0,,,45.0,55.0,10.0,55.0,31.0,,32.0,,12.0,41.0,58.0,37.0,,35.0,11.0,46.0,,62.0,20.0,9.0,,31.0,28.0,28.0,16.0,,54.0,37.0,35.0,,,38.0,13.0,31.0,,34.0,41.0,54.0,,56.0,14.0,29.0,37.0,35.0,28.0,24.0,15.0,35.0,,17.0,14.0,59.0,33.0,,28.0,28.0,,37.0,46.0,,26.0,,31.0,45.0,60.0,,35.0,,,57.0,,,17.0,44.0,0.0,37.0,55.0,,49.0,55.0,22.0,23.0,27.0,16.0,48.0,49.0,53.0,42.0,30.0,49.0,,25.0,43.0,50.0,31.0,,23.0,50.0,63.0,14.0,16.0,,29.0,17.0,25.0,39.0,58.0,30.0,43.0,56.0,36.0,25.0,,,,34.0,7.0,,38.0,31.0,43.0,42.0,17.0,40.0,,11.0,62.0,45.0,45.0,42.0,46.0,20.0,40.0,38.0,19.0,,43.0,35.0,29.0,37.0,14.0,,34.0,47.0,0.0,30.0,,54.0,23.0,46.0,56.0,33.0,,61.0,28.0,36.0,,22.0,57.0,,19.0,,1.0,33.0,26.0,30.0,27.0,,22.0,0.0,,,36.0,,30.0,,32.0,39.0,0.0,,34.0,24.0,47.0,,,28.0,27.0,46.0,25.0,37.0,36.0,36.0,24.0,48.0,12.0,64.0,34.0,21.0,60.0,12.0,17.0,36.0,10.0,,,,29.0,,58.0,,,7.0,29.0,38.0,33.0,29.0,27.0,59.0,,6.0,,43.0,32.0,41.0,43.0,19.0,35.0,29.0,14.0,18.0,11.0,,,,38.0,,24.0,32.0,,29.0,32.0,17.0,37.0,22.0,21.0,25.0,,24.0,36.0,32.0,17.0,23.0,15.0,18.0,21.0,28.0,27.0,18.0,,56.0,27.0,,,33.0,14.0,,,61.0,27.0,41.0,24.0,,,21.0,16.0,,18.0,1.0,40.0,55.0,17.0,43.0,18.0,37.0,50.0,43.0,,22.0,51.0,53.0,29.0,52.0,21.0,19.0,37.0,15.0,27.0,27.0,7.0,34.0,61.0,20.0,,25.0,27.0,24.0,10.0,41.0,,22.0,,15.0,55.0,,22.0,37.0,,13.0,35.0,34.0,45.0,41.0,30.0,49.0,62.0,57.0,32.0,63.0,39.0,55.0,31.0,30.0,55.0,,18.0,43.0,64.0,,,25.0,40.0,12.0,26.0,41.0,,21.0,39.0,,6.0,30.0,9.0,30.0,23.0,18.0,,35.0,49.0,21.0,43.0,17.0,29.0,51.0,40.0,22.0,56.0,,40.0,33.0,58.0,40.0,26.0,27.0,23.0,44.0,33.0,31.0,63.0,16.0,19.0,,,32.0,,11.0,29.0,29.0,22.0,,46.0,32.0,0.0,,39.0,27.0,51.0,,15.0,43.0,21.0,64.0,,24.0,11.0,60.0,33.0,23.0,41.0,19.0,57.0,23.0,28.0,51.0,30.0,40.0,46.0,,,14.0,26.0,0.0,,,10.0,49.0,43.0,18.0,56.0,11.0,0.0,25.0,21.0,,40.0,35.0,23.0,11.0,60.0,48.0,,43.0,53.0,16.0,59.0,,33.0,28.0,,60.0,47.0,62.0,16.0,42.0,18.0,,21.0,20.0,43.0,43.0,,15.0,24.0,59.0,,51.0,37.0,13.0,3.0,14.0,,11.0,,55.0,53.0,64.0,23.0,30.0,33.0,50.0,38.0,,11.0,44.0,29.0,37.0,40.0,34.0,,,36.0,0.0,,14.0,47.0,,,,60.0,54.0,51.0,22.0,8.0,,41.0,26.0,45.0,29.0,,50.0,22.0,29.0,53.0,27.0,33.0,59.0,39.0,,27.0,,20.0,23.0,15.0,,26.0,19.0,,22.0,9.0,,46.0,30.0,45.0,47.0,,32.0,32.0,36.0,18.0,25.0,51.0,28.0,,20.0,48.0,41.0,,41.0,,46.0,,48.0,31.0,49.0,8.0,,42.0,29.0,28.0,28.0,31.0,17.0,17.0,49.0,,,57.0,,43.0,23.0,51.0,48.0,,39.0,55.0,25.0,31.0,60.0,22.0,,17.0,18.0,,2.0,14.0,21.0,43.0,22.0,24.0,64.0,,,63.0,,12.0,24.0,58.0,17.0,17.0,27.0,,48.0,40.0,,14.0,52.0,,29.0,,31.0,37.0,34.0,25.0,,29.0,40.0,37.0,43.0,,,45.0,,,26.0,,48.0,,38.0,40.0,51.0,,0.0,,61.0,57.0,,,,,,,28.0,54.0,15.0,,26.0,,59.0,29.0,50.0,38.0,15.0,,52.0,,60.0,35.0,47.0,,12.0,22.0,61.0,,26.0,11.0,59.0,9.0,31.0,22.0,41.0,42.0,51.0,16.0,30.0,,60.0,24.0,47.0,17.0,49.0,,,,62.0,,23.0,38.0,54.0,,,33.0,61.0,29.0,25.0,32.0,50.0,,32.0,20.0,13.0,64.0,44.0,27.0,7.0,63.0,42.0,21.0,,,46.0,,,34.0,27.0,61.0,47.0,0.0,6.0,25.0,25.0,29.0,58.0,,21.0,48.0,48.0,24.0,47.0,,10.0,,55.0,19.0,27.0,22.0,,46.0,,34.0,36.0,,5.0,9.0,,19.0,36.0,,,25.0,32.0,31.0,27.0,19.0,23.0,24.0,51.0,,44.0,17.0,40.0,22.0,40.0,,37.0,,44.0,26.0,51.0,47.0,,21.0,,,29.0,45.0,50.0,36.0,30.0,47.0,60.0,22.0,57.0,29.0,,18.0,30.0,,,25.0,28.0,23.0,,22.0,47.0,54.0,39.0,9.0,8.0,46.0,12.0,16.0,32.0,32.0,,55.0,49.0,39.0,30.0,10.0,14.0,,21.0,15.0,36.0,55.0,13.0,21.0,37.0,41.0,52.0,,,,20.0,18.0,48.0,30.0,31.0,37.0,,8.0,46.0,19.0,22.0,51.0,19.0,55.0,20.0,61.0,57.0,42.0,63.0,11.0,,15.0,12.0,,17.0,22.0,47.0,24.0,,13.0,48.0,,36.0,,42.0,31.0,11.0,,28.0,46.0,37.0,20.0,,12.0,16.0,27.0,29.0,,24.0,0.0,36.0,27.0,,14.0,25.0,30.0,51.0,,14.0,12.0,48.0,10.0,26.0,20.0,32.0,41.0,52.0,,15.0,19.0,7.0,,,27.0,,,41.0,,24.0,20.0,9.0,52.0,26.0,13.0,29.0,,18.0,21.0,14.0,8.0,26.0,,53.0,61.0,24.0,26.0,31.0,,45.0,,39.0,63.0,39.0,47.0,,,35.0,50.0,64.0,,,41.0,170,3,2.539325842696629,19.060137457044675,-0.33633638508106845
4,4,6,8,5,6,7,8,6,7,11,15,10,3,7,7,7,12,38,24,10,14,13,12,6,18,8,8,10,10,15,8,9,10,12,11,16,13,11,10,24,24.0,19,17,11,19,15,13,9,18,11,13,9,2,27,11,13,9,8,11,11,12,18,3,19.0,12,18,8,6,12,13,10,16,9,11,17,11,17,10,11,17,16,5,14,17,16,12,16,15,11,9,11,35,13,17,12,12,16,16,12,13,15,10,11,13,18,12,12,12,15,10,52.0,14,21,18.0,10,14,10,15,19,18,16,14,10,16,13,8,13.0,12,9,19,0,7.0,12,19,17.0,20,12,26,19,23,13,7,20,24.0,30.0,13,31.0,8,10,0,16,21.0,11,14,16,19,31.0,10,18,18,8,16,23,12,9.0,12,30,17,16,20,15.0,5,23,18,31,17,19.0,15,56.0,23,13,14,9,20,28.0,46.0,21,18,28.0,30.0,12,21,7,9,27,13,14,17.0,15,17,20.0,6,13,18,7,29.0,28,17,18,21,17.0,22,11,16,23,16,11,17,10.0,16.0,21,14,12,31.0,25,15,16,10.0,9,6.0,57.0,16,31,22.0,7,18,15,19.0,50.0,8,16,21,22,19,25.0,24,14,13,19,19,7,17.0,32.0,15,35.0,32.0,15.0,49.0,38,27.0,15,26,9,11.0,14.0,17.0,8.0,21.0,17,23.0,19.0,13.0,18,23,32.0,11,39,15,28.0,20.0,19.0,17,,12,21,10.0,30.0,18,47.0,20.0,18,13,31.0,16,19.0,5.0,33.0,32,12,11.0,38,26,17,40,17,12,9,17,23,40,17,11,21.0,38.0,16,15,11,32.0,20.0,14,41,9,21.0,15,43.0,16,10,21,6,32,34.0,13,23.0,18,15,22.0,18,14,23,16.0,43.0,23,40.0,27.0,40.0,,14.0,6,,16,22,13,28.0,20,16.0,51.0,24,19.0,4.0,25.0,18,8.0,6,17,20,22,10,21,17,8.0,12,41.0,14,20,24,23.0,19,51.0,11,59.0,8,41.0,21,5,26.0,26,21.0,58,39.0,20.0,18,21,6.0,16.0,41.0,24.0,54.0,24,31.0,23.0,10,,13,12,20.0,25.0,18,19.0,25,15.0,14.0,24,19,16,15.0,15,24.0,53.0,12,35.0,13,41.0,15,10,14,14.0,18.0,14,17,22,42.0,19.0,44,16,24.0,17,32.0,34.0,32.0,23.0,11.0,22.0,18.0,,,15.0,15,17,22.0,45.0,22.0,48.0,29.0,31.0,15.0,18.0,16,19,12.0,27.0,11,38.0,8.0,22.0,49.0,26.0,0.0,19,10,49.0,18.0,33.0,18.0,13,40.0,25.0,16.0,25,21,20,22.0,61.0,33.0,28.0,47,17,14.0,,13,30.0,42.0,25,31.0,20.0,50.0,12,29.0,25,16.0,41.0,36.0,17,,15,33.0,17,19,,44.0,33.0,47.0,41,14,10,25.0,17,41.0,19,29,20.0,20,20,12.0,13.0,26,18,16.0,15.0,27.0,24.0,28.0,38.0,13,29.0,31,13,37.0,,23.0,42.0,49.0,25.0,17,12,15.0,14.0,41.0,8.0,,20.0,22,55.0,16,9.0,36.0,10.0,57.0,18,24.0,18,26.0,19.0,18.0,18,0.0,,19.0,34,16,22.0,29.0,31.0,60.0,39.0,20.0,1.0,,20.0,18.0,27.0,20.0,25,17,12.0,31.0,41.0,24,57,11,30,28.0,29.0,10,9,10.0,29.0,23,12.0,24.0,51.0,25,10.0,38.0,41.0,19,35.0,16.0,27.0,,29.0,61.0,24,49.0,21,31.0,13,17,17,36.0,23.0,15.0,48.0,19.0,56.0,49.0,35.0,11.0,42.0,30.0,14,25.0,25.0,6,29.0,53.0,32.0,17.0,22,34.0,21.0,,28,21,0.0,31,20.0,34.0,48.0,46.0,24,2.0,21,10,50.0,18,52.0,23,34.0,10.0,42.0,8,15,44.0,29.0,21,42.0,17,15.0,20,60.0,28.0,23.0,37.0,14.0,32.0,32,27.0,21.0,,9.0,19.0,23.0,53.0,22,11,20.0,24,15,15,19.0,38.0,28.0,32.0,36.0,30.0,35,34.0,35.0,54.0,37,45.0,14.0,20.0,39.0,10.0,12,14.0,27.0,20.0,41.0,61.0,9.0,41.0,38,,49.0,,31.0,23.0,12.0,39.0,37,37.0,23.0,21.0,7.0,17,15,12.0,58.0,47,27.0,33.0,5.0,24,39.0,12.0,37.0,33.0,18,45.0,37.0,20.0,,15.0,25.0,,15.0,23.0,23,43,31.0,48.0,30.0,28.0,28.0,19.0,13.0,38.0,12.0,38.0,21,13,19.0,42,41.0,22.0,17.0,31.0,18,9,30.0,21.0,33.0,34.0,,44.0,,48.0,20.0,12,34.0,54.0,,30.0,31.0,37.0,19,20.0,23.0,15.0,24,27.0,32.0,29.0,20.0,20.0,37.0,29,23.0,29,,18.0,27.0,39.0,,61.0,22.0,33.0,19.0,25.0,23.0,27.0,36.0,43.0,57.0,59.0,47.0,35.0,19.0,46.0,49.0,23,48.0,36.0,18,17.0,37.0,19,20.0,25.0,,19,11,21,33.0,17.0,47.0,20.0,27.0,,20.0,,20.0,29,20.0,47,19.0,14,39,13.0,18,44.0,30.0,12.0,38.0,18,30.0,14.0,47.0,9.0,45.0,32.0,16,27.0,19,27.0,19.0,,28,0.0,16,27,22.0,20.0,27.0,14,19.0,35.0,16,,,43.0,19.0,30.0,11.0,13.0,17.0,19,22.0,45.0,0.0,37.0,33.0,28.0,43.0,29.0,14,48.0,22,16.0,25.0,22.0,29.0,14,21,30.0,13.0,14.0,11.0,13.0,22.0,29.0,46.0,26.0,21,20.0,23.0,29,19,35.0,50.0,16,48.0,48.0,10,32.0,17,29,24,35.0,28.0,21.0,13.0,59.0,26.0,38.0,53.0,29.0,9.0,30.0,,21.0,18.0,20.0,23.0,15.0,17.0,16.0,24.0,,43.0,51.0,23.0,17.0,19.0,56.0,54.0,21.0,24.0,33.0,15.0,10.0,21.0,,,32.0,31.0,29.0,22.0,11.0,52.0,22.0,,,,26.0,22.0,18,21.0,39.0,28.0,18,21.0,,5.0,19.0,47.0,41.0,19.0,44.0,34.0,26.0,48.0,,22.0,18.0,25.0,,33.0,18.0,22.0,20.0,36.0,47.0,,8.0,21.0,21.0,22.0,,16,14.0,17.0,17.0,34,43.0,22.0,5.0,28.0,,47.0,,19.0,17.0,28,20.0,17.0,44.0,23.0,27.0,53.0,17,22,,30.0,19.0,22.0,,29.0,19,17,31.0,,33.0,,12.0,29.0,29.0,40.0,31.0,,22.0,31.0,33.0,53.0,53.0,22.0,22,26.0,19.0,18.0,38.0,7.0,12,28.0,23,49.0,17,40.0,18.0,22.0,,,32.0,37.0,20.0,25.0,13.0,10.0,14.0,39,17.0,17.0,46.0,46.0,25.0,21,25.0,,34.0,56.0,33.0,30.0,14.0,34.0,15.0,54,45,47.0,16.0,40.0,11.0,24.0,12.0,,20.0,35,,23.0,31.0,31.0,41.0,23.0,32.0,22.0,27,27.0,,16.0,18,14,,58.0,11.0,21.0,42.0,45.0,16.0,27.0,20.0,29.0,35.0,20.0,19.0,20.0,29.0,24,19.0,20.0,,41.0,,19,42.0,,19,48.0,14.0,23.0,25.0,60.0,16.0,19.0,10.0,21.0,37.0,13.0,16,23.0,36.0,19.0,17.0,37,0.0,39.0,30.0,32.0,15.0,31.0,30.0,51.0,18.0,13.0,22.0,29.0,16.0,25,23,,21.0,13.0,48.0,18.0,5,24,,,61.0,21.0,52.0,33.0,20.0,19.0,13.0,44.0,60.0,41.0,8.0,35.0,57.0,25,33,12.0,30.0,14.0,,,17,17.0,16.0,,32.0,18.0,5.0,23.0,,21.0,46.0,43.0,18.0,34.0,,,29,17.0,33.0,15,44.0,,21.0,56.0,45.0,43.0,11.0,38.0,12.0,28.0,53.0,17.0,19.0,,19.0,12.0,37.0,26.0,32.0,39.0,50.0,23.0,46.0,43.0,,28.0,,35.0,21.0,13.0,20.0,,57.0,18.0,38.0,28.0,33.0,12.0,11.0,15.0,26.0,0.0,0.0,23.0,,22.0,44.0,54.0,15.0,19.0,39.0,19.0,32.0,43.0,38.0,47.0,8.0,16.0,,,23.0,12,12.0,22.0,35.0,,23.0,15.0,21.0,46.0,11.0,13.0,12.0,55.0,,40.0,58.0,21.0,,28.0,42.0,34.0,40.0,7.0,,41.0,56.0,22.0,28.0,36.0,36.0,40.0,46.0,38.0,38.0,,,12.0,29.0,41.0,22.0,,,14.0,27.0,46.0,,24.0,28,11.0,17.0,30.0,34.0,51.0,,20.0,20.0,,18,41.0,24.0,44.0,,17.0,47.0,21.0,41.0,21.0,38.0,29.0,23.0,42.0,44.0,17.0,9.0,23,32.0,21.0,23.0,36.0,17.0,7.0,21.0,35.0,31.0,,31.0,27.0,40.0,50.0,56.0,6.0,18.0,10.0,26.0,18.0,,,28.0,16.0,31,17,36.0,34.0,41.0,24.0,17.0,10.0,15.0,22.0,,39.0,,32.0,13.0,56.0,27.0,0.0,44.0,18.0,36.0,22.0,20.0,27.0,21.0,11.0,18.0,15.0,51.0,25.0,18.0,,,38.0,19.0,14.0,34.0,35.0,24.0,22.0,19.0,10.0,53.0,34.0,47.0,,14.0,13.0,,15.0,15,26.0,34.0,,28.0,15,,,45.0,34.0,31.0,40.0,43.0,34.0,13,19.0,15.0,22.0,20.0,57.0,29.0,33.0,20,30.0,25.0,42.0,44.0,17,60.0,38.0,24.0,48.0,,43.0,24.0,10.0,53.0,16.0,23.0,36.0,36.0,32.0,61.0,13.0,12.0,,51.0,36.0,18.0,35.0,11.0,26.0,15,41.0,17.0,22.0,,20.0,,,48.0,,39.0,35.0,22.0,27.0,35,31.0,32.0,42.0,36.0,19.0,24.0,,52.0,35.0,12.0,16.0,61.0,36.0,,22.0,44.0,20.0,,11.0,55.0,,,14.0,38.0,36.0,23.0,18.0,31.0,43.0,,41.0,17.0,18.0,39.0,49.0,31.0,,61.0,59.0,42.0,33.0,19.0,24.0,27.0,13.0,39.0,16.0,,21.0,24.0,,12.0,46.0,45.0,,,44.0,14.0,,35.0,17.0,23.0,12.0,31.0,48.0,48.0,5.0,42.0,18.0,17,50.0,,8.0,8.0,29.0,,24.0,27.0,23.0,26.0,46.0,34.0,24.0,61.0,,,11.0,17.0,16.0,44.0,37.0,51.0,19.0,26.0,13.0,41.0,22.0,50.0,39.0,10.0,,25.0,20.0,50.0,15.0,11.0,,,14.0,,24.0,34.0,28.0,34.0,50.0,48.0,,,22.0,10.0,39.0,,41.0,61.0,40.0,25.0,36.0,34.0,,18.0,42.0,28.0,29.0,23.0,58.0,19.0,53.0,10.0,24.0,,,26.0,5.0,21.0,38.0,44.0,24.0,,41.0,,55.0,14.0,36.0,42.0,24.0,,52.0,,50.0,18.0,47.0,13.0,54.0,46.0,35.0,35.0,45.0,33.0,44.0,,34.0,0.0,27.0,19.0,45.0,33.0,13.0,57.0,15.0,29.0,46.0,16.0,20.0,,,54.0,29.0,,26.0,40.0,28.0,25.0,46.0,55.0,,35.0,,25.0,42,46.0,18.0,44.0,28.0,44.0,26.0,18.0,19.0,39.0,,0,30.0,28.0,39.0,44.0,45.0,48.0,7.0,47.0,13,45.0,11.0,52.0,14.0,57.0,50.0,33.0,29.0,22.0,,0.0,23.0,52.0,,28.0,47.0,0.0,46.0,45.0,28.0,40.0,12.0,35.0,50.0,16.0,,,42.0,,53.0,30.0,45.0,19.0,26.0,8.0,42.0,59.0,12.0,36.0,,38.0,43.0,,8.0,40.0,28.0,47.0,,25.0,37.0,28.0,27.0,57.0,,24.0,,45.0,38.0,29.0,24.0,21.0,16.0,47.0,58.0,44.0,50.0,19.0,39.0,12.0,40.0,39.0,10.0,27.0,0.0,54.0,,,16.0,42.0,21.0,51.0,30.0,55.0,,53.0,35.0,19.0,,30.0,46.0,16.0,16.0,27.0,23.0,25.0,,22.0,8.0,18.0,21.0,19.0,,25.0,,36.0,,31.0,27.0,18,37.0,24.0,55.0,,33.0,56.0,40.0,57.0,50.0,30.0,,56.0,29.0,36.0,13.0,5.0,17.0,33.0,12.0,47.0,16.0,,,19.0,,33.0,33.0,,28.0,55.0,13.0,30.0,31.0,32.0,25.0,52.0,17.0,,28.0,47.0,12.0,27.0,60.0,21.0,,,20.0,23.0,60.0,34.0,35.0,15.0,22.0,18.0,27.0,7.0,43.0,,39.0,53.0,27.0,0.0,16.0,31.0,55.0,49.0,,,24.0,31.0,14.0,31.0,55.0,34.0,18.0,14.0,33.0,53.0,28.0,27,19.0,29.0,11,27.0,57.0,27.0,,38.0,,25.0,12.0,23.0,33.0,32.0,,,42.0,35.0,29.0,,37.0,22.0,36.0,45.0,28.0,27.0,20.0,18.0,,60.0,56.0,28.0,22.0,25.0,20.0,27.0,,,19.0,20.0,,13.0,,,,,36.0,21.0,26.0,12.0,24.0,17.0,26.0,32.0,39.0,55.0,,45.0,0.0,31.0,,,29.0,27.0,,35.0,27.0,34.0,27.0,23.0,39.0,19.0,59.0,33.0,26.0,25.0,,34.0,36.0,,,13.0,51.0,23.0,,,,27.0,23.0,,,16.0,33.0,13.0,,37.0,36.0,53.0,25.0,,33.0,30.0,17.0,41.0,53.0,20.0,42.0,32.0,,,53.0,20.0,46.0,,,38.0,53.0,42.0,24.0,45.0,35.0,15.0,36.0,29.0,13.0,,30.0,17.0,30.0,,,28.0,23.0,6.0,17.0,33.0,,45.0,28.0,,50.0,44.0,37.0,26.0,15.0,50.0,48.0,12.0,31.0,42.0,,59.0,32.0,5.0,,48.0,29.0,,28.0,28.0,56.0,25.0,40.0,,,,34.0,39.0,15.0,,0.0,55.0,38.0,54.0,16.0,34.0,13.0,29.0,40.0,15.0,30.0,40.0,16.0,,54.0,18.0,43.0,37.0,,0.0,35.0,,15.0,26.0,,30.0,,,,40.0,14.0,51.0,5.0,,29.0,13.0,42.0,42.0,11.0,12.0,,,,46.0,46.0,13.0,34.0,60.0,17.0,28.0,8.0,,58.0,,,,23.0,,45.0,,27.0,53.0,,38.0,11.0,,32.0,18.0,17.0,50.0,12.0,,61.0,22.0,60.0,,19.0,,45.0,19.0,40.0,60.0,26.0,24.0,0.0,30.0,47.0,,14.0,37.0,58.0,16.0,20.0,58.0,14.0,32.0,60.0,35.0,25.0,51.0,60.0,,23.0,,17.0,15.0,15.0,21.0,43.0,,33.0,34.0,23.0,5.0,30.0,51.0,,47.0,38.0,,5.0,34.0,37.0,22.0,,,26.0,24.0,47.0,15.0,25.0,35.0,12.0,49.0,13.0,37.0,12.0,,27.0,46.0,38.0,40.0,,27.0,29.0,,30.0,41.0,38.0,14.0,42.0,55.0,,39.0,14.0,39.0,56.0,19.0,14.0,25.0,19.0,26.0,43.0,43.0,36.0,42.0,21.0,,32.0,21.0,29.0,46.0,49.0,35.0,,46.0,,47.0,12.0,30.0,,30.0,48.0,17.0,,30.0,,17.0,47.0,,45.0,37.0,54.0,16.0,33.0,39.0,23.0,26.0,42.0,28.0,34.0,22.0,9.0,9.0,25.0,,18.0,47.0,29.0,,54.0,,36.0,20.0,43.0,,9.0,,52.0,,20.0,28.0,57.0,11.0,17.0,27.0,9.0,44.0,0.0,0.0,35.0,44.0,,61.0,,23.0,31.0,43.0,,26.0,42.0,24.0,56.0,,59.0,44.0,36.0,,41.0,,57.0,31.0,45.0,34.0,,,,21.0,17.0,26.0,25.0,,17.0,40.0,21.0,,40.0,,20.0,30.0,31.0,19.0,44.0,,,44.0,23.0,61.0,12.0,,21.0,0.0,49.0,41.0,54.0,25.0,35.0,39.0,15.0,11.0,39.0,7.0,,50.0,6.0,35.0,,19.0,15.0,34.0,43.0,58.0,27.0,,44.0,34.0,,25.0,18.0,,37.0,43.0,27.0,21.0,33.0,44.0,48.0,48.0,37.0,10.0,22.0,27.0,,35.0,54.0,34.0,,50.0,44.0,33.0,21.0,26.0,22.0,17.0,,39.0,,42.0,34.0,17.0,59.0,29.0,54.0,38.0,32.0,27.0,,46.0,36.0,39.0,,32.0,26.0,32.0,0.0,28.0,46.0,,46.0,,,,35.0,28.0,28.0,26.0,31.0,16.0,25.0,22.0,20.0,23.0,28.0,,50.0,31.0,,,29.0,61.0,53.0,30.0,47.0,37.0,26.0,45.0,22.0,39.0,,28.0,31.0,36.0,19.0,23.0,32.0,45.0,18.0,0.0,,30.0,43.0,38.0,31.0,24.0,45.0,37.0,,14.0,15.0,,33.0,27.0,19.0,61.0,,42.0,13.0,,56.0,14.0,36.0,22.0,18.0,39.0,12.0,,,51.0,25.0,51.0,43.0,,,,,,35.0,,47.0,,59.0,34.0,42.0,,35.0,50.0,24.0,38.0,,,8.0,44.0,34.0,24.0,15.0,30.0,24.0,61.0,,42.0,,,39.0,0.0,16.0,33.0,32.0,,,23.0,30.0,9.0,61.0,59.0,,51.0,52.0,20.0,30.0,54.0,6.0,11.0,50.0,,26.0,20.0,19.0,31.0,13.0,58.0,,49.0,25.0,38.0,31.0,26.0,16.0,13.0,,23.0,15.0,14.0,40.0,18.0,43.0,31.0,34.0,0.0,47.0,16.0,29.0,29.0,60.0,51.0,19.0,51.0,31.0,16.0,,28.0,32.0,,39.0,45.0,,,34.0,,13.0,25.0,51.0,56.0,36.0,17.0,,24.0,58.0,,10.0,43.0,27.0,48.0,9.0,35.0,22.0,,24.0,,30.0,37.0,20.0,45.0,9.0,28.0,32.0,25.0,32.0,32.0,28.0,19.0,37.0,21.0,,,60.0,49.0,57.0,17.0,39.0,33.0,19.0,16.0,18.0,,28.0,0.0,,17.0,32.0,,55.0,,25.0,,,16.0,,43.0,,14.0,56.0,22.0,48.0,21.0,,18.0,23.0,49.0,,20.0,61.0,56.0,,,32.0,,,,17.0,,29.0,20.0,30.0,38.0,,36.0,51.0,25.0,11.0,31.0,,51.0,10.0,,17.0,27.0,11.0,,28.0,33.0,,33.0,28.0,26.0,39.0,35.0,,,13.0,27.0,23.0,22.0,15.0,23.0,56.0,,30.0,37.0,20.0,,21.0,26.0,20.0,,21.0,,47.0,35.0,25.0,40.0,13.0,49.0,17.0,28.0,24.0,43.0,50.0,29.0,,43.0,42.0,52.0,21.0,50.0,55.0,47.0,24.0,60.0,29.0,,33.0,33.0,52.0,,8.0,28.0,57.0,57.0,18.0,,42.0,27.0,16.0,,23.0,26.0,34.0,,,18.0,47.0,13.0,0.0,60.0,,49.0,,61.0,51.0,40.0,48.0,61.0,,12.0,3.0,11.0,52.0,53.0,37.0,,10.0,37.0,24.0,60.0,23.0,,,20.0,33.0,25.0,20.0,33.0,50.0,22.0,,28.0,,,38.0,,33.0,54.0,,31.0,58.0,47.0,28.0,,,,26.0,22.0,24.0,,51.0,,31.0,18.0,10.0,35.0,29.0,37.0,46.0,24.0,,45.0,,33.0,,15.0,,,30.0,60.0,45.0,10.0,,,37.0,33.0,52.0,30.0,5.0,52.0,40.0,,61.0,,15.0,41.0,23.0,53.0,18.0,,16.0,,44.0,37.0,24.0,55.0,39.0,31.0,11.0,20.0,31.0,,,18.0,19.0,,29.0,,23.0,29.0,12.0,,16.0,,29.0,,36.0,31.0,11.0,49.0,43.0,25.0,50.0,34.0,,16.0,17.0,53.0,49.0,42.0,8.0,32.0,,20.0,,16.0,20.0,22.0,41.0,39.0,39.0,20.0,30.0,,,11.0,24.0,,28.0,29.0,21.0,,27.0,,,54.0,,32.0,41.0,29.0,33.0,17.0,33.0,35.0,,15.0,23.0,12.0,33.0,60.0,,24.0,17.0,60.0,,,,45.0,32.0,47.0,,,33.0,53.0,,38.0,25.0,32.0,26.0,10.0,,50.0,20.0,28.0,,,30.0,,,,39.0,,34.0,40.0,36.0,37.0,20.0,,37.0,,32.0,12.0,171,3,2.4002677376171357,18.533789563729684,-0.3589993755343199
5,4,5,8,3,6,9,8,9,5,6,7,5,10,9,9,15,11,14,11,7,8,8,7,9,10,8,14,2,10,13,6,9,11,15,10,19,7,13,9,17,14.0,9,22,9,7,22,10,7,4,13,9,18,15,14,35,16,7,8,6,10,13,8,16,49.0,7,15,12,7,7,18,18,20,4,7,1,20,10,14,12,15,8,11,12,21,12,5,14,20,9,13,21,20,15,6,11,21,11,14,19,18,21,16,9,15,22,16,15,18,13,17,14.0,16,22,6.0,8,19,14,4,16,4,3,10,15,8,9,14,11.0,12,10,10,10,50.0,11,12,23.0,18,8,23,9,16,18,16,18,26.0,,12,19.0,15,13,5,14,47.0,18,21,29,22,49.0,34,19,21,25,12,19,17,11.0,19,16,8,17,15,29.0,8,28,13,20,15,17.0,15,12.0,19,12,8,11,19,21.0,22.0,25,27,26.0,20.0,15,11,11,16,46,19,13,37.0,13,11,7.0,11,5,27,19,12.0,6,18,9,19,,30,16,21,16,4,16,21,21.0,36.0,7,9,17,53.0,18,19,18,59.0,7,4.0,8.0,17,22,58.0,6,16,18,24.0,17.0,14,3,19,14,7,7.0,22,16,17,19,7,19,12.0,46.0,15,,13.0,22.0,35.0,42,39.0,12,31,22,14.0,16.0,13.0,15.0,22.0,11,18.0,16.0,25.0,22,33,14.0,16,13,31,36.0,52.0,14.0,22,8.0,15,15,25.0,9.0,14,16.0,36.0,11,38,22.0,10,22.0,22.0,,27,18,39.0,14,21,25,20,18,16,10,24,12,27,24,17,18.0,17.0,21,19,23,20.0,18.0,11,28,15,,19,20.0,19,14,22,13,15,17.0,13,25.0,21,0,16.0,12,11,17,34.0,38.0,23,20.0,,10.0,26.0,16.0,24,17.0,14,18,16,58.0,16,27.0,9.0,18,,9.0,41.0,17,25.0,18,26,15,22,34,28,18,24.0,19,8.0,21,24,17,51.0,11,43.0,21,10.0,19,17.0,27,24,23.0,12,18.0,48,9.0,19.0,27,30,20.0,15.0,21.0,27.0,20.0,18,15.0,13.0,37,49.0,10,17,22.0,53.0,28,31.0,38,18.0,20.0,21,42,12,51.0,6,26.0,29.0,31,24.0,24,34.0,11,20,10,25.0,28.0,9,21,33,12.0,26.0,19,20,40.0,17,22.0,27.0,30.0,20.0,10.0,50.0,13.0,5.0,46.0,17.0,16,2,56.0,11.0,,24.0,31.0,20.0,33.0,24.0,13,14,34.0,32.0,18,14.0,24.0,41.0,23.0,20.0,26.0,18,31,1.0,0.0,18.0,27.0,27,43.0,19.0,19.0,29,16,22,46.0,38.0,19.0,15.0,23,28,48.0,12.0,21,23.0,32.0,21,28.0,20.0,,23,13.0,18,39.0,12.0,35.0,22,43.0,27,17.0,21,15,53.0,22.0,,23.0,20,25,23,32.0,17,21.0,28,16,42.0,26,10,,19.0,20,10,42.0,19.0,21.0,,47.0,6.0,20,57.0,10,18,20.0,33.0,,41.0,31.0,13.0,15,33,49.0,,23.0,22.0,20.0,26.0,20,33.0,22,58.0,8.0,43.0,43.0,12,10.0,21,26.0,55.0,13.0,29,32.0,58.0,12.0,7,11,17.0,22.0,23.0,,17.0,37.0,25.0,,15.0,39.0,20.0,39.0,26,10,49.0,,22.0,19,48,8,21,2.0,27.0,33,33,26.0,49.0,14,25.0,22.0,30.0,13,15.0,19.0,39.0,17,26.0,58.0,21.0,15.0,,41.0,21,4.0,14,22.0,21,32,23,9.0,25.0,15.0,35.0,56.0,0.0,0.0,42.0,22.0,0.0,19.0,20,29.0,18.0,36,28.0,39.0,12.0,11.0,15,19.0,,56.0,19,29,47.0,14,6.0,25.0,23.0,12.0,42,42.0,23,17,37.0,10,45.0,7,23.0,11.0,,22,16,25.0,20.0,18,57.0,40,21.0,17,29.0,39.0,,47.0,18.0,15.0,3,2.0,38.0,13.0,48.0,15.0,30.0,19.0,14,18,23.0,18,21,14,56.0,24.0,20.0,35.0,50.0,15.0,34,24.0,23.0,30.0,29,16.0,0.0,,44.0,5.0,23,,18.0,16.0,,20.0,21.0,26.0,31,30.0,,27.0,,17.0,22.0,35.0,27,30.0,,43.0,,19,11,8.0,7.0,7,38.0,6.0,10.0,13,8.0,,46.0,14.0,18,10.0,35.0,25.0,25.0,26.0,18.0,20.0,19.0,5.0,22,26,0.0,20.0,26.0,21.0,3.0,10.0,19.0,26.0,24.0,,26,21,35.0,15,28.0,19.0,16.0,33.0,16,13,20.0,4.0,22.0,12.0,46.0,30.0,59.0,25.0,22.0,21,19.0,50.0,54.0,41.0,27.0,44.0,25,27.0,23.0,34.0,15,29.0,16.0,39.0,50.0,8.0,13.0,17,16.0,41,17.0,18.0,35.0,1.0,14.0,14.0,56.0,21.0,13.0,10.0,,43.0,43.0,7.0,27.0,17.0,32.0,33.0,13.0,17.0,28.0,19,19.0,,13,29.0,30.0,16,,30.0,25.0,24,16,19,27.0,34.0,45.0,19.0,43.0,29.0,9.0,15.0,24.0,16,20.0,12,17.0,19,30,32.0,17,,23.0,24.0,52.0,8,20.0,18.0,4.0,43.0,27.0,12.0,16,40.0,25,10.0,18.0,25.0,40,38.0,11,17,17.0,15.0,44.0,19,25.0,,23,20.0,23.0,36.0,28.0,23.0,,53.0,14.0,19,41.0,19.0,21.0,33.0,,40.0,33.0,43.0,17,31.0,23,29.0,17.0,50.0,32.0,9,21,22.0,9.0,55.0,31.0,8.0,32.0,21.0,26.0,42.0,20,29.0,26.0,37,17,52.0,27.0,22,30.0,12.0,17,39.0,12,32,23,24.0,27.0,22.0,59.0,20.0,16.0,,29.0,37.0,26.0,21.0,16.0,8.0,31.0,14.0,,8.0,,52.0,42.0,33.0,31.0,,19.0,26.0,37.0,27.0,39.0,26.0,38.0,35.0,18.0,23.0,25.0,,23.0,18.0,,22.0,21.0,24.0,25.0,0.0,33.0,14.0,16.0,19.0,,30,25.0,17.0,24.0,12,16.0,17.0,,39.0,32.0,33.0,24.0,21.0,,20.0,34.0,29.0,15.0,39.0,27.0,36.0,50.0,16.0,22.0,29.0,25.0,14.0,48.0,18.0,22.0,39.0,27.0,53.0,25,28.0,21.0,41.0,11,12.0,13.0,6.0,23.0,21.0,49.0,22.0,35.0,30.0,18,35.0,23.0,14.0,51.0,35.0,,20,50,37.0,27.0,13.0,,29.0,22.0,25,58,25.0,38.0,,21.0,20.0,0.0,,21.0,46.0,17.0,26.0,12.0,37.0,27.0,13.0,21.0,48,17.0,33.0,23.0,24.0,11.0,17,31.0,23,40.0,40,14.0,24.0,13.0,23.0,19.0,26.0,25.0,31.0,18.0,28.0,17.0,21.0,41,46.0,22.0,11.0,28.0,34.0,40,26.0,22.0,14.0,53.0,29.0,7.0,43.0,14.0,24.0,29,15,40.0,47.0,39.0,38.0,51.0,8.0,,15.0,19,50.0,27.0,40.0,20.0,41.0,10.0,51.0,15.0,10,,46.0,20.0,22,16,41.0,0.0,6.0,23.0,23.0,24.0,15.0,,26.0,17.0,19.0,37.0,11.0,,24.0,14,36.0,,45.0,21.0,23.0,5,57.0,16.0,33,51.0,26.0,21.0,30.0,28.0,38.0,32.0,,3.0,,37.0,16,44.0,38.0,,,22,14.0,29.0,53.0,12.0,15.0,53.0,16.0,12.0,46.0,25.0,28.0,27.0,56.0,19,13,,23.0,18.0,25.0,43.0,26,19,,23.0,,,11.0,32.0,10.0,6.0,21.0,40.0,32.0,,,,27.0,26,12,27.0,,,6.0,25.0,24,38.0,21.0,19.0,49.0,,23.0,15.0,21.0,10.0,46.0,18.0,42.0,27.0,34.0,42.0,15,54.0,10.0,9,,23.0,57.0,12.0,19.0,16.0,26.0,18.0,15.0,55.0,30.0,26.0,18.0,7.0,23.0,,30.0,19.0,13.0,24.0,42.0,9.0,31.0,25.0,52.0,27.0,,20.0,23.0,30.0,25.0,17.0,12.0,,57.0,42.0,19.0,,8.0,,27.0,52.0,34.0,48.0,,17.0,35.0,,30.0,17.0,16.0,23.0,19.0,17.0,16.0,0.0,25.0,34.0,15.0,,27.0,20,,17.0,34.0,55.0,16.0,,18.0,22.0,28.0,,41.0,30.0,45.0,37.0,52.0,39.0,47.0,12.0,,59.0,30.0,32.0,49.0,0.0,11.0,23.0,21.0,24.0,41.0,33.0,24.0,47.0,29.0,42.0,14.0,43.0,56.0,53.0,43.0,22.0,29.0,25.0,38.0,13.0,42.0,26.0,12,54.0,33.0,5.0,41.0,9.0,27.0,24.0,37.0,30.0,25,24.0,18.0,18.0,55.0,35.0,33.0,21.0,37.0,18.0,51.0,22.0,52.0,17.0,6.0,49.0,15.0,20,19.0,15.0,59.0,15.0,22.0,10.0,22.0,50.0,7.0,32.0,21.0,,12.0,,43.0,27.0,19.0,55.0,0.0,25.0,,51.0,8.0,40.0,22,19,21.0,51.0,28.0,22.0,36.0,19.0,34.0,42.0,,14.0,40.0,18.0,,,50.0,26.0,22.0,34.0,36.0,43.0,20.0,,45.0,21.0,,17.0,45.0,15.0,34.0,28.0,16.0,34.0,53.0,18.0,36.0,,21.0,20.0,,18.0,26.0,26.0,26.0,15.0,,28.0,,13.0,33,38.0,20.0,34.0,50.0,50,,33.0,38.0,42.0,21.0,10.0,14.0,22.0,42,29.0,17.0,35.0,27.0,22.0,,45.0,41,,,36.0,41.0,28,14.0,12.0,56.0,39.0,,24.0,27.0,,14.0,48.0,24.0,33.0,35.0,28.0,40.0,9.0,29.0,29.0,46.0,31.0,15.0,55.0,33.0,30.0,21,,28.0,32.0,41.0,10.0,21.0,,17.0,32.0,22.0,20.0,0.0,44.0,30,14.0,58.0,11.0,20.0,13.0,41.0,,25.0,28.0,27.0,54.0,16.0,,41.0,36.0,25.0,46.0,18.0,51.0,33.0,18.0,,,12.0,15.0,30.0,46.0,41.0,,27.0,25.0,,12.0,38.0,51.0,,35.0,9.0,42.0,23.0,16.0,46.0,,0.0,36.0,20.0,,36.0,48.0,27.0,,40.0,14.0,20.0,44.0,19.0,43.0,31.0,,,25.0,51.0,36.0,26.0,44.0,27.0,55.0,,30.0,20,11.0,,9.0,23.0,,39.0,22.0,41.0,26.0,34.0,25.0,26.0,,9.0,28.0,24.0,5.0,35.0,40.0,46.0,19.0,,18.0,0.0,50.0,37.0,20.0,14.0,19.0,16.0,17.0,28.0,24.0,,13.0,38.0,5.0,38.0,31.0,,9.0,47.0,53.0,7.0,19.0,53.0,29.0,,51.0,36.0,0.0,32.0,,39.0,,26.0,32.0,34.0,48.0,35.0,24.0,24.0,35.0,9.0,28.0,,32.0,7.0,30.0,32.0,54.0,16.0,0.0,15.0,23.0,44.0,,25.0,29.0,34.0,11.0,,,,49.0,34.0,43.0,0.0,35.0,38.0,,15.0,32.0,19.0,54.0,29.0,,11.0,,32.0,23.0,57.0,26.0,51.0,8.0,,37.0,53.0,17.0,37.0,48.0,33.0,18.0,46.0,15.0,24.0,27.0,0.0,17.0,16.0,18.0,24.0,32.0,22.0,31.0,23.0,38.0,35.0,15,,13.0,13.0,15.0,53.0,24.0,17.0,30.0,28.0,46.0,9,29.0,40.0,36.0,15.0,34.0,18.0,41.0,,22,37.0,14.0,45.0,25.0,19.0,,38.0,55.0,25.0,12.0,57.0,30.0,28.0,,,31.0,33.0,,27.0,31.0,26.0,16.0,59.0,,16.0,44.0,11.0,,20.0,,21.0,18.0,7.0,25.0,37.0,32.0,23.0,31.0,33.0,29.0,29.0,35.0,17.0,16.0,27.0,,,27.0,,16.0,53.0,,25.0,24.0,15.0,39.0,,52.0,40.0,55.0,36.0,14.0,16.0,31.0,46.0,,32.0,11.0,59.0,35.0,30.0,15.0,,33.0,40.0,57.0,58.0,29.0,24.0,35.0,15.0,19.0,32.0,,,,9.0,44.0,11.0,,22.0,53.0,30.0,34.0,20.0,17.0,38.0,22.0,59.0,,,41.0,17.0,41.0,44.0,11.0,,,22,45.0,,31.0,52.0,17.0,53.0,23.0,49.0,55.0,,,45.0,20.0,25.0,49.0,12.0,,23.0,17.0,,47.0,26.0,,,50.0,23.0,20.0,48.0,23.0,,27.0,18.0,27.0,29.0,,,25.0,19.0,42.0,55.0,11.0,19.0,5.0,16.0,,16.0,23.0,,,28.0,20.0,22.0,28.0,,11.0,17.0,42.0,38.0,15.0,24.0,,39.0,48.0,49.0,29.0,,,13.0,35.0,16.0,,,,28.0,49.0,32.0,,41.0,18.0,17,8.0,,19,27.0,16.0,16.0,40.0,48.0,18.0,50.0,,15.0,,31.0,16.0,23.0,29.0,26.0,48.0,49.0,,46.0,,21.0,10.0,47.0,14.0,45.0,47.0,31.0,31.0,47.0,33.0,13.0,20.0,50.0,28.0,39.0,55.0,18.0,39.0,36.0,32.0,52.0,30.0,11.0,,,17.0,28.0,34.0,,16.0,36.0,33.0,0.0,39.0,20.0,42.0,11.0,53.0,27.0,10.0,6.0,54.0,28.0,12.0,9.0,41.0,18.0,,31.0,45.0,,23.0,29.0,,24.0,43.0,10.0,45.0,,40.0,35.0,29.0,11.0,49.0,15.0,51.0,38.0,59.0,21.0,23.0,24.0,32.0,,15.0,,21.0,,56.0,,0.0,45.0,53.0,14.0,28.0,,32.0,41.0,6.0,,23.0,,18.0,14.0,18.0,,16.0,50.0,,49.0,29.0,29.0,25.0,36.0,0.0,26.0,36.0,38.0,38.0,22.0,45.0,4.0,17.0,24.0,49.0,25.0,35.0,14.0,28.0,,39.0,56.0,,33.0,34.0,,21.0,,12.0,,,52.0,40.0,35.0,25.0,13.0,,26.0,,38.0,35.0,,27.0,50.0,33.0,,,35.0,5.0,27.0,34.0,,39.0,,17.0,,25.0,0.0,21.0,14.0,39.0,48.0,42.0,,,7.0,34.0,,,,30.0,44.0,19.0,25.0,14.0,53.0,1.0,,30.0,33.0,28.0,55.0,,27.0,31.0,20.0,54.0,24.0,59.0,41.0,31.0,57.0,18.0,35.0,26.0,,18.0,37.0,38.0,30.0,26.0,,,27.0,,56.0,20.0,34.0,23.0,,55.0,35.0,58.0,19.0,16.0,10.0,31.0,12.0,48.0,51.0,,9.0,56.0,59.0,23.0,,42.0,25.0,,9.0,8.0,42.0,59.0,,29.0,,41.0,0.0,24.0,35.0,16.0,21.0,37.0,19.0,26.0,32.0,12.0,30.0,15.0,45.0,35.0,39.0,29.0,,18.0,10.0,34.0,,52.0,51.0,30.0,7.0,,,25.0,,33.0,0.0,7.0,28.0,41.0,,14.0,29.0,12.0,17.0,24.0,49.0,17.0,,14.0,47.0,25.0,22.0,14.0,,,32.0,29.0,14.0,,,,46.0,55.0,41.0,19.0,21.0,39.0,41.0,,57.0,34.0,8.0,,19.0,,51.0,58.0,,,39.0,15.0,,38.0,50.0,25.0,18.0,9.0,42.0,,34.0,16.0,27.0,,55.0,47.0,5.0,42.0,,30.0,59.0,4.0,,17.0,15.0,24.0,26.0,,59.0,18.0,34.0,10.0,15.0,12.0,49.0,47.0,53.0,17.0,39.0,16.0,41.0,57.0,40.0,,,25.0,18.0,37.0,58.0,26.0,14.0,30.0,,6.0,39.0,29.0,10.0,28.0,38.0,30.0,40.0,19.0,20.0,39.0,,28.0,12.0,,,,46.0,41.0,16.0,,,37.0,,59.0,33.0,42.0,,29.0,52.0,52.0,,29.0,,,50.0,,49.0,43.0,21.0,,14.0,15.0,36.0,32.0,29.0,20.0,36.0,22.0,21.0,57.0,51.0,,35.0,53.0,29.0,20.0,57.0,42.0,28.0,54.0,53.0,32.0,37.0,35.0,24.0,29.0,49.0,,,,14.0,14.0,8.0,20.0,37.0,35.0,,29.0,,45.0,27.0,21.0,,39.0,36.0,,,,45.0,41.0,37.0,33.0,16.0,28.0,43.0,28.0,,,,14.0,0.0,44.0,38.0,39.0,18.0,32.0,10.0,28.0,19.0,27.0,,27.0,49.0,35.0,51.0,52.0,16.0,,36.0,31.0,10.0,14.0,26.0,28.0,,,12.0,13.0,41.0,,,,52.0,39.0,22.0,8.0,53.0,16.0,,,52.0,13.0,,58.0,20.0,11.0,18.0,,52.0,17.0,35.0,23.0,29.0,17.0,,,40.0,40.0,13.0,33.0,24.0,54.0,10.0,,15.0,45.0,,58.0,14.0,37.0,,32.0,35.0,43.0,10.0,14.0,21.0,37.0,39.0,8.0,18.0,18.0,,30.0,,18.0,17.0,,,55.0,35.0,15.0,20.0,29.0,,27.0,57.0,40.0,,35.0,56.0,20.0,,34.0,52.0,39.0,,33.0,45.0,17.0,24.0,30.0,23.0,45.0,1.0,,44.0,32.0,33.0,39.0,,35.0,17.0,18.0,24.0,14.0,54.0,56.0,,31.0,29.0,17.0,47.0,,,27.0,,50.0,39.0,23.0,,,29.0,24.0,,19.0,57.0,16.0,36.0,11.0,59.0,55.0,14.0,50.0,8.0,,21.0,20.0,38.0,32.0,48.0,,26.0,,15.0,52.0,34.0,,,22.0,47.0,31.0,59.0,54.0,26.0,51.0,24.0,26.0,22.0,30.0,,43.0,39.0,,,22.0,,,,12.0,32.0,45.0,23.0,14.0,51.0,,22.0,25.0,24.0,,34.0,17.0,,22.0,25.0,40.0,,35.0,23.0,41.0,25.0,,,22.0,23.0,26.0,,,55.0,26.0,,45.0,,57.0,16.0,,49.0,6.0,54.0,39.0,11.0,39.0,24.0,27.0,26.0,45.0,,,36.0,18.0,25.0,,,35.0,,31.0,16.0,,38.0,49.0,55.0,11.0,57.0,39.0,,18.0,,18.0,17.0,51.0,,14.0,47.0,20.0,52.0,,,32.0,33.0,24.0,19.0,37.0,53.0,,,21.0,48.0,,,17.0,,,43.0,,28.0,,21.0,16.0,42.0,,14.0,,44.0,40.0,22.0,26.0,,50.0,24.0,17.0,33.0,53.0,17.0,27.0,,15.0,13.0,39.0,,50.0,42.0,20.0,,39.0,,15.0,58.0,,32.0,35.0,0.0,19.0,40.0,,10.0,16.0,10.0,38.0,22.0,38.0,,,36.0,19.0,42.0,,24.0,,48.0,,13.0,7.0,23.0,25.0,18.0,19.0,33.0,27.0,,25.0,24.0,11.0,31.0,28.0,48.0,17.0,,43.0,52.0,43.0,22.0,28.0,19.0,10.0,20.0,,26.0,11.0,46.0,2.0,16.0,10.0,59.0,46.0,25.0,30.0,54.0,15.0,32.0,27.0,45.0,56.0,,21.0,17.0,,25.0,,58.0,45.0,,0.0,9.0,9.0,,56.0,27.0,6.0,,32.0,,24.0,,34.0,58.0,,10.0,,,15.0,35.0,24.0,18.0,27.0,,17.0,48.0,,14.0,45.0,23.0,33.0,23.0,,12.0,,,36.0,39.0,44.0,14.0,59.0,13.0,21.0,,37.0,37.0,36.0,,20.0,0.0,,31.0,,10.0,,47.0,,21.0,30.0,19.0,,28.0,50.0,1.0,,20.0,12.0,34.0,23.0,25.0,37.0,22.0,,37.0,20.0,20.0,29.0,,53.0,23.0,27.0,18.0,5.0,,,38.0,33.0,47.0,15.0,33.0,38.0,47.0,20.0,50.0,,,26.0,31.0,27.0,36.0,27.0,,21.0,5.0,46.0,,,16.0,20.0,,29.0,,24.0,16.0,21.0,22.0,,50.0,,,33.0,54.0,5.0,43.0,24.0,21.0,24.0,,,28.0,,18.0,41.0,17.0,34.0,,34.0,54.0,52.0,31.0,43.0,14.0,31.0,,52.0,36.0,,14.0,19.0,25.0,24.0,35.0,,41.0,12.0,19.0,25.0,35.0,26.0,,,,35.0,,,22.0,18.0,,39.0,,55.0,26.0,,,,,14.0,23.0,23.0,35.0,15.0,37.0,53.0,29.0,31.0,15.0,21.0,33.0,54.0,12.0,34.0,54.0,20.0,,35.0,,,,,33.0,15.0,49.0,30.0,38.0,31.0,30.0,18.0,56.0,172,3,2.4131897711978465,17.78471228170627,-0.32861718532537504
7,1,8,12,9,8,8,9,6,8,6,0,10,10,12,11,6,3,19,9,9,14,6,11,9,16,12,11,9,11,12,10,10,10,17,4,15,3,11,10,16,13.0,14,13,11,8,2,10,8,11,10,13,10,11,24,8,17,10,12,10,12,9,11,14,13.0,9,14,20,18,9,20,11,16,11,14,19,15,15,14,15,3,10,11,8,16,18,9,14,16,12,13,17,17,12,21,12,12,18,10,19,23,17,17,12,7,18,14,19,14,14,8,61.0,4,14,45.0,15,20,18,15,19,14,16,13,14,12,12,17,30.0,11,13,27,11,45.0,14,23,13.0,11,9,15,17,11,14,13,14,39.0,52.0,11,24.0,10,13,12,13,0.0,15,19,7,12,42.0,19,20,15,17,13,32,22,0.0,12,19,9,13,13,16.0,20,20,14,20,22,37.0,13,13.0,13,4,25,28,19,21.0,36.0,25,16,,57.0,18,34,12,9,20,13,11,16.0,20,34,40.0,23,24,17,25,49.0,14,9,6,14,,12,30,25,10,22,12,18,16.0,33.0,10,14,14,19.0,13,19,23,11.0,19,,6.0,22,20,0.0,42,24,21,29.0,14.0,13,20,15,15,14,14.0,21,7,26,9,16,21,21.0,20.0,27,13.0,0.0,18.0,12.0,28,12.0,17,20,18,22.0,10.0,21.0,8.0,30.0,15,56.0,22.0,21.0,19,16,11.0,9,22,26,16.0,31.0,5.0,19,56.0,13,15,21.0,17.0,16,31.0,9.0,15,11,22.0,13,22.0,8.0,9.0,22,21,19.0,19,16,22,10,20,34,10,29,19,21,23,21,13.0,30.0,25,24,19,21.0,7.0,9,24,18,0.0,1,47.0,22,19,21,12,6,18.0,17,38.0,2,16,12.0,14,0,18,52.0,11.0,15,17.0,18.0,18.0,46.0,29.0,18,8.0,28,31,21,24.0,16,54.0,26.0,18,24.0,17.0,50.0,21,30.0,20,18,16,14,12,11,0,29.0,20,37.0,23,26,15,39.0,15,,18,14.0,15,59.0,37,15,35.0,35,8.0,12,20.0,27.0,26,47,11.0,19.0,25.0,17.0,33.0,24,18.0,,14,37.0,14,17,25.0,23.0,24,24.0,40,17.0,41.0,19,33,21,60.0,21,21.0,16.0,20,38.0,16,48.0,13,11,28,19.0,,16,17,24,,24.0,14,19,43.0,23,60.0,41.0,48.0,5.0,23.0,16.0,33.0,6.0,30.0,17.0,13,10,21.0,54.0,32.0,23.0,,,,13.0,16,15,9.0,31.0,17,50.0,14.0,56.0,14.0,21.0,26.0,14,20,16.0,23.0,30.0,37.0,13,35.0,21.0,,46,23,20,16.0,26.0,21.0,24.0,18,15,20.0,16.0,19,30.0,22.0,27,,26.0,,25,21.0,26,29.0,19.0,25.0,21,24.0,14,30.0,13,20,32.0,29.0,16.0,22.0,23,22,22,15.0,24,9.0,19,23,25.0,29,13,20.0,23.0,23,41,28.0,12.0,48.0,6.0,21.0,25.0,15,22.0,22,19,35.0,11.0,38.0,0.0,19.0,,9,31,48.0,14.0,47.0,24.0,39.0,53.0,41,33.0,12,7.0,,29.0,39.0,23,13.0,27,,45.0,24.0,29,16.0,30.0,51.0,22,33,22.0,27.0,29.0,32.0,32.0,46.0,60.0,13.0,27.0,55.0,17.0,17.0,24,14,23.0,54.0,31.0,3,11,23,18,40.0,,18,13,20.0,,20,21.0,19.0,27.0,22,22.0,30.0,51.0,15,34.0,28.0,30.0,43.0,31.0,32.0,23,19.0,15,19.0,12,19,19,29.0,33.0,14.0,44.0,16.0,11.0,,38.0,30.0,21.0,28.0,24,24.0,18.0,18,46.0,48.0,18.0,37.0,20,,61.0,35.0,17,9,10.0,16,20.0,40.0,14.0,17.0,17,45.0,30,23,54.0,15,15.0,20,32.0,22.0,26.0,16,11,,33.0,20,13.0,4,,22,41.0,45.0,16.0,26.0,35.0,20.0,39,44.0,44.0,,24.0,15.0,,24.0,22,23,18.0,21,13,26,23.0,29.0,12.0,25.0,,28.0,14,,26.0,24.0,9,60.0,59.0,,4.0,40.0,17,,13.0,36.0,,34.0,23.0,31.0,32,39.0,32.0,32.0,19.0,18.0,18.0,31.0,25,21.0,43.0,28.0,34.0,25,13,,,25,30.0,11.0,27.0,21,16.0,7.0,17.0,18.0,8,,,27.0,54.0,49.0,33.0,,17.0,29.0,22,21,,41.0,32.0,20.0,53.0,5.0,22.0,52.0,11.0,28.0,38,19,35.0,23,,8.0,37.0,20.0,30,16,44.0,29.0,23.0,32.0,37.0,29.0,40.0,50.0,43.0,8,32.0,38.0,53.0,26.0,57.0,28.0,20,39.0,43.0,16.0,29,51.0,44.0,46.0,45.0,44.0,14.0,19,28.0,27,29.0,30.0,46.0,13.0,22.0,15.0,31.0,61.0,13.0,13.0,40.0,35.0,12.0,12.0,19.0,20.0,32.0,21.0,13.0,47.0,15.0,40,27.0,33.0,16,,36.0,14,27.0,12.0,,26,19,2,22.0,28.0,19.0,28.0,39.0,49.0,48.0,,57.0,18,21.0,35,16.0,56,34,26.0,24,,,42.0,,38,19.0,30.0,48.0,15.0,44.0,31.0,17,,25,12.0,,22.0,17,22.0,22,14,36.0,25.0,12.0,11,17.0,47.0,35,30.0,,12.0,17.0,41.0,24.0,,20.0,33,51.0,30.0,20.0,31.0,59.0,24.0,39.0,36.0,24,27.0,12,17.0,19.0,,29.0,32,21,28.0,19.0,29.0,23.0,23.0,30.0,27.0,34.0,40.0,49,19.0,20.0,29,36,18.0,21.0,29,,48.0,25,22.0,14,21,21,39.0,21.0,,16.0,19.0,14.0,33.0,61.0,12.0,49.0,43.0,28.0,18.0,17.0,12.0,22.0,19.0,15.0,20.0,34.0,17.0,17.0,22.0,27.0,22.0,30.0,38.0,45.0,8.0,26.0,19.0,22.0,13.0,20.0,55.0,61.0,17.0,31.0,29.0,25.0,27.0,28.0,50.0,19.0,53.0,13.0,28.0,25.0,27,14.0,,33.0,1,26.0,12.0,7.0,25.0,32.0,38.0,20.0,20.0,47.0,35.0,38.0,53.0,57.0,50.0,34.0,16.0,38.0,24.0,16.0,20.0,24.0,,41.0,9.0,28.0,20.0,46.0,29.0,22,40.0,41.0,20.0,24,27.0,56.0,26.0,16.0,11.0,34.0,29.0,55.0,33.0,25,21.0,20.0,25.0,,7.0,,16,21,10.0,29.0,29.0,24.0,19.0,21.0,20,32,43.0,45.0,,,8.0,24.0,16.0,0.0,39.0,,,,25.0,48.0,13.0,19.0,22,17.0,24.0,45.0,31.0,31.0,12,,22,43.0,28,21.0,36.0,29.0,24.0,33.0,25.0,20.0,24.0,39.0,16.0,,48.0,27,32.0,54.0,32.0,36.0,59.0,41,33.0,,44.0,11.0,18.0,14.0,38.0,48.0,22.0,16,16,,29.0,23.0,37.0,,18.0,,31.0,17,53.0,40.0,40.0,46.0,55.0,2.0,50.0,28.0,37,32.0,43.0,20.0,29,23,44.0,37.0,46.0,30.0,18.0,11.0,14.0,18.0,25.0,19.0,38.0,22.0,16.0,,46.0,14,,42.0,,11.0,18.0,25,22.0,,22,19.0,29.0,59.0,25.0,52.0,,20.0,30.0,28.0,22.0,26.0,22,22.0,25.0,40.0,42.0,28,19.0,37.0,28.0,31.0,17.0,45.0,22.0,15.0,18.0,,36.0,57.0,32.0,34,38,16.0,10.0,28.0,15.0,,23,23,26.0,19.0,49.0,50.0,,39.0,15.0,27.0,37.0,,21.0,45.0,21.0,28.0,57.0,20,24,27.0,45.0,19.0,38.0,,16,56.0,5.0,21.0,55.0,14.0,27.0,35.0,28.0,50.0,57.0,41.0,19.0,25.0,13.0,47.0,25,18.0,17.0,41,23.0,12.0,17.0,56.0,17.0,24.0,12.0,26.0,,38.0,13.0,21.0,10.0,,42.0,17.0,41.0,15.0,23.0,43.0,14.0,43.0,41.0,24.0,54.0,45.0,22.0,0.0,27.0,22.0,30.0,12.0,23.0,36.0,33.0,27.0,47.0,33.0,11.0,9.0,17.0,13.0,38.0,22.0,37.0,29.0,0.0,56.0,19.0,27.0,25.0,42.0,21.0,,40.0,11.0,31.0,29.0,4.0,,,20,61.0,12.0,24.0,,25.0,10.0,23.0,46.0,29.0,29.0,12.0,20.0,,8.0,19.0,2.0,26.0,40.0,,22.0,38.0,33.0,54.0,27.0,16.0,0.0,24.0,55.0,22.0,47.0,47.0,42.0,10.0,,35.0,27.0,,55.0,56.0,23.0,52.0,56.0,,36.0,32.0,61.0,26,23.0,26.0,16.0,44.0,,,23.0,37.0,23.0,27,37.0,26.0,,,31.0,29.0,40.0,32.0,23.0,34.0,28.0,40.0,6.0,20.0,13.0,59.0,11,38.0,19.0,61.0,30.0,36.0,13.0,14.0,35.0,20.0,23.0,31.0,25.0,5.0,46.0,19.0,25.0,43.0,,26.0,50.0,,25.0,31.0,21.0,25,18,35.0,49.0,24.0,18.0,,24.0,39.0,12.0,49.0,33.0,,36.0,35.0,12.0,22.0,50.0,37.0,38.0,41.0,22.0,21.0,39.0,,,31.0,31.0,61.0,13.0,41.0,,20.0,,39.0,51.0,48.0,16.0,14.0,27.0,,42.0,,37.0,30.0,37.0,,20.0,48.0,26.0,37,20.0,20.0,36.0,,13,23.0,,,59.0,30.0,,27.0,44.0,5,,21.0,39.0,19.0,,7.0,,40,47.0,29.0,33.0,33.0,13,33.0,12.0,41.0,29.0,53.0,30.0,,30.0,9.0,58.0,20.0,,17.0,14.0,10.0,18.0,61.0,,36.0,57.0,10.0,27.0,60.0,60.0,30,59.0,,42.0,34.0,34.0,,43.0,41.0,51.0,27.0,22.0,,22.0,26,49.0,23.0,15.0,25.0,57.0,,,,,31.0,13.0,,15.0,24.0,31.0,37.0,61.0,,11.0,34.0,23.0,17.0,36.0,18.0,34.0,48.0,37.0,42.0,61.0,45.0,7.0,32.0,20.0,,9.0,28.0,12.0,15.0,,36.0,39.0,15.0,27.0,,35.0,15.0,57.0,17.0,47.0,19.0,28.0,16.0,30.0,20.0,49.0,27.0,42.0,43.0,17.0,11.0,8.0,33.0,7.0,9.0,47.0,13.0,10.0,18.0,37.0,29,28.0,,49.0,21.0,,31.0,21.0,46.0,21.0,61.0,29.0,14.0,30.0,43.0,15.0,,49.0,25.0,15.0,6.0,20.0,54.0,33.0,36.0,35.0,,17.0,15.0,34.0,,42.0,50.0,32.0,,18.0,31.0,32.0,34.0,38.0,20.0,32.0,21.0,43.0,14.0,,26.0,,41.0,,35.0,35.0,50.0,18.0,36.0,34.0,30.0,31.0,,36.0,14.0,38.0,48.0,50.0,21.0,0.0,60.0,13.0,22.0,39.0,,27.0,,22.0,19.0,28.0,41.0,21.0,,44.0,,18.0,23.0,18.0,,12.0,31.0,41.0,,31.0,59.0,,43.0,34.0,38.0,23.0,37.0,53.0,30.0,24.0,,33.0,,21.0,,55.0,24.0,54.0,38.0,30.0,22.0,8.0,60.0,,24.0,,,15.0,23.0,37.0,32.0,22.0,24.0,6.0,20.0,21.0,32.0,,,24,40.0,21.0,27.0,,,25.0,16.0,23.0,27.0,28.0,48,21.0,43.0,32.0,31.0,13.0,55.0,44.0,21.0,19,,36.0,,20.0,17.0,42.0,39.0,48.0,,52.0,,27.0,23.0,56.0,44.0,58.0,32.0,18.0,35.0,,38.0,29.0,32.0,,,15.0,34.0,56.0,28.0,24.0,20.0,46.0,58.0,33.0,15.0,38.0,19.0,43.0,43.0,,27.0,58.0,11.0,,23.0,38.0,,47.0,8.0,43.0,20.0,24.0,41.0,24.0,,50.0,29.0,23.0,15.0,,19.0,26.0,35.0,18.0,,52.0,21.0,42.0,31.0,20.0,23.0,38.0,19.0,30.0,,41.0,22.0,12.0,21.0,26.0,,21.0,,50.0,11.0,33.0,29.0,23.0,,17.0,15.0,12.0,45.0,35.0,36.0,20.0,48.0,10.0,,35.0,13.0,,20.0,50.0,40.0,36.0,49.0,53.0,21,,,13.0,,11.0,,,20.0,27.0,48.0,23.0,,21.0,23.0,45.0,11.0,15.0,8.0,,32.0,52.0,55.0,48.0,60.0,43.0,54.0,24.0,16.0,31.0,,29.0,19.0,11.0,57.0,17.0,38.0,13.0,19.0,23.0,27.0,38.0,30.0,31.0,33.0,17.0,9.0,30.0,20.0,,53.0,18.0,28.0,14.0,,20.0,34.0,16.0,,40.0,30.0,44.0,39.0,0.0,60.0,47.0,41.0,22.0,31.0,21.0,13.0,17.0,53.0,44.0,,,23.0,0.0,,,14,,10.0,28,21.0,,21.0,51.0,15.0,17.0,,56.0,41.0,,37.0,,,23.0,40.0,42.0,35.0,,,38.0,17.0,36.0,35.0,32.0,18.0,50.0,9.0,,28.0,39.0,29.0,22.0,37.0,29.0,,,18.0,21.0,1.0,30.0,39.0,49.0,34.0,51.0,56.0,20.0,34.0,,23.0,34.0,,41.0,29.0,40.0,,48.0,52.0,14.0,9.0,,23.0,40.0,34.0,38.0,,24.0,49.0,18.0,18.0,0.0,,29.0,52.0,,49.0,33.0,,26.0,,43.0,22.0,7.0,46.0,,30.0,11.0,27.0,42.0,38.0,35.0,19.0,37.0,51.0,43.0,26.0,57.0,,8.0,42.0,41.0,25.0,,,60.0,45.0,33.0,30.0,49.0,22.0,26.0,20.0,41.0,15.0,36.0,19.0,32.0,,52.0,27.0,45.0,61.0,47.0,16.0,26.0,9.0,33.0,43.0,28.0,13.0,55.0,14.0,18.0,50.0,41.0,34.0,58.0,49.0,37.0,44.0,,49.0,27.0,56.0,11.0,15.0,,,51.0,25.0,15.0,,,14.0,46.0,48.0,15.0,,,22.0,,25.0,,,21.0,19.0,55.0,37.0,,,47.0,40.0,47.0,55.0,,38.0,23.0,16.0,58.0,42.0,38.0,,53.0,36.0,37.0,33.0,12.0,32.0,33.0,55.0,44.0,43.0,0.0,12.0,,,20.0,60.0,,9.0,18.0,48.0,32.0,28.0,60.0,,19.0,60.0,29.0,28.0,40.0,27.0,38.0,13.0,30.0,,57.0,,48.0,11.0,47.0,48.0,,29.0,0.0,33.0,23.0,21.0,32.0,30.0,50.0,24.0,20.0,41.0,24.0,45.0,35.0,33.0,13.0,51.0,,,34.0,43.0,,34.0,16.0,15.0,60.0,,26.0,43.0,43.0,13.0,,30.0,47.0,15.0,40.0,16.0,16.0,27.0,27.0,,18.0,,10.0,54.0,24.0,38.0,33.0,24.0,37.0,28.0,,,44.0,53.0,38.0,17.0,55.0,30.0,59.0,25.0,,4.0,,26.0,51.0,14.0,30.0,,21.0,25.0,,30.0,,53.0,25.0,46.0,24.0,56.0,48.0,61.0,52.0,24.0,16.0,28.0,12.0,,56.0,39.0,,22.0,38.0,23.0,26.0,27.0,30.0,55.0,,21.0,41.0,46.0,,24.0,44.0,29.0,47.0,42.0,16.0,58.0,17.0,35.0,24.0,47.0,,22.0,36.0,20.0,12.0,61.0,25.0,60.0,44.0,22.0,14.0,53.0,40.0,,22.0,57.0,,24.0,60.0,52.0,35.0,,61.0,24.0,43.0,42.0,31.0,53.0,37.0,14.0,,30.0,26.0,34.0,,,28.0,2.0,33.0,20.0,,45.0,,,57.0,13.0,32.0,12.0,4.0,55.0,,58.0,38.0,24.0,33.0,29.0,11.0,41.0,39.0,34.0,39.0,20.0,23.0,,18.0,40.0,42.0,27.0,50.0,19.0,47.0,5.0,,,45.0,,41.0,47.0,47.0,,27.0,,27.0,46.0,,,24.0,10.0,50.0,,34.0,15.0,36.0,56.0,42.0,30.0,52.0,24.0,59.0,,41.0,,30.0,0.0,,39.0,17.0,56.0,36.0,48.0,6.0,23.0,40.0,,21.0,,,46.0,44.0,,12.0,18.0,,,,35.0,,,26.0,56.0,46.0,16.0,,,29.0,,14.0,,61.0,8.0,51.0,,0.0,27.0,19.0,25.0,56.0,0.0,33.0,40.0,28.0,35.0,39.0,42.0,37.0,20.0,53.0,23.0,22.0,55.0,24.0,,37.0,38.0,18.0,45.0,,21.0,26.0,7.0,58.0,33.0,34.0,,54.0,,56.0,20.0,46.0,26.0,17.0,21.0,60.0,23.0,,57.0,,19.0,,20.0,,43.0,32.0,47.0,22.0,44.0,30.0,16.0,21.0,26.0,27.0,13.0,,26.0,27.0,41.0,26.0,6.0,27.0,39.0,,,16.0,22.0,44.0,38.0,16.0,53.0,26.0,23.0,,59.0,34.0,28.0,7.0,,,,22.0,18.0,,,0.0,43.0,17.0,32.0,24.0,42.0,27.0,,3.0,,,49.0,58.0,39.0,,,28.0,29.0,60.0,,59.0,,37.0,58.0,21.0,34.0,37.0,,30.0,33.0,29.0,,53.0,23.0,,51.0,36.0,35.0,35.0,27.0,,41.0,37.0,12.0,28.0,24.0,18.0,32.0,0.0,,44.0,28.0,,12.0,,49.0,37.0,,58.0,,50.0,22.0,,29.0,,0.0,12.0,42.0,,,0.0,51.0,,,32.0,,,53.0,14.0,,60.0,60.0,18.0,15.0,11.0,12.0,44.0,9.0,,37.0,,30.0,46.0,53.0,37.0,37.0,,,44.0,52.0,,11.0,54.0,,50.0,,42.0,48.0,51.0,,,19.0,22.0,14.0,48.0,51.0,21.0,36.0,46.0,10.0,13.0,,39.0,25.0,54.0,,31.0,,14.0,44.0,53.0,60.0,42.0,,23.0,0.0,17.0,,22.0,49.0,21.0,54.0,17.0,16.0,32.0,36.0,29.0,61.0,36.0,,10.0,31.0,57.0,32.0,,,28.0,29.0,35.0,24.0,39.0,,57.0,39.0,15.0,,,31.0,47.0,27.0,40.0,48.0,23.0,,59.0,47.0,47.0,53.0,22.0,19.0,60.0,36.0,24.0,56.0,,59.0,43.0,,43.0,54.0,38.0,,13.0,26.0,44.0,28.0,11.0,28.0,13.0,57.0,40.0,14.0,15.0,30.0,18.0,,,59.0,57.0,,41.0,36.0,16.0,44.0,30.0,35.0,32.0,,14.0,36.0,44.0,23.0,31.0,38.0,31.0,26.0,47.0,55.0,32.0,,,,48.0,16.0,45.0,30.0,46.0,46.0,26.0,22.0,23.0,18.0,,27.0,46.0,24.0,44.0,,,45.0,20.0,18.0,,15.0,22.0,23.0,46.0,42.0,54.0,24.0,18.0,11.0,26.0,,41.0,33.0,58.0,,50.0,52.0,,,48.0,29.0,45.0,58.0,18.0,,18.0,,61.0,,44.0,,13.0,,40.0,54.0,24.0,59.0,43.0,16.0,,39.0,31.0,4.0,39.0,20.0,13.0,28.0,57.0,58.0,29.0,,27.0,31.0,26.0,34.0,40.0,54.0,32.0,20.0,55.0,,,30.0,13.0,13.0,60.0,21.0,24.0,38.0,26.0,,,29.0,,,18.0,16.0,28.0,18.0,46.0,,,19.0,29.0,27.0,31.0,19.0,31.0,38.0,,27.0,24.0,53.0,6.0,,17.0,51.0,61.0,24.0,,,,20.0,31.0,22.0,28.0,41.0,,,,28.0,25.0,36.0,12.0,,,44.0,14.0,,30.0,,,35.0,,54.0,,34.0,33.0,,21.0,37.0,33.0,,28.0,26.0,,28.0,13.0,11.0,57.0,34.0,33.0,56.0,29.0,56.0,51.0,19.0,,,24.0,4.0,,,27.0,0.0,26.0,19.0,18.0,58.0,16.0,42.0,0.0,,36.0,55.0,24.0,,16.0,23.0,47.0,,53.0,19.0,23.0,26.0,25.0,27.0,44.0,47.0,,19.0,49.0,,,38.0,46.0,20.0,41.0,37.0,37.0,58.0,21.0,,31.0,21.0,,17.0,,2.0,,28.0,17.0,,22.0,48.0,47.0,59.0,56.0,26.0,59.0,51.0,53.0,12.0,,61.0,24.0,26.0,5.0,50.0,,,45.0,52.0,23.0,61.0,20.0,,59.0,31.0,30.0,,52.0,17.0,,,15.0,41.0,33.0,,41.0,11.0,29.0,50.0,30.0,,18.0,28.0,14.0,55.0,,33.0,14.0,,17.0,,61.0,60.0,,,,0.0,34.0,29.0,173,3,2.453804347826087,18.546462063086103,-0.3523351715180304
3,3,4,4,3,11,7,6,2,7,6,5,9,1,9,2,11,9,12,11,6,13,7,12,8,7,12,3,5,14,13,8,5,8,10,10,9,9,10,10,11,18.0,10,17,10,13,22,3,8,15,9,14,7,11,13,7,11,17,0,13,8,16,13,12,10.0,13,17,11,2,11,12,14,13,9,14,9,16,5,17,2,18,8,10,13,12,17,6,8,16,19,16,16,10,11,5,14,13,14,14,11,17,6,11,14,12,13,13,18,12,12,4,,13,8,21.0,10,13,12,7,17,10,13,10,14,11,12,0,29.0,14,9,12,11,18.0,14,12,26.0,12,9,4,13,7,11,19,11,22.0,7.0,12,7.0,2,18,6,11,39.0,14,23,20,16,26.0,15,18,17,12,11,25,15,14.0,17,17,16,13,12,41.0,9,12,4,15,14,9.0,19,39.0,16,10,16,16,23,12.0,9.0,8,17,27.0,,6,13,15,15,17,3,8,25.0,24,8,9.0,6,15,17,12,12.0,18,10,17,15,18.0,25,16,14,20,8,16,12,19.0,30.0,17,15,27,14.0,7,18,16,36.0,13,48.0,14.0,11,19,,12,13,12,7.0,32.0,12,8,9,17,22,17.0,18,8,12,12,14,15,19.0,17.0,17,33.0,18.0,24.0,15.0,36,27.0,13,21,15,,21.0,22.0,55.0,12.0,15,31.0,41.0,,4,15,13.0,24,15,23,18.0,39.0,15.0,7,12.0,13,16,10.0,3.0,20,,23.0,15,17,17.0,10,15.0,25.0,44.0,18,15,24.0,18,16,14,10,12,18,11,17,9,19,38,13,12.0,13.0,5,26,4,11.0,39.0,14,25,18,7.0,19,22.0,13,22,27,10,19,16.0,7,12.0,21,23,20.0,10,15,9,8.0,6.0,14,34.0,16.0,8.0,17.0,16.0,0,23.0,31,24,12,16.0,9,22.0,22.0,14,42.0,11.0,,17,39.0,11,22,14,36,20,10,29,30.0,14,31.0,2,9,16,13.0,3,9.0,17,21.0,16,25.0,23,35,13.0,8,,31,15.0,9.0,14,19,55.0,16.0,22.0,11.0,17.0,19,20.0,5.0,15,42.0,12,11,12.0,26.0,15,20.0,11,15.0,23.0,17,23,13,10.0,10,29.0,42.0,25,21.0,13,38.0,18,12,18,19.0,26.0,39,32,17,,15.0,15,20,32.0,21,24.0,29.0,16.0,25.0,37.0,29.0,10.0,,21.0,31.0,17,14,9.0,16.0,17.0,16.0,21.0,14.0,,14.0,11,12,12.0,55.0,13,,28.0,8.0,13.0,23.0,30.0,21,22,,14.0,39.0,16.0,15,,25.0,37.0,12,23,14,17.0,14.0,20.0,22.0,7,21,14.0,30.0,19,20.0,16.0,19,27.0,20.0,16.0,22,23.0,17,20.0,32.0,22.0,23,15.0,22,8.0,12,1,36.0,24.0,49.0,,42,14,38,25.0,8,9.0,23,20,28.0,28,15,20.0,7.0,17,22,17.0,15.0,24.0,23.0,18.0,12.0,17,22.0,16,17,48.0,20.0,46.0,19.0,20.0,13.0,15,5,13.0,18.0,10.0,10.0,21.0,16.0,27,35.0,22,27.0,17.0,54.0,19.0,24,4.0,20,15.0,43.0,30.0,34,34.0,12.0,10.0,13,7,26.0,25.0,43.0,44.0,40.0,51.0,,15.0,16.0,12.0,9.0,8.0,15,33,28.0,54.0,17.0,16,30,16,20,24.0,22.0,11,17,6.0,13.0,8,36.0,19.0,10.0,16,42.0,,18.0,35,32.0,24.0,13.0,,41.0,42.0,17,10.0,19,22.0,14,22,23,20.0,28.0,26.0,,,10.0,,15.0,21.0,21.0,4.0,17,27.0,55.0,14,,,14.0,2.0,15,32.0,21.0,45.0,14,17,19.0,20,12.0,13.0,31.0,35.0,0,24.0,18,30,47.0,8,26.0,1,36.0,15.0,23.0,35,29,50.0,6.0,19,27.0,20,,20,,50.0,49.0,,5.0,7.0,15,15.0,14.0,32.0,9.0,8.0,20.0,40.0,35,15,17.0,18,21,19,43.0,27.0,36.0,24.0,22.0,15.0,33,22.0,45.0,,22,24.0,,27.0,27.0,30.0,34,31.0,17.0,35.0,,27.0,32.0,18.0,25,19.0,,53.0,17.0,16.0,20.0,37.0,9,54.0,,18.0,39.0,40,7,21.0,35.0,31,24.0,20.0,23.0,16,16.0,,30.0,27.0,17,24.0,,22.0,15.0,15.0,12.0,25.0,,23.0,34,16,56.0,38.0,29.0,49.0,44.0,16.0,20.0,38.0,7.0,,22,25,18.0,19,,22.0,34.0,14.0,15,25,24.0,29.0,24.0,24.0,23.0,21.0,22.0,,33.0,26,5.0,19.0,24.0,23.0,30.0,14.0,21,21.0,19.0,,14,40.0,6.0,14.0,22.0,41.0,17.0,20,50.0,12,38.0,29.0,26.0,38.0,24.0,15.0,26.0,19.0,16.0,10.0,26.0,,0.0,,32.0,,,29.0,10.0,47.0,21.0,26,,35.0,20,17.0,33.0,12,11.0,11.0,,20,10,18,32.0,19.0,31.0,23.0,41.0,23.0,25.0,18.0,30.0,10,26.0,19,6.0,23,25,0.0,6,25.0,,2.0,55.0,25,13.0,31.0,19.0,16.0,,,32,17.0,27,36.0,36.0,41.0,0,22.0,13,11,38.0,49.0,13.0,18,4.0,52.0,28,27.0,25.0,17.0,21.0,39.0,15.0,28.0,16.0,35,17.0,23.0,28.0,37.0,0.0,13.0,29.0,39.0,14,45.0,14,19.0,54.0,16.0,,9,20,42.0,35.0,32.0,16.0,20.0,16.0,22.0,40.0,40.0,9,9.0,18.0,13,20,18.0,16.0,17,18.0,23.0,33,26.0,8,14,37,22.0,24.0,,30.0,25.0,21.0,29.0,,26.0,24.0,16.0,17.0,34.0,55.0,37.0,38.0,10.0,50.0,39.0,24.0,,19.0,27.0,21.0,30.0,25.0,55.0,,11.0,36.0,12.0,52.0,28.0,38.0,28.0,50.0,24.0,15.0,19.0,25.0,28.0,30.0,10.0,31.0,31.0,28.0,,45.0,40,15.0,13.0,17.0,35,32.0,52.0,32.0,16.0,46.0,25.0,5.0,6.0,19.0,40.0,23.0,39.0,47.0,52.0,14.0,31.0,53.0,16.0,35.0,38.0,23.0,15.0,25.0,34.0,11.0,55.0,,43.0,26,32.0,,,19,49.0,52.0,20.0,36.0,12.0,17.0,19.0,12.0,31.0,24,35.0,28.0,9.0,38.0,,,40,29,,27.0,54.0,29.0,4.0,29.0,19,17,11.0,11.0,20.0,,22.0,23.0,32.0,29.0,23.0,29.0,7.0,,32.0,44.0,,28.0,16,19.0,48.0,16.0,18.0,16.0,16,52.0,37,10.0,18,43.0,34.0,31.0,20.0,39.0,42.0,19.0,33.0,9.0,44.0,35.0,35.0,35,37.0,31.0,21.0,9.0,29.0,18,38.0,17.0,20.0,36.0,22.0,24.0,23.0,46.0,33.0,2,8,56.0,20.0,6.0,11.0,15.0,33.0,0.0,8.0,16,17.0,42.0,25.0,25.0,25.0,13.0,30.0,13.0,23,14.0,,,17,12,46.0,28.0,10.0,30.0,11.0,39.0,12.0,,15.0,16.0,53.0,23.0,13.0,16.0,39.0,17,51.0,25.0,,33.0,38.0,16,,45.0,13,29.0,14.0,17.0,13.0,,25.0,15.0,14.0,11.0,11.0,,20,24.0,53.0,,52.0,19,16.0,20.0,17.0,7.0,8.0,9.0,7.0,26.0,14.0,24.0,25.0,24.0,43.0,27,27,47.0,47.0,22.0,30.0,,18,12,32.0,35.0,26.0,17.0,35.0,10.0,12.0,16.0,19.0,,21.0,34.0,31.0,44.0,20.0,23,20,20.0,11.0,51.0,,29.0,20,44.0,24.0,,19.0,29.0,23.0,43.0,41.0,16.0,23.0,10.0,46.0,46.0,21.0,18.0,18,54.0,17.0,8,39.0,36.0,36.0,10.0,8.0,18.0,0.0,5.0,,25.0,34.0,22.0,22.0,14.0,32.0,12.0,19.0,34.0,26.0,30.0,51.0,48.0,0.0,21.0,,,16.0,35.0,24.0,15.0,23.0,40.0,51.0,,21.0,29.0,,,23.0,20.0,48.0,18.0,20.0,39.0,45.0,,,,22.0,31.0,18.0,20.0,,,,19.0,43.0,14.0,19.0,6.0,55.0,39,16.0,31.0,21.0,37.0,,,21.0,,,,12.0,29.0,45.0,19.0,,14.0,50.0,30.0,18.0,27.0,16.0,48.0,15.0,25.0,20.0,,32.0,7.0,28.0,37.0,30.0,,15.0,46.0,9.0,18.0,27.0,,,53.0,,43.0,22.0,32.0,24.0,,17,28.0,31.0,35.0,11.0,13.0,,19.0,,19.0,21,25.0,37.0,34.0,,38.0,16.0,18.0,47.0,40.0,32.0,52.0,22.0,,0.0,15.0,35.0,15,21.0,31.0,,24.0,14.0,6.0,,23.0,46.0,37.0,29.0,,7.0,,45.0,25.0,15.0,29.0,40.0,9.0,48.0,37.0,10.0,21.0,15,15,10.0,10.0,22.0,33.0,18.0,21.0,14.0,19.0,33.0,10.0,50.0,37.0,25.0,31.0,,43.0,52.0,33.0,38.0,,24.0,29.0,51.0,40.0,21.0,34.0,45.0,7.0,48.0,33.0,37.0,26.0,45.0,14.0,17.0,27.0,35.0,27.0,11.0,13.0,51.0,25.0,26.0,17.0,,6.0,17.0,17.0,24,33.0,26.0,23.0,19.0,41,49.0,22.0,37.0,23.0,2.0,53.0,13.0,43.0,22,,43.0,31.0,22.0,45.0,11.0,9.0,21,29.0,41.0,46.0,,19,,31.0,39.0,24.0,50.0,12.0,19.0,,18.0,42.0,24.0,,27.0,17.0,,44.0,,40.0,47.0,,40.0,23.0,39.0,53.0,18,45.0,,49.0,16.0,5.0,30.0,20.0,15.0,25.0,46.0,36.0,,28.0,25,14.0,22.0,34.0,25.0,,22.0,21.0,34.0,40.0,10.0,32.0,25.0,50.0,47.0,45.0,55.0,52.0,25.0,11.0,44.0,,,38.0,45.0,20.0,54.0,19.0,39.0,17.0,16.0,29.0,38.0,37.0,,23.0,44.0,22.0,42.0,19.0,26.0,12.0,45.0,,,34.0,28.0,,,38.0,32.0,,39.0,32.0,11.0,,40.0,17.0,5.0,,2.0,24.0,42.0,26.0,21.0,32.0,11.0,15.0,34.0,,21,8.0,44.0,17.0,13.0,30.0,30.0,34.0,46.0,31.0,41.0,25.0,16.0,40.0,21.0,56.0,54.0,23.0,,23.0,34.0,18.0,,8.0,24.0,22.0,55.0,21.0,20.0,,8.0,,48.0,,,29.0,0.0,6.0,31.0,23.0,,20.0,,43.0,7.0,8.0,25.0,10.0,19.0,27.0,14.0,,34.0,17.0,20.0,14.0,16.0,24.0,,42.0,,48.0,42.0,39.0,10.0,38.0,22.0,29.0,7.0,26.0,41.0,40.0,,22.0,12.0,23.0,19.0,,,11.0,26.0,40.0,22.0,,35.0,22.0,16.0,17.0,36.0,55.0,39.0,,31.0,36.0,,40.0,47.0,,19.0,38.0,5.0,50.0,54.0,48.0,,14.0,19.0,18.0,,8.0,32.0,41.0,11.0,27.0,18.0,,,22.0,37.0,18.0,36.0,0.0,22.0,15.0,45.0,,,46.0,,29,,44.0,,24.0,25.0,12.0,36.0,28.0,18.0,16.0,12,51.0,17.0,,24.0,18.0,23.0,47.0,7.0,23,40.0,,,16.0,26.0,29.0,9.0,43.0,39.0,,21.0,35.0,26.0,,,,14.0,10.0,41.0,,44.0,23.0,36.0,31.0,32.0,7.0,,26.0,29.0,30.0,14.0,34.0,45.0,,6.0,28.0,,,30.0,,,56.0,19.0,15.0,,38.0,10.0,22.0,10.0,39.0,24.0,17.0,49.0,21.0,17.0,37.0,20.0,21.0,24.0,,29.0,15.0,37.0,17.0,,55.0,34.0,44.0,48.0,32.0,32.0,24.0,36.0,27.0,52.0,48.0,,27.0,10.0,33.0,36.0,32.0,8.0,,40.0,55.0,11.0,29.0,45.0,26.0,31.0,7.0,,,28.0,46.0,39.0,12.0,42.0,6.0,18.0,34.0,,54.0,,47.0,52.0,11.0,16,,,13.0,14.0,,34.0,34.0,,56.0,50.0,,50.0,39.0,39.0,40.0,15.0,19.0,,50.0,31.0,36.0,13.0,15.0,48.0,31.0,28.0,16.0,46.0,19.0,55.0,27.0,14.0,22.0,21.0,23.0,,50.0,14.0,,24.0,0.0,22.0,14.0,53.0,55.0,,10.0,11.0,52.0,25.0,20.0,13.0,25.0,43.0,,36.0,32.0,10.0,11.0,50.0,49.0,52.0,32.0,21.0,,4.0,,8.0,,33.0,25.0,11.0,,45.0,32.0,19.0,52.0,47.0,23.0,3,24.0,35.0,13,11.0,,56.0,26.0,11.0,5.0,26.0,21.0,20.0,31.0,,22.0,,17.0,28.0,44.0,44.0,17.0,20.0,30.0,43.0,10.0,47.0,39.0,46.0,16.0,15.0,31.0,29.0,11.0,23.0,43.0,32.0,28.0,23.0,53.0,0.0,33.0,16.0,48.0,35.0,8.0,14.0,19.0,42.0,21.0,51.0,14.0,12.0,54.0,32.0,30.0,,,29.0,23.0,11.0,26.0,43.0,48.0,21.0,,40.0,38.0,8.0,23.0,18.0,13.0,13.0,0.0,10.0,9.0,24.0,19.0,13.0,41.0,50.0,,,37.0,7.0,26.0,17.0,0.0,22.0,19.0,40.0,54.0,48.0,52.0,28.0,0.0,44.0,41.0,56.0,14.0,,32.0,,14.0,18.0,52.0,5.0,28.0,34.0,1.0,,32.0,,27.0,21.0,16.0,23.0,42.0,55.0,55.0,,38.0,,32.0,37.0,11.0,28.0,56.0,37.0,16.0,22.0,37.0,53.0,50.0,9.0,27.0,40.0,34.0,41.0,25.0,14.0,30.0,31.0,32.0,36.0,5.0,30.0,18.0,,20.0,55.0,,,44.0,20.0,34.0,38.0,,33.0,43.0,29.0,23.0,44.0,,,,,,14.0,,42.0,47.0,,53.0,43.0,43.0,24.0,32.0,15.0,14.0,,9.0,9.0,17.0,28.0,,18.0,,12.0,50.0,18.0,,34.0,16.0,,25.0,22.0,31.0,,20.0,42.0,42.0,6.0,6.0,,,18.0,,23.0,17.0,40.0,0.0,19.0,,43.0,33.0,52.0,31.0,38.0,,46.0,51.0,,,51.0,,30.0,46.0,20.0,30.0,2.0,21.0,,51.0,31.0,0.0,54.0,23.0,17.0,27.0,,37.0,17.0,48.0,22.0,42.0,0.0,19.0,42.0,0.0,,,41.0,11.0,19.0,,29.0,25.0,42.0,16.0,37.0,36.0,41.0,15.0,24.0,32.0,7.0,40.0,,15.0,,37.0,25.0,27.0,,,18.0,35.0,9.0,31.0,40.0,37.0,,,6.0,30.0,15.0,11.0,28.0,41.0,21.0,11.0,41.0,,,17.0,29.0,50.0,28.0,,49.0,,,51.0,32.0,30.0,16.0,56.0,,20.0,24.0,,,,16.0,19.0,27.0,,,40.0,50.0,41.0,16.0,,17.0,34.0,9.0,41.0,23.0,53.0,40.0,26.0,28.0,,,39.0,,11.0,,23.0,24.0,22.0,43.0,37.0,33.0,30.0,46.0,25.0,12.0,16.0,42.0,21.0,,54.0,24.0,9.0,,21.0,21.0,42.0,14.0,,16.0,54.0,19.0,,45.0,14.0,42.0,20.0,,,55.0,13.0,,25.0,44.0,33.0,28.0,11.0,21.0,,41.0,,13.0,22.0,40.0,13.0,35.0,25.0,19.0,26.0,25.0,53.0,32.0,11.0,49.0,,50.0,35.0,,,,15.0,53.0,14.0,,19.0,,,20.0,15.0,39.0,50.0,,42.0,35.0,43.0,,,,27.0,36.0,,,,,9.0,28.0,19.0,33.0,48.0,,,16.0,49.0,28.0,,47.0,19.0,40.0,,24.0,31.0,22.0,,,,29.0,46.0,24.0,29.0,,28.0,27.0,46.0,,45.0,30.0,,41.0,29.0,56.0,,38.0,20.0,38.0,,14.0,33.0,4.0,,,28.0,,0.0,26.0,51.0,46.0,17.0,21.0,16.0,36.0,27.0,50.0,18.0,42.0,31.0,37.0,23.0,15.0,14.0,,,19.0,28.0,,24.0,42.0,43.0,15.0,,41.0,13.0,14.0,41.0,20.0,,4.0,11.0,33.0,45.0,24.0,,45.0,,21.0,,24.0,28.0,,39.0,7.0,13.0,31.0,22.0,54.0,,52.0,20.0,12.0,33.0,13.0,29.0,14.0,44.0,,17.0,30.0,14.0,31.0,16.0,,,37.0,22.0,12.0,19.0,53.0,31.0,15.0,33.0,34.0,14.0,,,44.0,30.0,16.0,,15.0,22.0,37.0,16.0,19.0,,53.0,20.0,,47.0,48.0,15.0,32.0,,51.0,48.0,,,42.0,4.0,26.0,,48.0,30.0,,46.0,23.0,36.0,28.0,19.0,10.0,16.0,36.0,,40.0,18.0,,0.0,20.0,15.0,,,,38.0,41.0,40.0,50.0,,,13.0,,,,17.0,,49.0,0.0,55.0,31.0,20.0,25.0,21.0,17.0,26.0,16.0,52.0,30.0,0.0,,,6.0,,42.0,39.0,31.0,41.0,25.0,19.0,33.0,15.0,53.0,45.0,,,14.0,7.0,25.0,18.0,47.0,20.0,12.0,33.0,34.0,15.0,11.0,42.0,,36.0,31.0,4.0,7.0,,,,,53.0,19.0,,13.0,21.0,,52.0,33.0,51.0,51.0,33.0,,5.0,,,38.0,,24.0,47.0,35.0,50.0,20.0,,39.0,23.0,35.0,16.0,4.0,7.0,34.0,23.0,39.0,24.0,,28.0,,33.0,53.0,37.0,,35.0,49.0,41.0,31.0,,22.0,11.0,39.0,35.0,41.0,38.0,,10.0,,12.0,32.0,39.0,42.0,42.0,,19.0,8.0,20.0,47.0,6.0,33.0,53.0,30.0,13.0,53.0,,,49.0,42.0,21.0,54.0,2.0,26.0,5.0,9.0,13.0,47.0,,17.0,,44.0,50.0,17.0,37.0,,18.0,37.0,48.0,,,56.0,,,35.0,,,21.0,29.0,31.0,,19.0,,15.0,30.0,31.0,17.0,,30.0,44.0,20.0,,36.0,21.0,,8.0,26.0,45.0,,17.0,,,31.0,,10.0,55.0,2.0,,15.0,,,,,,17.0,18.0,,19.0,,15.0,55.0,,31.0,24.0,,27.0,23.0,,,29.0,44.0,,,32.0,,,42.0,13.0,0.0,40.0,39.0,0.0,,39.0,40.0,39.0,28.0,34.0,51.0,,8.0,15.0,55.0,31.0,25.0,,19.0,24.0,22.0,45.0,3.0,3.0,13.0,,42.0,42.0,45.0,,27.0,43.0,,34.0,,11.0,15.0,29.0,19.0,13.0,39.0,26.0,,,9.0,16.0,,36.0,54.0,31.0,,24.0,,39.0,30.0,28.0,9.0,40.0,5.0,27.0,5.0,45.0,18.0,42.0,38.0,,,,15.0,36.0,25.0,,39.0,35.0,22.0,55.0,33.0,,45.0,54.0,46.0,46.0,43.0,45.0,15.0,,26.0,44.0,31.0,21.0,,17.0,45.0,,5.0,14.0,23.0,18.0,,,20.0,37.0,,9.0,55.0,46.0,,22.0,,27.0,21.0,29.0,30.0,13.0,,,28.0,42.0,24.0,37.0,,12.0,,41.0,28.0,,33.0,13.0,36.0,46.0,15.0,24.0,9.0,,20.0,56.0,11.0,12.0,35.0,18.0,27.0,36.0,,,25.0,,0.0,22.0,21.0,30.0,14.0,,25.0,15.0,20.0,6.0,5.0,16.0,22.0,49.0,12.0,31.0,21.0,,21.0,21.0,25.0,49.0,34.0,18.0,,,28.0,15.0,12.0,17.0,,55.0,,23.0,,,21.0,21.0,44.0,10.0,10.0,11.0,34.0,28.0,43.0,,31.0,19.0,33.0,21.0,30.0,19.0,38.0,48.0,17.0,56.0,,,45.0,26.0,29.0,40.0,26.0,10.0,,15.0,35.0,3.0,18.0,49.0,21.0,20.0,30.0,,9.0,19.0,,,,13.0,29.0,52.0,,17.0,,39.0,22.0,18.0,27.0,16.0,12.0,34.0,38.0,9.0,33.0,4.0,26.0,37.0,36.0,12.0,15.0,10.0,,48.0,2.0,,41.0,36.0,51.0,39.0,,,10.0,28.0,174,3,2.391655450874832,17.42522161853017,-0.3257174357125322
10,10,10,11,9,12,11,11,4,11,11,12,11,8,9,11,15,11,21,22,11,11,13,11,13,18,15,16,11,13,12,1,13,17,12,12,18,17,15,12,20,24.0,12,20,13,17,31,15,14,21,17,10,14,19,34,36,17,10,13,12,12,22,0,18,45.0,16,26,20,15,20,16,28,21,11,11,12,21,17,15,14,16,14,18,11,23,18,18,19,35,13,14,12,19,0,15,18,27,9,7,20,14,18,17,12,17,22,16,21,19,0,18,42.0,24,31,35.0,20,27,20,18,15,10,20,18,27,14,18,26,34.0,18,18,12,13,24.0,18,24,17.0,18,25,21,18,15,21,1,32,15.0,14.0,17,36.0,20,20,19,5,46.0,18,32,23,22,,35,24,20,24,12,27,17,47.0,26,23,12,20,21,24.0,14,46,15,41,0,30.0,19,0.0,19,17,11,22,29,17.0,35.0,24,34,55.0,53.0,18,22,16,21,35,14,19,23.0,18,21,,22,13,22,22,44.0,20,19,30,15,18.0,13,30,17,14,14,22,27,26.0,22.0,14,34,12,21.0,21,27,25,,11,14.0,16.0,16,34,54.0,30,33,15,23.0,8.0,14,25,4,18,29,23.0,41,8,13,18,16,32,38.0,21.0,9,33.0,41.0,33.0,21.0,24,22.0,15,6,17,33.0,31.0,35.0,11.0,14.0,18,35.0,21.0,29.0,11,34,25.0,20,20,34,23.0,38.0,21.0,28,50.0,17,22,37.0,9.0,16,47.0,28.0,19,29,17.0,14,28.0,12.0,27.0,35,15,19.0,19,7,26,21,20,23,25,24,19,24,31,19,22.0,25.0,10,17,20,22.0,22.0,21,23,16,29.0,19,45.0,18,25,42,15,24,13.0,15,34.0,28,40,28.0,20,15,20,20.0,46.0,20,37.0,17.0,,38.0,,27,26.0,34,26,25,20.0,18,41.0,14.0,19,50.0,41.0,39.0,21,36.0,15,24,15,21,34,16,19,23.0,15,32.0,22,25,18,48.0,19,38.0,22,17.0,29,,31,34,53.0,25,7.0,33,,18.0,24,24,21.0,37.0,20.0,15.0,26.0,23,24.0,41.0,30,25.0,19,15,17.0,51.0,16,,19,16.0,10.0,23,24,27,16.0,16,62.0,62.0,19,30.0,38,38.0,24,26,13,15.0,27.0,31,13,22,29.0,50.0,25,30,21.0,13,48.0,26.0,33.0,16.0,13.0,9.0,27.0,40.0,22.0,37.0,5,20,21.0,26.0,,15.0,30.0,,36.0,29.0,18,26,44.0,39.0,18,25.0,29.0,43.0,19.0,21.0,36.0,19,28,47.0,22.0,25.0,,29,32.0,33.0,43.0,17,13,28,12.0,37.0,16.0,14.0,14,31,24.0,29.0,22,28.0,33.0,42,38.0,30.0,40.0,20,26.0,23,55.0,,44.0,16,55.0,33,40.0,32,27,42.0,22.0,61.0,14.0,17,20,30,27.0,12,36.0,22,12,41.0,33,9,37.0,26.0,45,33,36.0,28.0,30.0,41.0,24.0,23.0,32,33.0,20,30,11.0,34.0,,53.0,11.0,50.0,15,18,27.0,23.0,43.0,25.0,19.0,58.0,12,16.0,11,16.0,35.0,19.0,26.0,22,31.0,21,33.0,27.0,25.0,30,29.0,24.0,59.0,24,21,42.0,45.0,16.0,17.0,24.0,33.0,26.0,,22.0,15.0,14.0,16.0,23,26,56.0,14.0,17.0,28,32,14,14,20.0,25.0,21,21,25.0,23.0,0,35.0,28.0,40.0,44,19.0,,20.0,15,23.0,40.0,45.0,12.0,19.0,23.0,27,20.0,19,17.0,15,19,7,30.0,63.0,24.0,26.0,32.0,16.0,28.0,,13.0,31.0,9.0,20,33.0,25.0,29,35.0,,47.0,25.0,19,13.0,45.0,53.0,19,33,31.0,25,15.0,56.0,7.0,36.0,21,40.0,53,17,19.0,11,,12,32.0,22.0,25.0,20,34,52.0,34.0,26,14.0,22,36.0,15,47.0,31.0,,63.0,24.0,22.0,32,44.0,35.0,33.0,19.0,17.0,62.0,,25,14,29.0,26,0,15,23.0,23.0,35.0,50.0,20.0,29.0,44,23.0,48.0,,12,21.0,,20.0,17.0,,33,37.0,56.0,34.0,,38.0,24.0,30.0,24,38.0,24.0,17.0,16.0,57.0,13.0,34.0,27,23.0,35.0,37.0,,19,21,12.0,19.0,24,46.0,12.0,23.0,12,21.0,27.0,12.0,50.0,0,15.0,,15.0,38.0,54.0,24.0,32.0,49.0,47.0,39,41,27.0,35.0,,39.0,37.0,17.0,30.0,,,38.0,30,19,20.0,24,50.0,29.0,16.0,19.0,18,29,26.0,14.0,23.0,39.0,35.0,30.0,30.0,36.0,47.0,18,27.0,,40.0,0.0,45.0,16.0,15,22.0,,0.0,17,22.0,32.0,40.0,30.0,14.0,16.0,29,16.0,8,61.0,28.0,19.0,36.0,,31.0,62.0,63.0,22.0,39.0,40.0,21.0,22.0,,13.0,58.0,,36.0,,27.0,28.0,18,34.0,52.0,33,26.0,14.0,20,36.0,17.0,62.0,0,24,15,21.0,15.0,51.0,46.0,18.0,32.0,33.0,27.0,50.0,7,27.0,25,19.0,0,27,30.0,18,12.0,16.0,19.0,18.0,12,25.0,31.0,52.0,,,36.0,23,43.0,32,,42.0,16.0,26,31.0,12,22,32.0,21.0,29.0,11,14.0,,26,16.0,33.0,6.0,17.0,25.0,43.0,26.0,36.0,15,21.0,27.0,22.0,45.0,31.0,34.0,,43.0,8,32.0,13,17.0,24.0,25.0,58.0,15,33,34.0,21.0,0.0,35.0,16.0,17.0,30.0,39.0,,20,47.0,27.0,31,45,31.0,19.0,15,28.0,53.0,23,29.0,34,27,38,62.0,33.0,24.0,15.0,49.0,31.0,0.0,,27.0,21.0,28.0,15.0,19.0,31.0,20.0,31.0,17.0,20.0,37.0,34.0,16.0,23.0,,30.0,34.0,42.0,42.0,35.0,25.0,12.0,29.0,30.0,35.0,21.0,43.0,58.0,27.0,19.0,27.0,21.0,22.0,33.0,15.0,24.0,49.0,,25.0,,38,28.0,,35.0,36,49.0,12.0,34.0,20.0,31.0,49.0,31.0,12.0,17.0,15.0,50.0,51.0,34.0,,25.0,,29.0,32.0,53.0,,,33.0,,22.0,40.0,41.0,,,21,31.0,,50.0,56,28.0,17.0,13.0,33.0,58.0,46.0,29.0,51.0,23.0,27,18.0,,54.0,,34.0,45.0,8,30,32.0,44.0,20.0,34.0,28.0,48.0,35,14,49.0,39.0,,35.0,32.0,49.0,14.0,29.0,26.0,,27.0,24.0,3.0,41.0,31.0,41.0,26,17.0,35.0,26.0,36.0,,16,44.0,39,,41,37.0,14.0,38.0,40.0,22.0,3.0,60.0,35.0,34.0,35.0,43.0,,25,34.0,18.0,18.0,18.0,21.0,25,19.0,34.0,37.0,19.0,23.0,38.0,36.0,55.0,22.0,24,20,25.0,19.0,37.0,17.0,21.0,24.0,21.0,49.0,63,32.0,,27.0,24.0,34.0,20.0,38.0,25.0,19,19.0,21.0,,54,14,57.0,,46.0,51.0,16.0,54.0,37.0,45.0,53.0,16.0,49.0,18.0,23.0,20.0,36.0,23,34.0,56.0,63.0,37.0,,20,1.0,14.0,24,0.0,22.0,21.0,27.0,,16.0,38.0,42.0,33.0,18.0,48.0,24,38.0,47.0,17.0,20.0,33,27.0,12.0,20.0,46.0,21.0,21.0,52.0,30.0,,13.0,,22.0,37.0,24,22,16.0,17.0,23.0,23.0,,25,34,33.0,50.0,,18.0,31.0,,22.0,,22.0,48.0,21.0,10.0,45.0,13.0,25.0,23,36,26.0,57.0,36.0,,,19,22.0,11.0,31.0,25.0,,28.0,13.0,43.0,31.0,18.0,,37.0,35.0,44.0,40.0,32,51.0,18.0,39,,,48.0,37.0,42.0,25.0,26.0,,11.0,,27.0,31.0,12.0,43.0,46.0,,37.0,27.0,57.0,42.0,,,43.0,54.0,11.0,34.0,53.0,57.0,33.0,48.0,10.0,33.0,,20.0,14.0,35.0,,33.0,,13.0,13.0,52.0,,22.0,29.0,35.0,45.0,39.0,27.0,37.0,22.0,23.0,29.0,25.0,17.0,,34.0,39.0,23.0,23.0,41.0,38,56.0,48.0,,,14.0,10.0,36.0,61.0,18.0,45.0,10.0,25.0,32.0,14.0,57.0,31.0,,19.0,,,10.0,,49.0,36.0,33.0,31.0,24.0,20.0,37.0,18.0,34.0,51.0,36.0,,62.0,35.0,34.0,,23.0,,21.0,24.0,46.0,25.0,,24.0,33,29.0,7.0,26.0,19.0,31.0,20.0,33.0,23.0,,17,23.0,,47.0,32.0,32.0,24.0,55.0,0.0,16.0,19.0,35.0,27.0,39.0,,2.0,,17,20.0,22.0,34.0,55.0,21.0,57.0,20.0,27.0,,17.0,43.0,61.0,36.0,42.0,39.0,20.0,,,40.0,19.0,,30.0,62.0,27.0,19,17,19.0,37.0,30.0,20.0,,42.0,27.0,53.0,39.0,21.0,30.0,44.0,51.0,58.0,,,,44.0,53.0,32.0,26.0,18.0,31.0,59.0,43.0,53.0,14.0,15.0,60.0,24.0,0.0,,36.0,,,22.0,40.0,18.0,46.0,19.0,21.0,29.0,17.0,21.0,,41.0,,20.0,28,38.0,32.0,27.0,29.0,22,20.0,45.0,34.0,47.0,51.0,31.0,46.0,35.0,35,,31.0,23.0,55.0,,,,42,,37.0,18.0,,32,43.0,17.0,60.0,25.0,37.0,33.0,,19.0,17.0,15.0,15.0,30.0,21.0,47.0,35.0,17.0,47.0,32.0,29.0,38.0,33.0,29.0,39.0,,38,33.0,42.0,,47.0,37.0,9.0,52.0,32.0,43.0,18.0,23.0,51.0,45.0,46,45.0,61.0,37.0,23.0,34.0,34.0,56.0,,,43.0,,19.0,,18.0,35.0,41.0,52.0,30.0,20.0,32.0,,,35.0,57.0,19.0,19.0,46.0,35.0,14.0,37.0,29.0,39.0,36.0,34.0,,,,32.0,19.0,22.0,44.0,13.0,21.0,36.0,20.0,38.0,,59.0,38.0,25.0,30.0,56.0,22.0,21.0,6.0,57.0,37.0,,12.0,23.0,,39.0,26.0,50.0,39.0,21.0,40.0,,15.0,19,19.0,21.0,44.0,29.0,63.0,24.0,40.0,0.0,24.0,48.0,31.0,43.0,,17.0,,50.0,27.0,51.0,32.0,49.0,34.0,54.0,28.0,18.0,,60.0,11.0,35.0,34.0,24.0,,,60.0,17.0,12.0,37.0,55.0,61.0,,44.0,57.0,33.0,45.0,21.0,15.0,,53.0,53.0,33.0,,,,26.0,26.0,52.0,30.0,35.0,42.0,30.0,30.0,55.0,43.0,37.0,40.0,,42.0,,25.0,,25.0,39.0,52.0,33.0,27.0,49.0,61.0,47.0,,30.0,17.0,20.0,,40.0,54.0,59.0,29.0,30.0,19.0,20.0,54.0,,11.0,46.0,48.0,34.0,27.0,17.0,52.0,63.0,,49.0,50.0,,40.0,0.0,38.0,28.0,37.0,27.0,39.0,29.0,62.0,14.0,14.0,35.0,20.0,28.0,26.0,19.0,54.0,27.0,42.0,25.0,20.0,42.0,37.0,45.0,42.0,24,,34.0,45.0,51.0,23.0,35.0,27.0,39.0,25.0,63.0,12,54.0,19.0,21.0,51.0,31.0,23.0,57.0,32.0,21,31.0,15.0,28.0,20.0,30.0,36.0,31.0,,,30.0,55.0,13.0,28.0,26.0,46.0,29.0,15.0,24.0,33.0,57.0,38.0,21.0,34.0,14.0,29.0,53.0,37.0,37.0,48.0,32.0,29.0,33.0,,0.0,33.0,,,25.0,13.0,,47.0,,29.0,15.0,29.0,44.0,37.0,37.0,,,42.0,60.0,38.0,59.0,42.0,14.0,38.0,27.0,39.0,47.0,48.0,21.0,36.0,53.0,,,19.0,36.0,19.0,38.0,49.0,17.0,23.0,36.0,50.0,62.0,,39.0,27.0,54.0,,,21.0,,35.0,37.0,51.0,,54.0,17.0,19.0,,57.0,31.0,35.0,21.0,,,25.0,,,,28.0,50.0,59.0,26.0,60.0,42.0,32,59.0,28.0,2.0,48.0,59.0,19.0,25.0,22.0,33.0,25.0,19.0,40.0,32.0,35.0,14.0,13.0,28.0,63.0,,43.0,33.0,46.0,29.0,,36.0,18.0,29.0,13.0,6.0,,55.0,45.0,48.0,20.0,21.0,,,31.0,33.0,48.0,33.0,13.0,58.0,,30.0,,22.0,23.0,47.0,37.0,21.0,42.0,33.0,,57.0,39.0,51.0,43.0,43.0,29.0,30.0,23.0,20.0,21.0,,17.0,,54.0,21.0,21.0,,34.0,,62.0,,23.0,57.0,45.0,33.0,32,50.0,27.0,21,55.0,62.0,,,59.0,54.0,55.0,61.0,26.0,17.0,,23.0,,,36.0,,56.0,,,25.0,39.0,42.0,33.0,24.0,26.0,,28.0,,36.0,15.0,30.0,60.0,21.0,41.0,35.0,35.0,31.0,25.0,,,39.0,36.0,40.0,,,24.0,,33.0,56.0,16.0,26.0,25.0,52.0,,21.0,39.0,40.0,56.0,35.0,29.0,,49.0,23.0,50.0,45.0,41.0,,38.0,28.0,14.0,23.0,45.0,4.0,55.0,37.0,51.0,30.0,50.0,13.0,31.0,31.0,15.0,26.0,31.0,29.0,26.0,58.0,30.0,34.0,19.0,55.0,55.0,,17.0,,27.0,34.0,49.0,,43.0,0.0,26.0,42.0,,60.0,,60.0,42.0,,43.0,25.0,44.0,39.0,31.0,,22.0,19.0,28.0,40.0,57.0,0.0,18.0,24.0,36.0,,36.0,,,35.0,,25.0,58.0,20.0,31.0,,57.0,19.0,,43.0,14.0,45.0,,36.0,14.0,,,,40.0,,23.0,11.0,34.0,23.0,44.0,44.0,,59.0,24.0,23.0,,8.0,16.0,,43.0,26.0,,,26.0,19.0,27.0,60.0,63.0,50.0,23.0,38.0,,63.0,11.0,49.0,45.0,,38.0,24.0,39.0,58.0,25.0,46.0,38.0,44.0,29.0,27.0,50.0,63.0,54.0,,45.0,26.0,23.0,13.0,42.0,35.0,,,42.0,28.0,60.0,38.0,36.0,53.0,61.0,46.0,53.0,15.0,50.0,0.0,13.0,51.0,21.0,,,,31.0,26.0,37.0,23.0,,51.0,61.0,,32.0,50.0,40.0,42.0,25.0,51.0,10.0,,,46.0,52.0,46.0,47.0,1.0,,25.0,21.0,31.0,,,5.0,,,16.0,27.0,45.0,,47.0,47.0,60.0,,,48.0,,36.0,,56.0,15.0,18.0,33.0,28.0,25.0,,,63.0,,44.0,,,40.0,19.0,24.0,,50.0,33.0,0.0,50.0,23.0,33.0,,22.0,32.0,35.0,49.0,22.0,,26.0,36.0,7.0,60.0,33.0,27.0,47.0,29.0,40.0,,24.0,47.0,31.0,40.0,39.0,30.0,55.0,25.0,33.0,62.0,18.0,21.0,48.0,46.0,,53.0,27.0,39.0,32.0,21.0,32.0,57.0,39.0,,53.0,21.0,30.0,30.0,37.0,28.0,,19.0,48.0,10.0,,29.0,40.0,,53.0,24.0,40.0,27.0,23.0,41.0,,,20.0,,54.0,53.0,56.0,12.0,,,21.0,14.0,42.0,41.0,18.0,32.0,20.0,19.0,0.0,42.0,,50.0,35.0,,29.0,,53.0,21.0,16.0,53.0,46.0,,12.0,56.0,15.0,58.0,,37.0,32.0,50.0,31.0,19.0,19.0,,28.0,56.0,,,,26.0,,41.0,,,28.0,,50.0,,,33.0,32.0,35.0,50.0,22.0,,,47.0,42.0,,,17.0,20.0,20.0,50.0,21.0,48.0,41.0,36.0,21.0,49.0,30.0,55.0,34.0,48.0,37.0,33.0,,35.0,,,17.0,21.0,48.0,38.0,39.0,23.0,31.0,51.0,41.0,18.0,23.0,46.0,15.0,,39.0,,11.0,43.0,56.0,12.0,54.0,32.0,32.0,27.0,9.0,61.0,20.0,0.0,36.0,,45.0,52.0,,63.0,53.0,,60.0,30.0,35.0,47.0,19.0,30.0,,28.0,17.0,31.0,,,16.0,29.0,40.0,29.0,49.0,37.0,,36.0,,20.0,6.0,49.0,46.0,17.0,,22.0,59.0,5.0,33.0,47.0,,25.0,45.0,,49.0,39.0,62.0,57.0,42.0,29.0,30.0,52.0,23.0,43.0,26.0,,,34.0,8.0,29.0,59.0,,13.0,16.0,19.0,,37.0,33.0,37.0,63.0,21.0,,,62.0,33.0,52.0,,,22.0,,18.0,39.0,44.0,32.0,23.0,,15.0,,41.0,,12.0,,,22.0,,60.0,14.0,42.0,,,46.0,47.0,20.0,1.0,24.0,57.0,50.0,2.0,,24.0,54.0,53.0,46.0,37.0,60.0,51.0,17.0,62.0,63.0,10.0,41.0,32.0,56.0,31.0,26.0,0.0,31.0,53.0,61.0,37.0,,51.0,42.0,,,,60.0,30.0,23.0,43.0,22.0,50.0,,43.0,37.0,57.0,43.0,26.0,29.0,22.0,38.0,28.0,22.0,20.0,58.0,62.0,36.0,34.0,,27.0,45.0,,20.0,20.0,52.0,16.0,60.0,,61.0,32.0,35.0,,44.0,59.0,28.0,,55.0,33.0,31.0,44.0,,33.0,0.0,,59.0,18.0,29.0,51.0,44.0,38.0,28.0,24.0,,42.0,35.0,,,62.0,,29.0,34.0,11.0,,,60.0,21.0,42.0,25.0,49.0,,57.0,15.0,27.0,20.0,37.0,,34.0,32.0,20.0,52.0,53.0,16.0,17.0,52.0,18.0,17.0,45.0,18.0,,56.0,28.0,25.0,29.0,15.0,42.0,,37.0,,23.0,61.0,22.0,,25.0,48.0,35.0,14.0,,,27.0,,33.0,53.0,26.0,,,,34.0,,52.0,,52.0,54.0,,36.0,,46.0,37.0,63.0,,55.0,15.0,31.0,18.0,20.0,18.0,21.0,13.0,25.0,10.0,35.0,,,,62.0,47.0,58.0,24.0,,,17.0,32.0,51.0,42.0,45.0,36.0,47.0,55.0,,54.0,,,14.0,25.0,29.0,30.0,,32.0,37.0,,53.0,41.0,62.0,11.0,,54.0,,23.0,20.0,52.0,11.0,35.0,56.0,32.0,,38.0,,54.0,31.0,28.0,55.0,48.0,34.0,,26.0,41.0,,37.0,40.0,36.0,,11.0,31.0,56.0,56.0,24.0,61.0,34.0,,18.0,19.0,0.0,59.0,45.0,,17.0,29.0,,22.0,20.0,38.0,34.0,,38.0,43.0,58.0,41.0,22.0,17.0,34.0,16.0,31.0,41.0,,,36.0,,19.0,63.0,32.0,,,59.0,,35.0,31.0,25.0,,28.0,18.0,,31.0,45.0,14.0,21.0,21.0,26.0,51.0,16.0,,15.0,30.0,45.0,18.0,18.0,36.0,,,40.0,62.0,,23.0,,26.0,12.0,53.0,44.0,,18.0,20.0,,47.0,30.0,23.0,33.0,46.0,53.0,25.0,,47.0,32.0,25.0,,40.0,36.0,40.0,15.0,25.0,26.0,,39.0,39.0,,,57.0,24.0,,54.0,,43.0,58.0,51.0,,17.0,19.0,26.0,29.0,,63.0,,23.0,38.0,,,,,47.0,42.0,53.0,42.0,0.0,53.0,50.0,42.0,,23.0,,,14.0,32.0,53.0,,27.0,33.0,34.0,48.0,48.0,,35.0,22.0,,,28.0,,22.0,20.0,,,53.0,24.0,12.0,,34.0,34.0,45.0,19.0,32.0,27.0,27.0,24.0,17.0,,47.0,33.0,,28.0,,,26.0,13.0,41.0,16.0,,56.0,20.0,22.0,,18.0,53.0,49.0,30.0,,43.0,30.0,29.0,44.0,,53.0,22.0,,46.0,,17.0,53.0,60.0,47.0,50.0,49.0,,48.0,59.0,,14.0,60.0,9.0,,31.0,,45.0,18.0,,47.0,52.0,24.0,60.0,46.0,17.0,40.0,32.0,48.0,53.0,21.0,19.0,37.0,52.0,50.0,,15.0,59.0,52.0,45.0,,48.0,,,17.0,,42.0,39.0,29.0,20.0,31.0,57.0,18.0,24.0,,,38.0,6.0,,26.0,47.0,26.0,50.0,54.0,,47.0,19.0,36.0,37.0,24.0,42.0,57.0,,46.0,,29.0,175,3,2.562146892655367,18.55434157561817,-0.33021948004443086
1,0,3,1,2,1,2,3,3,5,4,8,7,3,6,5,6,8,19,16,4,2,7,8,3,7,9,5,4,6,9,9,4,8,7,8,9,11,9,11,10,7.0,14,6,4,1,13,9,8,8,9,8,5,4,11,14,10,2,6,9,6,14,10,5,5.0,9,3,3,11,10,0,9,7,8,2,6,12,8,14,6,14,8,10,8,8,13,6,10,23,5,13,12,12,9,23,17,9,8,5,7,7,13,11,4,10,13,7,5,6,9,23,14.0,11,13,28.0,15,13,12,8,14,13,23,10,8,5,11,9,23.0,17,2,15,11,26.0,7,7,15.0,13,20,9,10,3,17,12,24,26.0,21.0,9,19.0,6,5,9,10,36.0,5,12,11,5,26.0,13,10,13,12,6,9,10,9.0,9,13,6,16,7,29.0,2,15,7,25,11,9.0,15,4.0,9,9,10,14,18,17.0,0.0,8,13,,18.0,11,11,7,8,16,3,7,19.0,12,25,22.0,8,11,14,8,,9,7,9,12,51.0,25,13,10,26,14,6,10,55.0,18.0,11,22,7,17.0,4,11,11,,3,,3.0,8,6,,10,12,5,28.0,11.0,10,7,17,8,12,0.0,18,0,18,8,7,14,13.0,19.0,9,29.0,15.0,11.0,,21,7.0,9,20,23,43.0,33.0,15.0,38.0,27.0,9,42.0,15.0,15.0,15,47,12.0,2,18,7,14.0,45.0,24.0,10,,11,10,23.0,15.0,4,33.0,4.0,2,15,24.0,7,16.0,2.0,34.0,17,7,24.0,11,18,8,19,15,12,12,11,23,1,11,11,32.0,25.0,19,6,16,8.0,7.0,20,6,13,13.0,25,25.0,11,8,13,4,10,14.0,10,9.0,14,17,,19,10,16,47.0,52.0,21,16.0,6.0,15.0,11.0,24.0,11,0.0,5,10,12,19.0,11,12.0,22.0,14,18.0,8.0,19.0,13,15.0,12,13,13,20,10,25,15,30.0,8,,24,6,20,53.0,14,21.0,28,28.0,6,,12,17,19.0,18,40.0,10,37.0,9.0,13,15,24.0,30.0,13.0,9.0,38.0,18,17.0,36.0,16,28.0,26,12,5.0,12.0,11,29.0,24,15.0,46.0,14,24,13,20.0,22,9.0,29.0,40,47.0,6,34.0,6,4,15,14.0,35.0,9,16,15,,26.0,19,11,48.0,7,7.0,10.0,26.0,21.0,0.0,44.0,9.0,11.0,,12.0,21,9,26.0,,37.0,10.0,4.0,41.0,31.0,4.0,10,13,10.0,4.0,0,1.0,13.0,23.0,15.0,12.0,34.0,26,21,35.0,26.0,10.0,29.0,17,27.0,20.0,19.0,7,10,14,44.0,24.0,8.0,10.0,2,11,,39.0,13,7.0,46.0,17,22.0,16.0,5.0,48,23.0,15,26.0,14.0,22.0,5,12.0,18,,16,15,,27.0,54.0,7.0,13,13,10,13.0,27,20.0,21,3,13.0,8,21,9.0,29.0,5,9,17.0,15.0,22.0,7.0,15.0,3.0,23,18.0,10,14,15.0,9.0,28.0,42.0,23.0,,2,5,13.0,25.0,14.0,42.0,12.0,,20,2.0,11,14.0,25.0,11.0,22.0,20,30.0,34,,37.0,32.0,26,31.0,50.0,12.0,24,24,,36.0,25.0,43.0,54.0,,36.0,,31.0,0.0,20.0,45.0,14,25,51.0,23.0,14.0,11,9,12,10,39.0,45.0,15,18,22.0,30.0,15,48.0,18.0,8.0,9,,12.0,,14,35.0,8.0,22.0,,37.0,24.0,12,14.0,11,14.0,15,16,16,28.0,15.0,37.0,32.0,36.0,15.0,23.0,,13.0,41.0,2.0,10,13.0,,28,30.0,,8.0,5.0,12,29.0,30.0,3.0,21,20,14.0,28,19.0,23.0,46.0,34.0,14,33.0,12,13,13.0,3,7.0,9,19.0,26.0,27.0,17,14,31.0,8.0,29,,11,20.0,2,19.0,17.0,14.0,35.0,54.0,14.0,22,30.0,51.0,47.0,11.0,,10.0,35.0,13,13,24.0,15,13,11,29.0,33.0,15.0,24.0,54.0,7.0,29,17.0,26.0,21.0,15,12.0,11.0,17.0,26.0,18.0,24,,32.0,17.0,40.0,24.0,26.0,11.0,27,42.0,34.0,55.0,18.0,18.0,25.0,18.0,17,28.0,,16.0,14.0,15,7,38.0,54.0,15,53.0,49.0,24.0,10,12.0,,8.0,,9,15.0,32.0,12.0,,12.0,11.0,13.0,,35.0,15,12,30.0,16.0,,35.0,20.0,1.0,13.0,26.0,,43.0,11,10,14.0,17,26.0,31.0,3.0,25.0,14,20,39.0,25.0,23.0,2.0,56.0,55.0,19.0,13.0,14.0,9,28.0,48.0,35.0,27.0,41.0,23.0,13,10.0,18.0,8.0,24,3.0,17.0,,25.0,,19.0,28,25.0,26,7.0,9.0,4.0,15.0,19.0,18.0,33.0,17.0,9.0,17.0,,19.0,11.0,45.0,13.0,18.0,33.0,33.0,24.0,,45.0,22,27.0,30.0,10,8.0,45.0,17,17.0,10.0,16.0,16,8,4,7.0,44.0,,11.0,42.0,9.0,36.0,17.0,28.0,21,35.0,23,20.0,12,39,4.0,24,27.0,,18.0,19.0,15,21.0,6.0,31.0,18.0,26.0,19.0,13,14.0,16,17.0,25.0,12.0,17,26.0,8,15,25.0,4.0,38.0,23,50.0,16.0,11,23.0,53.0,34.0,12.0,20.0,27.0,9.0,54.0,5,16.0,16.0,12.0,18.0,19.0,9.0,21.0,19.0,12,28.0,21,28.0,13.0,20.0,50.0,20,7,26.0,15.0,12.0,35.0,29.0,11.0,0.0,19.0,43.0,8,16.0,24.0,31,13,24.0,0.0,14,6.0,14.0,16,,16,11,16,26.0,31.0,50.0,7.0,30.0,,18.0,20.0,13.0,37.0,23.0,15.0,25.0,12.0,26.0,23.0,,45.0,8.0,15.0,0.0,16.0,43.0,29.0,21.0,46.0,,,11.0,26.0,20.0,31.0,15.0,15.0,5.0,28.0,54.0,46.0,16.0,11.0,41.0,33.0,12.0,12.0,,,8.0,29.0,16,40.0,51.0,46.0,13,15.0,41.0,55.0,18.0,27.0,56.0,12.0,7.0,,24.0,51.0,20.0,,56.0,4.0,7.0,41.0,35.0,25.0,20.0,31.0,15.0,25.0,12.0,10.0,31.0,43.0,27.0,6,37.0,21.0,5.0,19,16.0,10.0,30.0,11.0,,42.0,9.0,40.0,,28,21.0,10.0,16.0,15.0,12.0,13.0,16,7,,23.0,15.0,26.0,53.0,15.0,15,15,17.0,,25.0,22.0,24.0,28.0,14.0,9.0,38.0,,41.0,,20.0,20.0,13.0,2.0,18,,5.0,,,11.0,22,35.0,17,11.0,12,41.0,6.0,21.0,,3.0,27.0,14.0,15.0,26.0,11.0,,19.0,20,17.0,25.0,32.0,4.0,13.0,19,16.0,,27.0,39.0,22.0,3.0,,,26.0,33,5,16.0,31.0,17.0,30.0,17.0,30.0,,25.0,12,13.0,39.0,,,56.0,30.0,0.0,20.0,18,45.0,11.0,7.0,0,12,29.0,,41.0,35.0,30.0,21.0,11.0,44.0,22.0,5.0,31.0,17.0,30.0,,46.0,25,,26.0,9.0,13.0,27.0,17,,14.0,11,,15.0,33.0,,23.0,49.0,30.0,26.0,15.0,21.0,0.0,19,17.0,46.0,19.0,,22,23.0,46.0,17.0,38.0,25.0,39.0,29.0,21.0,23.0,8.0,30.0,19.0,14.0,22,4,34.0,2.0,21.0,30.0,21.0,20,14,14.0,21.0,38.0,38.0,30.0,18.0,37.0,40.0,27.0,25.0,26.0,51.0,22.0,34.0,13.0,14,23,16.0,44.0,10.0,43.0,,25,46.0,1.0,20.0,40.0,,25.0,14.0,13.0,15.0,8.0,14.0,29.0,,,,24,13.0,27.0,15,27.0,8.0,17.0,,55.0,15.0,31.0,14.0,42.0,,34.0,13.0,15.0,29.0,17.0,,10.0,30.0,20.0,32.0,16.0,,47.0,11.0,46.0,29.0,21.0,18.0,18.0,34.0,19.0,45.0,16.0,16.0,21.0,32.0,52.0,14.0,,21.0,21.0,,5.0,,14.0,26.0,,27.0,27.0,15.0,10.0,47.0,34.0,39.0,16.0,31.0,26.0,9.0,43.0,44.0,32.0,6,23.0,16.0,21.0,49.0,,3.0,9.0,,29.0,24.0,17.0,34.0,12.0,6.0,19.0,18.0,,37.0,33.0,50.0,27.0,54.0,11.0,16.0,13.0,48.0,29.0,37.0,33.0,56.0,27.0,24.0,13.0,,9.0,16.0,12.0,,45.0,32.0,12.0,,30.0,25.0,19.0,46.0,23,10.0,34.0,32.0,34.0,45.0,,26.0,17.0,33.0,17,36.0,,54.0,13.0,32.0,15.0,16.0,44.0,12.0,47.0,38.0,26.0,15.0,9.0,28.0,38.0,8,9.0,9.0,54.0,18.0,37.0,56.0,8.0,49.0,33.0,42.0,22.0,12.0,14.0,13.0,30.0,27.0,39.0,29.0,24.0,24.0,,39.0,11.0,10.0,7,36,,23.0,18.0,30.0,21.0,24.0,17.0,21.0,,41.0,33.0,12.0,,39.0,35.0,,34.0,30.0,8.0,47.0,11.0,36.0,42.0,44.0,35.0,11.0,33.0,6.0,8.0,31.0,51.0,25.0,2.0,39.0,16.0,24.0,8.0,13.0,16.0,33.0,,46.0,29.0,31.0,17.0,,14.0,43.0,17,32.0,38.0,18.0,11.0,32,17.0,43.0,39.0,22.0,30.0,,8.0,47.0,16,20.0,33.0,19.0,34.0,33.0,,27.0,29,14.0,,,34.0,21,12.0,14.0,7.0,22.0,,31.0,22.0,14.0,17.0,31.0,27.0,17.0,18.0,,,11.0,46.0,,,17.0,38.0,42.0,34.0,21.0,23,,18.0,26.0,34.0,30.0,,,12.0,41.0,6.0,39.0,37.0,22.0,24,37.0,28.0,25.0,,16.0,,33.0,23.0,49.0,18.0,39.0,26.0,7.0,40.0,,45.0,35.0,28.0,18.0,53.0,28.0,40.0,14.0,,,,5.0,18.0,,32.0,18.0,12.0,14.0,26.0,4.0,23.0,21.0,12.0,35.0,37.0,13.0,22.0,25.0,,16.0,26.0,,,12.0,13.0,,31.0,31.0,,,10.0,42.0,53.0,3.0,24.0,31.0,38.0,6.0,44.0,26.0,17.0,9.0,45.0,,17,0.0,32.0,13.0,8.0,31.0,,28.0,32.0,12.0,6.0,19.0,7.0,36.0,50.0,,0.0,22.0,27.0,14.0,30.0,34.0,,9.0,34.0,16.0,0.0,4.0,43.0,45.0,21.0,41.0,39.0,3.0,33.0,5.0,8.0,12.0,48.0,15.0,28.0,22.0,28.0,25.0,,28.0,17.0,5.0,,31.0,,46.0,21.0,,0.0,,8.0,26.0,50.0,,18.0,32.0,,,15.0,43.0,49.0,9.0,29.0,0.0,30.0,17.0,34.0,6.0,13.0,,27.0,46.0,12.0,11.0,40.0,3.0,18.0,35.0,25.0,8.0,25.0,39.0,53.0,25.0,24.0,,,,32.0,53.0,31.0,,39.0,10.0,,29.0,24.0,32.0,47.0,37.0,8.0,29.0,15.0,9.0,31.0,3.0,41.0,38.0,17.0,17.0,45.0,10.0,,27.0,29.0,28.0,,14.0,18.0,6.0,25.0,52.0,,43,44.0,,36.0,12.0,30.0,25.0,39.0,8.0,6.0,38.0,14,,11.0,19.0,26.0,33.0,,52.0,,14,23.0,,39.0,28.0,6.0,40.0,30.0,28.0,55.0,46.0,15.0,15.0,14.0,36.0,51.0,24.0,19.0,30.0,18.0,,14.0,12.0,29.0,,32.0,11.0,27.0,14.0,38.0,,39.0,,,31.0,15.0,20.0,17.0,15.0,33.0,17.0,23.0,18.0,31.0,8.0,33.0,21.0,17.0,29.0,48.0,24.0,6.0,25.0,,29.0,14.0,7.0,,39.0,19.0,10.0,44.0,35.0,34.0,27.0,34.0,19.0,41.0,42.0,14.0,3.0,7.0,5.0,30.0,19.0,19.0,19.0,,16.0,,,19.0,18.0,13.0,7.0,,17.0,36.0,,44.0,22.0,19.0,12.0,16.0,21.0,9.0,,35.0,,53.0,,26.0,18.0,45.0,15.0,31.0,52.0,42.0,19.0,38,46.0,18.0,48.0,40.0,50.0,11.0,52.0,46.0,,51.0,,25.0,9.0,15.0,21.0,,43.0,8.0,10.0,49.0,16.0,53.0,20.0,,48.0,29.0,28.0,,10.0,18.0,28.0,10.0,3.0,,21.0,24.0,18.0,13.0,16.0,,27.0,21.0,1.0,,,32.0,27.0,,39.0,22.0,35.0,13.0,53.0,,28.0,,10.0,,25.0,11.0,20.0,49.0,19.0,23.0,24.0,47.0,30.0,11.0,4.0,16.0,41.0,,11.0,29.0,,,35.0,39.0,51.0,6,35.0,,35,36.0,7.0,12.0,53.0,13.0,48.0,34.0,,11.0,54.0,,11.0,39.0,26.0,49.0,,,19.0,,25.0,24.0,18.0,47.0,28.0,26.0,35.0,14.0,,25.0,16.0,,38.0,,22.0,,17.0,34.0,,30.0,19.0,31.0,14.0,16.0,42.0,27.0,7.0,27.0,33.0,27.0,11.0,30.0,36.0,32.0,31.0,28.0,18.0,19.0,6.0,17.0,5.0,,19.0,16.0,26.0,27.0,22.0,40.0,37.0,6.0,7.0,,26.0,47.0,46.0,,39.0,12.0,,8.0,24.0,6.0,8.0,,5.0,12.0,21.0,,,11.0,45.0,,46.0,15.0,14.0,26.0,32.0,2.0,25.0,33.0,32.0,38.0,,12.0,,35.0,17.0,,1.0,23.0,40.0,,,13.0,,40.0,15.0,33.0,49.0,15.0,5.0,52.0,42.0,,,42.0,32.0,16.0,20.0,16.0,34.0,14.0,21.0,6.0,17.0,36.0,,38.0,56.0,22.0,33.0,31.0,29.0,42.0,,28.0,11.0,11.0,5.0,27.0,17.0,14.0,37.0,9.0,25.0,,25.0,10.0,,56.0,23.0,52.0,,55.0,40.0,24.0,8.0,50.0,,54.0,14.0,37.0,,33.0,29.0,,47.0,11.0,15.0,40.0,11.0,33.0,,12.0,52.0,32.0,13.0,20.0,,23.0,8.0,,,53.0,9.0,42.0,,,28.0,14.0,32.0,,,,28.0,24.0,23.0,17.0,26.0,,24.0,9.0,50.0,1.0,41.0,14.0,50.0,53.0,,12.0,34.0,31.0,,43.0,35.0,,,0.0,15.0,,,43.0,,19.0,29.0,9.0,11.0,,41.0,35.0,,34.0,20.0,,,,,18.0,31.0,22.0,20.0,7.0,,24.0,39.0,0.0,44.0,25.0,33.0,,31.0,,12.0,49.0,,15.0,9.0,20.0,20.0,8.0,16.0,23.0,,54.0,39.0,,34.0,8.0,52.0,23.0,51.0,29.0,,7.0,46.0,34.0,34.0,,6.0,26.0,,14.0,9.0,38.0,11.0,24.0,15.0,15.0,,20.0,38.0,37.0,19.0,20.0,23.0,29.0,,,29.0,,17.0,24.0,36.0,9.0,27.0,,22.0,10.0,27.0,31.0,27.0,,21.0,15.0,53.0,17.0,,42.0,35.0,,25.0,,,37.0,0.0,,9.0,16.0,26.0,15.0,31.0,16.0,27.0,30.0,49.0,,8.0,17.0,35.0,,6.0,,7.0,29.0,29.0,35.0,,48.0,43.0,25.0,43.0,25.0,37.0,16.0,24.0,,19.0,,,41.0,22.0,12.0,16.0,,40.0,34.0,54.0,47.0,15.0,52.0,11.0,38.0,16.0,38.0,32.0,26.0,,19.0,10.0,36.0,41.0,24.0,46.0,18.0,27.0,,45.0,53.0,,9.0,36.0,10.0,14.0,20.0,12.0,23.0,,,7.0,29.0,,45.0,,,18.0,24.0,12.0,39.0,12.0,,,10.0,7.0,4.0,43.0,20.0,21.0,0.0,0.0,11.0,19.0,,19.0,39.0,33.0,28.0,46.0,13.0,44.0,20.0,44.0,,25.0,12.0,,31.0,3.0,44.0,55.0,,33.0,,13.0,,,24.0,11.0,4.0,42.0,13.0,20.0,,27.0,31.0,,,28.0,11.0,,,,,11.0,,,55.0,,53.0,,31.0,16.0,,,,32.0,36.0,,24.0,9.0,52.0,41.0,27.0,,27.0,,31.0,17.0,39.0,11.0,37.0,5.0,,,,0.0,,34.0,,,,47.0,56.0,36.0,18.0,,13.0,53.0,28.0,34.0,43.0,20.0,27.0,28.0,,26.0,30.0,18.0,49.0,,15.0,11.0,17.0,7.0,41.0,50.0,13.0,19.0,32.0,31.0,13.0,30.0,25.0,25.0,0.0,19.0,44.0,,,18.0,,12.0,,32.0,11.0,,20.0,55.0,47.0,24.0,40.0,32.0,28.0,10.0,9.0,30.0,51.0,40.0,30.0,22.0,23.0,22.0,25.0,,42.0,34.0,49.0,35.0,6.0,,34.0,6.0,46.0,,7.0,34.0,50.0,55.0,55.0,25.0,54.0,17.0,25.0,15.0,20.0,41.0,40.0,30.0,46.0,40.0,26.0,,,11.0,44.0,55.0,42.0,30.0,,48.0,42.0,41.0,19.0,28.0,30.0,41.0,38.0,,15.0,20.0,,14.0,31.0,15.0,20.0,52.0,38.0,46.0,31.0,17.0,,18.0,4.0,52.0,20.0,7.0,,,42.0,54.0,10.0,50.0,,23.0,,41.0,,7.0,,29.0,,11.0,24.0,33.0,6.0,15.0,6.0,24.0,22.0,28.0,,48.0,43.0,,32.0,11.0,13.0,33.0,16.0,50.0,11.0,0.0,,26.0,23.0,,,,14.0,10.0,39.0,29.0,8.0,,15.0,,8.0,23.0,9.0,9.0,17.0,12.0,,32.0,,49.0,44.0,49.0,51.0,,4.0,16.0,17.0,32.0,6.0,,,17.0,15.0,23.0,31.0,8.0,27.0,7.0,39.0,29.0,47.0,18.0,27.0,,,45.0,,42.0,18.0,3.0,37.0,27.0,28.0,28.0,36.0,,,24.0,,18.0,,28.0,50.0,20.0,21.0,16.0,53.0,23.0,13.0,13.0,15.0,42.0,13.0,52.0,26.0,29.0,30.0,29.0,49.0,46.0,6.0,30.0,,48.0,39.0,39.0,14.0,26.0,27.0,53.0,23.0,,6.0,18.0,44.0,55.0,,,26.0,30.0,,19.0,48.0,27.0,28.0,35.0,55.0,,,,30.0,17.0,,,49.0,,49.0,14.0,,27.0,31.0,,46.0,26.0,24.0,,,,0.0,18.0,30.0,40.0,17.0,7.0,,26.0,6.0,0.0,39.0,6.0,18.0,,48.0,,16.0,21.0,25.0,,22.0,48.0,14.0,14.0,34.0,20.0,32.0,41.0,27.0,41.0,,24.0,18.0,50.0,9.0,42.0,14.0,,43.0,16.0,26.0,36.0,39.0,26.0,25.0,26.0,16.0,24.0,,,18.0,,21.0,48.0,35.0,46.0,50.0,14.0,43.0,21.0,42.0,15.0,19.0,9.0,,9.0,4.0,43.0,20.0,17.0,37.0,,,,21.0,32.0,54.0,22.0,30.0,,,17.0,27.0,54.0,14.0,40.0,52.0,36.0,,40.0,51.0,37.0,32.0,19.0,,43.0,27.0,21.0,,,,27.0,44.0,49.0,48.0,44.0,32.0,,14.0,,,16.0,,,13.0,35.0,,15.0,,,48.0,,22.0,19.0,,,9.0,48.0,,35.0,17.0,,46.0,,36.0,,47.0,21.0,19.0,24.0,22.0,,8.0,,22.0,21.0,,19.0,28.0,26.0,36.0,47.0,15.0,14.0,8.0,12.0,16.0,6.0,10.0,21.0,,36.0,24.0,,,,16.0,25.0,34.0,,9.0,,14.0,22.0,34.0,,41.0,,14.0,42.0,,53.0,17.0,16.0,,46.0,33.0,45.0,11.0,13.0,25.0,,55.0,42.0,36.0,,50.0,,,,,27.0,29.0,26.0,19.0,,45.0,31.0,48.0,,38.0,21.0,19.0,,4.0,23.0,25.0,26.0,56.0,9.0,26.0,,51.0,17.0,,34.0,20.0,23.0,,54.0,48.0,21.0,21.0,33.0,37.0,49.0,26.0,21.0,,24.0,9.0,26.0,10.0,,24.0,,37.0,,33.0,45.0,,16.0,9.0,13.0,24.0,,31.0,29.0,30.0,12.0,27.0,,50.0,14.0,44.0,40.0,24.0,,42.0,,22.0,55.0,25.0,,,,11.0,,,55.0,24.0,176,3,2.507649513212796,17.716766296612583,-0.37104385912806753
4,1,1,7,6,6,3,9,16,6,2,0,7,5,8,6,5,5,11,7,4,20,3,11,4,10,9,7,3,11,12,11,9,9,14,9,12,12,13,8,15,47.0,15,15,6,8,10,3,10,24,10,19,13,19,33,30,13,10,5,12,15,17,7,18,46.0,7,9,5,10,7,9,14,11,11,11,7,13,5,12,6,19,6,7,13,12,22,11,13,16,12,7,4,43,12,23,18,19,17,13,11,15,20,8,8,17,17,16,19,10,19,20,33.0,16,19,27.0,13,15,18,12,6,14,26,8,14,1,11,13,17.0,18,3,15,15,23.0,13,0,11.0,7,11,8,15,11,12,11,18,31.0,35.0,9,55.0,13,11,2,18,32.0,10,4,5,21,20.0,31,17,21,16,18,17,13,11.0,11,16,20,11,9,14.0,13,4,5,21,19,29.0,13,39.0,24,16,14,23,17,53.0,42.0,15,40,17.0,54.0,0,12,12,12,43,8,16,14.0,23,23,6.0,27,13,18,6,41.0,20,14,9,6,16.0,15,17,17,17,24,27,3,12.0,8.0,9,17,18,18.0,19,6,17,27.0,15,8.0,23.0,18,6,,37,10,17,16.0,39.0,12,10,13,23,21,46.0,13,15,19,13,25,14,9.0,14.0,20,15.0,43.0,18.0,18.0,27,32.0,16,13,22,32.0,31.0,16.0,2.0,20.0,19,11.0,28.0,36.0,24,14,13.0,16,22,18,22.0,43.0,30.0,4,8.0,14,8,10.0,55.0,12,27.0,31.0,12,18,38.0,14,19.0,29.0,,29,7,5.0,15,18,35,14,14,22,15,26,13,25,20,19,9.0,50.0,10,17,10,30.0,12.0,7,24,16,33.0,20,28.0,24,17,22,13,8,21.0,2,14.0,11,17,23.0,23,15,17,22.0,41.0,4,47.0,,29.0,44.0,27.0,15,29.0,4,18,16,14.0,15,54.0,29.0,6,,17.0,27.0,28,8.0,8,17,17,12,20,27,10,19.0,14,,27,14,9,54.0,15,14.0,21,29.0,21,49.0,19,30,7.0,39,34.0,26,47.0,7.0,23,24,,29.0,13.0,4.0,5.0,23,19.0,35.0,17,8.0,26,9,13.0,,39,57.0,4,22.0,24.0,25,24,20,31.0,4,29.0,,21,18.0,9,,25,18,25,21.0,39.0,15,20,18,19.0,35.0,11,17,17.0,15,17.0,,24.0,29.0,30.0,19.0,14.0,28.0,28.0,31.0,19,23,28.0,10.0,15.0,16.0,23.0,14.0,,20.0,17,16,53.0,,11,28.0,0.0,,22.0,25.0,32.0,21,9,,23.0,22.0,17.0,5,52.0,37.0,49.0,12,14,19,27.0,52.0,26.0,9.0,26,20,40.0,26.0,30,13.0,22.0,24,0.0,10.0,22.0,5,9.0,37,21.0,28.0,10.0,19,43.0,19,0.0,14,14,14.0,32.0,,60.0,16,30,19,11.0,16,7.0,4,35,29.0,24,19,24.0,15.0,15,10,57.0,35.0,28.0,30.0,44.0,7.0,19,25.0,18,7,21.0,7.0,15.0,34.0,29.0,59.0,14,18,8.0,12.0,34.0,15.0,12.0,24.0,5,20.0,17,,21.0,16.0,14.0,25,21.0,28,0.0,44.0,4.0,27,,42.0,50.0,22,22,,46.0,34.0,,,26.0,27.0,15.0,49.0,,5.0,25.0,31,26,40.0,7.0,23.0,18,25,10,14,25.0,15.0,19,28,14.0,44.0,16,37.0,9.0,13.0,0,15.0,28.0,,18,29.0,13.0,20.0,,30.0,14.0,19,25.0,17,12.0,25,34,23,50.0,30.0,16.0,41.0,24.0,22.0,55.0,38.0,51.0,22.0,48.0,21,42.0,37.0,16,3.0,58.0,23.0,56.0,17,,7.0,46.0,24,21,12.0,35,26.0,19.0,20.0,21.0,18,15.0,22,18,13.0,18,23.0,16,24.0,32.0,13.0,47,9,21.0,20.0,21,,12,,12,35.0,44.0,35.0,55.0,26.0,8.0,26,18.0,23.0,36.0,45.0,30.0,32.0,15.0,13,19,9.0,18,14,25,18.0,10.0,13.0,21.0,23.0,24.0,24,20.0,23.0,23.0,7,29.0,37.0,,41.0,,31,16.0,18.0,28.0,21.0,37.0,13.0,26.0,36,9.0,45.0,40.0,16.0,13.0,18.0,29.0,18,,13.0,25.0,,22,10,3.0,44.0,30,44.0,25.0,32.0,20,22.0,61.0,15.0,25.0,20,14.0,26.0,16.0,39.0,20.0,22.0,19.0,21.0,13.0,25,39,12.0,26.0,,33.0,12.0,4.0,49.0,30.0,36.0,48.0,18,9,29.0,21,,36.0,11.0,45.0,16,17,34.0,39.0,23.0,16.0,17.0,28.0,,49.0,43.0,12,44.0,,36.0,33.0,5.0,18.0,11,16.0,12.0,33.0,24,54.0,23.0,0.0,25.0,23.0,19.0,17,39.0,34,21.0,23.0,15.0,,41.0,18.0,17.0,13.0,33.0,34.0,32.0,52.0,18.0,14.0,35.0,41.0,20.0,11.0,,17.0,56.0,13,,23.0,24,36.0,,5,7.0,11.0,,21,25,24,31.0,8.0,42.0,8.0,35.0,30.0,7.0,41.0,20.0,21,20.0,26,24.0,39,32,23.0,24,33.0,8.0,,8.0,33,23.0,7.0,14.0,19.0,24.0,52.0,17,17.0,8,8.0,48.0,20.0,12,40.0,5,14,35.0,7.0,15.0,18,,53.0,14,26.0,36.0,49.0,16.0,,22.0,44.0,31.0,22,20.0,26.0,55.0,54.0,30.0,,33.0,30.0,20,39.0,5,12.0,17.0,22.0,25.0,8,10,33.0,8.0,44.0,27.0,60.0,19.0,47.0,15.0,36.0,23,9.0,22.0,7,18,15.0,21.0,25,18.0,24.0,18,26.0,17,36,23,49.0,21.0,28.0,,15.0,44.0,14.0,20.0,39.0,11.0,38.0,29.0,33.0,26.0,24.0,42.0,27.0,18.0,0.0,37.0,,18.0,49.0,22.0,16.0,13.0,42.0,,14.0,16.0,23.0,32.0,9.0,5.0,31.0,,8.0,42.0,30.0,27.0,28.0,14.0,22.0,20.0,,,32.0,0.0,26,14.0,29.0,34.0,23,14.0,22.0,15.0,54.0,44.0,45.0,17.0,21.0,35.0,26.0,26.0,8.0,31.0,22.0,37.0,45.0,33.0,10.0,33.0,36.0,14.0,,,40.0,35.0,0.0,13.0,41.0,17,39.0,,9.0,26,,53.0,17.0,46.0,29.0,13.0,12.0,,24.0,27,32.0,,16.0,11.0,51.0,0.0,14,10,54.0,25.0,7.0,54.0,10.0,43.0,21,13,16.0,35.0,18.0,53.0,23.0,28.0,57.0,25.0,31.0,41.0,15.0,,32.0,9.0,11.0,33.0,36,12.0,33.0,19.0,14.0,28.0,26,60.0,33,9.0,24,27.0,21.0,15.0,,40.0,34.0,17.0,32.0,8.0,25.0,14.0,20.0,26,19.0,36.0,34.0,,18.0,47,20.0,35.0,29.0,23.0,37.0,,40.0,22.0,,27,11,26.0,26.0,2.0,25.0,22.0,25.0,,34.0,16,23.0,38.0,52.0,51.0,51.0,5.0,9.0,15.0,15,20.0,24.0,26.0,21,32,18.0,,58.0,25.0,,18.0,57.0,32.0,29.0,33.0,29.0,20.0,46.0,8.0,37.0,18,25.0,15.0,,13.0,29.0,20,,,22,20.0,20.0,52.0,,50.0,39.0,34.0,21.0,13.0,16.0,17.0,7,24.0,25.0,30.0,16.0,19,41.0,,31.0,8.0,15.0,49.0,19.0,18.0,8.0,16.0,27.0,40.0,29.0,40,30,14.0,27.0,19.0,,35.0,30,23,29.0,,48.0,,36.0,45.0,,22.0,33.0,22.0,49.0,58.0,24.0,56.0,33.0,24,28,24.0,52.0,41.0,5.0,51.0,21,26.0,28.0,,2.0,44.0,39.0,52.0,19.0,19.0,44.0,49.0,,33.0,20.0,39.0,32,21.0,,47,20.0,20.0,34.0,9.0,19.0,38.0,9.0,49.0,11.0,,15.0,17.0,0.0,24.0,44.0,43.0,31.0,,17.0,18.0,14.0,19.0,,13.0,31.0,17.0,59.0,25.0,13.0,26.0,6.0,53.0,,32.0,22.0,18.0,12.0,44.0,25.0,24.0,29.0,44.0,9.0,19.0,36.0,,30.0,55.0,11.0,30.0,,30.0,36.0,33.0,,23.0,17.0,7.0,23.0,38.0,24.0,46,19.0,13.0,60.0,46.0,42.0,7.0,13.0,25.0,10.0,15.0,24.0,26.0,35.0,27.0,40.0,43.0,,12.0,,17.0,42.0,,4.0,9.0,32.0,0.0,16.0,13.0,19.0,61.0,10.0,23.0,17.0,30.0,16.0,56.0,58.0,30.0,42.0,32.0,18.0,31.0,8.0,36.0,13.0,36.0,33,30.0,9.0,,29.0,31.0,37.0,39.0,24.0,56.0,22,17.0,22.0,53.0,51.0,27.0,27.0,23.0,25.0,30.0,49.0,15.0,18.0,51.0,42.0,14.0,,25,28.0,38.0,38.0,26.0,38.0,45.0,5.0,17.0,,,28.0,,32.0,51.0,36.0,29.0,21.0,,24.0,,45.0,50.0,19.0,22.0,41,39,6.0,,28.0,21.0,33.0,36.0,37.0,17.0,44.0,,56.0,35.0,45.0,,41.0,28.0,36.0,23.0,54.0,,40.0,34.0,,,,26.0,56.0,12.0,18.0,14.0,,36.0,45.0,35.0,40.0,,,54.0,,9.0,17.0,17.0,43.0,26.0,,21.0,45.0,19.0,6,30.0,34.0,23.0,23.0,13,39.0,30.0,49.0,55.0,19.0,,24.0,,40,39.0,22.0,29.0,,,1.0,53.0,48,53.0,18.0,25.0,60.0,18,52.0,57.0,21.0,37.0,,17.0,,29.0,3.0,,22.0,20.0,12.0,,52.0,29.0,42.0,,28.0,,20.0,13.0,22.0,29.0,25,,,19.0,45.0,30.0,,8.0,56.0,21.0,32.0,26.0,39.0,2.0,55,22.0,15.0,22.0,45.0,29.0,,43.0,,20.0,35.0,28.0,,53.0,22.0,23.0,28.0,33.0,22.0,28.0,,52.0,43.0,37.0,32.0,43.0,,17.0,47.0,38.0,45.0,14.0,,13.0,,44.0,,,48.0,20.0,1.0,35.0,23.0,8.0,0.0,33.0,24.0,,,22.0,26.0,15.0,46.0,16.0,27.0,49.0,,,59.0,26.0,52.0,28.0,26.0,23.0,42.0,26.0,26.0,37.0,43.0,5.0,30,33.0,55.0,51.0,20.0,29.0,41.0,,,6.0,,42.0,35.0,29.0,7.0,,47.0,22.0,27.0,24.0,56.0,29.0,24.0,3.0,16.0,0.0,25.0,,,20.0,27.0,40.0,24.0,14.0,,,17.0,22.0,33.0,44.0,21.0,22.0,37.0,,15.0,21.0,,34.0,,47.0,53.0,43.0,27.0,,29.0,8.0,43.0,8.0,17.0,16.0,,47.0,,,16.0,,20.0,21.0,21.0,33.0,,42.0,36.0,,38.0,40.0,43.0,,,16.0,28.0,61.0,18.0,,11.0,,32.0,,39.0,15.0,27.0,17.0,,25.0,,38.0,46.0,,17.0,51.0,16.0,45.0,20.0,,,19.0,25.0,18.0,22.0,24.0,31.0,22.0,13.0,32.0,53.0,29.0,13.0,23.0,,26.0,,27.0,19.0,20.0,18.0,38.0,,55.0,,20,47.0,42.0,37.0,25.0,45.0,25.0,20.0,21.0,33.0,19.0,28,54.0,0.0,26.0,52.0,29.0,35.0,0.0,38.0,22,,14.0,28.0,23.0,8.0,48.0,25.0,,,31.0,39.0,21.0,31.0,43.0,48.0,54.0,24.0,22.0,14.0,20.0,33.0,20.0,13.0,43.0,21.0,30.0,30.0,27.0,25.0,54.0,0.0,26.0,,11.0,51.0,52.0,,,34.0,,54.0,38.0,48.0,27.0,50.0,31.0,15.0,40.0,26.0,37.0,43.0,,32.0,,40.0,12.0,,26.0,9.0,,33.0,28.0,,,,,48.0,28.0,58.0,37.0,17.0,37.0,,9.0,19.0,7.0,7.0,47.0,54.0,9.0,31.0,15.0,41.0,39.0,20.0,46.0,4.0,,16.0,16.0,42.0,12.0,57.0,54.0,18.0,17.0,42.0,15.0,41.0,25.0,6.0,17.0,39.0,59.0,30.0,41.0,32.0,27.0,38,16.0,,20.0,41.0,18.0,60.0,38.0,,,,19.0,27.0,32.0,12.0,30.0,43.0,40.0,23.0,7.0,60.0,36.0,55.0,23.0,29.0,48.0,32.0,20.0,18.0,36.0,,24.0,19.0,19.0,21.0,17.0,31.0,61.0,31.0,55.0,48.0,37.0,41.0,10.0,48.0,28.0,18.0,21.0,13.0,36.0,29.0,47.0,16.0,37.0,12.0,12.0,26.0,51.0,31.0,36.0,15.0,43.0,31.0,27.0,24.0,28.0,31.0,,21.0,41.0,4.0,22.0,43.0,,15.0,57.0,19.0,,27.0,,13,12.0,11.0,44,31.0,28.0,0.0,20.0,43.0,,52.0,26.0,29.0,,28.0,29.0,21.0,38.0,,,57.0,39.0,42.0,41.0,33.0,,29.0,5.0,18.0,,25.0,42.0,7.0,,,18.0,35.0,16.0,22.0,38.0,,8.0,52.0,20.0,28.0,,9.0,,,49.0,34.0,30.0,26.0,42.0,26.0,,29.0,24.0,33.0,30.0,44.0,53.0,26.0,7.0,15.0,33.0,21.0,31.0,9.0,46.0,32.0,,41.0,,54.0,19.0,27.0,35.0,30.0,20.0,11.0,20.0,58.0,17.0,,,36.0,17.0,,10.0,32.0,55.0,30.0,21.0,41.0,34.0,,34.0,60.0,34.0,28.0,59.0,27.0,18.0,19.0,,18.0,53.0,25.0,15.0,44.0,18.0,,40.0,15.0,34.0,34.0,,42.0,15.0,,,30.0,12.0,21.0,27.0,27.0,,7.0,44.0,22.0,30.0,24.0,40.0,12.0,14.0,17.0,23.0,25.0,34.0,,5.0,19.0,,10.0,32.0,61.0,25.0,6.0,,10.0,,,14.0,6.0,25.0,7.0,,,24.0,45.0,32.0,,30.0,,39.0,,13.0,38.0,47.0,45.0,21.0,61.0,36.0,,51.0,27.0,53.0,41.0,29.0,15.0,37.0,,19.0,5.0,35.0,22.0,45.0,36.0,29.0,14.0,,52.0,,34.0,33.0,55.0,21.0,43.0,,14.0,19.0,,28.0,61.0,60.0,,38.0,,,13.0,,,39.0,32.0,57.0,47.0,28.0,51.0,,,30.0,24.0,,26.0,26.0,28.0,19.0,26.0,25.0,,21.0,,59.0,34.0,26.0,,,9.0,6.0,61.0,37.0,45.0,35.0,6.0,40.0,35.0,29.0,23.0,18.0,23.0,34.0,35.0,30.0,,17.0,14.0,19.0,54.0,47.0,44.0,,22.0,11.0,42.0,7.0,61.0,52.0,30.0,19.0,,15.0,26.0,,,51.0,32.0,22.0,40.0,33.0,45.0,44.0,18.0,52.0,,58.0,19.0,49.0,,42.0,,12.0,27.0,47.0,,20.0,26.0,32.0,38.0,50.0,,29.0,10.0,,29.0,44.0,38.0,31.0,49.0,26.0,20.0,,7.0,14.0,33.0,38.0,7.0,50.0,52.0,9.0,30.0,12.0,33.0,39.0,,22.0,8.0,32.0,41.0,30.0,61.0,15.0,42.0,,43.0,26.0,35.0,44.0,,28.0,26.0,43.0,19.0,16.0,13.0,16.0,,,,9.0,,,47.0,,58.0,4.0,,39.0,,60.0,,58.0,15.0,,41.0,29.0,14.0,39.0,12.0,57.0,35.0,26.0,,,,35.0,33.0,27.0,19.0,26.0,4.0,13.0,46.0,,10.0,,49.0,56.0,37.0,31.0,31.0,24.0,57.0,43.0,28.0,33.0,,22.0,,44.0,50.0,20.0,22.0,30.0,,,21.0,23.0,56.0,27.0,41.0,11.0,40.0,36.0,,61.0,49.0,36.0,35.0,,25.0,,23.0,,19.0,59.0,10.0,,,18.0,38.0,,37.0,57.0,23.0,21.0,60.0,,,29.0,0.0,46.0,33.0,42.0,28.0,,,37.0,44.0,23.0,,49.0,34.0,,52.0,,18.0,,31.0,17.0,32.0,46.0,8.0,59.0,23.0,8.0,53.0,52.0,27.0,21.0,30.0,7.0,35.0,26.0,,10.0,20.0,25.0,29.0,,41.0,,20.0,38.0,,0.0,25.0,11.0,54.0,21.0,32.0,24.0,28.0,16.0,,,29.0,36.0,51.0,,28.0,,38.0,51.0,40.0,,,30.0,,49.0,,17.0,,41.0,,28.0,13.0,29.0,39.0,,17.0,5.0,55.0,33.0,61.0,52.0,59.0,,24.0,17.0,,55.0,26.0,56.0,9.0,9.0,,28.0,33.0,37.0,14.0,60.0,46.0,43.0,,46.0,11.0,48.0,,27.0,,29.0,40.0,,,,38.0,16.0,29.0,,17.0,29.0,38.0,27.0,41.0,35.0,35.0,,17.0,,45.0,,14.0,17.0,58.0,0.0,47.0,,,26.0,,37.0,41.0,38.0,42.0,32.0,38.0,43.0,25.0,46.0,9.0,37.0,23.0,48.0,37.0,18.0,42.0,31.0,34.0,0.0,30.0,32.0,38.0,21.0,,29.0,,27.0,,48.0,,15.0,,,23.0,47.0,14.0,,39.0,,15.0,32.0,0.0,15.0,53.0,19.0,20.0,20.0,54.0,39.0,0.0,,14.0,19.0,19.0,,30.0,31.0,,60.0,29.0,15.0,36.0,,42.0,16.0,30.0,,,,60.0,,15.0,24.0,56.0,20.0,42.0,14.0,28.0,60.0,,24.0,20.0,50.0,0.0,,,23.0,58.0,42.0,,,19.0,48.0,55.0,45.0,50.0,34.0,,37.0,24.0,,20.0,35.0,59.0,44.0,13.0,,24.0,28.0,,26.0,10.0,27.0,30.0,45.0,34.0,,39.0,45.0,,,,28.0,,,21.0,25.0,61.0,32.0,28.0,16.0,,5.0,18.0,7.0,,25.0,17.0,36.0,61.0,55.0,56.0,47.0,40.0,38.0,18.0,6.0,,11.0,,61.0,17.0,27.0,29.0,20.0,50.0,26.0,,,,25.0,21.0,,,,18.0,27.0,15.0,,,23.0,,,11.0,59.0,47.0,53.0,21.0,39.0,49.0,59.0,49.0,37.0,29.0,29.0,,35.0,,52.0,27.0,,17.0,39.0,6.0,,,,,29.0,,,42.0,23.0,36.0,51.0,,19.0,,46.0,,,17.0,27.0,8.0,43.0,,20.0,29.0,26.0,42.0,,26.0,10.0,,41.0,32.0,,,,38.0,,28.0,50.0,8.0,,,,45.0,,,20.0,30.0,34.0,24.0,19.0,55.0,29.0,,32.0,24.0,58.0,22.0,50.0,57.0,,29.0,61.0,8.0,59.0,4.0,27.0,23.0,51.0,61.0,31.0,,14.0,48.0,54.0,17.0,18.0,46.0,,18.0,,16.0,,61.0,,48.0,38.0,22.0,5.0,6.0,26.0,11.0,29.0,48.0,6.0,14.0,12.0,49.0,36.0,48.0,20.0,29.0,61.0,,,35.0,56.0,18.0,,32.0,14.0,14.0,5.0,24.0,,19.0,40.0,34.0,48.0,36.0,,22.0,38.0,,52.0,35.0,,48.0,,53.0,,42.0,13.0,21.0,22.0,32.0,59.0,22.0,17.0,59.0,31.0,15.0,31.0,8.0,61.0,30.0,,40.0,17.0,30.0,47.0,54.0,43.0,,37.0,,19.0,13.0,15.0,61.0,,41.0,34.0,,,,,20.0,23.0,,,,,43.0,56.0,32.0,52.0,8.0,11.0,20.0,54.0,26.0,,,43.0,,48.0,37.0,54.0,14.0,53.0,,43.0,14.0,26.0,39.0,28.0,,40.0,17.0,28.0,,57.0,46.0,34.0,12.0,17.0,9.0,10.0,38.0,,37.0,34.0,23.0,49.0,20.0,23.0,56.0,59.0,45.0,47.0,7.0,,15.0,43.0,42.0,13.0,38.0,,,23.0,41.0,41.0,45.0,25.0,,24.0,11.0,5.0,51.0,35.0,42.0,41.0,,34.0,15.0,14.0,47.0,,17.0,32.0,19.0,18.0,,27.0,44.0,11.0,20.0,,37.0,46.0,10.0,,,31.0,29.0,52.0,19.0,13.0,0.0,61.0,14.0,61.0,,15.0,,,29.0,24.0,,,21.0,,6.0,16.0,22.0,50.0,,25.0,17.0,50.0,25.0,20.0,25.0,38.0,17.0,,0.0,,37.0,25.0,50.0,8.0,,,20.0,34.0,17.0,50.0,,58.0,12.0,177,3,2.488243430152144,18.887510816267667,-0.3338743130284619
5,6,6,13,3,9,10,15,5,7,7,10,11,5,14,6,10,11,21,17,7,13,12,11,9,19,10,6,8,10,12,8,14,14,10,15,14,15,16,9,16,20.0,9,14,13,9,22,13,11,16,14,12,11,12,19,7,8,16,3,12,0,23,17,11,52.0,13,14,9,12,10,22,12,15,7,8,8,13,20,15,9,16,13,10,14,14,13,13,15,19,18,14,20,15,12,14,16,16,14,20,21,12,23,16,16,14,19,15,22,10,17,24,30.0,15,15,18.0,25,16,21,8,31,10,11,14,14,14,14,18,0.0,15,13,11,16,32.0,14,20,18.0,20,15,12,18,8,15,8,8,35.0,20.0,12,26.0,20,17,11,20,26.0,14,23,31,15,22.0,16,22,22,18,18,12,18,52.0,16,24,17,14,18,16.0,10,23,16,31,19,17.0,16,2.0,17,18,11,12,27,,43.0,25,19,34.0,25.0,14,28,24,21,20,15,15,14.0,17,38,53.0,19,15,14,21,15.0,21,14,30,19,14.0,13,20,6,18,12,18,18,12.0,10.0,18,25,17,26.0,25,21,13,,14,15.0,25.0,17,22,36.0,49,28,16,17.0,,11,9,11,16,32,19.0,15,17,19,19,19,19,34.0,18.0,19,31.0,25.0,55.0,21.0,16,20.0,8,21,21,35.0,0.0,13.0,,17.0,16,21.0,41.0,26.0,7,36,32.0,15,20,17,27.0,46.0,37.0,17,56.0,11,17,16.0,44.0,21,15.0,31.0,17,23,6.0,20,26.0,36.0,,21,14,22.0,32,17,16,28,23,7,3,27,18,11,21,13,16.0,19.0,25,16,17,36.0,29.0,8,31,16,25.0,31,29.0,10,6,22,9,16,24.0,12,23.0,20,31,40.0,12,2,11,30.0,36.0,8,34.0,17.0,10.0,25.0,30.0,18,26.0,24,19,15,27.0,16,42.0,32.0,11,32.0,20.0,12.0,17,56.0,14,17,21,21,13,26,13,13.0,20,36.0,17,24,24,53.0,19,17.0,23,18.0,16,25.0,5,18,16.0,20,26.0,26,31.0,32.0,27,19,21.0,25.0,15.0,15.0,29.0,19,11.0,14.0,24,51.0,12,13,32.0,,20,27.0,0,22.0,,26,44,19,19.0,26,11.0,35.0,15,,13,55.0,18,4,13,29.0,48.0,0,23,16,22.0,15.0,0,34,4.0,9,21.0,39.0,9.0,,22.0,11.0,29.0,12.0,,33.0,21,17,26.0,25.0,,33.0,22.0,,17.0,17.0,31,16,50.0,,27,,38.0,,0.0,41.0,34.0,23,27,,23.0,22.0,31.0,25,49.0,25.0,35.0,20,8,23,24.0,19.0,37.0,14.0,17,33,19.0,35.0,14,47.0,37.0,2,58.0,,,38,33.0,22,30.0,28.0,12.0,12,16.0,34,44.0,20,19,15.0,28.0,,32.0,24,26,11,36.0,13,35.0,30,23,21.0,21,27,48.0,22.0,21,6,17.0,47.0,31.0,15.0,9.0,41.0,5,28.0,18,23,28.0,8.0,34.0,28.0,13.0,11.0,16,40,12.0,13.0,46.0,32.0,14.0,32.0,26,24.0,8,49.0,19.0,7.0,11.0,21,19.0,18,17.0,,36.0,33,26.0,44.0,45.0,25,37,41.0,23.0,15.0,30.0,16.0,24.0,,62.0,15.0,,30.0,27.0,29,19,23.0,8.0,44.0,16,25,16,21,38.0,30.0,18,14,9.0,55.0,18,54.0,46.0,22.0,13,,33.0,,37,31.0,17.0,36.0,43.0,21.0,45.0,19,35.0,15,23.0,22,25,19,40.0,20.0,20.0,55.0,15.0,24.0,9.0,32.0,6.0,48.0,27.0,22,21.0,40.0,42,25.0,,18.0,11.0,20,14.0,23.0,43.0,17,19,15.0,15,30.0,18.0,10.0,32.0,11,27.0,20,7,34.0,32,17.0,16,20.0,11.0,36.0,24,13,50.0,28.0,42,15.0,9,,17,58.0,28.0,41.0,,27.0,21.0,14,,17.0,48.0,23.0,22.0,,19.0,13,11,42.0,17,18,23,40.0,19.0,21.0,32.0,,15.0,31,29.0,37.0,23.0,16,38.0,37.0,22.0,38.0,19.0,19,36.0,25.0,20.0,,20.0,18.0,19.0,55,37.0,20.0,9.0,12.0,23.0,22.0,0.0,32,56.0,33.0,28.0,17.0,21,14,10.0,41.0,15,,,24.0,26,21.0,17.0,30.0,22.0,15,18.0,,20.0,,44.0,25.0,52.0,40.0,34.0,21,27,20.0,34.0,19.0,18.0,28.0,25.0,15.0,59.0,,37.0,27,13,37.0,30,20.0,37.0,20.0,15.0,27,16,28.0,24.0,22.0,30.0,21.0,62.0,43.0,48.0,,8,37.0,,17.0,29.0,33.0,43.0,22,28.0,16.0,18.0,19,36.0,44.0,36.0,51.0,20.0,25.0,43,20.0,36,28.0,1.0,20.0,33.0,24.0,41.0,37.0,22.0,21.0,16.0,,40.0,28.0,17.0,46.0,16.0,19.0,50.0,7.0,50.0,16.0,25,18.0,48.0,22,12.0,19.0,14,18.0,13.0,24.0,18,18,17,35.0,21.0,57.0,36.0,49.0,58.0,8.0,34.0,23.0,28,29.0,25,0.0,6,21,4.0,13,37.0,,22.0,22.0,24,11.0,8.0,,22.0,,21.0,12,16.0,24,45.0,34.0,,37,28.0,16,10,35.0,42.0,16.0,22,9.0,19.0,30,24.0,23.0,25.0,17.0,18.0,30.0,19.0,20.0,15,13.0,22.0,16.0,51.0,41.0,,27.0,62.0,19,27.0,37,38.0,31.0,36.0,23.0,21,11,16.0,9.0,,39.0,44.0,41.0,26.0,17.0,48.0,38,36.0,18.0,41,28,33.0,14.0,19,44.0,43.0,8,42.0,29,14,22,17.0,26.0,23.0,16.0,30.0,29.0,,0.0,31.0,45.0,27.0,51.0,25.0,31.0,47.0,,33.0,0.0,62.0,22.0,,10.0,33.0,18.0,35.0,56.0,,25.0,24.0,34.0,10.0,23.0,16.0,28.0,24.0,23.0,32.0,24.0,46.0,26.0,50.0,17.0,42.0,25.0,59.0,19.0,37.0,33.0,21,30.0,30.0,21.0,29,39.0,42.0,,25.0,54.0,22.0,16.0,38.0,32.0,33.0,47.0,,20.0,,46.0,,40.0,25.0,20.0,,24.0,,6.0,34.0,18.0,35.0,29.0,44.0,30,18.0,35.0,56.0,22,35.0,13.0,8.0,21.0,,45.0,53.0,30.0,,13,22.0,56.0,10.0,24.0,46.0,34.0,32,18,30.0,57.0,36.0,10.0,24.0,22.0,16,30,12.0,37.0,22.0,17.0,46.0,18.0,48.0,17.0,41.0,,29.0,18.0,21.0,40.0,21.0,19.0,14,19.0,41.0,36.0,13.0,31.0,16,14.0,17,32.0,28,26.0,27.0,27.0,,22.0,35.0,37.0,34.0,31.0,24.0,22.0,23.0,24,26.0,31.0,15.0,15.0,60.0,56,17.0,23.0,17.0,46.0,29.0,35.0,50.0,38.0,11.0,20,14,46.0,18.0,29.0,13.0,14.0,51.0,39.0,8.0,21,13.0,27.0,41.0,36.0,38.0,20.0,15.0,17.0,11,42.0,43.0,24.0,21,25,17.0,14.0,36.0,18.0,,30.0,36.0,17.0,51.0,52.0,,17.0,17.0,28.0,24.0,19,23.0,26.0,23.0,31.0,10.0,27,,19.0,25,,29.0,23.0,36.0,,49.0,35.0,29.0,30.0,,,20,31.0,36.0,,,10,24.0,26.0,21.0,12.0,22.0,30.0,44.0,21.0,30.0,35.0,39.0,19.0,38.0,28,0,16.0,31.0,25.0,,48.0,32,59,42.0,24.0,38.0,19.0,15.0,16.0,16.0,,22.0,25.0,31.0,48.0,,20.0,12.0,24,29,35.0,16.0,,32.0,,21,26.0,35.0,28.0,46.0,17.0,50.0,34.0,,26.0,,56.0,37.0,34.0,10.0,56.0,24,30.0,59.0,48,27.0,,62.0,26.0,51.0,,5.0,37.0,,42.0,21.0,28.0,12.0,,,34.0,21.0,39.0,19.0,47.0,21.0,53.0,45.0,24.0,40.0,24.0,11.0,23.0,30.0,,19.0,,28.0,20.0,31.0,52.0,25.0,48.0,14.0,21.0,,9.0,16.0,,29.0,14.0,32.0,45.0,37.0,30.0,18.0,33.0,60.0,,23.0,35.0,21.0,,40.0,22.0,41.0,47,39.0,40.0,15.0,25.0,49.0,,35.0,25.0,36.0,37.0,19.0,36.0,45.0,20.0,40.0,28.0,30.0,13.0,36.0,14.0,40.0,20.0,52.0,29.0,33.0,26.0,44.0,9.0,51.0,54.0,44.0,42.0,9.0,29.0,38.0,20.0,14.0,23.0,,32.0,28.0,16.0,58.0,16.0,,,11,47.0,46.0,60.0,,33.0,27.0,14.0,31.0,40.0,17,19.0,0.0,50.0,33.0,31.0,34.0,22.0,32.0,18.0,40.0,,,44.0,43.0,41.0,58.0,11,37.0,16.0,22.0,32.0,16.0,,38.0,33.0,11.0,42.0,37.0,18.0,23.0,44.0,37.0,25.0,,20.0,31.0,33.0,21.0,44.0,18.0,21.0,16,23,21.0,34.0,44.0,24.0,38.0,30.0,34.0,21.0,37.0,7.0,,48.0,23.0,49.0,37.0,31.0,,,,32.0,16.0,,33.0,27.0,8.0,27.0,,25.0,47.0,39.0,20.0,55.0,21.0,,,,20.0,36.0,17.0,26.0,12.0,,58.0,29.0,,24.0,45.0,36.0,23,15.0,36.0,23.0,31.0,34,24.0,34.0,19.0,35.0,10.0,26.0,17.0,,19,28.0,31.0,9.0,48.0,13.0,57.0,,55,,14.0,31.0,26.0,32,61.0,18.0,50.0,23.0,,19.0,7.0,19.0,21.0,17.0,21.0,59.0,18.0,40.0,37.0,18.0,19.0,15.0,,,52.0,52.0,56.0,45.0,44,,30.0,18.0,37.0,38.0,9.0,48.0,19.0,,24.0,30.0,54.0,11.0,17,16.0,53.0,30.0,54.0,33.0,25.0,60.0,20.0,25.0,24.0,25.0,58.0,,0.0,22.0,30.0,25.0,,50.0,35.0,17.0,,20.0,39.0,49.0,0.0,29.0,26.0,43.0,29.0,31.0,45.0,40.0,8.0,7.0,,31.0,41.0,21.0,21.0,36.0,27.0,12.0,,34.0,19.0,49.0,29.0,43.0,38.0,40.0,60.0,25.0,56.0,28.0,44.0,16.0,33.0,,34.0,38.0,11.0,35.0,24.0,39.0,36.0,,34.0,,28,19.0,,12.0,24.0,,31.0,22.0,44.0,22.0,19.0,57.0,58.0,62.0,60.0,27.0,34.0,17.0,46.0,42.0,46.0,37.0,,33.0,32.0,32.0,,23.0,45.0,39.0,22.0,22.0,45.0,,49.0,56.0,37.0,30.0,37.0,41.0,,24.0,0.0,,37.0,0.0,43.0,21.0,35.0,33.0,50.0,,,14.0,21.0,31.0,34.0,51.0,52.0,31.0,17.0,23.0,,39.0,30.0,32.0,44.0,23.0,28.0,16.0,46.0,27.0,,15.0,17.0,29.0,25.0,31.0,42.0,26.0,17.0,54.0,51.0,11.0,23.0,18.0,34.0,,23.0,,31.0,50.0,27.0,37.0,58.0,,17.0,26.0,13.0,,18.0,21.0,19.0,,53.0,,18.0,12.0,39.0,35.0,32.0,44.0,,57.0,24.0,31.0,37.0,15.0,33.0,42.0,18.0,50.0,19.0,33.0,,56.0,13.0,,18.0,15,29.0,6.0,41.0,38.0,20.0,21.0,38.0,26.0,31.0,34.0,29,55.0,,13.0,25.0,8.0,32.0,28.0,51.0,16,50.0,60.0,18.0,29.0,15.0,37.0,32.0,39.0,0.0,,18.0,21.0,21.0,,53.0,18.0,,18.0,33.0,22.0,58.0,48.0,,,28.0,,,37.0,16.0,,59.0,45.0,32.0,53.0,28.0,44.0,34.0,14.0,45.0,,7.0,23.0,10.0,0.0,43.0,,37.0,,34.0,44.0,12.0,28.0,33.0,25.0,,33.0,47.0,,18.0,20.0,21.0,30.0,25.0,20.0,61.0,46.0,53.0,25.0,31.0,38.0,20.0,22.0,,48.0,,,24.0,34.0,4.0,62.0,,,11.0,26.0,39.0,,7.0,34.0,16.0,50.0,36.0,44.0,,34.0,14.0,31.0,21.0,10.0,18.0,,,36.0,28.0,36.0,33.0,13.0,48.0,33.0,22,62.0,20.0,42.0,0.0,40.0,53.0,,58.0,,40.0,45.0,34.0,61.0,22.0,53.0,11.0,45.0,9.0,17.0,57.0,,,,,39.0,24.0,28.0,30.0,46.0,,10.0,30.0,31.0,13.0,40.0,31.0,11.0,,41.0,,30.0,21.0,17.0,26.0,,37.0,32.0,45.0,49.0,28.0,44.0,45.0,9.0,,17.0,53.0,39.0,,37.0,34.0,27.0,9.0,44.0,50.0,50.0,,,29.0,18.0,8.0,,36.0,33.0,,7.0,24.0,15.0,61.0,34.0,19,13.0,17.0,23,49.0,,,34.0,36.0,33.0,32.0,0.0,14.0,,60.0,,28.0,21.0,53.0,38.0,30.0,,33.0,,38.0,22.0,,41.0,47.0,19.0,23.0,21.0,,38.0,24.0,,49.0,2.0,,43.0,23.0,40.0,45.0,,24.0,34.0,36.0,47.0,50.0,42.0,31.0,38.0,25.0,29.0,32.0,38.0,30.0,11.0,27.0,25.0,22.0,33.0,31.0,37.0,10.0,16.0,28.0,25.0,24.0,32.0,18.0,21.0,41.0,7.0,18.0,35.0,29.0,47.0,,21.0,11.0,16.0,33.0,,26.0,21.0,,22.0,,25.0,,,22.0,36.0,55.0,20.0,,,38.0,46.0,43.0,23.0,36.0,55.0,45.0,38.0,,58.0,,,26.0,19.0,,62.0,16.0,25.0,24.0,35.0,,35.0,36.0,21.0,26.0,58.0,23.0,28.0,45.0,41.0,18.0,26.0,43.0,,18.0,26.0,24.0,23.0,31.0,17.0,35.0,,12.0,,0.0,17.0,23.0,15.0,,13.0,,19.0,22.0,49.0,4.0,13.0,,46.0,11.0,31.0,37.0,58.0,18.0,16.0,59.0,30.0,,27.0,,,,43.0,46.0,14.0,,,39.0,20.0,0.0,61.0,,,52.0,47.0,31.0,50.0,45.0,35.0,50.0,,21.0,24.0,22.0,,,11.0,22.0,41.0,34.0,18.0,19.0,,,,4.0,36.0,53.0,,43.0,45.0,,49.0,27.0,35.0,21.0,33.0,23.0,21.0,40.0,42.0,23.0,,54.0,,17.0,39.0,,33.0,32.0,52.0,,34.0,23.0,17.0,29.0,54.0,42.0,50.0,46.0,24.0,44.0,19.0,18.0,,36.0,,33.0,30.0,41.0,,11.0,33.0,31.0,56.0,40.0,22.0,10.0,37.0,23.0,43.0,19.0,,,15.0,12.0,17.0,12.0,44.0,36.0,7.0,37.0,29.0,54.0,47.0,9.0,23.0,59.0,35.0,32.0,,32.0,42.0,51.0,33.0,32.0,15.0,45.0,62.0,0.0,22.0,55.0,,48.0,37.0,42.0,60.0,40.0,24.0,25.0,46.0,28.0,47.0,26.0,21.0,42.0,23.0,26.0,35.0,,18.0,,16.0,16.0,56.0,45.0,0.0,,15.0,19.0,45.0,35.0,7.0,19.0,25.0,33.0,,51.0,46.0,26.0,50.0,20.0,27.0,50.0,47.0,18.0,,61.0,17.0,54.0,28.0,,53.0,25.0,,,51.0,34.0,30.0,19.0,,33.0,25.0,14.0,45.0,35.0,9.0,58.0,,22.0,15.0,,60.0,11.0,16.0,35.0,,48.0,7.0,12.0,9.0,,56.0,,41.0,49.0,43.0,,,38.0,52.0,57.0,60.0,27.0,49.0,33.0,,41.0,37.0,34.0,7.0,,,32.0,30.0,9.0,20.0,33.0,9.0,14.0,,46.0,43.0,38.0,,26.0,26.0,24.0,19.0,57.0,40.0,,45.0,54.0,13.0,47.0,53.0,33.0,0.0,,51.0,18.0,26.0,,,28.0,,47.0,39.0,0.0,28.0,,,39.0,,56.0,20.0,4.0,47.0,33.0,33.0,21.0,,48.0,,26.0,55.0,61.0,30.0,37.0,,32.0,14.0,16.0,23.0,14.0,27.0,18.0,43.0,32.0,25.0,38.0,8.0,,18.0,16.0,38.0,33.0,23.0,49.0,50.0,52.0,17.0,32.0,62.0,45.0,,,19.0,,34.0,33.0,29.0,15.0,56.0,14.0,28.0,56.0,56.0,,,33.0,46.0,20.0,12.0,,39.0,,55.0,28.0,21.0,,31.0,,16.0,24.0,12.0,,,32.0,38.0,13.0,47.0,57.0,32.0,19.0,18.0,18.0,,19.0,,,,43.0,,38.0,33.0,,,16.0,,22.0,,61.0,,19.0,43.0,53.0,14.0,45.0,31.0,,17.0,31.0,,25.0,53.0,,35.0,41.0,48.0,48.0,,,29.0,27.0,18.0,9.0,33.0,28.0,17.0,26.0,,49.0,59.0,16.0,,29.0,13.0,56.0,16.0,,50.0,46.0,41.0,40.0,37.0,29.0,,36.0,,39.0,54.0,,24.0,17.0,39.0,45.0,5.0,33.0,21.0,42.0,30.0,,46.0,52.0,,,24.0,33.0,,,17.0,40.0,41.0,21.0,11.0,42.0,,52.0,62.0,19.0,21.0,37.0,20.0,14.0,30.0,,27.0,42.0,25.0,28.0,25.0,,31.0,,28.0,,,37.0,28.0,,,13.0,,,26.0,22.0,,31.0,62.0,,25.0,,,,11.0,,19.0,30.0,,15.0,,,22.0,9.0,19.0,,26.0,27.0,39.0,49.0,,58.0,20.0,40.0,26.0,20.0,51.0,16.0,27.0,30.0,26.0,30.0,39.0,48.0,,42.0,36.0,,10.0,35.0,60.0,,51.0,13.0,53.0,22.0,49.0,23.0,50.0,,42.0,11.0,33.0,17.0,53.0,33.0,25.0,41.0,55.0,,,,,40.0,34.0,33.0,,,,,32.0,25.0,16.0,35.0,15.0,41.0,18.0,34.0,41.0,,19.0,23.0,32.0,33.0,47.0,,23.0,46.0,,19.0,29.0,27.0,,29.0,46.0,20.0,,35.0,17.0,37.0,23.0,47.0,7.0,,36.0,33.0,48.0,26.0,42.0,44.0,,24.0,42.0,,61.0,24.0,,38.0,41.0,22.0,20.0,53.0,,21.0,,38.0,,31.0,29.0,32.0,25.0,12.0,22.0,32.0,58.0,,26.0,19.0,50.0,19.0,59.0,59.0,48.0,,38.0,36.0,33.0,,14.0,61.0,,,,18.0,,41.0,36.0,15.0,36.0,,,,,34.0,,,,,62.0,,,9.0,33.0,,60.0,22.0,22.0,13.0,30.0,57.0,,,16.0,54.0,29.0,,,,31.0,,32.0,43.0,10.0,38.0,25.0,30.0,,,31.0,18.0,44.0,,19.0,42.0,,22.0,29.0,42.0,,,10.0,29.0,19.0,33.0,59.0,46.0,,36.0,,23.0,55.0,43.0,,,15.0,20.0,34.0,,36.0,22.0,13.0,35.0,22.0,10.0,,38.0,,,26.0,,13.0,12.0,18.0,45.0,20.0,18.0,10.0,12.0,22.0,17.0,,,37.0,51.0,47.0,29.0,49.0,55.0,26.0,51.0,23.0,52.0,27.0,23.0,,25.0,,26.0,40.0,,8.0,16.0,41.0,,51.0,25.0,35.0,26.0,31.0,0.0,,17.0,37.0,35.0,30.0,17.0,21.0,18.0,35.0,22.0,0.0,54.0,,,,29.0,26.0,44.0,0.0,13.0,56.0,19.0,35.0,,36.0,16.0,33.0,44.0,24.0,,,,35.0,31.0,17.0,27.0,52.0,45.0,33.0,47.0,59.0,34.0,13.0,,59.0,36.0,,,22.0,,43.0,30.0,,,22.0,15.0,41.0,42.0,44.0,,31.0,,13.0,19.0,13.0,,,61.0,37.0,57.0,38.0,27.0,22.0,48.0,52.0,52.0,37.0,24.0,19.0,51.0,31.0,26.0,43.0,49.0,,50.0,20.0,35.0,40.0,27.0,27.0,19.0,40.0,16.0,37.0,40.0,,26.0,,22.0,58.0,32.0,13.0,,22.0,14.0,30.0,26.0,25.0,,49.0,,,52.0,,24.0,27.0,13.0,34.0,18.0,29.0,24.0,30.0,26.0,,,26.0,19.0,,22.0,18.0,34.0,50.0,17.0,18.0,,59.0,14.0,54.0,18.0,,50.0,28.0,43.0,58.0,20.0,6.0,,,17.0,25.0,,50.0,,35.0,,23.0,60.0,21.0,,,22.0,61.0,22.0,46.0,39.0,,29.0,178,3,2.386363636363636,18.00512674451723,-0.3336805334285258
2,2,4,3,6,6,7,7,7,5,3,0,7,7,1,8,9,0,5,12,11,20,10,7,11,8,8,5,5,10,8,8,6,5,13,3,12,9,9,7,12,42.0,19,10,5,13,8,9,12,12,4,19,12,17,10,8,13,8,3,5,15,7,18,18,,6,14,6,4,5,12,9,13,7,20,12,14,13,19,3,20,11,8,9,12,10,11,8,16,21,18,12,16,6,20,10,6,19,9,0,21,10,10,8,8,13,6,16,11,8,14,,10,13,21.0,15,13,18,9,29,18,18,10,12,4,14,11,24.0,23,4,18,12,18.0,0,13,10.0,12,23,8,18,5,9,12,4,45.0,19.0,15,13.0,15,20,10,13,9.0,9,7,12,13,38.0,7,14,22,11,7,13,13,24.0,21,11,13,28,8,16.0,10,11,9,20,19,30.0,10,21.0,18,12,10,16,28,,44.0,22,10,6.0,29.0,12,15,11,19,21,16,15,6.0,28,9,14.0,18,11,13,8,33.0,20,8,15,13,8.0,25,9,16,11,16,20,15,13.0,19.0,19,10,21,28.0,11,13,10,48.0,19,8.0,8.0,14,10,20.0,20,16,15,42.0,14.0,28,14,19,14,17,41.0,36,8,6,10,14,19,33.0,11.0,18,1.0,33.0,25.0,27.0,10,11.0,20,36,31,43.0,53.0,25.0,34.0,16.0,14,24.0,19.0,25.0,3,12,14.0,4,26,6,,40.0,1.0,19,,15,20,10.0,22.0,12,41.0,11.0,1,16,35.0,9,22.0,20.0,22.0,26,17,19.0,12,20,25,25,22,22,8,40,14,29,15,19,11.0,20.0,18,14,21,20.0,57.0,7,35,15,28.0,18,27.0,29,8,17,7,29,18.0,12,13.0,18,29,14.0,10,11,8,13.0,5.0,25,21.0,52.0,38.0,25.0,21.0,10,12.0,5,10,12,20.0,17,,11.0,0,27.0,9.0,25.0,21,,22,5,19,24,16,17,27,17.0,10,46.0,15,23,20,32.0,18,32.0,12,27.0,12,30.0,10,22,20.0,50,21.0,12,21.0,26.0,17,23,41.0,21.0,16.0,0.0,37.0,14,4.0,45.0,15,14.0,17,0,32.0,29.0,19,17.0,23,27.0,58.0,21,21,15,29.0,21,39.0,,29,36.0,7,8.0,13,15,20,7.0,26.0,21,20,17,18.0,26.0,6,16,24.0,26,6.0,43.0,26.0,39.0,,25.0,13.0,9.0,,34.0,11,34,21.0,30.0,16.0,12.0,29.0,50.0,54.0,10.0,13,17,9.0,26.0,19,,21.0,30.0,21.0,11.0,28.0,15,22,41.0,32.0,25.0,17.0,22,15.0,18.0,21.0,22,22,20,39.0,18.0,12.0,23.0,21,16,20.0,49.0,16,13.0,13.0,35,14.0,9.0,37.0,11,16.0,22,8.0,39.0,16.0,8,25.0,15,20.0,20,12,,51.0,,11.0,0,15,14,32.0,19,27.0,9,18,16.0,29,13,25.0,20.0,15,12,20.0,18.0,,,22.0,16.0,19,,27,16,44.0,10.0,,26.0,49.0,12.0,10,21,25.0,11.0,9.0,0.0,40.0,26.0,38,37.0,13,23.0,,12.0,18.0,19,1.0,16,29.0,28.0,22.0,21,18.0,18.0,25.0,19,28,13.0,13.0,27.0,24.0,,37.0,15.0,28.0,17.0,39.0,58.0,28.0,29,12,26.0,42.0,35.0,13,27,13,10,25.0,17.0,20,6,46.0,,10,49.0,16.0,1.0,16,20.0,,24.0,14,25.0,39.0,21.0,27.0,18.0,15.0,14,30.0,18,9.0,7,21,0,38.0,38.0,20.0,,,,3.0,19.0,9.0,31.0,36.0,23,24.0,15.0,14,22.0,46.0,11.0,19.0,7,45.0,31.0,,15,17,22.0,28,13.0,21.0,19.0,12.0,19,23.0,26,18,38.0,10,52.0,16,25.0,,24.0,22,17,50.0,13.0,19,45.0,13,45.0,7,47.0,24.0,,,34.0,0.0,26,20.0,28.0,39.0,9.0,18.0,23.0,11.0,10,18,35.0,28,46,17,21.0,21.0,21.0,18.0,10.0,8.0,35,13.0,12.0,28.0,27,,28.0,38.0,55.0,15.0,23,24.0,39.0,31.0,,53.0,22.0,29.0,29,43.0,25.0,,,,24.0,24.0,22,19.0,34.0,39.0,24.0,31,12,17.0,12.0,40,35.0,4.0,15.0,15,23.0,30.0,14.0,46.0,8,57.0,25.0,22.0,,14.0,27.0,50.0,33.0,27.0,7,4,41.0,32.0,,31.0,23.0,19.0,13.0,27.0,26.0,32.0,24,13,44.0,34,48.0,,12.0,20.0,23,11,44.0,23.0,17.0,13.0,18.0,21.0,44.0,20.0,12.0,12,20.0,7.0,,21.0,31.0,32.0,18,23.0,37.0,16.0,54,8.0,12.0,9.0,39.0,31.0,21.0,16,55.0,23,24.0,30.0,15.0,33.0,,23.0,,26.0,40.0,30.0,,,37.0,35.0,18.0,34.0,,16.0,33.0,26.0,20.0,39,39.0,52.0,16,54.0,34.0,13,18.0,36.0,53.0,17,15,0,22.0,18.0,25.0,,41.0,17.0,15.0,30.0,15.0,12,29.0,25,9.0,21,38,30.0,21,13.0,,25.0,31.0,17,,15.0,14.0,12.0,21.0,26.0,25,,28,47.0,,19.0,22,53.0,29,22,24.0,14.0,12.0,10,5.0,54.0,16,25.0,14.0,12.0,19.0,27.0,43.0,14.0,12.0,21,11.0,22.0,21.0,29.0,26.0,18.0,12.0,27.0,17,14.0,17,6.0,18.0,49.0,,7,16,26.0,12.0,32.0,26.0,21.0,22.0,35.0,18.0,46.0,3,10.0,7.0,18,35,35.0,,24,35.0,15.0,11,32.0,50,27,8,30.0,58.0,50.0,50.0,28.0,32.0,13.0,,,59.0,36.0,20.0,4.0,17.0,25.0,31.0,13.0,17.0,12.0,17.0,32.0,26.0,28.0,10.0,22.0,,29.0,33.0,11.0,44.0,18.0,24.0,30.0,56.0,53.0,44.0,35.0,,13.0,31.0,13.0,25.0,0.0,24.0,47.0,25.0,22.0,,0,7.0,35.0,28.0,19,27.0,29.0,15.0,18.0,30.0,29.0,5.0,21.0,,33.0,23.0,46.0,44.0,33.0,22.0,28.0,17.0,31.0,24.0,32.0,59.0,40.0,37.0,33.0,29.0,25.0,,24.0,22,30.0,51.0,8.0,18,24.0,19.0,18.0,21.0,26.0,31.0,20.0,,,22,24.0,45.0,21.0,,,,13,28,19.0,28.0,35.0,47.0,4.0,51.0,26,7,13.0,40.0,34.0,38.0,,17.0,,23.0,24.0,52.0,8.0,24.0,17.0,20.0,21.0,29.0,16,26.0,13.0,32.0,25.0,19.0,30,0.0,19,34.0,36,28.0,51.0,19.0,26.0,,27.0,18.0,41.0,13.0,39.0,30.0,24.0,36,50.0,12.0,30.0,6.0,9.0,35,7.0,36.0,14.0,24.0,11.0,,30.0,14.0,31.0,20,27,41.0,25.0,7.0,36.0,,41.0,29.0,9.0,34,25.0,37.0,33.0,,15.0,7.0,33.0,3.0,27,17.0,26.0,26.0,27,12,42.0,33.0,23.0,31.0,40.0,49.0,52.0,,16.0,54.0,23.0,23.0,28.0,20.0,10.0,10,36.0,11.0,41.0,37.0,18.0,10,,54.0,20,32.0,24.0,49.0,31.0,,24.0,16.0,47.0,17.0,24.0,,25,44.0,17.0,23.0,11.0,34,25.0,33.0,29.0,23.0,18.0,7.0,19.0,31.0,30.0,33.0,19.0,34.0,10.0,51,16,,32.0,16.0,,24.0,18,29,41.0,,25.0,24.0,13.0,25.0,46.0,26.0,20.0,32.0,40.0,23.0,40.0,4.0,,9,12,29.0,7.0,28.0,18.0,44.0,19,,19.0,26.0,18.0,40.0,52.0,39.0,13.0,26.0,57.0,,21.0,28.0,15.0,,21,16.0,49.0,17,,24.0,36.0,19.0,13.0,57.0,20.0,,,,15.0,,20.0,35.0,48.0,2.0,22.0,20.0,33.0,29.0,46.0,,31.0,22.0,17.0,,35.0,,24.0,42.0,22.0,11.0,,,,30.0,14.0,10.0,9.0,,59.0,56.0,12.0,,30.0,23.0,,37.0,40.0,7.0,16.0,26.0,10.0,20.0,24.0,33.0,30.0,42.0,3.0,,,20,14.0,28.0,34.0,,22.0,53.0,24.0,30.0,37.0,28.0,9.0,48.0,,23.0,33.0,15.0,17.0,14.0,39.0,,24.0,,25.0,18.0,24.0,6.0,40.0,45.0,29.0,24.0,46.0,33.0,0.0,57.0,32.0,23.0,16.0,,48.0,25.0,,49.0,51.0,49.0,,21.0,20,27.0,,,34.0,,37.0,17.0,39.0,43.0,16,21.0,34.0,32.0,,40.0,41.0,10.0,34.0,33.0,17.0,16.0,37.0,33.0,9.0,53.0,,16,20.0,23.0,,23.0,42.0,10.0,16.0,30.0,7.0,18.0,23.0,9.0,10.0,22.0,52.0,16.0,31.0,,39.0,16.0,22.0,24.0,7.0,35.0,10,34,36.0,24.0,,19.0,21.0,19.0,18.0,22.0,51.0,5.0,,38.0,55.0,38.0,,14.0,,,,43.0,46.0,31.0,26.0,23.0,17.0,32.0,28.0,27.0,18.0,21.0,36.0,33.0,21.0,17.0,,17.0,29.0,34.0,,12.0,48.0,37.0,51.0,19.0,28.0,20.0,39.0,36.0,8,17.0,2.0,18.0,,33,41.0,52.0,45.0,9.0,10.0,,16.0,,25,42.0,27.0,20.0,31.0,,18.0,22.0,34,31.0,25.0,33.0,17.0,16,42.0,30.0,,22.0,,41.0,45.0,33.0,51.0,12.0,13.0,,29.0,8.0,,34.0,,27.0,58.0,,18.0,52.0,8.0,20.0,29,32.0,31.0,39.0,25.0,18.0,20.0,30.0,42.0,25.0,28.0,21.0,33.0,39.0,39,24.0,29.0,22.0,9.0,30.0,57.0,18.0,12.0,,11.0,17.0,48.0,35.0,44.0,30.0,31.0,1.0,,,35.0,49.0,,,25.0,14.0,,38.0,23.0,51.0,26.0,21.0,20.0,26.0,50.0,,,28.0,41.0,51.0,19.0,8.0,51.0,,22.0,16.0,22.0,27.0,,,14.0,43.0,38.0,30.0,,31.0,14.0,28.0,,10.0,32.0,10.0,40.0,31.0,43.0,16.0,28.0,,17.0,,26,15.0,15.0,3.0,19.0,25.0,54.0,13.0,51.0,23.0,43.0,50.0,41.0,,8.0,37.0,58.0,16.0,21.0,21.0,,50.0,,24.0,42.0,25.0,14.0,5.0,27.0,53.0,41.0,52.0,22.0,22.0,,32.0,,9.0,33.0,25.0,21.0,23.0,36.0,36.0,25.0,11.0,51.0,35.0,32.0,18.0,33.0,42.0,,0.0,,,20.0,30.0,10.0,40.0,39.0,6.0,52.0,24.0,,32.0,29.0,14.0,22.0,35.0,25.0,14.0,13.0,23.0,28.0,12.0,17.0,42.0,28.0,21.0,,33.0,,40.0,25.0,7.0,30.0,11.0,,34.0,0.0,11.0,,36.0,34.0,,20.0,17.0,43.0,,41.0,,40.0,24.0,59.0,35.0,1.0,16.0,34.0,14.0,34.0,25.0,21.0,21.0,30.0,3.0,50.0,17.0,37.0,9.0,29.0,19.0,22.0,30.0,24.0,10.0,32.0,51.0,25.0,16,38.0,34.0,14.0,28.0,35.0,14.0,23.0,40.0,30.0,26.0,13,26.0,26.0,24.0,21.0,12.0,22.0,8.0,43.0,0,35.0,32.0,,18.0,26.0,36.0,59.0,42.0,,58.0,24.0,19.0,26.0,27.0,25.0,27.0,46.0,,30.0,,3.0,21.0,,31.0,11.0,27.0,35.0,6.0,48.0,20.0,30.0,47.0,33.0,40.0,8.0,,,9.0,,39.0,40.0,33.0,41.0,3.0,,39.0,24.0,13.0,4.0,50.0,46.0,,43.0,27.0,,43.0,19.0,,35.0,55.0,16.0,21.0,19.0,,24.0,,38.0,27.0,42.0,36.0,29.0,19.0,57.0,31.0,27.0,21.0,,14.0,,54.0,,24.0,46.0,47.0,33.0,25.0,59.0,56.0,8.0,,23.0,9.0,56.0,13.0,17.0,50.0,31.0,30.0,6.0,15.0,30.0,17.0,28.0,59.0,32.0,11.0,54.0,3.0,35,26.0,23.0,39.0,27.0,19.0,51.0,,,,42.0,,32.0,,32.0,,58.0,18.0,32.0,6.0,35.0,,30.0,,,21.0,40.0,53.0,43.0,19.0,50.0,34.0,19.0,14.0,11.0,49.0,,20.0,,4.0,52.0,15.0,,12.0,47.0,30.0,,43.0,34.0,27.0,19.0,,16.0,34.0,55.0,17.0,16.0,5.0,33.0,15.0,24.0,,29.0,27.0,38.0,,21.0,55.0,29.0,8.0,30.0,22.0,33.0,5.0,33.0,,26.0,5.0,22.0,0.0,20,,35.0,21,,10.0,36.0,28.0,29.0,33.0,22.0,29.0,34.0,54.0,39.0,16.0,48.0,3.0,42.0,24.0,39.0,,,48.0,11.0,,,17.0,,44.0,17.0,,43.0,,46.0,35.0,52.0,30.0,,22.0,,21.0,22.0,16.0,31.0,16.0,15.0,31.0,21.0,39.0,42.0,28.0,44.0,,,,31.0,30.0,50.0,27.0,44.0,40.0,12.0,25.0,20.0,14.0,20.0,52.0,,19.0,31.0,27.0,1.0,33.0,24.0,0.0,17.0,38.0,38.0,0.0,,38.0,59.0,35.0,,23.0,48.0,19.0,20.0,,26.0,,36.0,,51.0,39.0,30.0,30.0,47.0,21.0,35.0,21.0,24.0,,11.0,33.0,39.0,,26.0,24.0,28.0,,39.0,7.0,10.0,16.0,54.0,45.0,26.0,34.0,41.0,56.0,19.0,23.0,54.0,27.0,22.0,,10.0,19.0,11.0,21.0,19.0,43.0,,32.0,27.0,,21.0,,43.0,26.0,45.0,14.0,51.0,34.0,40.0,26.0,48.0,7.0,,20.0,,19.0,12.0,,,,54.0,38.0,28.0,,31.0,,35.0,,,14.0,40.0,37.0,59.0,7.0,51.0,57.0,31.0,44.0,,42.0,33.0,10.0,22.0,12.0,16.0,40.0,52.0,51.0,7.0,30.0,19.0,25.0,22.0,21.0,47.0,,24.0,,36.0,,12.0,44.0,55.0,15.0,20.0,6.0,,,51.0,16.0,31.0,3.0,49.0,,22.0,41.0,29.0,18.0,21.0,17.0,53.0,,54.0,42.0,,19.0,,26.0,32.0,,49.0,37.0,,22.0,0.0,45.0,25.0,29.0,16.0,7.0,16.0,34.0,20.0,19.0,26.0,39.0,30.0,59.0,,28.0,,36.0,32.0,17.0,,18.0,39.0,27.0,24.0,50.0,30.0,,35.0,41.0,17.0,28.0,33.0,15.0,10.0,15.0,34.0,42.0,30.0,44.0,28.0,33.0,28.0,35.0,8.0,35.0,23.0,27.0,24.0,,24.0,40.0,44.0,18.0,14.0,6.0,2.0,54.0,29.0,0.0,9.0,15.0,16.0,,12.0,16.0,22.0,21.0,8.0,,37.0,35.0,37.0,39.0,19.0,50.0,28.0,19.0,50.0,40.0,,41.0,38.0,32.0,28.0,,11.0,35.0,17.0,,30.0,36.0,30.0,58.0,11.0,15.0,45.0,59.0,42.0,,48.0,31.0,20.0,9.0,29.0,14.0,44.0,52.0,52.0,46.0,,,16.0,17.0,30.0,35.0,11.0,,29.0,,0.0,45.0,20.0,6.0,25.0,28.0,15.0,,28.0,27.0,,42.0,,26.0,42.0,11.0,32.0,,43.0,40.0,40.0,3.0,13.0,43.0,25.0,37.0,46.0,23.0,,30.0,14.0,31.0,23.0,20.0,59.0,,41.0,,,54.0,16.0,46.0,19.0,11.0,,41.0,34.0,7.0,,25.0,14.0,5.0,18.0,38.0,32.0,37.0,22.0,,21.0,2.0,57.0,,17.0,19.0,37.0,26.0,,12.0,,,,,,,25.0,,5.0,37.0,53.0,,,14.0,35.0,37.0,41.0,35.0,,,31.0,54.0,27.0,35.0,,54.0,27.0,41.0,47.0,32.0,33.0,40.0,6.0,23.0,9.0,28.0,49.0,,,37.0,6.0,41.0,17.0,40.0,,36.0,15.0,22.0,25.0,49.0,28.0,,40.0,24.0,,22.0,,0.0,,0.0,47.0,30.0,47.0,29.0,43.0,23.0,20.0,12.0,25.0,,12.0,15.0,39.0,44.0,,,16.0,48.0,,56.0,53.0,10.0,51.0,47.0,17.0,,,30.0,31.0,,26.0,13.0,25.0,29.0,,,7.0,48.0,25.0,,34.0,30.0,35.0,17.0,,15.0,58.0,39.0,34.0,9.0,21.0,46.0,11.0,16.0,28.0,4.0,26.0,,27.0,10.0,12.0,,50.0,54.0,54.0,36.0,33.0,,34.0,54.0,,31.0,46.0,35.0,34.0,33.0,31.0,17.0,59.0,,20.0,,,,52.0,31.0,36.0,9.0,59.0,56.0,41.0,43.0,,26.0,28.0,,19.0,20.0,45.0,7.0,37.0,,30.0,,45.0,57.0,28.0,25.0,15.0,33.0,35.0,30.0,28.0,15.0,59.0,50.0,28.0,54.0,,27.0,27.0,,48.0,37.0,,19.0,17.0,0.0,33.0,36.0,28.0,15.0,25.0,34.0,59.0,,15.0,23.0,20.0,38.0,1.0,6.0,,36.0,59.0,,22.0,30.0,56.0,25.0,8.0,23.0,19.0,15.0,11.0,,37.0,36.0,,,27.0,48.0,15.0,23.0,15.0,,,40.0,37.0,14.0,6.0,27.0,4.0,8.0,15.0,23.0,51.0,13.0,26.0,,32.0,,,,,,21.0,14.0,20.0,43.0,21.0,37.0,36.0,16.0,14.0,21.0,32.0,33.0,22.0,22.0,6.0,18.0,28.0,55.0,7.0,58.0,16.0,40.0,43.0,,,52.0,15.0,36.0,,44.0,,38.0,,21.0,39.0,39.0,,36.0,24.0,25.0,18.0,19.0,,58.0,29.0,16.0,,49.0,32.0,19.0,36.0,26.0,42.0,17.0,48.0,17.0,31.0,26.0,12.0,,,11.0,,,,,,57.0,,42.0,30.0,27.0,55.0,45.0,17.0,12.0,33.0,23.0,,,18.0,19.0,,43.0,55.0,13.0,,23.0,7.0,,32.0,14.0,31.0,25.0,,,58.0,13.0,,,23.0,51.0,41.0,39.0,,21.0,9.0,45.0,13.0,16.0,24.0,40.0,,,40.0,35.0,13.0,33.0,23.0,38.0,,21.0,,58.0,,,46.0,53.0,,40.0,40.0,13.0,17.0,37.0,,39.0,15.0,28.0,,,,16.0,24.0,14.0,30.0,39.0,,27.0,7.0,21.0,53.0,10.0,,36.0,,,34.0,,59.0,,,26.0,52.0,32.0,,34.0,43.0,34.0,,38.0,24.0,,58.0,32.0,51.0,,,35.0,34.0,52.0,25.0,,,,,17.0,,23.0,52.0,22.0,,41.0,54.0,,,,,19.0,29.0,20.0,3.0,,27.0,7.0,,8.0,22.0,46.0,28.0,21.0,,38.0,29.0,23.0,34.0,29.0,50.0,15.0,,,38.0,,59.0,,,55.0,,23.0,,55.0,,11.0,21.0,12.0,34.0,25.0,15.0,33.0,39.0,44.0,,22.0,,,37.0,16.0,24.0,43.0,53.0,48.0,15.0,24.0,22.0,,49.0,,14.0,43.0,35.0,,,24.0,14.0,,35.0,,13.0,,45.0,40.0,,22.0,45.0,49.0,23.0,,44.0,26.0,37.0,48.0,50.0,,10.0,,28.0,,45.0,26.0,21.0,,,20.0,12.0,8.0,35.0,19.0,32.0,42.0,0.0,28.0,36.0,20.0,,16.0,19.0,19.0,,38.0,,20.0,,43.0,,53.0,22.0,9.0,32.0,49.0,8.0,30.0,7.0,10.0,30.0,20.0,,0.0,,36.0,18.0,16.0,,11.0,,25.0,3.0,,55.0,33.0,11.0,,,23.0,45.0,16.0,42.0,33.0,4.0,7.0,18.0,13.0,20.0,,26.0,55.0,,9.0,6.0,56.0,,11.0,9.0,,,,,,51.0,,25.0,,27.0,32.0,49.0,27.0,,51.0,17.0,19.0,22.0,34.0,38.0,26.0,,46.0,9.0,29.0,30.0,16.0,,40.0,10.0,42.0,31.0,16.0,,22.0,,7.0,,54.0,,37.0,26.0,50.0,,,42.0,54.0,,25.0,33.0,42.0,39.0,28.0,58.0,,27.0,,,58.0,52.0,179,3,2.5062586926286508,18.3340063455437,-0.3431335989502164
4,4,1,5,6,6,8,7,7,3,5,9,10,7,5,6,7,5,38,15,9,8,10,7,7,10,7,11,4,12,8,7,8,4,11,6,13,8,9,7,12,9.0,15,9,10,6,9,8,0,43,10,13,8,15,9,6,12,8,7,10,7,16,8,16,41.0,9,9,14,11,7,19,9,3,11,18,6,15,11,17,3,18,12,9,6,4,10,4,9,14,19,17,12,34,0,14,13,16,10,15,18,13,10,14,10,10,1,11,18,8,6,5,16.0,17,9,46.0,6,8,17,10,0,16,17,6,16,11,19,15,29.0,15,5,23,12,5.0,6,12,52.0,16,22,13,9,10,13,2,8,14.0,45.0,14,12.0,21,18,5,7,4.0,13,7,22,10,43.0,17,19,5,9,21,33,23,35.0,19,20,27,12,12,36.0,10,28,9,38,8,13.0,15,25.0,12,11,10,17,26,,36.0,11,18,,15.0,13,21,17,20,19,12,15,31.0,9,37,20.0,13,14,17,16,36.0,14,5,30,17,55.0,19,15,0,14,15,5,16,33.0,39.0,16,7,14,14.0,27,0,12,28.0,6,21.0,15.0,15,7,38.0,7,8,16,12.0,34.0,17,7,17,11,17,9.0,20,15,24,17,8,22,20.0,24.0,15,16.0,17.0,24.0,28.0,27,22.0,9,0,27,19.0,58.0,18.0,41.0,20.0,26,29.0,16.0,45.0,14,14,33.0,17,37,16,12.0,41.0,53.0,25,18.0,20,15,24.0,26.0,14,9.0,18.0,5,30,17.0,13,30.0,16.0,5.0,25,13,15.0,5,14,3,18,16,8,16,19,10,19,6,17,43.0,11.0,42,25,13,36.0,19.0,14,20,13,,16,30.0,20,11,9,13,18,18.0,12,14.0,19,15,30.0,23,13,12,,53.0,13,19.0,7.0,38.0,17.0,20.0,8,28.0,24,47,15,21.0,22,30.0,25.0,19,,32.0,,14,19.0,12,16,24,18,19,13,28,18.0,11,35.0,24,2,12,37.0,17,10.0,21,12.0,9,,17,22,23.0,25,58.0,10,44.0,12.0,19,21,18.0,14.0,15.0,22.0,8.0,13,,32.0,29,,16,4,48.0,39.0,28,11.0,17,14.0,23.0,0,19,17,18.0,19,33.0,16.0,23,16.0,19,50.0,14,23,14,15.0,0.0,10,14,23,,24.0,30,17,40.0,29,25.0,8.0,3.0,21.0,25.0,51.0,17.0,16.0,37.0,19.0,16,42,50.0,9.0,10.0,7.0,10.0,10.0,,17.0,15,15,6.0,47.0,7,,23.0,17.0,18.0,24.0,20.0,14,25,35.0,34.0,47.0,18.0,13,7.0,30.0,28.0,27,21,28,45.0,,13.0,29.0,7,13,18.0,27.0,17,41.0,20.0,25,,57.0,35.0,38,12.0,17,17.0,39.0,44.0,12,29.0,15,22.0,13,19,,15.0,,15.0,11,20,24,24.0,35,13.0,21,9,26.0,17,14,8.0,14.0,14,17,23.0,11.0,60.0,29.0,20.0,8.0,6,23.0,19,8,22.0,28.0,17.0,,22.0,15.0,25,5,26.0,37.0,27.0,12.0,50.0,25.0,25,12.0,8,52.0,42.0,47.0,27.0,22,40.0,37,45.0,32.0,20.0,22,39.0,58.0,12.0,22,36,24.0,20.0,45.0,25.0,16.0,11.0,14.0,14.0,51.0,17.0,13.0,39.0,20,21,50.0,12.0,13.0,5,9,28,19,59.0,,26,10,9.0,19.0,18,21.0,39.0,21.0,17,16.0,19.0,12.0,22,17.0,29.0,21.0,28.0,55.0,9.0,35,19.0,15,20.0,8,27,16,,34.0,37.0,47.0,24.0,14.0,23.0,35.0,42.0,38.0,48.0,24,10.0,23.0,28,49.0,26.0,25.0,47.0,18,5.0,12.0,35.0,13,18,7.0,26,12.0,17.0,19.0,,22,14.0,23,25,14.0,16,36.0,27,21.0,,17.0,16,21,13.0,36.0,17,10.0,13,37.0,14,18.0,18.0,35.0,38.0,54.0,12.0,38,35.0,23.0,23.0,30.0,,27.0,11.0,5,15,4.0,16,7,14,50.0,27.0,12.0,41.0,37.0,35.0,36,37.0,36.0,35.0,35,10.0,37.0,31.0,9.0,55.0,24,,16.0,12.0,37.0,45.0,37.0,32.0,35,25.0,36.0,27.0,51.0,11.0,22.0,23.0,14,31.0,21.0,18.0,,25,0,8.0,,26,13.0,12.0,36.0,26,12.0,16.0,32.0,20.0,15,27.0,46.0,29.0,30.0,14.0,14.0,26.0,22.0,17.0,14,17,,11.0,50.0,25.0,32.0,20.0,25.0,37.0,23.0,32.0,22,24,16.0,19,,35.0,13.0,33.0,22,15,38.0,29.0,11.0,29.0,,13.0,,,21.0,25,33.0,35.0,,38.0,30.0,24.0,28,23.0,28.0,37.0,12,44.0,32.0,17.0,57.0,31.0,18.0,10,49.0,37,,25.0,20.0,36.0,52.0,27.0,36.0,27.0,41.0,14.0,28.0,25.0,7.0,9.0,,26.0,36.0,18.0,9.0,35.0,32.0,24,38.0,40.0,13,13.0,40.0,12,18.0,39.0,58.0,24,11,14,37.0,36.0,,24.0,23.0,11.0,13.0,45.0,19.0,12,41.0,42,46.0,30,22,24.0,13,30.0,12.0,36.0,54.0,16,18.0,20.0,34.0,18.0,,44.0,13,28.0,18,2.0,27.0,18.0,36,30.0,17,19,24.0,14.0,,23,12.0,,10,30.0,41.0,22.0,13.0,15.0,30.0,11.0,61.0,27,12.0,52.0,27.0,,16.0,15.0,37.0,47.0,14,44.0,20,20.0,18.0,49.0,36.0,3,11,44.0,24.0,,15.0,24.0,19.0,49.0,20.0,22.0,37,29.0,7.0,17,21,,,17,19.0,12.0,14,24.0,3,38,25,,17.0,23.0,6.0,6.0,31.0,,,14.0,54.0,37.0,31.0,25.0,13.0,26.0,,11.0,35.0,32.0,30.0,,,44.0,41.0,30.0,22.0,20.0,39.0,5.0,20.0,,23.0,27.0,57.0,,0.0,34.0,4.0,40.0,30.0,49.0,53.0,49.0,12.0,25.0,11.0,24.0,27.0,15,16.0,54.0,27.0,2,30.0,33.0,,11.0,44.0,27.0,31.0,11.0,22.0,36.0,8.0,29.0,28.0,31.0,27.0,,33.0,29.0,28.0,36.0,42.0,33.0,,13.0,22.0,15.0,,29.0,16,22.0,21.0,,23,27.0,28.0,15.0,33.0,60.0,26.0,58.0,12.0,32.0,20,38.0,12.0,23.0,44.0,23.0,41.0,16,22,15.0,13.0,13.0,40.0,40.0,,26,28,51.0,26.0,13.0,4.0,42.0,20.0,40.0,25.0,58.0,36.0,28.0,38.0,13.0,35.0,6.0,27.0,42,28.0,31.0,26.0,18.0,14.0,26,18.0,26,,24,10.0,37.0,40.0,0.0,,39.0,0.0,23.0,13.0,17.0,,23.0,26,16.0,16.0,26.0,44.0,16.0,30,,26.0,45.0,23.0,38.0,17.0,58.0,27.0,27.0,20,20,39.0,36.0,13.0,58.0,,15.0,,15.0,10,,51.0,23.0,,29.0,13.0,21.0,42.0,31,27.0,5.0,38.0,14,40,49.0,43.0,,41.0,32.0,59.0,30.0,24.0,18.0,8.0,34.0,14.0,11.0,,,33,7.0,,57.0,49.0,30.0,10,21.0,18.0,34,45.0,23.0,5.0,,,,24.0,38.0,14.0,9.0,,28,25.0,38.0,29.0,20.0,24,24.0,39.0,27.0,3.0,16.0,28.0,36.0,43.0,39.0,16.0,27.0,29.0,10.0,19,28,16.0,26.0,27.0,30.0,58.0,17,43,,19.0,43.0,30.0,39.0,26.0,10.0,22.0,18.0,27.0,25.0,,47.0,,18.0,9,29,17.0,,31.0,32.0,,35,,9.0,22.0,41.0,58.0,28.0,23.0,,35.0,,10.0,35.0,38.0,48.0,,15,23.0,20.0,21,25.0,57.0,49.0,8.0,10.0,,22.0,20.0,14.0,,30.0,23.0,5.0,44.0,28.0,,39.0,46.0,23.0,,17.0,30.0,,24.0,,57.0,58.0,24.0,26.0,,19.0,46.0,19.0,44.0,37.0,19.0,39.0,48.0,19.0,22.0,36.0,6.0,19.0,49.0,28.0,39.0,,43.0,21.0,26.0,31.0,13.0,37.0,,34.0,21.0,7.0,25.0,5.0,18.0,22.0,21,51.0,29.0,,45.0,,27.0,1.0,,18.0,55.0,33.0,25.0,19.0,25.0,25.0,12.0,50.0,22.0,24.0,36.0,40.0,11.0,28.0,13.0,18.0,13.0,51.0,48.0,18.0,,30.0,23.0,12.0,19.0,27.0,24.0,25.0,20.0,,,,,,49.0,15.0,26.0,5,56.0,8.0,38.0,40.0,55.0,16.0,10.0,,9.0,16,38.0,27.0,,,24.0,29.0,18.0,43.0,12.0,10.0,36.0,21.0,40.0,12.0,9.0,57.0,28,27.0,5.0,,47.0,45.0,11.0,19.0,17.0,37.0,,,7.0,58.0,28.0,26.0,21.0,,46.0,1.0,28.0,27.0,25.0,6.0,10.0,15,26,18.0,30.0,38.0,11.0,,37.0,23.0,27.0,26.0,11.0,41.0,45.0,45.0,14.0,30.0,32.0,60.0,,16.0,15.0,21.0,22.0,44.0,14.0,47.0,,47.0,29.0,12.0,,13.0,25.0,23.0,45.0,25.0,47.0,16.0,39.0,53.0,10.0,25.0,37.0,19.0,15.0,49.0,,,15.0,0,24.0,29.0,25.0,29.0,33,33.0,31.0,29.0,24.0,35.0,28.0,26.0,37.0,35,55.0,28.0,38.0,,,22.0,41.0,31,26.0,31.0,42.0,0.0,23,,10.0,,,29.0,24.0,21.0,15.0,37.0,12.0,20.0,,13.0,,46.0,21.0,21.0,9.0,37.0,56.0,15.0,36.0,6.0,58.0,16,51.0,49.0,29.0,14.0,41.0,45.0,19.0,22.0,,16.0,,25.0,46.0,35,9.0,45.0,21.0,38.0,52.0,45.0,,25.0,41.0,,26.0,19.0,30.0,49.0,37.0,,20.0,26.0,7.0,,22.0,,,43.0,22.0,40.0,24.0,38.0,47.0,18.0,45.0,29.0,39.0,36.0,15.0,24.0,58.0,53.0,19.0,22.0,40.0,32.0,6.0,,38.0,26.0,20.0,34.0,25.0,16.0,50.0,,5.0,,52.0,15.0,11.0,,56.0,13.0,11.0,43.0,23.0,51.0,,27.0,46.0,39.0,3.0,23,5.0,58.0,40.0,41.0,26.0,10.0,25.0,37.0,11.0,,25.0,52.0,54.0,43.0,25.0,38.0,48.0,14.0,38.0,42.0,35.0,,45.0,30.0,24.0,29.0,19.0,20.0,18.0,27.0,,25.0,,20.0,55.0,21.0,21.0,28.0,13.0,60.0,35.0,43.0,31.0,30.0,25.0,18.0,38.0,,21.0,14.0,,31.0,31.0,45.0,47.0,16.0,9.0,29.0,53.0,36.0,46.0,35.0,48.0,31.0,10.0,23.0,18.0,9.0,20.0,50.0,,57.0,34.0,27.0,,34.0,20.0,13.0,24.0,8.0,26.0,37.0,,,15.0,16.0,21.0,,55.0,19.0,12.0,47.0,17.0,51.0,48.0,45.0,,26.0,23.0,8.0,22.0,53.0,13.0,39.0,16.0,15.0,,18.0,26.0,25.0,18.0,10.0,,46.0,11.0,57.0,59.0,36.0,24.0,35.0,30.0,27.0,36.0,23.0,,47.0,17.0,27.0,19,15.0,9.0,,11.0,29.0,36.0,59.0,22.0,18.0,,2,32.0,17.0,33.0,54.0,31.0,3.0,16.0,37.0,5,11.0,,15.0,40.0,21.0,,17.0,58.0,41.0,47.0,,9.0,34.0,31.0,38.0,20.0,7.0,20.0,35.0,34.0,,13.0,48.0,,,42.0,56.0,38.0,21.0,45.0,11.0,40.0,14.0,55.0,27.0,24.0,11.0,,24.0,56.0,,,,47.0,60.0,46.0,26.0,31.0,30.0,50.0,32.0,5.0,30.0,,,2.0,32.0,48.0,14.0,,20.0,45.0,39.0,40.0,29.0,59.0,35.0,34.0,59.0,50.0,28.0,19.0,38.0,25.0,23.0,55.0,35.0,12.0,29.0,5.0,35.0,,24.0,12.0,29.0,27.0,44.0,58.0,16.0,11.0,34.0,22.0,18.0,53.0,2.0,42.0,27.0,23.0,48.0,13.0,,,,,49.0,14.0,20.0,27.0,25,,,10.0,47.0,9.0,23.0,23.0,,0.0,37.0,48.0,,50.0,14.0,60.0,26.0,38.0,,27.0,43.0,0.0,,56.0,,,21.0,23.0,,31.0,,10.0,,27.0,29.0,,9.0,41.0,23.0,0.0,,37.0,61.0,39.0,48.0,49.0,45.0,13.0,43.0,44.0,30.0,,20.0,25.0,,31.0,10.0,58.0,40.0,41.0,,,40.0,34.0,,34.0,,,22.0,39.0,18.0,29.0,53.0,7.0,5.0,43.0,33.0,0.0,29.0,50.0,9,35.0,,23,37.0,13.0,24.0,,36.0,25.0,20.0,26.0,22.0,,57.0,56.0,15.0,16.0,27.0,,,11.0,22.0,33.0,14.0,38.0,40.0,15.0,31.0,,29.0,54.0,17.0,47.0,24.0,14.0,,44.0,,,17.0,,30.0,12.0,56.0,26.0,27.0,12.0,20.0,14.0,10.0,27.0,37.0,12.0,,7.0,55.0,54.0,14.0,18.0,8.0,54.0,52.0,57.0,11.0,39.0,23.0,5.0,,,17.0,36.0,48.0,30.0,9.0,30.0,20.0,34.0,25.0,35.0,59.0,,58.0,,,6.0,30.0,21.0,10.0,,57.0,26.0,,19.0,22.0,37.0,,17.0,30.0,43.0,25.0,31.0,11.0,33.0,,,20.0,,56.0,32.0,,5.0,,22.0,33.0,37.0,,34.0,,12.0,,17.0,39.0,35.0,0.0,18.0,34.0,35.0,15.0,34.0,31.0,11.0,,30.0,13.0,36.0,17.0,14.0,37.0,26.0,27.0,19.0,,,,56.0,20.0,27.0,13.0,7.0,31.0,36.0,,10.0,27.0,25.0,47.0,42.0,11.0,16.0,,38.0,0.0,58.0,,21.0,38.0,,18.0,55.0,18.0,50.0,56.0,,45.0,26.0,,21.0,32.0,,41.0,,20.0,45.0,37.0,28.0,32.0,9.0,36.0,11.0,26.0,28.0,55.0,21.0,25.0,,,0.0,,51.0,11.0,39.0,17.0,2.0,27.0,,17.0,57.0,34.0,17.0,34.0,15.0,47.0,15.0,24.0,48.0,5.0,46.0,54.0,13.0,27.0,56.0,12.0,50.0,61.0,44.0,14.0,47.0,41.0,,,23.0,,12.0,19.0,48.0,47.0,,29.0,27.0,36.0,,9.0,25.0,54.0,41.0,27.0,44.0,6.0,25.0,45.0,18.0,10.0,22.0,27.0,54.0,18.0,18.0,,45.0,,22.0,47.0,7.0,12.0,51.0,,33.0,,27.0,61.0,50.0,30.0,14.0,,,13.0,29.0,31.0,44.0,,24.0,,27.0,5.0,61.0,24.0,33.0,25.0,33.0,41.0,9.0,44.0,31.0,,28.0,6.0,32.0,11.0,,15.0,,,58.0,53.0,13.0,5.0,39.0,,50.0,22.0,30.0,40.0,23.0,49.0,18.0,13.0,,,23.0,33.0,,30.0,34.0,26.0,33.0,,28.0,20.0,,22.0,26.0,41.0,47.0,18.0,32.0,,14.0,55.0,22.0,29.0,44.0,32.0,,29.0,,,30.0,8.0,11.0,23.0,59.0,15.0,45.0,48.0,53.0,24.0,,21.0,57.0,18.0,20.0,8.0,39.0,54.0,,,18.0,11.0,49.0,,25.0,20.0,43.0,20.0,32.0,,57.0,40.0,35.0,56.0,42.0,0.0,12.0,0.0,33.0,34.0,23.0,,53.0,50.0,15.0,21.0,29.0,29.0,7.0,,,44.0,31.0,28.0,41.0,13.0,16.0,46.0,26.0,35.0,16.0,,59.0,21.0,21.0,26.0,,25.0,34.0,51.0,,55.0,22.0,52.0,,19.0,,12.0,45.0,41.0,28.0,20.0,15.0,15.0,22.0,42.0,32.0,27.0,27.0,11.0,,,,55.0,,25.0,5.0,,43.0,14.0,34.0,51.0,44.0,,54.0,,46.0,,21.0,59.0,,24.0,,47.0,26.0,10.0,,32.0,15.0,44.0,30.0,,35.0,31.0,,,27.0,13.0,9.0,18.0,52.0,17.0,,27.0,,28.0,12.0,,42.0,57.0,18.0,21.0,36.0,19.0,,47.0,43.0,,58.0,22.0,38.0,37.0,,,,,11.0,20.0,33.0,16.0,25.0,13.0,25.0,0.0,54.0,44.0,29.0,58.0,,8.0,40.0,38.0,,,44.0,40.0,,,47.0,,,,23.0,,61.0,17.0,12.0,33.0,39.0,,13.0,36.0,18.0,30.0,42.0,60.0,41.0,21.0,44.0,32.0,43.0,26.0,,14.0,31.0,,16.0,,60.0,,26.0,27.0,57.0,18.0,50.0,38.0,12.0,32.0,,39.0,,29.0,17.0,37.0,,33.0,,31.0,35.0,52.0,,53.0,31.0,17.0,26.0,18.0,14.0,40.0,,46.0,38.0,27.0,25.0,11.0,,36.0,,,54.0,54.0,24.0,31.0,30.0,50.0,,54.0,,33.0,,,,47.0,50.0,32.0,26.0,44.0,,,,10.0,31.0,46.0,,41.0,18.0,,61.0,12.0,,46.0,22.0,,,,14.0,51.0,18.0,25.0,16.0,20.0,12.0,33.0,,9.0,44.0,0.0,9.0,27.0,10.0,33.0,,34.0,37.0,,26.0,19.0,53.0,,17.0,46.0,50.0,33.0,39.0,,13.0,41.0,0.0,,,40.0,9.0,7.0,,34.0,,14.0,47.0,33.0,18.0,52.0,57.0,,36.0,7.0,27.0,26.0,27.0,,,34.0,,30.0,41.0,51.0,13.0,29.0,27.0,16.0,,,34.0,39.0,61.0,53.0,36.0,7.0,15.0,,,41.0,,,42.0,15.0,19.0,57.0,53.0,26.0,14.0,19.0,52.0,47.0,,,,25.0,35.0,15.0,,46.0,17.0,,52.0,36.0,,17.0,29.0,,,,,21.0,57.0,46.0,,61.0,54.0,,50.0,,55.0,11.0,39.0,17.0,,23.0,,33.0,32.0,53.0,,26.0,26.0,18.0,34.0,32.0,9.0,38.0,,30.0,26.0,,,20.0,57.0,44.0,,31.0,27.0,,,44.0,29.0,,24.0,,35.0,31.0,36.0,,26.0,31.0,56.0,31.0,41.0,28.0,33.0,17.0,42.0,,47.0,32.0,19.0,16.0,24.0,54.0,,37.0,47.0,30.0,31.0,42.0,14.0,18.0,,46.0,25.0,5.0,,0.0,10.0,60.0,31.0,14.0,15.0,,50.0,36.0,,23.0,46.0,32.0,35.0,,,32.0,46.0,41.0,41.0,50.0,25.0,14.0,,16.0,37.0,,,49.0,,,12.0,13.0,12.0,15.0,43.0,26.0,37.0,51.0,,,40.0,25.0,57.0,48.0,21.0,35.0,29.0,34.0,49.0,38.0,,53.0,8.0,17.0,49.0,38.0,37.0,,52.0,,38.0,41.0,30.0,22.0,8.0,25.0,18.0,0.0,61.0,45.0,28.0,32.0,37.0,15.0,26.0,0.0,10.0,53.0,24.0,,45.0,18.0,21.0,54.0,32.0,28.0,52.0,20.0,,20.0,32.0,19.0,35.0,18.0,12.0,,,35.0,24.0,54.0,26.0,27.0,54.0,19.0,57.0,29.0,,,52.0,,,,,34.0,20.0,,27.0,25.0,,,45.0,,43.0,16.0,,38.0,,22.0,48.0,23.0,,35.0,,22.0,17.0,,18.0,17.0,20.0,54.0,28.0,,,7.0,27.0,,57.0,18.0,,31.0,22.0,28.0,,25.0,41.0,,27.0,19.0,37.0,25.0,43.0,,27.0,28.0,,27.0,21.0,46.0,44.0,25.0,,24.0,18.0,,33.0,44.0,42.0,17.0,11.0,,,46.0,24.0,37.0,13.0,49.0,36.0,,,41.0,,26.0,36.0,,36.0,15.0,46.0,47.0,22.0,37.0,49.0,24.0,31.0,11.0,21.0,24.0,,24.0,40.0,27.0,,,,,41.0,26.0,27.0,58.0,,29.0,52.0,47.0,39.0,35.0,,0.0,,51.0,47.0,42.0,,46.0,34.0,10.0,,,50.0,39.0,31.0,60.0,36.0,,56.0,22.0,49.0,27.0,29.0,38.0,41.0,46.0,32.0,,51.0,7.0,47.0,31.0,25.0,,48.0,,26.0,,60.0,29.0,29.0,59.0,,,15.0,29.0,180,3,2.5083333333333333,18.91197484995713,-0.3524513010430306
1,0,2,6,2,7,10,9,12,3,3,6,1,3,7,0,14,8,27,12,3,12,4,3,14,13,6,7,4,14,9,8,8,7,14,9,19,9,7,9,16,30.0,14,16,8,5,10,15,5,24,8,11,14,4,18,4,13,10,7,8,2,11,10,4,49.0,14,6,11,8,21,16,15,14,9,13,17,11,12,14,7,15,8,8,10,13,7,7,15,20,15,14,8,15,24,15,7,11,9,8,17,20,15,17,11,13,20,8,12,10,13,17,,15,17,22.0,5,16,7,14,13,15,12,13,14,4,10,3,9.0,10,8,21,12,36.0,11,18,20.0,10,15,8,13,24,6,25,18,20.0,9.0,17,35.0,8,1,1,14,,19,9,21,15,15.0,15,19,28,19,14,15,18,10.0,6,20,16,9,21,21.0,15,13,16,25,14,17.0,11,,21,9,15,2,16,16.0,10.0,10,7,28.0,46.0,16,17,13,9,14,9,11,16.0,8,27,,1,15,15,9,17.0,17,10,20,13,56.0,31,23,20,10,20,15,5,20.0,28.0,23,14,5,12.0,18,12,4,37.0,5,0.0,52.0,17,21,48.0,13,19,16,27.0,43.0,25,19,16,20,18,29.0,4,11,22,8,6,20,22.0,,28,49.0,33.0,29.0,23.0,15,30.0,10,16,16,45.0,11.0,6.0,,32.0,18,40.0,3.0,30.0,7,19,17.0,21,26,14,10.0,44.0,,23,,16,22,20.0,14.0,13,,18.0,10,12,4.0,11,9.0,23.0,14.0,22,10,28.0,18,18,28,10,15,23,14,18,17,23,7,12,15.0,19.0,23,15,20,17.0,5.0,14,28,22,,9,20.0,29,13,18,10,9,58.0,5,16.0,17,9,13.0,7,20,13,16.0,33.0,10,14.0,17.0,7.0,27.0,21.0,14,22.0,38,21,8,24.0,16,,25.0,11,13.0,29.0,31.0,17,,13,9,0,25,0,7,14,18.0,22,0.0,19,19,5,34.0,16,,28,25.0,7,39.0,19,14,23.0,23,24.0,13,14.0,30.0,10,35,0.0,41.0,19.0,3.0,,19,14.0,33.0,1,40.0,22,6,46.0,17.0,10,10.0,4,21.0,47.0,27,33,25,22.0,8,10.0,13.0,32,28.0,20,17.0,18,13,19,23.0,29.0,0,23,26,43.0,29.0,13,10,53.0,18,22.0,18.0,6.0,12.0,17.0,17.0,24.0,2.0,58.0,21.0,25,25,15.0,,8.0,8.0,22.0,21.0,,28.0,8,22,33.0,13.0,20,,6.0,19.0,20.0,23.0,22.0,26,21,15.0,41.0,30.0,16.0,40,58.0,20.0,14.0,34,14,14,46.0,,15.0,23.0,15,17,15.0,37.0,29,18.0,26.0,6,21.0,52.0,,13,27.0,8,0.0,20.0,33.0,19,23.0,18,,14,0,,28.0,,,26,15,8,28.0,27,4.0,22,7,20.0,32,14,26.0,35.0,28,16,49.0,13.0,35.0,5.0,13.0,6.0,17,23.0,19,15,12.0,27.0,18.0,20.0,15.0,10.0,9,33,13.0,,22.0,36.0,19.0,36.0,9,22.0,18,37.0,10.0,28.0,,21,15.0,15,27.0,34.0,50.0,18,22.0,34.0,39.0,25,26,33.0,44.0,23.0,32.0,,23.0,,26.0,38.0,48.0,35.0,26.0,25,18,0.0,24.0,20.0,22,12,14,8,20.0,18.0,19,6,58.0,19.0,17,21.0,6.0,7.0,27,50.0,14.0,,14,31.0,21.0,24.0,16.0,29.0,45.0,5,28.0,17,26.0,15,20,27,22.0,24.0,15.0,10.0,38.0,,47.0,14.0,24.0,16.0,42.0,10,24.0,46.0,0,39.0,12.0,13.0,23.0,19,23.0,16.0,13.0,38,7,44.0,18,9.0,20.0,19.0,21.0,19,23.0,18,20,11.0,11,21.0,6,26.0,36.0,32.0,24,19,6.0,13.0,26,,12,27.0,16,38.0,22.0,,,35.0,29.0,16,31.0,28.0,,29.0,,,32.0,20,10,25.0,18,19,27,0.0,15.0,13.0,,16.0,23.0,26,24.0,14.0,50.0,16,15.0,39.0,16.0,20.0,39.0,3,24.0,16.0,16.0,,17.0,25.0,41.0,20,,46.0,38.0,,,14.0,23.0,21,13.0,25.0,20.0,53.0,12,8,16.0,41.0,26,31.0,28.0,34.0,2,29.0,14.0,20.0,15.0,11,48.0,36.0,24.0,6.0,22.0,24.0,33.0,30.0,29.0,21,14,,15.0,16.0,42.0,14.0,55.0,9.0,21.0,,41.0,18,9,44.0,27,25.0,34.0,21.0,25.0,20,13,23.0,13.0,26.0,23.0,18.0,15.0,12.0,28.0,26.0,1,14.0,24.0,24.0,14.0,41.0,56.0,16,17.0,18.0,19.0,7,38.0,17.0,22.0,34.0,50.0,28.0,24,21.0,9,36.0,30.0,18.0,31.0,9.0,9.0,24.0,23.0,11.0,29.0,36.0,,24.0,,35.0,28.0,25.0,,54.0,12.0,38.0,17,25.0,38.0,17,25.0,20.0,28,21.0,22.0,,30,6,21,16.0,16.0,17.0,27.0,45.0,6.0,30.0,12.0,51.0,17,19.0,20,18.0,24,33,14.0,27,26.0,30.0,26.0,,21,27.0,12.0,32.0,14.0,40.0,55.0,13,21.0,33,20.0,18.0,,16,27.0,24,15,22.0,3.0,13.0,17,8.0,45.0,17,12.0,39.0,45.0,31.0,46.0,22.0,37.0,24.0,7,6.0,20.0,53.0,32.0,32.0,26.0,16.0,26.0,15,26.0,13,18.0,19.0,41.0,35.0,26,23,20.0,30.0,44.0,35.0,17.0,32.0,41.0,23.0,,18,27.0,9.0,23,18,28.0,12.0,26,28.0,28.0,20,49.0,22,5,9,21.0,15.0,40.0,25.0,42.0,25.0,,49.0,48.0,,14.0,15.0,29.0,19.0,28.0,19.0,26.0,6.0,11.0,22.0,,15.0,39.0,16.0,,,,,22.0,49.0,24.0,12.0,28.0,17.0,,45.0,19.0,,47.0,17.0,26.0,21.0,17.0,21.0,,55.0,44.0,12.0,16,25.0,42.0,17.0,24,34.0,4.0,24.0,21.0,25.0,54.0,31.0,,33.0,18.0,,,39.0,,21.0,30.0,40.0,24.0,25.0,,9.0,16.0,18.0,18.0,30.0,18.0,27.0,13.0,13,19.0,54.0,7.0,14,12.0,17.0,13.0,32.0,58.0,25.0,21.0,22.0,40.0,5,0.0,47.0,13.0,30.0,34.0,26.0,10,23,27.0,13.0,37.0,,8.0,29.0,24,12,34.0,33.0,51.0,23.0,8.0,39.0,,8.0,35.0,26.0,26.0,42.0,,13.0,44.0,29.0,10,23.0,33.0,0.0,25.0,49.0,17,18.0,10,51.0,19,21.0,34.0,19.0,,30.0,22.0,47.0,35.0,15.0,18.0,14.0,19.0,9,8.0,26.0,22.0,35.0,29.0,26,21.0,,21.0,27.0,9.0,5.0,,25.0,6.0,11,15,39.0,53.0,25.0,30.0,,23.0,14.0,30.0,30,18.0,,50.0,27.0,51.0,24.0,24.0,25.0,25,19.0,10.0,20.0,24,15,9.0,,32.0,24.0,35.0,,,36.0,11.0,25.0,,36.0,21.0,37.0,31.0,24,22.0,18.0,30.0,52.0,25.0,15,23.0,38.0,22,,25.0,6.0,49.0,30.0,23.0,31.0,21.0,28.0,40.0,,17,18.0,43.0,7.0,52.0,22,30.0,21.0,22.0,0.0,13.0,56.0,11.0,11.0,11.0,4.0,36.0,23.0,18.0,22,27,46.0,14.0,12.0,37.0,28.0,26,16,27.0,36.0,48.0,52.0,20.0,21.0,,10.0,22.0,29.0,33.0,,29.0,9.0,,24,17,24.0,14.0,57.0,,42.0,23,52.0,,31.0,39.0,29.0,26.0,21.0,13.0,26.0,20.0,18.0,50.0,21.0,11.0,,34,16.0,14.0,14,26.0,37.0,30.0,,44.0,55.0,14.0,42.0,13.0,35.0,17.0,28.0,35.0,30.0,,,19.0,35.0,18.0,0.0,13.0,,30.0,21.0,52.0,40.0,,29.0,18.0,34.0,56.0,57.0,27.0,6.0,23.0,,35.0,41.0,58.0,27.0,30.0,,15.0,29.0,50.0,43.0,,,17.0,,42.0,46.0,45.0,,45.0,47.0,57.0,35.0,,10.0,39.0,29,6.0,16.0,,29.0,40.0,18.0,18.0,17.0,12.0,53.0,,22.0,,25.0,43.0,18.0,50.0,13.0,44.0,15.0,40.0,9.0,42.0,29.0,20.0,23.0,53.0,33.0,,33.0,23.0,57.0,30.0,41.0,28.0,48.0,50.0,27.0,33.0,11.0,40.0,,9.0,27.0,50.0,,33,,31.0,10.0,40.0,,56.0,34.0,29.0,5.0,32,22.0,23.0,48.0,20.0,49.0,27.0,25.0,39.0,36.0,33.0,17.0,11.0,46.0,31.0,30.0,32.0,21,34.0,21.0,23.0,,37.0,15.0,14.0,16.0,31.0,23.0,26.0,41.0,20.0,,21.0,31.0,15.0,29.0,1.0,27.0,8.0,20.0,4.0,21.0,20,18,13.0,26.0,16.0,24.0,13.0,24.0,23.0,29.0,,55.0,39.0,25.0,,,50.0,30.0,23.0,,44.0,38.0,12.0,38.0,30.0,13.0,44.0,17.0,,26.0,43.0,,25.0,6.0,15.0,19.0,29.0,35.0,36.0,52.0,13.0,9.0,,27.0,21.0,23.0,,35.0,32.0,16.0,20,31.0,42.0,19.0,36.0,16,12.0,,,0.0,24.0,37.0,8.0,32.0,55,54.0,17.0,29.0,35.0,40.0,27.0,,25,35.0,,38.0,34.0,20,16.0,36.0,32.0,39.0,14.0,6.0,,44.0,19.0,,26.0,29.0,15.0,29.0,20.0,37.0,8.0,33.0,29.0,0.0,10.0,26.0,20.0,23.0,27,33.0,,19.0,44.0,31.0,,,47.0,11.0,36.0,34.0,40.0,18.0,39,14.0,48.0,30.0,29.0,17.0,,46.0,18.0,,29.0,23.0,11.0,,36.0,21.0,26.0,,23.0,33.0,42.0,21.0,19.0,,22.0,13.0,54.0,23.0,23.0,24.0,32.0,37.0,,24.0,21.0,27.0,20.0,21.0,,10.0,30.0,21.0,,10.0,17.0,25.0,12.0,18.0,49.0,22.0,25.0,,34.0,18.0,28.0,52.0,22.0,29.0,44.0,,15.0,37.0,35.0,24.0,,29.0,27.0,46.0,18.0,34.0,19,9.0,,,13.0,13.0,17.0,22.0,,39.0,17.0,20.0,32.0,28.0,14.0,33.0,,37.0,16.0,53.0,32.0,,,25.0,24.0,16.0,38.0,14.0,19.0,50.0,22.0,25.0,42.0,54.0,8.0,25.0,38.0,13.0,27.0,,17.0,24.0,9.0,13.0,4.0,52.0,52.0,21.0,37.0,36.0,,58.0,28.0,25.0,47.0,35.0,27.0,,51.0,34.0,37.0,27.0,,25.0,,,37.0,36.0,15.0,20.0,29.0,17.0,,55.0,22.0,3.0,57.0,44.0,41.0,32.0,14.0,,13.0,47.0,,43.0,26.0,38.0,28.0,,1.0,24.0,22.0,31.0,31.0,47.0,19.0,25.0,37.0,24.0,34.0,44.0,29.0,29.0,36.0,31.0,22.0,53.0,44.0,13.0,32.0,54.0,17.0,22.0,20.0,17.0,16.0,44.0,35.0,53.0,30.0,55.0,15.0,26.0,34.0,,35.0,44.0,49.0,23,33.0,21.0,53.0,12.0,25.0,23.0,47.0,34.0,22.0,31.0,25,32.0,55.0,8.0,38.0,12.0,,44.0,25.0,41,12.0,,17.0,19.0,29.0,,34.0,16.0,,45.0,,21.0,28.0,33.0,42.0,56.0,43.0,,22.0,34.0,,41.0,39.0,43.0,10.0,,10.0,,36.0,31.0,39.0,29.0,55.0,51.0,21.0,9.0,53.0,47.0,,28.0,40.0,53.0,32.0,43.0,15.0,34.0,,32.0,17.0,50.0,5.0,13.0,,20.0,10.0,50.0,5.0,14.0,,,42.0,7.0,12.0,18.0,19.0,17.0,27.0,20.0,10.0,53.0,27.0,7.0,29.0,27.0,48.0,10.0,27.0,21.0,,,51.0,16.0,,43.0,26.0,47.0,36.0,38.0,40.0,53.0,5.0,24.0,,21.0,28.0,26.0,21.0,1.0,22.0,14.0,22.0,40.0,49.0,,0.0,,35.0,33.0,19,20.0,,50.0,24.0,5.0,,22.0,,27.0,,9.0,14.0,32.0,20.0,38.0,23.0,22.0,5.0,18.0,58.0,47.0,57.0,26.0,,27.0,,27.0,33.0,33.0,,23.0,18.0,24.0,18.0,15.0,27.0,24.0,,,19.0,20.0,19.0,8.0,43.0,30.0,,28.0,47.0,,10.0,35.0,18.0,23.0,21.0,50.0,27.0,37.0,30.0,49.0,49.0,32.0,26.0,24.0,35.0,28.0,,,37.0,,18.0,38.0,,13.0,29.0,25.0,21.0,,20.0,11.0,9,29.0,41.0,18,16.0,,,31.0,46.0,25.0,35.0,,16.0,38.0,11.0,36.0,31.0,17.0,24.0,0.0,,24.0,21.0,,28.0,,,39.0,38.0,,0.0,9.0,27.0,29.0,3.0,38.0,,38.0,,32.0,,15.0,,41.0,40.0,17.0,26.0,,39.0,11.0,11.0,40.0,45.0,26.0,,20.0,26.0,37.0,38.0,2.0,54.0,22.0,22.0,50.0,39.0,14.0,57.0,33.0,3.0,42.0,27.0,,50.0,19.0,23.0,38.0,13.0,,18.0,56.0,10.0,10.0,31.0,17.0,24.0,15.0,16.0,47.0,,15.0,20.0,,,,21.0,,54.0,19.0,22.0,26.0,13.0,,,7.0,30.0,15.0,30.0,39.0,55.0,1.0,32.0,8.0,8.0,26.0,23.0,,46.0,52.0,,38.0,47.0,0.0,40.0,,53.0,26.0,38.0,,16.0,24.0,16.0,28.0,23.0,17.0,52.0,16.0,,29.0,,47.0,,10.0,11.0,,8.0,,10.0,22.0,,,,26.0,,32.0,5.0,0.0,37.0,,,17.0,40.0,,27.0,33.0,45.0,30.0,46.0,17.0,11.0,43.0,,30.0,,22.0,56.0,,,20.0,,,49.0,50.0,56.0,18.0,36.0,43.0,52.0,20.0,23.0,30.0,,42.0,,49.0,32.0,54.0,15.0,35.0,22.0,,,,6.0,14.0,,,18.0,30.0,36.0,17.0,2.0,31.0,,25.0,40.0,,34.0,36.0,31.0,28.0,41.0,39.0,17.0,24.0,57.0,16.0,,55.0,31.0,30.0,34.0,36.0,0.0,33.0,41.0,8.0,30.0,12.0,21.0,22.0,43.0,30.0,44.0,24.0,28.0,39.0,33.0,46.0,5.0,43.0,17.0,47.0,44.0,19.0,,52.0,31.0,37.0,42.0,29.0,,51.0,15.0,18.0,11.0,17.0,35.0,28.0,29.0,25.0,16.0,17.0,54.0,16.0,35.0,,,34.0,10.0,,41.0,48.0,40.0,16.0,5.0,34.0,,48.0,32.0,49.0,,11.0,44.0,,,28.0,13.0,13.0,10.0,27.0,31.0,18.0,,58.0,23.0,8.0,32.0,12.0,,37.0,47.0,42.0,,31.0,28.0,50.0,22.0,33.0,41.0,9.0,13.0,38.0,,,,15.0,40.0,7.0,11.0,,30.0,9.0,,43.0,20.0,31.0,51.0,,,24.0,,,19.0,15.0,25.0,20.0,,30.0,44.0,22.0,39.0,37.0,18.0,5.0,33.0,6.0,16.0,42.0,12.0,,26.0,32.0,,49.0,22.0,16.0,53.0,25.0,0.0,3.0,45.0,54.0,30.0,14.0,52.0,34.0,43.0,52.0,57.0,22.0,43.0,44.0,7.0,35.0,41.0,,,14.0,,41.0,24.0,20.0,39.0,40.0,23.0,21.0,20.0,,0.0,24.0,,52.0,6.0,24.0,22.0,,,25.0,38.0,,16.0,10.0,23.0,39.0,,,50.0,53.0,7.0,50.0,42.0,19.0,30.0,,40.0,,33.0,31.0,,,40.0,47.0,50.0,30.0,33.0,11.0,29.0,0.0,21.0,45.0,27.0,43.0,15.0,33.0,32.0,24.0,27.0,16.0,19.0,2.0,54.0,,31.0,26.0,49.0,39.0,28.0,41.0,24.0,17.0,26.0,,30.0,,,30.0,36.0,,35.0,42.0,,29.0,51.0,10.0,,49.0,,,17.0,13.0,,21.0,,32.0,34.0,38.0,9.0,45.0,27.0,,,20.0,27.0,35.0,32.0,,,13.0,,,,39.0,53.0,9.0,44.0,,,41.0,25.0,23.0,,19.0,13.0,,40.0,19.0,48.0,41.0,14.0,,58.0,39.0,34.0,3.0,,41.0,,,29.0,47.0,31.0,55.0,23.0,8.0,,15.0,56.0,12.0,29.0,25.0,,17.0,40.0,53.0,46.0,22.0,16.0,28.0,42.0,31.0,19.0,24.0,9.0,,37.0,24.0,,,,,,5.0,21.0,58.0,13.0,30.0,18.0,17.0,38.0,,22.0,43.0,23.0,51.0,47.0,52.0,49.0,16.0,,30.0,19.0,54.0,,33.0,45.0,42.0,36.0,13.0,20.0,35.0,21.0,51.0,,35.0,,23.0,56.0,56.0,42.0,29.0,15.0,,25.0,36.0,,28.0,22.0,32.0,,41.0,,48.0,29.0,42.0,32.0,,,51.0,27.0,36.0,23.0,21.0,29.0,45.0,31.0,20.0,,24.0,30.0,37.0,,,,37.0,41.0,55.0,20.0,,,46.0,,48.0,25.0,,,48.0,39.0,7.0,37.0,,,14.0,0.0,11.0,52.0,26.0,14.0,28.0,23.0,,19.0,28.0,41.0,0.0,20.0,,35.0,34.0,,,,54.0,15.0,19.0,,39.0,15.0,,,,10.0,26.0,31.0,,23.0,,43.0,,48.0,53.0,13.0,24.0,27.0,,,49.0,50.0,54.0,12.0,38.0,52.0,58.0,1.0,15.0,25.0,14.0,1.0,,34.0,12.0,40.0,17.0,,19.0,42.0,17.0,,,,,33.0,37.0,16.0,33.0,40.0,35.0,20.0,17.0,22.0,11.0,,,40.0,12.0,,25.0,16.0,35.0,23.0,31.0,4.0,21.0,,3.0,26.0,,47.0,,33.0,23.0,16.0,12.0,,34.0,,47.0,27.0,46.0,18.0,30.0,47.0,57.0,24.0,9.0,48.0,14.0,52.0,24.0,42.0,24.0,15.0,,47.0,,49.0,37.0,35.0,31.0,,18.0,,24.0,44.0,,,,,22.0,52.0,13.0,55.0,35.0,20.0,23.0,21.0,8.0,,56.0,57.0,39.0,19.0,,31.0,36.0,18.0,37.0,32.0,2.0,46.0,58.0,,52.0,,12.0,55.0,25.0,49.0,41.0,42.0,40.0,51.0,53.0,28.0,47.0,35.0,7.0,,13.0,35.0,17.0,33.0,15.0,,49.0,,23.0,49.0,26.0,33.0,30.0,15.0,54.0,21.0,,11.0,29.0,51.0,54.0,46.0,21.0,56.0,5.0,57.0,7.0,17.0,26.0,,,,51.0,36.0,44.0,7.0,8.0,28.0,8.0,51.0,,40.0,4.0,,,11.0,31.0,31.0,,19.0,32.0,23.0,35.0,21.0,54.0,58.0,,,,17.0,7.0,39.0,,36.0,15.0,44.0,46.0,5.0,42.0,41.0,22.0,5.0,40.0,,24.0,50.0,,31.0,40.0,23.0,27.0,49.0,,,11.0,41.0,,,,15.0,16.0,,,,44.0,,16.0,55.0,39.0,49.0,46.0,30.0,24.0,12.0,15.0,,22.0,,,45.0,50.0,,,19.0,50.0,39.0,25.0,13.0,9.0,,5.0,17.0,,22.0,35.0,18.0,35.0,,57.0,29.0,53.0,,56.0,17.0,,41.0,16.0,,19.0,41.0,20.0,25.0,33.0,,,38.0,35.0,34.0,54.0,,46.0,58.0,22.0,14.0,19.0,8.0,32.0,19.0,36.0,,42.0,22.0,,56.0,26.0,25.0,20.0,29.0,16.0,14.0,,9.0,24.0,28.0,,34.0,,35.0,11.0,44.0,34.0,44.0,12.0,40.0,35.0,,11.0,,40.0,,41.0,36.0,,47.0,27.0,10.0,54.0,41.0,,,15.0,32.0,37.0,16.0,,40.0,,7.0,45.0,10.0,18.0,29.0,41.0,,33.0,12.0,,,19.0,49.0,55.0,,11.0,,41.0,,20.0,,,28.0,32.0,13.0,53.0,9.0,,47.0,54.0,,23.0,36.0,54.0,16.0,16.0,23.0,49.0,51.0,,,19.0,52.0,8.0,,,52.0,30.0,,,34.0,13.0,23.0,181,3,2.454172366621067,18.3751425313569,-0.3633772482379884
9,10,6,11,10,14,13,12,9,11,5,11,14,10,11,15,15,10,16,12,12,16,13,12,12,20,16,11,6,18,14,16,13,13,19,11,8,15,15,16,20,49.0,18,23,15,15,14,22,17,26,12,15,13,11,16,23,18,14,17,15,14,22,20,18,14.0,16,14,18,18,15,17,16,20,17,19,13,17,21,18,8,19,16,15,15,19,17,24,13,21,24,16,21,27,11,22,17,20,15,14,16,19,34,14,14,13,21,14,19,10,13,13,31.0,17,22,44.0,23,17,18,12,37,19,16,13,18,16,16,17,15.0,17,18,18,17,15.0,8,14,23.0,19,28,15,19,16,27,17,23,25.0,25.0,22,31.0,11,23,21,19,19.0,18,8,31,22,47.0,25,28,21,20,15,21,16,13.0,9,27,18,28,16,44.0,13,33,19,17,26,20.0,25,27.0,14,25,1,16,30,16.0,41.0,13,16,26.0,30.0,23,43,19,21,26,15,21,20.0,26,15,,2,15,33,19,14.0,20,25,27,18,40.0,17,0,10,35,14,20,18,19.0,22.0,22,20,6,40.0,18,14,22,22.0,20,23.0,42.0,23,28,35.0,11,28,15,28.0,25.0,17,19,1,15,20,48.0,13,26,37,17,18,16,35.0,0.0,0,33.0,60.0,17.0,29.0,25,47.0,16,20,28,62.0,63.0,23.0,56.0,18.0,17,35.0,7.0,53.0,15,25,46.0,10,20,26,23.0,45.0,23.0,11,23.0,22,21,17.0,20.0,17,26.0,26.0,11,29,23.0,19,22.0,27.0,28.0,27,22,44.0,14,27,23,18,18,18,17,29,16,28,25,17,14.0,43.0,36,15,18,23.0,45.0,23,35,19,46.0,14,10.0,18,37,20,16,17,21.0,16,39.0,22,29,29.0,3,28,18,57.0,,10,25.0,,12.0,22.0,46.0,21,14.0,40,33,13,25.0,35,15.0,43.0,19,29.0,20.0,,21,,25,32,31,30,8,16,34,20.0,22,47.0,20,14,20,55.0,20,42.0,17,17.0,13,,41,25,42.0,32,17.0,18,35.0,20.0,27,15,23.0,41.0,19.0,35.0,26.0,12,20.0,46.0,28,,15,22,15.0,46.0,36,18.0,26,24.0,16.0,22,23,25,18.0,26,27.0,40.0,34,21.0,24,12.0,20,25,28,10.0,45.0,25,18,24,17.0,24.0,22,22,25.0,58,15.0,29.0,42.0,39.0,28.0,5.0,16.0,37.0,,36.0,13,25,25.0,12.0,38.0,21.0,33.0,,49.0,21.0,24,21,6.0,46.0,17,32.0,46.0,50.0,14.0,21.0,37.0,19,21,47.0,22.0,28.0,29.0,27,,29.0,51.0,0,34,33,36.0,27.0,43.0,48.0,20,14,30.0,21.0,4,11.0,44.0,40,,43.0,11.0,28,38.0,18,15.0,37.0,9.0,25,32.0,34,11.0,17,31,18.0,24.0,,20.0,35,30,24,24.0,11,13.0,30,29,33.0,34,16,19.0,22.0,23,19,21.0,19.0,21.0,15.0,25.0,27.0,22,,10,17,28.0,21.0,39.0,9.0,12.0,51.0,30,22,41.0,31.0,35.0,25.0,19.0,22.0,25,35.0,30,16.0,12.0,,50.0,15,33.0,20,20.0,44.0,12.0,29,30.0,26.0,31.0,26,23,,63.0,38.0,33.0,47.0,30.0,37.0,25.0,27.0,10.0,21.0,30.0,31,16,33.0,29.0,28.0,16,17,21,35,41.0,26.0,11,28,38.0,,30,26.0,25.0,34.0,18,16.0,,31.0,13,19.0,22.0,22.0,45.0,21.0,16.0,7,19.0,19,23.0,17,17,23,39.0,24.0,27.0,17.0,,41.0,49.0,,25.0,26.0,33.0,19,15.0,32.0,27,7.0,,8.0,14.0,29,15.0,31.0,40.0,23,26,40.0,9,19.0,29.0,36.0,20.0,21,25.0,36,25,36.0,22,57.0,16,33.0,,31.0,35,25,14.0,40.0,26,22.0,26,13.0,20,61.0,28.0,48.0,,16.0,17.0,32,31.0,,48.0,,,11.0,,24,24,13.0,27,36,19,21.0,54.0,17.0,61.0,,26.0,47,38.0,31.0,51.0,24,,37.0,31.0,48.0,48.0,30,28.0,19.0,0.0,4.0,19.0,33.0,,37,40.0,,,38.0,,32.0,24.0,23,38.0,17.0,45.0,25.0,18,25,11.0,40.0,20,26.0,37.0,13.0,15,12.0,22.0,14.0,,23,8.0,37.0,24.0,42.0,46.0,19.0,50.0,,33.0,13,29,,18.0,50.0,41.0,20.0,39.0,21.0,31.0,26.0,42.0,40,32,46.0,36,20.0,36.0,42.0,26.0,19,25,31.0,20.0,30.0,22.0,48.0,23.0,19.0,30.0,44.0,31,29.0,27.0,30.0,29.0,,17.0,16,39.0,29.0,22.0,20,46.0,26.0,13.0,38.0,24.0,20.0,27,27.0,13,40.0,51.0,33.0,31.0,58.0,,19.0,31.0,26.0,57.0,,,23.0,,37.0,32.0,30.0,24.0,22.0,17.0,40.0,26,28.0,37.0,18,18.0,41.0,29,51.0,43.0,21.0,2,24,37,24.0,27.0,54.0,24.0,38.0,40.0,45.0,43.0,52.0,21,31.0,45,0.0,35,33,9.0,21,19.0,19.0,31.0,,16,20.0,22.0,46.0,20.0,22.0,39.0,28,47.0,33,41.0,52.0,34.0,14,33.0,17,35,21.0,49.0,30.0,32,25.0,,24,27.0,37.0,,52.0,,39.0,40.0,37.0,44,25.0,32.0,24.0,50.0,13.0,24.0,39.0,42.0,25,38.0,21,16.0,31.0,28.0,38.0,20,29,29.0,29.0,22.0,31.0,27.0,30.0,26.0,23.0,42.0,14,32.0,13.0,0,20,45.0,,29,48.0,45.0,8,29.0,30,16,16,,14.0,,21.0,24.0,26.0,17.0,,44.0,29.0,28.0,0.0,28.0,30.0,31.0,33.0,12.0,49.0,19.0,42.0,,21.0,21.0,32.0,33.0,34.0,18.0,18.0,13.0,13.0,28.0,33.0,53.0,46.0,11.0,,20.0,34.0,29.0,26.0,,32.0,,27.0,43.0,16.0,26.0,49.0,35,19.0,38.0,18.0,25,34.0,26.0,13.0,21.0,38.0,29.0,30.0,25.0,50.0,39.0,58.0,34.0,47.0,22.0,40.0,27.0,32.0,,48.0,38.0,17.0,35.0,46.0,21.0,56.0,32.0,,26.0,17,30.0,36.0,20.0,15,19.0,18.0,33.0,34.0,,,18.0,25.0,37.0,40,31.0,43.0,54.0,14.0,35.0,29.0,22,16,23.0,32.0,22.0,33.0,32.0,54.0,29,24,,5.0,46.0,40.0,24.0,41.0,38.0,38.0,48.0,,10.0,,27.0,37.0,25.0,38.0,32,17.0,48.0,28.0,30.0,20.0,27,24.0,56,,41,36.0,43.0,38.0,13.0,29.0,42.0,,22.0,19.0,30.0,,39.0,15,19.0,26.0,48.0,33.0,26.0,57,15.0,52.0,43.0,15.0,31.0,55.0,55.0,30.0,35.0,19,39,32.0,23.0,16.0,17.0,36.0,16.0,44.0,25.0,26,,29.0,33.0,32.0,34.0,47.0,38.0,35.0,34,25.0,47.0,36.0,29,11,,41.0,,35.0,,29.0,13.0,48.0,26.0,20.0,14.0,12.0,22.0,60.0,25.0,34,55.0,,20.0,31.0,55.0,17,29.0,15.0,21,24.0,31.0,34.0,28.0,,51.0,44.0,38.0,32.0,28.0,54.0,59,46.0,45.0,,19.0,31,22.0,42.0,41.0,18.0,33.0,19.0,28.0,28.0,40.0,16.0,28.0,36.0,55.0,21,23,62.0,26.0,24.0,19.0,48.0,15,22,24.0,50.0,51.0,28.0,32.0,42.0,27.0,28.0,34.0,45.0,58.0,,58.0,14.0,52.0,24,42,49.0,16.0,18.0,33.0,24.0,23,29.0,11.0,22.0,26.0,,34.0,37.0,20.0,25.0,17.0,42.0,,43.0,27.0,36.0,20,29.0,57.0,21,38.0,,24.0,45.0,19.0,,39.0,34.0,13.0,15.0,20.0,46.0,25.0,48.0,52.0,,46.0,38.0,29.0,55.0,26.0,27.0,,53.0,,11.0,19.0,19.0,10.0,,,22.0,33.0,,20.0,34.0,44.0,,25.0,28.0,0.0,37.0,37.0,23.0,36.0,21.0,54.0,46.0,15.0,38.0,,45.0,38.0,32.0,20.0,41.0,,30.0,12.0,15.0,23.0,20,22.0,26.0,0.0,,57.0,62.0,23.0,,24.0,30.0,16.0,20.0,32.0,21.0,40.0,25.0,,24.0,,26.0,39.0,43.0,61.0,33.0,31.0,,31.0,24.0,33.0,12.0,22.0,46.0,15.0,,52.0,18.0,,43.0,32.0,,17.0,47.0,39.0,27.0,,39.0,16,59.0,23.0,29.0,20.0,21.0,24.0,34.0,,,27,29.0,39.0,18.0,36.0,,38.0,28.0,35.0,21.0,61.0,26.0,41.0,,36.0,51.0,39.0,31,,34.0,43.0,37.0,,26.0,19.0,30.0,20.0,,15.0,57.0,59.0,43.0,19.0,51.0,,19.0,25.0,37.0,53.0,,32.0,50.0,18,35,35.0,43.0,19.0,27.0,,29.0,33.0,20.0,55.0,21.0,,15.0,57.0,18.0,58.0,,61.0,39.0,34.0,31.0,15.0,23.0,29.0,,32.0,27.0,,20.0,13.0,58.0,11.0,51.0,,,32.0,33.0,22.0,30.0,,34.0,57.0,44.0,39.0,36.0,46.0,,63.0,24.0,14,48.0,35.0,22.0,32.0,45,48.0,42.0,62.0,26.0,23.0,24.0,11.0,30.0,0,,50.0,24.0,,22.0,35.0,39.0,56,16.0,44.0,35.0,30.0,35,,41.0,18.0,22.0,58.0,11.0,,11.0,30.0,18.0,48.0,27.0,29.0,19.0,,29.0,19.0,,5.0,45.0,60.0,23.0,9.0,57.0,33,,61.0,30.0,13.0,16.0,35.0,59.0,39.0,16.0,17.0,,55.0,17.0,24,30.0,51.0,36.0,24.0,,8.0,,43.0,52.0,22.0,49.0,56.0,38.0,5.0,27.0,60.0,38.0,47.0,20.0,42.0,33.0,37.0,51.0,37.0,54.0,47.0,30.0,50.0,29.0,41.0,37.0,,35.0,18.0,54.0,12.0,17.0,30.0,59.0,28.0,30.0,28.0,23.0,,27.0,24.0,41.0,38.0,43.0,25.0,60.0,26.0,28.0,34.0,28.0,46.0,58.0,26.0,,24.0,49.0,51.0,23.0,,38.0,18.0,,,24.0,18,35.0,63.0,10.0,34.0,45.0,51.0,17.0,59.0,15.0,32.0,50.0,20.0,20.0,37.0,,51.0,27.0,17.0,31.0,31.0,26.0,53.0,33.0,,30.0,48.0,36.0,39.0,26.0,24.0,,41.0,56.0,44.0,31.0,62.0,8.0,53.0,41.0,21.0,21.0,33.0,49.0,,25.0,48.0,,57.0,19.0,48.0,,,0.0,49.0,,49.0,23.0,,58.0,16.0,51.0,63.0,36.0,37.0,44.0,35.0,38.0,7.0,14.0,19.0,24.0,37.0,34.0,32.0,33.0,25.0,30.0,35.0,27.0,24.0,35.0,,45.0,42.0,19.0,27.0,,18.0,60.0,3.0,13.0,30.0,34.0,32.0,,31.0,63.0,23.0,38.0,,,,44.0,29.0,59.0,36.0,39.0,63.0,11.0,31.0,14.0,20.0,,39.0,31.0,60.0,26.0,30.0,25.0,,15.0,21.0,62.0,39.0,,34.0,19.0,15.0,27,45.0,43.0,37.0,,27.0,18.0,35.0,60.0,29.0,63.0,41,56.0,60.0,33.0,35.0,29.0,55.0,4.0,44.0,33,47.0,,41.0,12.0,18.0,59.0,,47.0,19.0,24.0,9.0,14.0,33.0,47.0,50.0,14.0,19.0,0.0,24.0,37.0,37.0,19.0,6.0,54.0,15.0,,44.0,42.0,23.0,33.0,39.0,25.0,31.0,,8.0,54.0,17.0,59.0,28.0,36.0,25.0,,14.0,44.0,,57.0,12.0,63.0,,,34.0,,46.0,21.0,,11.0,48.0,20.0,27.0,51.0,39.0,42.0,37.0,29.0,,29.0,49.0,28.0,34.0,19.0,27.0,30.0,34.0,38.0,50.0,25.0,33.0,21.0,20.0,26.0,19.0,61.0,0.0,20.0,,53.0,22.0,51.0,32.0,28.0,33.0,33.0,52.0,56.0,44.0,51.0,,17.0,35.0,49.0,54.0,60.0,30.0,,45.0,37.0,,15.0,36,31.0,25.0,30.0,49.0,18.0,34.0,,63.0,23.0,,,0.0,38.0,57.0,14.0,31.0,38.0,36.0,8.0,18.0,18.0,61.0,54.0,,,58.0,16.0,47.0,31.0,,33.0,40.0,30.0,,50.0,29.0,37.0,38.0,13.0,32.0,37.0,49.0,46.0,0.0,55.0,56.0,47.0,,23.0,37.0,55.0,33.0,18.0,,,,48.0,32.0,29.0,42.0,37.0,23.0,32.0,,38.0,,35.0,17.0,,,43.0,30.0,8.0,25.0,,31.0,42.0,27.0,20.0,8,,,30,49.0,20.0,30.0,,,34.0,2.0,24.0,33.0,45.0,40.0,39.0,40.0,32.0,,,57.0,20.0,57.0,33.0,43.0,47.0,37.0,40.0,36.0,44.0,23.0,30.0,54.0,9.0,29.0,37.0,22.0,22.0,29.0,34.0,23.0,0.0,29.0,44.0,40.0,40.0,22.0,24.0,62.0,38.0,49.0,0.0,41.0,16.0,,33.0,49.0,48.0,28.0,,16.0,31.0,38.0,,38.0,,25.0,25.0,43.0,52.0,54.0,29.0,,,,25.0,35.0,47.0,,56.0,51.0,61.0,16.0,,19.0,,19.0,0.0,42.0,24.0,59.0,,22.0,,31.0,0.0,60.0,34.0,,10.0,60.0,59.0,28.0,54.0,,,21.0,38.0,11.0,20.0,,20.0,37.0,45.0,,44.0,19.0,48.0,,21.0,62.0,,47.0,63.0,8.0,40.0,16.0,19.0,57.0,24.0,25.0,,31.0,50.0,,28.0,62.0,13.0,43.0,,19.0,,22.0,16.0,35.0,14.0,41.0,,28.0,57.0,33.0,12.0,47.0,22.0,42.0,17.0,19.0,,29.0,34.0,,51.0,,,44.0,54.0,,,10.0,20.0,,,,23.0,,,,14.0,33.0,28.0,38.0,38.0,,,,,38.0,23.0,36.0,35.0,52.0,,38.0,33.0,,34.0,,41.0,33.0,,0.0,45.0,12.0,22.0,23.0,52.0,34.0,46.0,47.0,23.0,0.0,23.0,,34.0,41.0,38.0,58.0,,25.0,22.0,38.0,63.0,29.0,45.0,50.0,,24.0,29.0,39.0,43.0,16.0,17.0,61.0,,40.0,57.0,27.0,17.0,22.0,19.0,45.0,30.0,0.0,,,24.0,26.0,47.0,33.0,,40.0,28.0,26.0,29.0,39.0,51.0,30.0,47.0,56.0,,25.0,31.0,31.0,,30.0,32.0,33.0,0.0,36.0,22.0,9.0,58.0,58.0,40.0,25.0,44.0,17.0,58.0,54.0,29.0,60.0,,44.0,26.0,33.0,,32.0,,,48.0,31.0,21.0,20.0,26.0,31.0,19.0,14.0,50.0,19.0,29.0,21.0,28.0,60.0,34.0,29.0,48.0,34.0,43.0,,37.0,33.0,,24.0,56.0,,45.0,18.0,36.0,48.0,41.0,,,17.0,,48.0,12.0,11.0,50.0,46.0,,26.0,41.0,26.0,38.0,22.0,0.0,32.0,40.0,53.0,21.0,25.0,,19.0,,23.0,,,19.0,26.0,8.0,21.0,26.0,0.0,19.0,,41.0,12.0,,21.0,,7.0,44.0,25.0,42.0,35.0,25.0,57.0,57.0,26.0,35.0,39.0,26.0,,12.0,32.0,,,48.0,,15.0,,27.0,34.0,21.0,44.0,,18.0,16.0,36.0,37.0,,42.0,0.0,32.0,40.0,23.0,26.0,28.0,,31.0,,63.0,37.0,17.0,49.0,48.0,49.0,48.0,,,47.0,30.0,20.0,,46.0,,,41.0,,23.0,0.0,,,57.0,18.0,41.0,,19.0,,27.0,27.0,,51.0,,23.0,55.0,30.0,34.0,33.0,55.0,33.0,48.0,,36.0,45.0,25.0,41.0,33.0,42.0,12.0,,46.0,56.0,20.0,40.0,25.0,24.0,,,26.0,,53.0,19.0,39.0,,48.0,61.0,48.0,21.0,,63.0,,50.0,,27.0,11.0,42.0,58.0,53.0,41.0,60.0,,33.0,36.0,39.0,42.0,47.0,51.0,,,,30.0,,40.0,38.0,27.0,36.0,17.0,49.0,25.0,25.0,29.0,50.0,18.0,29.0,,39.0,45.0,15.0,54.0,35.0,45.0,31.0,,50.0,49.0,45.0,53.0,49.0,37.0,39.0,20.0,31.0,29.0,38.0,42.0,,36.0,22.0,,,62.0,20.0,,,19.0,,45.0,57.0,25.0,47.0,39.0,50.0,45.0,,,45.0,,37.0,15.0,62.0,39.0,,46.0,57.0,44.0,,49.0,43.0,52.0,48.0,21.0,37.0,14.0,29.0,45.0,,23.0,37.0,33.0,55.0,30.0,0.0,,,53.0,24.0,30.0,32.0,23.0,,,40.0,15.0,52.0,55.0,47.0,,,,52.0,37.0,9.0,,,40.0,25.0,46.0,45.0,39.0,61.0,,48.0,53.0,29.0,48.0,39.0,60.0,52.0,28.0,,26.0,54.0,14.0,61.0,13.0,57.0,21.0,42.0,,38.0,10.0,27.0,36.0,30.0,,38.0,18.0,41.0,,62.0,26.0,37.0,33.0,29.0,14.0,17.0,58.0,,58.0,,,23.0,,,62.0,32.0,,35.0,30.0,,19.0,2.0,39.0,56.0,30.0,45.0,34.0,50.0,15.0,,,29.0,,35.0,,,50.0,,,,37.0,41.0,25.0,47.0,63.0,,20.0,57.0,57.0,13.0,49.0,55.0,,,28.0,24.0,43.0,33.0,49.0,15.0,,16.0,,,41.0,,23.0,55.0,,,,30.0,24.0,30.0,,18.0,15.0,,46.0,,24.0,17.0,39.0,56.0,25.0,16.0,38.0,33.0,16.0,,39.0,47.0,17.0,21.0,37.0,,46.0,62.0,7.0,,32.0,,,26.0,17.0,26.0,32.0,54.0,,32.0,38.0,33.0,,41.0,49.0,53.0,55.0,46.0,62.0,29.0,44.0,24.0,42.0,32.0,44.0,55.0,29.0,31.0,,,45.0,57.0,28.0,,,,21.0,,56.0,41.0,37.0,21.0,,63.0,36.0,41.0,6.0,22.0,46.0,44.0,16.0,56.0,32.0,41.0,48.0,27.0,,40.0,48.0,,25.0,56.0,,,,13.0,43.0,50.0,19.0,38.0,35.0,45.0,44.0,22.0,36.0,32.0,19.0,29.0,39.0,44.0,54.0,38.0,26.0,,47.0,11.0,16.0,10.0,21.0,15.0,18.0,28.0,,45.0,,39.0,39.0,,38.0,23.0,28.0,30.0,33.0,,41.0,22.0,53.0,,21.0,37.0,48.0,38.0,55.0,,0.0,,,26.0,,42.0,14.0,,60.0,29.0,56.0,,,51.0,44.0,52.0,,,55.0,,23.0,,,17.0,,41.0,29.0,27.0,49.0,54.0,57.0,18.0,,35.0,22.0,,48.0,38.0,23.0,33.0,39.0,41.0,63.0,17.0,31.0,41.0,33.0,27.0,61.0,14.0,41.0,60.0,41.0,,28.0,,,31.0,54.0,25.0,,36.0,34.0,58.0,12.0,33.0,29.0,24.0,51.0,,,59.0,34.0,28.0,,42.0,49.0,24.0,33.0,54.0,34.0,,39.0,35.0,12.0,42.0,55.0,52.0,23.0,22.0,50.0,50.0,59.0,,25.0,42.0,30.0,,46.0,28.0,26.0,,,52.0,,,40.0,,22.0,28.0,52.0,,54.0,,26.0,22.0,24.0,,32.0,25.0,27.0,,32.0,35.0,34.0,29.0,15.0,37.0,27.0,19.0,52.0,63.0,35.0,57.0,37.0,48.0,,,,,37.0,53.0,33.0,56.0,,52.0,17.0,19.0,48.0,34.0,,,,58.0,43.0,,13.0,21.0,43.0,53.0,39.0,,52.0,,,30.0,37.0,,38.0,,39.0,55.0,,37.0,58.0,37.0,,18.0,58.0,31.0,,25.0,36.0,17.0,,,63.0,13.0,20.0,30.0,20.0,16.0,25.0,52.0,,55.0,25.0,,34.0,36.0,15.0,10.0,23.0,59.0,19.0,58.0,,,46.0,39.0,,23.0,,,47.0,,35.0,,,,24.0,,,16.0,54.0,45.0,37.0,29.0,37.0,,35.0,59.0,21.0,,36.0,9.0,55.0,38.0,45.0,25.0,52.0,4.0,182,3,2.441576086956522,18.265544780376498,-0.34942216584769314
8,7,6,14,5,9,9,9,9,3,7,8,6,7,8,8,10,11,20,6,12,17,11,8,12,9,10,14,3,2,5,12,8,7,6,10,20,15,16,5,17,17.0,12,18,13,10,27,9,9,26,15,17,12,12,37,24,18,10,16,9,12,17,18,11,31.0,11,11,13,16,18,16,11,15,13,10,13,12,15,17,9,22,12,13,15,16,11,8,11,19,7,18,10,17,20,14,21,15,13,12,15,31,7,15,15,12,20,13,15,14,14,27,17.0,15,13,32.0,15,8,13,10,28,14,5,14,18,14,15,17,10.0,20,15,15,19,55.0,24,15,39.0,13,29,41,11,15,15,22,14,11.0,22.0,28,24.0,10,6,20,15,24.0,3,28,16,17,15.0,25,17,23,19,22,20,16,24.0,13,18,21,15,15,25.0,14,24,11,7,22,34.0,14,20.0,22,13,17,12,13,18.0,13.0,23,23,38.0,25.0,14,14,19,13,44,15,20,19.0,13,14,28.0,5,16,20,12,35.0,18,28,29,18,9.0,34,24,12,0,13,10,20,53.0,16.0,24,20,17,16.0,17,23,33,37.0,13,34.0,12.0,29,5,48.0,39,11,15,31.0,,21,14,27,25,33,18.0,17,14,22,19,13,12,24.0,17.0,18,,19.0,29.0,12.0,21,37.0,15,27,14,55.0,48.0,24.0,28.0,14.0,20,13.0,29.0,14.0,18,37,20.0,21,19,26,20.0,22.0,21.0,27,13.0,29,23,12.0,20.0,14,20.0,35.0,25,18,23.0,5,41.0,15.0,30.0,22,23,27.0,16,30,24,20,31,32,12,16,14,25,23,17,4.0,37.0,29,16,25,22.0,20.0,15,26,18,23.0,24,,22,31,18,9,10,36.0,9,15.0,21,14,22.0,13,13,22,,9.0,17,35.0,,15.0,17.0,12.0,27,22.0,26,21,11,30.0,11,12.0,15.0,11,34.0,35.0,,11,8.0,16,25,32,18,30,18,16,13.0,20,29.0,25,22,27,25.0,15,12.0,28,45.0,17,57.0,11,21,33.0,31,21.0,10,37.0,45.0,12,33,,14.0,26.0,16.0,7.0,26,19.0,30.0,14,55.0,15,14,30.0,,20,19.0,29,26.0,46.0,21,14,31,28.0,17,32.0,14.0,13,32.0,20,17.0,13,15,18,17.0,23.0,23,4,23,25.0,38.0,17,27,28.0,55,24.0,15.0,27.0,33.0,,17.0,18.0,8.0,58.0,12.0,19,25,22.0,,44.0,11.0,14.0,20.0,25.0,14.0,16,17,37.0,18.0,20,,33.0,,23.0,20.0,40.0,26,36,46.0,21.0,40.0,24.0,12,34.0,4.0,42.0,30,10,16,,17.0,13.0,14.0,13,33,21.0,33.0,11,38.0,38.0,25,19.0,14.0,46.0,22,35.0,11,24.0,,19.0,20,32.0,32,45.0,14,23,,25.0,39.0,38.0,13,26,22,18.0,11,10.0,15,30,16.0,43,20,19.0,24.0,21,27,22.0,26.0,56.0,,,9.0,37,,25,21,29.0,29.0,55.0,30.0,28.0,51.0,16,10,18.0,,21.0,17.0,,30.0,32,52.0,19,38.0,28.0,25.0,41.0,16,60.0,24,,46.0,22.0,32,51.0,15.0,23.0,18,13,48.0,53.0,22.0,36.0,38.0,16.0,45.0,15.0,41.0,26.0,,14.0,27,15,15.0,49.0,27.0,19,17,17,23,34.0,28.0,24,15,25.0,18.0,10,33.0,29.0,26.0,20,20.0,49.0,,22,46.0,24.0,17.0,27.0,31.0,53.0,15,20.0,15,5.0,16,23,25,27.0,47.0,16.0,,,9.0,31.0,23.0,33.0,23.0,14.0,18,47.0,,30,11.0,39.0,14.0,37.0,9,44.0,,31.0,15,19,36.0,26,14.0,14.0,17.0,56.0,20,42.0,5,7,,15,59.0,37,30.0,,26.0,5,16,44.0,10.0,30,18.0,21,19.0,14,22.0,7.0,59.0,,8.0,13.0,32,15.0,,37.0,13.0,,0.0,,17,15,26.0,21,20,3,42.0,34.0,20.0,32.0,35.0,38.0,27,21.0,46.0,54.0,13,50.0,46.0,32.0,,19.0,36,35.0,25.0,35.0,19.0,13.0,,30.0,12,51.0,18.0,38.0,16.0,18.0,28.0,24.0,26,9.0,34.0,22.0,45.0,13,9,12.0,9.0,35,36.0,34.0,15.0,38,22.0,27.0,15.0,22.0,15,26.0,23.0,25.0,34.0,26.0,33.0,18.0,41.0,19.0,20,25,31.0,40.0,27.0,40.0,50.0,26.0,42.0,,19.0,41.0,2,17,30.0,17,39.0,39.0,,33.0,16,8,40.0,50.0,12.0,0.0,,38.0,24.0,21.0,25.0,18,39.0,,,31.0,33.0,25.0,15,18.0,16.0,13.0,14,48.0,29.0,20.0,16.0,33.0,26.0,19,22.0,30,47.0,33.0,43.0,35.0,17.0,46.0,48.0,29.0,42.0,14.0,,18.0,9.0,20.0,56.0,20.0,,40.0,11.0,42.0,24.0,33,36.0,31.0,16,22.0,,9,23.0,54.0,58.0,20,13,26,21.0,23.0,52.0,21.0,48.0,34.0,4.0,25.0,30.0,15,28.0,19,10.0,31,14,19.0,35,38.0,42.0,23.0,32.0,10,24.0,14.0,28.0,22.0,,31.0,13,33.0,42,29.0,46.0,,29,24.0,20,16,28.0,10.0,41.0,18,18.0,,18,32.0,19.0,54.0,21.0,42.0,11.0,30.0,26.0,26,11.0,35.0,37.0,36.0,29.0,44.0,50.0,52.0,20,15.0,27,19.0,48.0,,19.0,34,15,23.0,17.0,28.0,20.0,48.0,8.0,21.0,24.0,49.0,23,23.0,,42,15,40.0,12.0,32,33.0,27.0,12,10.0,23,21,25,21.0,,49.0,58.0,10.0,38.0,28.0,,53.0,19.0,29.0,17.0,27.0,20.0,15.0,19.0,13.0,38.0,22.0,46.0,,18.0,59.0,59.0,33.0,,21.0,,21.0,35.0,17.0,37.0,18.0,14.0,14.0,51.0,,16.0,37.0,19.0,21.0,28.0,,23.0,25.0,,,54.0,27,6.0,21.0,38.0,26,16.0,5.0,14.0,26.0,14.0,16.0,33.0,8.0,,17.0,21.0,22.0,16.0,18.0,46.0,36.0,49.0,40.0,37.0,7.0,48.0,22.0,,29.0,19.0,49.0,45.0,31.0,18,44.0,40.0,,14,0.0,25.0,19.0,19.0,43.0,34.0,19.0,34.0,43.0,21,35.0,52.0,37.0,47.0,18.0,48.0,11,21,,34.0,29.0,,27.0,,26,16,,,20.0,,50.0,27.0,21.0,9.0,33.0,,18.0,43.0,50.0,,51.0,16.0,12,17.0,18.0,59.0,18.0,30.0,32,19.0,24,24.0,24,28.0,44.0,,53.0,19.0,25.0,41.0,10.0,28.0,18.0,20.0,40.0,30,52.0,19.0,55.0,37.0,46.0,13,,0.0,33.0,15.0,43.0,13.0,23.0,45.0,12.0,12,19,42.0,20.0,15.0,34.0,25.0,5.0,59.0,39.0,19,50.0,,15.0,60.0,34.0,32.0,48.0,24.0,15,22.0,22.0,23.0,16,28,,24.0,35.0,31.0,29.0,57.0,,16.0,49.0,51.0,28.0,29.0,17.0,36.0,22.0,20,12.0,,,22.0,22.0,25,48.0,57.0,12,14.0,12.0,,31.0,33.0,19.0,23.0,12.0,17.0,11.0,26.0,55,26.0,47.0,44.0,13.0,19,,23.0,,10.0,47.0,17.0,18.0,17.0,34.0,18.0,38.0,30.0,35.0,27,18,10.0,48.0,22.0,45.0,,20,23,,19.0,,10.0,,21.0,14.0,39.0,18.0,26.0,53.0,29.0,27.0,17.0,31.0,46,24,15.0,52.0,55.0,35.0,,23,,13.0,31.0,48.0,45.0,44.0,34.0,15.0,27.0,12.0,36.0,32.0,34.0,21.0,0.0,24,19.0,28.0,38,37.0,40.0,,13.0,39.0,46.0,,15.0,15.0,,28.0,47.0,,,24.0,42.0,14.0,21.0,34.0,42.0,8.0,50.0,49.0,38.0,21.0,37.0,20.0,47.0,22.0,,33.0,,17.0,31.0,31.0,44.0,52.0,45.0,,14.0,26.0,40.0,26.0,56.0,,34.0,,32.0,46.0,24.0,23.0,,48.0,20.0,12.0,27.0,10.0,13.0,54.0,56.0,13.0,37,46.0,20.0,41.0,46.0,18.0,15.0,5.0,15.0,31.0,27.0,16.0,22.0,21.0,47.0,23.0,3.0,36.0,23.0,53.0,42.0,45.0,22.0,20.0,39.0,21.0,45.0,36.0,27.0,45.0,45.0,26.0,26.0,35.0,36.0,18.0,36.0,40.0,,15.0,47.0,55.0,46.0,,34.0,13.0,,24,49.0,24.0,52.0,35.0,21.0,41.0,41.0,38.0,40.0,16,16.0,52.0,45.0,33.0,15.0,19.0,6.0,30.0,16.0,25.0,27.0,,28.0,28.0,32.0,48.0,40,39.0,24.0,27.0,27.0,12.0,22.0,28.0,,22.0,44.0,0.0,46.0,21.0,,21.0,32.0,38.0,14.0,33.0,27.0,31.0,0.0,17.0,47.0,31,0,9.0,27.0,7.0,0.0,34.0,,10.0,0.0,33.0,16.0,,24.0,39.0,,47.0,53.0,29.0,37.0,40.0,25.0,10.0,,30.0,,,12.0,26.0,16.0,49.0,43.0,25.0,11.0,46.0,25.0,33.0,50.0,48.0,38.0,23.0,,8.0,31.0,22.0,11.0,26.0,38.0,45.0,29.0,21,44.0,16.0,22.0,43.0,30,37.0,,31.0,23.0,23.0,33.0,16.0,37.0,27,43.0,36.0,25.0,43.0,44.0,9.0,52.0,31,39.0,20.0,20.0,48.0,31,45.0,,32.0,22.0,33.0,10.0,27.0,34.0,31.0,59.0,25.0,51.0,31.0,,,36.0,16.0,,25.0,47.0,28.0,31.0,44.0,22.0,33,31.0,,14.0,44.0,36.0,53.0,14.0,29.0,58.0,,,26.0,42.0,19,17.0,,40.0,28.0,21.0,,22.0,60.0,27.0,27.0,45.0,29.0,54.0,47.0,,42.0,23.0,,55.0,44.0,49.0,,13.0,21.0,,,38.0,53.0,46.0,16.0,29.0,25.0,23.0,,8.0,,,33.0,60.0,43.0,38.0,46.0,13.0,,,17.0,41.0,,17.0,47.0,,31.0,16.0,,,29.0,26.0,46.0,18.0,28.0,39.0,28.0,23.0,29.0,25.0,26.0,24.0,18.0,,20,19.0,,,15.0,14.0,31.0,31.0,19.0,36.0,,21.0,35.0,32.0,8.0,,27.0,15.0,59.0,35.0,11.0,47.0,48.0,33.0,28.0,34.0,,12.0,47.0,47.0,55.0,,,25.0,16.0,30.0,0.0,26.0,41.0,27.0,38.0,15.0,24.0,,20.0,47.0,39.0,,,32.0,42.0,,,30.0,46.0,,22.0,39.0,10.0,50.0,20.0,33.0,,19.0,39.0,,13.0,54.0,25.0,19.0,39.0,0.0,,,29.0,24.0,40.0,29.0,53.0,42.0,,21.0,22.0,23.0,40.0,,10.0,,,19.0,23.0,39.0,,60.0,47.0,0.0,54.0,38.0,12.0,,29.0,29.0,,,,28.0,27.0,,49.0,12.0,45.0,24.0,45.0,,45.0,,11.0,10.0,51.0,15.0,23.0,44.0,59.0,18.0,21.0,21.0,25.0,,21.0,26,12.0,16.0,31.0,,,11.0,31.0,25.0,24.0,,5,,31.0,46.0,49.0,16.0,17.0,43.0,57.0,26,40.0,,40.0,16.0,0.0,39.0,26.0,46.0,22.0,50.0,,26.0,28.0,24.0,43.0,54.0,23.0,37.0,23.0,18.0,,35.0,33.0,39.0,38.0,26.0,29.0,59.0,32.0,,41.0,26.0,19.0,38.0,13.0,49.0,39.0,27.0,38.0,35.0,23.0,26.0,41.0,15.0,39.0,51.0,34.0,,19.0,47.0,14.0,,,34.0,46.0,21.0,35.0,37.0,,,30.0,53.0,16.0,30.0,47.0,54.0,37.0,22.0,11.0,16.0,19.0,,,18.0,18.0,21.0,,55.0,18.0,,39.0,,,17.0,14.0,30.0,,37.0,13.0,18.0,18.0,12.0,10.0,24.0,11.0,59.0,44.0,35.0,27.0,43.0,,21.0,11.0,3.0,34.0,43.0,,29.0,25,,46.0,34.0,30.0,20.0,17.0,25.0,42.0,,,48.0,39.0,,15.0,12.0,,18.0,12.0,17.0,20.0,51.0,32.0,33.0,,24.0,29.0,53.0,47.0,0.0,27.0,26.0,20.0,48.0,24.0,54.0,30.0,29.0,,46.0,,15.0,39.0,19.0,40.0,35.0,27.0,44.0,56.0,46.0,32.0,38.0,,24.0,,15.0,,50.0,35.0,37.0,39.0,,22.0,25.0,23.0,,22.0,30.0,25.0,33.0,,30.0,9.0,13.0,44.0,35.0,27.0,31.0,,11.0,15,60.0,27.0,16,28.0,35.0,16.0,23.0,42.0,12.0,35.0,28.0,30.0,43.0,31.0,33.0,31.0,,16.0,10.0,51.0,28.0,21.0,17.0,10.0,,43.0,44.0,,19.0,35.0,,29.0,52.0,26.0,40.0,43.0,35.0,,55.0,59.0,8.0,30.0,47.0,31.0,13.0,30.0,16.0,45.0,32.0,11.0,30.0,46.0,39.0,37.0,32.0,35.0,40.0,0.0,39.0,13.0,26.0,27.0,28.0,40.0,39.0,37.0,12.0,27.0,44.0,47.0,40.0,,12.0,48.0,25.0,31.0,36.0,47.0,49.0,50.0,12.0,13.0,35.0,38.0,60.0,32.0,39.0,,5.0,46.0,,46.0,32.0,,,,22.0,29.0,,,47.0,23.0,43.0,21.0,,,48.0,27.0,19.0,18.0,22.0,33.0,32.0,12.0,,44.0,33.0,,46.0,37.0,17.0,22.0,47.0,17.0,8.0,32.0,31.0,29.0,34.0,28.0,44.0,59.0,14.0,54.0,35.0,,52.0,,15.0,23.0,9.0,50.0,35.0,31.0,16.0,45.0,19.0,27.0,,,34.0,29.0,,,29.0,,33.0,,45.0,37.0,33.0,,25.0,42.0,48.0,54.0,26.0,,37.0,20.0,,29.0,38.0,43.0,43.0,24.0,33.0,47.0,15.0,35.0,16.0,39.0,21.0,15.0,48.0,32.0,,20.0,26.0,,,38.0,33.0,24.0,9.0,20.0,25.0,23.0,34.0,32.0,24.0,28.0,41.0,,54.0,17.0,40.0,54.0,38.0,34.0,21.0,51.0,25.0,27.0,56.0,29.0,38.0,10.0,38.0,,23.0,34.0,,,52.0,38.0,,,46.0,37.0,32.0,25.0,59.0,29.0,13.0,,14.0,9.0,24.0,,51.0,56.0,,41.0,56.0,,36.0,,10.0,,31.0,,10.0,27.0,,35.0,32.0,0.0,,,21.0,60.0,32.0,17.0,,60.0,19.0,29.0,,,22.0,37.0,29.0,58.0,,10.0,54.0,45.0,24.0,31.0,12.0,39.0,32.0,,34.0,42.0,,28.0,,45.0,,58.0,35.0,16.0,15.0,17.0,32.0,49.0,23.0,,15.0,53.0,,28.0,,21.0,33.0,29.0,50.0,30.0,30.0,39.0,,27.0,,38.0,26.0,,10.0,26.0,28.0,52.0,45.0,16.0,35.0,26.0,15.0,21.0,52.0,26.0,,31.0,,39.0,,49.0,34.0,,,15.0,33.0,31.0,29.0,,42.0,22.0,33.0,21.0,42.0,40.0,50.0,40.0,4.0,19.0,59.0,50.0,,25.0,,16.0,51.0,25.0,34.0,22.0,27.0,15.0,,,,27.0,,28.0,51.0,32.0,,33.0,36.0,,10.0,12.0,31.0,26.0,9.0,,26.0,26.0,19.0,0.0,,20.0,27.0,19.0,,11.0,38.0,0.0,34.0,,,51.0,57.0,59.0,32.0,,34.0,26.0,21.0,22.0,,,,29.0,28.0,38.0,,48.0,47.0,56.0,22.0,40.0,55.0,,44.0,34.0,36.0,16.0,12.0,17.0,,59.0,19.0,29.0,,36.0,,26.0,60.0,43.0,,12.0,45.0,27.0,38.0,40.0,,21.0,35.0,43.0,40.0,33.0,48.0,12.0,,32.0,42.0,33.0,,,13.0,19.0,46.0,15.0,0.0,,13.0,52.0,30.0,29.0,54.0,47.0,,,,41.0,8.0,38.0,25.0,32.0,,43.0,52.0,26.0,37.0,56.0,47.0,43.0,24.0,,53.0,26.0,,6.0,,,,56.0,18.0,29.0,29.0,51.0,,35.0,17.0,,30.0,19.0,25.0,12.0,10.0,,22.0,23.0,52.0,45.0,52.0,16.0,,35.0,,38.0,46.0,28.0,14.0,13.0,39.0,26.0,57.0,29.0,18.0,,,,19.0,,11.0,60.0,47.0,27.0,25.0,17.0,38.0,35.0,20.0,,22.0,19.0,36.0,0.0,,31.0,0.0,38.0,32.0,43.0,,,23.0,42.0,42.0,,32.0,31.0,47.0,33.0,,,17.0,24.0,56.0,,18.0,49.0,37.0,55.0,30.0,31.0,37.0,46.0,42.0,,35.0,39.0,0.0,,46.0,27.0,49.0,54.0,29.0,,41.0,17.0,48.0,43.0,21.0,,39.0,50.0,17.0,,37.0,,22.0,18.0,35.0,41.0,43.0,18.0,40.0,,20.0,25.0,55.0,41.0,30.0,,27.0,18.0,19.0,23.0,19.0,,19.0,48.0,,,59.0,17.0,52.0,,29.0,39.0,22.0,23.0,24.0,,,36.0,,29.0,26.0,,,29.0,16.0,27.0,32.0,,34.0,28.0,51.0,14.0,15.0,48.0,36.0,,27.0,49.0,,37.0,36.0,16.0,,22.0,16.0,31.0,31.0,16.0,,,35.0,56.0,34.0,57.0,28.0,35.0,31.0,29.0,26.0,15.0,,7.0,,41.0,45.0,21.0,6.0,30.0,34.0,,,23.0,31.0,55.0,,53.0,20.0,,50.0,48.0,39.0,43.0,32.0,18.0,,20.0,23.0,45.0,33.0,27.0,29.0,46.0,18.0,35.0,32.0,,,25.0,34.0,57.0,,54.0,,37.0,10.0,,43.0,,53.0,14.0,42.0,58.0,22.0,,28.0,10.0,52.0,34.0,0.0,24.0,34.0,,,22.0,33.0,23.0,46.0,,50.0,16.0,28.0,29.0,50.0,,49.0,32.0,45.0,,35.0,,45.0,55.0,24.0,21.0,,60.0,,48.0,57.0,,42.0,14.0,30.0,,0.0,31.0,9.0,,51.0,14.0,31.0,,25.0,,51.0,40.0,48.0,31.0,17.0,49.0,47.0,,51.0,27.0,19.0,28.0,27.0,54.0,51.0,11.0,,21.0,50.0,19.0,29.0,45.0,30.0,50.0,38.0,30.0,27.0,50.0,33.0,20.0,,15.0,,,53.0,44.0,,16.0,52.0,52.0,39.0,,52.0,,,28.0,,35.0,58.0,,55.0,24.0,,32.0,54.0,15.0,50.0,55.0,,25.0,,38.0,16.0,25.0,46.0,39.0,11.0,19.0,31.0,17.0,,60.0,28.0,49.0,,8.0,44.0,12.0,30.0,39.0,57.0,34.0,,49.0,,30.0,26.0,48.0,59.0,,,32.0,,34.0,30.0,51.0,,,28.0,45.0,51.0,13.0,,38.0,42.0,58.0,25.0,50.0,,9.0,50.0,,38.0,,,34.0,19.0,0.0,32.0,31.0,41.0,12.0,23.0,33.0,47.0,30.0,21.0,17.0,,33.0,,36.0,32.0,15.0,,9.0,39.0,42.0,0.0,,59.0,34.0,19.0,34.0,30.0,58.0,,12.0,,25.0,,30.0,,50.0,46.0,42.0,58.0,0.0,40.0,,29.0,,,18.0,,41.0,,23.0,31.0,,19.0,50.0,21.0,38.0,44.0,14.0,,38.0,47.0,22.0,29.0,,12.0,,30.0,50.0,44.0,,25.0,36.0,21.0,19.0,15.0,,11.0,32.0,,15.0,41.0,,48.0,25.0,23.0,,24.0,,11.0,55.0,58.0,26.0,,,19.0,,25.0,48.0,47.0,43.0,,24.0,,45.0,,,56.0,24.0,,15.0,41.0,24.0,28.0,48.0,,53.0,29.0,46.0,35.0,47.0,51.0,60.0,33.0,32.0,45.0,54.0,18.0,55.0,,23.0,32.0,,54.0,44.0,38.0,,,54.0,33.0,43.0,57.0,48.0,60.0,18.0,29.0,,22.0,,5.0,38.0,26.0,,27.0,44.0,58.0,25.0,48.0,15.0,,,25.0,32.0,57.0,12.0,,11.0,45.0,38.0,47.0,34.0,30.0,10.0,22.0,31.0,52.0,43.0,40.0,,0.0,48.0,51.0,,52.0,,183,3,2.446111869031378,18.224964131994263,-0.36149404193008244
4,5,2,5,5,4,7,6,9,6,6,11,6,6,6,7,6,6,15,19,8,11,7,2,10,9,9,8,4,5,9,13,9,10,7,7,10,14,14,14,15,0.0,16,23,12,10,10,10,8,19,11,10,9,9,14,19,12,15,6,7,8,9,14,10,,13,11,8,20,9,15,13,6,12,0,11,18,8,13,3,15,10,13,9,4,12,16,12,11,5,14,11,19,7,9,15,18,3,9,14,19,11,8,8,17,27,17,17,2,10,16,0.0,16,18,15.0,14,14,16,13,15,15,9,11,12,13,10,19,20.0,23,5,16,13,4.0,9,13,18.0,17,28,18,10,9,14,19,19,42.0,,10,21.0,15,14,15,10,22.0,2,24,20,22,22.0,18,17,44,26,8,17,13,40.0,13,16,6,13,7,58.0,11,20,8,15,12,11.0,17,14.0,14,15,12,16,23,,21.0,6,23,32.0,20.0,11,15,8,16,37,12,10,16.0,9,19,31.0,21,11,23,11,18.0,11,15,5,18,,17,10,11,12,31,7,18,17.0,15.0,13,12,19,19.0,16,13,18,28.0,16,21.0,14.0,16,20,,33,14,17,5.0,27.0,19,16,12,15,16,21.0,12,12,7,14,9,31,31.0,18.0,18,47.0,17.0,26.0,56.0,13,22.0,9,8,12,20.0,19.0,11.0,28.0,11.0,11,30.0,41.0,,21,6,56.0,28,16,21,16.0,35.0,33.0,18,24.0,30,12,8.0,16.0,12,,22.0,8,8,7.0,12,30.0,9.0,12.0,32,11,10.0,16,11,16,7,10,18,14,18,22,20,26,22,28.0,20.0,23,18,11,14.0,36.0,7,25,17,,8,,18,8,25,13,23,,13,14.0,19,12,47.0,5,13,16,38.0,47.0,12,18.0,36.0,7.0,15.0,28.0,25,29.0,9,18,15,37.0,11,40.0,14.0,17,29.0,14.0,17.0,16,50.0,23,22,15,27,30,23,11,24.0,14,38.0,16,7,11,42.0,16,9.0,18,7.0,7,33.0,15,24,0.0,13,30.0,13,48.0,38.0,15,27,7.0,22.0,16.0,26.0,8.0,12,18.0,47.0,18,22.0,10,10,,33.0,24,22.0,28,14.0,,28,13,12,23.0,18,18.0,19.0,3,15.0,21,51.0,17,18,9,49.0,34.0,24,15,15,18.0,19.0,0,19,32.0,20,27.0,9.0,,28.0,18.0,7.0,27.0,23.0,15.0,30.0,24,18,28.0,9.0,15.0,37.0,24.0,7.0,42.0,19.0,14,13,57.0,24.0,13,,8.0,32.0,31.0,45.0,21.0,25,21,33.0,39.0,43.0,16.0,23,,23.0,10.0,26,4,22,,,30.0,37.0,12,13,36.0,31.0,38,32.0,13.0,22,,44.0,26.0,10,16.0,10,7.0,47.0,24.0,14,19.0,24,,15,26,25.0,26.0,,,25,17,25,9.0,19,32.0,19,20,35.0,15,19,45.0,15.0,11,20,6.0,15.0,19.0,56.0,38.0,14.0,26,36.0,7,8,38.0,29.0,52.0,41.0,3.0,12.0,13,33,,,10.0,19.0,,15.0,21,9.0,25,30.0,,5.0,,32,13.0,17,11.0,37.0,47.0,35,54.0,31.0,31.0,13,18,38.0,54.0,29.0,15.0,45.0,11.0,26.0,17.0,40.0,34.0,49.0,32.0,16,34,,46.0,13.0,13,35,15,17,31.0,,15,17,14.0,27.0,15,33.0,17.0,36.0,12,57.0,30.0,17.0,55,45.0,13.0,49.0,15.0,20.0,13.0,14,19.0,11,25.0,20,20,22,51.0,19.0,14.0,12.0,16.0,9.0,9.0,26.0,61.0,,24.0,12,43.0,44.0,26,39.0,23.0,28.0,16.0,11,29.0,44.0,,11,15,25.0,22,29.0,32.0,25.0,22.0,34,29.0,6,16,24.0,17,14.0,28,27.0,22.0,21.0,14,15,17.0,15.0,15,7.0,18,22.0,16,61.0,60.0,39.0,,22.0,10.0,39,10.0,,13.0,44.0,10.0,52.0,16.0,15,21,25.0,9,24,17,33.0,,20.0,34.0,9.0,34.0,37,20.0,12.0,47.0,15,28.0,51.0,30.0,19.0,13.0,25,42.0,,20.0,,45.0,24.0,19.0,15,47.0,3.0,23.0,22.0,,29.0,23.0,26,24.0,13.0,36.0,,17,17,55.0,20.0,48,8.0,,23.0,27,43.0,37.0,11.0,22.0,13,,10.0,14.0,10.0,50.0,12.0,13.0,37.0,46.0,32,24,,19.0,14.0,20.0,24.0,22.0,15.0,45.0,19.0,52.0,25,21,,24,,24.0,,26.0,22,14,37.0,16.0,25.0,28.0,41.0,18.0,40.0,55.0,19.0,19,10.0,,35.0,36.0,49.0,44.0,15,26.0,20.0,14.0,3,58.0,44.0,26.0,25.0,46.0,15.0,16,0.0,37,42.0,13.0,14.0,23.0,22.0,45.0,34.0,22.0,20.0,31.0,55.0,40.0,25.0,45.0,18.0,31.0,29.0,46.0,10.0,0.0,18.0,31,49.0,25.0,16,20.0,,27,56.0,10.0,59.0,16,16,18,53.0,12.0,36.0,31.0,12.0,10.0,15.0,30.0,41.0,29,8.0,13,15.0,28,4,49.0,35,11.0,24.0,8.0,26.0,24,22.0,25.0,33.0,27.0,53.0,,31,45.0,16,5.0,0.0,26.0,31,17.0,11,20,41.0,24.0,3.0,23,38.0,55.0,24,29.0,21.0,22.0,15.0,0.0,27.0,24.0,23.0,18,17.0,19.0,29.0,56.0,22.0,46.0,25.0,20.0,22,33.0,7,37.0,21.0,60.0,14.0,34,20,28.0,13.0,,62.0,40.0,34.0,25.0,20.0,11.0,40,39.0,24.0,27,21,60.0,58.0,27,31.0,40.0,16,,11,18,26,,54.0,18.0,33.0,24.0,21.0,11.0,,12.0,14.0,25.0,28.0,44.0,43.0,26.0,,28.0,19.0,47.0,18.0,61.0,19.0,33.0,60.0,,36.0,28.0,32.0,34.0,18.0,36.0,29.0,31.0,37.0,52.0,31.0,21.0,,37.0,22.0,54.0,34.0,,30.0,26.0,22.0,,51.0,21,13.0,18.0,29.0,21,13.0,,49.0,15.0,53.0,41.0,23.0,23.0,40.0,24.0,15.0,20.0,31.0,29.0,14.0,19.0,30.0,29.0,2.0,42.0,55.0,18.0,,14.0,32.0,30.0,18.0,24.0,18,55.0,32.0,5.0,54,42.0,17.0,61.0,34.0,,48.0,19.0,,49.0,17,26.0,0.0,25.0,41.0,8.0,44.0,14,17,22.0,21.0,8.0,32.0,,,0,21,40.0,25.0,24.0,15.0,26.0,24.0,27.0,19.0,24.0,19.0,12.0,16.0,22.0,18.0,20.0,27.0,19,39.0,,,21.0,15.0,8,41.0,22,58.0,21,30.0,,,13.0,,29.0,21.0,29.0,19.0,14.0,33.0,35.0,1,57.0,26.0,45.0,11.0,48.0,16,11.0,37.0,19.0,,15.0,14.0,39.0,29.0,32.0,11,17,36.0,13.0,12.0,20.0,21.0,8.0,9.0,20.0,22,33.0,,,,29.0,27.0,16.0,8.0,16,20.0,51.0,32.0,7,20,21.0,33.0,29.0,11.0,54.0,9.0,46.0,40.0,24.0,9.0,39.0,38.0,18.0,,17.0,17,18.0,,33.0,,,28,35.0,24.0,32,,34.0,20.0,13.0,,33.0,4.0,43.0,15.0,11.0,24.0,21,35.0,20.0,18.0,53.0,21,,27.0,15.0,11.0,55.0,,23.0,16.0,23.0,6.0,23.0,32.0,14.0,29,12,21.0,7.0,55.0,60.0,24.0,23,15,47.0,57.0,61.0,,17.0,33.0,17.0,16.0,19.0,,46.0,,27.0,20.0,51.0,27,18,7.0,28.0,46.0,50.0,41.0,20,31.0,,22.0,29.0,,54.0,22.0,16.0,58.0,28.0,15.0,41.0,31.0,,,14,42.0,11.0,32,16.0,56.0,27.0,16.0,37.0,,8.0,23.0,43.0,44.0,35.0,29.0,11.0,47.0,18.0,28.0,18.0,22.0,31.0,,26.0,,0.0,26.0,23.0,55.0,14.0,55.0,24.0,,,,20.0,,20.0,31.0,16.0,46.0,21.0,18.0,,28.0,58.0,18.0,,24.0,53.0,38.0,38.0,23.0,6.0,14.0,40.0,29.0,13.0,60.0,9.0,,61.0,10.0,33.0,17,57.0,21.0,39.0,43.0,60.0,61.0,37.0,35.0,31.0,16.0,21.0,19.0,38.0,28.0,30.0,11.0,,14.0,,16.0,43.0,3.0,37.0,15.0,12.0,26.0,23.0,32.0,32.0,50.0,8.0,52.0,44.0,18.0,30.0,13.0,33.0,16.0,,47.0,37.0,60.0,29.0,52.0,54.0,26.0,15,59.0,22.0,55.0,42.0,,6.0,17.0,51.0,21.0,12,11.0,19.0,36.0,47.0,,30.0,8.0,22.0,15.0,41.0,49.0,21.0,35.0,45.0,54.0,46.0,19,35.0,5.0,,38.0,,23.0,15.0,33.0,12.0,,31.0,53.0,,53.0,28.0,49.0,,44.0,30.0,17.0,53.0,8.0,28.0,25.0,13,11,28.0,,22.0,21.0,55.0,24.0,41.0,14.0,48.0,16.0,48.0,21.0,27.0,,35.0,48.0,53.0,,50.0,16.0,24.0,8.0,17.0,52.0,29.0,18.0,56.0,19.0,18.0,39.0,44.0,56.0,3.0,20.0,52.0,31.0,33.0,28.0,,38.0,,14.0,37.0,44.0,,27.0,16.0,19.0,25,40.0,51.0,26.0,,13,18.0,,10.0,27.0,22.0,43.0,58.0,33.0,10,18.0,17.0,21.0,16.0,25.0,15.0,22.0,35,31.0,21.0,17.0,,25,44.0,30.0,22.0,30.0,6.0,18.0,33.0,9.0,14.0,17.0,25.0,,34.0,25.0,14.0,34.0,42.0,,,43.0,45.0,18.0,18.0,,28,21.0,23.0,33.0,21.0,36.0,27.0,20.0,48.0,17.0,12.0,23.0,52.0,19.0,14,36.0,,20.0,59.0,29.0,,,,40.0,19.0,33.0,,16.0,28.0,51.0,44.0,44.0,46.0,,21.0,50.0,20.0,18.0,46.0,34.0,15.0,22.0,36.0,34.0,14.0,34.0,49.0,15.0,26.0,11.0,,,0.0,35.0,44.0,43.0,35.0,,24.0,24.0,11.0,30.0,24.0,,55.0,,,,,39.0,15.0,45.0,48.0,,,22.0,40.0,12.0,,41.0,18.0,20.0,31.0,,23,24.0,57.0,,25.0,20.0,39.0,36.0,54.0,52.0,44.0,36.0,,19.0,40.0,,32.0,37.0,33.0,2.0,,0.0,,18.0,21.0,49.0,41.0,19.0,55.0,24.0,42.0,18.0,16.0,28.0,40.0,,24.0,41.0,29.0,16.0,,39.0,22.0,61.0,61.0,,14.0,15.0,,35.0,20.0,34.0,,59.0,25.0,46.0,37.0,47.0,37.0,31.0,10.0,27.0,41.0,,20.0,42.0,31.0,25.0,8.0,19.0,16.0,18.0,58.0,52.0,21.0,18.0,26.0,12.0,,43.0,,17.0,24.0,29.0,,,33.0,38.0,,,61.0,25.0,47.0,,,25.0,25.0,20.0,1.0,5.0,23.0,24.0,,4.0,32.0,51.0,19.0,,37.0,18.0,43.0,8.0,15.0,12.0,,47.0,55.0,10.0,34.0,27.0,42.0,32.0,29.0,33.0,,23.0,51.0,12.0,41.0,25,24.0,52.0,19.0,33.0,60.0,23.0,54.0,53.0,19.0,44.0,7,14.0,13.0,26.0,15.0,16.0,57.0,51.0,37.0,22,39.0,32.0,,34.0,,,28.0,60.0,52.0,8.0,12.0,31.0,16.0,50.0,53.0,36.0,,21.0,35.0,,33.0,18.0,30.0,,,,30.0,52.0,33.0,33.0,15.0,,10.0,23.0,,24.0,28.0,27.0,,,13.0,31.0,31.0,15.0,0.0,28.0,,30.0,61.0,,9.0,10.0,57.0,,27.0,10.0,57.0,44.0,13.0,59.0,45.0,14.0,32.0,12.0,,17.0,33.0,29.0,27.0,,43.0,33.0,54.0,12.0,46.0,,,,,22.0,,20.0,37.0,,15.0,35.0,0.0,34.0,43.0,62.0,48.0,59.0,,45.0,10.0,49.0,,13.0,11.0,43.0,24.0,,33.0,34.0,11.0,,33.0,7.0,15,34.0,,41.0,59.0,21.0,16.0,21.0,23.0,7.0,28.0,,10.0,21.0,14.0,33.0,9.0,,14.0,27.0,28.0,56.0,51.0,37.0,59.0,43.0,53.0,17.0,40.0,35.0,33.0,17.0,39.0,35.0,47.0,24.0,12.0,7.0,17.0,,,18.0,19.0,29.0,52.0,33.0,35.0,27.0,,22.0,36.0,,26.0,19.0,41.0,21.0,33.0,0.0,42.0,42.0,8.0,59.0,23.0,17.0,55.0,,26.0,,59.0,0.0,19.0,36.0,45.0,53.0,39.0,,31.0,33.0,,11.0,16,20.0,11.0,13,28.0,,55.0,,20.0,10.0,62.0,,23.0,36.0,23.0,31.0,,22.0,20.0,20.0,22.0,,42.0,,17.0,,30.0,46.0,44.0,53.0,28.0,,30.0,32.0,35.0,,,,,31.0,33.0,21.0,,14.0,21.0,36.0,30.0,30.0,17.0,20.0,15.0,16.0,42.0,26.0,52.0,8.0,12.0,43.0,29.0,16.0,9.0,16.0,28.0,,33.0,47.0,46.0,9.0,,34.0,29.0,30.0,62.0,,35.0,22.0,35.0,56.0,40.0,25.0,24.0,,47.0,31.0,18.0,23.0,41.0,25.0,27.0,23.0,25.0,,19.0,31.0,22.0,21.0,,54.0,,31.0,,,42.0,41.0,18.0,,,18.0,,33.0,34.0,15.0,20.0,48.0,62.0,13.0,,37.0,,9.0,44.0,42.0,35.0,31.0,36.0,33.0,47.0,34.0,,25.0,43.0,15.0,18.0,20.0,13.0,30.0,14.0,27.0,57.0,14.0,37.0,37.0,0.0,,5.0,,37.0,,,33.0,,,,,16.0,0.0,,21.0,35.0,12.0,,,20.0,52.0,43.0,37.0,52.0,36.0,23.0,10.0,12.0,38.0,56.0,59.0,44.0,,30.0,22.0,,21.0,14.0,59.0,31.0,13.0,25.0,29.0,22.0,,45.0,46.0,44.0,57.0,38.0,0.0,13.0,,,57.0,17.0,,24.0,,39.0,17.0,42.0,29.0,24.0,12.0,,15.0,62.0,,,42.0,8.0,36.0,30.0,29.0,39.0,,48.0,36.0,,25.0,,,21.0,53.0,24.0,,17.0,27.0,20.0,44.0,44.0,48.0,14.0,37.0,14.0,,,54.0,18.0,53.0,47.0,12.0,26.0,,36.0,45.0,22.0,58.0,,17.0,39.0,,38.0,40.0,15.0,,37.0,17.0,8.0,27.0,13.0,22.0,37.0,49.0,22.0,28.0,5.0,,33.0,32.0,37.0,29.0,32.0,39.0,62.0,,32.0,,,16.0,22.0,,32.0,12.0,49.0,53.0,31.0,21.0,19.0,39.0,,,22.0,23.0,15.0,56.0,22.0,,10.0,,26.0,9.0,33.0,40.0,,32.0,49.0,27.0,41.0,28.0,19.0,,12.0,31.0,55.0,35.0,25.0,23.0,41.0,33.0,19.0,59.0,24.0,17.0,23.0,,11.0,11.0,14.0,54.0,14.0,16.0,,,44.0,29.0,29.0,39.0,36.0,18.0,27.0,46.0,25.0,21.0,,8.0,17.0,,12.0,27.0,15.0,42.0,37.0,59.0,,,4.0,16.0,,41.0,,20.0,26.0,23.0,15.0,23.0,36.0,15.0,,54.0,24.0,43.0,40.0,56.0,,37.0,,38.0,7.0,,36.0,22.0,35.0,60.0,21.0,15.0,11.0,26.0,3.0,24.0,33.0,17.0,37.0,,,16.0,26.0,22.0,,,46.0,46.0,17.0,20.0,18.0,27.0,34.0,27.0,60.0,42.0,48.0,48.0,39.0,34.0,38.0,43.0,39.0,35.0,23.0,59.0,38.0,12.0,38.0,47.0,16.0,18.0,41.0,14.0,40.0,33.0,37.0,24.0,17.0,39.0,,13.0,27.0,56.0,55.0,5.0,35.0,,50.0,,37.0,24.0,39.0,55.0,59.0,28.0,45.0,,47.0,,38.0,20.0,50.0,28.0,14.0,41.0,57.0,9.0,,59.0,50.0,21.0,40.0,,32.0,43.0,20.0,25.0,52.0,45.0,10.0,13.0,36.0,21.0,44.0,6.0,19.0,28.0,32.0,,20.0,24.0,,34.0,48.0,23.0,,12.0,36.0,47.0,45.0,28.0,,50.0,39.0,18.0,28.0,,16.0,35.0,39.0,,,39.0,,59.0,11.0,36.0,13.0,45.0,11.0,,18.0,28.0,28.0,23.0,55.0,,16.0,41.0,6.0,26.0,57.0,17.0,25.0,41.0,12.0,,15.0,12.0,11.0,20.0,,27.0,39.0,32.0,,15.0,,15.0,,39.0,11.0,20.0,49.0,30.0,,29.0,4.0,51.0,11.0,20.0,13.0,45.0,23.0,14.0,44.0,17.0,56.0,29.0,21.0,50.0,34.0,,15.0,49.0,14.0,,,48.0,,38.0,25.0,36.0,19.0,31.0,46.0,48.0,51.0,31.0,33.0,18.0,19.0,58.0,36.0,36.0,,26.0,36.0,,53.0,,,27.0,9.0,,36.0,,,,50.0,39.0,35.0,54.0,,45.0,19.0,41.0,33.0,58.0,,46.0,,33.0,52.0,38.0,31.0,31.0,40.0,18.0,35.0,55.0,11.0,50.0,62.0,26.0,23.0,13.0,20.0,,,26.0,15.0,,30.0,38.0,,14.0,14.0,38.0,,6.0,27.0,,8.0,18.0,41.0,,27.0,21.0,,10.0,42.0,,29.0,20.0,26.0,,45.0,,57.0,20.0,46.0,48.0,16.0,37.0,44.0,36.0,35.0,58.0,58.0,,,28.0,29.0,27.0,44.0,42.0,8.0,22.0,12.0,41.0,21.0,41.0,17.0,28.0,35.0,58.0,53.0,34.0,,,50.0,,14.0,26.0,13.0,35.0,38.0,11.0,,47.0,37.0,15.0,,,52.0,,,,42.0,18.0,21.0,16.0,44.0,30.0,28.0,15.0,51.0,23.0,,20.0,26.0,26.0,22.0,,35.0,60.0,46.0,44.0,15.0,,,,36.0,,19.0,,36.0,,26.0,21.0,,39.0,32.0,21.0,7.0,56.0,20.0,36.0,,21.0,32.0,,,5.0,39.0,,48.0,9.0,35.0,14.0,21.0,62.0,46.0,51.0,,32.0,,22.0,,55.0,40.0,35.0,37.0,21.0,51.0,30.0,27.0,24.0,20.0,20.0,15.0,,15.0,45.0,16.0,38.0,8.0,17.0,61.0,0.0,52.0,41.0,22.0,25.0,26.0,43.0,,20.0,36.0,35.0,36.0,22.0,,29.0,8.0,25.0,,,,24.0,58.0,20.0,40.0,,,,,,53.0,21.0,,21.0,21.0,19.0,33.0,43.0,50.0,29.0,,32.0,12.0,60.0,16.0,34.0,24.0,44.0,29.0,,,23.0,39.0,,26.0,23.0,27.0,13.0,,,38.0,42.0,,32.0,9.0,11.0,,,,,28.0,10.0,36.0,36.0,62.0,,33.0,,24.0,,,58.0,34.0,46.0,12.0,13.0,13.0,,13.0,0.0,16.0,20.0,,18.0,,55.0,46.0,,48.0,,40.0,,38.0,,24.0,17.0,22.0,,19.0,31.0,55.0,16.0,,25.0,33.0,43.0,24.0,21.0,34.0,46.0,19.0,,21.0,27.0,0.0,14.0,20.0,27.0,22.0,55.0,27.0,,27.0,32.0,48.0,23.0,34.0,56.0,20.0,,38.0,32.0,12.0,,51.0,30.0,37.0,51.0,,,32.0,23.0,44.0,24.0,42.0,12.0,16.0,,10.0,27.0,37.0,15.0,,24.0,61.0,17.0,,22.0,,27.0,,,,,16.0,,,30.0,0.0,45.0,29.0,25.0,,,38.0,39.0,0.0,,22.0,36.0,,30.0,,33.0,22.0,53.0,45.0,37.0,22.0,,42.0,,30.0,18.0,,,36.0,39.0,,,,27.0,19.0,13.0,8.0,0.0,,35.0,42.0,29.0,,46.0,36.0,23.0,48.0,48.0,36.0,0.0,27.0,,57.0,22.0,61.0,17.0,13.0,53.0,28.0,,16.0,46.0,17.0,20.0,16.0,14.0,8.0,,39.0,22.0,33.0,,21.0,48.0,,34.0,0.0,57.0,11.0,,,,11.0,43.0,24.0,,4.0,10.0,51.0,,39.0,46.0,28.0,33.0,42.0,23.0,40.0,23.0,27.0,31.0,,,55.0,,35.0,40.0,,14.0,33.0,26.0,0.0,184,3,2.5619718309859154,18.756062767475036,-0.35027260265015353
7,6,8,10,9,8,8,9,9,7,10,11,11,9,10,0,10,12,27,20,9,13,11,11,5,10,11,12,9,13,12,10,10,13,12,13,18,9,12,12,16,19.0,18,10,11,11,13,9,12,12,14,13,6,11,13,21,13,10,6,12,9,13,13,10,27.0,10,12,13,6,15,9,14,0,11,13,6,20,8,12,10,14,9,15,14,1,14,13,14,19,17,10,10,41,16,22,13,18,22,13,12,36,19,13,9,13,15,14,17,16,13,8,10.0,14,20,15.0,17,20,16,11,17,17,12,13,13,13,15,13,17.0,11,0,19,13,30.0,14,21,15.0,17,13,13,14,14,21,45,23,35.0,12.0,15,49.0,10,16,7,14,59.0,14,20,21,3,24.0,22,23,26,16,12,26,15,48.0,25,22,11,20,11,42.0,7,39,12,26,13,26.0,15,16.0,10,14,12,15,14,,39.0,27,19,39.0,48.0,14,16,21,12,36,12,15,26.0,21,28,15.0,26,14,29,17,,14,19,12,19,47.0,11,27,3,18,18,16,21,21.0,25.0,11,18,14,21.0,15,27,15,15.0,18,25.0,11.0,26,11,24.0,18,20,27,16.0,14.0,15,0,19,15,19,20.0,26,11,13,18,13,14,35.0,19.0,11,51.0,36.0,26.0,56.0,1,15.0,23,30,20,27.0,16.0,15.0,,24.0,12,13.0,28.0,45.0,19,30,29.0,18,28,15,15.0,37.0,29.0,20,31.0,28,23,15.0,20.0,9,21.0,18.0,15,12,10.0,18,25.0,2.0,9.0,21,21,31.0,22,18,20,19,22,35,15,24,15,29,33,15,28.0,41.0,35,15,13,54.0,30.0,30,30,13,16.0,21,,14,17,24,17,32,8.0,12,29.0,21,21,23.0,16,14,14,,50.0,12,13.0,,12.0,16.0,30.0,21,39.0,24,29,19,37.0,13,17.0,27.0,29,,15.0,46.0,19,10.0,16,32,35,16,12,25,23,31.0,28,27.0,31,27,17,58.0,18,13.0,15,0.0,17,24.0,16,2,14.0,34,19.0,17,24.0,15.0,17,19,23.0,0.0,6.0,26.0,26.0,22,41.0,12.0,13,19.0,13,18,27.0,,16,15.0,22,14.0,45.0,14,29,14,20.0,27,12.0,25.0,16,11.0,22,32.0,12,19,23,14.0,,15,33,9,30.0,20.0,31,22,0.0,20,18.0,10.0,48.0,28.0,17.0,22.0,18.0,,46.0,34.0,17,13,26.0,26.0,18.0,32.0,10.0,58.0,24.0,22.0,15,16,26.0,50.0,15,55.0,11.0,32.0,17.0,29.0,23.0,10,13,28.0,20.0,59.0,27.0,25,44.0,30.0,39.0,37,8,18,47.0,20.0,16.0,28.0,8,26,15.0,58.0,26,27.0,29.0,20,48.0,54.0,60.0,44,28.0,56,22.0,18.0,25.0,16,17.0,32,11.0,12,11,0.0,34.0,48.0,60.0,12,22,32,15.0,12,9.0,20,36,25.0,36,17,12.0,24.0,30,26,49.0,25.0,31.0,43.0,43.0,27.0,23,23.0,17,28,31.0,10.0,26.0,0.0,29.0,20.0,10,44,11.0,14.0,26.0,37.0,31.0,18.0,29,8.0,24,39.0,9.0,,8.0,19,0.0,32,36.0,22.0,26.0,27,17.0,47.0,27.0,21,27,42.0,34.0,29.0,39.0,23.0,14.0,,34.0,29.0,13.0,18.0,38.0,29,18,31.0,32.0,33.0,16,24,20,19,,34.0,13,21,38.0,21.0,18,32.0,46.0,37.0,29,,18.0,49.0,17,23.0,,18.0,19.0,32.0,42.0,11,7.0,18,55.0,16,32,38,14.0,28.0,31.0,,26.0,10.0,,36.0,44.0,11.0,30.0,12,11.0,15.0,3,49.0,31.0,14.0,10.0,15,24.0,10.0,40.0,20,21,32.0,33,14.0,,32.0,16.0,22,12.0,12,30,31.0,7,,8,15.0,19.0,42.0,32,31,20.0,46.0,20,14.0,46,50.0,17,24.0,14.0,50.0,,31.0,15.0,31,23.0,48.0,30.0,45.0,,52.0,51.0,11,23,29.0,28,25,16,46.0,41.0,13.0,16.0,,19.0,18,18.0,7.0,23.0,24,,27.0,34.0,22.0,13.0,20,57.0,31.0,25.0,18.0,36.0,27.0,37.0,26,46.0,46.0,15.0,8.0,31.0,24.0,0.0,22,50.0,42.0,11.0,51.0,17,10,8.0,,26,33.0,,20.0,7,25.0,50.0,21.0,37.0,14,30.0,44.0,10.0,31.0,20.0,36.0,,37.0,12.0,24,21,,,14.0,30.0,25.0,22.0,22.0,41.0,15.0,29.0,15,20,25.0,29,,17.0,12.0,23.0,18,21,23.0,21.0,24.0,,50.0,15.0,,28.0,9.0,19,45.0,,55.0,3.0,,27.0,20,25.0,44.0,44.0,17,,16.0,56.0,28.0,32.0,25.0,19,31.0,10,58.0,13.0,11.0,19.0,25.0,41.0,12.0,31.0,26.0,19.0,,10.0,16.0,12.0,33.0,28.0,60.0,18.0,,26.0,21.0,29,27.0,24.0,15,25.0,17.0,22,1.0,22.0,,21,26,14,53.0,33.0,35.0,25.0,12.0,25.0,9.0,,2.0,24,25.0,24,19.0,25,23,17.0,23,14.0,54.0,26.0,30.0,31,19.0,23.0,21.0,16.0,27.0,21.0,20,,35,15.0,43.0,23.0,13,29.0,11,17,30.0,17.0,32.0,24,31.0,,13,24.0,,43.0,25.0,15.0,26.0,24.0,14.0,39,18.0,40.0,19.0,27.0,19.0,42.0,45.0,33.0,24,37.0,19,16.0,30.0,22.0,50.0,13,12,28.0,14.0,3.0,16.0,0.0,43.0,27.0,36.0,27.0,19,39.0,29.0,0,17,10.0,,24,37.0,29.0,13,13.0,21,22,32,,28.0,29.0,16.0,8.0,46.0,20.0,30.0,25.0,12.0,0.0,34.0,31.0,18.0,38.0,22.0,2.0,11.0,46.0,32.0,,41.0,,60.0,38.0,39.0,28.0,,39.0,20.0,23.0,21.0,39.0,29.0,20.0,35.0,13.0,9.0,28.0,12.0,,26.0,45.0,21.0,50.0,17.0,29.0,40.0,27,16.0,,21.0,14,31.0,45.0,8.0,31.0,36.0,30.0,36.0,10.0,28.0,25.0,16.0,26.0,23.0,22.0,22.0,28.0,0.0,26.0,30.0,34.0,40.0,,52.0,40.0,32.0,47.0,32.0,,15,41.0,33.0,11.0,20,24.0,24.0,59.0,23.0,3.0,,35.0,,17.0,28,22.0,24.0,19.0,,21.0,24.0,22,20,26.0,37.0,27.0,35.0,28.0,19.0,21,19,,55.0,22.0,25.0,,27.0,,10.0,,28.0,20.0,54.0,,28.0,46.0,34.0,28,30.0,16.0,22.0,17.0,7.0,19,25.0,33,12.0,16,28.0,40.0,23.0,60.0,11.0,34.0,21.0,35.0,,17.0,,21.0,26,25.0,17.0,25.0,36.0,17.0,22,42.0,55.0,25.0,,15.0,13.0,,0.0,19.0,48,29,60.0,40.0,,12.0,24.0,,41.0,11.0,21,22.0,,16.0,18.0,13.0,33.0,34.0,15.0,11,13.0,19.0,28.0,19,15,14.0,35.0,,55.0,,23.0,,32.0,,21.0,58.0,48.0,21.0,46.0,15.0,20,13.0,,21.0,,40.0,16,27.0,38.0,10,51.0,12.0,16.0,21.0,,,28.0,51.0,22.0,54.0,11.0,19,22.0,31.0,11.0,46.0,23,32.0,38.0,58.0,36.0,31.0,33.0,33.0,22.0,32.0,26.0,44.0,59.0,45.0,35,34,20.0,42.0,28.0,25.0,39.0,21,15,47.0,37.0,,,11.0,22.0,20.0,33.0,34.0,32.0,20.0,41.0,9.0,18.0,48.0,17,26,22.0,53.0,47.0,32.0,,33,54.0,0.0,50.0,10.0,36.0,2.0,37.0,47.0,25.0,46.0,,30.0,42.0,45.0,33.0,19,17.0,30.0,23,30.0,31.0,22.0,53.0,11.0,56.0,32.0,33.0,53.0,2.0,49.0,59.0,10.0,24.0,11.0,52.0,16.0,12.0,47.0,40.0,12.0,45.0,,42.0,25.0,,33.0,22.0,28.0,24.0,16.0,16.0,18.0,20.0,42.0,21.0,32.0,,29.0,43.0,28.0,44.0,32.0,59.0,33.0,24.0,,,16.0,15.0,47.0,12.0,24.0,34.0,25.0,33.0,51.0,59.0,18.0,23.0,,30,27.0,13.0,35.0,,,46.0,43.0,22.0,13.0,51.0,31.0,48.0,19.0,47.0,30.0,21.0,37.0,18.0,,19.0,37.0,33.0,35.0,33.0,28.0,32.0,27.0,7.0,19.0,,47.0,26.0,19.0,55.0,42.0,48.0,,28.0,57.0,,21.0,55.0,,27.0,35.0,21.0,20,25.0,53.0,19.0,28.0,24.0,,36.0,28.0,11.0,22,30.0,21.0,23.0,36.0,50.0,30.0,18.0,51.0,16.0,41.0,40.0,29.0,35.0,22.0,47.0,54.0,17,18.0,20.0,45.0,24.0,7.0,12.0,4.0,,9.0,23.0,56.0,18.0,,27.0,23.0,23.0,32.0,36.0,33.0,19.0,34.0,24.0,16.0,16.0,14,43,20.0,43.0,32.0,36.0,12.0,31.0,43.0,39.0,,23.0,33.0,55.0,38.0,,,33.0,,40.0,,47.0,25.0,14.0,,17.0,35.0,25.0,40.0,11.0,53.0,42.0,25.0,23.0,38.0,33.0,,37.0,35.0,18.0,33.0,23.0,,24.0,29.0,23.0,36.0,14.0,35.0,16.0,15,54.0,19.0,38.0,42.0,42,20.0,38.0,46.0,,34.0,30.0,43.0,42.0,24,25.0,40.0,33.0,24.0,50.0,11.0,,54,57.0,27.0,,21.0,34,,18.0,20.0,20.0,30.0,43.0,33.0,9.0,21.0,55.0,39.0,30.0,29.0,14.0,25.0,36.0,14.0,47.0,22.0,51.0,52.0,15.0,13.0,33.0,4,48.0,,45.0,11.0,3.0,51.0,12.0,44.0,26.0,,26.0,59.0,19.0,25,42.0,,33.0,,27.0,59.0,40.0,48.0,43.0,,43.0,31.0,,56.0,,31.0,58.0,,15.0,,37.0,42.0,,,,21.0,0.0,46.0,29.0,39.0,31.0,13.0,28.0,,,28.0,60.0,,,31.0,46.0,35.0,26.0,58.0,23.0,12.0,37.0,28.0,32.0,12.0,23.0,,22.0,21.0,2.0,,37.0,,,35.0,16.0,49.0,14.0,,28.0,18.0,15.0,21.0,38.0,23,42.0,,9.0,32.0,27.0,35.0,23.0,,12.0,31.0,13.0,13.0,31.0,33.0,,13.0,38.0,47.0,20.0,36.0,55.0,15.0,12.0,28.0,32.0,,20.0,22.0,,21.0,21.0,,,25.0,33.0,19.0,25.0,43.0,12.0,19.0,29.0,27.0,45.0,22.0,60.0,33.0,21.0,,54.0,10.0,,22.0,33.0,18.0,17.0,23.0,,,48.0,45.0,60.0,,43.0,56.0,42.0,31.0,24.0,18.0,35.0,55.0,20.0,46.0,19.0,17.0,10.0,,34.0,49.0,42.0,,17.0,13.0,34.0,,42.0,22.0,,44.0,31.0,59.0,42.0,35.0,9.0,53.0,30.0,,,35.0,3.0,8.0,49.0,47.0,32.0,35.0,38.0,13.0,17.0,23.0,27.0,55.0,49.0,23.0,19.0,,21.0,28.0,13.0,22.0,13.0,39.0,25.0,54.0,17.0,34.0,23.0,,32.0,29.0,16,23.0,38.0,,16.0,,15.0,54.0,23.0,45.0,22.0,19,12.0,12.0,48.0,41.0,33.0,24.0,36.0,,33,,39.0,20.0,25.0,,,21.0,27.0,49.0,15.0,23.0,29.0,26.0,21.0,53.0,22.0,,18.0,35.0,49.0,16.0,13.0,35.0,,42.0,15.0,23.0,18.0,59.0,60.0,29.0,,27.0,24.0,29.0,34.0,29.0,19.0,52.0,24.0,24.0,58.0,15.0,34.0,,32.0,,,42.0,19.0,,57.0,41.0,26.0,,21.0,0.0,19.0,20.0,38.0,42.0,23.0,29.0,55.0,40.0,37.0,,25.0,18.0,,46.0,31.0,17.0,,57.0,2.0,30.0,42.0,37.0,26.0,32.0,,17.0,29.0,13.0,28.0,52.0,45.0,53.0,20.0,12.0,,20.0,53.0,10.0,47.0,14.0,31.0,30.0,48.0,41.0,47.0,24.0,47.0,28.0,33.0,32.0,13.0,42,59.0,48.0,15.0,,,46.0,27.0,35.0,,23.0,,38.0,16.0,17.0,17.0,31.0,26.0,34.0,,51.0,24.0,56.0,42.0,,40.0,30.0,12.0,,44.0,45.0,27.0,26.0,1.0,,,,40.0,59.0,25.0,47.0,,38.0,,35.0,,,15.0,,,17.0,37.0,26.0,22.0,,13.0,35.0,59.0,0.0,47.0,15.0,31.0,35.0,20.0,38.0,,,,42.0,18.0,43.0,,30.0,19.0,,50.0,46.0,30.0,23.0,26.0,19,21.0,28.0,9,25.0,23.0,10.0,56.0,,,53.0,16.0,18.0,19.0,29.0,22.0,38.0,31.0,21.0,,49.0,34.0,49.0,,41.0,0.0,26.0,38.0,34.0,12.0,19.0,30.0,38.0,25.0,22.0,27.0,15.0,32.0,33.0,,38.0,14.0,0.0,20.0,,18.0,24.0,30.0,48.0,16.0,31.0,16.0,30.0,34.0,,19.0,39.0,28.0,35.0,20.0,14.0,39.0,6.0,27.0,8.0,17.0,13.0,35.0,32.0,57.0,44.0,14.0,,16.0,,48.0,18.0,29.0,53.0,30.0,31.0,31.0,20.0,49.0,16.0,33.0,39.0,56.0,,15.0,,51.0,26.0,,16.0,,40.0,,29.0,,18.0,43.0,48.0,37.0,27.0,,12.0,50.0,0.0,6.0,35.0,14.0,13.0,43.0,27.0,31.0,37.0,47.0,,26.0,,30.0,28.0,35.0,14.0,18.0,47.0,34.0,25.0,36.0,36.0,,33.0,44.0,22.0,48.0,41.0,12.0,30.0,15.0,,30.0,26.0,31.0,25.0,10.0,13.0,55.0,13.0,27.0,18.0,,46.0,23.0,,42.0,25.0,38.0,,,41.0,47.0,45.0,,43.0,43.0,,17.0,59.0,6.0,22.0,24.0,53.0,6.0,,51.0,36.0,,,22.0,45.0,,22.0,26.0,26.0,31.0,14.0,46.0,,25.0,35.0,44.0,,29.0,34.0,18.0,23.0,40.0,37.0,0.0,23.0,43.0,53.0,41.0,45.0,,,44.0,20.0,32.0,60.0,,,20.0,25.0,28.0,9.0,15.0,41.0,24.0,,22.0,23.0,27.0,,46.0,22.0,20.0,29.0,,13.0,20.0,24.0,,47.0,23.0,38.0,15.0,21.0,23.0,18.0,31.0,29.0,20.0,52.0,41.0,,27.0,,47.0,,,41.0,36.0,15.0,,10.0,33.0,9.0,,32.0,24.0,23.0,51.0,57.0,36.0,25.0,,30.0,25.0,15.0,39.0,21.0,32.0,,53.0,15.0,40.0,28.0,29.0,34.0,49.0,28.0,22.0,,53.0,41.0,28.0,16.0,20.0,24.0,54.0,51.0,35.0,21.0,37.0,24.0,34.0,17.0,27.0,20.0,60.0,28.0,53.0,17.0,28.0,43.0,38.0,48.0,21.0,19.0,46.0,36.0,38.0,44.0,55.0,43.0,,,58.0,23.0,24.0,15.0,,47.0,39.0,,,24.0,14.0,30.0,60.0,18.0,56.0,,,20.0,35.0,40.0,36.0,,47.0,26.0,46.0,28.0,,,,46.0,27.0,22.0,,,13.0,58.0,31.0,42.0,36.0,39.0,,,,55.0,27.0,53.0,14.0,35.0,42.0,18.0,60.0,15.0,,36.0,21.0,27.0,60.0,1.0,,58.0,14.0,57.0,29.0,16.0,57.0,45.0,34.0,22.0,22.0,49.0,,54.0,28.0,39.0,30.0,31.0,28.0,55.0,,8.0,40.0,,49.0,,20.0,37.0,14.0,60.0,18.0,43.0,,,21.0,37.0,30.0,20.0,,,31.0,,23.0,39.0,,26.0,15.0,16.0,25.0,18.0,9.0,60.0,,34.0,56.0,27.0,22.0,5.0,57.0,34.0,43.0,,34.0,51.0,42.0,36.0,,50.0,47.0,,38.0,,16.0,12.0,28.0,24.0,40.0,31.0,22.0,,35.0,32.0,10.0,27.0,50.0,39.0,,,17.0,,,,,25.0,16.0,46.0,59.0,,16.0,38.0,,33.0,,,31.0,55.0,,36.0,18.0,,,,,37.0,,45.0,,25.0,17.0,55.0,,60.0,46.0,27.0,30.0,46.0,45.0,17.0,54.0,55.0,52.0,52.0,,19.0,12.0,,32.0,44.0,26.0,18.0,28.0,30.0,46.0,28.0,53.0,58.0,54.0,,55.0,31.0,58.0,,16.0,,26.0,,25.0,26.0,,30.0,28.0,37.0,36.0,25.0,42.0,,38.0,52.0,21.0,28.0,25.0,23.0,,32.0,22.0,10.0,5.0,12.0,41.0,,17.0,,28.0,26.0,18.0,17.0,32.0,,33.0,13.0,27.0,9.0,,,,27.0,33.0,,24.0,26.0,54.0,30.0,15.0,,21.0,14.0,16.0,40.0,55.0,42.0,55.0,15.0,25.0,16.0,60.0,36.0,51.0,0.0,29.0,,26.0,,48.0,53.0,20.0,57.0,,,6.0,,,,30.0,,27.0,,29.0,46.0,42.0,57.0,,24.0,23.0,19.0,,,24.0,15.0,45.0,43.0,45.0,,39.0,13.0,26.0,,29.0,30.0,33.0,31.0,49.0,46.0,31.0,46.0,25.0,12.0,6.0,49.0,16.0,25.0,52.0,,19.0,52.0,38.0,10.0,21.0,26.0,17.0,14.0,27.0,24.0,28.0,38.0,41.0,36.0,,31.0,14.0,23.0,14.0,,,,,15.0,,17.0,32.0,45.0,27.0,25.0,36.0,45.0,,37.0,30.0,9.0,32.0,21.0,,38.0,24.0,21.0,27.0,20.0,24.0,,,37.0,,44.0,,39.0,32.0,,21.0,,46.0,,9.0,41.0,33.0,19.0,19.0,,20.0,30.0,,45.0,,12.0,,,14.0,24.0,19.0,41.0,12.0,,22.0,,23.0,26.0,20.0,29.0,45.0,11.0,34.0,,37.0,48.0,,30.0,23.0,37.0,14.0,20.0,19.0,52.0,23.0,,34.0,,33.0,0.0,55.0,,,54.0,41.0,43.0,24.0,10.0,50.0,41.0,20.0,60.0,27.0,31.0,31.0,23.0,38.0,56.0,32.0,33.0,51.0,50.0,,33.0,49.0,35.0,35.0,,28.0,0.0,56.0,31.0,27.0,43.0,35.0,33.0,,,,,22.0,36.0,,39.0,2.0,38.0,,,24.0,40.0,54.0,,18.0,,33.0,34.0,36.0,9.0,,44.0,26.0,51.0,40.0,47.0,10.0,55.0,17.0,14.0,46.0,41.0,0.0,19.0,30.0,34.0,,,0.0,39.0,22.0,,56.0,28.0,17.0,56.0,,,,42.0,52.0,30.0,60.0,27.0,31.0,,18.0,17.0,15.0,20.0,28.0,53.0,,19.0,10.0,53.0,43.0,44.0,,21.0,57.0,15.0,36.0,23.0,12.0,47.0,53.0,42.0,,33.0,32.0,19.0,,31.0,,,25.0,31.0,,57.0,17.0,22.0,18.0,33.0,25.0,18.0,,14.0,19.0,33.0,,56.0,,16.0,25.0,28.0,25.0,48.0,22.0,41.0,26.0,,26.0,21.0,,30.0,,24.0,,,3.0,25.0,33.0,,,45.0,32.0,46.0,,40.0,,32.0,24.0,44.0,21.0,,,27.0,,,50.0,55.0,,51.0,39.0,40.0,,30.0,54.0,31.0,37.0,,,,,36.0,42.0,44.0,,39.0,,30.0,20.0,,33.0,59.0,49.0,32.0,17.0,42.0,32.0,59.0,,,13.0,24.0,,31.0,16.0,14.0,14.0,,33.0,20.0,54.0,34.0,37.0,,,43.0,25.0,13.0,25.0,,38.0,23.0,20.0,,23.0,,11.0,26.0,1.0,51.0,,19.0,26.0,8.0,,54.0,15.0,5.0,25.0,41.0,32.0,,48.0,60.0,,32.0,,,7.0,,48.0,59.0,59.0,23.0,,,22.0,,29.0,30.0,44.0,,27.0,,33.0,18.0,,54.0,35.0,42.0,41.0,34.0,,44.0,12.0,41.0,37.0,27.0,,32.0,,,31.0,43.0,41.0,22.0,44.0,36.0,15.0,23.0,34.0,27.0,,58.0,,57.0,21.0,29.0,51.0,14.0,,16.0,36.0,35.0,42.0,,0.0,22.0,,24.0,27.0,59.0,18.0,,21.0,37.0,54.0,45.0,43.0,19.0,6.0,35.0,185,3,2.5069060773480665,17.721605465414175,-0.3432009386211798
3,3,4,4,4,4,6,8,9,6,4,8,6,5,7,8,15,4,5,19,5,5,9,2,11,11,11,2,6,5,9,6,7,9,15,7,23,14,7,16,16,23.0,8,10,1,9,6,12,12,8,9,13,11,9,30,19,14,9,8,10,7,9,21,10,10.0,11,10,9,10,9,13,12,12,5,7,20,17,10,15,5,14,8,8,11,22,26,13,8,23,7,16,8,30,0,18,16,20,11,10,12,14,13,8,5,16,23,15,16,11,12,8,19.0,17,23,23.0,21,13,15,7,17,11,15,13,12,10,8,9,38.0,7,18,22,16,52.0,8,20,11.0,18,13,6,16,22,19,5,23,59.0,,7,25.0,15,8,9,13,21.0,16,5,16,22,33.0,18,16,9,17,10,30,19,17.0,9,20,10,19,10,27.0,12,18,14,40,22,15.0,14,30.0,21,19,14,25,9,,14.0,14,12,18.0,24.0,12,30,20,25,11,6,13,11.0,27,29,29.0,22,15,17,2,40.0,34,10,18,17,0.0,17,11,12,10,10,16,9,20.0,9.0,24,21,14,27.0,15,17,39,46.0,8,17.0,8.0,18,21,17.0,24,24,17,21.0,55.0,6,19,12,20,18,22.0,6,19,21,14,22,14,20.0,20.0,13,36.0,23.0,28.0,21.0,22,23.0,10,14,22,37.0,4.0,7.0,40.0,49.0,6,21.0,27.0,,18,25,39.0,9,21,11,21.0,11.0,8.0,18,13.0,25,25,17.0,11.0,17,17.0,19.0,3,19,11.0,9,10.0,20.0,22.0,40,7,15.0,19,13,6,19,21,13,19,15,9,20,21,15,27.0,24.0,22,20,3,15.0,35.0,21,28,16,,12,29.0,18,14,24,2,19,21.0,5,10.0,25,14,18.0,19,11,18,6.0,49.0,11,24.0,42.0,28.0,33.0,28.0,18,23.0,8,29,10,19.0,21,,12.0,32,,27.0,47.0,17,25.0,16,18,27,21,11,20,19,38.0,13,4.0,19,13,24,53.0,14,17.0,16,21.0,13,9.0,24,27,25.0,33,11.0,29,42.0,10.0,28,16,15.0,35.0,7.0,20.0,20.0,19,23.0,23.0,18,,14,14,38.0,31.0,15,57.0,28,12.0,,24,17,20,9.0,15,53.0,39.0,23,58.0,16,41.0,18,21,12,21.0,42.0,19,2,19,55.0,22.0,43,14,29.0,21,20.0,8.0,,51.0,6.0,15.0,25.0,22.0,14.0,18.0,16,15,22.0,21.0,39.0,22.0,35.0,19.0,28.0,21.0,19,20,44.0,13.0,17,37.0,0.0,,22.0,17.0,22.0,20,23,,44.0,7.0,29.0,22,55.0,31.0,24.0,8,30,17,,28.0,17.0,31.0,37,19,26.0,7.0,18,25.0,26.0,17,20.0,52.0,42.0,23,21.0,20,14.0,29.0,23.0,9,38.0,33,4.0,7,26,19.0,21.0,16.0,,15,19,20,34.0,26,47.0,23,21,23.0,24,17,37.0,26.0,7,15,21.0,19.0,21.0,19.0,17.0,21.0,27,20.0,23,26,27.0,34.0,30.0,21.0,10.0,,20,4,53.0,27.0,23.0,27.0,18.0,19.0,12,24.0,9,8.0,5.0,37.0,5.0,22,25.0,21,39.0,0.0,21.0,5,22.0,36.0,21.0,19,28,20.0,56.0,22.0,33.0,42.0,14.0,37.0,0.0,6.0,28.0,16.0,32.0,21,17,,,11.0,12,28,11,9,26.0,58.0,10,33,18.0,33.0,15,30.0,51.0,24.0,15,19.0,,37.0,7,30.0,,18.0,59.0,,18.0,13,28.0,17,42.0,17,9,18,25.0,52.0,50.0,40.0,13.0,15.0,35.0,28.0,15.0,13.0,20.0,16,18.0,8.0,11,,40.0,27.0,41.0,16,40.0,,12.0,27,49,,24,27.0,13.0,39.0,38.0,32,46.0,22,12,42.0,18,50.0,7,41.0,,11.0,0,28,5.0,43.0,19,,11,8.0,18,34.0,9.0,19.0,55.0,35.0,31.0,26,27.0,24.0,20.0,,20.0,35.0,0.0,23,17,27.0,14,30,10,26.0,33.0,32.0,39.0,16.0,5.0,47,20.0,0.0,41.0,15,17.0,31.0,24.0,22.0,21.0,26,49.0,35.0,23.0,14.0,24.0,6.0,21.0,27,32.0,59.0,60.0,24.0,13.0,7.0,33.0,9,28.0,,21.0,13.0,15,57,4.0,32.0,21,42.0,38.0,35.0,25,,,49.0,34.0,21,38.0,,23.0,12.0,55.0,23.0,,15.0,9.0,9,20,28.0,21.0,6.0,14.0,31.0,21.0,20.0,41.0,11.0,39.0,23,28,19.0,24,,26.0,19.0,20.0,23,10,23.0,22.0,15.0,30.0,31.0,30.0,58.0,33.0,18.0,27,29.0,0.0,31.0,24.0,20.0,24.0,21,24.0,33.0,26.0,28,13.0,14.0,19.0,27.0,11.0,25.0,20,29.0,13,51.0,8.0,30.0,23.0,30.0,28.0,20.0,45.0,,48.0,48.0,27.0,26.0,13.0,16.0,24.0,22.0,7.0,4.0,19.0,,24,21.0,14.0,23,31.0,0.0,22,22.0,10.0,52.0,21,12,21,11.0,22.0,36.0,46.0,22.0,58.0,26.0,21.0,48.0,19,14.0,30,33.0,19,22,8.0,36,,,1.0,42.0,4,31.0,11.0,26.0,26.0,12.0,22.0,15,31.0,25,13.0,23.0,36.0,18,29.0,13,14,11.0,42.0,,20,12.0,,9,25.0,5.0,21.0,18.0,13.0,56.0,,25.0,61,13.0,28.0,32.0,43.0,22.0,56.0,44.0,42.0,16,55.0,10,42.0,31.0,56.0,27.0,35,22,20.0,8.0,10.0,23.0,,20.0,22.0,36.0,33.0,9,32.0,21.0,20,24,17.0,30.0,20,22.0,54.0,14,42.0,25,20,21,26.0,20.0,11.0,,30.0,,48.0,44.0,32.0,12.0,29.0,15.0,10.0,19.0,45.0,30.0,26.0,19.0,32.0,37.0,32.0,39.0,55.0,24.0,42.0,31.0,15.0,,16.0,35.0,16.0,25.0,20.0,35.0,,53.0,19.0,34.0,24.0,19.0,12.0,21.0,50.0,36.0,25.0,,35.0,28.0,21,26.0,42.0,29.0,21,40.0,,32.0,28.0,54.0,,,17.0,29.0,60.0,20.0,20.0,32.0,49.0,28.0,16.0,24.0,12.0,6.0,30.0,14.0,55.0,43.0,28.0,47.0,33.0,,26.0,11,35.0,25.0,17.0,21,15.0,34.0,5.0,10.0,10.0,28.0,,14.0,38.0,17,22.0,,37.0,8.0,57.0,26.0,9,19,42.0,33.0,9.0,,50.0,19.0,20,38,18.0,20.0,30.0,,51.0,34.0,49.0,20.0,22.0,61.0,27.0,28.0,4.0,30.0,4.0,46.0,27,15.0,,0.0,19.0,41.0,21,14.0,10,17.0,29,24.0,,16.0,20.0,13.0,40.0,18.0,9.0,15.0,22.0,28.0,21.0,19,11.0,30.0,39.0,6.0,33.0,19,42.0,,22.0,57.0,46.0,5.0,,13.0,14.0,36,27,24.0,11.0,25.0,19.0,19.0,15.0,18.0,19.0,19,,,41.0,20.0,40.0,,20.0,17.0,8,24.0,35.0,30.0,32,50,26.0,40.0,16.0,22.0,15.0,49.0,,50.0,41.0,12.0,19.0,53.0,18.0,21.0,10.0,28,32.0,41.0,14.0,24.0,6.0,13,35.0,39.0,46,22.0,26.0,28.0,,,41.0,12.0,55.0,34.0,8.0,37.0,22,20.0,32.0,24.0,14.0,19,16.0,37.0,20.0,18.0,40.0,18.0,50.0,8.0,30.0,10.0,30.0,18.0,18.0,32,36,7.0,16.0,57.0,5.0,26.0,15,22,,38.0,,,40.0,41.0,42.0,43.0,14.0,14.0,,,39.0,30.0,,14,18,11.0,14.0,36.0,12.0,,30,31.0,5.0,,30.0,50.0,45.0,36.0,,,24.0,16.0,20.0,48.0,44.0,,14,9.0,35.0,23,53.0,25.0,27.0,,21.0,18.0,35.0,57.0,26.0,54.0,17.0,28.0,8.0,41.0,17.0,41.0,41.0,15.0,24.0,27.0,,18.0,29.0,36.0,18.0,,23.0,24.0,12.0,26.0,16.0,,41.0,,40.0,32.0,25.0,,32.0,52.0,24.0,20.0,,17.0,50.0,35.0,48.0,0.0,41.0,21.0,10.0,21.0,,10.0,46.0,33.0,13.0,42.0,,11.0,60.0,0,56.0,39.0,,17.0,46.0,5.0,26.0,,9.0,42.0,34.0,35.0,36.0,19.0,26.0,37.0,60.0,21.0,20.0,49.0,36.0,35.0,14.0,33.0,24.0,,29.0,,31.0,,0.0,34.0,,31.0,35.0,20.0,,53.0,10.0,,21.0,39.0,,17.0,,48.0,5,53.0,49.0,13.0,33.0,,18.0,43.0,,,22,,,49.0,47.0,24.0,22.0,31.0,21.0,31.0,13.0,49.0,16.0,46.0,11.0,3.0,27.0,16,38.0,9.0,,50.0,45.0,22.0,27.0,7.0,10.0,,55.0,7.0,51.0,,41.0,20.0,42.0,38.0,,28.0,,29.0,26.0,16.0,11,18,25.0,27.0,54.0,11.0,56.0,41.0,15.0,25.0,49.0,50.0,32.0,,22.0,,30.0,8.0,19.0,,50.0,27.0,8.0,27.0,39.0,47.0,,23.0,52.0,39.0,44.0,,,54.0,30.0,,20.0,,20.0,46.0,23.0,25.0,23.0,57.0,29.0,44.0,56.0,,27.0,52.0,8,60.0,19.0,10.0,19.0,14,37.0,58.0,9.0,19.0,49.0,26.0,26.0,18.0,5,,20.0,37.0,43.0,49.0,,30.0,22,38.0,20.0,28.0,,32,57.0,18.0,25.0,48.0,,17.0,10.0,10.0,9.0,13.0,19.0,32.0,32.0,0.0,61.0,32.0,6.0,,23.0,27.0,26.0,60.0,12.0,15.0,21,31.0,29.0,36.0,12.0,44.0,,34.0,9.0,61.0,12.0,53.0,32.0,18.0,27,19.0,18.0,20.0,50.0,,8.0,36.0,,32.0,,21.0,50.0,12.0,27.0,49.0,29.0,20.0,,16.0,,38.0,6.0,,29.0,31.0,31.0,38.0,57.0,29.0,37.0,29.0,32.0,18.0,30.0,10.0,31.0,17.0,33.0,45.0,,15.0,33.0,35.0,26.0,18.0,17.0,,,,29.0,14.0,29.0,5.0,47.0,,40.0,36.0,20.0,40.0,37.0,7.0,52.0,33.0,26.0,47.0,29.0,22.0,27.0,16.0,39,15.0,51.0,16.0,16.0,33.0,50.0,8.0,,18.0,29.0,30.0,5.0,,29.0,,14.0,54.0,18.0,9.0,39.0,,32.0,36.0,22.0,46.0,37.0,5.0,38.0,55.0,20.0,20.0,24.0,,8.0,13.0,16.0,7.0,34.0,32.0,35.0,21.0,32.0,56.0,32.0,10.0,33.0,0.0,48.0,20.0,26.0,,50.0,6.0,26.0,21.0,21.0,26.0,23.0,,14.0,34.0,39.0,,,52.0,21.0,11.0,21.0,37.0,,36.0,20.0,13.0,20.0,,33.0,56.0,20.0,,,29.0,,45.0,38.0,19.0,32.0,29.0,42.0,21.0,39.0,55.0,51.0,28.0,,26.0,35.0,30.0,17.0,,14.0,11.0,12.0,41.0,31.0,11.0,22.0,,,34.0,59.0,50.0,41.0,,27.0,,31.0,59.0,13.0,30.0,38.0,16.0,35.0,21.0,57.0,43.0,33.0,41.0,14.0,28,27.0,10.0,,12.0,35.0,24.0,17.0,11.0,23.0,59.0,15,14.0,20.0,27.0,17.0,42.0,23.0,45.0,17.0,26,27.0,21.0,36.0,24.0,10.0,45.0,42.0,32.0,33.0,27.0,30.0,25.0,14.0,31.0,,35.0,38.0,30.0,37.0,28.0,39.0,29.0,33.0,20.0,46.0,,57.0,39.0,,17.0,48.0,9.0,44.0,44.0,26.0,13.0,8.0,14.0,50.0,19.0,28.0,21.0,19.0,,57.0,55.0,19.0,59.0,27.0,28.0,44.0,16.0,,20.0,29.0,34.0,25.0,23.0,60.0,,50.0,15.0,12.0,6.0,,50.0,22.0,29.0,39.0,25.0,43.0,19.0,26.0,40.0,31.0,23.0,48.0,60.0,49.0,,,,30.0,11.0,,33.0,25.0,33.0,,,50.0,0.0,17.0,20.0,11.0,55.0,,16.0,34.0,27.0,35.0,48.0,26.0,35.0,,,,46.0,17,18.0,33.0,,50.0,31.0,30.0,13.0,30.0,49.0,54.0,46.0,15.0,0.0,29.0,,32.0,29.0,46.0,6.0,58.0,24.0,28.0,,21.0,,23.0,9.0,52.0,,27.0,42.0,,10.0,53.0,29.0,23.0,14.0,45.0,41.0,,13.0,40.0,39.0,44.0,,43.0,22.0,,21.0,16.0,17.0,30.0,18.0,40.0,6.0,21.0,7.0,43.0,26.0,22.0,29.0,35.0,34.0,,40.0,29.0,,40.0,29.0,13.0,6.0,58.0,22.0,18.0,,45.0,,18.0,25.0,8,47.0,45.0,13,11.0,0.0,48.0,50.0,54.0,59.0,27.0,23.0,25.0,48.0,,,,31.0,,26.0,,33.0,23.0,,17.0,32.0,,30.0,,,24.0,31.0,50.0,,39.0,47.0,41.0,37.0,8.0,52.0,33.0,61.0,39.0,,47.0,22.0,35.0,,,13.0,18.0,13.0,42.0,,22.0,0.0,33.0,,27.0,39.0,40.0,22.0,23.0,17.0,23.0,15.0,23.0,24.0,43.0,50.0,55.0,19.0,49.0,,25.0,,17.0,34.0,12.0,,20.0,22.0,5.0,,30.0,60.0,29.0,16.0,28.0,30.0,59.0,36.0,32.0,54.0,25.0,12.0,19.0,0.0,41.0,18.0,42.0,,54.0,28.0,,,60.0,,34.0,11.0,19.0,15.0,24.0,7.0,,10.0,,35.0,7.0,,44.0,28.0,26.0,29.0,51.0,37.0,,39.0,,36.0,34.0,42.0,2.0,18.0,40.0,49.0,35.0,,11.0,,61.0,10.0,40.0,44.0,5.0,23.0,7.0,20.0,34.0,58.0,11.0,6.0,35.0,,41.0,52.0,20.0,,19.0,16.0,14.0,,,29.0,33.0,,52.0,,39.0,37.0,25.0,16.0,16.0,39.0,,,25.0,10.0,37.0,28.0,17.0,13.0,49.0,,22.0,,22.0,33.0,34.0,37.0,,20.0,,9.0,,37.0,25.0,32.0,11.0,0.0,23.0,28.0,36.0,12.0,,13.0,6.0,42.0,,,38.0,,,32.0,41.0,40.0,35.0,22.0,28.0,18.0,,36.0,23.0,29.0,,34.0,8.0,39.0,19.0,19.0,29.0,27.0,25.0,37.0,43.0,26.0,5.0,17.0,8.0,13.0,34.0,12.0,51.0,13.0,13.0,42.0,,25.0,59.0,37.0,41.0,53.0,23.0,37.0,21.0,,24.0,,,38.0,,40.0,61.0,10.0,,,,9.0,,27.0,9.0,28.0,24.0,15.0,43.0,53.0,23.0,,25.0,58.0,,18.0,21.0,44.0,,,53.0,9.0,,21.0,12.0,,,,46.0,38.0,21.0,41.0,23.0,20.0,21.0,36.0,17.0,15.0,37.0,,27.0,32.0,12.0,52.0,20.0,,32.0,,,43.0,20.0,58.0,43.0,,21.0,36.0,50.0,61.0,17.0,26.0,27.0,15.0,45.0,21.0,20.0,57.0,54.0,,29.0,,15.0,43.0,,,18.0,17.0,27.0,13.0,41.0,,,10.0,53.0,,33.0,8.0,15.0,59.0,18.0,25.0,10.0,27.0,27.0,18.0,,19.0,,44.0,34.0,14.0,21.0,16.0,17.0,0.0,36.0,46.0,18.0,44.0,,,25.0,21.0,13.0,34.0,13.0,35.0,33.0,29.0,50.0,45.0,47.0,7.0,30.0,56.0,23.0,26.0,,29.0,14.0,37.0,,15.0,24.0,19.0,12.0,54.0,39.0,59.0,45.0,10.0,0.0,,,26.0,,8.0,17.0,50.0,31.0,24.0,25.0,52.0,53.0,38.0,53.0,,60.0,23.0,35.0,27.0,17.0,34.0,16.0,48.0,23.0,44.0,34.0,41.0,50.0,14.0,4.0,24.0,28.0,28.0,10.0,47.0,10.0,18.0,39.0,10.0,36.0,,42.0,8.0,11.0,34.0,13.0,36.0,26.0,6.0,16.0,,,28.0,18.0,30.0,17.0,37.0,35.0,29.0,,,18.0,,,,17.0,16.0,33.0,,25.0,,37.0,,24.0,,,,29.0,,25.0,44.0,36.0,,58.0,15.0,35.0,54.0,,12.0,12.0,,50.0,50.0,,39.0,,57.0,9.0,,12.0,23.0,60.0,15.0,25.0,23.0,,,,27.0,33.0,19.0,59.0,,50.0,24.0,53.0,47.0,,,44.0,,45.0,12.0,,31.0,,39.0,47.0,11.0,24.0,20.0,61.0,35.0,,26.0,21.0,26.0,16.0,10.0,38.0,35.0,18.0,18.0,41.0,49.0,20.0,,29.0,56.0,,6.0,13.0,21.0,42.0,10.0,45.0,,27.0,45.0,35.0,,36.0,38.0,27.0,14.0,18.0,31.0,28.0,,,36.0,39.0,49.0,16.0,,,7.0,26.0,33.0,48.0,0.0,16.0,26.0,13.0,14.0,19.0,,,41.0,18.0,23.0,56.0,48.0,,28.0,34.0,10.0,27.0,55.0,18.0,0.0,53.0,33.0,56.0,,,57.0,40.0,,54.0,29.0,12.0,53.0,54.0,14.0,27.0,54.0,10.0,,27.0,31.0,,27.0,58.0,,19.0,,30.0,,20.0,25.0,39.0,54.0,28.0,9.0,11.0,27.0,44.0,25.0,0.0,35.0,54.0,,49.0,17.0,,26.0,36.0,35.0,14.0,,23.0,46.0,51.0,37.0,,,32.0,,39.0,,22.0,25.0,20.0,20.0,37.0,49.0,,13.0,39.0,46.0,49.0,34.0,32.0,,,18.0,,49.0,,,8.0,51.0,,53.0,12.0,,36.0,24.0,37.0,43.0,,25.0,32.0,30.0,31.0,56.0,0.0,,,16.0,19.0,36.0,14.0,43.0,33.0,40.0,42.0,33.0,,47.0,13.0,,,,41.0,59.0,25.0,54.0,,12.0,,5.0,9.0,,28.0,,56.0,39.0,14.0,53.0,33.0,,,54.0,53.0,47.0,34.0,39.0,20.0,17.0,15.0,51.0,27.0,53.0,47.0,27.0,17.0,55.0,,18.0,9.0,56.0,18.0,,54.0,4.0,,,30.0,33.0,49.0,26.0,26.0,53.0,14.0,29.0,,41.0,,,23.0,23.0,44.0,,29.0,,24.0,44.0,24.0,39.0,38.0,,25.0,32.0,27.0,,29.0,11.0,,46.0,59.0,58.0,12.0,,23.0,,35.0,35.0,61.0,18.0,30.0,51.0,34.0,,50.0,61.0,,,23.0,23.0,,32.0,26.0,,27.0,34.0,40.0,18.0,46.0,,14.0,,,,27.0,52.0,,43.0,24.0,,,,26.0,,22.0,54.0,59.0,,49.0,27.0,,21.0,,13.0,45.0,26.0,22.0,40.0,,39.0,25.0,19.0,,48.0,,23.0,31.0,,16.0,40.0,28.0,5.0,,,23.0,,,10.0,,44.0,31.0,26.0,,,20.0,57.0,32.0,16.0,,51.0,14.0,15.0,,32.0,13.0,24.0,,49.0,32.0,47.0,,25.0,61.0,,,,,22.0,21.0,38.0,,,,52.0,,,53.0,25.0,32.0,29.0,,26.0,43.0,38.0,24.0,21.0,60.0,54.0,,,50.0,,24.0,56.0,19.0,,38.0,40.0,54.0,0.0,28.0,,15.0,,31.0,,21.0,,28.0,16.0,48.0,42.0,40.0,19.0,,53.0,20.0,,53.0,,32.0,47.0,25.0,32.0,42.0,46.0,,0.0,,11.0,,59.0,40.0,19.0,,44.0,26.0,22.0,43.0,,34.0,25.0,59.0,52.0,4.0,45.0,12.0,28.0,17.0,23.0,10.0,57.0,35.0,15.0,34.0,,12.0,32.0,42.0,18.0,59.0,38.0,49.0,43.0,44.0,,40.0,19.0,46.0,61.0,34.0,,,,,19.0,19.0,44.0,40.0,32.0,,42.0,20.0,21.0,16.0,,18.0,30.0,15.0,15.0,,,40.0,11.0,37.0,10.0,,,14.0,,50.0,30.0,18.0,9.0,35.0,40.0,33.0,40.0,18.0,36.0,29.0,16.0,47.0,,40.0,51.0,37.0,,35.0,32.0,6.0,51.0,25.0,23.0,,,,,29.0,43.0,,42.0,19.0,11.0,,35.0,34.0,38.0,,10.0,46.0,32.0,,60.0,24.0,,14.0,,16.0,186,3,2.4194857916102843,18.752011494252873,-0.3205827672893908
9,6,9,12,10,10,10,13,11,8,9,12,11,14,13,15,11,8,18,14,10,10,12,12,0,16,12,11,8,1,16,14,13,12,12,14,14,16,14,10,19,36.0,10,16,11,9,20,15,13,27,13,11,1,15,34,26,17,17,10,13,16,12,15,13,25.0,13,11,18,20,14,16,11,13,17,11,9,13,17,1,15,25,18,17,18,14,13,8,14,19,9,0,18,26,11,11,17,19,15,11,15,9,14,14,15,16,9,17,16,16,17,15,17.0,20,6,35.0,20,0,17,13,13,17,28,17,23,11,24,22,43.0,16,8,20,12,15.0,15,10,12.0,14,29,9,18,10,23,19,19,11.0,16.0,15,,13,18,16,23,23.0,12,19,18,18,25.0,25,18,22,17,19,11,24,26.0,17,13,19,24,14,,5,13,16,10,28,17.0,15,28.0,8,19,14,20,21,15.0,32.0,36,26,25.0,,15,20,9,14,27,19,14,21.0,16,22,19.0,15,25,12,10,15.0,29,19,13,10,43.0,14,20,20,34,17,12,21,20.0,32.0,11,18,26,37.0,20,18,21,15.0,16,17.0,47.0,16,12,48.0,30,28,15,14.0,,21,18,18,23,22,35.0,14,20,20,15,21,32,35.0,51.0,15,,28.0,19.0,39.0,29,30.0,16,24,19,50.0,27.0,18.0,,22.0,19,33.0,34.0,26.0,21,24,15.0,26,18,27,24.0,45.0,13.0,27,18.0,26,16,17.0,19.0,18,56.0,21.0,14,11,17.0,11,25.0,21.0,14.0,22,18,23.0,18,28,17,36,35,16,19,27,19,28,24,19,45.0,28.0,21,17,18,25.0,16.0,15,27,27,,26,21.0,20,29,17,18,25,31.0,13,17.0,22,27,23.0,18,20,16,24.0,18.0,23,32.0,51.0,45.0,21.0,43.0,18,27.0,19,20,11,34.0,27,7.0,22.0,17,19.0,26.0,54.0,36,54.0,19,18,16,38,20,28,28,19.0,15,14.0,38,35,12,,24,,18,0.0,31,0.0,16,14,16.0,17,31.0,14,,41.0,30,24,16.0,51.0,42.0,23.0,37.0,28,39.0,27.0,18,,27,31,,,36,27.0,47,24.0,35.0,19,33,16,20.0,13,30.0,41.0,35,24.0,17,37.0,27,18,14,52.0,27.0,24,19,11,16.0,33.0,29,23,46.0,32,25.0,23.0,,41.0,23.0,12.0,27.0,19.0,,34.0,12,26,29.0,,43.0,22.0,37.0,9.0,34.0,20.0,39,20,23.0,15.0,19,18.0,14.0,38.0,24.0,26.0,35.0,20,19,,37.0,,19.0,15,27.0,23.0,49.0,23,26,22,28.0,,17.0,27.0,24,14,21.0,38.0,21,15.0,25.0,26,,32.0,38.0,43,30.0,17,27.0,44.0,22.0,17,35.0,19,43.0,19,23,16.0,46.0,19.0,21.0,34,25,23,18.0,14,35.0,17,20,14.0,21,33,48.0,32.0,17,26,31.0,0.0,36.0,54.0,19.0,43.0,18,33.0,14,5,30.0,21.0,37.0,29.0,,,21,22,29.0,46.0,32.0,33.0,41.0,29.0,24,17.0,15,,26.0,,10.0,14,24.0,39,15.0,40.0,35.0,27,12.0,25.0,,40,25,,62.0,28.0,13.0,34.0,22.0,16.0,26.0,12.0,29.0,10.0,37.0,22,26,15.0,18.0,27.0,13,11,24,7,45.0,58.0,20,29,37.0,45.0,26,28.0,14.0,56.0,16,38.0,19.0,36.0,30,42.0,28.0,39.0,,29.0,52.0,12,29.0,22,33.0,12,21,22,,37.0,17.0,,36.0,,13.0,18.0,50.0,32.0,21.0,18,31.0,,17,,56.0,12.0,18.0,19,0.0,21.0,,30,18,17.0,20,23.0,18.0,26.0,65.0,15,31.0,35,3,37.0,39,43.0,21,37.0,31.0,43.0,30,7,40.0,22.0,19,9.0,20,48.0,21,58.0,13.0,22.0,64.0,38.0,29.0,0,27.0,25.0,44.0,31.0,41.0,13.0,14.0,21,21,19.0,21,16,15,24.0,18.0,26.0,45.0,15.0,3.0,45,21.0,38.0,28.0,15,33.0,24.0,36.0,42.0,16.0,23,18.0,30.0,24.0,50.0,15.0,27.0,34.0,38,24.0,32.0,,,37.0,26.0,27.0,38,39.0,60.0,28.0,19.0,17,27,11.0,47.0,18,49.0,55.0,21.0,29,21.0,40.0,11.0,29.0,25,38.0,35.0,17.0,31.0,,25.0,21.0,50.0,38.0,18,33,,37.0,0.0,45.0,0.0,27.0,27.0,27.0,28.0,46.0,33,21,51.0,28,,35.0,20.0,54.0,19,15,17.0,28.0,23.0,26.0,,21.0,35.0,37.0,23.0,18,27.0,13.0,38.0,25.0,50.0,,15,33.0,13.0,34.0,13,17.0,21.0,55.0,32.0,25.0,2.0,12,20.0,26,,30.0,45.0,62.0,27.0,20.0,51.0,26.0,27.0,27.0,61.0,63.0,21.0,30.0,10.0,37.0,16.0,34.0,41.0,34.0,25.0,25,20.0,43.0,21,61.0,37.0,21,23.0,12.0,20.0,29,31,24,30.0,51.0,37.0,46.0,14.0,14.0,35.0,27.0,28.0,32,12.0,21,39.0,13,34,44.0,40,11.0,32.0,61.0,11.0,18,22.0,19.0,49.0,29.0,23.0,7.0,24,42.0,0,61.0,48.0,,24,53.0,21,30,27.0,24.0,52.0,22,22.0,35.0,15,26.0,31.0,26.0,26.0,,16.0,30.0,21.0,18,20.0,30.0,30.0,38.0,42.0,20.0,21.0,31.0,20,37.0,38,18.0,27.0,37.0,45.0,39,24,23.0,20.0,57.0,,27.0,21.0,19.0,60.0,60.0,36,24.0,18.0,21,26,39.0,52.0,26,37.0,,16,58.0,29,19,24,24.0,19.0,48.0,,39.0,16.0,,27.0,34.0,,25.0,17.0,25.0,35.0,13.0,34.0,22.0,50.0,50.0,20.0,33.0,38.0,60.0,25.0,53.0,42.0,28.0,50.0,16.0,35.0,43.0,29.0,29.0,14.0,,,21.0,0.0,0.0,18.0,22.0,49.0,,45.0,18.0,54.0,39.0,41.0,33,24.0,36.0,41.0,10,34.0,28.0,26.0,22.0,39.0,,62.0,63.0,48.0,49.0,29.0,32.0,13.0,61.0,26.0,34.0,28.0,31.0,41.0,22.0,16.0,39.0,,14.0,26.0,0.0,22.0,,25,18.0,39.0,20.0,25,21.0,24.0,21.0,,33.0,51.0,57.0,,,25,39.0,33.0,33.0,30.0,0.0,,17,20,63.0,24.0,,,40.0,62.0,38,34,19.0,54.0,53.0,63.0,28.0,27.0,,15.0,44.0,26.0,28.0,46.0,21.0,47.0,20.0,23.0,18,24.0,23.0,42.0,37.0,25.0,17,20.0,23,,29,34.0,25.0,20.0,17.0,63.0,60.0,14.0,28.0,31.0,19.0,19.0,52.0,28,19.0,33.0,27.0,22.0,28.0,40,49.0,48.0,43.0,20.0,16.0,38.0,,59.0,25.0,25,27,,35.0,,42.0,,15.0,38.0,34.0,21,7.0,39.0,57.0,41.0,37.0,14.0,19.0,40.0,26,53.0,55.0,30.0,34,26,33.0,,39.0,39.0,33.0,,26.0,,44.0,,,20.0,18.0,22.0,23.0,33,28.0,51.0,,46.0,24.0,17,25.0,46.0,19,63.0,38.0,12.0,,26.0,19.0,24.0,20.0,8.0,45.0,25.0,31,53.0,37.0,34.0,45.0,23,12.0,36.0,28.0,13.0,0.0,37.0,42.0,13.0,26.0,33.0,26.0,,29.0,29,22,42.0,21.0,,30.0,25.0,32,26,16.0,19.0,,42.0,15.0,23.0,17.0,,49.0,33.0,57.0,,31.0,22.0,41.0,18,42,16.0,28.0,49.0,,31.0,6,41.0,9.0,26.0,29.0,57.0,54.0,34.0,,18.0,22.0,,41.0,,,13.0,36,34.0,48.0,31,43.0,18.0,47.0,,22.0,,51.0,29.0,12.0,50.0,27.0,,22.0,46.0,26.0,28.0,38.0,28.0,29.0,37.0,28.0,,23.0,32.0,34.0,,60.0,47.0,36.0,,26.0,13.0,25.0,49.0,35.0,32.0,43.0,30.0,,11.0,44.0,18.0,38.0,25.0,37.0,43.0,49.0,,45.0,53.0,19.0,26.0,17.0,50.0,44.0,41.0,14.0,40.0,11.0,36.0,24.0,20,26.0,33.0,28.0,29.0,50.0,65.0,39.0,,13.0,6.0,19.0,26.0,60.0,25.0,28.0,42.0,,16.0,31.0,51.0,43.0,38.0,26.0,31.0,47.0,20.0,23.0,14.0,33.0,,39.0,,13.0,34.0,50.0,30.0,42.0,10.0,15.0,20.0,34.0,62.0,2.0,35.0,24.0,25.0,35,,23.0,21.0,23.0,36.0,14.0,4.0,,26.0,28,24.0,36.0,38.0,33.0,36.0,28.0,21.0,19.0,26.0,44.0,64.0,20.0,33.0,32.0,25.0,50.0,17,39.0,15.0,36.0,27.0,0.0,33.0,49.0,15.0,22.0,39.0,21.0,17.0,10.0,44.0,25.0,34.0,,18.0,50.0,37.0,26.0,,27.0,,27,18,24.0,43.0,,18.0,39.0,28.0,20.0,24.0,56.0,27.0,30.0,25.0,19.0,17.0,21.0,53.0,38.0,47.0,20.0,31.0,11.0,21.0,56.0,23.0,63.0,59.0,64.0,48.0,44.0,47.0,42.0,27.0,19.0,,35.0,,21.0,35.0,21.0,24.0,33.0,25.0,52.0,3.0,49.0,24.0,29.0,18.0,19,32.0,19.0,36.0,38.0,16,35.0,,40.0,51.0,,29.0,0.0,,10,39.0,,33.0,,48.0,24.0,55.0,39,,20.0,25.0,41.0,20,38.0,20.0,30.0,35.0,36.0,26.0,22.0,55.0,16.0,,13.0,,32.0,14.0,28.0,25.0,21.0,,43.0,,33.0,23.0,44.0,,31,,46.0,26.0,34.0,28.0,25.0,34.0,21.0,38.0,22.0,26.0,25.0,29.0,26,43.0,,30.0,15.0,60.0,36.0,,,19.0,56.0,30.0,49.0,26.0,,,45.0,32.0,,,,50.0,21.0,,24.0,9.0,42.0,27.0,21.0,49.0,22.0,38.0,,29.0,21.0,17.0,18.0,51.0,46.0,17.0,31.0,22.0,30.0,61.0,6.0,36.0,16.0,,,28.0,32.0,,24.0,24.0,,40.0,24.0,46.0,26.0,,,8.0,32.0,13.0,,,28.0,28.0,27.0,36.0,0,55.0,65.0,18.0,39.0,65.0,31.0,31.0,45.0,29.0,46.0,53.0,,,,14.0,,30.0,28.0,26.0,41.0,42.0,33.0,49.0,16.0,21.0,25.0,29.0,3.0,30.0,,49.0,52.0,45.0,,40.0,32.0,18.0,51.0,22.0,38.0,52.0,29.0,36.0,,,25.0,49.0,45.0,45.0,14.0,53.0,64.0,30.0,,,15.0,21.0,15.0,28.0,35.0,35.0,41.0,32.0,,12.0,32.0,11.0,14.0,21.0,43.0,61.0,39.0,29.0,34.0,15.0,62.0,32.0,29.0,37.0,49.0,27.0,,0.0,41.0,29.0,37.0,25.0,27.0,30.0,28.0,37.0,58.0,31.0,35.0,39.0,30.0,63.0,0.0,42.0,47.0,36.0,34.0,24.0,56.0,26.0,50.0,11.0,26.0,32.0,31.0,50.0,36.0,,50.0,36.0,38.0,29.0,61.0,27.0,45.0,31.0,14.0,23.0,49.0,42.0,,57.0,57.0,20,41.0,40.0,,22.0,,18.0,50.0,,65.0,55.0,30,22.0,26.0,55.0,31.0,28.0,48.0,41.0,49.0,22,48.0,,12.0,23.0,32.0,37.0,36.0,36.0,57.0,1.0,28.0,28.0,14.0,60.0,,64.0,21.0,21.0,59.0,,,26.0,42.0,56.0,17.0,47.0,59.0,38.0,37.0,,39.0,22.0,34.0,63.0,,,38.0,,24.0,39.0,20.0,,26.0,,,30.0,20.0,,,43.0,24.0,11.0,,42.0,16.0,54.0,23.0,21.0,35.0,40.0,32.0,,,,35.0,,29.0,48.0,33.0,47.0,32.0,17.0,49.0,22.0,26.0,54.0,50.0,,52.0,48.0,,49.0,36.0,26.0,29.0,31.0,6.0,25.0,22.0,26.0,22.0,,65.0,57.0,36.0,20.0,40.0,18.0,15.0,56.0,26.0,,35.0,,48.0,0.0,,52.0,20,20.0,44.0,25.0,51.0,30.0,20.0,19.0,21.0,28.0,17.0,19.0,,56.0,35.0,11.0,29.0,22.0,56.0,,40.0,29.0,25.0,33.0,53.0,43.0,24.0,57.0,20.0,27.0,44.0,33.0,27.0,47.0,57.0,65.0,,48.0,,,,32.0,,24.0,41.0,36.0,27.0,13.0,38.0,51.0,43.0,,22.0,41.0,,48.0,14.0,16.0,,53.0,0.0,60.0,31.0,29.0,39.0,,26.0,57.0,6.0,15.0,36.0,42.0,,55.0,,,16.0,61.0,26.0,46.0,15,36.0,30.0,7,21.0,36.0,20.0,14.0,45.0,17.0,44.0,46.0,26.0,8.0,29.0,,15.0,,60.0,21.0,29.0,63.0,,15.0,40.0,47.0,44.0,,44.0,5.0,13.0,28.0,25.0,49.0,33.0,,31.0,54.0,60.0,43.0,58.0,22.0,,52.0,,54.0,17.0,,43.0,28.0,15.0,21.0,46.0,21.0,,,,60.0,47.0,36.0,28.0,40.0,39.0,,33.0,48.0,48.0,20.0,,15.0,,53.0,,19.0,17.0,,39.0,56.0,38.0,63.0,57.0,33.0,23.0,58.0,21.0,,,19.0,26.0,11.0,,,61.0,,33.0,33.0,28.0,18.0,,4.0,15.0,19.0,57.0,,26.0,38.0,19.0,46.0,,27.0,39.0,39.0,25.0,40.0,54.0,21.0,55.0,39.0,,,31.0,34.0,38.0,55.0,33.0,37.0,19.0,,21.0,,17.0,36.0,14.0,18.0,26.0,28.0,23.0,29.0,37.0,59.0,41.0,13.0,41.0,,16.0,,15.0,38.0,27.0,19.0,,49.0,39.0,,23.0,29.0,,51.0,,8.0,42.0,40.0,22.0,20.0,52.0,29.0,,44.0,17.0,,50.0,,,24.0,,39.0,54.0,14.0,27.0,50.0,27.0,53.0,,,16.0,30.0,25.0,48.0,0.0,46.0,,27.0,,12.0,30.0,59.0,18.0,42.0,,,,,23.0,11.0,21.0,32.0,30.0,31.0,59.0,28.0,25.0,42.0,,36.0,16.0,56.0,24.0,,27.0,37.0,,,18.0,,48.0,,20.0,18.0,15.0,52.0,20.0,30.0,37.0,,31.0,46.0,50.0,57.0,35.0,15.0,33.0,65.0,39.0,,39.0,27.0,64.0,,10.0,20.0,,,,47.0,18.0,58.0,27.0,41.0,57.0,40.0,,,22.0,,15.0,21.0,,20.0,36.0,29.0,15.0,7.0,8.0,37.0,,33.0,21.0,,30.0,0.0,,41.0,,19.0,22.0,38.0,30.0,16.0,26.0,34.0,23.0,41.0,,43.0,47.0,53.0,29.0,32.0,32.0,48.0,15.0,,28.0,28.0,26.0,,34.0,22.0,56.0,,31.0,24.0,,54.0,23.0,42.0,26.0,44.0,24.0,14.0,29.0,41.0,28.0,39.0,24.0,27.0,16.0,,39.0,,21.0,60.0,43.0,23.0,17.0,,22.0,52.0,32.0,42.0,59.0,59.0,64.0,53.0,51.0,36.0,19.0,,63.0,54.0,33.0,,16.0,26.0,49.0,63.0,38.0,23.0,25.0,34.0,13.0,40.0,41.0,28.0,0.0,19.0,52.0,,,,22.0,,,61.0,,39.0,,,28.0,13.0,30.0,15.0,,49.0,38.0,62.0,12.0,46.0,43.0,,,24.0,14.0,33.0,16.0,,13.0,25.0,22.0,29.0,62.0,,18.0,48.0,49.0,27.0,,25.0,,,16.0,,31.0,,38.0,22.0,49.0,56.0,,58.0,,,58.0,29.0,37.0,,,60.0,13.0,38.0,41.0,0.0,35.0,,32.0,32.0,27.0,6.0,55.0,25.0,38.0,,32.0,,,23.0,,39.0,31.0,,15.0,,37.0,30.0,31.0,53.0,62.0,,,53.0,45.0,32.0,63.0,28.0,41.0,30.0,26.0,,28.0,48.0,52.0,,27.0,48.0,27.0,48.0,22.0,47.0,51.0,,27.0,39.0,58.0,56.0,59.0,23.0,47.0,,52.0,65.0,21.0,48.0,,26.0,,,,40.0,,,37.0,51.0,,58.0,52.0,40.0,23.0,55.0,19.0,26.0,33.0,19.0,52.0,47.0,31.0,57.0,33.0,26.0,42.0,,22.0,,19.0,36.0,49.0,54.0,29.0,,14.0,,,58.0,,16.0,22.0,,28.0,,,26.0,23.0,46.0,,20.0,0.0,14.0,17.0,59.0,56.0,57.0,,57.0,65.0,,33.0,42.0,30.0,34.0,14.0,,63.0,22.0,29.0,20.0,30.0,55.0,37.0,26.0,15.0,56.0,,26.0,40.0,22.0,32.0,,39.0,63.0,35.0,18.0,20.0,31.0,44.0,14.0,44.0,,42.0,27.0,29.0,56.0,26.0,52.0,59.0,22.0,,54.0,,,20.0,26.0,,30.0,,39.0,61.0,63.0,62.0,17.0,52.0,29.0,46.0,,25.0,26.0,,,42.0,21.0,31.0,21.0,19.0,16.0,42.0,18.0,21.0,,16.0,26.0,24.0,30.0,25.0,43.0,32.0,36.0,12.0,,10.0,29.0,42.0,,12.0,25.0,46.0,48.0,,52.0,,38.0,44.0,25.0,,38.0,23.0,,23.0,50.0,22.0,30.0,31.0,49.0,,,51.0,58.0,21.0,38.0,21.0,,64.0,,47.0,42.0,7.0,59.0,37.0,0.0,26.0,41.0,63.0,,17.0,19.0,,47.0,,,27.0,28.0,48.0,25.0,10.0,,50.0,46.0,55.0,,35.0,30.0,27.0,,40.0,29.0,43.0,,60.0,0.0,9.0,9.0,47.0,38.0,32.0,22.0,46.0,53.0,36.0,18.0,19.0,25.0,33.0,25.0,47.0,39.0,26.0,19.0,27.0,49.0,43.0,12.0,,,,52.0,,27.0,29.0,18.0,22.0,50.0,,51.0,,38.0,29.0,18.0,,29.0,20.0,46.0,53.0,25.0,50.0,,42.0,30.0,,,41.0,10.0,59.0,20.0,15.0,,,50.0,,58.0,44.0,36.0,40.0,24.0,31.0,29.0,25.0,,41.0,34.0,,,,21.0,,,,29.0,21.0,35.0,42.0,58.0,31.0,45.0,51.0,20.0,28.0,54.0,19.0,,28.0,58.0,54.0,62.0,17.0,65.0,27.0,28.0,62.0,39.0,45.0,29.0,34.0,,,,40.0,28.0,51.0,34.0,38.0,53.0,24.0,28.0,,,40.0,30.0,51.0,39.0,,36.0,31.0,,17.0,44.0,44.0,23.0,,16.0,,24.0,,,33.0,34.0,38.0,25.0,63.0,65.0,44.0,37.0,39.0,21.0,,24.0,21.0,39.0,,18.0,,,,19.0,25.0,,30.0,51.0,50.0,20.0,33.0,,30.0,10.0,,24.0,25.0,59.0,34.0,34.0,40.0,,53.0,,31.0,14.0,29.0,55.0,,35.0,,15.0,17.0,11.0,,51.0,,,42.0,55.0,18.0,32.0,23.0,20.0,,27.0,24.0,,15.0,60.0,23.0,20.0,42.0,43.0,42.0,52.0,65.0,,65.0,,25.0,23.0,24.0,38.0,36.0,45.0,31.0,,,29.0,57.0,38.0,,29.0,25.0,,12.0,30.0,32.0,29.0,48.0,,25.0,51.0,,17.0,54.0,32.0,28.0,45.0,50.0,25.0,,,18.0,51.0,64.0,65.0,,52.0,41.0,42.0,59.0,26.0,64.0,19.0,,50.0,26.0,42.0,,39.0,32.0,,25.0,,42.0,13.0,48.0,,17.0,29.0,46.0,,,42.0,63.0,,27.0,,52.0,48.0,48.0,16.0,,57.0,,,22.0,41.0,41.0,23.0,53.0,61.0,20.0,,,7.0,55.0,19.0,21.0,,55.0,35.0,19.0,35.0,16.0,16.0,41.0,55.0,32.0,,21.0,26.0,44.0,50.0,50.0,,57.0,46.0,,,41.0,39.0,20.0,41.0,17.0,,48.0,,26.0,52.0,,38.0,,11.0,12.0,,,40.0,17.0,23.0,,15.0,27.0,61.0,16.0,,,16.0,,20.0,27.0,31.0,,21.0,40.0,43.0,57.0,58.0,48.0,54.0,33.0,21.0,29.0,49.0,51.0,,22.0,29.0,,14.0,44.0,,52.0,46.0,25.0,,53.0,42.0,26.0,187,3,2.5364145658263304,18.70878494010268,-0.35733369135515763
4,3,3,9,4,9,5,6,8,2,5,7,4,7,7,10,10,5,27,21,11,9,12,6,9,16,14,11,4,8,15,5,4,5,11,4,30,10,2,12,24,13.0,9,18,10,8,15,15,13,14,12,8,10,6,13,26,10,13,9,8,11,10,22,8,0.0,9,7,13,6,13,15,11,8,6,12,15,13,18,13,2,14,13,10,9,16,7,12,13,31,11,14,13,26,7,19,11,11,10,14,14,13,17,12,4,13,17,14,12,13,10,12,34.0,19,20,34.0,13,10,13,12,28,0,22,9,14,11,19,13,7.0,15,10,21,11,55.0,18,14,16.0,7,14,10,15,7,7,25,19,13.0,13.0,26,31.0,7,14,11,11,12.0,14,15,11,17,,25,14,17,12,3,17,15,14.0,14,16,18,16,12,9.0,8,22,6,17,25,13.0,15,34.0,18,14,7,18,14,5.0,16.0,7,13,52.0,22.0,16,42,7,0,19,8,2,24.0,19,21,43.0,12,7,11,21,11.0,13,14,22,18,15.0,24,24,31,22,12,7,14,44.0,51.0,10,16,14,20.0,23,10,14,14.0,8,22.0,38.0,25,15,6.0,36,15,15,3.0,45.0,6,16,13,17,1,32.0,20,13,6,12,20,10,33.0,20.0,10,54.0,0.0,14.0,30.0,43,31.0,0,23,16,,,27.0,27.0,40.0,17,20.0,17.0,6.0,15,26,47.0,7,26,24,16.0,22.0,9.0,17,35.0,20,20,15.0,26.0,20,,15.0,19,21,15.0,6,16.0,12.0,31.0,11,22,23.0,16,16,21,13,10,14,19,12,11,14,20,9,23.0,20.0,19,15,15,29.0,9.0,3,18,19,0.0,28,35.0,16,23,7,5,18,18.0,12,17.0,9,17,6.0,11,14,13,15.0,14.0,19,26.0,28.0,10.0,3.0,,11,32.0,12,19,5,12.0,16,26.0,22.0,17,28.0,10.0,,14,8.0,18,14,23,18,14,19,15,19.0,18,37.0,18,10,19,52.0,3,10.0,26,27.0,15,15.0,25,17,37.0,45,36.0,35,25.0,18.0,14,17,56.0,13.0,25.0,9.0,23.0,20,12.0,55.0,20,23.0,23,8,21.0,25.0,22,34.0,32,9.0,14.0,22,18,25,9.0,19,24.0,22.0,30,35.0,15,26.0,27,28,9,20.0,31.0,25,16,29,,29.0,31,18,50.0,25,8.0,13.0,17.0,30.0,23.0,13.0,12.0,33.0,34.0,36.0,15,13,20.0,50.0,19.0,23.0,12.0,19.0,11.0,5.0,15,21,21.0,43.0,26,30.0,50.0,27.0,,21.0,49.0,21,16,24.0,0.0,19.0,6.0,19,28.0,18.0,36.0,33,17,16,20.0,44.0,9.0,16.0,19,11,29.0,34.0,31,49.0,25.0,21,35.0,39.0,46.0,31,27.0,20,45.0,18.0,24.0,26,22.0,14,21.0,16,8,13.0,24.0,49.0,,19,20,24,23.0,10,5.0,12,29,15.0,47,24,7.0,21.0,17,16,28.0,24.0,26.0,18.0,24.0,42.0,20,12.0,20,15,29.0,13.0,22.0,46.0,22.0,26.0,15,7,28.0,28.0,28.0,16.0,,25.0,23,,18,47.0,0.0,31.0,45.0,22,19.0,19,22.0,21.0,8.0,25,25.0,,26.0,20,20,16.0,27.0,23.0,43.0,22.0,32.0,,20.0,46.0,33.0,,6.0,32,26,14.0,,31.0,22,34,12,7,22.0,50.0,18,20,13.0,18.0,17,16.0,15.0,11.0,43,32.0,41.0,41.0,9,17.0,41.0,24.0,25.0,14.0,48.0,23,43.0,20,37.0,8,19,14,,31.0,14.0,14.0,20.0,37.0,5.0,22.0,9.0,40.0,30.0,15,32.0,20.0,40,16.0,24.0,12.0,23.0,17,21.0,26.0,,41,22,53.0,20,24.0,10.0,13.0,20.0,25,50.0,11,23,51.0,12,13.0,24,23.0,28.0,21.0,18,17,20.0,37.0,24,5.0,26,39.0,19,42.0,8.0,32.0,37.0,11.0,12.0,33,22.0,17.0,54.0,17.0,51.0,10.0,12.0,22,28,10.0,42,17,9,15.0,30.0,15.0,41.0,22.0,23.0,27,9.0,35.0,21.0,18,,17.0,24.0,30.0,7.0,26,,42.0,14.0,39.0,49.0,21.0,15.0,16,40.0,49.0,57.0,,50.0,37.0,50.0,16,27.0,37.0,18.0,30.0,14,48,,12.0,16,27.0,50.0,23.0,25,16.0,33.0,14.0,,15,5.0,8.0,14.0,7.0,35.0,9.0,10.0,,8.0,13,0,,31.0,,6.0,18.0,22.0,33.0,43.0,10.0,48.0,26,0,30.0,19,52.0,26.0,14.0,25.0,20,29,32.0,1.0,20.0,12.0,30.0,26.0,21.0,33.0,21.0,28,27.0,,29.0,41.0,27.0,23.0,37,11.0,19.0,34.0,12,22.0,22.0,20.0,15.0,28.0,18.0,29,19.0,40,18.0,25.0,55.0,36.0,43.0,,,16.0,19.0,51.0,,17.0,5.0,58.0,48.0,20.0,,14.0,18.0,8.0,26.0,22,23.0,6.0,10,31.0,25.0,11,17.0,11.0,0.0,22,30,14,28.0,21.0,,29.0,5.0,10.0,8.0,22.0,39.0,24,14.0,22,10.0,11,29,32.0,19,15.0,40.0,9.0,,11,25.0,14.0,21.0,12.0,,24.0,14,,46,28.0,35.0,18.0,24,40.0,13,32,39.0,32.0,24.0,14,12.0,40.0,19,19.0,41.0,13.0,21.0,,23.0,22.0,42.0,20,22.0,34.0,32.0,22.0,15.0,21.0,36.0,19.0,27,23.0,24,11.0,35.0,23.0,24.0,20,32,39.0,19.0,29.0,20.0,26.0,23.0,31.0,26.0,29.0,15,10.0,19.0,41,21,26.0,42.0,12,27.0,34.0,3,13.0,6,25,18,15.0,23.0,35.0,24.0,,44.0,13.0,20.0,52.0,10.0,45.0,20.0,51.0,28.0,16.0,7.0,47.0,25.0,14.0,19.0,33.0,27.0,27.0,18.0,19.0,19.0,,33.0,11.0,25.0,34.0,25.0,24.0,51.0,11.0,16.0,45.0,35.0,48.0,20.0,17.0,27.0,58.0,20.0,,,,39.0,28,28.0,16.0,22.0,6,47.0,31.0,,44.0,22.0,26.0,9.0,8.0,53.0,18.0,37.0,,19.0,17.0,27.0,13.0,26.0,0.0,27.0,13.0,22.0,48.0,,28.0,55.0,,22.0,30.0,32,4.0,35.0,,21,25.0,34.0,17.0,17.0,20.0,26.0,28.0,33.0,1.0,32,32.0,,14.0,24.0,44.0,58.0,25,27,,10.0,23.0,,30.0,38.0,21,25,45.0,34.0,47.0,37.0,54.0,32.0,42.0,12.0,49.0,51.0,34.0,,14.0,23.0,24.0,54.0,13,12.0,31.0,21.0,23.0,9.0,15,37.0,22,35.0,0,27.0,,19.0,35.0,24.0,25.0,21.0,,22.0,20.0,38.0,30.0,42,20.0,34.0,42.0,,22.0,44,23.0,23.0,35.0,9.0,10.0,24.0,33.0,48.0,0.0,20,32,45.0,,18.0,9.0,,36.0,22.0,15.0,26,10.0,38.0,34.0,20.0,33.0,7.0,28.0,32.0,33,18.0,14.0,27.0,10,20,28.0,20.0,49.0,33.0,39.0,39.0,33.0,,30.0,46.0,20.0,25.0,11.0,25.0,16.0,23,52.0,,30.0,26.0,10.0,20,,16.0,27,31.0,12.0,34.0,,21.0,30.0,10.0,25.0,14.0,19.0,20.0,26,34.0,34.0,36.0,34.0,40,20.0,57.0,56.0,8.0,37.0,27.0,30.0,46.0,32.0,40.0,16.0,13.0,42.0,45,14,23.0,14.0,10.0,7.0,,14,23,26.0,14.0,47.0,,33.0,18.0,19.0,22.0,17.0,24.0,,57.0,12.0,,9.0,12,13,25.0,26.0,24.0,13.0,14.0,23,11.0,30.0,,16.0,,39.0,35.0,,,13.0,13.0,13.0,0.0,7.0,41.0,10,11.0,24.0,35,32.0,15.0,13.0,7.0,32.0,44.0,49.0,,32.0,,28.0,52.0,6.0,42.0,22.0,42.0,28.0,13.0,35.0,29.0,6.0,27.0,58.0,16.0,8.0,15.0,19.0,0.0,22.0,17.0,24.0,21.0,23.0,12.0,48.0,24.0,13.0,37.0,0.0,13.0,37.0,41.0,19.0,,37.0,28.0,35.0,,18.0,20.0,13.0,20.0,21.0,,27.0,,0.0,10.0,,47.0,27.0,20,33.0,21.0,,33.0,49.0,12.0,43.0,18.0,16.0,12.0,,14.0,30.0,11.0,31.0,15.0,24.0,18.0,19.0,17.0,58.0,,,18.0,26.0,18.0,42.0,,23.0,,31.0,22.0,54.0,18.0,,18.0,,29.0,46.0,,5.0,26.0,,17.0,,56.0,7,31.0,26.0,24.0,24.0,27.0,53.0,47.0,,55.0,8,13.0,52.0,31.0,,15.0,36.0,35.0,34.0,,50.0,12.0,37.0,34.0,13.0,9.0,46.0,6,29.0,17.0,36.0,27.0,,,,14.0,15.0,50.0,47.0,55.0,28.0,38.0,27.0,46.0,21.0,31.0,,13.0,,57.0,46.0,6.0,20,16,15.0,,15.0,12.0,46.0,20.0,23.0,21.0,53.0,,22.0,35.0,40.0,,35.0,,25.0,,51.0,57.0,28.0,17.0,33.0,22.0,,35.0,52.0,47.0,15.0,27.0,24.0,38.0,12.0,23.0,22.0,35.0,10.0,,23.0,14.0,9.0,34.0,31.0,25.0,,36.0,26.0,9.0,15,38.0,10.0,24.0,,36,36.0,,39.0,21.0,12.0,17.0,58.0,35.0,28,34.0,18.0,56.0,32.0,50.0,11.0,,43,23.0,52.0,35.0,,10,,25.0,45.0,,17.0,28.0,40.0,9.0,22.0,,15.0,28.0,28.0,21.0,17.0,,11.0,,41.0,,16.0,29.0,31.0,23.0,27,,44.0,48.0,55.0,35.0,16.0,29.0,23.0,58.0,,20.0,,9.0,19,27.0,14.0,53.0,,46.0,31.0,,29.0,,59.0,12.0,46.0,23.0,,,50.0,37.0,,42.0,42.0,17.0,10.0,20.0,34.0,25.0,51.0,22.0,58.0,42.0,27.0,12.0,23.0,26.0,20.0,27.0,11.0,,25.0,54.0,34.0,6.0,,,32.0,31.0,22.0,,,,24.0,,41.0,28.0,29.0,49.0,,18.0,,18.0,24.0,53.0,24.0,15.0,2.0,25.0,44.0,7.0,14.0,33.0,21,,24.0,17.0,20.0,13.0,39.0,37.0,32.0,11.0,54.0,57.0,41.0,0.0,31.0,,,58.0,49.0,32.0,20.0,,31.0,19.0,50.0,36.0,,18.0,57.0,49.0,15.0,,,21.0,,29.0,33.0,9.0,,18.0,26.0,,19.0,59.0,51.0,30.0,25.0,34.0,,,28.0,22.0,17.0,,15.0,49.0,56.0,39.0,16.0,,46.0,40.0,9.0,,34.0,7.0,58.0,16.0,4.0,15.0,15.0,57.0,40.0,41.0,27.0,29.0,41.0,58.0,,33.0,27.0,35.0,47.0,16.0,45.0,14.0,30.0,,21.0,,46.0,42.0,31.0,59.0,25.0,19.0,39.0,,24.0,39.0,20.0,47.0,,,,30.0,15.0,11.0,53.0,31.0,52.0,42.0,43.0,,,51.0,54.0,3.0,37.0,14.0,44.0,53.0,,35.0,,39.0,,15.0,0.0,34,19.0,,59.0,,25.0,15.0,10.0,,17.0,6.0,22,31.0,40.0,16.0,54.0,37.0,21.0,30.0,32.0,32,52.0,51.0,36.0,44.0,18.0,,24.0,38.0,31.0,26.0,33.0,20.0,20.0,47.0,55.0,29.0,,24.0,48.0,22.0,26.0,6.0,13.0,46.0,10.0,18.0,34.0,0.0,33.0,21.0,38.0,32.0,34.0,,59.0,32.0,,16.0,49.0,58.0,25.0,14.0,,44.0,12.0,18.0,,48.0,14.0,30.0,11.0,0.0,2.0,25.0,12.0,12.0,43.0,13.0,28.0,35.0,,20.0,57.0,21.0,46.0,28.0,27.0,28.0,,32.0,,42.0,,38.0,29.0,,,44.0,59.0,54.0,23.0,25.0,43.0,10.0,,,21.0,12.0,,10.0,19.0,5.0,,55.0,45.0,,31.0,44.0,18.0,18.0,51.0,9.0,,,25.0,17.0,44.0,27.0,17,22.0,27.0,26.0,32.0,,30.0,34.0,36.0,21.0,,49.0,41.0,23.0,11.0,28.0,14.0,38.0,,,54.0,37.0,23.0,36.0,32.0,49.0,59.0,25.0,,39.0,52.0,27.0,16.0,58.0,23.0,29.0,18.0,0.0,14.0,30.0,42.0,21.0,52.0,6.0,58.0,,31.0,12.0,,35.0,28.0,,21.0,22.0,50.0,27.0,11.0,40.0,49.0,22.0,13.0,55.0,38.0,25.0,16.0,43.0,12.0,31.0,59.0,,,26.0,34.0,20.0,25.0,21.0,26.0,47.0,,51.0,12,41.0,20.0,15,10.0,49.0,43.0,37.0,28.0,10.0,,31.0,7.0,28.0,12.0,19.0,,7.0,33.0,16.0,,43.0,43.0,31.0,53.0,55.0,0.0,16.0,59.0,22.0,38.0,51.0,30.0,,13.0,37.0,52.0,32.0,39.0,35.0,53.0,23.0,31.0,21.0,34.0,32.0,25.0,,25.0,26.0,14.0,26.0,35.0,21.0,,26.0,38.0,59.0,30.0,32.0,7.0,21.0,,32.0,31.0,6.0,27.0,15.0,,,,,,20.0,,41.0,49.0,,21.0,16.0,23.0,15.0,,33.0,27.0,18.0,58.0,38.0,43.0,51.0,,,11.0,16.0,27.0,24.0,42.0,50.0,49.0,32.0,14.0,,,24.0,38.0,17.0,32.0,46.0,36.0,31.0,23.0,37.0,18.0,49.0,32.0,36.0,,36.0,46.0,22.0,,26.0,33.0,22.0,0.0,24.0,,,26.0,24.0,24.0,36.0,17.0,16.0,22.0,36.0,39.0,,30.0,21.0,42.0,11.0,26.0,15.0,41.0,13.0,9.0,,16.0,,,37.0,24.0,32.0,,58.0,21.0,,50.0,59.0,16.0,35.0,46.0,39.0,33.0,51.0,,26.0,18.0,20.0,45.0,,53.0,49.0,,40.0,0.0,40.0,,21.0,,36.0,,2.0,,,27.0,51.0,37.0,21.0,7.0,44.0,35.0,12.0,8.0,,8.0,27.0,,,34.0,14.0,,6.0,,,,51.0,14.0,,16.0,20.0,28.0,29.0,22.0,22.0,7.0,,22.0,43.0,,45.0,29.0,,,19.0,56.0,,41.0,31.0,17.0,47.0,,,,35.0,21.0,35.0,19.0,55.0,45.0,17.0,56.0,22.0,2.0,49.0,24.0,47.0,40.0,14.0,20.0,31.0,,28.0,37.0,14.0,23.0,45.0,22.0,34.0,16.0,59.0,45.0,30.0,41.0,33.0,24.0,53.0,54.0,38.0,30.0,25.0,17.0,42.0,,8.0,,,,22.0,,,25.0,35.0,35.0,26.0,,38.0,42.0,33.0,51.0,26.0,16.0,43.0,13.0,,18.0,33.0,22.0,32.0,,45.0,10.0,46.0,46.0,38.0,,24.0,29.0,,8.0,38.0,,,,41.0,20.0,59.0,33.0,,20.0,28.0,,45.0,31.0,25.0,32.0,9.0,27.0,56.0,28.0,15.0,19.0,29.0,33.0,19.0,26.0,55.0,50.0,45.0,26.0,33.0,24.0,35.0,28.0,2.0,,23.0,42.0,34.0,,45.0,11.0,47.0,13.0,29.0,30.0,53.0,46.0,24.0,9.0,17.0,35.0,41.0,22.0,,,23.0,24.0,14.0,,43.0,,12.0,,33.0,59.0,,12.0,32.0,,56.0,,17.0,42.0,5.0,45.0,,,39.0,,32.0,20.0,21.0,36.0,31.0,4.0,,42.0,35.0,,41.0,37.0,,19.0,36.0,21.0,35.0,51.0,33.0,19.0,14.0,,39.0,31.0,55.0,56.0,,25.0,26.0,26.0,,15.0,46.0,41.0,,49.0,51.0,9.0,18.0,20.0,,30.0,32.0,55.0,37.0,27.0,29.0,,21.0,10.0,47.0,35.0,39.0,,,,36.0,35.0,45.0,,41.0,22.0,,,37.0,,,,58.0,59.0,24.0,7.0,,40.0,19.0,57.0,52.0,35.0,36.0,22.0,50.0,,47.0,50.0,57.0,11.0,36.0,34.0,,17.0,,54.0,19.0,26.0,15.0,16.0,38.0,,47.0,35.0,,49.0,29.0,,,43.0,,33.0,17.0,23.0,45.0,35.0,,31.0,37.0,36.0,14.0,58.0,,,,19.0,59.0,0.0,,33.0,40.0,14.0,19.0,,21.0,56.0,,4.0,57.0,51.0,26.0,28.0,28.0,32.0,53.0,,,15.0,,27.0,25.0,37.0,23.0,8.0,29.0,45.0,50.0,24.0,45.0,46.0,31.0,36.0,58.0,47.0,32.0,56.0,29.0,,,,27.0,,31.0,9.0,25.0,,36.0,,,45.0,7.0,22.0,23.0,38.0,25.0,27.0,,,24.0,59.0,59.0,36.0,15.0,21.0,55.0,,7.0,52.0,,,38.0,,52.0,,35.0,50.0,,18.0,19.0,27.0,44.0,,29.0,37.0,41.0,51.0,3.0,22.0,30.0,,27.0,37.0,47.0,53.0,36.0,19.0,12.0,24.0,22.0,,29.0,52.0,47.0,38.0,11.0,33.0,37.0,15.0,32.0,13.0,35.0,17.0,,20.0,46.0,32.0,29.0,46.0,,32.0,,33.0,37.0,25.0,44.0,,,,22.0,56.0,0.0,53.0,43.0,,28.0,8.0,28.0,35.0,39.0,50.0,23.0,24.0,12.0,,24.0,51.0,,50.0,49.0,41.0,,59.0,40.0,18.0,29.0,8.0,27.0,53.0,,27.0,,49.0,,36.0,45.0,,,9.0,,,,25.0,11.0,27.0,35.0,,,41.0,56.0,45.0,,43.0,25.0,59.0,,,8.0,20.0,12.0,11.0,36.0,52.0,19.0,,15.0,4.0,7.0,,36.0,29.0,31.0,47.0,11.0,35.0,25.0,43.0,,31.0,23.0,,44.0,,17.0,,,,22.0,34.0,30.0,10.0,29.0,47.0,,35.0,54.0,,32.0,9.0,,26.0,40.0,20.0,19.0,,33.0,22.0,,,,32.0,45.0,16.0,51.0,20.0,53.0,24.0,9.0,32.0,33.0,43.0,37.0,51.0,,,40.0,20.0,,46.0,36.0,38.0,27.0,,31.0,,26.0,,26.0,14.0,,57.0,,16.0,,,,8.0,14.0,,24.0,,21.0,,30.0,,28.0,11.0,43.0,43.0,21.0,,12.0,14.0,,32.0,41.0,,18.0,,,30.0,32.0,25.0,43.0,25.0,48.0,15.0,23.0,8.0,6.0,36.0,48.0,49.0,51.0,15.0,37.0,,31.0,,21.0,55.0,,23.0,18.0,38.0,51.0,36.0,,,23.0,24.0,59.0,45.0,39.0,8.0,32.0,,,59.0,21.0,31.0,53.0,32.0,,34.0,50.0,10.0,35.0,,17.0,33.0,36.0,32.0,9.0,15.0,9.0,15.0,36.0,41.0,,51.0,,,34.0,,,42.0,14.0,16.0,17.0,9.0,49.0,7.0,47.0,30.0,24.0,49.0,19.0,6.0,36.0,,36.0,0.0,11.0,24.0,,46.0,,14.0,54.0,,,27.0,30.0,31.0,14.0,,41.0,27.0,47.0,23.0,57.0,32.0,,35.0,57.0,42.0,33.0,,,37.0,53.0,31.0,,14.0,36.0,10.0,,28.0,37.0,44.0,51.0,55.0,,58.0,47.0,,46.0,52.0,11.0,,,12.0,39.0,,15.0,51.0,42.0,54.0,,59.0,,32.0,46.0,59.0,16.0,26.0,29.0,,35.0,,28.0,29.0,,28.0,20.0,,48.0,15.0,30.0,10.0,26.0,34.0,,,20.0,4.0,25.0,55.0,57.0,13.0,26.0,,14.0,19.0,48.0,48.0,46.0,9.0,10.0,50.0,9.0,39.0,,19.0,19.0,,56.0,29.0,16.0,7.0,,51.0,38.0,54.0,23.0,13.0,34.0,21.0,17.0,21.0,22.0,,,52.0,44.0,44.0,33.0,,,25.0,32.0,37.0,21.0,,46.0,20.0,,14.0,,27.0,,,,25.0,18.0,16.0,18.0,33.0,30.0,,0.0,,,21.0,,20.0,27.0,25.0,,17.0,41.0,9.0,38.0,14.0,21.0,58.0,38.0,11.0,9.0,21.0,,34.0,,38.0,57.0,,40.0,38.0,,,23.0,53.0,,26.0,23.0,26.0,,37.0,,34.0,188,3,2.5507042253521126,18.55517340212095,-0.35286506687909075
1,2,2,5,3,3,5,4,4,3,4,7,4,4,4,5,6,3,37,5,6,10,5,3,6,3,5,5,3,5,9,4,5,7,11,7,8,9,8,5,26,7.0,13,17,4,4,0,0,9,9,8,9,7,16,17,8,12,19,4,1,6,7,26,16,,11,15,5,3,5,12,15,8,3,2,7,15,4,3,5,8,4,5,7,14,10,11,13,21,19,7,10,17,9,13,9,12,17,8,11,11,4,12,12,14,15,13,20,12,8,15,18.0,19,22,20.0,11,16,19,16,13,12,15,8,12,10,8,18,55.0,5,11,9,6,12.0,9,11,14.0,16,13,6,5,21,10,8,21,33.0,,11,49.0,9,20,6,6,16.0,7,4,15,16,,14,16,28,16,8,26,13,17.0,13,17,11,13,15,11.0,4,4,4,18,1,25.0,14,4.0,16,13,8,9,25,9.0,12.0,5,19,9.0,50.0,16,11,6,10,20,6,8,13.0,29,10,19.0,13,11,14,30,22.0,11,10,22,15,12.0,8,19,17,8,8,18,17,25.0,16.0,11,22,14,18.0,25,14,20,36.0,12,43.0,10.0,10,28,34.0,11,7,7,25.0,27.0,21,17,11,15,12,20.0,10,14,6,9,8,30,22.0,14.0,12,,29.0,39.0,8.0,5,21.0,18,24,14,12.0,15.0,37.0,18.0,30.0,10,31.0,39.0,53.0,8,32,39.0,3,36,16,43.0,13.0,6.0,16,28.0,4,21,8.0,5.0,18,40.0,4.0,8,15,15.0,6,18.0,14.0,25.0,36,7,26.0,9,15,11,8,12,10,20,21,18,14,5,15,12.0,21.0,29,14,10,8.0,25.0,9,28,14,13.0,17,13.0,22,5,15,0,9,9.0,16,17.0,17,19,16.0,30,3,17,40.0,17.0,19,22.0,14.0,22.0,28.0,21.0,9,24.0,16,29,14,40.0,14,15.0,35.0,17,57.0,0.0,,19,54.0,14,15,27,20,17,17,14,0.0,10,24.0,14,9,15,21.0,13,24.0,14,53.0,14,17.0,21,17,13.0,51,5.0,29,17.0,29.0,14,36,,31.0,6.0,19.0,26.0,22,23.0,6.0,14,48.0,17,10,40.0,0.0,15,25.0,19,10.0,38.0,23,27,38,37.0,8,19.0,21.0,27,11.0,9,16.0,16,13,7,25.0,26.0,26,9,18,22.0,17.0,42,16,51.0,12,9.0,18.0,15.0,40.0,26.0,24.0,26.0,31.0,,23.0,13,25,16.0,28.0,24.0,11.0,10.0,14.0,,13.0,14,25,8.0,38.0,13,28.0,0.0,27.0,15.0,25.0,34.0,16,25,29.0,43.0,20.0,16.0,11,13.0,20.0,25.0,35,15,7,13.0,29.0,8.0,19.0,17,14,20.0,28.0,15,10.0,32.0,9,17.0,29.0,40.0,16,15.0,30,27.0,21.0,22.0,7,45.0,16,41.0,13,20,39.0,50.0,51.0,10.0,6,13,25,24.0,26,3.0,16,9,16.0,12,8,19.0,24.0,28,26,12.0,49.0,33.0,23.0,15.0,3.0,9,41.0,13,4,0.0,22.0,20.0,53.0,,,15,15,7.0,,2.0,23.0,4.0,14.0,16,10.0,0,13.0,58.0,16.0,10.0,20,47.0,15,,47.0,36.0,23,41.0,32.0,,18,18,33.0,49.0,18.0,36.0,36.0,42.0,36.0,17.0,15.0,,,39.0,15,22,39.0,,9.0,10,28,12,30,14.0,56.0,9,6,30.0,23.0,7,12.0,40.0,42.0,27,8.0,51.0,34.0,24,43.0,19.0,28.0,19.0,18.0,28.0,13,23.0,9,21.0,24,10,34,8.0,20.0,20.0,16.0,0.0,9.0,8.0,,6.0,21.0,37.0,14,38.0,41.0,12,37.0,43.0,5.0,32.0,20,8.0,25.0,11.0,13,6,,0,43.0,12.0,11.0,37.0,5,41.0,11,26,5.0,3,12.0,16,19.0,42.0,23.0,30,27,35.0,7.0,37,29.0,16,26.0,15,29.0,34.0,18.0,48.0,29.0,6.0,29,16.0,13.0,15.0,20.0,37.0,26.0,46.0,15,8,10.0,20,7,17,27.0,39.0,12.0,,,16.0,33,15.0,12.0,27.0,13,,17.0,19.0,10.0,17.0,19,,22.0,24.0,,24.0,22.0,24.0,27,,,58.0,32.0,21.0,12.0,33.0,16,41.0,,22.0,39.0,13,12,33.0,14.0,15,32.0,40.0,27.0,15,40.0,,9.0,24.0,15,41.0,2.0,10.0,,24.0,25.0,45.0,41.0,30.0,24,18,,31.0,48.0,11.0,25.0,33.0,14.0,35.0,6.0,38.0,21,21,48.0,29,,56.0,23.0,13.0,10,12,31.0,16.0,12.0,25.0,,8.0,,31.0,35.0,22,9.0,40.0,29.0,28.0,0.0,8.0,17,33.0,42.0,22.0,16,45.0,26.0,,26.0,7.0,14.0,25,,27,58.0,31.0,7.0,33.0,,28.0,16.0,19.0,27.0,5.0,22.0,,37.0,27.0,45.0,34.0,28.0,,,6.0,26.0,0,29.0,7.0,17,27.0,30.0,19,49.0,39.0,34.0,10,15,0,10.0,46.0,,4.0,39.0,44.0,19.0,29.0,,9,3.0,15,31.0,17,30,14.0,13,4.0,53.0,14.0,8.0,38,31.0,29.0,6.0,15.0,39.0,18.0,29,24.0,17,,32.0,2.0,13,31.0,17,6,32.0,57.0,23.0,14,16.0,14.0,28,5.0,32.0,22.0,24.0,45.0,33.0,43.0,31.0,6,15.0,28.0,14.0,30.0,38.0,47.0,9.0,34.0,20,27.0,21,23.0,21.0,21.0,,8,29,16.0,15.0,19.0,31.0,49.0,16.0,38.0,20.0,,31,21.0,20.0,24,21,26.0,8.0,18,36.0,42.0,15,14.0,5,35,51,39.0,27.0,55.0,,54.0,29.0,34.0,40.0,42.0,13.0,29.0,14.0,16.0,15.0,16.0,,42.0,45.0,6.0,23.0,14.0,24.0,45.0,46.0,15.0,37.0,,,19.0,7.0,13.0,21.0,24.0,24.0,42.0,10.0,26.0,37.0,22.0,30.0,13.0,13.0,32.0,28.0,43.0,25.0,23.0,21.0,26,6.0,29.0,42.0,10,28.0,,,21.0,26.0,18.0,6.0,36.0,15.0,38.0,24.0,46.0,31.0,59.0,12.0,29.0,9.0,12.0,18.0,19.0,32.0,44.0,,42.0,13.0,33.0,53.0,27.0,13,25.0,41.0,32.0,25,9.0,38.0,47.0,31.0,,7.0,31.0,25.0,53.0,27,22.0,34.0,21.0,40.0,31.0,47.0,11,16,24.0,35.0,12.0,,,32.0,18,16,14.0,,,21.0,,26.0,4.0,4.0,13.0,,33.0,37.0,8.0,38.0,,8.0,18,42.0,58.0,41.0,51.0,11.0,13,8.0,50,,13,25.0,48.0,22.0,52.0,9.0,5.0,18.0,40.0,28.0,34.0,8.0,16.0,11,17.0,47.0,8.0,19.0,10.0,12,31.0,,21.0,8.0,6.0,24.0,30.0,57.0,44.0,18,22,,20.0,54.0,8.0,27.0,18.0,11.0,20.0,35,37.0,44.0,17.0,,29.0,46.0,9.0,49.0,19,25.0,20.0,20.0,20,9,56.0,42.0,28.0,48.0,31.0,7.0,5.0,53.0,37.0,12.0,59.0,35.0,40.0,7.0,59.0,15,43.0,,13.0,44.0,7.0,17,29.0,37.0,29,,22.0,25.0,14.0,4.0,25.0,24.0,32.0,16.0,8.0,22.0,5,22.0,20.0,34.0,,17,44.0,31.0,40.0,39.0,20.0,16.0,20.0,11.0,32.0,17.0,15.0,16.0,34.0,50,8,18.0,12.0,14.0,29.0,1.0,30,42,27.0,27.0,42.0,40.0,21.0,37.0,,57.0,18.0,,43.0,22.0,30.0,7.0,20.0,21,19,13.0,11.0,18.0,8.0,32.0,9,,9.0,40.0,15.0,12.0,32.0,27.0,30.0,45.0,4.0,20.0,27.0,18.0,5.0,22.0,20,12.0,35.0,14,49.0,11.0,,11.0,16.0,,47.0,36.0,49.0,28.0,34.0,,6.0,41.0,36.0,32.0,29.0,,14.0,40.0,36.0,15.0,44.0,15.0,,,21.0,26.0,8.0,30.0,34.0,58.0,37.0,55.0,12.0,44.0,20.0,22.0,,,11.0,31.0,16.0,,,28.0,,30.0,48.0,26.0,24.0,19.0,12.0,6.0,7.0,52.0,14.0,,7.0,11.0,,24,16.0,27.0,31.0,39.0,,,18.0,16.0,12.0,10.0,35.0,4.0,25.0,19.0,35.0,12.0,38.0,13.0,,25.0,10.0,,19.0,21.0,14.0,,30.0,25.0,,34.0,24.0,29.0,41.0,,36.0,,42.0,,54.0,53.0,10.0,29.0,56.0,12.0,27.0,25.0,21,7.0,27.0,40.0,13.0,42.0,41.0,16.0,44.0,24.0,18,19.0,13.0,11.0,44.0,56.0,45.0,20.0,28.0,17.0,34.0,30.0,20.0,57.0,27.0,52.0,18.0,33,58.0,14.0,24.0,,33.0,,22.0,16.0,24.0,51.0,,9.0,34.0,,27.0,47.0,,28.0,44.0,16.0,,17.0,23.0,27.0,16,10,,15.0,28.0,19.0,43.0,41.0,,37.0,,10.0,30.0,24.0,30.0,,11.0,,30.0,25.0,25.0,,7.0,12.0,,,46.0,36.0,40.0,51.0,19.0,51.0,43.0,,20.0,52.0,,47.0,25.0,46.0,18.0,17.0,45.0,10.0,28.0,22.0,58.0,50.0,28.0,17.0,39,28.0,4.0,40.0,12.0,19,24.0,52.0,20.0,32.0,21.0,,18.0,34.0,8,53.0,30.0,17.0,,19.0,17.0,31.0,16,14.0,15.0,,42.0,14,21.0,12.0,,32.0,,19.0,,11.0,26.0,37.0,33.0,5.0,14.0,42.0,19.0,35.0,22.0,14.0,13.0,,40.0,18.0,21.0,35.0,17,,23.0,43.0,16.0,16.0,,32.0,26.0,,53.0,21.0,38.0,27.0,15,48.0,36.0,24.0,39.0,32.0,32.0,,27.0,51.0,18.0,34.0,34.0,15.0,20.0,24.0,49.0,15.0,16.0,23.0,28.0,29.0,44.0,47.0,,15.0,,27.0,28.0,41.0,29.0,36.0,,36.0,,10.0,0.0,34.0,,37.0,20.0,54.0,34.0,33.0,31.0,23.0,18.0,,23.0,8.0,20.0,,21.0,20.0,30.0,,3.0,,39.0,37.0,57.0,16.0,34.0,7.0,40.0,43.0,24.0,31.0,59.0,44.0,36,6.0,44.0,5.0,21.0,34.0,,23.0,,15.0,19.0,26.0,17.0,,49.0,,24.0,18.0,30.0,26.0,13.0,7.0,29.0,19.0,28.0,31.0,53.0,39.0,54.0,21.0,7.0,14.0,43.0,,7.0,47.0,22.0,0.0,35.0,21.0,41.0,44.0,22.0,31.0,50.0,29.0,6.0,51.0,,40.0,,28.0,37.0,10.0,26.0,,17.0,,,16.0,55.0,10.0,21.0,26.0,26.0,43.0,34.0,44.0,3.0,19.0,,58.0,25.0,25.0,20.0,32.0,22.0,,14.0,8.0,7.0,16.0,18.0,17.0,27.0,23.0,19.0,32.0,,20.0,47.0,,30.0,,,30.0,32.0,22.0,41.0,49.0,31.0,,23.0,,14.0,8.0,2.0,11.0,29.0,25.0,27.0,4.0,26.0,27.0,26.0,5.0,36.0,,33.0,23.0,11.0,46.0,38.0,47.0,23.0,38.0,,38.0,,21,38.0,20.0,13.0,54.0,28.0,17.0,25.0,39.0,,8.0,28,22.0,,16.0,29.0,43.0,36.0,40.0,17.0,14,18.0,23.0,0.0,32.0,15.0,,25.0,18.0,39.0,,42.0,17.0,27.0,46.0,23.0,56.0,47.0,32.0,31.0,,24.0,36.0,41.0,44.0,21.0,,14.0,32.0,27.0,,,23.0,,12.0,37.0,18.0,40.0,0.0,26.0,29.0,20.0,31.0,13.0,41.0,27.0,48.0,27.0,57.0,13.0,23.0,7.0,56.0,,,17.0,5.0,44.0,29.0,14.0,,17.0,17.0,15.0,25.0,,38.0,29.0,30.0,29.0,45.0,13.0,25.0,26.0,29.0,,13.0,,,9.0,18.0,,19.0,39.0,20.0,23.0,44.0,44.0,23.0,,15.0,7.0,21.0,39.0,31.0,29.0,,30.0,56.0,35.0,44.0,11.0,29.0,10.0,44.0,,,49.0,16.0,40,19.0,,27.0,27.0,49.0,15.0,35.0,23.0,,44.0,,19.0,,7.0,7.0,18.0,,10.0,32.0,,17.0,16.0,,29.0,42.0,11.0,,21.0,14.0,26.0,24.0,22.0,31.0,51.0,12.0,,52.0,,59.0,41.0,29.0,,15.0,,52.0,46.0,,48.0,35.0,20.0,,13.0,20.0,,,,17.0,52.0,58.0,45.0,,15.0,12.0,30.0,36.0,22.0,30.0,36.0,42.0,0.0,49.0,34.0,32.0,34.0,10.0,28.0,20.0,21.0,,12,,5.0,10,18.0,15.0,,22.0,48.0,0.0,39.0,21.0,29.0,,29.0,43.0,40.0,17.0,21.0,,17.0,54.0,13.0,41.0,19.0,7.0,,14.0,47.0,,8.0,9.0,24.0,26.0,0.0,,,59.0,28.0,31.0,,18.0,23.0,,45.0,29.0,25.0,,24.0,22.0,27.0,25.0,59.0,,18.0,,45.0,,49.0,30.0,26.0,46.0,18.0,,,12.0,14.0,16.0,30.0,10.0,,42.0,26.0,11.0,16.0,48.0,10.0,,29.0,22.0,20.0,27.0,41.0,13.0,37.0,,27.0,,35.0,6.0,14.0,,,,,24.0,43.0,9.0,,48.0,,,,29.0,31.0,15.0,16.0,37.0,,,8.0,23.0,,,18.0,41.0,,28.0,,11.0,,15.0,33.0,25.0,43.0,27.0,43.0,41.0,39.0,39.0,11.0,58.0,40.0,50.0,23.0,16.0,29.0,,42.0,19.0,43.0,,23.0,6.0,10.0,,21.0,9.0,21.0,14.0,31.0,,21.0,53.0,46.0,14.0,15.0,19.0,,33.0,34.0,,28.0,25.0,47.0,36.0,28.0,39.0,5.0,,54.0,,35.0,,40.0,30.0,15.0,8.0,48.0,30.0,36.0,47.0,12.0,47.0,50.0,,14.0,22.0,40.0,29.0,13.0,36.0,44.0,38.0,5.0,18.0,40.0,,18.0,20.0,46.0,10.0,12.0,27.0,24.0,43.0,48.0,0.0,43.0,,46.0,59.0,,18.0,39.0,55.0,23.0,40.0,19.0,21.0,27.0,56.0,7.0,49.0,41.0,,44.0,26.0,36.0,29.0,,6.0,,37.0,9.0,30.0,25.0,0.0,13.0,13.0,,12.0,15.0,13.0,35.0,38.0,,27.0,34.0,36.0,,21.0,23.0,14.0,14.0,39.0,9.0,56.0,,27.0,,54.0,32.0,6.0,13.0,12.0,,16.0,42.0,5.0,25.0,13.0,26.0,,22.0,,26.0,19.0,52.0,36.0,31.0,,8.0,43.0,9.0,47.0,18.0,12.0,8.0,,28.0,43.0,,11.0,29.0,,18.0,,17.0,32.0,,,35.0,22.0,28.0,12.0,,12.0,49.0,46.0,24.0,31.0,,,59.0,,18.0,,15.0,22.0,40.0,41.0,15.0,56.0,43.0,32.0,17.0,45.0,31.0,15.0,28.0,26.0,8.0,55.0,42.0,46.0,,24.0,,40.0,29.0,18.0,10.0,39.0,46.0,49.0,43.0,6.0,,16.0,9.0,44.0,26.0,18.0,43.0,54.0,24.0,9.0,22.0,27.0,12.0,17.0,29.0,12.0,13.0,39.0,24.0,16.0,43.0,58.0,,19.0,,34.0,,35.0,,27.0,14.0,,,37.0,39.0,21.0,22.0,35.0,19.0,,,46.0,,4.0,0.0,,23.0,35.0,,24.0,,33.0,14.0,31.0,31.0,12.0,23.0,,16.0,12.0,,32.0,20.0,,33.0,41.0,,47.0,28.0,23.0,12.0,26.0,40.0,30.0,26.0,33.0,48.0,13.0,28.0,40.0,45.0,19.0,25.0,9.0,,,42.0,36.0,15.0,,28.0,52.0,34.0,24.0,41.0,12.0,11.0,22.0,6.0,21.0,,3.0,43.0,43.0,,,23.0,23.0,,1.0,18.0,,26.0,,33.0,29.0,59.0,26.0,,6.0,12.0,37.0,22.0,23.0,29.0,30.0,48.0,44.0,19.0,25.0,10.0,,32.0,,,30.0,,9.0,26.0,10.0,30.0,22.0,40.0,32.0,,,11.0,,13.0,10.0,58.0,27.0,14.0,31.0,,3.0,27.0,28.0,40.0,41.0,5.0,42.0,,,,13.0,31.0,,45.0,,12.0,50.0,28.0,32.0,14.0,20.0,22.0,27.0,31.0,,,22.0,14.0,35.0,22.0,52.0,34.0,19.0,38.0,,49.0,,21.0,39.0,,,25.0,19.0,38.0,,,43.0,17.0,,11.0,,12.0,57.0,57.0,13.0,,36.0,16.0,10.0,,13.0,32.0,,19.0,,38.0,,35.0,21.0,28.0,29.0,26.0,25.0,37.0,54.0,15.0,17.0,59.0,,16.0,32.0,55.0,50.0,43.0,49.0,9.0,12.0,,21.0,11.0,44.0,25.0,43.0,30.0,19.0,57.0,18.0,39.0,,,32.0,41.0,,,,36.0,34.0,0.0,22.0,54.0,,29.0,42.0,15.0,42.0,20.0,54.0,48.0,,,13.0,,30.0,20.0,8.0,24.0,27.0,,19.0,,20.0,10.0,7.0,17.0,5.0,29.0,47.0,24.0,5.0,46.0,37.0,27.0,57.0,26.0,30.0,13.0,32.0,,,28.0,24.0,36.0,6.0,7.0,13.0,11.0,10.0,41.0,43.0,42.0,29.0,,,0.0,,,21.0,31.0,,3.0,21.0,26.0,36.0,,14.0,41.0,56.0,,27.0,40.0,51.0,48.0,12.0,33.0,23.0,31.0,28.0,40.0,15.0,49.0,34.0,54.0,,,,,48.0,30.0,23.0,6.0,27.0,13.0,36.0,36.0,14.0,26.0,26.0,37.0,8.0,45.0,,,15.0,,,,,,25.0,15.0,26.0,43.0,45.0,32.0,19.0,,5.0,18.0,22.0,36.0,15.0,36.0,21.0,7.0,22.0,33.0,43.0,49.0,55.0,21.0,,30.0,21.0,15.0,17.0,21.0,17.0,26.0,52.0,30.0,,,56.0,36.0,,,9.0,,,50.0,40.0,,23.0,,23.0,,19.0,22.0,21.0,0.0,39.0,29.0,42.0,,,53.0,,,48.0,18.0,,25.0,24.0,,20.0,,9.0,16.0,33.0,25.0,10.0,7.0,,38.0,56.0,,26.0,37.0,55.0,32.0,35.0,,39.0,46.0,20.0,33.0,,56.0,29.0,,14.0,4.0,31.0,16.0,30.0,57.0,33.0,37.0,17.0,,41.0,32.0,,0.0,45.0,42.0,,14.0,38.0,,,31.0,5.0,23.0,,27.0,27.0,35.0,,,43.0,39.0,25.0,34.0,18.0,29.0,22.0,36.0,24.0,,15.0,33.0,39.0,,56.0,,14.0,33.0,29.0,36.0,22.0,36.0,49.0,33.0,57.0,44.0,42.0,19.0,8.0,35.0,50.0,,27.0,58.0,,58.0,41.0,39.0,10.0,14.0,0.0,,,,4.0,55.0,,,36.0,38.0,16.0,54.0,15.0,18.0,19.0,19.0,18.0,,47.0,31.0,45.0,42.0,,,41.0,,,35.0,,48.0,58.0,47.0,39.0,38.0,24.0,44.0,23.0,,16.0,,14.0,21.0,43.0,,39.0,,30.0,,40.0,34.0,24.0,21.0,45.0,,29.0,,,,58.0,37.0,,10.0,11.0,47.0,18.0,15.0,46.0,11.0,43.0,,16.0,3.0,,41.0,20.0,25.0,9.0,38.0,35.0,35.0,35.0,28.0,30.0,,,25.0,26.0,47.0,40.0,22.0,34.0,20.0,53.0,,36.0,30.0,55.0,32.0,20.0,16.0,19.0,46.0,,41.0,18.0,13.0,42.0,31.0,7.0,49.0,,14.0,,4.0,14.0,13.0,,,49.0,,53.0,15.0,49.0,,,54.0,25.0,,35.0,34.0,33.0,26.0,31.0,56.0,,52.0,,33.0,28.0,20.0,,31.0,26.0,18.0,28.0,,44.0,25.0,41.0,,,39.0,,,,11.0,,41.0,5.0,,,,18.0,,,,17.0,40.0,,30.0,,,44.0,6.0,32.0,,33.0,20.0,16.0,17.0,19.0,,0.0,19.0,,6.0,14.0,,,50.0,38.0,19.0,29.0,24.0,33.0,20.0,30.0,,9.0,20.0,10.0,52.0,,26.0,189,3,2.531468531468532,18.599204093234793,-0.35570898102371035
5,4,2,8,3,6,5,11,1,3,4,0,5,6,10,7,3,7,11,14,8,6,7,8,6,12,11,12,3,7,9,9,11,6,16,8,19,16,16,4,18,29.0,8,12,14,6,12,12,12,22,11,3,9,7,19,8,17,13,7,9,8,7,0,14,16.0,8,8,6,13,7,14,12,13,10,17,7,7,9,16,7,17,11,11,11,8,3,13,6,20,14,8,10,12,18,13,17,10,16,15,15,18,7,13,1,14,6,13,12,6,10,30,41.0,17,23,16.0,8,19,15,7,17,9,23,15,16,13,13,15,12.0,12,15,7,12,9.0,10,14,14.0,14,29,38,12,7,13,21,24,38.0,21.0,15,20.0,12,14,14,17,17.0,6,13,15,15,23.0,17,18,35,13,14,4,14,20.0,15,23,21,12,22,19.0,7,37,8,22,16,22.0,14,18.0,6,14,3,13,17,,14.0,21,28,32.0,27.0,14,31,19,13,34,13,10,18.0,16,6,32.0,14,13,15,13,39.0,4,17,6,13,21.0,21,27,6,2,13,5,12,16.0,9.0,9,14,21,16.0,22,16,23,19.0,11,19.0,10.0,14,24,48.0,24,15,10,27.0,,19,12,16,19,17,34.0,17,0,18,14,13,15,14.0,13.0,0,,17.0,26.0,43.0,22,35.0,15,18,19,15.0,28.0,50.0,,12.0,20,39.0,19.0,10.0,16,40,43.0,8,13,16,20.0,7.0,8.0,13,,21,23,14.0,18.0,10,17.0,29.0,9,17,39.0,14,18.0,15.0,21.0,25,14,20.0,21,18,13,22,27,28,7,19,22,5,30,18,12.0,11.0,23,26,12,22.0,20.0,0,27,15,15.0,14,26.0,23,0,16,13,43,42.0,11,7.0,17,26,20.0,15,14,19,18.0,4.0,24,55.0,12.0,6.0,16.0,24.0,12,23.0,28,19,18,23.0,13,41.0,23.0,18,28.0,40.0,54.0,7,18.0,0,19,18,25,15,18,22,14.0,17,16.0,29,20,14,16.0,16,47.0,29,22.0,12,26.0,11,20,0.0,17,44.0,15,,,15,34,10.0,41.0,8.0,28.0,25.0,19,8.0,43.0,18,50.0,22,25,,,21,16.0,6,12.0,25.0,7,15,11,32.0,30,24.0,,11,33.0,27,13.0,13,11,18,36.0,36.0,14,15,20,23.0,26.0,14,17,33.0,26,12.0,35.0,42.0,34.0,25.0,19.0,16.0,8.0,,13.0,19,21,31.0,39.0,49.0,8.0,22.0,31.0,,20.0,15,8,5.0,11.0,17,16.0,8.0,,18.0,38.0,30.0,31,20,25.0,,12.0,17.0,18,40.0,34.0,18.0,35,0,9,36.0,26.0,33.0,8.0,17,19,19.0,21.0,9,29.0,41.0,18,29.0,53.0,25.0,9,10.0,14,16.0,17.0,8.0,24,37.0,20,40.0,11,17,,32.0,21.0,17.0,21,16,29,11.0,7,21.0,14,33,14.0,24,27,13.0,24.0,7,15,16.0,20.0,34.0,7.0,35.0,16.0,24,22.0,16,22,29.0,14.0,,0.0,17.0,56.0,13,26,16.0,37.0,25.0,14.0,6.0,,31,8.0,14,9.0,50.0,4.0,20.0,15,28.0,35,,,16.0,20,29.0,,36.0,23,14,38.0,37.0,23.0,22.0,31.0,38.0,52.0,17.0,4.0,,17.0,29.0,20,10,25.0,,13.0,11,14,14,31,20.0,,21,19,,11.0,17,35.0,17.0,27.0,26,39.0,20.0,20.0,17,,15.0,14.0,41.0,13.0,16.0,16,22.0,13,16.0,10,28,17,45.0,34.0,19.0,41.0,24.0,,48.0,16.0,24.0,53.0,15.0,12,16.0,,13,48.0,13.0,10.0,24.0,24,25.0,30.0,,35,14,16.0,42,12.0,,2.0,,14,35.0,17,34,19.0,9,24.0,8,28.0,38.0,14.0,21,33,37.0,22.0,0,5.0,22,11.0,9,,57.0,,,15.0,17.0,22,18.0,6.0,,33.0,45.0,18.0,31.0,28,22,21.0,27,13,43,17.0,,10.0,28.0,16.0,10.0,20,31.0,28.0,,26,13.0,57.0,28.0,49.0,14.0,25,,7.0,32.0,52.0,15.0,13.0,20.0,5,,,20.0,15.0,15.0,12.0,19.0,26,0.0,,26.0,,21,8,15.0,,25,43.0,43.0,12.0,7,36.0,11.0,22.0,14.0,14,27.0,10.0,16.0,0.0,35.0,27.0,,25.0,16.0,12,27,21.0,34.0,,28.0,27.0,29.0,57.0,31.0,38.0,42.0,11,14,24.0,27,,21.0,20.0,34.0,16,7,25.0,37.0,34.0,28.0,40.0,36.0,18.0,51.0,7.0,13,23.0,48.0,21.0,32.0,38.0,12.0,35,14.0,18.0,26.0,24,12.0,23.0,,23.0,22.0,10.0,21,23.0,33,13.0,46.0,48.0,54.0,33.0,25.0,40.0,24.0,55.0,44.0,14.0,,21.0,8.0,,17.0,15.0,22.0,34.0,,33.0,30,47.0,23.0,42,24.0,23.0,12,28.0,22.0,32.0,15,15,18,21.0,44.0,33.0,29.0,52.0,24.0,11.0,14.0,18.0,26,25.0,35,23.0,11,10,20.0,29,,15.0,12.0,,29,9.0,23.0,28.0,18.0,25.0,15.0,13,,23,,25.0,41.0,34,20.0,2,22,21.0,32.0,50.0,6,17.0,,11,29.0,9.0,55.0,30.0,36.0,40.0,9.0,,38,8.0,19.0,8.0,15.0,33.0,11.0,21.0,19.0,23,24.0,13,34.0,28.0,39.0,28.0,31,23,14.0,9.0,33.0,27.0,,27.0,25.0,28.0,,16,36.0,29.0,0,35,22.0,21.0,21,47.0,27.0,19,30.0,14,19,28,,32.0,19.0,12.0,45.0,15.0,21.0,,33.0,20.0,40.0,25.0,6.0,21.0,13.0,,30.0,,23.0,22.0,,9.0,23.0,29.0,26.0,,51.0,,43.0,22.0,17.0,31.0,23.0,19.0,9.0,,16.0,47.0,28.0,31.0,18.0,19.0,17.0,16.0,17.0,7.0,,,23,9.0,27.0,20.0,16,11.0,15.0,44.0,22.0,25.0,47.0,28.0,2.0,23.0,12.0,14.0,39.0,40.0,,14.0,55.0,55.0,30.0,22.0,34.0,31.0,36.0,22.0,33.0,43.0,28.0,,28.0,20,38.0,20.0,50.0,16,,29.0,18.0,22.0,46.0,28.0,54.0,28.0,,9,26.0,32.0,16.0,53.0,,,19,12,26.0,12.0,22.0,47.0,13.0,43.0,22,13,12.0,,,53.0,42.0,50.0,20.0,26.0,33.0,,10.0,42.0,24.0,28.0,20.0,44.0,14,22.0,48.0,15.0,23.0,14.0,18,38.0,22,29.0,47,24.0,40.0,13.0,35.0,8.0,43.0,30.0,14.0,27.0,18.0,46.0,13.0,21,15.0,42.0,33.0,24.0,,23,6.0,12.0,14.0,0.0,44.0,45.0,,29.0,4.0,10,14,,24.0,47.0,23.0,15.0,32.0,50.0,27.0,14,33.0,37.0,29.0,,30.0,46.0,17.0,25.0,19,21.0,15.0,44.0,16,23,43.0,20.0,18.0,24.0,53.0,12.0,27.0,20.0,25.0,27.0,29.0,18.0,10.0,30.0,0.0,20,37.0,,16.0,28.0,13.0,16,,30.0,16,4.0,22.0,,,,41.0,22.0,41.0,19.0,24.0,19.0,25,27.0,27.0,17.0,32.0,17,29.0,39.0,47.0,17.0,34.0,56.0,20.0,17.0,34.0,52.0,24.0,50.0,16.0,18,34,12.0,34.0,20.0,47.0,,33,16,20.0,,,35.0,33.0,24.0,26.0,18.0,29.0,34.0,51.0,17.0,43.0,17.0,20.0,21,15,17.0,47.0,23.0,10.0,37.0,18,44.0,17.0,,54.0,38.0,19.0,22.0,53.0,31.0,21.0,15.0,,44.0,43.0,29.0,44,35.0,16.0,23,25.0,34.0,39.0,41.0,46.0,14.0,40.0,21.0,25.0,39.0,0.0,0.0,6.0,41.0,24.0,,34.0,26.0,31.0,,16.0,34.0,33.0,26.0,15.0,47.0,53.0,29.0,21.0,26.0,30.0,,41.0,42.0,24.0,22.0,13.0,32.0,32.0,19.0,32.0,51.0,39.0,,38.0,46.0,14.0,36.0,35.0,34.0,5.0,48.0,43.0,48.0,47.0,9.0,,24.0,,29.0,21.0,22,37.0,21.0,34.0,,,36.0,24.0,40.0,26.0,33.0,38.0,31.0,,40.0,16.0,26.0,,15.0,,16.0,40.0,7.0,10.0,20.0,43.0,46.0,35.0,56.0,21.0,51.0,34.0,38.0,11.0,21.0,30.0,9.0,14.0,37.0,23.0,,,,40.0,26.0,,0.0,25,31.0,30.0,30.0,18.0,,,17.0,18.0,24.0,17,20.0,15.0,45.0,30.0,,20.0,32.0,22.0,10.0,46.0,26.0,22.0,12.0,49.0,,25.0,29,30.0,22.0,12.0,17.0,30.0,0.0,16.0,8.0,8.0,53.0,16.0,54.0,5.0,37.0,,44.0,18.0,,15.0,14.0,,30.0,23.0,26.0,17,18,12.0,39.0,18.0,23.0,20.0,15.0,23.0,33.0,37.0,50.0,24.0,36.0,50.0,,7.0,43.0,,29.0,23.0,41.0,13.0,14.0,38.0,,40.0,23.0,14.0,46.0,,26.0,53.0,23.0,23.0,19.0,22.0,46.0,28.0,21.0,22.0,29.0,30.0,32.0,51.0,27.0,22.0,10.0,43.0,32.0,17,22.0,19.0,14.0,38.0,23,,43.0,34.0,,31.0,47.0,9.0,38.0,36,,23.0,35.0,29.0,,15.0,33.0,22,41.0,25.0,43.0,38.0,21,38.0,29.0,26.0,34.0,5.0,23.0,34.0,41.0,50.0,13.0,18.0,,18.0,30.0,39.0,25.0,9.0,41.0,50.0,27.0,18.0,31.0,,0.0,22,23.0,31.0,12.0,21.0,25.0,12.0,,26.0,23.0,29.0,48.0,24.0,39.0,18,18.0,,6.0,31.0,30.0,,36.0,28.0,32.0,30.0,13.0,29.0,52.0,18.0,29.0,,,,24.0,28.0,,30.0,23.0,42.0,,50.0,36.0,21.0,33.0,15.0,28.0,,49.0,16.0,9.0,49.0,28.0,,,17.0,38.0,37.0,11.0,27.0,27.0,25.0,,25.0,15.0,20.0,,11.0,5.0,11.0,,16.0,,,14.0,34.0,11.0,30.0,8.0,,50.0,23.0,48.0,19.0,38.0,15,38.0,56.0,,16.0,20.0,,25.0,21.0,36.0,49.0,50.0,55.0,17.0,11.0,9.0,57.0,27.0,20.0,50.0,,32.0,,32.0,,23.0,35.0,3.0,,11.0,37.0,,47.0,28.0,28.0,31.0,27.0,16.0,29.0,54.0,41.0,50.0,39.0,39.0,13.0,,16.0,21.0,,39.0,20.0,46.0,28.0,24.0,25.0,,20.0,22.0,33.0,33.0,46.0,49.0,38.0,,52.0,50.0,,21.0,6.0,33.0,,35.0,16.0,37.0,17.0,,21.0,40.0,43.0,22.0,13.0,26.0,46.0,57.0,18.0,19.0,48.0,45.0,36.0,,21.0,52.0,39.0,10.0,,37.0,48.0,40.0,35.0,,19.0,27.0,34.0,25.0,40.0,17.0,24.0,,27.0,7.0,47.0,14.0,26.0,7.0,49.0,49.0,30.0,18.0,55.0,16.0,37.0,49.0,34.0,33.0,,,9.0,,21.0,26,52.0,16.0,26.0,17.0,50.0,20.0,23.0,36.0,22.0,,12,12.0,26.0,,21.0,18.0,,40.0,53.0,20,44.0,27.0,,15.0,15.0,55.0,27.0,50.0,49.0,56.0,,24.0,25.0,24.0,23.0,5.0,,17.0,20.0,29.0,33.0,22.0,45.0,40.0,47.0,37.0,48.0,22.0,33.0,,33.0,35.0,,53.0,30.0,38.0,15.0,,45.0,22.0,17.0,49.0,56.0,16.0,17.0,42.0,41.0,,,22.0,10.0,17.0,48.0,48.0,34.0,15.0,55.0,19.0,4.0,41.0,31.0,19.0,29.0,52.0,,,55.0,17.0,19.0,32.0,22.0,22.0,53.0,18.0,,,15.0,37.0,25.0,,,,20.0,15.0,,19.0,3.0,24.0,,25.0,53.0,50.0,57.0,40.0,12.0,43.0,37.0,22.0,18.0,,46.0,,57.0,26.0,33.0,15.0,,,28,17.0,6.0,14.0,29.0,38.0,26.0,,31.0,27.0,,44.0,53.0,40.0,34.0,11.0,38.0,14.0,12.0,7.0,39.0,,19.0,50.0,36.0,,24.0,5.0,33.0,33.0,43.0,8.0,25.0,21.0,26.0,,,48.0,9.0,,,30.0,21.0,50.0,,24.0,,26.0,15.0,32.0,30.0,20.0,20.0,19.0,,32.0,23.0,20.0,24.0,37.0,37.0,56.0,26.0,,24.0,29.0,,0.0,15.0,18.0,49.0,17.0,,30.0,35.0,41.0,34.0,35.0,,12.0,11,,19.0,16,30.0,41.0,43.0,38.0,47.0,36.0,,21.0,26.0,23.0,39.0,,17.0,28.0,41.0,53.0,52.0,26.0,27.0,,52.0,42.0,29.0,36.0,36.0,15.0,36.0,,27.0,54.0,21.0,32.0,48.0,13.0,54.0,,42.0,,36.0,13.0,,56.0,28.0,21.0,,37.0,,22.0,6.0,,35.0,34.0,22.0,,13.0,15.0,23.0,38.0,36.0,21.0,46.0,27.0,35.0,42.0,37.0,,20.0,45.0,16.0,13.0,52.0,50.0,31.0,,41.0,27.0,37.0,29.0,15.0,,18.0,27.0,34.0,,21.0,12.0,37.0,,57.0,10.0,,44.0,36.0,17.0,20.0,55.0,,,,16.0,,26.0,,30.0,42.0,14.0,0.0,23.0,18.0,49.0,0.0,8.0,33.0,18.0,,23.0,43.0,32.0,19.0,12.0,25.0,30.0,47.0,,22.0,40.0,10.0,,21.0,,27.0,32.0,22.0,48.0,,,36.0,22.0,0.0,8.0,33.0,,3.0,,15.0,25.0,49.0,25.0,24.0,,9.0,11.0,,47.0,11.0,,22.0,,,27.0,,55.0,17.0,13.0,,,,18.0,29.0,22.0,27.0,36.0,,31.0,23.0,,17.0,33.0,51.0,,31.0,,52.0,37.0,31.0,7.0,22.0,20.0,,46.0,15.0,22.0,47.0,,31.0,,9.0,18.0,,22.0,21.0,12.0,17.0,24.0,35.0,,32.0,28.0,27.0,47.0,27.0,41.0,30.0,42.0,47.0,42.0,,,19.0,25.0,,56.0,48.0,15.0,14.0,22.0,,22.0,17.0,,30.0,34.0,,22.0,48.0,19.0,18.0,16.0,20.0,13.0,54.0,26.0,17.0,25.0,46.0,56.0,22.0,40.0,43.0,22.0,45.0,39.0,20.0,47.0,0.0,0.0,44.0,36.0,24.0,16.0,50.0,39.0,39.0,26.0,,17.0,15.0,40.0,,28.0,10.0,30.0,17.0,25.0,32.0,44.0,18.0,,15.0,28.0,,14.0,29.0,,55.0,47.0,6.0,28.0,,15.0,18.0,45.0,17.0,31.0,38.0,50.0,25.0,32.0,43.0,48.0,41.0,30.0,33.0,25.0,,41.0,,,35.0,34.0,14.0,25.0,18.0,,40.0,24.0,34.0,,19.0,32.0,9.0,40.0,41.0,33.0,12.0,17.0,25.0,40.0,26.0,,35.0,28.0,51.0,39.0,53.0,,,28.0,,23.0,39.0,21.0,52.0,,7.0,42.0,13.0,,51.0,27.0,33.0,8.0,18.0,,16.0,31.0,19.0,51.0,36.0,30.0,22.0,,22.0,33.0,,35.0,26.0,51.0,27.0,,28.0,44.0,35.0,54.0,,,26.0,16.0,24.0,41.0,,28.0,35.0,26.0,12.0,,54.0,16.0,9.0,,35.0,19.0,18.0,22.0,54.0,32.0,33.0,,51.0,,,44.0,33.0,,56.0,33.0,,48.0,41.0,,55.0,33.0,56.0,,25.0,18.0,44.0,45.0,27.0,46.0,29.0,12.0,37.0,28.0,10.0,15.0,33.0,,,33.0,38.0,38.0,44.0,40.0,,,55.0,44.0,28.0,20.0,57.0,,,18.0,,16.0,,18.0,6.0,56.0,18.0,29.0,33.0,30.0,51.0,,34.0,20.0,,,49.0,24.0,11.0,17.0,,27.0,41.0,,19.0,53.0,31.0,8.0,,,,39.0,,9.0,38.0,10.0,17.0,26.0,37.0,10.0,33.0,26.0,18.0,41.0,15.0,,54.0,19.0,47.0,32.0,20.0,,53.0,21.0,,26.0,,,0.0,39.0,3.0,18.0,31.0,20.0,20.0,48.0,43.0,,8.0,30.0,42.0,,42.0,28.0,45.0,28.0,17.0,42.0,49.0,32.0,40.0,,,22.0,31.0,,25.0,,31.0,7.0,,26.0,38.0,31.0,,33.0,,48.0,42.0,37.0,,23.0,55.0,,11.0,19.0,27.0,,,12.0,9.0,41.0,,0.0,48.0,38.0,40.0,18.0,48.0,,21.0,20.0,49.0,47.0,20.0,42.0,28.0,30.0,41.0,25.0,33.0,,21.0,54.0,41.0,19.0,57.0,24.0,40.0,21.0,37.0,,30.0,52.0,28.0,26.0,,21.0,34.0,47.0,,46.0,52.0,,28.0,6.0,10.0,9.0,,,,33.0,,17.0,37.0,24.0,21.0,20.0,28.0,15.0,28.0,45.0,19.0,3.0,39.0,30.0,11.0,55.0,,,22.0,,11.0,45.0,53.0,20.0,48.0,7.0,31.0,32.0,20.0,37.0,14.0,,12.0,,16.0,36.0,51.0,,,56.0,54.0,11.0,40.0,41.0,17.0,40.0,13.0,,,37.0,46.0,,,32.0,24.0,23.0,29.0,52.0,25.0,,,22.0,,38.0,55.0,47.0,41.0,,54.0,33.0,,31.0,18.0,57.0,56.0,27.0,19.0,42.0,44.0,25.0,25.0,23.0,26.0,43.0,53.0,41.0,13.0,,,,,,48.0,,5.0,,10.0,,,24.0,36.0,30.0,,30.0,21.0,33.0,,,18.0,44.0,39.0,32.0,36.0,,26.0,32.0,54.0,12.0,45.0,25.0,21.0,53.0,43.0,19.0,24.0,39.0,44.0,54.0,22.0,49.0,24.0,,26.0,30.0,9.0,,22.0,29.0,43.0,55.0,30.0,22.0,24.0,27.0,16.0,,,27.0,33.0,36.0,13.0,39.0,34.0,27.0,18.0,47.0,57.0,16.0,,24.0,52.0,15.0,13.0,16.0,57.0,14.0,36.0,46.0,40.0,,,,,,34.0,19.0,31.0,25.0,16.0,27.0,54.0,38.0,29.0,29.0,44.0,20.0,16.0,16.0,,,,0.0,27.0,22.0,30.0,20.0,47.0,,43.0,25.0,13.0,34.0,33.0,27.0,46.0,,16.0,,38.0,32.0,,33.0,,20.0,44.0,14.0,48.0,29.0,9.0,45.0,19.0,21.0,10.0,,30.0,12.0,23.0,33.0,15.0,13.0,18.0,29.0,22.0,18.0,38.0,,25.0,23.0,35.0,40.0,45.0,12.0,43.0,20.0,36.0,37.0,43.0,36.0,50.0,27.0,,38.0,23.0,18.0,15.0,12.0,,34.0,17.0,13.0,25.0,,16.0,22.0,,34.0,,,,25.0,38.0,,21.0,29.0,,,30.0,16.0,20.0,,17.0,36.0,,30.0,9.0,,,29.0,40.0,26.0,,30.0,,38.0,23.0,,2.0,,,21.0,45.0,9.0,,9.0,,56.0,12.0,23.0,51.0,23.0,24.0,44.0,39.0,17.0,54.0,,27.0,19.0,,10.0,21.0,,15.0,18.0,,,54.0,33.0,43.0,48.0,42.0,37.0,23.0,,50.0,12.0,,,14.0,47.0,,20.0,46.0,,52.0,21.0,32.0,23.0,44.0,,,12.0,29.0,,56.0,,29.0,35.0,,46.0,18.0,39.0,55.0,19.0,22.0,30.0,18.0,14.0,29.0,25.0,36.0,30.0,,15.0,,11.0,,18.0,33.0,31.0,21.0,28.0,24.0,,24.0,12.0,11.0,45.0,26.0,28.0,,,46.0,,28.0,27.0,,,,24.0,,15.0,47.0,5.0,27.0,34.0,20.0,52.0,,,11.0,24.0,8.0,14.0,,44.0,15.0,54.0,,55.0,,33.0,33.0,13.0,10.0,,11.0,,47.0,,49.0,23.0,53.0,27.0,,,,11.0,46.0,42.0,10.0,33.0,37.0,37.0,48.0,50.0,30.0,38.0,,52.0,31.0,,55.0,35.0,10.0,,34.0,33.0,25.0,15.0,23.0,44.0,33.0,39.0,,43.0,,18.0,,,26.0,38.0,28.0,30.0,,,29.0,190,3,2.429931972789116,17.757151029748282,-0.3424294482273872
9,6,8,10,8,10,12,13,7,9,9,8,0,10,7,7,15,10,0,10,9,13,16,16,11,20,10,12,11,11,15,13,15,14,11,13,18,14,12,14,13,17.0,11,19,12,11,16,10,12,27,15,12,12,11,29,14,14,12,11,16,10,17,24,9,12.0,15,12,13,11,10,14,9,16,14,11,12,13,19,14,15,18,15,13,19,16,8,11,16,19,12,13,20,13,18,13,21,23,11,13,13,22,10,14,18,16,22,17,19,14,18,9,33.0,17,17,17.0,22,6,18,20,17,12,21,12,16,15,13,11,23.0,13,13,15,15,45.0,16,16,22.0,15,22,20,21,27,16,19,28,26.0,20.0,28,26.0,13,14,18,16,42.0,16,21,5,23,54.0,13,22,15,21,17,17,17,23.0,13,22,19,15,14,35.0,13,35,15,21,25,28.0,18,12.0,29,2,9,19,24,53.0,24.0,7,17,52.0,,11,16,15,15,55,14,22,34.0,7,26,24.0,14,17,12,27,25.0,19,10,17,14,,19,30,20,13,7,24,14,31.0,38.0,17,15,13,32.0,15,14,18,,8,16.0,12.0,27,21,44.0,11,15,19,34.0,,17,21,12,28,13,16.0,30,13,16,16,19,24,15.0,36.0,10,17.0,39.0,22.0,20.0,26,33.0,13,15,19,23.0,,26.0,11.0,17.0,23,26.0,24.0,35.0,22,12,30.0,21,11,14,29.0,15.0,53.0,33,54.0,14,16,,19.0,20,11.0,57.0,15,22,35.0,16,22.0,7.0,25.0,20,16,25.0,15,16,22,17,14,25,15,23,19,19,34,18,18.0,30.0,9,18,14,16.0,17.0,28,18,29,45.0,20,49.0,18,14,24,18,24,18.0,12,24.0,15,17,23.0,30,22,21,13.0,12.0,16,23.0,36.0,35.0,13.0,22.0,20,22.0,49,24,17,23.0,15,20.0,28.0,18,22.0,19.0,57.0,24,,19,24,25,28,35,28,11,30.0,14,23.0,29,36,16,0.0,3,,21,37.0,17,25.0,34,17,19.0,26,,37,30.0,19.0,22,26,35.0,21.0,9.0,23.0,36.0,22,29.0,23.0,21,28.0,14,16,61.0,25.0,15,17.0,15,23.0,29.0,28,50,31,33.0,27,32.0,51.0,25,,26,,20,27,14,29.0,23.0,34,17,23,13.0,27.0,33,23,45.0,20,20.0,18.0,29.0,29.0,,15.0,13.0,10.0,29.0,0.0,19,30,29.0,,20.0,13.0,35.0,49.0,20.0,40.0,15,25,12.0,34.0,16,40.0,,53.0,30.0,34.0,24.0,11,22,,9.0,20.0,18.0,21,24.0,19.0,32.0,25,13,22,28.0,23.0,21.0,18.0,12,14,18.0,24.0,43,27.0,8.0,31,17.0,28.0,16.0,21,21.0,56,23.0,34.0,34.0,17,19.0,0,11.0,12,21,44.0,45.0,45.0,60.0,34,24,33,23.0,26,16.0,16,28,40.0,32,20,32.0,46.0,29,10,20.0,18.0,11.0,14.0,54.0,16.0,27,22.0,23,30,35.0,55.0,22.0,32.0,,,16,32,10.0,26.0,0.0,47.0,,29.0,12,23.0,26,21.0,10.0,,,17,39.0,29,34.0,0.0,24.0,24,21.0,30.0,14.0,22,25,52.0,46.0,36.0,37.0,0.0,21.0,29.0,16.0,24.0,39.0,,26.0,25,23,14.0,29.0,22.0,13,36,16,10,0.0,24.0,24,26,21.0,29.0,0,14.0,24.0,24.0,28,,,19.0,17,20.0,16.0,,18.0,26.0,51.0,7,19.0,22,5.0,17,20,31,32.0,47.0,19.0,13.0,,29.0,17.0,16.0,16.0,29.0,15.0,11,57.0,33.0,36,14.0,22.0,16.0,24.0,25,34.0,39.0,28.0,18,7,12.0,23,23.0,27.0,47.0,19.0,23,26.0,14,32,17.0,14,24.0,22,27.0,30.0,25.0,28,35,34.0,16.0,30,12.0,19,60.0,15,24.0,20.0,37.0,45.0,22.0,11.0,37,31.0,18.0,50.0,57.0,24.0,15.0,25.0,29,27,31.0,27,25,9,24.0,,35.0,48.0,,25.0,31,27.0,17.0,29.0,16,16.0,26.0,0.0,54.0,15.0,26,,18.0,29.0,51.0,46.0,10.0,29.0,19,,32.0,21.0,,53.0,19.0,36.0,17,20.0,32.0,24.0,12.0,26,41,14.0,,29,15.0,60.0,33.0,28,45.0,41.0,11.0,47.0,24,31.0,16.0,18.0,37.0,17.0,44.0,27.0,,15.0,9,23,18.0,48.0,39.0,43.0,16.0,25.0,35.0,28.0,,42.0,33,16,44.0,30,20.0,36.0,21.0,38.0,7,35,0.0,15.0,20.0,16.0,22.0,20.0,,36.0,30.0,7,12.0,26.0,,21.0,34.0,28.0,27,32.0,29.0,22.0,16,54.0,14.0,46.0,51.0,25.0,14.0,27,18.0,20,33.0,15.0,,27.0,43.0,26.0,32.0,24.0,29.0,2.0,16.0,21.0,12.0,19.0,45.0,15.0,17.0,38.0,54.0,,46.0,14,28.0,27.0,26,35.0,44.0,14,25.0,15.0,26.0,22,3,23,25.0,46.0,,27.0,18.0,15.0,31.0,15.0,16.0,21,11.0,36,31.0,22,28,26.0,16,36.0,,39.0,55.0,25,19.0,12.0,52.0,26.0,,38.0,20,,31,11.0,31.0,58.0,27,38.0,17,31,51.0,10.0,43.0,10,17.0,28.0,20,30.0,46.0,55.0,25.0,41.0,41.0,21.0,31.0,10,18.0,31.0,22.0,,43.0,,37.0,28.0,26,27.0,11,29.0,27.0,13.0,22.0,15,16,35.0,55.0,25.0,19.0,24.0,33.0,16.0,38.0,17.0,26,36.0,15.0,37,0,31.0,26.0,22,27.0,53.0,18,21.0,14,13,16,59.0,27.0,19.0,36.0,18.0,16.0,44.0,28.0,30.0,17.0,34.0,29.0,54.0,50.0,,23.0,22.0,,13.0,35.0,24.0,29.0,,38.0,2.0,52.0,14.0,14.0,24.0,26.0,9.0,25.0,34.0,16.0,23.0,60.0,30.0,,49.0,14.0,19.0,,35.0,30.0,24.0,23.0,,36.0,16,5.0,,31.0,13,32.0,22.0,8.0,23.0,40.0,24.0,21.0,14.0,,23.0,21.0,61.0,25.0,26.0,34.0,42.0,34.0,21.0,27.0,0.0,40.0,34.0,,27.0,30.0,26.0,,,10,,27.0,44.0,26,35.0,15.0,0.0,,,,17.0,,32.0,10,29.0,16.0,22.0,19.0,51.0,,20,16,40.0,45.0,0.0,41.0,45.0,36.0,38,24,52.0,45.0,16.0,13.0,17.0,14.0,59.0,51.0,13.0,,0.0,36.0,24.0,47.0,14.0,30.0,19,28.0,17.0,30.0,55.0,17.0,20,43.0,21,,38,4.0,21.0,31.0,38.0,34.0,28.0,14.0,,32.0,20.0,32.0,16.0,22,17.0,12.0,17.0,13.0,45.0,34,56.0,33.0,17.0,,15.0,35.0,,40.0,19.0,11,15,41.0,28.0,45.0,16.0,48.0,18.0,17.0,14.0,26,24.0,,20.0,45.0,45.0,27.0,17.0,21.0,38,22.0,31.0,19.0,21,39,49.0,,23.0,35.0,56.0,29.0,32.0,15.0,23.0,,22.0,27.0,10.0,40.0,,29,9.0,25.0,25.0,35.0,44.0,19,42.0,24.0,22,18.0,16.0,19.0,60.0,19.0,21.0,44.0,40.0,28.0,14.0,40.0,27,22.0,28.0,,57.0,17,14.0,43.0,25.0,12.0,47.0,43.0,28.0,34.0,16.0,34.0,19.0,21.0,22.0,23,21,45.0,35.0,26.0,43.0,44.0,31,31,37.0,,29.0,30.0,60.0,27.0,46.0,24.0,26.0,35.0,,49.0,31.0,21.0,29.0,25,22,15.0,35.0,37.0,,33.0,24,22.0,42.0,21.0,40.0,59.0,37.0,32.0,14.0,,32.0,,43.0,41.0,25.0,29.0,0,49.0,5.0,35,26.0,13.0,44.0,14.0,43.0,37.0,13.0,38.0,33.0,,13.0,33.0,15.0,30.0,29.0,30.0,36.0,32.0,24.0,,51.0,38.0,,27.0,,,16.0,27.0,35.0,29.0,27.0,,45.0,,,48.0,32.0,,10.0,49.0,26.0,23.0,16.0,45.0,37.0,21.0,6.0,52.0,28.0,28.0,27.0,,29.0,,31.0,,24.0,44.0,,18.0,42.0,34,25.0,18.0,33.0,41.0,,13.0,17.0,49.0,20.0,15.0,13.0,16.0,42.0,35.0,19.0,16.0,55.0,45.0,,11.0,27.0,46.0,17.0,27.0,21.0,61.0,28.0,10.0,47.0,57.0,47.0,38.0,44.0,32.0,39.0,19.0,16.0,29.0,19.0,,24.0,23.0,44.0,30.0,45.0,44.0,5,35.0,56.0,22.0,25.0,42.0,60.0,32.0,25.0,9.0,21,20.0,33.0,42.0,31.0,27.0,22.0,24.0,19.0,14.0,20.0,31.0,42.0,,46.0,34.0,,30,31.0,14.0,,0.0,14.0,,12.0,24.0,26.0,46.0,36.0,,50.0,,44.0,34.0,,,31.0,21.0,12.0,27.0,27.0,21.0,17,25,,34.0,16.0,40.0,,20.0,26.0,17.0,22.0,,,35.0,22.0,35.0,51.0,53.0,,47.0,42.0,0.0,56.0,44.0,,,22.0,30.0,35.0,34.0,50.0,23.0,46.0,,14.0,17.0,25.0,,19.0,27.0,,42.0,41.0,61.0,13.0,50.0,11.0,14.0,38.0,34.0,39,34.0,18.0,38.0,34.0,10,,45.0,46.0,40.0,27.0,47.0,25.0,50.0,38,,32.0,39.0,,42.0,31.0,22.0,35,22.0,,31.0,20.0,4,22.0,24.0,55.0,30.0,59.0,24.0,26.0,,28.0,24.0,30.0,51.0,20.0,17.0,32.0,29.0,,48.0,30.0,,,,,,21,13.0,,30.0,35.0,28.0,50.0,39.0,44.0,30.0,38.0,,26.0,19.0,14,19.0,32.0,28.0,24.0,49.0,38.0,39.0,,,38.0,33.0,0.0,61.0,13.0,40.0,,41.0,26.0,24.0,30.0,16.0,,29.0,30.0,51.0,15.0,19.0,34.0,19.0,19.0,31.0,25.0,25.0,0.0,15.0,17.0,42.0,20.0,20.0,17.0,22.0,28.0,17.0,26.0,30.0,52.0,34.0,40.0,43.0,47.0,41.0,53.0,36.0,28.0,44.0,,38.0,60.0,,26.0,17.0,26.0,31.0,50.0,,35.0,,31.0,20.0,36,43.0,53.0,24.0,16.0,28.0,,24.0,53.0,28.0,61.0,34.0,21.0,29.0,23.0,53.0,59.0,41.0,49.0,20.0,17.0,21.0,,33.0,44.0,37.0,39.0,15.0,41.0,,29.0,,,24.0,13.0,9.0,16.0,22.0,38.0,26.0,,54.0,35.0,41.0,49.0,11.0,50.0,35.0,37.0,54.0,36.0,15.0,33.0,,31.0,,36.0,37.0,20.0,23.0,33.0,42.0,24.0,29.0,60.0,39.0,37.0,38.0,24.0,25.0,40.0,19.0,,37.0,46.0,33.0,8.0,46.0,15.0,23.0,19.0,30.0,28.0,30.0,51.0,,34.0,29.0,41.0,12.0,24.0,30.0,14.0,46.0,46.0,,41.0,14.0,33.0,,51.0,31.0,48.0,24.0,15.0,,24.0,53.0,35.0,,25.0,,23.0,19.0,22.0,31.0,33.0,10.0,28.0,25.0,32.0,47.0,34.0,21.0,,19.0,36.0,34.0,,18,16.0,31.0,32.0,49.0,53.0,22.0,34.0,,28.0,29.0,29,39.0,39.0,36.0,32.0,34.0,,27.0,6.0,26,18.0,,59.0,30.0,40.0,26.0,45.0,46.0,33.0,44.0,,29.0,24.0,22.0,33.0,,14.0,18.0,39.0,21.0,33.0,24.0,26.0,43.0,,17.0,35.0,44.0,13.0,,34.0,55.0,41.0,27.0,23.0,36.0,20.0,38.0,55.0,,26.0,30.0,34.0,55.0,49.0,38.0,26.0,,25.0,26.0,39.0,21.0,54.0,55.0,55.0,25.0,42.0,,,30.0,21.0,23.0,,,42.0,10.0,35.0,0.0,25.0,44.0,36.0,21.0,29.0,38.0,14.0,57.0,,20.0,23.0,,,,52.0,,34.0,35.0,12.0,,44.0,,18.0,17.0,50.0,50.0,38.0,14.0,31.0,9.0,49.0,28.0,19.0,19.0,28.0,54.0,49.0,,25.0,26.0,24,24.0,,26.0,38.0,25.0,29.0,,44.0,39.0,40.0,23.0,,11.0,36.0,46.0,33.0,52.0,17.0,,53.0,55.0,,,24.0,35.0,53.0,26.0,47.0,33.0,33.0,41.0,,0.0,14.0,50.0,,39.0,,28.0,42.0,31.0,35.0,34.0,,28.0,21.0,33.0,34.0,39.0,21.0,35.0,50.0,18.0,46.0,,27.0,17.0,26.0,21.0,12.0,19.0,37.0,31.0,34.0,48.0,20.0,52.0,24.0,,30.0,17.0,57.0,25.0,,31.0,18.0,,,18.0,28,30.0,,28,14.0,,28.0,52.0,19.0,35.0,53.0,25.0,2.0,33.0,33.0,25.0,,22.0,17.0,38.0,34.0,60.0,,36.0,23.0,24.0,60.0,27.0,,14.0,37.0,32.0,34.0,,29.0,42.0,23.0,,27.0,,,36.0,,49.0,55.0,16.0,,,22.0,18.0,32.0,28.0,27.0,16.0,,,31.0,47.0,44.0,37.0,12.0,20.0,27.0,24.0,22.0,,27.0,42.0,44.0,,27.0,,34.0,21.0,52.0,32.0,3.0,25.0,42.0,33.0,,25.0,16.0,,22.0,,18.0,47.0,23.0,14.0,61.0,,27.0,32.0,,,36.0,35.0,,28.0,39.0,,,,40.0,26.0,39.0,21.0,42.0,12.0,,37.0,,,35.0,,13.0,33.0,24.0,7.0,47.0,19.0,41.0,35.0,28.0,28.0,,,17.0,44.0,60.0,22.0,27.0,31.0,,25.0,26.0,20.0,39.0,20.0,23.0,24.0,31.0,15.0,21.0,,10.0,,,42.0,54.0,54.0,34.0,36.0,33.0,18.0,17.0,30.0,18.0,,33.0,30.0,33.0,19.0,,46.0,48.0,,60.0,,26.0,15.0,46.0,38.0,19.0,32.0,24.0,47.0,18.0,,56.0,53.0,,45.0,,43.0,22.0,32.0,32.0,17.0,11.0,24.0,54.0,,34.0,19.0,58.0,23.0,29.0,28.0,49.0,34.0,52.0,25.0,,56.0,20.0,9.0,37.0,29.0,21.0,0.0,18.0,50.0,50.0,28.0,21.0,21.0,31.0,15.0,,,36.0,46.0,29.0,46.0,26.0,53.0,21.0,54.0,,26.0,54.0,,37.0,36.0,35.0,22.0,37.0,37.0,,35.0,45.0,32.0,31.0,,,48.0,0.0,,18.0,39.0,50.0,17.0,19.0,24.0,29.0,26.0,26.0,36.0,43.0,40.0,,,,,41.0,42.0,55.0,50.0,39.0,,,35.0,54.0,39.0,,38.0,16.0,56.0,,28.0,28.0,38.0,33.0,44.0,55.0,52.0,59.0,57.0,36.0,22.0,50.0,32.0,,46.0,27.0,35.0,10.0,23.0,28.0,33.0,41.0,31.0,35.0,13.0,,38.0,45.0,29.0,40.0,21.0,38.0,,33.0,34.0,31.0,50.0,23.0,22.0,35.0,51.0,46.0,25.0,40.0,20.0,,,55.0,31.0,34.0,44.0,27.0,61.0,32.0,28.0,18.0,31.0,,,11.0,37.0,23.0,0.0,,45.0,43.0,33.0,,35.0,17.0,21.0,39.0,,52.0,46.0,34.0,14.0,16.0,35.0,25.0,56.0,20.0,24.0,,40.0,59.0,32.0,28.0,56.0,44.0,,46.0,46.0,,,31.0,34.0,28.0,21.0,24.0,31.0,,35.0,16.0,39.0,37.0,53.0,,,32.0,56.0,53.0,,26.0,42.0,,58.0,41.0,24.0,,,53.0,22.0,17.0,36.0,,39.0,26.0,12.0,57.0,35.0,50.0,25.0,37.0,,41.0,49.0,38.0,60.0,28.0,,,,28.0,42.0,56.0,26.0,35.0,20.0,29.0,57.0,,34.0,0.0,27.0,35.0,47.0,21.0,,30.0,21.0,60.0,27.0,,15.0,18.0,44.0,41.0,10.0,18.0,36.0,,19.0,19.0,16.0,55.0,31.0,38.0,51.0,12.0,,15.0,,29.0,14.0,23.0,18.0,48.0,,51.0,22.0,,35.0,56.0,,32.0,47.0,24.0,28.0,24.0,,32.0,,39.0,,23.0,23.0,47.0,,59.0,,46.0,37.0,31.0,38.0,36.0,17.0,42.0,,39.0,36.0,53.0,16.0,18.0,50.0,50.0,,9.0,29.0,,28.0,,,27.0,52.0,36.0,40.0,41.0,,32.0,25.0,37.0,10.0,42.0,,,14.0,26.0,6.0,,,,14.0,,14.0,49.0,16.0,51.0,39.0,27.0,,49.0,50.0,43.0,50.0,45.0,27.0,,46.0,44.0,0.0,51.0,,35.0,,52.0,23.0,,45.0,57.0,3.0,22.0,20.0,49.0,16.0,43.0,12.0,33.0,35.0,,34.0,30.0,6.0,57.0,,25.0,30.0,46.0,30.0,35.0,18.0,49.0,19.0,,30.0,35.0,20.0,41.0,,50.0,,41.0,36.0,54.0,31.0,26.0,11.0,50.0,21.0,47.0,,30.0,44.0,,25.0,,13.0,30.0,38.0,16.0,25.0,60.0,24.0,52.0,,54.0,17.0,37.0,33.0,44.0,42.0,11.0,33.0,,,,39.0,,,30.0,46.0,8.0,18.0,54.0,27.0,31.0,20.0,46.0,61.0,27.0,20.0,16.0,44.0,,,27.0,,26.0,55.0,48.0,,18.0,,14.0,23.0,,25.0,30.0,29.0,37.0,,,,44.0,14.0,30.0,,35.0,15.0,,40.0,31.0,,,49.0,26.0,40.0,,35.0,16.0,,,60.0,,,,,27.0,10.0,60.0,,19.0,39.0,27.0,41.0,19.0,31.0,,39.0,55.0,34.0,15.0,24.0,38.0,29.0,49.0,28.0,,23.0,22.0,22.0,,30.0,48.0,21.0,22.0,,49.0,53.0,,23.0,22.0,33.0,36.0,20.0,35.0,18.0,,27.0,13.0,30.0,,34.0,35.0,49.0,52.0,,,,38.0,,,,,,47.0,35.0,17.0,54.0,35.0,20.0,,31.0,40.0,28.0,,56.0,23.0,56.0,45.0,,40.0,23.0,38.0,,37.0,,21.0,18.0,22.0,32.0,26.0,25.0,16.0,27.0,18.0,39.0,45.0,,55.0,,43.0,52.0,56.0,35.0,43.0,48.0,52.0,,53.0,22.0,33.0,17.0,11.0,12.0,,,23.0,47.0,26.0,,29.0,11.0,36.0,,25.0,10.0,,39.0,35.0,23.0,,39.0,,18.0,14.0,19.0,34.0,37.0,40.0,20.0,19.0,39.0,28.0,12.0,,,34.0,22.0,,41.0,,25.0,,,36.0,28.0,26.0,38.0,43.0,,45.0,39.0,53.0,51.0,49.0,15.0,,20.0,46.0,25.0,32.0,,26.0,25.0,,,,,50.0,60.0,53.0,,,18.0,28.0,40.0,32.0,14.0,19.0,17.0,14.0,39.0,,19.0,24.0,21.0,,,37.0,23.0,18.0,22.0,38.0,,23.0,38.0,35.0,51.0,41.0,,,,,23.0,15.0,38.0,52.0,,,39.0,23.0,28.0,54.0,55.0,19.0,,32.0,,,,,24.0,37.0,35.0,42.0,23.0,26.0,52.0,36.0,36.0,,38.0,,18.0,36.0,,44.0,,,43.0,46.0,27.0,,38.0,,,,,39.0,34.0,44.0,58.0,16.0,20.0,22.0,41.0,4.0,31.0,37.0,47.0,,15.0,,,,,,,48.0,,45.0,13.0,29.0,27.0,38.0,,38.0,44.0,4.0,41.0,,32.0,32.0,0.0,,28.0,20.0,,33.0,31.0,50.0,18.0,24.0,51.0,48.0,17.0,,,43.0,37.0,44.0,,24.0,47.0,13.0,31.0,,27.0,47.0,36.0,18.0,,20.0,,53.0,57.0,37.0,,40.0,10.0,46.0,24.0,28.0,,,61.0,46.0,46.0,,37.0,57.0,40.0,,23.0,34.0,18.0,53.0,52.0,22.0,,15.0,,29.0,19.0,16.0,39.0,32.0,,,,59.0,19.0,22.0,17.0,19.0,25.0,56.0,,37.0,21.0,23.0,11.0,53.0,17.0,33.0,26.0,,19.0,33.0,17.0,,34.0,33.0,15.0,40.0,,,32.0,37.0,39.0,,57.0,32.0,,48.0,,,30.0,,,,11.0,52.0,,36.0,191,3,2.562146892655367,17.56160458452722,-0.36484027741194913
3,4,6,10,1,3,6,5,3,6,5,10,3,4,5,6,9,5,22,0,7,7,7,3,7,10,0,2,7,4,7,7,7,8,2,6,9,11,5,10,9,10.0,13,11,11,8,13,5,10,14,1,6,8,11,4,10,9,17,5,9,9,11,11,19,37.0,10,12,7,4,9,16,14,14,8,7,7,9,14,12,8,13,9,9,10,13,10,10,8,16,12,13,8,10,6,16,13,14,18,10,15,7,5,20,13,11,14,10,18,16,11,15,15.0,6,12,51.0,12,15,12,6,23,14,20,11,6,10,11,3,23.0,7,12,10,12,9.0,9,9,14.0,12,9,13,9,13,13,7,19,39.0,21.0,7,0.0,9,16,8,9,16.0,8,14,6,14,57.0,9,18,22,11,12,15,20,10.0,20,19,18,15,6,28.0,8,8,5,25,10,12.0,9,13.0,12,11,14,11,33,8.0,14.0,5,14,12.0,24.0,21,10,8,18,15,14,11,32.0,19,26,48.0,15,17,12,6,28.0,15,11,8,14,49.0,33,18,13,8,18,13,11,21.0,31.0,5,15,14,14.0,11,21,15,24.0,15,12.0,13.0,6,17,42.0,12,15,18,15.0,26.0,5,16,12,14,15,17.0,27,5,13,11,7,21,25.0,37.0,15,55.0,15.0,12.0,12.0,27,25.0,20,16,5,,27.0,19.0,,19.0,17,58.0,24.0,52.0,5,9,31.0,20,21,12,17.0,34.0,35.0,8,16.0,9,11,6.0,11.0,15,42.0,47.0,10,10,9.0,12,26.0,35.0,13.0,48,15,13.0,19,13,17,9,24,12,11,17,13,12,23,20,19.0,18.0,30,12,18,17.0,37.0,9,16,11,14.0,12,58.0,17,15,31,9,13,8.0,9,20.0,17,18,10.0,16,8,14,49.0,,11,16.0,23.0,16.0,17.0,23.0,15,19.0,30,18,6,16.0,11,24.0,29.0,15,10.0,10.0,38.0,16,36.0,21,13,10,23,11,15,9,18.0,7,32.0,21,22,19,24.0,17,0.0,24,23.0,11,18.0,18,24,12.0,11,29.0,16,17.0,7.0,11,20,,35.0,4.0,7.0,35.0,10,30.0,,12,38.0,19,10,56.0,30.0,20,24.0,31,6.0,37.0,15,22,12,16.0,22,21.0,19.0,18,13.0,19,3.0,15,15,5,22.0,,21,17,28,37.0,36.0,19,14,30.0,18,21.0,30.0,23.0,,,41.0,14.0,29.0,28.0,34.0,11,13,38.0,47.0,14.0,9.0,32.0,13.0,,31.0,24,16,22.0,,20,24.0,55.0,49.0,18.0,11.0,33.0,16,18,,54.0,18.0,18.0,13,38.0,,15.0,21,10,10,22.0,30.0,14.0,50.0,20,13,7.0,23.0,7,55.0,33.0,28,19.0,0.0,27.0,7,25.0,5,4.0,15.0,24.0,12,19.0,14,17.0,8,0,19.0,21.0,19.0,8.0,17,12,22,23.0,25,18.0,12,19,31.0,14,25,40.0,11.0,16,11,25.0,2.0,33.0,9.0,14.0,23.0,20,32.0,17,6,22.0,36.0,,24.0,40.0,36.0,13,27,19.0,4.0,9.0,10.0,26.0,25.0,23,19.0,4,25.0,27.0,,21.0,25,32.0,27,15.0,,21.0,0,18.0,24.0,57.0,20,25,,38.0,24.0,,49.0,14.0,55.0,21.0,4.0,7.0,,17.0,17,14,42.0,53.0,16.0,12,41,16,16,43.0,29.0,17,22,,14.0,16,23.0,33.0,28.0,25,,13.0,43.0,5,26.0,50.0,19.0,35.0,16.0,21.0,21,18.0,10,30.0,22,26,4,16.0,23.0,25.0,11.0,,57.0,46.0,35.0,13.0,53.0,28.0,13,20.0,53.0,14,9.0,,31.0,17.0,13,19.0,20.0,40.0,19,31,28.0,15,15.0,9.0,17.0,14.0,5,7.0,17,21,14.0,25,15.0,6,22.0,12.0,6.0,18,14,,16.0,0,31.0,18,35.0,7,25.0,9.0,15.0,,31.0,19.0,40,19.0,19.0,29.0,9.0,43.0,,43.0,12,9,55.0,24,0,14,,12.0,0.0,,0.0,19.0,17,0.0,31.0,43.0,24,,25.0,25.0,34.0,27.0,25,33.0,24.0,16.0,,9.0,21.0,13.0,26,33.0,37.0,22.0,36.0,23.0,9.0,25.0,23,33.0,,10.0,16.0,17,27,35.0,26.0,11,51.0,29.0,6.0,5,21.0,,13.0,11.0,13,,,10.0,28.0,25.0,11.0,,,30.0,24,13,16.0,22.0,6.0,22.0,20.0,7.0,50.0,47.0,52.0,34.0,19,33,,22,24.0,16.0,28.0,17.0,12,7,20.0,48.0,29.0,31.0,,38.0,28.0,13.0,40.0,34,29.0,9.0,,12.0,57.0,39.0,14,11.0,33.0,14.0,47,20.0,14.0,49.0,34.0,8.0,25.0,28,46.0,22,58.0,43.0,35.0,26.0,,45.0,23.0,18.0,34.0,0.0,51.0,,29.0,34.0,31.0,46.0,30.0,12.0,,28.0,30.0,22,32.0,16.0,15,38.0,36.0,16,37.0,4.0,19.0,21,33,22,26.0,28.0,30.0,17.0,15.0,8.0,19.0,36.0,14.0,24,21.0,11,19.0,0,19,15.0,17,15.0,,21.0,,34,16.0,18.0,16.0,14.0,,,27,48.0,15,38.0,17.0,16.0,23,13.0,16,25,11.0,23.0,19.0,4,6.0,,10,16.0,11.0,8.0,10.0,20.0,18.0,25.0,17.0,23,19.0,32.0,27.0,32.0,15.0,44.0,18.0,34.0,3,12.0,11,13.0,25.0,42.0,46.0,14,28,23.0,9.0,,0.0,1.0,26.0,29.0,41.0,40.0,25,5.0,20.0,26,13,13.0,13.0,30,,23.0,24,50.0,14,23,23,36.0,19.0,,9.0,27.0,11.0,12.0,53.0,,43.0,25.0,18.0,50.0,16.0,21.0,31.0,14.0,8.0,15.0,13.0,18.0,31.0,35.0,31.0,12.0,16.0,19.0,58.0,31.0,35.0,7.0,20.0,23.0,40.0,8.0,18.0,20.0,22.0,56.0,21.0,24.0,22.0,33.0,28.0,53.0,34.0,47.0,,41,8.0,24.0,0.0,11,16.0,14.0,45.0,12.0,11.0,32.0,8.0,35.0,,20.0,21.0,44.0,,31.0,30.0,56.0,19.0,25.0,26.0,,26.0,24.0,,10.0,11.0,41.0,19.0,,13,23.0,21.0,9.0,24,8.0,21.0,32.0,12.0,7.0,20.0,20.0,46.0,39.0,39,26.0,,12.0,11.0,9.0,,14,15,41.0,13.0,12.0,10.0,25.0,10.0,34,18,,48.0,52.0,43.0,,49.0,10.0,39.0,56.0,33.0,44.0,52.0,29.0,26.0,6.0,13.0,25,,24.0,33.0,33.0,7.0,12,50.0,5,45.0,26,43.0,22.0,16.0,,16.0,23.0,34.0,35.0,8.0,25.0,43.0,26.0,26,47.0,,9.0,25.0,33.0,22,36.0,32.0,50.0,,18.0,10.0,49.0,32.0,26.0,19,14,,,,13.0,22.0,18.0,8.0,35.0,15,26.0,55.0,51.0,32.0,,8.0,0.0,25.0,3,16.0,29.0,32.0,18,23,4.0,12.0,23.0,26.0,,35.0,27.0,35.0,13.0,8.0,13.0,19.0,31.0,37.0,20.0,11,8.0,22.0,,19.0,43.0,11,,45.0,9,,24.0,,,49.0,,26.0,21.0,45.0,42.0,31.0,17,14.0,30.0,51.0,11.0,29,40.0,35.0,22.0,17.0,9.0,,29.0,6.0,44.0,18.0,28.0,21.0,57.0,7,14,19.0,22.0,12.0,57.0,37.0,33,14,42.0,,11.0,40.0,14.0,,55.0,35.0,20.0,48.0,21.0,11.0,12.0,38.0,57.0,15,18,32.0,10.0,39.0,7.0,,15,11.0,34.0,24.0,12.0,,12.0,22.0,26.0,18.0,,16.0,35.0,42.0,13.0,24.0,22,13.0,25.0,18,37.0,32.0,39.0,40.0,47.0,,5.0,27.0,6.0,33.0,18.0,7.0,15.0,19.0,,38.0,21.0,29.0,16.0,23.0,13.0,,30.0,21.0,27.0,,24.0,25.0,23.0,20.0,33.0,18.0,,,17.0,25.0,41.0,0.0,28.0,11.0,34.0,11.0,37.0,37.0,,33.0,,20.0,12.0,34.0,4.0,24.0,37.0,28.0,14.0,,27.0,8.0,26.0,15.0,16.0,16,31.0,14.0,,26.0,15.0,42.0,17.0,57.0,45.0,46.0,20.0,20.0,,29.0,45.0,10.0,53.0,30.0,15.0,32.0,28.0,10.0,51.0,46.0,26.0,,33.0,11.0,37.0,32.0,29.0,,22.0,,13.0,26.0,24.0,32.0,55.0,45.0,23.0,,40.0,28.0,19.0,29.0,21,14.0,46.0,10.0,25.0,53.0,18.0,10.0,,,20,52.0,32.0,,39.0,30.0,22.0,16.0,,10.0,15.0,30.0,33.0,31.0,14.0,8.0,15.0,13,12.0,16.0,43.0,33.0,17.0,47.0,37.0,6.0,7.0,19.0,14.0,42.0,32.0,22.0,22.0,0.0,51.0,,55.0,,22.0,,40.0,8.0,14,22,18.0,,49.0,16.0,15.0,,16.0,22.0,14.0,,,17.0,24.0,42.0,58.0,24.0,20.0,48.0,,17.0,17.0,29.0,,20.0,24.0,34.0,51.0,19.0,41.0,42.0,16.0,35.0,51.0,23.0,15.0,,28.0,26.0,,35.0,5.0,10.0,38.0,18.0,,14.0,43.0,20.0,33,26.0,,,25.0,15,10.0,38.0,51.0,23.0,8.0,,30.0,,19,21.0,5.0,28.0,5.0,,17.0,52.0,46,34.0,,,25.0,20,51.0,17.0,35.0,20.0,,24.0,22.0,23.0,10.0,27.0,11.0,,56.0,23.0,23.0,17.0,36.0,,50.0,,30.0,,,24.0,31,,56.0,34.0,7.0,22.0,27.0,34.0,17.0,32.0,18.0,20.0,45.0,20.0,16,16.0,17.0,22.0,32.0,,55.0,13.0,41.0,,37.0,36.0,37.0,38.0,,41.0,,15.0,21.0,21.0,,21.0,13.0,,34.0,53.0,16.0,19.0,51.0,34.0,12.0,30.0,20.0,18.0,13.0,,54.0,56.0,25.0,26.0,51.0,20.0,19.0,18.0,,32.0,38.0,,40.0,,19.0,37.0,23.0,5.0,38.0,,13.0,52.0,,5.0,,20.0,10.0,22.0,20.0,22.0,19.0,15.0,17.0,22.0,23,25.0,22.0,5.0,20.0,24.0,32.0,25.0,25.0,25.0,34.0,31.0,28.0,15.0,49.0,16.0,7.0,23.0,16.0,12.0,52.0,22.0,,15.0,34.0,19.0,19.0,53.0,24.0,27.0,17.0,45.0,7.0,16.0,45.0,12.0,28.0,8.0,45.0,,57.0,12.0,30.0,50.0,12.0,15.0,32.0,37.0,,19.0,58.0,,,18.0,26.0,33.0,22.0,8.0,,42.0,13.0,24.0,,23.0,29.0,15.0,44.0,25.0,8.0,16.0,,,6.0,6.0,18.0,21.0,32.0,24.0,16.0,50.0,,,17.0,38.0,22.0,,34.0,13.0,47.0,33.0,27.0,,44.0,18.0,2.0,28.0,23.0,41.0,20.0,0.0,,37.0,,55.0,46.0,15.0,21.0,10.0,46.0,32.0,16.0,,28.0,15.0,13.0,20.0,51.0,20.0,30.0,20.0,26.0,12.0,,26.0,16.0,39.0,,50.0,,27,28.0,41.0,19.0,22.0,23.0,20.0,6.0,31.0,20.0,,24,6.0,48.0,31.0,,26.0,25.0,27.0,58.0,19,41.0,20.0,53.0,15.0,,46.0,21.0,54.0,,36.0,40.0,14.0,41.0,,50.0,21.0,51.0,20.0,,24.0,56.0,20.0,31.0,,16.0,,44.0,,22.0,31.0,24.0,23.0,52.0,,46.0,,8.0,26.0,57.0,,15.0,,49.0,26.0,,33.0,0.0,40.0,43.0,,,47.0,55.0,37.0,9.0,42.0,26.0,57.0,13.0,56.0,35.0,12.0,33.0,8.0,,17.0,22.0,44.0,23.0,33.0,29.0,25.0,,27.0,,7.0,33.0,30.0,13.0,23.0,45.0,32.0,27.0,,52.0,57.0,,25.0,,33.0,13.0,5.0,,32.0,12.0,35.0,20.0,5.0,2.0,,14.0,13.0,41.0,,20.0,18.0,49.0,10.0,21,20.0,,19.0,29.0,55.0,,30.0,,35.0,34.0,43.0,26.0,15.0,29.0,21.0,39.0,22.0,36.0,43.0,55.0,48.0,30.0,38.0,41.0,53.0,49.0,23.0,21.0,25.0,28.0,28.0,12.0,23.0,24.0,44.0,,29.0,30.0,8.0,20.0,24.0,11.0,37.0,26.0,,28.0,16.0,42.0,,35.0,19.0,22.0,23.0,,32.0,5.0,,,21.0,7.0,44.0,20.0,21.0,27.0,25.0,19.0,,11.0,38.0,32.0,22.0,30.0,34.0,50.0,43.0,,,21.0,46.0,29,25.0,11.0,14,,,,31.0,33.0,36.0,16.0,14.0,57.0,12.0,46.0,41.0,10.0,11.0,29.0,25.0,54.0,,31.0,48.0,30.0,13.0,24.0,43.0,,,39.0,41.0,,36.0,3.0,55.0,48.0,,45.0,41.0,,40.0,57.0,36.0,40.0,41.0,,24.0,4.0,14.0,23.0,22.0,4.0,13.0,56.0,,15.0,19.0,48.0,27.0,33.0,26.0,23.0,23.0,27.0,,21.0,35.0,13.0,30.0,11.0,17.0,,,17.0,47.0,34.0,11.0,41.0,12.0,19.0,27.0,10.0,45.0,31.0,13.0,0.0,,,46.0,,,48.0,46.0,23.0,33.0,,11.0,8.0,13.0,13.0,44.0,18.0,21.0,34.0,8.0,18.0,17.0,33.0,21.0,,12.0,22.0,54.0,,15.0,45.0,21.0,,11.0,40.0,28.0,52.0,16.0,28.0,25.0,30.0,,,27.0,13.0,38.0,28.0,22.0,31.0,9.0,20.0,34.0,40.0,46.0,,34.0,39.0,15.0,,15.0,45.0,11.0,28.0,,16.0,56.0,55.0,27.0,26.0,48.0,,39.0,44.0,24.0,56.0,,12.0,18.0,,55.0,52.0,16.0,21.0,52.0,,11.0,50.0,,,43.0,39.0,19.0,19.0,,33.0,19.0,,25.0,,,23.0,33.0,33.0,23.0,21.0,,,9.0,18.0,,37.0,10.0,38.0,,,29.0,17.0,17.0,28.0,22.0,19.0,57.0,16.0,19.0,26.0,47.0,34.0,,34.0,,29.0,41.0,24.0,52.0,,24.0,38.0,15.0,25.0,10.0,,47.0,23.0,17.0,30.0,39.0,,43.0,34.0,9.0,12.0,42.0,17.0,7.0,9.0,,0.0,31.0,57.0,38.0,43.0,58.0,,46.0,18.0,29.0,46.0,15.0,47.0,57.0,32.0,,33.0,,23.0,15.0,46.0,4.0,56.0,21.0,,31.0,,41.0,26.0,20.0,10.0,21.0,,,8.0,9.0,11.0,41.0,34.0,29.0,24.0,20.0,,37.0,,,,27.0,11.0,32.0,,44.0,,19.0,10.0,36.0,49.0,23.0,,40.0,7.0,25.0,29.0,11.0,20.0,41.0,17.0,36.0,25.0,15.0,,46.0,37.0,44.0,14.0,44.0,,26.0,26.0,48.0,,,,8.0,,21.0,18.0,54.0,19.0,32.0,50.0,49.0,,10.0,17.0,22.0,37.0,52.0,47.0,18.0,47.0,14.0,47.0,46.0,,,26.0,38.0,8.0,5.0,42.0,34.0,,,7.0,33.0,44.0,46.0,19.0,24.0,,36.0,17.0,26.0,50.0,,42.0,,32.0,29.0,20.0,4.0,7.0,50.0,,21.0,27.0,,56.0,11.0,7.0,21.0,16.0,34.0,29.0,21.0,,41.0,51.0,46.0,58.0,,22.0,20.0,7.0,,42.0,,,30.0,40.0,9.0,40.0,46.0,18.0,34.0,,32.0,14.0,20.0,,36.0,,30.0,,29.0,,19.0,,19.0,14.0,56.0,38.0,49.0,,16.0,,25.0,38.0,27.0,43.0,58.0,43.0,33.0,34.0,31.0,,,,,42.0,41.0,40.0,36.0,,37.0,23.0,9.0,,18.0,42.0,9.0,,,17.0,27.0,50.0,7.0,,38.0,22.0,,49.0,9.0,,51.0,46.0,21.0,28.0,41.0,15.0,42.0,13.0,,4.0,20.0,16.0,,58.0,21.0,30.0,,28.0,44.0,,0.0,13.0,,41.0,22.0,27.0,27.0,15.0,,27.0,22.0,22.0,,47.0,24.0,34.0,7.0,14.0,25.0,51.0,27.0,56.0,31.0,15.0,12.0,34.0,,,25.0,15.0,57.0,,50.0,,,19.0,23.0,42.0,36.0,,32.0,,15.0,21.0,28.0,32.0,48.0,44.0,35.0,55.0,22.0,47.0,18.0,,18.0,17.0,,,9.0,40.0,24.0,24.0,44.0,17.0,30.0,12.0,23.0,34.0,,,,36.0,,14.0,18.0,53.0,25.0,,,19.0,25.0,18.0,44.0,46.0,0.0,38.0,19.0,44.0,,18.0,,25.0,,18.0,58.0,11.0,25.0,39.0,,36.0,18.0,48.0,22.0,12.0,30.0,17.0,20.0,,12.0,,33.0,33.0,7.0,,25.0,45.0,,19.0,50.0,28.0,,23.0,5.0,19.0,7.0,51.0,9.0,15.0,58.0,,32.0,,13.0,34.0,4.0,22.0,42.0,7.0,38.0,,23.0,33.0,57.0,16.0,,18.0,,27.0,25.0,17.0,13.0,22.0,28.0,21.0,14.0,,,,10.0,40.0,33.0,,19.0,,12.0,24.0,15.0,10.0,34.0,10.0,27.0,42.0,30.0,23.0,,10.0,54.0,39.0,19.0,13.0,,,,,17.0,51.0,21.0,9.0,13.0,17.0,12.0,31.0,53.0,,26.0,17.0,,12.0,52.0,,38.0,11.0,56.0,41.0,51.0,,35.0,,24.0,,38.0,40.0,58.0,,23.0,22.0,,,21.0,,48.0,30.0,36.0,14.0,49.0,,9.0,,,,22.0,54.0,23.0,54.0,51.0,28.0,41.0,18.0,12.0,35.0,13.0,,3.0,47.0,,22.0,41.0,,38.0,,39.0,56.0,25.0,14.0,6.0,,9.0,55.0,44.0,13.0,,28.0,26.0,,50.0,24.0,,19.0,53.0,26.0,42.0,,,50.0,54.0,,48.0,51.0,,11.0,40.0,36.0,8.0,12.0,39.0,26.0,,,33.0,18.0,23.0,32.0,34.0,,,,55.0,38.0,26.0,,42.0,,35.0,25.0,47.0,25.0,26.0,14.0,,,0.0,30.0,24.0,34.0,29.0,41.0,14.0,19.0,,21.0,56.0,45.0,21.0,35.0,41.0,,,27.0,,28.0,9.0,23.0,11.0,,6.0,37.0,38.0,26.0,41.0,,53.0,24.0,19.0,,,,25.0,38.0,43.0,,46.0,39.0,15.0,36.0,49.0,11.0,19.0,47.0,35.0,31.0,30.0,36.0,31.0,,,50.0,46.0,0.0,18.0,48.0,27.0,47.0,17.0,51.0,,18.0,24.0,,,7.0,19.0,51.0,11.0,,,36.0,0.0,39.0,39.0,,,,13.0,,38.0,32.0,48.0,43.0,33.0,19.0,30.0,26.0,13.0,54.0,29.0,,13.0,22.0,30.0,42.0,,34.0,24.0,,24.0,47.0,42.0,56.0,,24.0,15.0,,10.0,,39.0,,12.0,47.0,29.0,,41.0,32.0,,17.0,38.0,8.0,53.0,23.0,,18.0,18.0,52.0,36.0,53.0,40.0,12.0,47.0,49.0,42.0,13.0,22.0,,,29.0,,32.0,,41.0,39.0,,,4.0,43.0,,,28.0,22.0,,33.0,,22.0,58.0,35.0,,18.0,29.0,35.0,14.0,11.0,16.0,22.0,28.0,29.0,,22.0,0.0,42.0,7.0,31.0,,22.0,28.0,45.0,17.0,21.0,8.0,35.0,21.0,24.0,33.0,48.0,,8.0,,44.0,,0.0,,47.0,48.0,17.0,,,,6.0,23.0,11.0,28.0,23.0,19.0,55.0,14.0,16.0,8.0,26.0,19.0,26.0,28.0,36.0,,32.0,51.0,,16.0,18.0,14.0,46.0,56.0,15.0,42.0,16.0,43.0,36.0,27.0,,21.0,28.0,28.0,44.0,11.0,22.0,30.0,,39.0,11.0,36.0,25.0,,28.0,56.0,51.0,30.0,44.0,,49.0,,8.0,47.0,26.0,41.0,13.0,9.0,4.0,9.0,17.0,29.0,33.0,15.0,16.0,,,48.0,13.0,39.0,28.0,,26.0,,32.0,28.0,41.0,,16.0,,43.0,22.0,,29.0,46.0,32.0,192,3,2.5427769985974757,17.89911906791702,-0.36305149082341354
5,6,4,7,5,8,7,0,0,7,5,6,9,10,7,11,13,7,20,20,12,10,13,7,11,6,13,7,6,10,12,12,2,3,9,13,20,13,13,7,17,14.0,4,21,7,15,3,9,14,20,13,9,11,11,18,8,19,19,12,8,10,17,18,21,8.0,9,14,8,15,11,13,13,15,12,9,20,8,23,13,12,14,7,11,17,23,20,15,12,21,14,14,10,16,9,16,14,16,17,15,12,13,17,15,8,16,24,17,18,11,18,7,1.0,16,30,6.0,15,14,14,19,22,13,22,10,17,9,8,16,7.0,21,9,13,8,21.0,12,19,13.0,16,14,18,14,8,12,10,29,37.0,20.0,15,43.0,7,20,10,25,17.0,12,13,11,22,26.0,23,25,33,17,19,4,19,15.0,17,24,20,10,11,25.0,12,19,15,25,26,16.0,20,16.0,18,15,11,21,14,26.0,46.0,24,25,49.0,,14,20,12,8,26,6,6,20.0,26,25,54.0,18,10,23,15,32.0,8,16,12,15,19.0,28,6,2,21,15,19,14,11.0,12.0,12,14,19,15.0,18,9,26,27.0,14,47.0,8.0,25,16,36.0,23,18,26,43.0,,8,21,12,17,26,10.0,16,12,19,10,23,8,22.0,27.0,16,45.0,16.0,12.0,16.0,27,30.0,18,24,19,22.0,31.0,23.0,57.0,20.0,21,15.0,22.0,13.0,14,13,12.0,33,21,22,15.0,26.0,,29,39.0,9,13,15.0,20.0,24,16.0,27.0,18,25,15.0,8,22.0,11.0,,15,23,31.0,21,12,22,16,14,25,16,26,12,9,26,20,16.0,30.0,40,19,22,24.0,22.0,28,27,20,,18,26.0,23,14,15,11,39,41.0,11,27.0,15,4,19.0,23,9,18,32.0,47.0,20,31.0,11.0,23.0,11.0,,18,34.0,22,0,15,22.0,26,,12.0,15,39.0,9.0,56.0,23,,11,24,19,19,12,14,27,20.0,14,12.0,18,23,19,16.0,11,,39,21.0,18,55.0,21,22,35.0,2,1.0,21,28.0,22.0,26,24,13.0,13.0,12.0,20.0,9.0,20,8.0,25.0,24,,21,18,37.0,25.0,24,15.0,28,12.0,18.0,25,26,24,40.0,17,27.0,41.0,22,18.0,27,14.0,22,18,10,21.0,29.0,19,29,17,18.0,23.0,29,10,27.0,46,32.0,47.0,19.0,22.0,35.0,16.0,17.0,14.0,,23.0,16,19,32.0,12.0,25.0,13.0,34.0,21.0,45.0,16.0,24,17,22.0,20.0,16,17.0,46.0,42.0,21.0,,32.0,17,27,41.0,24.0,26.0,18.0,25,,26.0,10.0,7,25,27,35.0,48.0,14.0,24.0,8,15,15.0,20.0,12,19.0,12.0,15,34.0,21.0,24.0,33,16.0,14,32.0,22.0,25.0,12,42.0,10,28.0,15,17,22.0,16.0,15.0,12.0,29,15,23,35.0,14,23.0,21,24,14.0,21,18,11.0,17.0,10,14,20.0,14.0,33.0,25.0,14.0,18.0,28,21.0,19,28,27.0,45.0,28.0,48.0,28.0,15.0,13,10,25.0,,16.0,16.0,8.0,48.0,16,6.0,7,12.0,18.0,14.0,10.0,20,8.0,13,23.0,21.0,20.0,35,26.0,28.0,,23,24,24.0,24.0,35.0,,27.0,14.0,19.0,48.0,36.0,,,16.0,14,34,15.0,26.0,11.0,15,34,15,18,51.0,,21,9,56.0,,17,20.0,17.0,38.0,15,,,31.0,9,30.0,20.0,28.0,39.0,35.0,41.0,19,34.0,15,16.0,12,20,16,26.0,5.0,12.0,33.0,28.0,,8.0,0.0,33.0,34.0,11.0,5,23.0,,16,43.0,28.0,12.0,16.0,18,29.0,49.0,57.0,29,33,27.0,38,22.0,37.0,14.0,19.0,6,33.0,38,22,33.0,23,44.0,19,13.0,56.0,25.0,44,23,40.0,25.0,25,,7,,12,37.0,28.0,35.0,,35.0,6.0,42,20.0,31.0,29.0,56.0,45.0,36.0,18.0,27,19,29.0,16,19,18,18.0,18.0,16.0,,10.0,20.0,18,18.0,42.0,0.0,10,28.0,17.0,18.0,39.0,34.0,23,,31.0,20.0,33.0,18.0,33.0,45.0,23,13.0,,38.0,26.0,11.0,4.0,34.0,25,22.0,43.0,20.0,19.0,17,22,32.0,31.0,21,26.0,11.0,8.0,20,34.0,,13.0,15.0,16,53.0,4.0,11.0,17.0,34.0,30.0,11.0,24.0,33.0,16,31,41.0,20.0,14.0,28.0,,29.0,24.0,7.0,18.0,31.0,22,16,,29,53.0,14.0,10.0,24.0,15,11,21.0,16.0,17.0,0.0,48.0,23.0,45.0,11.0,21.0,11,11.0,,23.0,17.0,27.0,37.0,25,16.0,13.0,27.0,25,41.0,16.0,,27.0,24.0,29.0,21,25.0,18,39.0,22.0,5.0,32.0,31.0,25.0,,33.0,23.0,36.0,,,15.0,19.0,,29.0,14.0,19.0,51.0,18.0,,2,51.0,48.0,17,13.0,,24,21.0,13.0,28.0,15,15,18,25.0,12.0,,22.0,18.0,14.0,19.0,,32.0,17,10.0,21,30.0,15,21,17.0,22,31.0,11.0,22.0,,10,24.0,42.0,28.0,15.0,22.0,27.0,17,23.0,29,15.0,27.0,28.0,16,25.0,33,10,16.0,22.0,36.0,17,21.0,35.0,20,0.0,17.0,30.0,15.0,14.0,10.0,33.0,55.0,0,14.0,18.0,30.0,21.0,41.0,45.0,27.0,24.0,20,9.0,7,16.0,18.0,42.0,26.0,21,24,34.0,14.0,15.0,32.0,31.0,28.0,33.0,30.0,23.0,8,35.0,37.0,19,27,10.0,53.0,11,27.0,33.0,16,15.0,32,18,30,36.0,38.0,42.0,,19.0,28.0,30.0,,23.0,27.0,20.0,1.0,13.0,41.0,14.0,,37.0,42.0,21.0,20.0,26.0,32.0,54.0,7.0,30.0,22.0,17.0,55.0,31.0,42.0,32.0,23.0,28.0,31.0,33.0,16.0,10.0,34.0,35.0,6.0,10.0,32.0,19.0,19.0,19.0,38.0,,27.0,23,13.0,28.0,,12,30.0,,22.0,19.0,15.0,51.0,48.0,39.0,24.0,22.0,27.0,13.0,14.0,,32.0,10.0,29.0,27.0,32.0,48.0,60.0,25.0,49.0,30.0,35.0,15.0,,3.0,21,1.0,43.0,,18,12.0,33.0,0.0,45.0,22.0,38.0,38.0,27.0,18.0,20,18.0,22.0,27.0,30.0,18.0,23.0,16,34,37.0,29.0,12.0,38.0,39.0,12.0,32,18,24.0,,24.0,15.0,22.0,19.0,43.0,19.0,51.0,44.0,9.0,21.0,,21.0,42.0,34.0,11,28.0,38.0,,31.0,13.0,25,37.0,31,28.0,25,44.0,,25.0,47.0,,44.0,22.0,30.0,33.0,13.0,39.0,49.0,10,51.0,47.0,22.0,,19.0,27,46.0,41.0,33.0,7.0,23.0,,26.0,,22.0,22,29,37.0,,18.0,27.0,48.0,20.0,44.0,24.0,32,28.0,0.0,9.0,36.0,25.0,49.0,35.0,40.0,26,39.0,18.0,34.0,37,22,40.0,,,39.0,8.0,26.0,42.0,41.0,,31.0,,27.0,25.0,31.0,,22,13.0,,,25.0,,19,22.0,35.0,22,42.0,31.0,19.0,36.0,12.0,,54.0,19.0,31.0,29.0,14.0,57,21.0,41.0,12.0,14.0,28,,,21.0,10.0,13.0,,20.0,7.0,29.0,55.0,19.0,14.0,27.0,17,0,15.0,47.0,33.0,14.0,16.0,12,30,48.0,22.0,33.0,27.0,8.0,47.0,29.0,12.0,25.0,32.0,21.0,20.0,20.0,13.0,46.0,10,32,22.0,44.0,20.0,26.0,,19,57.0,60.0,19.0,28.0,40.0,4.0,16.0,37.0,13.0,40.0,46.0,,43.0,21.0,29.0,19,42.0,23.0,22,31.0,17.0,35.0,46.0,0.0,17.0,26.0,,56.0,,50.0,47.0,7.0,31.0,41.0,,,46.0,20.0,24.0,7.0,46.0,,32.0,42.0,42.0,53.0,17.0,32.0,31.0,30.0,59.0,12.0,55.0,17.0,21.0,18.0,,24.0,37.0,20.0,11.0,18.0,32.0,,50.0,19.0,43.0,21.0,28.0,52.0,48.0,35.0,5.0,51.0,40.0,44.0,,56.0,13.0,20.0,23,,29.0,24.0,,30.0,9.0,27.0,23.0,33.0,56.0,34.0,35.0,57.0,10.0,28.0,0.0,27.0,16.0,29.0,12.0,34.0,17.0,23.0,30.0,7.0,,,29.0,19.0,23.0,19.0,38.0,33.0,35.0,28.0,16.0,,30.0,,17.0,,55.0,16.0,22.0,,31.0,9,42.0,58.0,19.0,38.0,25.0,20.0,30.0,,36.0,24,7.0,21.0,60.0,58.0,18.0,27.0,25.0,39.0,27.0,27.0,25.0,,15.0,32.0,16.0,18.0,17,39.0,35.0,26.0,35.0,,18.0,11.0,20.0,34.0,,17.0,24.0,39.0,39.0,36.0,22.0,54.0,41.0,30.0,13.0,26.0,47.0,10.0,20.0,8,31,43.0,31.0,27.0,29.0,22.0,,27.0,26.0,,40.0,40.0,26.0,23.0,60.0,52.0,21.0,19.0,33.0,38.0,31.0,13.0,15.0,,40.0,33.0,,,21.0,26.0,11.0,,33.0,18.0,13.0,40.0,43.0,12.0,,,,16.0,56.0,25.0,42.0,,28.0,,23.0,15,29.0,28.0,14.0,,17,,36.0,44.0,38.0,38.0,46.0,13.0,53.0,30,24.0,17.0,8.0,46.0,2.0,18.0,,31,52.0,45.0,40.0,,13,46.0,26.0,55.0,28.0,,20.0,51.0,28.0,18.0,21.0,15.0,22.0,21.0,,,26.0,22.0,,19.0,21.0,34.0,24.0,45.0,,32,,48.0,24.0,32.0,18.0,24.0,13.0,33.0,43.0,16.0,32.0,42.0,17.0,10,16.0,55.0,31.0,36.0,47.0,29.0,21.0,54.0,34.0,47.0,23.0,39.0,28.0,16.0,42.0,39.0,39.0,25.0,38.0,34.0,59.0,22.0,38.0,41.0,30.0,,28.0,51.0,3.0,26.0,28.0,36.0,26.0,15.0,17.0,13.0,,10.0,22.0,16.0,17.0,35.0,23.0,,11.0,12.0,,36.0,24.0,51.0,38.0,30.0,23.0,49.0,,60.0,13.0,25.0,16.0,33.0,18.0,25.0,34.0,17.0,,33.0,16.0,42.0,31.0,16,16.0,,57.0,26.0,,16.0,40.0,25.0,18.0,46.0,24.0,56.0,34.0,46.0,27.0,21.0,,24.0,14.0,13.0,23.0,44.0,22.0,35.0,25.0,43.0,0.0,16.0,50.0,51.0,50.0,43.0,37.0,43.0,50.0,26.0,54.0,33.0,55.0,29.0,36.0,16.0,,18.0,11.0,31.0,33.0,33.0,16.0,42.0,,20.0,39.0,58.0,53.0,16.0,27.0,52.0,,34.0,,31.0,,27.0,,26.0,22.0,18.0,0.0,37.0,38.0,59.0,13.0,43.0,15.0,15.0,38.0,26.0,25.0,34.0,21.0,16.0,58.0,31.0,15.0,10.0,26.0,,43.0,46.0,42.0,30.0,50.0,44.0,46.0,,,9.0,,36.0,49.0,,13.0,,,15.0,33.0,49.0,6.0,30.0,,48.0,58.0,11.0,11.0,22.0,36.0,27.0,30.0,43.0,,25.0,24.0,,,36.0,25.0,27.0,9,33.0,16.0,16.0,21.0,23.0,17.0,12.0,,22.0,33.0,27,24.0,17.0,10.0,34.0,19.0,39.0,43.0,15.0,0,,47.0,36.0,35.0,31.0,,18.0,45.0,41.0,45.0,43.0,23.0,22.0,,60.0,30.0,60.0,24.0,39.0,26.0,,60.0,49.0,46.0,17.0,38.0,20.0,9.0,34.0,,15.0,48.0,16.0,55.0,,26.0,24.0,37.0,57.0,,8.0,48.0,13.0,5.0,,23.0,56.0,36.0,54.0,26.0,32.0,13.0,42.0,,50.0,41.0,60.0,,21.0,,33.0,32.0,38.0,25.0,59.0,49.0,45.0,45.0,,24.0,47.0,35.0,58.0,28.0,28.0,40.0,37.0,37.0,29.0,31.0,,,14.0,,,20.0,8.0,53.0,19.0,16.0,31.0,9.0,17.0,29.0,19.0,35.0,28.0,30.0,28.0,,30.0,7.0,25.0,47.0,,41.0,33.0,10.0,30,57.0,22.0,16.0,,10.0,31.0,16.0,28.0,,34.0,20.0,,26.0,26.0,23.0,26.0,35.0,10.0,,,50.0,46.0,36.0,23.0,,58.0,58.0,46.0,29.0,,38.0,,43.0,24.0,,49.0,,,60.0,26.0,44.0,10.0,37.0,,36.0,59.0,42.0,18.0,35.0,54.0,52.0,19.0,15.0,29.0,33.0,,33.0,,22.0,,45.0,25.0,30.0,52.0,,34.0,35.0,53.0,20.0,15.0,32.0,,16.0,31.0,,,5.0,26.0,23.0,14,18.0,28.0,15,2.0,40.0,26.0,27.0,13.0,,0.0,16.0,16.0,,,18.0,,51.0,46.0,35.0,,60.0,36.0,,35.0,,20.0,23.0,34.0,59.0,22.0,,34.0,22.0,26.0,18.0,,33.0,59.0,34.0,30.0,11.0,10.0,32.0,23.0,36.0,46.0,,,16.0,5.0,49.0,32.0,,,,11.0,0.0,24.0,28.0,,43.0,23.0,,23.0,,57.0,49.0,54.0,22.0,38.0,,,3.0,12.0,47.0,53.0,54.0,20.0,56.0,31.0,25.0,29.0,17.0,22.0,29.0,,,59.0,14.0,41.0,28.0,24.0,39.0,,53.0,11.0,22.0,29.0,37.0,30.0,24.0,32.0,7.0,22.0,23.0,19.0,60.0,,15.0,24.0,23.0,26.0,,13.0,19.0,31.0,15.0,,11.0,,27.0,53.0,,14.0,30.0,45.0,,40.0,19.0,39.0,57.0,39.0,29.0,21.0,19.0,,14.0,30.0,,41.0,41.0,46.0,41.0,42.0,0.0,52.0,51.0,31.0,25.0,,28.0,52.0,26.0,24.0,35.0,25.0,,37.0,46.0,,52.0,,26.0,,,,27.0,,46.0,33.0,,37.0,40.0,,27.0,60.0,21.0,15.0,,24.0,10.0,41.0,24.0,57.0,34.0,17.0,39.0,43.0,11.0,12.0,,57.0,14.0,14.0,49.0,17.0,11.0,49.0,,32.0,24.0,6.0,28.0,,23.0,31.0,31.0,35.0,25.0,45.0,,23.0,17.0,21.0,36.0,22.0,36.0,34.0,,,,45.0,42.0,32.0,,,20.0,24.0,49.0,11.0,19.0,30.0,33.0,46.0,33.0,30.0,44.0,27.0,37.0,33.0,40.0,31.0,,32.0,28.0,14.0,41.0,,17.0,,20.0,40.0,37.0,20.0,55.0,27.0,22.0,50.0,50.0,43.0,49.0,17.0,11.0,42.0,12.0,,46.0,6.0,8.0,7.0,,,26.0,,31.0,,26.0,10.0,56.0,25.0,26.0,17.0,43.0,26.0,,22.0,42.0,25.0,26.0,48.0,17.0,28.0,17.0,,20.0,23.0,21.0,13.0,44.0,26.0,36.0,46.0,,15.0,29.0,37.0,42.0,,,,51.0,46.0,16.0,16.0,37.0,15.0,40.0,38.0,31.0,44.0,14.0,28.0,43.0,24.0,22.0,15.0,27.0,28.0,27.0,60.0,27.0,,,22.0,25.0,33.0,25.0,54.0,24.0,9.0,,20.0,8.0,58.0,29.0,22.0,27.0,40.0,,47.0,59.0,27.0,34.0,35.0,12.0,2.0,46.0,21.0,59.0,12.0,53.0,43.0,49.0,39.0,14.0,23.0,14.0,13.0,,,,25.0,38.0,15.0,32.0,54.0,29.0,35.0,4.0,,47.0,28.0,14.0,,38.0,,,,58.0,,37.0,30.0,,26.0,17.0,20.0,,,43.0,18.0,,23.0,43.0,29.0,19.0,,21.0,20.0,,39.0,,20.0,24.0,25.0,45.0,,48.0,,28.0,33.0,43.0,35.0,46.0,,9.0,27.0,,18.0,36.0,39.0,26.0,31.0,,35.0,,60.0,,,47.0,34.0,,41.0,44.0,,35.0,38.0,47.0,27.0,,,47.0,36.0,38.0,44.0,29.0,26.0,25.0,38.0,,14.0,43.0,43.0,,34.0,36.0,50.0,25.0,47.0,22.0,23.0,23.0,23.0,45.0,52.0,,,56.0,,,59.0,32.0,54.0,31.0,,27.0,40.0,27.0,32.0,20.0,40.0,17.0,45.0,,41.0,8.0,4.0,,,,,34.0,51.0,35.0,41.0,,32.0,37.0,18.0,51.0,36.0,34.0,,59.0,46.0,,18.0,42.0,10.0,42.0,60.0,58.0,46.0,,27.0,,44.0,34.0,,16.0,0.0,,,46.0,57.0,11.0,,41.0,19.0,28.0,18.0,15.0,,23.0,48.0,18.0,7.0,,0.0,39.0,33.0,31.0,,59.0,44.0,58.0,34.0,28.0,23.0,17.0,,20.0,37.0,24.0,28.0,47.0,19.0,47.0,,34.0,,20.0,46.0,,33.0,,19.0,24.0,31.0,34.0,,24.0,27.0,32.0,44.0,57.0,33.0,32.0,13.0,21.0,28.0,15.0,15.0,,60.0,16.0,17.0,23.0,40.0,,23.0,,24.0,20.0,,13.0,35.0,42.0,46.0,35.0,13.0,53.0,1.0,,50.0,43.0,23.0,17.0,21.0,54.0,29.0,21.0,31.0,23.0,22.0,45.0,40.0,50.0,10.0,,35.0,16.0,,46.0,50.0,27.0,26.0,32.0,,,,11.0,,,42.0,47.0,,,26.0,49.0,53.0,20.0,19.0,,,37.0,32.0,25.0,,11.0,,24.0,58.0,,30.0,38.0,27.0,26.0,55.0,14.0,22.0,,19.0,,0.0,17.0,29.0,18.0,30.0,,,22.0,22.0,32.0,24.0,33.0,50.0,49.0,10.0,28.0,,38.0,22.0,,,48.0,28.0,12.0,,41.0,,57.0,17.0,38.0,0.0,,18.0,44.0,48.0,48.0,13.0,14.0,,54.0,51.0,9.0,25.0,,25.0,10.0,,,,51.0,,33.0,33.0,,38.0,10.0,13.0,54.0,,30.0,28.0,18.0,16.0,,26.0,,32.0,15.0,,,,28.0,13.0,,43.0,28.0,33.0,31.0,54.0,,15.0,39.0,7.0,,23.0,34.0,,,25.0,32.0,,33.0,,17.0,59.0,24.0,26.0,45.0,18.0,,44.0,30.0,52.0,38.0,,,34.0,37.0,41.0,25.0,15.0,35.0,,60.0,42.0,53.0,,20.0,0.0,,41.0,37.0,,,36.0,36.0,53.0,33.0,56.0,22.0,45.0,,40.0,26.0,30.0,29.0,35.0,,,54.0,,18.0,13.0,28.0,27.0,28.0,57.0,57.0,55.0,38.0,19.0,46.0,34.0,49.0,30.0,21.0,33.0,40.0,,48.0,,30.0,,29.0,25.0,18.0,,,,37.0,43.0,21.0,29.0,57.0,44.0,16.0,53.0,28.0,,18.0,,15.0,,,54.0,31.0,,58.0,,19.0,54.0,19.0,42.0,59.0,22.0,25.0,47.0,,38.0,28.0,,,,,32.0,9.0,45.0,43.0,28.0,7.0,12.0,9.0,35.0,49.0,,16.0,36.0,15.0,,26.0,6.0,50.0,,20.0,,41.0,,51.0,10.0,,49.0,36.0,16.0,,13.0,5.0,44.0,42.0,31.0,31.0,,,23.0,47.0,29.0,37.0,44.0,45.0,54.0,0.0,,,24.0,,1.0,,42.0,35.0,27.0,47.0,37.0,29.0,,40.0,41.0,31.0,7.0,,41.0,,60.0,15.0,,19.0,,35.0,34.0,49.0,22.0,19.0,17.0,,38.0,,33.0,21.0,26.0,35.0,42.0,,,20.0,50.0,45.0,12.0,33.0,14.0,,46.0,31.0,10.0,32.0,16.0,17.0,21.0,36.0,57.0,26.0,,0.0,20.0,34.0,,24.0,,25.0,29.0,52.0,42.0,30.0,,38.0,9.0,16.0,20.0,53.0,21.0,45.0,18.0,,,38.0,24.0,40.0,43.0,43.0,,6.0,45.0,18.0,33.0,45.0,,48.0,55.0,30.0,54.0,,9.0,47.0,27.0,60.0,35.0,44.0,26.0,11.0,47.0,37.0,4.0,34.0,54.0,36.0,,,,,0.0,50.0,13.0,,49.0,23.0,43.0,13.0,,38.0,14.0,49.0,,39.0,41.0,8.0,50.0,,52.0,15.0,11.0,0.0,47.0,32.0,15.0,58.0,28.0,14.0,0.0,,52.0,,,30.0,40.0,53.0,,12.0,20.0,60.0,17.0,58.0,39.0,25.0,,,0.0,193,3,2.551048951048951,17.90593220338983,-0.3718121246294954
7,6,7,9,6,9,8,9,7,5,8,14,3,8,8,9,16,15,31,30,9,14,17,15,9,9,10,9,5,11,16,16,10,11,5,14,22,17,15,7,14,15.0,0,23,10,9,16,17,8,15,14,13,12,9,11,28,12,13,9,14,10,10,14,5,38.0,15,17,10,8,16,20,11,21,17,19,7,20,8,18,0,21,18,10,14,22,15,9,15,23,17,14,4,13,15,13,18,12,9,13,19,23,19,19,14,16,23,9,16,18,13,12,,17,29,23.0,19,17,15,13,23,8,24,22,14,11,21,16,14.0,15,13,22,15,14.0,15,8,47.0,12,22,8,11,21,11,29,28,24.0,20.0,28,52.0,13,16,10,12,24.0,15,17,18,22,52.0,29,20,25,17,22,29,20,10.0,20,19,26,19,12,18.0,9,31,16,20,14,19.0,0,27.0,22,16,15,21,25,29.0,24.0,25,22,31.0,53.0,18,42,16,22,21,8,11,24.0,13,16,,15,16,21,10,14.0,24,19,47,15,30.0,13,28,21,22,15,18,15,25.0,25.0,9,21,14,29.0,13,21,10,33.0,7,15.0,28.0,29,19,,8,17,23,8.0,32.0,11,0,18,21,10,23.0,30,17,21,20,15,23,21.0,31.0,19,18.0,33.0,13.0,42.0,22,22.0,8,21,32,8.0,15.0,15.0,26.0,21.0,25,22.0,29.0,20.0,19,14,39.0,12,30,28,30.0,11.0,33.0,27,19.0,22,12,9.0,29.0,3,13.0,28.0,13,37,14.0,27,17.0,25.0,31.0,4,1,20.0,23,17,0,23,17,22,11,21,19,15,16,13,36.0,27.0,42,26,18,26.0,21.0,8,19,17,43.0,20,32.0,18,19,20,8,22,13.0,15,28.0,21,22,5.0,23,13,12,,42.0,21,56.0,24.0,18.0,19.0,23.0,18,14.0,31,28,16,42.0,16,14.0,26.0,14,16.0,11.0,24.0,19,28.0,10,22,22,20,8,23,20,30.0,18,60.0,18,25,24,26.0,23,56.0,11,52.0,29,16.0,12,21,22.0,21,14.0,16,12.0,13.0,12,23,46.0,28.0,14.0,18.0,22.0,13,34.0,25.0,36,,25,10,16.0,29.0,18,29.0,16,39.0,29.0,26,26,11,26.0,19,18.0,56.0,20,56.0,21,17.0,2,8,14,21.0,26.0,18,27,3,21.0,26.0,19,16,25.0,10,16.0,27.0,11.0,47.0,,19.0,20.0,8.0,35.0,28.0,14,33,22.0,14.0,8.0,29.0,23.0,39.0,26.0,17.0,15,13,,19.0,19,45.0,22.0,35.0,30.0,17.0,29.0,20,37,,22.0,27.0,27.0,37,34.0,32.0,20.0,12,3,29,21.0,28.0,19.0,20.0,17,16,21.0,44.0,32,21.0,25.0,40,59.0,9.0,24.0,17,38.0,31,21.0,17.0,24.0,30,36.0,21,34.0,21,17,25.0,22.0,27.0,28.0,23,22,17,27.0,19,22.0,17,30,21.0,31,32,13.0,21.0,54,34,12.0,14.0,50.0,28.0,25.0,13.0,19,41.0,9,32,15.0,,26.0,19.0,30.0,23.0,19,13,28.0,27.0,20.0,43.0,13.0,57.0,13,9.0,21,46.0,46.0,16.0,,14,13.0,14,15.0,24.0,45.0,17,41.0,46.0,22.0,20,18,,33.0,40.0,33.0,33.0,17.0,29.0,23.0,57.0,52.0,34.0,18.0,18,9,12.0,33.0,38.0,18,21,23,19,15.0,42.0,22,47,25.0,11.0,24,20.0,20.0,27.0,53,32.0,,56.0,16,33.0,26.0,47.0,28.0,35.0,53.0,19,19.0,16,22.0,15,38,26,40.0,,18.0,,39.0,,26.0,,14.0,20.0,34.0,15,45.0,27.0,35,10.0,16.0,19.0,58.0,16,9.0,24.0,23.0,30,15,36.0,11,19.0,27.0,31.0,17.0,32,28.0,17,13,16.0,20,23.0,13,,45.0,23.0,16,20,30.0,24.0,17,15.0,28,58.0,17,,17.0,12.0,,20.0,25.0,22,20.0,22.0,30.0,9.0,10.0,11.0,38.0,22,23,31.0,19,20,18,16.0,34.0,43.0,31.0,,19.0,32,20.0,20.0,45.0,45,12.0,,27.0,52.0,27.0,25,14.0,34.0,19.0,27.0,26.0,22.0,21.0,17,26.0,30.0,16.0,51.0,28.0,25.0,44.0,16,25.0,54.0,26.0,14.0,17,16,29.0,13.0,27,52.0,,29.0,12,24.0,49.0,14.0,16.0,19,48.0,31.0,19.0,32.0,25.0,32.0,25.0,20.0,,20,33,13.0,,33.0,19.0,30.0,21.0,27.0,39.0,22.0,30.0,18,2,40.0,18,,15.0,31.0,31.0,21,10,25.0,24.0,13.0,21.0,,22.0,,,13.0,21,12.0,43.0,30.0,35.0,32.0,43.0,6,27.0,29.0,33.0,26,14.0,8.0,20.0,48.0,18.0,25.0,26,27.0,34,26.0,13.0,10.0,57.0,39.0,,38.0,49.0,34.0,29.0,,57.0,40.0,23.0,56.0,22.0,,46.0,,24.0,,23,37.0,15.0,24,,33.0,19,43.0,31.0,18.0,30,8,20,26.0,0.0,23.0,23.0,11.0,35.0,4.0,,20.0,33,20.0,18,24.0,27,45,21.0,15,,46.0,9.0,13.0,39,33.0,19.0,,19.0,37.0,27.0,27,14.0,33,14.0,19.0,31.0,33,46.0,23,26,18.0,39.0,18.0,0,27.0,39.0,24,24.0,25.0,11.0,3.0,18.0,28.0,53.0,44.0,0,34.0,27.0,44.0,,33.0,,23.0,38.0,23,23.0,20,41.0,13.0,11.0,25.0,30,18,46.0,54.0,23.0,32.0,45.0,0.0,35.0,31.0,13.0,35,29.0,12.0,34,15,34.0,18.0,17,36.0,,34,12.0,16,29,19,28.0,22.0,37.0,,19.0,48.0,13.0,,29.0,31.0,25.0,18.0,53.0,30.0,32.0,48.0,12.0,29.0,0.0,23.0,32.0,35.0,,55.0,22.0,43.0,,39.0,12.0,24.0,17.0,33.0,21.0,0.0,12.0,41.0,24.0,39.0,,14.0,26.0,20.0,34.0,26.0,35.0,,38.0,32.0,27,33.0,40.0,15.0,17,34.0,20.0,16.0,12.0,20.0,24.0,35.0,8.0,43.0,20.0,36.0,26.0,19.0,,32.0,20.0,42.0,23.0,29.0,31.0,31.0,26.0,51.0,45.0,,1.0,,25.0,17,33.0,21.0,40.0,18,33.0,33.0,54.0,18.0,24.0,25.0,29.0,36.0,21.0,19,26.0,48.0,2.0,46.0,,21.0,21,22,16.0,31.0,53.0,29.0,,45.0,26,20,50.0,19.0,,17.0,,22.0,53.0,31.0,42.0,,32.0,25.0,43.0,45.0,55.0,,19,38.0,40.0,14.0,26.0,16.0,31,48.0,36,21.0,41,33.0,,42.0,,,33.0,17.0,33.0,25.0,12.0,43.0,25.0,21,28.0,19.0,23.0,11.0,49.0,24,34.0,11.0,25.0,31.0,21.0,,27.0,5.0,34.0,22,12,30.0,48.0,18.0,18.0,21.0,26.0,18.0,25.0,10,10.0,,18.0,0.0,56.0,11.0,18.0,14.0,18,26.0,23.0,4.0,17,45,,,,32.0,18.0,20.0,27.0,26.0,49.0,26.0,25.0,24.0,34.0,17.0,,21,31.0,41.0,53.0,30.0,28.0,18,29.0,50.0,42,57.0,23.0,49.0,38.0,27.0,25.0,17.0,27.0,28.0,41.0,15.0,11,27.0,34.0,,14.0,19,32.0,32.0,40.0,18.0,11.0,,27.0,13.0,32.0,22.0,28.0,26.0,50.0,22,31,32.0,30.0,17.0,8.0,23.0,27,25,28.0,31.0,31.0,53.0,,18.0,33.0,31.0,29.0,40.0,23.0,18.0,18.0,18.0,17.0,39,24,3.0,37.0,5.0,9.0,,30,22.0,46.0,53.0,41.0,29.0,45.0,,51.0,59.0,24.0,23.0,34.0,34.0,23.0,,23,28.0,19.0,7,,,27.0,18.0,28.0,24.0,37.0,33.0,54.0,37.0,55.0,39.0,18.0,22.0,46.0,,19.0,13.0,28.0,33.0,10.0,52.0,,26.0,,18.0,36.0,22.0,26.0,,20.0,7.0,,18.0,38.0,24.0,29.0,18.0,15.0,18.0,25.0,30.0,39.0,60.0,17.0,38.0,44.0,58.0,40.0,16.0,29.0,23.0,28.0,43.0,39.0,24.0,44.0,28.0,,28.0,31.0,25,40.0,18.0,,45.0,,,16.0,,17.0,26.0,17.0,23.0,,16.0,21.0,16.0,22.0,38.0,60.0,27.0,34.0,,19.0,27.0,50.0,37.0,37.0,10.0,26.0,58.0,32.0,42.0,26.0,32.0,34.0,40.0,52.0,48.0,13.0,38.0,23.0,40.0,0.0,41.0,27.0,31.0,15,25.0,,42.0,40.0,,,33.0,24.0,28.0,31,54.0,,,,,22.0,18.0,41.0,23.0,48.0,46.0,27.0,28.0,40.0,9.0,30.0,16,26.0,37.0,36.0,25.0,36.0,15.0,19.0,23.0,10.0,32.0,56.0,16.0,19.0,,32.0,23.0,56.0,,32.0,18.0,49.0,10.0,30.0,52.0,19,28,12.0,46.0,29.0,26.0,29.0,60.0,20.0,13.0,,11.0,,0.0,17.0,59.0,,32.0,55.0,21.0,41.0,37.0,17.0,,59.0,34.0,27.0,12.0,52.0,52.0,23.0,14.0,39.0,,11.0,,19.0,36.0,54.0,43.0,12.0,27.0,,55.0,60.0,40.0,29.0,55.0,33.0,20.0,32,10.0,20.0,31.0,52.0,22,28.0,30.0,,33.0,30.0,55.0,18.0,,21,,16.0,22.0,0.0,,16.0,31.0,0,23.0,,42.0,,52,,,55.0,53.0,48.0,47.0,20.0,9.0,19.0,26.0,32.0,,14.0,34.0,,22.0,40.0,14.0,,,30.0,35.0,12.0,,41,12.0,53.0,46.0,28.0,36.0,33.0,41.0,50.0,,39.0,21.0,36.0,19.0,26,26.0,29.0,30.0,35.0,4.0,17.0,32.0,48.0,,44.0,39.0,18.0,9.0,33.0,,32.0,,27.0,13.0,40.0,28.0,,57.0,14.0,19.0,13.0,23.0,25.0,,41.0,25.0,16.0,36.0,33.0,,,,,18.0,53.0,41.0,16.0,,29.0,30.0,30.0,,14.0,42.0,38.0,,33.0,57.0,38.0,56.0,29.0,33.0,23.0,46.0,37.0,33.0,40.0,26.0,57.0,,39.0,31.0,31.0,31.0,42,10.0,,17.0,33.0,35.0,,52.0,25.0,23.0,9.0,59.0,25.0,38.0,56.0,21.0,,31.0,27.0,55.0,18.0,25.0,48.0,43.0,59.0,60.0,32.0,18.0,,48.0,60.0,41.0,21.0,34.0,27.0,52.0,35.0,13.0,35.0,44.0,,60.0,17.0,33.0,17.0,54.0,37.0,30.0,42.0,17.0,,,31.0,,,58.0,60.0,47.0,,42.0,,44.0,39.0,10.0,3.0,,30.0,4.0,12.0,30.0,,15.0,,16.0,28.0,38.0,51.0,56.0,18.0,41.0,,28.0,25.0,,13.0,19.0,,,,,14.0,22.0,24.0,37.0,44.0,48.0,43.0,,17.0,,,48.0,27.0,23.0,24.0,,22.0,11.0,17.0,47.0,18.0,,55.0,34.0,30.0,20.0,24.0,0.0,50.0,33.0,34.0,20.0,13.0,,38.0,48.0,33.0,,42.0,33,41.0,,,22.0,41.0,25.0,42.0,32.0,25.0,,9,16.0,25.0,24.0,32.0,48.0,26.0,31.0,,23,31.0,15.0,28.0,16.0,21.0,35.0,,,,60.0,57.0,22.0,44.0,,54.0,8.0,10.0,32.0,49.0,43.0,22.0,25.0,38.0,57.0,27.0,32.0,17.0,57.0,43.0,26.0,39.0,31.0,32.0,30.0,25.0,,11.0,,,,25.0,44.0,26.0,26.0,28.0,,56.0,,50.0,,37.0,40.0,21.0,,38.0,23.0,23.0,38.0,13.0,10.0,21.0,28.0,56.0,18.0,58.0,40.0,31.0,34.0,18.0,59.0,17.0,4.0,19.0,46.0,44.0,31.0,26.0,15.0,19.0,,37.0,0.0,35.0,9.0,24.0,52.0,36.0,,44.0,31.0,20.0,22.0,23.0,,44.0,,11.0,10.0,24.0,31.0,14.0,10.0,,34.0,18.0,50.0,14.0,14.0,27,43.0,44.0,21.0,40.0,6.0,16.0,49.0,,21.0,32.0,,54.0,41.0,19.0,28.0,46.0,,11.0,45.0,23.0,27.0,0.0,6.0,21.0,47.0,40.0,15.0,23.0,39.0,27.0,14.0,33.0,24.0,24.0,,32.0,25.0,36.0,30.0,37.0,22.0,43.0,8.0,13.0,,,3.0,,60.0,11.0,28.0,40.0,22.0,,,0.0,31.0,40.0,42.0,18.0,37.0,32.0,48.0,53.0,53.0,32.0,21.0,12.0,,51.0,55.0,19.0,39.0,41.0,,,,,9.0,28,14.0,,17,26.0,,15.0,41.0,15.0,33.0,,35.0,2.0,,19.0,34.0,,32.0,42.0,45.0,43.0,,25.0,53.0,34.0,27.0,45.0,33.0,0.0,,59.0,45.0,26.0,29.0,34.0,32.0,,24.0,26.0,,49.0,21.0,21.0,13.0,42.0,27.0,,38.0,42.0,18.0,16.0,28.0,56.0,58.0,34.0,36.0,25.0,55.0,29.0,15.0,,35.0,16.0,,19.0,12.0,37.0,26.0,11.0,20.0,27.0,23.0,,27.0,,34.0,,40.0,20.0,45.0,,27.0,26.0,24.0,,,28.0,,24.0,21.0,,,21.0,,44.0,30.0,,22.0,,56.0,27.0,48.0,22.0,6.0,38.0,,30.0,17.0,35.0,44.0,,9.0,28.0,26.0,32.0,,12.0,,49.0,52.0,30.0,26.0,24.0,46.0,48.0,11.0,20.0,48.0,44.0,35.0,13.0,19.0,27.0,27.0,57.0,51.0,25.0,,35.0,41.0,33.0,,36.0,13.0,37.0,16.0,,41.0,30.0,50.0,,25.0,24.0,,41.0,60.0,,25.0,,50.0,30.0,50.0,26.0,,39.0,,48.0,19.0,,54.0,44.0,14.0,23.0,19.0,50.0,,21.0,27.0,23.0,39.0,,25.0,10.0,51.0,51.0,53.0,25.0,29.0,16.0,25.0,,53.0,41.0,18.0,16.0,18.0,25.0,45.0,27.0,24.0,59.0,25.0,29.0,17.0,,,57.0,23.0,30.0,58.0,15.0,31.0,,,34.0,59.0,17.0,9.0,47.0,37.0,25.0,34.0,58.0,,,43.0,24.0,26.0,23.0,40.0,,31.0,,23.0,22.0,59.0,41.0,37.0,22.0,21.0,51.0,58.0,27.0,,,39.0,,,9.0,39.0,21.0,21.0,52.0,41.0,16.0,59.0,36.0,35.0,52.0,,46.0,28.0,39.0,18.0,33.0,39.0,26.0,34.0,,,32.0,,,36.0,,19.0,40.0,0.0,,54.0,29.0,,28.0,40.0,9.0,52.0,22.0,39.0,35.0,46.0,,16.0,,44.0,27.0,,27.0,40.0,12.0,60.0,,40.0,,32.0,37.0,18.0,,23.0,,35.0,33.0,38.0,34.0,,35.0,25.0,24.0,,,59.0,31.0,21.0,25.0,23.0,,60.0,56.0,51.0,14.0,27.0,43.0,15.0,38.0,24.0,33.0,17.0,56.0,37.0,51.0,15.0,16.0,,,26.0,0.0,,55.0,23.0,28.0,37.0,19.0,59.0,,,13.0,11.0,12.0,41.0,0.0,42.0,16.0,21.0,28.0,46.0,43.0,27.0,,24.0,35.0,59.0,53.0,,49.0,16.0,14.0,60.0,18.0,,19.0,,52.0,12.0,28.0,20.0,20.0,0.0,38.0,7.0,25.0,49.0,,47.0,29.0,45.0,32.0,,7.0,,18.0,18.0,,27.0,17.0,35.0,40.0,38.0,,4.0,,49.0,20.0,38.0,,37.0,40.0,,30.0,24.0,,,,28.0,42.0,,24.0,42.0,48.0,53.0,56.0,28.0,60.0,15.0,25.0,40.0,50.0,17.0,40.0,44.0,,9.0,,38.0,31.0,52.0,37.0,45.0,43.0,16.0,26.0,,,,17.0,,0.0,31.0,46.0,,59.0,34.0,56.0,47.0,47.0,48.0,,56.0,58.0,58.0,56.0,,54.0,55.0,26.0,52.0,24.0,,,,12.0,36.0,45.0,46.0,,57.0,,42.0,21.0,41.0,,,,28.0,47.0,,51.0,,18.0,21.0,,37.0,,16.0,42.0,12.0,19.0,55.0,53.0,26.0,19.0,42.0,13.0,25.0,52.0,,46.0,53.0,29.0,,29.0,,45.0,21.0,32.0,16.0,21.0,30.0,,,23.0,32.0,28.0,24.0,11.0,43.0,28.0,33.0,35.0,27.0,,20.0,,35.0,25.0,45.0,49.0,36.0,38.0,23.0,32.0,,,16.0,22.0,15.0,,22.0,26.0,,,6.0,,9.0,,20.0,27.0,18.0,,33.0,18.0,58.0,46.0,56.0,35.0,,,,19.0,45.0,20.0,27.0,27.0,49.0,13.0,49.0,40.0,,25.0,,20.0,41.0,24.0,44.0,32.0,29.0,47.0,19.0,53.0,,28.0,,28.0,12.0,30.0,16.0,20.0,60.0,26.0,,,56.0,,37.0,1.0,23.0,28.0,49.0,21.0,24.0,26.0,,34.0,,,48.0,21.0,,11.0,11.0,31.0,48.0,11.0,,16.0,28.0,42.0,,57.0,18.0,42.0,,45.0,19.0,32.0,,,23.0,21.0,46.0,32.0,56.0,26.0,23.0,18.0,35.0,37.0,19.0,34.0,35.0,42.0,,35.0,19.0,22.0,,9.0,,15.0,,24.0,50.0,13.0,39.0,14.0,11.0,44.0,35.0,47.0,,,35.0,14.0,,40.0,,47.0,,26.0,46.0,29.0,,,35.0,20.0,18.0,36.0,26.0,30.0,32.0,,,,39.0,37.0,40.0,,20.0,44.0,42.0,,32.0,36.0,43.0,44.0,15.0,21.0,55.0,,,14.0,12.0,,,20.0,29.0,20.0,42.0,17.0,,20.0,9.0,,56.0,9.0,19.0,53.0,49.0,13.0,48.0,,,32.0,41.0,36.0,39.0,38.0,33.0,34.0,51.0,34.0,47.0,30.0,,52.0,27.0,18.0,20.0,43.0,,44.0,27.0,42.0,,,51.0,23.0,,14.0,,59.0,46.0,27.0,21.0,21.0,46.0,21.0,0.0,,46.0,25.0,56.0,56.0,41.0,35.0,,51.0,,36.0,52.0,27.0,,46.0,,22.0,19.0,30.0,34.0,55.0,0.0,60.0,,31.0,38.0,30.0,10.0,51.0,27.0,11.0,56.0,,37.0,35.0,51.0,,48.0,15.0,,,18.0,40.0,19.0,35.0,17.0,43.0,36.0,28.0,59.0,,23.0,20.0,14.0,42.0,31.0,30.0,24.0,,39.0,28.0,17.0,19.0,9.0,48.0,45.0,35.0,26.0,30.0,,36.0,,46.0,25.0,10.0,26.0,,,19.0,54.0,,,,29.0,,,22.0,41.0,,,,36.0,23.0,24.0,9.0,40.0,40.0,31.0,,27.0,37.0,36.0,60.0,21.0,,,17.0,,,8.0,39.0,26.0,21.0,15.0,28.0,,34.0,32.0,,,47.0,25.0,45.0,15.0,37.0,45.0,5.0,42.0,42.0,30.0,54.0,50.0,24.0,37.0,15.0,13.0,43.0,,,42.0,,38.0,,25.0,21.0,48.0,13.0,13.0,40.0,0.0,21.0,55.0,42.0,29.0,25.0,24.0,33.0,,,,52.0,29.0,26.0,39.0,43.0,32.0,40.0,55.0,51.0,40.0,39.0,,50.0,,,13.0,17.0,21.0,22.0,46.0,59.0,,39.0,20.0,,19.0,27.0,42.0,,23.0,44.0,14.0,59.0,,20.0,49.0,41.0,34.0,41.0,25.0,,19.0,50.0,,5.0,44.0,,31.0,15.0,,,,43.0,16.0,40.0,,39.0,49.0,37.0,29.0,46.0,24.0,47.0,47.0,,15.0,38.0,,38.0,31.0,40.0,,34.0,38.0,,28.0,53.0,18.0,44.0,,44.0,40.0,0.0,24.0,38.0,43.0,31.0,59.0,26.0,,,,12.0,24.0,54.0,48.0,12.0,4.0,4.0,,54.0,59.0,59.0,18.0,60.0,,20.0,38.0,,,,40.0,,55.0,31.0,,19.0,60.0,,32.0,,24.0,28.0,50.0,24.0,14.0,,38.0,24.0,25.0,14.0,,10.0,,,23.0,48.0,,,51.0,,29.0,,,60.0,19.0,20.0,33.0,49.0,14.0,33.0,194,3,2.415426251691475,17.977898966704938,-0.327740959070758
4,4,7,14,6,3,9,15,2,8,8,9,7,7,16,9,12,14,15,23,11,11,12,11,10,16,15,7,9,8,10,9,14,13,10,13,25,12,10,10,22,,10,23,15,12,15,11,10,26,12,10,12,8,13,16,13,14,10,11,10,17,22,11,14.0,14,13,27,6,13,12,8,9,9,13,9,14,20,18,10,18,9,8,6,11,13,11,13,26,8,17,10,27,15,19,14,14,13,20,10,16,30,14,11,13,18,12,15,9,15,18,,23,13,26.0,19,19,13,7,25,8,23,11,15,16,15,8,15.0,16,11,8,16,46.0,14,16,17.0,25,11,22,14,17,16,16,6,27.0,11.0,15,26.0,16,13,12,17,46.0,13,11,22,23,20.0,15,12,20,17,16,27,22,19.0,13,22,13,17,15,49.0,11,24,15,26,15,16.0,21,36.0,20,14,12,12,7,61.0,23.0,24,26,15.0,23.0,14,10,11,14,34,15,16,24.0,16,21,31.0,6,19,12,7,39.0,40,10,14,24,21.0,18,13,29,24,10,11,10,24.0,34.0,19,12,11,43.0,23,20,0,61.0,6,27.0,15.0,16,23,,5,32,13,13.0,24.0,0,6,9,21,18,,15,13,17,28,16,20,24.0,35.0,15,,38.0,21.0,20.0,13,,14,38,20,49.0,24.0,35.0,46.0,20.0,8,19.0,11.0,18.0,20,45,17.0,13,10,5,22.0,10.0,29.0,21,45.0,17,21,28.0,21.0,21,,28.0,14,16,24.0,10,18.0,12.0,51.0,21,0,27.0,12,17,5,29,14,15,22,27,10,28,21,22,53.0,9.0,23,14,2,31.0,37.0,11,28,19,15.0,15,40.0,1,13,26,19,9,20.0,15,21.0,12,20,22.0,21,14,13,13.0,49.0,10,29.0,,,16.0,42.0,17,30.0,28,26,19,38.0,16,41.0,58.0,14,47.0,17.0,16.0,14,28.0,23,18,24,18,22,24,26,13.0,23,12.0,23,23,13,46.0,18,,17,24.0,18,18.0,22,25,21.0,25,10.0,25,,30.0,20,17,13.0,14.0,17.0,14.0,,27,0.0,16.0,34,41.0,22,18,10.0,25.0,21,30.0,57,50.0,,32,18,35,29.0,16,14.0,,36,43.0,44,,24,10,20,21.0,60.0,21,19,31,34.0,9.0,17,23,58.0,14,21.0,32.0,,,28.0,35.0,1.0,29.0,,23.0,19,25,25.0,18.0,47.0,46.0,48.0,23.0,,21.0,16,21,29.0,38.0,4,25.0,28.0,40.0,32.0,42.0,39.0,19,38,,17.0,31.0,26.0,35,43.0,40.0,28.0,16,18,29,47.0,54.0,23.0,34.0,24,14,24.0,31.0,35,28.0,46.0,19,49.0,20.0,30.0,22,32.0,12,29.0,,32.0,28,7.0,18,18.0,20,21,56.0,31.0,18.0,45.0,20,26,20,33.0,38,34.0,21,16,47.0,48,15,33.0,22.0,22,10,25.0,11.0,46.0,11.0,48.0,11.0,26,37.0,17,23,15.0,25.0,41.0,34.0,,53.0,11,15,22.0,42.0,45.0,23.0,16.0,0.0,5,5.0,28,9.0,36.0,36.0,14.0,22,,42,35.0,41.0,15.0,29,39.0,37.0,17.0,27,20,12.0,22.0,23.0,18.0,18.0,24.0,30.0,16.0,26.0,,46.0,22.0,16,28,34.0,29.0,,14,24,21,21,42.0,22.0,9,23,28.0,21.0,17,24.0,19.0,,23,18.0,,41.0,14,29.0,16.0,26.0,60.0,41.0,17.0,9,0.0,13,11.0,15,15,22,27.0,22.0,17.0,,36.0,58.0,22.0,36.0,25.0,39.0,24.0,16,30.0,41.0,33,11.0,17.0,19.0,25.0,12,25.0,43.0,26.0,22,17,,15,36.0,34.0,11.0,47.0,6,38.0,17,19,13.0,15,40.0,11,3.0,61.0,15.0,27,19,,58.0,34,,40,12.0,14,28.0,25.0,13.0,26.0,48.0,29.0,23,14.0,29.0,49.0,40.0,15.0,32.0,28.0,19,12,24.0,8,33,18,22.0,27.0,23.0,,10.0,14.0,28,18.0,38.0,46.0,14,27.0,,25.0,,15.0,26,57.0,39.0,11.0,,17.0,7.0,29.0,15,,51.0,17.0,34.0,0.0,21.0,24.0,17,23.0,17.0,28.0,0.0,17,15,56.0,41.0,15,46.0,41.0,43.0,6,19.0,5.0,40.0,61.0,6,15.0,32.0,23.0,17.0,37.0,17.0,27.0,22.0,37.0,8,31,44.0,25.0,50.0,44.0,47.0,16.0,47.0,33.0,,,15,14,45.0,24,20.0,18.0,29.0,35.0,18,28,14.0,20.0,18.0,19.0,10.0,59.0,26.0,24.0,41.0,30,26.0,17.0,34.0,29.0,25.0,31.0,22,24.0,14.0,20.0,38,25.0,24.0,12.0,32.0,28.0,12.0,13,39.0,30,43.0,6.0,16.0,37.0,39.0,,40.0,26.0,19.0,22.0,24.0,,37.0,,18.0,14.0,22.0,36.0,10.0,11.0,20.0,27,12.0,25.0,17,40.0,45.0,24,13.0,17.0,49.0,29,24,9,32.0,43.0,33.0,33.0,15.0,20.0,16.0,,19.0,18,15.0,21,20.0,5,35,10.0,23,13.0,,24.0,9.0,32,16.0,29.0,12.0,33.0,35.0,38.0,6,14.0,49,38.0,14.0,36.0,31,36.0,30,51,16.0,16.0,,16,30.0,42.0,22,28.0,0.0,23.0,12.0,10.0,25.0,18.0,43.0,16,39.0,27.0,54.0,28.0,40.0,12.0,59.0,,9,26.0,35,34.0,15.0,46.0,41.0,33,24,22.0,41.0,28.0,30.0,32.0,11.0,29.0,43.0,46.0,9,20.0,15.0,34,23,26.0,20.0,19,51.0,36.0,35,21.0,33,26,13,48.0,14.0,31.0,11.0,,17.0,41.0,,27.0,11.0,31.0,19.0,40.0,25.0,50.0,,41.0,31.0,24.0,19.0,,7.0,37.0,,33.0,51.0,,,20.0,35.0,26.0,14.0,35.0,41.0,22.0,24.0,23.0,44.0,27.0,15.0,29.0,53.0,24.0,14.0,,26.0,,40.0,11,17.0,25.0,19.0,23,48.0,41.0,25.0,11.0,36.0,,23.0,9.0,59.0,17.0,31.0,31.0,24.0,29.0,23.0,,23.0,21.0,23.0,,41.0,49.0,27.0,44.0,39.0,40.0,52.0,42.0,9,36.0,26.0,19.0,26,47.0,24.0,40.0,48.0,26.0,18.0,19.0,29.0,,9,26.0,26.0,35.0,6.0,58.0,,21,29,51.0,16.0,16.0,22.0,16.0,13.0,22,18,19.0,30.0,,36.0,40.0,15.0,,14.0,41.0,25.0,12.0,51.0,36.0,28.0,26.0,45.0,34,30.0,24.0,20.0,24.0,15.0,19,55.0,21,18.0,21,37.0,33.0,51.0,,32.0,21.0,19.0,24.0,12.0,13.0,22.0,21.0,14,34.0,,35.0,22.0,27.0,26,23.0,39.0,25.0,51.0,12.0,,52.0,42.0,22.0,27,28,,25.0,32.0,24.0,46.0,,,22.0,20,14.0,30.0,20.0,19.0,25.0,29.0,24.0,17.0,25,20.0,12.0,33.0,12,54,21.0,31.0,,40.0,50.0,28.0,20.0,34.0,22.0,23.0,28.0,20.0,21.0,21.0,17.0,36,25.0,59.0,27.0,35.0,26.0,16,39.0,52.0,22,,19.0,54.0,20.0,,59.0,20.0,33.0,19.0,6.0,,22,28.0,39.0,20.0,,13,47.0,46.0,51.0,12.0,24.0,15.0,14.0,27.0,42.0,27.0,27.0,47.0,14.0,28,44,18.0,59.0,34.0,,16.0,20,12,18.0,24.0,,16.0,55.0,35.0,20.0,21.0,36.0,22.0,56.0,16.0,23.0,,12.0,18,21,21.0,40.0,34.0,47.0,,27,21.0,5.0,28.0,22.0,,35.0,12.0,55.0,29.0,20.0,12.0,46.0,28.0,26.0,35.0,19,23.0,10.0,19,29.0,41.0,46.0,22.0,,,21.0,,50.0,54.0,26.0,,14.0,43.0,40.0,,35.0,30.0,31.0,26.0,54.0,,33.0,36.0,30.0,25.0,22.0,25.0,60.0,,15.0,51.0,16.0,0.0,47.0,14.0,26.0,39.0,,3.0,16.0,30.0,,45.0,,,53.0,34.0,33.0,25.0,8.0,11.0,39.0,31.0,,52.0,42.0,18.0,55.0,38.0,,13,46.0,18.0,,41.0,40.0,,20.0,,27.0,30.0,29.0,,,18.0,29.0,39.0,,,22.0,13.0,31.0,58.0,35.0,20.0,,28.0,31.0,,37.0,,34.0,30.0,30.0,,53.0,12.0,15.0,47.0,21.0,29.0,21.0,27.0,39.0,16.0,32.0,25.0,13,46.0,21.0,19.0,13.0,14.0,42.0,50.0,55.0,29.0,27,23.0,39.0,,33.0,16.0,26.0,9.0,38.0,22.0,38.0,60.0,37.0,,32.0,56.0,35.0,30,50.0,32.0,,22.0,13.0,,44.0,26.0,18.0,25.0,9.0,25.0,50.0,,,25.0,20.0,42.0,35.0,26.0,25.0,35.0,52.0,32.0,25,12,37.0,25.0,7.0,21.0,22.0,25.0,22.0,33.0,43.0,21.0,,,39.0,25.0,30.0,21.0,,,34.0,41.0,18.0,,,28.0,,31.0,39.0,36.0,21.0,30.0,,29.0,8.0,,25.0,,22.0,55.0,24.0,10.0,8.0,42.0,34.0,19.0,,21.0,48.0,22.0,33,37.0,17.0,13.0,25.0,22,31.0,42.0,40.0,38.0,10.0,43.0,18.0,59.0,15,23.0,38.0,41.0,45.0,54.0,36.0,42.0,29,19.0,21.0,39.0,43.0,23,,12.0,26.0,37.0,,14.0,34.0,49.0,17.0,25.0,21.0,,15.0,8.0,,23.0,32.0,,,37.0,20.0,48.0,26.0,42.0,23,15.0,39.0,11.0,19.0,32.0,56.0,33.0,46.0,,47.0,27.0,48.0,57.0,26,24.0,26.0,26.0,42.0,20.0,23.0,42.0,20.0,,,25.0,41.0,47.0,34.0,27.0,30.0,45.0,42.0,,,58.0,45.0,7.0,25.0,21.0,21.0,29.0,32.0,26.0,15.0,17.0,28.0,50.0,9.0,6.0,42.0,21.0,,30.0,22.0,34.0,28.0,23.0,,27.0,13.0,49.0,50.0,21.0,30.0,,40.0,20.0,38.0,53.0,44.0,43.0,37.0,46.0,18.0,26.0,27.0,20.0,46.0,30.0,3.0,12.0,,39.0,19,35.0,,32.0,30.0,29.0,25.0,29.0,25.0,11.0,15.0,14.0,7.0,19.0,,,23.0,28.0,30.0,22.0,38.0,37.0,24.0,32.0,26.0,25.0,36.0,36.0,13.0,56.0,17.0,25.0,20.0,17.0,22.0,14.0,29.0,19.0,54.0,,29.0,,33.0,36.0,26.0,3.0,20.0,41.0,42.0,5.0,,,,19.0,31.0,22.0,26.0,37.0,57.0,38.0,26.0,34.0,,54.0,,27.0,29.0,27.0,12.0,45.0,18.0,42.0,22.0,11.0,10.0,11.0,28.0,28.0,12.0,23.0,26.0,35.0,20.0,36.0,10.0,43.0,58.0,,42.0,24.0,30.0,24.0,,,35.0,35.0,35.0,25.0,24.0,28.0,34.0,,45.0,13.0,44.0,,14.0,21.0,27.0,,2.0,,,33.0,48.0,49.0,,,36.0,45.0,18.0,54.0,55.0,28.0,58.0,39.0,38.0,21.0,48.0,23,36.0,20.0,49.0,24.0,49.0,20.0,39.0,20.0,14.0,51.0,25,16.0,10.0,22.0,28.0,24.0,60.0,37.0,23.0,19,58.0,49.0,44.0,59.0,25.0,44.0,0.0,35.0,61.0,,22.0,20.0,28.0,40.0,58.0,14.0,25.0,35.0,42.0,40.0,24.0,20.0,32.0,45.0,34.0,8.0,50.0,12.0,34.0,52.0,33.0,35.0,,31.0,38.0,37.0,10.0,12.0,60.0,,,,,16.0,9.0,,10.0,35.0,52.0,32.0,13.0,14.0,57.0,22.0,22.0,34.0,,41.0,,45.0,17.0,19.0,14.0,16.0,,20.0,28.0,38.0,25.0,34.0,39.0,22.0,39.0,23.0,18.0,28.0,,,32.0,,29.0,,59.0,32.0,23.0,46.0,30.0,,,,15.0,27.0,,,30.0,12.0,20.0,11.0,39.0,46.0,23.0,15.0,23.0,40.0,,10.0,34.0,36.0,41,,25.0,18.0,27.0,49.0,49.0,,,,45.0,,31.0,20.0,18.0,,23.0,44.0,45.0,8.0,44.0,38.0,18.0,17.0,54.0,37.0,14.0,38.0,58.0,0.0,48.0,37.0,17.0,18.0,0.0,42.0,37.0,48.0,12.0,,55.0,27.0,46.0,17.0,36.0,15.0,54.0,14.0,36.0,24.0,30.0,54.0,22.0,24.0,38.0,18.0,8.0,22.0,28.0,41.0,28.0,24.0,46.0,22.0,,25.0,,52.0,33.0,20.0,,39.0,,47.0,44.0,15.0,32.0,20.0,,12.0,23,18.0,36.0,21,43.0,19.0,34.0,58.0,18.0,15.0,8.0,46.0,27.0,20.0,32.0,19.0,51.0,61.0,31.0,,35.0,13.0,,26.0,17.0,,48.0,56.0,43.0,,,12.0,36.0,16.0,20.0,31.0,,0.0,24.0,12.0,19.0,21.0,59.0,11.0,0.0,31.0,,21.0,,12.0,21.0,21.0,38.0,,34.0,,39.0,22.0,33.0,50.0,28.0,56.0,25.0,7.0,33.0,12.0,10.0,31.0,47.0,46.0,33.0,,23.0,14.0,15.0,22.0,29.0,,,15.0,27.0,,8.0,23.0,20.0,,29.0,22.0,26.0,47.0,,59.0,47.0,,15.0,29.0,,23.0,25.0,,,,39.0,36.0,4.0,54.0,31.0,,39.0,9.0,35.0,5.0,13.0,27.0,33.0,,20.0,2.0,,,34.0,59.0,48.0,,11.0,24.0,,44.0,,,18.0,,24.0,,53.0,45.0,,,40.0,26.0,40.0,28.0,26.0,38.0,10.0,28.0,19.0,19.0,54.0,14.0,23.0,54.0,,12.0,,26.0,55.0,,40.0,10.0,30.0,13.0,56.0,,,21.0,,27.0,,48.0,,,,20.0,,13.0,,,39.0,13.0,,34.0,20.0,34.0,15.0,,13.0,,28.0,41.0,31.0,57.0,,8.0,13.0,16.0,47.0,35.0,42.0,38.0,16.0,48.0,49.0,24.0,,53.0,22.0,61.0,34.0,,13.0,33.0,35.0,57.0,38.0,26.0,13.0,31.0,32.0,,35.0,45.0,,45.0,55.0,,9.0,51.0,48.0,22.0,58.0,51.0,,23.0,38.0,,,14.0,48.0,24.0,,46.0,45.0,23.0,38.0,48.0,36.0,39.0,,41.0,39.0,21.0,51.0,15.0,10.0,32.0,44.0,50.0,,53.0,45.0,,50.0,20.0,11.0,21.0,46.0,42.0,,19.0,,,43.0,36.0,34.0,26.0,28.0,33.0,,61.0,17.0,21.0,17.0,27.0,,,1.0,,43.0,47.0,,37.0,39.0,45.0,18.0,39.0,57.0,31.0,14.0,23.0,46.0,14.0,52.0,38.0,42.0,14.0,23.0,15.0,20.0,31.0,,17.0,29.0,20.0,32.0,34.0,36.0,58.0,,13.0,32.0,38.0,38.0,48.0,50.0,19.0,46.0,54.0,10.0,12.0,44.0,22.0,7.0,,58.0,48.0,12.0,51.0,21.0,,11.0,25.0,16.0,35.0,,,7.0,42.0,,,23.0,25.0,44.0,14.0,13.0,33.0,44.0,42.0,48.0,43.0,14.0,53.0,10.0,28.0,,7.0,,47.0,31.0,33.0,,48.0,,33.0,,22.0,33.0,25.0,41.0,,59.0,20.0,38.0,34.0,51.0,0.0,17.0,,,32.0,,39.0,31.0,45.0,20.0,39.0,16.0,,,,50.0,,26.0,33.0,,18.0,27.0,18.0,,55.0,39.0,,43.0,,37.0,41.0,,,56.0,21.0,,,16.0,,14.0,60.0,31.0,13.0,17.0,11.0,32.0,31.0,24.0,,7.0,21.0,56.0,,25.0,12.0,20.0,14.0,12.0,,46.0,24.0,34.0,17.0,31.0,36.0,0.0,42.0,13.0,0.0,61.0,9.0,52.0,48.0,43.0,0.0,,,20.0,30.0,,17.0,,,3.0,24.0,,28.0,42.0,,58.0,41.0,,15.0,49.0,20.0,,40.0,54.0,38.0,,41.0,32.0,,24.0,,26.0,,34.0,61.0,26.0,24.0,41.0,,,18.0,16.0,0.0,37.0,42.0,58.0,,29.0,,42.0,53.0,,13.0,,23.0,,,16.0,,21.0,46.0,11.0,7.0,29.0,,18.0,27.0,35.0,,12.0,26.0,10.0,,28.0,26.0,21.0,0.0,48.0,,13.0,45.0,38.0,52.0,61.0,,,26.0,,36.0,,53.0,58.0,39.0,60.0,60.0,,33.0,43.0,27.0,30.0,43.0,36.0,20.0,39.0,20.0,42.0,28.0,55.0,7.0,32.0,61.0,24.0,,25.0,32.0,20.0,,,59.0,,49.0,,53.0,43.0,44.0,29.0,,,20.0,29.0,13.0,16.0,33.0,30.0,,54.0,23.0,,53.0,26.0,24.0,,30.0,,7.0,,39.0,52.0,9.0,38.0,51.0,0.0,54.0,19.0,34.0,30.0,,0.0,34.0,35.0,38.0,,36.0,,14.0,28.0,,29.0,13.0,14.0,41.0,,,32.0,17.0,48.0,45.0,24.0,22.0,4.0,30.0,61.0,37.0,8.0,25.0,0.0,40.0,27.0,,49.0,57.0,50.0,20.0,18.0,42.0,24.0,21.0,26.0,49.0,11.0,26.0,,19.0,,41.0,40.0,,38.0,,,27.0,32.0,,,44.0,23.0,19.0,,46.0,52.0,34.0,35.0,23.0,45.0,,21.0,35.0,15.0,,27.0,41.0,36.0,21.0,28.0,61.0,23.0,31.0,,43.0,,61.0,,,36.0,20.0,21.0,,37.0,23.0,22.0,38.0,12.0,16.0,24.0,39.0,,21.0,23.0,22.0,29.0,,23.0,23.0,,57.0,27.0,,32.0,54.0,55.0,44.0,56.0,,,18.0,37.0,37.0,51.0,31.0,12.0,,,15.0,,31.0,,21.0,0.0,54.0,18.0,54.0,,46.0,,35.0,21.0,,49.0,58.0,0.0,58.0,15.0,55.0,46.0,50.0,39.0,49.0,36.0,18.0,,55.0,35.0,38.0,11.0,36.0,24.0,31.0,11.0,21.0,16.0,,53.0,14.0,23.0,,21.0,32.0,45.0,,54.0,25.0,29.0,,8.0,25.0,11.0,,59.0,38.0,36.0,29.0,33.0,37.0,26.0,32.0,,40.0,23.0,16.0,30.0,33.0,43.0,40.0,,7.0,34.0,57.0,10.0,24.0,60.0,50.0,41.0,24.0,20.0,55.0,,19.0,,,22.0,14.0,,58.0,48.0,34.0,,53.0,60.0,35.0,60.0,29.0,8.0,55.0,27.0,32.0,46.0,,20.0,37.0,53.0,49.0,,36.0,,,16.0,25.0,,,43.0,28.0,,58.0,,13.0,,,13.0,51.0,43.0,8.0,26.0,28.0,33.0,32.0,53.0,,37.0,,5.0,0.0,15.0,46.0,40.0,,57.0,,,42.0,38.0,15.0,41.0,37.0,,,44.0,,57.0,16.0,5.0,39.0,29.0,23.0,20.0,,26.0,24.0,25.0,,,11.0,31.0,,,,19.0,,41.0,20.0,12.0,,18.0,53.0,44.0,35.0,23.0,58.0,45.0,,35.0,49.0,,,2.0,34.0,25.0,52.0,29.0,38.0,,43.0,11.0,,47.0,,30.0,9.0,46.0,15.0,44.0,26.0,61.0,26.0,24.0,21.0,39.0,35.0,30.0,41.0,22.0,29.0,33.0,15.0,18.0,54.0,0.0,14.0,,20.0,32.0,22.0,33.0,22.0,31.0,7.0,11.0,25.0,10.0,33.0,,38.0,49.0,,28.0,56.0,33.0,43.0,26.0,35.0,41.0,16.0,14.0,,22.0,34.0,40.0,18.0,52.0,46.0,58.0,,16.0,,,47.0,39.0,14.0,,,57.0,18.0,24.0,29.0,14.0,29.0,,37.0,31.0,22.0,49.0,30.0,,18.0,0.0,24.0,23.0,,48.0,,21.0,13.0,,,,13.0,13.0,,19.0,32.0,16.0,,48.0,16.0,,15.0,,59.0,28.0,,21.0,,56.0,,,41.0,,17.0,16.0,,25.0,21.0,21.0,0.0,33.0,35.0,12.0,24.0,,,,19.0,38.0,29.0,31.0,,43.0,32.0,,34.0,51.0,46.0,44.0,47.0,17.0,,,,39.0,195,3,2.4400544959128063,18.176621891969134,-0.34028977242307273
7,5,8,8,6,6,6,7,7,9,7,6,4,7,14,9,9,7,24,11,9,9,12,11,7,22,13,5,9,3,10,7,9,9,11,7,19,13,0,14,13,27.0,16,16,10,10,8,14,13,31,10,11,9,13,13,18,10,11,13,14,15,22,17,12,32.0,16,18,8,14,12,16,17,17,8,12,8,13,21,13,15,14,11,8,15,16,19,12,11,20,11,14,5,38,12,11,15,6,21,17,17,29,27,10,14,15,17,16,15,15,16,14,15.0,14,18,14.0,14,26,22,12,38,15,27,14,17,15,20,2,10.0,9,14,9,13,24.0,15,16,29.0,15,15,6,23,20,7,12,20,11.0,,15,22.0,10,10,18,17,45.0,13,20,19,17,39.0,28,18,28,18,1,28,16,18.0,16,25,20,12,8,53.0,8,27,14,32,23,15.0,17,16.0,23,4,16,21,23,49.0,27.0,11,15,21.0,21.0,13,8,16,14,45,10,10,32.0,22,20,46.0,13,15,6,20,56.0,13,17,14,10,7.0,19,22,11,18,16,20,14,14.0,31.0,11,8,17,20.0,15,16,10,19.0,9,19.0,17.0,20,24,13.0,9,10,19,22.0,22.0,9,17,17,24,16,26.0,17,25,15,16,14,24,16.0,19.0,17,40.0,8.0,21.0,17.0,37,47.0,28,19,10,12.0,12.0,37.0,,27.0,19,27.0,22.0,51.0,11,26,12.0,14,23,29,26.0,16.0,41.0,23,48.0,23,10,12.0,38.0,11,18.0,24.0,14,30,45.0,10,39.0,34.0,17.0,25,15,43.0,15,24,16,17,25,28,15,23,9,40,27,12,10.0,21.0,36,17,19,26.0,31.0,12,41,12,45.0,16,21.0,28,8,14,18,19,17.0,14,28.0,26,15,16.0,17,19,16,41.0,,6,17.0,52.0,27.0,42.0,20.0,19,16.0,21,29,25,30.0,15,18.0,38.0,21,,23.0,13.0,49,22.0,11,26,35,21,26,16,11,29.0,19,29.0,25,10,20,40.0,15,20.0,24,46.0,17,22.0,16,19,25.0,35,58.0,7,43.0,30.0,17,43,48.0,17.0,10.0,14.0,,37,19.0,44.0,29,17.0,26,24,,,18,16.0,15,8.0,16.0,22,25,22,25.0,14,32.0,12.0,17,24.0,15,32.0,18,4,10,41.0,26.0,29,29,15,,0.0,11,18,0.0,12,17.0,30.0,,18.0,16.0,31.0,34.0,53.0,37.0,13.0,19,30,33.0,,8.0,18.0,21.0,16.0,,17.0,16,16,9.0,,18,25.0,32.0,26.0,20.0,47.0,38.0,25,32,19.0,33.0,26.0,22.0,28,15.0,20.0,32.0,42,17,28,40.0,,20.0,16.0,20,20,15.0,31.0,12,18.0,27.0,25,,21.0,10.0,39,25.0,21,0.0,26.0,33.0,19,42.0,19,10.0,15,28,,35.0,52.0,43.0,36,23,26,23.0,19,22.0,31,33,21.0,20,14,39.0,18.0,38,8,22.0,45.0,46.0,12.0,46.0,20.0,19,25.0,17,8,12.0,27.0,58.0,12.0,18.0,25.0,24,24,12.0,,28.0,17.0,9.0,28.0,18,21.0,9,28.0,56.0,26.0,,36,24.0,29,19.0,34.0,17.0,25,31.0,41.0,29.0,31,19,20.0,25.0,27.0,41.0,25.0,23.0,28.0,,19.0,,,14.0,22,24,45.0,13.0,,21,17,18,7,,,18,14,42.0,16.0,17,18.0,17.0,46.0,37,13.0,,0.0,14,31.0,21.0,38.0,47.0,12.0,24.0,20,27.0,27,25.0,17,19,13,26.0,31.0,12.0,49.0,40.0,10.0,19.0,32.0,36.0,5.0,15.0,15,25.0,,32,30.0,35.0,11.0,12.0,23,30.0,28.0,26.0,8,15,,19,28.0,26.0,30.0,21.0,8,39.0,45,14,26.0,17,36.0,14,21.0,55.0,36.0,28,13,,20.0,23,17.0,11,22.0,26,50.0,38.0,41.0,,21.0,23.0,22,24.0,19.0,,36.0,7.0,24.0,58.0,16,20,13.0,36,16,7,38.0,41.0,20.0,,54.0,27.0,37,26.0,32.0,29.0,10,43.0,47.0,26.0,48.0,24.0,18,,26.0,16.0,19.0,48.0,13.0,41.0,39,46.0,29.0,37.0,18.0,,12.0,19.0,22,40.0,11.0,23.0,13.0,14,26,,,18,31.0,13.0,,12,27.0,,14.0,9.0,18,,41.0,20.0,15.0,42.0,27.0,38.0,,30.0,17,24,,21.0,4.0,12.0,32.0,23.0,23.0,29.0,37.0,39.0,0,21,13.0,28,39.0,27.0,20.0,27.0,5,20,21.0,45.0,25.0,35.0,,24.0,,46.0,2.0,28,39.0,50.0,49.0,25.0,26.0,9.0,0,25.0,16.0,25.0,22,26.0,36.0,31.0,26.0,28.0,21.0,28,23.0,25,25.0,29.0,8.0,57.0,19.0,,19.0,24.0,29.0,25.0,11.0,40.0,26.0,11.0,50.0,48.0,39.0,22.0,35.0,27.0,18.0,26,19.0,53.0,21,23.0,56.0,23,24.0,39.0,41.0,22,8,25,27.0,30.0,44.0,21.0,36.0,21.0,17.0,,28.0,25,18.0,13,16.0,32,24,12.0,12,11.0,24.0,10.0,42.0,17,23.0,27.0,28.0,12.0,21.0,46.0,10,38.0,21,28.0,31.0,35.0,24,27.0,21,19,19.0,18.0,34.0,20,36.0,30.0,17,42.0,19.0,37.0,53.0,,17.0,29.0,33.0,47,11.0,34.0,25.0,13.0,40.0,24.0,29.0,,19,41.0,36,16.0,24.0,43.0,23.0,9,16,28.0,19.0,11.0,25.0,30.0,23.0,20.0,31.0,35.0,23,39.0,12.0,33,11,28.0,0.0,12,30.0,34.0,24,18.0,14,19,8,39.0,11.0,55.0,,21.0,57.0,16.0,28.0,37.0,38.0,46.0,51.0,39.0,24.0,23.0,24.0,29.0,25.0,12.0,25.0,33.0,18.0,18.0,26.0,37.0,23.0,47.0,56.0,19.0,18.0,41.0,11.0,36.0,32.0,9.0,39.0,30.0,33.0,32.0,30.0,,27.0,,12.0,,33.0,31.0,57.0,28,23.0,34.0,28.0,37,18.0,22.0,29.0,29.0,40.0,17.0,34.0,15.0,58.0,28.0,28.0,,28.0,33.0,18.0,,23.0,40.0,13.0,13.0,24.0,25.0,38.0,22.0,24.0,23.0,,55.0,19,18.0,43.0,,35,45.0,29.0,25.0,27.0,11.0,19.0,19.0,23.0,31.0,9,33.0,36.0,34.0,11.0,34.0,35.0,16,20,16.0,0.0,57.0,16.0,,35.0,24,7,20.0,30.0,24.0,,47.0,20.0,37.0,44.0,,0.0,22.0,,31.0,15.0,42.0,16.0,49,39.0,17.0,27.0,25.0,48.0,16,57.0,34,15.0,26,21.0,46.0,19.0,56.0,25.0,23.0,28.0,30.0,24.0,9.0,56.0,20.0,40,34.0,,15.0,43.0,11.0,21,35.0,49.0,14.0,,32.0,33.0,57.0,33.0,10.0,20,23,28.0,,34.0,29.0,,27.0,30.0,3.0,20,26.0,,0.0,39.0,15.0,34.0,11.0,18.0,29,20.0,13.0,20.0,44,21,30.0,43.0,,30.0,10.0,32.0,36.0,29.0,22.0,28.0,56.0,21.0,14.0,36.0,,22,18.0,34.0,58.0,29.0,23.0,13,58.0,36.0,18,23.0,37.0,,52.0,,25.0,8.0,21.0,11.0,43.0,44.0,9,46.0,,25.0,10.0,21,30.0,57.0,16.0,12.0,21.0,,29.0,24.0,58.0,11.0,40.0,31.0,24.0,36,16,18.0,,29.0,25.0,22.0,26,22,17.0,23.0,42.0,18.0,32.0,57.0,31.0,17.0,29.0,44.0,30.0,,,10.0,25.0,19,19,45.0,,40.0,33.0,46.0,20,14.0,33.0,42.0,22.0,13.0,28.0,22.0,0.0,26.0,,15.0,29.0,24.0,20.0,31.0,15,23.0,,14,24.0,,32.0,,14.0,26.0,32.0,,7.0,41.0,25.0,,13.0,50.0,0.0,50.0,50.0,54.0,28.0,42.0,27.0,27.0,11.0,42.0,18.0,,,34.0,25.0,24.0,25.0,31.0,20.0,22.0,2.0,37.0,34.0,35.0,15.0,21.0,,0.0,17.0,18.0,14.0,32.0,,49.0,15.0,18.0,18.0,14.0,31.0,57.0,31.0,32.0,58.0,38.0,8.0,20.0,,23,15.0,22.0,44.0,25.0,14.0,13.0,18.0,36.0,12.0,57.0,27.0,12.0,22.0,11.0,36.0,25.0,,57.0,49.0,17.0,25.0,44.0,26.0,10.0,31.0,,27.0,,36.0,31.0,37.0,16.0,28.0,20.0,24.0,26.0,,49.0,27.0,37.0,12.0,,,20.0,18.0,48.0,9,26.0,48.0,32.0,10.0,,36.0,49.0,47.0,46.0,21,11.0,,17.0,12.0,30.0,22.0,34.0,35.0,31.0,13.0,23.0,49.0,15.0,,52.0,31.0,20,58.0,19.0,57.0,18.0,12.0,21.0,37.0,24.0,18.0,23.0,54.0,,11.0,,,27.0,32.0,28.0,27.0,42.0,18.0,23.0,34.0,39.0,25,11,42.0,41.0,52.0,30.0,48.0,,14.0,18.0,57.0,16.0,50.0,16.0,27.0,33.0,42.0,53.0,,22.0,22.0,45.0,,56.0,28.0,12.0,28.0,29.0,49.0,52.0,4.0,41.0,51.0,43.0,40.0,57.0,45.0,21.0,17.0,24.0,15.0,19.0,10.0,30.0,15.0,38.0,22.0,29.0,17.0,35.0,18,,16.0,30.0,18.0,29,,29.0,,12.0,,,22.0,,17,,20.0,30.0,54.0,28.0,45.0,57.0,39,25.0,26.0,36.0,,22,,14.0,33.0,16.0,40.0,24.0,14.0,24.0,22.0,,12.0,0.0,12.0,17.0,19.0,47.0,12.0,59.0,,,21.0,34.0,49.0,48.0,17,32.0,,30.0,,25.0,,20.0,29.0,,21.0,12.0,,0.0,26,37.0,31.0,38.0,,19.0,40.0,39.0,19.0,,20.0,26.0,,9.0,,21.0,36.0,44.0,49.0,34.0,20.0,27.0,34.0,15.0,0.0,21.0,12.0,25.0,47.0,,43.0,27.0,58.0,50.0,38.0,18.0,12.0,27.0,35.0,28.0,12.0,31.0,47.0,13.0,31.0,32.0,43.0,11.0,22.0,33.0,18.0,19.0,32.0,6.0,49.0,17.0,17.0,34.0,44.0,,33.0,39.0,23.0,15.0,53.0,25.0,18.0,,29.0,,9,14.0,48.0,31.0,27.0,24.0,32.0,23.0,48.0,22.0,14.0,23.0,24.0,17.0,44.0,19.0,17.0,19.0,17.0,19.0,,36.0,,20.0,31.0,23.0,54.0,30.0,48.0,17.0,,27.0,40.0,22.0,30.0,31.0,3.0,17.0,,58.0,41.0,20.0,48.0,,6.0,52.0,,38.0,37.0,51.0,39.0,,28.0,11.0,38.0,55.0,25.0,24.0,,38.0,45.0,43.0,55.0,,47.0,38.0,,37.0,31.0,17.0,,24.0,13.0,30.0,28.0,22.0,23.0,44.0,21.0,28.0,23.0,0.0,14.0,54.0,18.0,16.0,21.0,56.0,56.0,34.0,22.0,40.0,12.0,20.0,,,28.0,31.0,12.0,29.0,,42.0,35.0,59.0,20.0,,26.0,11.0,,24.0,,11.0,56.0,48.0,28.0,44.0,37.0,22.0,56.0,37.0,49.0,26.0,5.0,,36.0,,58.0,,38.0,21,27.0,37.0,27.0,37.0,40.0,23.0,39.0,17.0,41.0,,28,18.0,19.0,43.0,33.0,13.0,27.0,40.0,18.0,27,,35.0,40.0,24.0,26.0,37.0,37.0,59.0,19.0,45.0,21.0,26.0,17.0,33.0,,,40.0,24.0,30.0,27.0,52.0,15.0,52.0,49.0,23.0,9.0,,30.0,42.0,46.0,27.0,25.0,37.0,16.0,45.0,48.0,42.0,,47.0,13.0,23.0,17.0,22.0,11.0,53.0,,18.0,40.0,55.0,36.0,14.0,41.0,28.0,40.0,30.0,27.0,,47.0,19.0,,32.0,21.0,,,,17.0,23.0,16.0,58.0,35.0,32.0,23.0,16.0,23.0,30.0,11.0,25.0,28.0,,53.0,19.0,33.0,10.0,,20.0,17.0,9.0,,52.0,41.0,29.0,27.0,25.0,,42.0,,42.0,,28.0,29.0,10.0,49.0,18.0,11.0,,37.0,36.0,35.0,27,17.0,19.0,,,10.0,15.0,18.0,,29.0,,37.0,26.0,32.0,12.0,10.0,25.0,32.0,15.0,16.0,32.0,,17.0,20.0,,22.0,38.0,36.0,,32.0,17.0,59.0,27.0,54.0,,,35.0,49.0,,26.0,36.0,25.0,20.0,,36.0,,,49.0,14.0,,36.0,25.0,20.0,26.0,51.0,14.0,48.0,32.0,20.0,56.0,35.0,38.0,14.0,,19.0,0.0,39.0,43.0,40.0,24.0,14.0,43.0,,17.0,44.0,25.0,26.0,48.0,57.0,,14,49.0,11.0,30,14.0,,28.0,,29.0,11.0,50.0,22.0,26.0,39.0,38.0,18.0,,,47.0,5.0,47.0,,,28.0,12.0,,51.0,18.0,,15.0,12.0,20.0,50.0,42.0,35.0,26.0,,15.0,37.0,58.0,16.0,28.0,18.0,36.0,40.0,26.0,25.0,35.0,,0.0,,27.0,51.0,11.0,31.0,45.0,38.0,,34.0,23.0,24.0,41.0,26.0,33.0,17.0,48.0,57.0,47.0,,36.0,47.0,20.0,,37.0,14.0,57.0,35.0,,13.0,58.0,16.0,9.0,12.0,,18.0,0.0,,,26.0,12.0,,,31.0,33.0,39.0,22.0,,4.0,38.0,44.0,,58.0,,14.0,43.0,,,34.0,43.0,,,22.0,47.0,,16.0,6.0,,28.0,42.0,56.0,,38.0,,53.0,42.0,36.0,,55.0,36.0,26.0,35.0,24.0,15.0,,4.0,24.0,,44.0,40.0,,29.0,,24.0,23.0,,15.0,46.0,16.0,14.0,32.0,42.0,30.0,,28.0,17.0,,20.0,,36.0,0.0,,,,0.0,,31.0,,40.0,19.0,53.0,27.0,37.0,36.0,12.0,22.0,43.0,,11.0,40.0,56.0,50.0,38.0,15.0,42.0,19.0,,35.0,16.0,14.0,20.0,54.0,35.0,39.0,8.0,8.0,47.0,41.0,38.0,,23.0,,52.0,29.0,18.0,42.0,24.0,39.0,48.0,20.0,47.0,26.0,35.0,31.0,48.0,20.0,23.0,11.0,36.0,31.0,30.0,34.0,21.0,20.0,20.0,,51.0,21.0,24.0,15.0,52.0,21.0,35.0,,16.0,31.0,,,,25.0,9.0,20.0,15.0,,25.0,,8.0,26.0,,24.0,56.0,21.0,,25.0,17.0,42.0,,,24.0,25.0,17.0,23.0,,22.0,26.0,18.0,19.0,18.0,38.0,53.0,10.0,24.0,,18.0,50.0,,23.0,41.0,19.0,9.0,48.0,25.0,46.0,,39.0,41.0,24.0,31.0,27.0,,33.0,8.0,58.0,52.0,19.0,33.0,51.0,15.0,,51.0,45.0,34.0,20.0,0.0,,41.0,50.0,46.0,23.0,57.0,10.0,,55.0,,14.0,23.0,,35.0,38.0,20.0,21.0,16.0,18.0,,,11.0,25.0,40.0,23.0,,59.0,38.0,21.0,16.0,49.0,,,41.0,40.0,26.0,21.0,,,33.0,28.0,14.0,16.0,,51.0,14.0,,18.0,48.0,,25.0,,26.0,25.0,44.0,42.0,37.0,41.0,15.0,,9.0,29.0,28.0,36.0,47.0,26.0,,47.0,35.0,42.0,30.0,,21.0,19.0,,16.0,,30.0,41.0,15.0,8.0,50.0,21.0,37.0,25.0,38.0,46.0,,24.0,17.0,28.0,32.0,,19.0,,,34.0,57.0,,41.0,18.0,,43.0,53.0,,42.0,,35.0,,21.0,24.0,43.0,52.0,50.0,24.0,24.0,25.0,,38.0,18.0,,,54.0,,19.0,21.0,,34.0,20.0,19.0,15.0,15.0,19.0,,28.0,,28.0,,0.0,46.0,39.0,,,34.0,25.0,,,,,,45.0,29.0,41.0,19.0,40.0,27.0,42.0,10.0,35.0,23.0,,46.0,48.0,46.0,52.0,,,15.0,56.0,16.0,11.0,,12.0,39.0,,13.0,31.0,15.0,20.0,41.0,16.0,29.0,46.0,,52.0,23.0,0.0,,19.0,52.0,30.0,40.0,20.0,15.0,56.0,35.0,46.0,15.0,22.0,46.0,10.0,51.0,24.0,31.0,45.0,8.0,,24.0,29.0,,,35.0,41.0,21.0,25.0,50.0,39.0,,,,30.0,49.0,30.0,12.0,,,27.0,27.0,34.0,20.0,25.0,,33.0,33.0,11.0,,24.0,23.0,12.0,38.0,59.0,,51.0,57.0,,44.0,25.0,50.0,,56.0,32.0,41.0,32.0,20.0,,,17.0,28.0,6.0,,56.0,13.0,,27.0,15.0,16.0,,42.0,54.0,23.0,,46.0,,21.0,47.0,30.0,51.0,34.0,,35.0,59.0,29.0,,,35.0,49.0,38.0,24.0,21.0,,,,30.0,,,34.0,55.0,,49.0,,35.0,,0.0,,31.0,17.0,47.0,,30.0,,16.0,57.0,39.0,43.0,22.0,32.0,44.0,33.0,34.0,44.0,19.0,39.0,34.0,42.0,,14.0,36.0,12.0,25.0,32.0,36.0,20.0,40.0,31.0,52.0,34.0,,31.0,25.0,6.0,28.0,,,16.0,,26.0,34.0,56.0,52.0,14.0,19.0,,59.0,24.0,51.0,,22.0,27.0,49.0,40.0,23.0,28.0,,21.0,15.0,31.0,45.0,,31.0,13.0,20.0,,50.0,,36.0,38.0,29.0,32.0,22.0,16.0,,18.0,50.0,27.0,58.0,13.0,,16.0,42.0,,51.0,,11.0,29.0,,36.0,,56.0,45.0,28.0,33.0,13.0,8.0,15.0,,44.0,30.0,26.0,19.0,,,21.0,29.0,36.0,54.0,28.0,23.0,,36.0,26.0,,47.0,41.0,28.0,27.0,,13.0,48.0,43.0,20.0,15.0,,32.0,13.0,27.0,27.0,48.0,44.0,,59.0,,18.0,21.0,16.0,52.0,47.0,28.0,,33.0,54.0,,35.0,37.0,58.0,31.0,39.0,26.0,13.0,46.0,41.0,20.0,,,42.0,,,18.0,,,11.0,35.0,39.0,16.0,,23.0,47.0,19.0,,,,58.0,29.0,53.0,,45.0,,,49.0,,57.0,39.0,22.0,7.0,,22.0,42.0,48.0,25.0,,,46.0,20.0,46.0,,20.0,37.0,30.0,20.0,,21.0,,52.0,48.0,19.0,21.0,24.0,,37.0,33.0,,,,19.0,39.0,57.0,14.0,58.0,22.0,35.0,43.0,47.0,59.0,40.0,,0.0,32.0,9.0,11.0,57.0,51.0,57.0,44.0,31.0,,11.0,29.0,39.0,,45.0,26.0,19.0,32.0,50.0,32.0,42.0,46.0,,,,37.0,49.0,34.0,18.0,28.0,,36.0,,13.0,13.0,26.0,26.0,56.0,27.0,23.0,,25.0,,44.0,13.0,,,11.0,25.0,17.0,58.0,42.0,37.0,35.0,15.0,49.0,46.0,0.0,22.0,38.0,21.0,40.0,32.0,,35.0,23.0,51.0,38.0,,,29.0,,48.0,11.0,17.0,54.0,,26.0,,37.0,57.0,,38.0,21.0,,25.0,45.0,48.0,34.0,31.0,55.0,51.0,40.0,41.0,35.0,15.0,,46.0,35.0,34.0,,35.0,35.0,,,,53.0,27.0,19.0,,40.0,27.0,29.0,28.0,,,33.0,30.0,37.0,,17.0,32.0,30.0,43.0,,,23.0,13.0,33.0,34.0,,20.0,46.0,28.0,,,50.0,48.0,38.0,,29.0,,,26.0,45.0,12.0,56.0,15.0,57.0,32.0,,31.0,,,17.0,,29.0,33.0,29.0,9.0,25.0,43.0,43.0,30.0,46.0,,,25.0,52.0,40.0,56.0,29.0,30.0,43.0,55.0,20.0,36.0,39.0,32.0,30.0,51.0,36.0,47.0,25.0,41.0,16.0,28.0,50.0,14.0,23.0,51.0,59.0,,,,14.0,,25.0,,10.0,27.0,10.0,34.0,,,33.0,37.0,,,26.0,,,,15.0,33.0,20.0,55.0,23.0,,47.0,43.0,18.0,12.0,56.0,41.0,,52.0,25.0,47.0,19.0,0.0,55.0,21.0,26.0,55.0,49.0,,15.0,19.0,25.0,9.0,,35.0,,17.0,,46.0,55.0,37.0,33.0,196,3,2.5244072524407253,17.69925883694413,-0.33656215329870515
4,6,4,11,3,9,7,4,8,7,6,10,7,5,10,4,10,5,18,24,7,10,8,9,9,9,10,5,5,10,10,7,5,6,16,9,8,10,10,8,17,26.0,9,15,10,13,24,11,5,28,7,9,10,12,36,6,17,5,5,8,8,10,9,11,35.0,8,12,12,13,8,16,16,8,8,10,8,9,10,12,6,18,9,13,13,13,12,14,8,13,11,13,9,33,12,22,9,12,24,6,15,16,8,15,8,10,16,11,13,14,12,20,,9,12,13.0,20,15,12,4,18,12,20,13,12,9,15,11,4.0,22,12,20,9,19.0,17,18,14.0,12,13,6,8,10,21,13,7,7.0,27.0,10,25.0,11,21,6,11,31.0,11,23,10,14,52.0,16,17,17,15,8,14,15,32.0,22,16,7,22,13,24.0,9,23,7,10,12,26.0,15,20.0,17,15,9,13,16,,13.0,5,19,33.0,48.0,14,36,11,14,27,15,9,18.0,29,23,36.0,15,14,20,22,14.0,20,15,27,15,10.0,23,12,11,13,17,13,10,7.0,19.0,12,12,10,24.0,18,20,27,,11,49.0,8.0,14,15,23.0,18,31,13,9.0,,13,6,14,16,15,27.0,23,14,42,6,14,14,15.0,27.0,9,,35.0,32.0,,8,28.0,28,9,20,42.0,,36.0,18.0,36.0,11,20.0,14.0,,13,29,,7,19,16,13.0,13.0,8.0,25,13.0,16,14,15.0,14.0,0,31.0,17.0,16,13,6.0,13,27.0,15.0,32.0,22,14,43.0,25,13,9,31,20,23,9,25,13,19,9,13,33.0,20.0,43,19,23,49.0,39.0,13,30,13,34.0,26,40.0,18,21,5,5,26,51.0,9,6.0,15,30,19.0,13,41,6,,39.0,21,58.0,36.0,9.0,15.0,27.0,23,39.0,21,13,20,21.0,12,10.0,11.0,11,,36.0,53.0,12,33.0,18,46,7,22,13,34,26,12.0,14,26.0,17,24,18,24.0,16,24.0,21,13.0,3,,16,30,13.0,15,35.0,26,39.0,14.0,16,22,54.0,31.0,13.0,36.0,,18,29.0,5.0,15,,19,24,,0.0,31,17.0,0,28.0,34.0,21,22,44,36.0,18,15.0,31.0,29,11.0,15,34.0,8,13,8,7.0,25.0,27,20,0,29.0,10.0,14,14,0.0,19,27.0,16.0,27.0,14.0,6.0,15.0,31.0,41.0,32.0,29.0,21,29,35.0,9.0,34.0,25.0,31.0,41.0,32.0,14.0,29,10,58.0,50.0,14,13.0,22.0,10.0,12.0,13.0,28.0,21,24,29.0,16.0,27.0,29.0,14,54.0,16.0,35.0,23,9,9,19.0,14.0,16.0,10.0,18,14,13.0,34.0,22,17.0,38.0,24,,30.0,44.0,42,42.0,21,30.0,16.0,16.0,25,26.0,11,14.0,17,18,50.0,24.0,47.0,,43,14,28,20.0,30,30.0,8,16,17.0,28,17,42.0,41.0,30,15,39.0,19.0,31.0,37.0,28.0,14.0,6,27.0,13,16,45.0,23.0,43.0,19.0,,47.0,21,8,9.0,41.0,13.0,40.0,12.0,32.0,20,49.0,19,13.0,7.0,,33.0,16,14.0,18,30.0,13.0,23.0,25,25.0,33.0,9.0,21,35,15.0,50.0,41.0,17.0,58.0,36.0,39.0,16.0,46.0,21.0,10.0,34.0,15,24,12.0,25.0,30.0,16,27,15,11,17.0,44.0,22,12,26.0,36.0,17,45.0,25.0,37.0,29,,58.0,16.0,12,35.0,14.0,22.0,35.0,21.0,17.0,17,41.0,7,14.0,9,21,18,24.0,21.0,25.0,11.0,41.0,15.0,18.0,28.0,12.0,39.0,7.0,20,28.0,35.0,24,10.0,,28.0,31.0,13,48.0,31.0,,26,11,39.0,26,21.0,14.0,52.0,11.0,19,35.0,13,29,40.0,30,17.0,13,39.0,14.0,,28,19,18.0,21.0,43,31.0,14,,1,17.0,,35.0,,,37.0,25,25.0,,28.0,10.0,35.0,13.0,29.0,19,14,56.0,28,25,23,26.0,13.0,23.0,7.0,39.0,23.0,31,43.0,25.0,19.0,6,17.0,46.0,26.0,,24.0,29,48.0,55.0,27.0,,14.0,5.0,18.0,36,,,47.0,26.0,18.0,11.0,31.0,28,31.0,,27.0,33.0,21,27,18.0,15.0,20,28.0,6.0,5.0,12,16.0,38.0,27.0,36.0,12,37.0,29.0,18.0,29.0,52.0,24.0,,51.0,37.0,30,17,40.0,26.0,30.0,18.0,38.0,15.0,13.0,30.0,34.0,41.0,17,23,21.0,31,34.0,18.0,8.0,15.0,19,10,27.0,16.0,20.0,32.0,18.0,28.0,21.0,22.0,31.0,27,32.0,35.0,25.0,22.0,26.0,36.0,22,31.0,39.0,13.0,18,20.0,19.0,41.0,18.0,22.0,22.0,44,20.0,21,44.0,42.0,16.0,57.0,53.0,8.0,11.0,26.0,30.0,25.0,,41.0,23.0,,38.0,34.0,17.0,25.0,5.0,0.0,53.0,21,27.0,2.0,22,20.0,18.0,12,28.0,15.0,37.0,21,32,17,,19.0,,17.0,43.0,18.0,18.0,17.0,37.0,23,19.0,26,41.0,40,28,23.0,23,18.0,0.0,25.0,38.0,20,37.0,14.0,13.0,29.0,27.0,,25,,32,12.0,57.0,44.0,16,16.0,17,19,20.0,33.0,42.0,21,32.0,30.0,15,16.0,11.0,22.0,15.0,27.0,25.0,33.0,26.0,24,11.0,33.0,19.0,57.0,35.0,37.0,33.0,9.0,15,35.0,6,38.0,19.0,37.0,36.0,22,19,16.0,19.0,11.0,24.0,42.0,23.0,24.0,27.0,31.0,31,17.0,21.0,23,33,30.0,37.0,10,17.0,53.0,21,17.0,30,18,29,15.0,20.0,31.0,15.0,25.0,43.0,33.0,36.0,54.0,34.0,16.0,15.0,18.0,5.0,21.0,13.0,20.0,,39.0,18.0,20.0,28.0,,17.0,37.0,14.0,56.0,14.0,46.0,23.0,17.0,28.0,25.0,38.0,16.0,48.0,21.0,21.0,47.0,20.0,6.0,28.0,32.0,24.0,,14.0,32.0,,33,17.0,31.0,37.0,15,31.0,,,22.0,48.0,40.0,30.0,14.0,,22.0,27.0,58.0,28.0,58.0,28.0,,27.0,31.0,44.0,15.0,22.0,51.0,51.0,14.0,15.0,37.0,36.0,19.0,9,15.0,29.0,,14,46.0,29.0,18.0,27.0,18.0,45.0,17.0,32.0,17.0,37,30.0,53.0,23.0,24.0,,27.0,11,22,34.0,,19.0,,,12.0,24,12,52.0,40.0,,48.0,,36.0,58.0,7.0,50.0,28.0,43.0,45.0,42.0,26.0,5.0,16.0,20,28.0,34.0,43.0,25.0,50.0,34,31.0,11,27.0,25,32.0,40.0,17.0,,8.0,27.0,24.0,29.0,20.0,21.0,15.0,32.0,9,55.0,40.0,27.0,17.0,,18,10.0,25.0,12.0,46.0,28.0,6.0,30.0,26.0,45.0,19,18,37.0,,20.0,32.0,18.0,20.0,,15.0,14,,56.0,15.0,44.0,38.0,14.0,,,23,10.0,,22.0,14,14,12.0,,27.0,,12.0,38.0,53.0,31.0,14.0,30.0,40.0,34.0,9.0,41.0,50.0,22,47.0,51.0,49.0,38.0,6.0,17,16.0,49.0,15,,19.0,34.0,47.0,32.0,,21.0,26.0,40.0,14.0,13.0,20,26.0,23.0,26.0,2.0,22,13.0,49.0,27.0,7.0,10.0,,45.0,20.0,25.0,30.0,33.0,40.0,20.0,31,14,,35.0,39.0,39.0,37.0,22,21,33.0,19.0,51.0,11.0,56.0,36.0,20.0,7.0,24.0,42.0,20.0,,27.0,12.0,16.0,37,27,12.0,9.0,41.0,25.0,9.0,21,34.0,10.0,14.0,28.0,,15.0,26.0,16.0,49.0,15.0,30.0,43.0,28.0,53.0,,24,18.0,30.0,19,19.0,,35.0,14.0,23.0,22.0,9.0,29.0,40.0,,23.0,34.0,20.0,28.0,,,51.0,13.0,20.0,47.0,,32.0,48.0,26.0,35.0,13.0,44.0,13.0,24.0,18.0,55.0,39.0,35.0,21.0,1.0,27.0,17.0,24.0,47.0,54.0,30.0,20.0,,,3.0,13.0,32.0,,,32.0,6.0,57.0,27.0,,6.0,10.0,,,7.0,24.0,53.0,20,,13.0,17.0,23.0,49.0,25.0,8.0,17.0,58.0,19.0,12.0,52.0,,8.0,33.0,12.0,38.0,43.0,18.0,21.0,48.0,18.0,37.0,39.0,33.0,13.0,45.0,33.0,26.0,43.0,15.0,,13.0,27.0,,38.0,32.0,37.0,29.0,,0.0,47.0,36.0,41.0,19.0,27.0,13,,47.0,14.0,24.0,30.0,27.0,32.0,25.0,0.0,15,26.0,13.0,,35.0,37.0,26.0,18.0,33.0,35.0,27.0,,20.0,24.0,53.0,14.0,32.0,6,43.0,8.0,56.0,21.0,37.0,31.0,14.0,45.0,38.0,58.0,16.0,39.0,36.0,33.0,,18.0,,0.0,28.0,31.0,34.0,30.0,38.0,29.0,17,27,16.0,30.0,41.0,31.0,,0.0,11.0,28.0,17.0,7.0,52.0,38.0,49.0,58.0,26.0,,,,13.0,32.0,36.0,42.0,,17.0,18.0,39.0,25.0,50.0,43.0,35.0,15.0,26.0,44.0,37.0,,26.0,33.0,17.0,,31.0,20.0,36.0,53.0,26.0,33.0,31.0,41.0,17.0,22,18.0,25.0,28.0,,35,,11.0,17.0,28.0,29.0,37.0,27.0,56.0,23,30.0,20.0,20.0,31.0,33.0,26.0,50.0,54,,21.0,41.0,,10,,16.0,23.0,29.0,,20.0,20.0,,14.0,,17.0,,19.0,13.0,27.0,42.0,,57.0,29.0,49.0,37.0,41.0,14.0,33.0,15,37.0,,49.0,16.0,20.0,39.0,0.0,45.0,,9.0,,55.0,16.0,18,12.0,,21.0,51.0,8.0,27.0,50.0,57.0,38.0,13.0,32.0,30.0,,,21.0,34.0,,27.0,8.0,,38.0,24.0,10.0,,,35.0,34.0,0.0,7.0,33.0,21.0,42.0,37.0,23.0,13.0,55.0,30.0,,,25.0,6.0,43.0,48.0,55.0,31.0,13.0,34.0,54.0,17.0,,,56.0,7.0,11.0,55.0,18.0,26.0,32.0,,14.0,17.0,,12.0,41.0,54.0,42.0,42.0,14.0,19.0,15,51.0,29.0,14.0,23.0,,30.0,31.0,43.0,,29.0,52.0,15.0,13.0,10.0,15.0,,35.0,32.0,25.0,55.0,50.0,27.0,20.0,24.0,38.0,37.0,14.0,52.0,0.0,43.0,,12.0,18.0,57.0,44.0,27.0,15.0,58.0,35.0,37.0,11.0,19.0,19.0,33.0,35.0,31.0,17.0,55.0,28.0,,0.0,33.0,23.0,30.0,21.0,53.0,20.0,13.0,35.0,11.0,44.0,30.0,11.0,35.0,50.0,18.0,55.0,17.0,17.0,,11.0,14.0,56.0,29.0,8.0,26.0,33.0,45.0,9.0,15.0,19.0,32.0,,27.0,22.0,28.0,37.0,,31.0,34.0,,19.0,,47.0,41.0,15.0,,35.0,17.0,15.0,,28.0,40.0,,29.0,30.0,15.0,21.0,33.0,45.0,,19.0,37.0,,,19.0,14.0,38.0,49.0,20.0,58.0,54.0,17.0,,,44.0,36.0,27.0,30,37.0,9.0,58.0,36.0,0.0,12.0,51.0,,25.0,41.0,25,15.0,0.0,26.0,,11.0,,34.0,,47,17.0,,,17.0,,,42.0,46.0,35.0,18.0,50.0,17.0,13.0,,,17.0,25.0,,26.0,57.0,,19.0,0.0,41.0,,25.0,46.0,39.0,33.0,47.0,43.0,20.0,32.0,,54.0,,27.0,42.0,46.0,57.0,19.0,41.0,21.0,35.0,40.0,26.0,32.0,,17.0,42.0,55.0,15.0,,23.0,22.0,6.0,33.0,19.0,9.0,36.0,31.0,33.0,51.0,12.0,30.0,,41.0,33.0,34.0,38.0,25.0,10.0,21.0,30.0,52.0,7.0,28.0,15.0,36.0,31.0,,,31.0,18.0,,18.0,,20.0,,,33.0,17.0,16.0,38.0,7.0,25.0,34.0,9.0,12.0,48.0,11.0,55.0,,57.0,50.0,41.0,50.0,,35,16.0,27.0,,23.0,22.0,36.0,37.0,,22.0,53.0,47.0,29.0,13.0,,28.0,21.0,22.0,13.0,42.0,23.0,54.0,31.0,53.0,33.0,,16.0,25.0,21.0,24.0,35.0,12.0,30.0,7.0,,24.0,40.0,,15.0,35.0,12.0,19.0,37.0,54.0,33.0,41.0,45.0,23.0,,,39.0,38.0,24.0,15.0,26.0,12.0,22.0,,19.0,29.0,23.0,,16.0,23.0,41.0,19.0,48.0,,37.0,,18.0,16.0,,9.0,41.0,37.0,27.0,58.0,27.0,11.0,0,35.0,28.0,11,22.0,,18.0,13.0,19.0,,,24.0,25.0,47.0,16.0,18.0,32.0,53.0,20.0,,37.0,32.0,,45.0,28.0,30.0,44.0,20.0,,,21.0,20.0,27.0,,4.0,32.0,,30.0,58.0,,45.0,0.0,51.0,44.0,,26.0,27.0,34.0,6.0,28.0,47.0,32.0,,22.0,37.0,15.0,38.0,,44.0,50.0,52.0,30.0,29.0,26.0,20.0,,27.0,58.0,13.0,41.0,27.0,28.0,23.0,48.0,51.0,35.0,38.0,46.0,,29.0,22.0,16.0,8.0,24.0,15.0,14.0,,22.0,44.0,11.0,50.0,28.0,40.0,41.0,29.0,39.0,,20.0,19.0,49.0,27.0,13.0,18.0,25.0,14.0,44.0,,,34.0,7.0,15.0,28.0,20.0,14.0,9.0,,23.0,25.0,31.0,36.0,26.0,,44.0,56.0,18.0,29.0,,25.0,8.0,18.0,12.0,36.0,13.0,46.0,21.0,19.0,,56.0,29.0,32.0,,29.0,18.0,28.0,5.0,16.0,,,22.0,29.0,14.0,30.0,24.0,,18.0,37.0,,36.0,51.0,28.0,37.0,36.0,57.0,47.0,34.0,48.0,53.0,,38.0,,,48.0,27.0,34.0,58.0,35.0,,11.0,,9.0,,21.0,15.0,31.0,55.0,,23.0,37.0,,10.0,56.0,31.0,,25.0,54.0,42.0,10.0,,11.0,38.0,58.0,,44.0,19.0,29.0,26.0,30.0,28.0,26.0,18.0,33.0,,52.0,,23.0,30.0,36.0,13.0,48.0,38.0,55.0,,,25.0,50.0,,,28.0,34.0,,11.0,37.0,12.0,,30.0,,45.0,22.0,27.0,8.0,37.0,32.0,18.0,37.0,38.0,0.0,23.0,50.0,42.0,27.0,44.0,35.0,18.0,56.0,27.0,23.0,22.0,15.0,31.0,,39.0,12.0,24.0,50.0,35.0,18.0,30.0,23.0,51.0,31.0,5.0,25.0,33.0,,53.0,46.0,,56.0,12.0,18.0,42.0,36.0,18.0,25.0,13.0,45.0,45.0,0.0,,26.0,16.0,11.0,10.0,27.0,41.0,,37.0,40.0,9.0,26.0,15.0,,28.0,,24.0,,54.0,,30.0,49.0,17.0,27.0,,,,16.0,17.0,,,21.0,37.0,30.0,27.0,43.0,,21.0,46.0,26.0,35.0,,21.0,26.0,39.0,51.0,27.0,21.0,22.0,20.0,44.0,20.0,52.0,58.0,38.0,,1.0,46.0,,38.0,,48.0,9.0,56.0,17.0,47.0,55.0,0.0,6.0,36.0,54.0,46.0,,36.0,44.0,43.0,25.0,34.0,25.0,29.0,8.0,12.0,28.0,35.0,,5.0,36.0,16.0,28.0,40.0,46.0,10.0,19.0,19.0,18.0,,20.0,13.0,51.0,,,30.0,38.0,25.0,10.0,15.0,30.0,13.0,34.0,,48.0,18.0,,21.0,,8.0,,26.0,41.0,,,41.0,47.0,29.0,21.0,40.0,,,,31.0,,48.0,23.0,,36.0,38.0,18.0,42.0,,6.0,29.0,21.0,33.0,36.0,35.0,50.0,,33.0,36.0,52.0,48.0,,22.0,22.0,,17.0,49.0,20.0,11.0,10.0,36.0,7.0,29.0,21.0,7.0,30.0,16.0,12.0,31.0,40.0,25.0,21.0,12.0,24.0,25.0,49.0,,,,38.0,31.0,55.0,,24.0,31.0,41.0,34.0,15.0,44.0,,10.0,,,,34.0,7.0,,29.0,27.0,29.0,57.0,4.0,,0.0,31.0,36.0,33.0,9.0,52.0,31.0,42.0,,,56.0,,54.0,19.0,30.0,16.0,17.0,,11.0,51.0,,26.0,14.0,,,19.0,33.0,11.0,50.0,,36.0,32.0,,17.0,43.0,52.0,28.0,25.0,17.0,19.0,,,,19.0,6.0,,39.0,14.0,32.0,12.0,32.0,26.0,33.0,57.0,43.0,,,45.0,51.0,37.0,48.0,,46.0,,,22.0,14.0,4.0,19.0,51.0,18.0,26.0,7.0,,46.0,,26.0,24.0,51.0,32.0,27.0,27.0,5.0,23.0,,50.0,,,11.0,17.0,,55.0,26.0,24.0,,,43.0,30.0,,33.0,46.0,12.0,24.0,48.0,25.0,33.0,,,0.0,38.0,26.0,,29.0,14.0,13.0,26.0,36.0,,,,38.0,,36.0,35.0,50.0,44.0,50.0,20.0,37.0,,27.0,50.0,,28.0,24.0,,11.0,,35.0,49.0,58.0,16.0,,21.0,34.0,20.0,15.0,54.0,26.0,31.0,,11.0,25.0,,,,43.0,,17.0,,54.0,41.0,23.0,,16.0,8.0,10.0,22.0,7.0,39.0,,34.0,,44.0,42.0,,,30.0,25.0,,32.0,7.0,52.0,,42.0,,25.0,,,30.0,30.0,37.0,38.0,39.0,33.0,34.0,,,24.0,12.0,54.0,23.0,35.0,,,27.0,13.0,,41.0,,,0.0,,22.0,,35.0,12.0,32.0,40.0,46.0,,16.0,39.0,50.0,31.0,27.0,10.0,22.0,42.0,,43.0,27.0,11.0,50.0,37.0,,31.0,,15.0,58.0,,18.0,18.0,46.0,,,52.0,45.0,17.0,51.0,6.0,,32.0,,25.0,49.0,33.0,51.0,16.0,35.0,54.0,,34.0,7.0,,51.0,50.0,36.0,57.0,52.0,56.0,28.0,,43.0,,33.0,30.0,29.0,28.0,,47.0,31.0,,12.0,14.0,40.0,19.0,35.0,22.0,20.0,,27.0,,16.0,38.0,,,42.0,14.0,15.0,,30.0,,29.0,51.0,15.0,18.0,25.0,,,41.0,,47.0,27.0,23.0,23.0,24.0,27.0,,29.0,37.0,9.0,,26.0,,29.0,16.0,40.0,,,0.0,40.0,38.0,52.0,26.0,38.0,28.0,16.0,19.0,,58.0,11.0,36.0,35.0,28.0,,29.0,54.0,5.0,,15.0,,32.0,36.0,23.0,16.0,,45.0,33.0,43.0,28.0,19.0,36.0,49.0,5.0,,,45.0,44.0,27.0,,16.0,,4.0,35.0,7.0,,35.0,,57.0,18.0,41.0,22.0,,41.0,45.0,26.0,,22.0,,12.0,24.0,,33.0,40.0,15.0,21.0,12.0,57.0,,30.0,47.0,16.0,20.0,,24.0,15.0,,,29.0,33.0,26.0,26.0,20.0,7.0,15.0,21.0,,39.0,18.0,5.0,21.0,,20.0,,44.0,24.0,44.0,,,31.0,,39.0,,34.0,20.0,,,,11.0,,48.0,54.0,32.0,33.0,26.0,49.0,24.0,34.0,39.0,24.0,33.0,7.0,24.0,,55.0,,,25.0,22.0,,44.0,20.0,24.0,48.0,46.0,26.0,38.0,24.0,10.0,52.0,,,,45.0,36.0,6.0,44.0,,12.0,,29.0,44.0,,41.0,14.0,25.0,,52.0,56.0,27.0,46.0,11.0,14.0,15.0,31.0,19.0,33.0,18.0,39.0,,,41.0,28.0,,8.0,12.0,40.0,,,28.0,20.0,,19.0,51.0,33.0,33.0,23.0,53.0,40.0,0.0,10.0,19.0,28.0,14.0,33.0,12.0,54.0,15.0,46.0,19.0,10.0,,13.0,,46.0,,,,,58.0,27.0,14.0,8.0,21.0,48.0,14.0,36.0,,34.0,15.0,17.0,23.0,23.0,37.0,21.0,29.0,54.0,,,38.0,,0.0,,29.0,48.0,39.0,29.0,29.0,16.0,29.0,43.0,,28.0,,25.0,15.0,43.0,0.0,52.0,12.0,36.0,51.0,26.0,,,,,25.0,34.0,,40.0,56.0,23.0,33.0,38.0,197,3,2.434192672998643,17.933485583785327,-0.32637593303455165
2,1,3,4,3,4,3,2,2,2,5,9,4,4,8,5,5,3,32,7,2,15,8,8,3,2,9,4,4,8,7,4,6,7,7,2,9,9,10,12,11,31.0,10,12,6,9,8,5,10,8,8,15,4,10,15,32,7,0,3,7,6,11,11,10,5.0,9,8,7,4,12,0,7,12,3,12,5,22,3,11,7,14,9,6,8,11,12,9,11,19,9,5,7,16,11,16,15,7,16,7,12,9,15,8,11,9,16,8,10,11,9,2,17.0,13,20,28.0,5,20,11,12,17,11,6,8,13,7,13,12,24.0,9,5,18,11,12.0,3,14,21.0,14,21,6,11,12,13,10,26,5.0,47.0,6,23.0,4,5,9,9,12.0,9,7,14,12,26.0,31,14,13,15,5,23,16,12.0,12,14,12,12,5,21.0,2,24,9,12,10,10.0,11,21.0,17,8,10,13,28,10.0,33.0,5,15,25.0,26.0,7,7,9,11,16,10,7,14.0,17,18,,6,12,21,13,53.0,16,10,30,17,24.0,3,15,9,12,8,27,11,30.0,17.0,21,18,17,8.0,6,13,10,43.0,17,3.0,18.0,11,20,10.0,16,24,10,30.0,0.0,19,18,7,18,12,32.0,20,13,10,9,10,13,17.0,24.0,28,36.0,4.0,8.0,7.0,32,33.0,15,5,9,25.0,2.0,31.0,4.0,16.0,11,21.0,33.0,44.0,9,9,32.0,11,31,17,40.0,52.0,10.0,29,11.0,14,20,7.0,19.0,12,12.0,8.0,9,14,12.0,15,44.0,56.0,,21,16,24.0,16,14,19,8,10,18,13,18,5,12,10,9,29.0,30.0,24,9,13,17.0,22.0,11,24,10,8.0,14,45.0,20,1,12,6,14,16.0,8,6.0,13,17,10.0,18,21,17,51.0,,8,11.0,39.0,6.0,24.0,21.0,8,44.0,12,20,19,19.0,23,8.0,13.0,18,50.0,20.0,27.0,26,53.0,12,30,21,13,17,11,13,14.0,9,27.0,19,6,10,42.0,24,24.0,15,37.0,14,44.0,19,11,12.0,26,45.0,18,20.0,13.0,11,22,34.0,47.0,22.0,20.0,47.0,18,13.0,16.0,20,14.0,9,23,12.0,51.0,12,20.0,10,24.0,15.0,17,18,13,18.0,19,9.0,13.0,13,13.0,15,15.0,22,9,4,5.0,,6,14,22,26.0,20.0,15,12,18.0,14,10.0,35.0,43.0,40.0,29.0,,42.0,45.0,17.0,21.0,14,7,17.0,48.0,9.0,37.0,12.0,40.0,46.0,16.0,17,14,7.0,37.0,12,20.0,38.0,25.0,10.0,14.0,20.0,5,14,,17.0,13.0,16.0,24,23.0,23.0,6.0,23,22,18,17.0,,15.0,27.0,12,11,21.0,10.0,24,40.0,12.0,19,13.0,28.0,56.0,19,0.0,12,17.0,20.0,20.0,11,21.0,21,47.0,10,19,6.0,25.0,4.0,46.0,9,16,9,12.0,13,,13,31,10.0,6,18,19.0,21.0,22,18,46.0,41.0,22.0,13.0,12.0,9.0,27,18.0,14,13,37.0,27.0,19.0,19.0,4.0,42.0,16,26,14.0,17.0,14.0,8.0,28.0,17.0,18,18.0,10,28.0,0.0,39.0,12.0,12,10.0,15,43.0,33.0,15.0,24,38.0,16.0,23.0,15,17,23.0,,29.0,,22.0,28.0,42.0,10.0,13.0,49.0,,16.0,24,23,,,25.0,14,17,11,18,9.0,40.0,12,8,9.0,6.0,23,25.0,15.0,19.0,21,15.0,14.0,16.0,6,37.0,49.0,23.0,18.0,25.0,19.0,13,12.0,15,28.0,18,17,17,17.0,21.0,18.0,37.0,26.0,43.0,43.0,43.0,15.0,10.0,20.0,16,32.0,13.0,21,42.0,,25.0,28.0,0,36.0,12.0,,17,4,27.0,11,25.0,18.0,5.0,11.0,34,6.0,24,10,29.0,16,13.0,25,20.0,10.0,42.0,32,9,,22.0,14,,24,,14,25.0,30.0,,,5.0,9.0,19,29.0,,11.0,22.0,,12.0,9.0,16,10,17.0,20,12,29,45.0,50.0,11.0,48.0,4.0,28.0,15,33.0,9.0,34.0,18,39.0,,23.0,52.0,31.0,5,12.0,20.0,19.0,23.0,19.0,25.0,13.0,40,54.0,32.0,11.0,,11.0,24.0,44.0,18,41.0,,19.0,14.0,16,8,0.0,11.0,14,0.0,44.0,34.0,25,5.0,6.0,8.0,7.0,11,28.0,,22.0,13.0,39.0,22.0,23.0,30.0,32.0,14,17,31.0,,16.0,20.0,41.0,7.0,15.0,23.0,6.0,,18,18,,23,15.0,,17.0,30.0,17,23,12.0,25.0,21.0,43.0,42.0,28.0,29.0,14.0,8.0,20,15.0,21.0,35.0,35.0,25.0,37.0,11,19.0,25.0,12.0,16,14.0,41.0,12.0,29.0,20.0,9.0,13,33.0,34,9.0,29.0,32.0,13.0,22.0,46.0,7.0,21.0,22.0,6.0,22.0,0.0,31.0,24.0,,29.0,55.0,37.0,56.0,19.0,20.0,20,34.0,23.0,28,42.0,,10,17.0,36.0,43.0,20,27,19,18.0,14.0,41.0,,31.0,27.0,32.0,9.0,21.0,22,6.0,6,26.0,6,19,11.0,17,12.0,36.0,9.0,10.0,17,33.0,7.0,39.0,40.0,29.0,13.0,11,,24,26.0,42.0,8.0,25,19.0,17,15,33.0,10.0,56.0,21,5.0,18.0,13,33.0,37.0,20.0,29.0,43.0,16.0,14.0,23.0,21,29.0,28.0,13.0,14.0,,26.0,,12.0,21,32.0,17,14.0,30.0,,27.0,14,21,,30.0,55.0,25.0,10.0,25.0,21.0,20.0,31.0,16,25.0,9.0,19,15,8.0,,6,0.0,38.0,8,11.0,29,30,15,17.0,19.0,,40.0,25.0,43.0,,33.0,,,22.0,35.0,36.0,33.0,19.0,,28.0,20.0,19.0,16.0,30.0,12.0,,5.0,33.0,,14.0,,43.0,0.0,6.0,1.0,17.0,21.0,49.0,39.0,31.0,41.0,39.0,31.0,48.0,,,10.0,49.0,10.0,49.0,30.0,19,10.0,44.0,20.0,4,32.0,15.0,18.0,8.0,39.0,14.0,20.0,1.0,,22.0,23.0,,20.0,,13.0,39.0,41.0,45.0,21.0,,21.0,39.0,47.0,19.0,27.0,29.0,,32.0,16,28.0,31.0,6.0,13,15.0,26.0,2.0,33.0,25.0,10.0,15.0,16.0,18.0,10,19.0,,33.0,19.0,36.0,15.0,20,16,15.0,21.0,12.0,,32.0,,28,10,14.0,24.0,,,45.0,20.0,19.0,13.0,27.0,30.0,4.0,30.0,30.0,27.0,29.0,19.0,14,37.0,54.0,21.0,16.0,13.0,8,,31,7.0,13,14.0,,19.0,36.0,49.0,27.0,19.0,34.0,20.0,17.0,12.0,11.0,33,42.0,,,51.0,16.0,9,15.0,,29.0,18.0,9.0,,54.0,32.0,19.0,13,23,33.0,34.0,37.0,28.0,23.0,3.0,33.0,15.0,16,,27.0,7.0,14.0,22.0,22.0,31.0,19.0,17,6.0,29.0,17.0,40,19,46.0,39.0,32.0,,27.0,21.0,28.0,26.0,30.0,15.0,49.0,23.0,12.0,26.0,56.0,10,,18.0,,24.0,28.0,10,20.0,37.0,5,0.0,21.0,,40.0,26.0,,27.0,11.0,16.0,33.0,30.0,22,47.0,33.0,26.0,7.0,32,42.0,,25.0,9.0,27.0,,12.0,37.0,16.0,9.0,15.0,22.0,43.0,34,20,28.0,11.0,18.0,20.0,19.0,13,29,,21.0,24.0,21.0,36.0,15.0,,48.0,17.0,23.0,0.0,41.0,0.0,34.0,,31,16,8.0,13.0,18.0,,21.0,12,15.0,55.0,16.0,42.0,11.0,21.0,21.0,14.0,,26.0,29.0,44.0,,7.0,,30,34.0,16.0,25,24.0,30.0,12.0,33.0,,20.0,,48.0,38.0,8.0,24.0,24.0,13.0,28.0,7.0,39.0,25.0,18.0,42.0,49.0,39.0,22.0,26.0,32.0,,41.0,,12.0,8.0,49.0,5.0,13.0,,23.0,9.0,13.0,31.0,,,17.0,20.0,5.0,26.0,44.0,38.0,33.0,,,13.0,42.0,20.0,17.0,38.0,44.0,21.0,35.0,2.0,41.0,21.0,28.0,42.0,26,22.0,31.0,49.0,26.0,41.0,9.0,27.0,11.0,31.0,33.0,14.0,18.0,56.0,11.0,30.0,12.0,19.0,33.0,,12.0,,7.0,37.0,17.0,13.0,,11.0,,36.0,28.0,26.0,36.0,13.0,37.0,30.0,45.0,43.0,46.0,17.0,49.0,25.0,,,15.0,15.0,20.0,31,,44.0,37.0,40.0,54.0,27.0,23.0,14.0,19.0,20,19.0,,56.0,52.0,29.0,20.0,41.0,,13.0,19.0,17.0,32.0,47.0,19.0,55.0,41.0,6,31.0,11.0,20.0,50.0,40.0,44.0,10.0,6.0,8.0,15.0,12.0,26.0,21.0,34.0,17.0,15.0,47.0,28.0,24.0,7.0,29.0,50.0,19.0,43.0,21,13,14.0,23.0,30.0,15.0,,26.0,18.0,8.0,34.0,54.0,,19.0,20.0,20.0,26.0,33.0,,53.0,,26.0,25.0,32.0,,13.0,46.0,34.0,37.0,0.0,24.0,5.0,,,,,42.0,28.0,13.0,10.0,30.0,14.0,0.0,38.0,11.0,,20.0,24.0,12.0,1.0,21,19.0,13.0,35.0,22.0,19,19.0,,41.0,30.0,11.0,30.0,24.0,41.0,20,14.0,46.0,18.0,54.0,,31.0,21.0,23,,,,41.0,13,45.0,21.0,25.0,30.0,,12.0,21.0,5.0,31.0,32.0,16.0,36.0,21.0,25.0,39.0,16.0,22.0,44.0,19.0,,34.0,56.0,21.0,22.0,39,31.0,48.0,26.0,0.0,26.0,42.0,40.0,14.0,43.0,17.0,,30.0,24.0,39,24.0,15.0,44.0,16.0,44.0,,,11.0,30.0,,21.0,15.0,14.0,36.0,,44.0,19.0,24.0,17.0,16.0,38.0,,9.0,13.0,6.0,,27.0,34.0,41.0,25.0,22.0,13.0,30.0,10.0,43.0,,34.0,,13.0,16.0,8.0,26.0,14.0,52.0,23.0,24.0,18.0,22.0,56.0,30.0,,19.0,11.0,56.0,,,11.0,54.0,20.0,,4.0,30.0,19.0,28.0,,20.0,12.0,21.0,38.0,19,18.0,20.0,17.0,27.0,15.0,35.0,24.0,18.0,12.0,31.0,24.0,21.0,,15.0,48.0,50.0,29.0,15.0,,22.0,16.0,,13.0,45.0,25.0,28.0,26.0,26.0,46.0,41.0,15.0,15.0,34.0,45.0,4.0,23.0,40.0,29.0,13.0,43.0,31.0,13.0,39.0,5.0,5.0,36.0,35.0,,21.0,10.0,42.0,26.0,20.0,50.0,44.0,23.0,43.0,19.0,,33.0,20.0,,39.0,,,19.0,3.0,50.0,21.0,,11.0,51.0,30.0,25.0,40.0,30.0,25.0,43.0,16.0,20.0,29.0,16.0,15.0,13.0,,31.0,36.0,26.0,,20.0,48.0,26.0,30.0,38.0,18.0,14.0,,14.0,18.0,10.0,23.0,45.0,24.0,33.0,23.0,20.0,,44.0,36.0,35.0,18.0,11.0,21.0,30.0,37.0,,21.0,16.0,47.0,48.0,20.0,55.0,38.0,,26.0,35.0,7.0,50.0,9,30.0,,38.0,40.0,50.0,25.0,20.0,33.0,18.0,,25,13.0,35.0,10.0,45.0,14.0,25.0,19.0,,31,11.0,35.0,7.0,5.0,12.0,0.0,44.0,23.0,21.0,,35.0,30.0,31.0,,,19.0,12.0,32.0,19.0,26.0,,13.0,24.0,54.0,53.0,7.0,31.0,19.0,9.0,29.0,19.0,47.0,17.0,,,,,26.0,45.0,,40.0,21.0,29.0,,42.0,7.0,15.0,19.0,14.0,,16.0,,,11.0,,7.0,30.0,47.0,22.0,,22.0,45.0,26.0,30.0,,20.0,47.0,14.0,15.0,23.0,30.0,15.0,12.0,42.0,18.0,17.0,46.0,32.0,32.0,,28.0,,7.0,,,44.0,39.0,,5.0,,5.0,29.0,20.0,32.0,19.0,40.0,28.0,8.0,18.0,25.0,17.0,10.0,,22.0,47.0,,,4.0,21,13.0,48.0,,50.0,28.0,30.0,,15.0,,0.0,,,54.0,36.0,15.0,19.0,34.0,30.0,,19.0,46.0,,16.0,40.0,34.0,35.0,14.0,10.0,32.0,15.0,,,20.0,26.0,15.0,55.0,33.0,26.0,38.0,,19.0,,19.0,18.0,,36.0,56.0,45.0,,12.0,,10.0,21.0,16.0,11.0,,,38.0,44.0,21.0,55.0,27.0,16.0,26.0,,,42.0,39.0,,15.0,25.0,,,20.0,11.0,29.0,52.0,,,12,45.0,15.0,13,3.0,54.0,33.0,51.0,18.0,3.0,8.0,48.0,27.0,41.0,,26.0,47.0,26.0,56.0,34.0,,15.0,,47.0,15.0,11.0,54.0,19.0,25.0,18.0,24.0,18.0,19.0,21.0,14.0,18.0,6.0,23.0,12.0,17.0,,14.0,49.0,16.0,46.0,6.0,55.0,16.0,25.0,21.0,14.0,35.0,6.0,35.0,,34.0,47.0,46.0,49.0,23.0,23.0,20.0,21.0,31.0,38.0,9.0,23.0,27.0,16.0,14.0,17.0,37.0,,20.0,20.0,22.0,22.0,13.0,47.0,24.0,26.0,16.0,,34.0,53.0,12.0,,48.0,11.0,13.0,,,32.0,38.0,24.0,21.0,,30.0,28.0,40.0,12.0,,28.0,5.0,24.0,52.0,21.0,45.0,,,,20.0,43.0,,26.0,11.0,37.0,36.0,31.0,11.0,20.0,35.0,15.0,11.0,25.0,49.0,44.0,52.0,,35.0,,28.0,,9.0,13.0,43.0,42.0,9.0,43.0,55.0,19.0,17.0,14.0,15.0,28.0,8.0,30.0,6.0,36.0,42.0,22.0,21.0,31.0,9.0,17.0,47.0,,34.0,38.0,18.0,12.0,,,18.0,,,44.0,11.0,8.0,51.0,,,,43.0,32.0,27.0,30.0,38.0,31.0,36.0,20.0,41.0,,8.0,36.0,26.0,29.0,11.0,17.0,9.0,34.0,,,9.0,41.0,,35.0,26.0,,,21.0,53.0,12.0,9.0,,,,31.0,,,32.0,,49.0,30.0,39.0,,38.0,,30.0,,34.0,56.0,23.0,26.0,29.0,48.0,8.0,,46.0,46.0,,21.0,22.0,37.0,23.0,43.0,38.0,15.0,9.0,15.0,14.0,10.0,11.0,20.0,53.0,54.0,10.0,,14.0,48.0,25.0,48.0,15.0,9.0,20.0,32.0,22.0,4.0,38.0,,36.0,45.0,35.0,6.0,32.0,14.0,14.0,,26.0,6.0,53.0,52.0,36.0,44.0,,35.0,16.0,54.0,45.0,41.0,51.0,25.0,11.0,25.0,18.0,52.0,21.0,29.0,,26.0,30.0,40.0,17.0,,0.0,13.0,21.0,18.0,51.0,21.0,51.0,,44.0,23.0,21.0,29.0,,18.0,,16.0,40.0,25.0,23.0,,,44.0,24.0,37.0,12.0,53.0,10.0,32.0,20.0,,22.0,33.0,54.0,46.0,24.0,16.0,10.0,40.0,10.0,47.0,27.0,0.0,35.0,34.0,10.0,16.0,30.0,16.0,48.0,,27.0,,31.0,13.0,21.0,39.0,40.0,29.0,0.0,47.0,24.0,29.0,46.0,14.0,,36.0,22.0,24.0,16.0,44.0,14.0,5.0,12.0,0.0,11.0,,35.0,19.0,,23.0,37.0,31.0,40.0,,9.0,,16.0,,13.0,,,,19.0,45.0,53.0,43.0,24.0,20.0,38.0,40.0,16.0,,32.0,24.0,29.0,35.0,29.0,13.0,49.0,16.0,46.0,10.0,53.0,,13.0,,,48.0,49.0,27.0,25.0,,46.0,33.0,20.0,36.0,48.0,50.0,39.0,47.0,33.0,,12.0,29.0,26.0,,13.0,,41.0,,50.0,21.0,20.0,45.0,31.0,31.0,56.0,,27.0,55.0,18.0,36.0,0.0,42.0,27.0,45.0,30.0,46.0,0.0,50.0,19.0,10.0,42.0,37.0,20.0,51.0,10.0,47.0,52.0,25.0,31.0,56.0,,37.0,,38.0,,,29.0,56.0,43.0,28.0,18.0,,,,51.0,,,28.0,,30.0,,5.0,,,,,,49.0,16.0,52.0,2.0,27.0,22.0,14.0,56.0,24.0,29.0,39.0,,19.0,,43.0,9.0,,27.0,44.0,46.0,,54.0,50.0,28.0,45.0,,35.0,45.0,,21.0,20.0,15.0,33.0,30.0,,13.0,30.0,30.0,,24.0,56.0,11.0,6.0,25.0,27.0,,23.0,44.0,41.0,,37.0,55.0,46.0,31.0,18.0,14.0,19.0,,36.0,,29.0,33.0,21.0,37.0,40.0,,12.0,18.0,,,20.0,50.0,,36.0,13.0,33.0,,20.0,20.0,13.0,12.0,52.0,,,33.0,34.0,10.0,56.0,,14.0,,53.0,35.0,24.0,42.0,16.0,36.0,23.0,46.0,32.0,,,14.0,21.0,9.0,44.0,12.0,39.0,,,17.0,,,19.0,38.0,15.0,20.0,,26.0,48.0,11.0,27.0,,43.0,23.0,16.0,,9.0,7.0,,32.0,,54.0,18.0,23.0,,,11.0,21.0,37.0,48.0,28.0,55.0,11.0,41.0,35.0,,38.0,35.0,15.0,,41.0,43.0,36.0,46.0,28.0,,42.0,,18.0,,,15.0,9.0,42.0,38.0,,,29.0,21.0,38.0,41.0,45.0,13.0,13.0,35.0,29.0,,44.0,9.0,12.0,18.0,45.0,18.0,51.0,7.0,25.0,51.0,41.0,12.0,51.0,5.0,,,,,,6.0,44.0,12.0,,,24.0,,42.0,14.0,24.0,38.0,,40.0,25.0,17.0,,13.0,39.0,,41.0,23.0,51.0,0.0,13.0,10.0,35.0,,24.0,,22.0,37.0,,,33.0,17.0,7.0,,13.0,,31.0,,,27.0,15.0,22.0,16.0,44.0,,,47.0,54.0,23.0,28.0,35.0,28.0,25.0,25.0,22.0,36.0,23.0,36.0,42.0,50.0,17.0,3.0,35.0,53.0,,23.0,21.0,9.0,7.0,20.0,9.0,,30.0,,12.0,52.0,,17.0,,24.0,51.0,10.0,27.0,,11.0,18.0,49.0,,24.0,,,,22.0,,,11.0,16.0,22.0,47.0,,26.0,0.0,16.0,38.0,31.0,41.0,20.0,34.0,27.0,28.0,16.0,32.0,,,51.0,27.0,,27.0,22.0,44.0,,,29.0,7.0,35.0,21.0,22.0,12.0,11.0,20.0,29.0,7.0,24.0,34.0,,,17.0,,,,,16.0,27.0,42.0,40.0,8.0,19.0,22.0,56.0,19.0,,11.0,33.0,35.0,7.0,29.0,,16.0,13.0,20.0,,29.0,24.0,16.0,,15.0,0.0,,43.0,53.0,36.0,44.0,44.0,12.0,30.0,23.0,36.0,33.0,56.0,27.0,,35.0,,40.0,42.0,,47.0,52.0,,,,3.0,31.0,55.0,32.0,23.0,39.0,53.0,34.0,30.0,,,49.0,53.0,17.0,18.0,23.0,37.0,0.0,,12.0,26.0,15.0,43.0,37.0,42.0,23.0,,37.0,,,34.0,,,50.0,24.0,,9.0,,13.0,,40.0,50.0,27.0,,51.0,,51.0,,24.0,,11.0,40.0,32.0,35.0,19.0,45.0,19.0,,,,,10.0,,,9.0,30.0,,29.0,,36.0,49.0,48.0,,41.0,40.0,26.0,26.0,12.0,34.0,39.0,21.0,41.0,42.0,9.0,41.0,36.0,53.0,,41.0,28.0,30.0,26.0,53.0,23.0,42.0,9.0,,36.0,22.0,33.0,9.0,50.0,,16.0,41.0,37.0,,13.0,,51.0,11.0,49.0,12.0,,55.0,13.0,41.0,,41.0,,21.0,,,,,29.0,21.0,17.0,8.0,18.0,,20.0,20.0,,33.0,42.0,9.0,18.0,,42.0,13.0,22.0,0.0,21.0,25.0,54.0,35.0,,26.0,24.0,19.0,36.0,10.0,27.0,21.0,,32.0,31.0,7.0,14.0,,,15.0,23.0,49.0,33.0,16.0,41.0,,11.0,,27.0,,42.0,12.0,,,,54.0,37.0,17.0,14.0,38.0,,,10.0,11.0,31.0,27.0,34.0,24.0,14.0,37.0,27.0,51.0,,47.0,10.0,,39.0,,43.0,26.0,198,3,2.493093922651933,17.840980336278143,-0.3619220786565574
3,4,2,5,4,8,7,6,7,5,5,6,5,4,7,6,9,4,0,8,3,15,4,5,8,15,9,11,6,9,9,6,7,8,6,9,4,5,12,11,13,14.0,15,0,11,5,7,5,9,15,10,15,11,11,13,32,15,5,7,11,7,9,12,12,10.0,13,17,13,5,9,10,12,10,14,9,11,13,15,8,8,16,15,11,14,9,4,10,11,5,17,13,7,12,3,10,16,12,13,10,17,12,33,12,14,14,19,12,15,16,13,20,25.0,15,15,10.0,16,13,12,6,18,14,14,9,15,15,8,14,13.0,31,8,15,12,9.0,10,16,16.0,13,10,12,16,17,17,26,14,24.0,7.0,5,,8,18,13,18,26.0,10,13,11,13,17.0,31,18,9,18,14,12,15,31.0,17,19,13,18,12,29.0,7,22,7,20,19,26.0,12,42.0,15,9,14,15,7,23.0,13.0,13,17,18.0,,8,34,12,11,18,8,6,16.0,22,22,,10,15,14,14,,16,16,9,12,,23,25,11,13,9,16,14,16.0,17.0,7,17,15,42.0,14,16,24,,15,11.0,23.0,0,22,27.0,35,13,13,13.0,0.0,15,12,15,16,19,14.0,14,14,13,16,8,16,11.0,20.0,31,27.0,26.0,25.0,17.0,20,21.0,18,19,5,33.0,33.0,44.0,,23.0,14,45.0,17.0,31.0,9,10,0.0,9,4,0,20.0,42.0,32.0,21,28.0,12,14,15.0,11.0,16,31.0,11.0,6,14,19.0,14,32.0,58.0,16.0,21,15,22.0,14,19,14,17,16,6,10,19,10,21,29,16,20.0,25.0,4,13,20,15.0,9.0,10,22,16,29.0,15,12.0,14,8,26,13,12,13.0,10,11.0,13,30,11.0,29,12,17,33.0,31.0,28,15.0,41.0,29.0,24.0,,16,17.0,17,13,21,41.0,13,15.0,0.0,16,20.0,26.0,,20,24.0,16,29,25,27,13,19,0,20.0,12,14.0,21,12,12,53.0,19,24.0,25,21.0,19,24.0,32,13,15.0,34,17.0,6,21.0,18.0,32,34,,28.0,19.0,5.0,8.0,26,29.0,38.0,13,51.0,13,21,8.0,28.0,47,15.0,12,9.0,,19,32,27,21.0,17,21.0,18.0,17,12.0,17,14.0,19,16,14,15.0,45.0,31,15,23,23.0,18.0,10,14,15.0,13,34.0,13.0,38.0,14.0,43.0,13.0,20.0,26.0,23.0,8.0,12,14,28.0,36.0,25.0,14.0,17.0,54.0,54.0,5.0,23,13,38.0,19.0,0,24.0,23.0,37.0,18.0,24.0,38.0,19,27,33.0,11.0,21.0,25.0,18,48.0,21.0,17.0,33,14,34,,15.0,16.0,15.0,0,20,43.0,25.0,19,33.0,40.0,34,46.0,13.0,55.0,17,18.0,17,28.0,48.0,18.0,21,23.0,17,30.0,13,17,54.0,39.0,3.0,13.0,11,16,30,23.0,16,5.0,12,7,27.0,14,19,24.0,26.0,33,9,18.0,57.0,55.0,11.0,13.0,18.0,15,42.0,15,13,,22.0,36.0,40.0,27.0,10.0,16,18,43.0,39.0,34.0,34.0,,29.0,14,57.0,16,14.0,,38.0,48.0,26,41.0,22,42.0,40.0,24.0,27,,15.0,42.0,15,21,11.0,30.0,12.0,,27.0,21.0,19.0,28.0,6.0,16.0,,27.0,31,26,32.0,8.0,16.0,17,10,16,16,24.0,25.0,19,13,15.0,45.0,18,11.0,15.0,52.0,32,,,53.0,28,42.0,18.0,26.0,,46.0,,17,10.0,17,12.0,12,54,20,16.0,30.0,11.0,34.0,43.0,22.0,31.0,27.0,15.0,33.0,6.0,21,24.0,34.0,14,,45.0,18.0,18.0,16,16.0,11.0,38.0,10,23,,11,48.0,15.0,28.0,13.0,13,47.0,14,20,6.0,22,,11,49.0,,30.0,0,19,,9.0,28,26.0,30,10.0,18,,,23.0,33.0,24.0,47.0,14,38.0,35.0,58.0,24.0,19.0,,11.0,15,6,23.0,24,15,30,48.0,18.0,9.0,18.0,34.0,21.0,13,27.0,46.0,,8,,20.0,33.0,21.0,,3,40.0,13.0,28.0,32.0,30.0,46.0,20.0,22,21.0,,47.0,,11.0,21.0,30.0,24,14.0,,15.0,39.0,20,28,50.0,21.0,12,16.0,30.0,20.0,10,24.0,26.0,9.0,29.0,24,26.0,10.0,16.0,18.0,24.0,26.0,19.0,,25.0,24,18,32.0,29.0,41.0,33.0,22.0,11.0,30.0,25.0,39.0,,31,9,34.0,12,,56.0,30.0,32.0,16,10,18.0,17.0,12.0,31.0,53.0,9.0,,18.0,39.0,7,7.0,,16.0,17.0,44.0,46.0,17,30.0,26.0,19.0,26,22.0,13.0,18.0,33.0,15.0,20.0,24,36.0,12,20.0,35.0,32.0,14.0,20.0,36.0,40.0,39.0,30.0,17.0,,9.0,25.0,16.0,25.0,41.0,45.0,23.0,33.0,27.0,27.0,13,23.0,12.0,29,54.0,39.0,18,29.0,9.0,,17,2,23,20.0,20.0,34.0,10.0,19.0,25.0,24.0,25.0,22.0,20,23.0,24,28.0,31,41,17.0,23,,5.0,11.0,22.0,53,18.0,12.0,39.0,17.0,,14.0,21,26.0,22,17.0,20.0,10.0,3,34.0,40,14,25.0,46.0,45.0,11,23.0,,14,43.0,34.0,20.0,29.0,,20.0,15.0,24.0,14,30.0,0.0,17.0,48.0,31.0,40.0,34.0,24.0,12,47.0,27,29.0,44.0,35.0,43.0,22,23,4.0,5.0,27.0,19.0,40.0,21.0,31.0,39.0,28.0,32,21.0,7.0,38,20,17.0,15.0,7,18.0,19.0,20,26.0,23,10,25,48.0,22.0,33.0,31.0,32.0,41.0,13.0,,32.0,,54.0,42.0,34.0,23.0,33.0,,48.0,44.0,50.0,23.0,18.0,28.0,49.0,40.0,15.0,19.0,31.0,35.0,27.0,26.0,32.0,16.0,15.0,48.0,7.0,,20.0,12.0,32.0,22.0,48.0,18.0,40.0,21.0,17.0,42.0,,41.0,6,8.0,24.0,37.0,4,21.0,5.0,9.0,9.0,46.0,30.0,26.0,6.0,30.0,13.0,15.0,11.0,46.0,,20.0,52.0,19.0,19.0,0.0,47.0,23.0,41.0,33.0,14.0,33.0,43.0,0.0,47.0,11,30.0,28.0,35.0,27,32.0,29.0,16.0,18.0,14.0,25.0,7.0,58.0,33.0,18,55.0,,31.0,5.0,31.0,44.0,11,39,41.0,25.0,39.0,39.0,,,23,25,49.0,32.0,40.0,,41.0,22.0,26.0,9.0,33.0,45.0,32.0,,17.0,20.0,,32.0,16,22.0,45.0,38.0,22.0,21.0,12,,22,,33,26.0,,47.0,45.0,43.0,23.0,17.0,,17.0,16.0,25.0,22.0,10,33.0,19.0,52.0,6.0,,8,,,20.0,,27.0,35.0,28.0,,40.0,6,22,,12.0,11.0,38.0,,14.0,20.0,31.0,28,20.0,,27.0,17.0,26.0,9.0,38.0,14.0,20,25.0,20.0,28.0,24,15,,50.0,25.0,18.0,52.0,,22.0,49.0,58.0,25.0,30.0,14.0,10.0,27.0,39.0,6,20.0,,28.0,22.0,46.0,10,18.0,52.0,15,,10.0,28.0,25.0,48.0,44.0,3.0,19.0,29.0,7.0,36.0,12,,45.0,12.0,,21,25.0,38.0,33.0,21.0,13.0,,19.0,38.0,19.0,17.0,26.0,30.0,13.0,33,27,25.0,54.0,36.0,6.0,,17,30,11.0,39.0,59.0,,,5.0,9.0,22.0,8.0,21.0,36.0,25.0,45.0,8.0,42.0,30,19,13.0,13.0,49.0,17.0,23.0,13,38.0,57.0,33.0,20.0,12.0,40.0,30.0,,39.0,5.0,24.0,0.0,37.0,33.0,30.0,29,22.0,17.0,36,41.0,22.0,47.0,21.0,39.0,43.0,20.0,23.0,27.0,39.0,27.0,,15.0,,54.0,,26.0,25.0,14.0,17.0,12.0,,,30.0,50.0,,36.0,22.0,14.0,,17.0,26.0,31.0,20.0,11.0,19.0,23.0,27.0,29.0,,19.0,25.0,,,24.0,21.0,,41.0,34.0,8.0,,41.0,55.0,16.0,20.0,43.0,37.0,43.0,31.0,30.0,54.0,37,29.0,22.0,13.0,0.0,33.0,28.0,6.0,50.0,12.0,47.0,31.0,39.0,53.0,4.0,42.0,25.0,,33.0,39.0,47.0,38.0,20.0,47.0,28.0,20.0,13.0,23.0,31.0,32.0,,36.0,47.0,28.0,42.0,31.0,19.0,15.0,39.0,6.0,48.0,41.0,28.0,51.0,28.0,42.0,34.0,9,,3.0,,55.0,23.0,42.0,40.0,,12.0,7,19.0,,,39.0,28.0,20.0,24.0,,25.0,36.0,16.0,19.0,11.0,24.0,53.0,,14,29.0,19.0,17.0,19.0,14.0,,26.0,30.0,22.0,,20.0,,6.0,,41.0,15.0,36.0,50.0,,46.0,52.0,34.0,17.0,11.0,18,22,15.0,45.0,37.0,21.0,22.0,38.0,25.0,34.0,,,54.0,36.0,26.0,35.0,53.0,,17.0,40.0,37.0,32.0,22.0,32.0,28.0,26.0,45.0,23.0,43.0,44.0,41.0,11.0,36.0,25.0,,56.0,24.0,,23.0,7.0,32.0,,11.0,11.0,17.0,21.0,16.0,34.0,25.0,13.0,30,23.0,19.0,34.0,39.0,10,43.0,46.0,,34.0,24.0,52.0,17.0,16.0,42,,23.0,28.0,46.0,46.0,34.0,18.0,25,35.0,0.0,,41.0,28,35.0,31.0,35.0,17.0,41.0,3.0,41.0,15.0,59.0,31.0,19.0,,19.0,35.0,20.0,24.0,22.0,37.0,28.0,18.0,16.0,16.0,40.0,,23,20.0,33.0,25.0,,43.0,56.0,,24.0,19.0,58.0,45.0,42.0,,19,20.0,38.0,12.0,38.0,36.0,47.0,35.0,37.0,,28.0,35.0,13.0,36.0,45.0,40.0,,25.0,,58.0,38.0,,,13.0,44.0,21.0,35.0,27.0,,11.0,25.0,23.0,11.0,51.0,,12.0,22.0,21.0,19.0,6.0,20.0,29.0,30.0,7.0,27.0,54.0,22.0,59.0,40.0,54.0,29.0,38.0,34.0,53.0,51.0,31.0,24.0,19.0,47.0,0.0,11.0,7.0,11.0,22.0,,56.0,25.0,14.0,23.0,35.0,22,55.0,,7.0,45.0,,18.0,35.0,,19.0,31.0,17.0,51.0,,34.0,22.0,34.0,32.0,36.0,8.0,24.0,20.0,44.0,24.0,19.0,38.0,21.0,8.0,21.0,,48.0,32.0,10.0,17.0,48.0,36.0,32.0,20.0,,2.0,,6.0,18.0,,25.0,,23.0,32.0,,11.0,16.0,49.0,,34.0,35.0,,23.0,54.0,45.0,33.0,24.0,31.0,,,25.0,43.0,,23.0,10.0,28.0,29.0,,27.0,56.0,35.0,20.0,27.0,41.0,,14.0,14.0,43.0,34.0,,22.0,17.0,17.0,,38.0,13.0,31.0,50.0,10.0,56.0,45.0,45.0,18.0,13.0,22.0,,48.0,,29.0,15.0,40.0,15.0,24.0,,43.0,6.0,25.0,14.0,41.0,,,9.0,23.0,1.0,36.0,23.0,14.0,25.0,47.0,19.0,27.0,,39.0,19.0,23.0,9,43.0,55.0,58.0,22.0,18.0,14.0,40.0,,25.0,,21,,33.0,,27.0,25.0,34.0,46.0,,28,40.0,18.0,,9.0,22.0,37.0,50.0,,46.0,,,15.0,7.0,52.0,28.0,58.0,6.0,50.0,41.0,47.0,23.0,18.0,4.0,33.0,26.0,15.0,40.0,33.0,31.0,37.0,47.0,,,35.0,11.0,31.0,27.0,32.0,22.0,45.0,37.0,46.0,29.0,23.0,36.0,44.0,15.0,,32.0,,32.0,19.0,57.0,40.0,30.0,25.0,18.0,34.0,23.0,34.0,26.0,15.0,4.0,58.0,,26.0,29.0,27.0,43.0,30.0,26.0,0.0,26.0,53.0,16.0,47.0,,45.0,,17.0,34.0,14.0,24.0,21.0,,33.0,15.0,9.0,15.0,18.0,18.0,,15.0,24.0,18.0,56.0,16.0,39.0,31.0,11.0,16.0,37.0,34.0,23.0,25.0,19.0,43.0,,23,27.0,,,29.0,13.0,33.0,16.0,20.0,42.0,,23.0,55.0,20.0,18.0,10.0,24.0,20.0,27.0,,36.0,34.0,,,32.0,35.0,35.0,26.0,,21.0,56.0,24.0,20.0,9.0,31.0,,,32.0,12.0,12.0,,25.0,48.0,26.0,39.0,21.0,,12.0,22.0,24.0,20.0,55.0,28.0,,15.0,9.0,26.0,26.0,42.0,30.0,12.0,,,15.0,19.0,57.0,19.0,48.0,31.0,26.0,,28.0,23.0,31.0,30.0,,14.0,,22.0,34.0,14,49.0,14.0,28,48.0,22.0,26.0,29.0,13.0,21.0,45.0,16.0,22.0,9.0,20.0,24.0,20.0,,42.0,50.0,,30.0,32.0,28.0,20.0,30.0,39.0,33.0,39.0,,12.0,23.0,31.0,,50.0,46.0,,38.0,35.0,,,18.0,35.0,48.0,27.0,17.0,21.0,11.0,24.0,21.0,34.0,38.0,50.0,49.0,43.0,18.0,34.0,33.0,38.0,29.0,,44.0,29.0,34.0,24.0,,20.0,28.0,38.0,51.0,28.0,35.0,,,42.0,27.0,17.0,,39.0,19.0,44.0,,,9.0,13.0,5.0,,13.0,44.0,22.0,54.0,,40.0,,42.0,18.0,,25.0,57.0,,,45.0,12.0,8.0,37.0,21.0,22.0,39.0,30.0,45.0,,6.0,19.0,,12.0,,37.0,29.0,45.0,40.0,,55.0,19.0,11.0,27.0,26.0,26.0,54.0,30.0,31.0,45.0,30.0,19.0,33.0,29.0,46.0,16.0,46.0,,58.0,26.0,30.0,27.0,47.0,22.0,18.0,8.0,16.0,,11.0,,7.0,36.0,32.0,,41.0,48.0,14.0,,27.0,18.0,48.0,40.0,50.0,47.0,,52.0,,56.0,38.0,,10.0,22.0,54.0,37.0,23.0,,10.0,,16.0,50.0,12.0,,15.0,,,23.0,21.0,24.0,15.0,28.0,15.0,34.0,25.0,52.0,18.0,47.0,13.0,51.0,,28.0,,,6.0,44.0,21.0,54.0,39.0,41.0,,30.0,30.0,,28.0,18.0,29.0,27.0,,20.0,26.0,44.0,,17.0,19.0,58.0,,,26.0,,,5.0,22.0,23.0,26.0,25.0,26.0,58.0,26.0,11.0,12.0,21.0,48.0,,15.0,24.0,29.0,51.0,43.0,29.0,,,8.0,,31.0,24.0,49.0,24.0,17.0,16.0,38.0,,55.0,13.0,34.0,27.0,27.0,,20.0,18.0,20.0,37.0,54.0,16.0,36.0,,,,18.0,13.0,,46.0,,23.0,28.0,19.0,,28.0,13.0,33.0,35.0,52.0,,23.0,56.0,,56.0,35.0,54.0,13.0,17.0,22.0,30.0,44.0,39.0,53.0,40.0,54.0,16.0,23.0,50.0,,,27.0,,30.0,19.0,21.0,41.0,46.0,55.0,12.0,24.0,31.0,54.0,54.0,29.0,28.0,23.0,23.0,,25.0,26.0,16.0,42.0,28.0,34.0,44.0,29.0,58.0,47.0,9.0,41.0,,14.0,47.0,37.0,53.0,12.0,58.0,21.0,15.0,9.0,55.0,27.0,19.0,36.0,18.0,49.0,37.0,35.0,,42.0,32.0,,41.0,49.0,17.0,27.0,,37.0,18.0,,35.0,36.0,,,39.0,,40.0,46.0,,38.0,30.0,,,41.0,51.0,44.0,33.0,40.0,,49.0,,,38.0,11.0,58.0,0.0,19.0,30.0,39.0,0.0,,,,5.0,48.0,45.0,39.0,54.0,11.0,28.0,28.0,22.0,42.0,48.0,28.0,23.0,14.0,,15.0,37.0,36.0,20.0,29.0,13.0,27.0,32.0,,25.0,47.0,22.0,,56.0,37.0,19.0,42.0,,45.0,,34.0,42.0,18.0,17.0,24.0,46.0,37.0,16.0,18.0,41.0,24.0,23.0,,,10.0,30.0,37.0,,25.0,27.0,,36.0,5.0,,27.0,59.0,,45.0,28.0,32.0,,57.0,,,,53.0,,,,39.0,,,56.0,22.0,51.0,52.0,47.0,12.0,21.0,28.0,37.0,9.0,53.0,20.0,0.0,37.0,59.0,,,,,,19.0,23.0,20.0,19.0,,51.0,,24.0,57.0,28.0,28.0,15.0,,48.0,4.0,,23.0,,,,37.0,,21.0,,10.0,37.0,,48.0,37.0,22.0,19.0,11.0,24.0,,21.0,48.0,49.0,16.0,29.0,34.0,,13.0,42.0,54.0,,23.0,31.0,40.0,49.0,8.0,36.0,26.0,,41.0,,29.0,50.0,55.0,58.0,24.0,25.0,52.0,33.0,11.0,29.0,,25.0,,38.0,20.0,28.0,,35.0,18.0,,50.0,41.0,18.0,18.0,36.0,32.0,21.0,41.0,,,31.0,,53.0,26.0,0.0,,22.0,,19.0,16.0,28.0,32.0,19.0,22.0,30.0,35.0,8.0,28.0,44.0,45.0,54.0,25.0,26.0,24.0,,59.0,,,24.0,27.0,34.0,41.0,,17.0,,31.0,26.0,34.0,,,30.0,46.0,22.0,0.0,28.0,10.0,,34.0,11.0,19.0,22.0,,34.0,37.0,10.0,13.0,,37.0,16.0,14.0,,7.0,,23.0,47.0,27.0,41.0,10.0,17.0,44.0,,,10.0,49.0,16.0,28.0,,47.0,58.0,21.0,15.0,,22.0,18.0,18.0,25.0,16.0,23.0,55.0,,20.0,17.0,19.0,26.0,,16.0,,4.0,,11.0,37.0,51.0,33.0,38.0,46.0,10.0,32.0,53.0,17.0,36.0,,28.0,,,0.0,29.0,22.0,,,35.0,23.0,0.0,54.0,24.0,17.0,25.0,,,17.0,21.0,25.0,23.0,39.0,31.0,49.0,51.0,19.0,41.0,9.0,23.0,58.0,45.0,,30.0,0.0,17.0,9.0,,38.0,21.0,34.0,18.0,11.0,35.0,56.0,43.0,23.0,22.0,,38.0,20.0,,14.0,29.0,23.0,22.0,57.0,15.0,,,,21.0,28.0,21.0,,29.0,6.0,58.0,39.0,14.0,,37.0,43.0,27.0,,27.0,,19.0,11.0,21.0,4.0,29.0,57.0,,36.0,26.0,59.0,30.0,,22.0,0.0,22.0,,58.0,,28.0,21.0,31.0,58.0,,,,29.0,8.0,,46.0,30.0,28.0,33.0,,16.0,12.0,,5.0,,,,,15.0,19.0,,35.0,21.0,26.0,,36.0,15.0,40.0,13.0,27.0,32.0,42.0,33.0,,21.0,,52.0,12.0,51.0,6.0,,39.0,,26.0,31.0,10.0,27.0,,21.0,53.0,,19.0,56.0,46.0,32.0,31.0,16.0,34.0,7.0,37.0,49.0,23.0,26.0,,,36.0,46.0,,9.0,26.0,28.0,20.0,53.0,11.0,,24.0,24.0,25.0,29.0,,32.0,,58.0,,30.0,37.0,,36.0,13.0,,10.0,,16.0,43.0,43.0,24.0,56.0,12.0,37.0,36.0,40.0,,35.0,21.0,25.0,46.0,0.0,12.0,,11.0,19.0,,,,27.0,,49.0,39.0,38.0,24.0,55.0,35.0,,19.0,36.0,7.0,,,31.0,,25.0,27.0,,19.0,,,51.0,49.0,,50.0,33.0,,,46.0,32.0,41.0,,13.0,49.0,33.0,5.0,45.0,39.0,18.0,41.0,16.0,21.0,34.0,32.0,52.0,,48.0,15.0,30.0,36.0,34.0,,12.0,27.0,24.0,,,18.0,57.0,,25.0,,56.0,17.0,56.0,35.0,,49.0,51.0,39.0,8.0,,,19.0,16.0,,,9.0,13.0,0.0,33.0,51.0,8.0,,,24.0,15.0,10.0,30.0,11.0,39.0,36.0,24.0,18.0,28.0,,18.0,,18.0,19.0,,,,16.0,15.0,19.0,22.0,37.0,43.0,18.0,28.0,,11.0,3.0,49.0,31.0,8.0,28.0,40.0,45.0,33.0,49.0,26.0,45.0,6.0,22.0,27.0,55.0,25.0,12.0,56.0,22.0,45.0,10.0,,17.0,45.0,45.0,,53.0,49.0,40.0,39.0,21.0,,,15.0,50.0,19.0,,5.0,,13.0,6.0,23.0,37.0,15.0,24.0,,47.0,,,47.0,,46.0,,11.0,,26.0,,,,53.0,,30.0,199,3,2.4779614325068877,18.10974212034384,-0.36191742690663925
