0,1,2,3,4,5,6,7,8,9,10,11,12,13,14,15,16,17,18,19,20,21,22,23,24,25,26,27,28,29,30,31,32,33,34,35,36,37,38,39,40,41,42,43,44,45,46,47,48,49,50,51,52,53,54,55,56,57,58,59,60,61,62,63,64,65,66,67,68,69,70,71,72,73,74,75,76,77,78,79,80,81,82,83,84,85,86,87,88,89,90,91,seed,complex_param
,,0.0,,4.0,3.0,3.0,1.0,2.0,4.0,3.0,3.0,4.0,0.0,3.0,3,0.0,,4.0,2,3.0,4.0,0.0,,0.0,4.0,,4.0,4.0,,4.0,4.0,,0.0,4.0,3.0,,,2.0,4.0,3.0,3.0,4.0,3.0,2.0,3.0,4.0,4.0,4.0,4.0,4.0,,4.0,,4.0,,,4.0,3.0,4.0,0.0,4.0,1,,,1,,3.0,0.0,,4.0,,4.0,,,,0.0,1.0,2.0,4.0,0.0,3.0,3.0,,4.0,,,4.0,4.0,,4.0,,0,6
,,3.0,,2.0,3.0,2.0,3.0,4.0,3.0,1.0,2.0,3.0,3.0,3.0,2,4.0,,,3,3.0,4.0,,,4.0,,,3.0,4.0,4.0,4.0,,,,4.0,4.0,2.0,4.0,2.0,0.0,3.0,3.0,2.0,4.0,0.0,4.0,3.0,3.0,4.0,4.0,3.0,,4.0,0.0,0.0,4.0,0.0,4.0,2.0,0.0,,3.0,1,4.0,,2,1.0,3.0,4.0,,4.0,1.0,4.0,0.0,0.0,4.0,4.0,3.0,4.0,4.0,,0.0,3.0,,0.0,,4.0,4.0,1.0,,,,1,6
,,0.0,,3.0,4.0,3.0,4.0,3.0,4.0,3.0,,3.0,0.0,0.0,3,0.0,4.0,3.0,2,1.0,0.0,,0.0,4.0,,4.0,2.0,3.0,,4.0,,,4.0,4.0,0.0,4.0,,3.0,4.0,3.0,4.0,3.0,3.0,2.0,3.0,4.0,4.0,4.0,3.0,3.0,,3.0,,4.0,4.0,0.0,,2.0,4.0,,3.0,2,,,3,,4.0,1.0,,3.0,0.0,,1.0,,,4.0,4.0,3.0,3.0,,4.0,2.0,,0.0,4.0,4.0,4.0,,,,,2,6
,,2.0,,,4.0,,5.0,,0.0,,,,4.0,5.0,4,5.0,,5.0,5,5.0,5.0,,4.0,4.0,,,,,4.0,2.0,,,,5.0,5.0,,,5.0,5.0,5.0,4.0,,5.0,,0.0,5.0,5.0,5.0,,5.0,,0.0,,4.0,0.0,,2.0,0.0,2.0,5.0,5.0,3,5.0,,3,,3.0,0.0,,0.0,,,,,5.0,4.0,5.0,4.0,4.0,5.0,5.0,5.0,,0.0,0.0,,4.0,,,0.0,,3,6
,,2.0,,3.0,3.0,3.0,,3.0,,0.0,,3.0,0.0,0.0,3,2.0,3.0,3.0,2,2.0,1.0,,1.0,,,,2.0,3.0,,,,,3.0,3.0,0.0,,,1.0,,3.0,3.0,3.0,1.0,2.0,3.0,,0.0,3.0,3.0,3.0,,2.0,0.0,,,,,,,,,0,,1.0,1,,,0.0,,,,,,,1.0,,3.0,3.0,2.0,0.0,,2.0,,,1.0,3.0,3.0,,0.0,3.0,,4,6
1.0,,1.0,,2.0,3.0,2.0,,2.0,,0.0,3.0,3.0,1.0,3.0,3,2.0,,,1,0.0,,3.0,3.0,1.0,,3.0,2.0,0.0,,,,3.0,3.0,0.0,2.0,,0.0,2.0,3.0,0.0,,2.0,2.0,1.0,3.0,,,2.0,0.0,2.0,,0.0,,0.0,3.0,,,,,,3.0,3,,,3,,,2.0,,,,,3.0,0.0,,,3.0,,3.0,,,1.0,,2.0,3.0,2.0,,,,,,5,6
0.0,,2.0,,3.0,4.0,3.0,,4.0,,3.0,,4.0,2.0,4.0,4,3.0,3.0,,2,0.0,,4.0,0.0,,,,4.0,4.0,,0.0,4.0,,4.0,1.0,3.0,,0.0,0.0,0.0,1.0,,4.0,3.0,3.0,4.0,,,3.0,4.0,,4.0,4.0,,4.0,0.0,,,,0.0,,,4,,0.0,3,,,4.0,,,,,,,,4.0,4.0,,,,,3.0,,,,4.0,,,,2.0,,6,6
,,2.0,,3.0,2.0,3.0,1.0,3.0,2.0,3.0,,3.0,2.0,3.0,0,2.0,,0.0,2,2.0,3.0,0.0,,3.0,,,3.0,3.0,3.0,1.0,,1.0,3.0,3.0,1.0,,0.0,2.0,3.0,3.0,3.0,3.0,0.0,1.0,3.0,,3.0,3.0,3.0,3.0,,3.0,,3.0,,3.0,3.0,0.0,3.0,2.0,3.0,0,,,1,0.0,2.0,1.0,,2.0,,,,,,3.0,3.0,0.0,3.0,,3.0,0.0,,2.0,,,3.0,,,,,7,6
,0.0,4.0,0.0,4.0,3.0,4.0,4.0,,2.0,4.0,0.0,0.0,4.0,4.0,2,2.0,4.0,,0,3.0,4.0,,,4.0,4.0,,4.0,1.0,3.0,4.0,4.0,,,2.0,4.0,,4.0,4.0,3.0,4.0,3.0,1.0,3.0,3.0,4.0,4.0,4.0,4.0,4.0,0.0,,,,4.0,,4.0,3.0,0.0,3.0,4.0,3.0,3,4.0,,1,,2.0,4.0,3.0,4.0,,,,,,4.0,,,4.0,0.0,,4.0,,4.0,,,0.0,,0.0,,,8,6
,,2.0,0.0,3.0,3.0,0.0,3.0,3.0,4.0,2.0,4.0,3.0,2.0,4.0,3,3.0,,4.0,1,0.0,3.0,4.0,,4.0,4.0,0.0,3.0,0.0,4.0,4.0,4.0,,4.0,2.0,3.0,4.0,,0.0,3.0,2.0,3.0,4.0,1.0,2.0,0.0,0.0,4.0,3.0,3.0,4.0,4.0,3.0,,4.0,4.0,4.0,4.0,1.0,4.0,,0.0,3,4.0,4.0,2,,4.0,4.0,,4.0,,4.0,4.0,,,0.0,3.0,3.0,4.0,,4.0,2.0,,4.0,4.0,4.0,4.0,4.0,3.0,,,9,6
,,5.0,0.0,5.0,6.0,4.0,5.0,6.0,,6.0,,5.0,5.0,6.0,4,5.0,2.0,3.0,0,4.0,6.0,,,,,,6.0,6.0,6.0,5.0,6.0,5.0,6.0,0.0,0.0,6.0,,5.0,0.0,5.0,6.0,,0.0,5.0,6.0,6.0,5.0,6.0,6.0,6.0,6.0,6.0,4.0,6.0,0.0,0.0,,,6.0,,0.0,5,6.0,,3,,6.0,6.0,,6.0,,,6.0,,,6.0,6.0,,,6.0,,5.0,,,6.0,,6.0,,0.0,,,10,6
,,4.0,,,4.0,,3.0,,3.0,4.0,4.0,,4.0,,3,,,,4,,4.0,0.0,,4.0,,,,0.0,0.0,4.0,,,,4.0,4.0,,1.0,4.0,3.0,4.0,3.0,,,4.0,4.0,3.0,0.0,1.0,,4.0,0.0,,,3.0,,,4.0,0.0,3.0,,0.0,2,2.0,,1,,2.0,0.0,,4.0,,,,,,4.0,3.0,0.0,3.0,4.0,,4.0,,3.0,0.0,,4.0,,,,,11,6
,,3.0,,3.0,2.0,2.0,0.0,0.0,2.0,,2.0,0.0,2.0,0.0,2,2.0,0.0,,2,3.0,,,,3.0,,,3.0,3.0,,,,,,,3.0,,,3.0,0.0,3.0,3.0,,3.0,3.0,,3.0,3.0,,,3.0,,,,3.0,,,0.0,2.0,1.0,0.0,3.0,1,,,1,,3.0,0.0,,3.0,,,2.0,,,3.0,,3.0,,,,0.0,,3.0,,,3.0,,,,,12,6
,,4.0,,4.0,3.0,4.0,4.0,,3.0,4.0,,0.0,4.0,3.0,2,4.0,,4.0,2,3.0,4.0,,0.0,3.0,,,0.0,,0.0,4.0,,,0.0,4.0,4.0,,,3.0,1.0,4.0,0.0,4.0,4.0,4.0,4.0,3.0,3.0,4.0,,3.0,,,,3.0,,4.0,3.0,3.0,2.0,4.0,3.0,0,3.0,,2,,2.0,4.0,0.0,,,,,,4.0,4.0,4.0,0.0,1.0,4.0,,3.0,,0.0,,4.0,4.0,,,,,13,6
,,0.0,,3.0,2.0,0.0,,3.0,3.0,3.0,,3.0,2.0,3.0,2,3.0,,0.0,1,1.0,,,,,,,3.0,3.0,3.0,,,,2.0,3.0,2.0,0.0,3.0,2.0,1.0,2.0,3.0,,2.0,2.0,3.0,,,3.0,3.0,,,3.0,,3.0,,,3.0,3.0,3.0,,3.0,0,,0.0,2,,2.0,1.0,,3.0,,0.0,,,,3.0,3.0,1.0,3.0,,,0.0,,0.0,,,3.0,,0.0,,,14,6
,,3.0,,,,3.0,2.0,0.0,0.0,2.0,,,3.0,0.0,2,3.0,,,3,2.0,3.0,,,1.0,,,3.0,1.0,3.0,,,,,3.0,,,,3.0,3.0,3.0,2.0,1.0,,1.0,,0.0,3.0,0.0,,3.0,,,,3.0,,,3.0,0.0,0.0,2.0,0.0,2,3.0,0.0,2,,1.0,3.0,,,,,,,,3.0,,0.0,3.0,,,3.0,,2.0,,,,,3.0,,,15,6
4.0,,4.0,,3.0,0.0,1.0,0.0,4.0,4.0,,3.0,3.0,2.0,,3,3.0,,,3,4.0,4.0,4.0,,4.0,0.0,0.0,,,0.0,4.0,2.0,4.0,,4.0,4.0,4.0,,4.0,3.0,2.0,3.0,,3.0,4.0,3.0,4.0,3.0,0.0,,0.0,,,0.0,3.0,3.0,,3.0,4.0,1.0,,3.0,3,4.0,,2,,0.0,,4.0,,,3.0,,,,4.0,4.0,4.0,4.0,0.0,,4.0,4.0,4.0,,,4.0,,,,,16,6
3.0,,4.0,,0.0,5.0,4.0,5.0,5.0,0.0,4.0,4.0,4.0,2.0,0.0,3,0.0,,,3,1.0,,5.0,5.0,,,4.0,3.0,0.0,,,5.0,5.0,0.0,5.0,4.0,5.0,5.0,3.0,5.0,4.0,,4.0,3.0,2.0,5.0,,,4.0,5.0,,5.0,4.0,,5.0,5.0,2.0,5.0,,0.0,,5.0,4,,0.0,4,,5.0,5.0,0.0,,,5.0,5.0,,,,5.0,,5.0,,,4.0,0.0,5.0,3.0,5.0,4.0,,,,,17,6
0.0,,0.0,,3.0,4.0,4.0,5.0,4.0,,4.0,4.0,0.0,3.0,5.0,4,4.0,,,3,0.0,,3.0,4.0,,3.0,5.0,1.0,4.0,5.0,,2.0,4.0,5.0,4.0,2.0,5.0,0.0,4.0,5.0,3.0,5.0,4.0,3.0,4.0,4.0,5.0,,1.0,4.0,5.0,0.0,3.0,2.0,5.0,4.0,5.0,,,,,5.0,3,5.0,,4,,5.0,5.0,5.0,5.0,,5.0,0.0,,,5.0,5.0,2.0,4.0,,,0.0,0.0,,0.0,3.0,5.0,,,,,18,6
,,3.0,4.0,1.0,3.0,3.0,,4.0,,4.0,,4.0,2.0,0.0,3,4.0,,,2,3.0,,,,,,,3.0,3.0,,,,,4.0,4.0,3.0,,,0.0,4.0,3.0,4.0,4.0,0.0,0.0,4.0,,0.0,4.0,4.0,,,3.0,4.0,4.0,,4.0,,,,,,3,,,3,,,4.0,0.0,4.0,,,4.0,,,,0.0,0.0,4.0,,,2.0,,,3.0,4.0,,0.0,0.0,,,19,6
,,0.0,,4.0,3.0,4.0,3.0,4.0,4.0,4.0,4.0,0.0,3.0,4.0,2,3.0,,4.0,2,3.0,3.0,4.0,3.0,3.0,4.0,,2.0,4.0,3.0,4.0,4.0,4.0,4.0,4.0,0.0,,,2.0,3.0,3.0,2.0,4.0,3.0,3.0,2.0,4.0,3.0,0.0,4.0,1.0,,4.0,,0.0,4.0,4.0,1.0,3.0,0.0,4.0,3.0,1,3.0,,1,,2.0,4.0,2.0,4.0,,4.0,0.0,,,4.0,2.0,3.0,0.0,4.0,4.0,3.0,0.0,4.0,4.0,3.0,3.0,0.0,,3.0,,20,6
,,2.0,0.0,3.0,4.0,3.0,4.0,3.0,3.0,0.0,,4.0,0.0,4.0,3,3.0,,4.0,0,1.0,0.0,4.0,4.0,,,,2.0,2.0,2.0,3.0,4.0,,4.0,2.0,3.0,,4.0,3.0,4.0,3.0,4.0,0.0,3.0,2.0,4.0,4.0,,3.0,0.0,4.0,4.0,3.0,,0.0,1.0,,4.0,4.0,4.0,,4.0,3,4.0,,3,,4.0,2.0,0.0,4.0,1.0,4.0,4.0,,,4.0,4.0,0.0,3.0,,4.0,1.0,,4.0,2.0,3.0,4.0,,,1.0,,21,6
,,,,,6.0,7.0,6.0,7.0,7.0,,7.0,7.0,7.0,,7,5.0,7.0,,6,7.0,,4.0,,,3.0,4.0,,,,6.0,6.0,,0.0,7.0,,,,,7.0,7.0,7.0,0.0,0.0,7.0,7.0,,,7.0,,,,,4.0,6.0,7.0,0.0,0.0,5.0,,3.0,,7,,,6,,6.0,6.0,0.0,0.0,,7.0,,0.0,7.0,5.0,7.0,7.0,7.0,,0.0,,7.0,,,,1.0,,3.0,5.0,0.0,22,6
,,3.0,0.0,,3.0,,3.0,3.0,0.0,,,3.0,,3.0,2,3.0,2.0,,3,3.0,3.0,,,0.0,,,0.0,,0.0,3.0,1.0,,,3.0,,,2.0,3.0,2.0,1.0,2.0,,2.0,3.0,3.0,3.0,0.0,2.0,,2.0,,,,3.0,,,2.0,0.0,1.0,2.0,0.0,2,3.0,,1,,0.0,,,,,,2.0,0.0,,3.0,,,3.0,3.0,,3.0,,1.0,,,1.0,,,,,23,6
3.0,,2.0,,4.0,4.0,3.0,,4.0,,4.0,4.0,4.0,4.0,4.0,3,3.0,,,3,0.0,,4.0,2.0,,,,3.0,4.0,0.0,,4.0,4.0,1.0,2.0,4.0,,0.0,3.0,4.0,1.0,,4.0,3.0,2.0,4.0,,,0.0,4.0,,1.0,4.0,,,4.0,0.0,,,,,0.0,4,,,4,,,,,4.0,,0.0,,0.0,,,4.0,4.0,,,,3.0,,,4.0,0.0,,,0.0,,,24,6
0.0,,3.0,,3.0,2.0,0.0,3.0,,,,,3.0,2.0,3.0,2,2.0,1.0,,3,3.0,,,,2.0,,,3.0,,3.0,2.0,3.0,1.0,,,0.0,,,3.0,2.0,3.0,2.0,3.0,3.0,3.0,3.0,0.0,3.0,,,3.0,,0.0,,2.0,,,3.0,0.0,3.0,,3.0,1,0.0,,1,,0.0,1.0,,0.0,,,,,3.0,3.0,3.0,2.0,2.0,,1.0,0.0,,3.0,2.0,3.0,2.0,,,3.0,,25,6
,,2.0,,3.0,0.0,2.0,4.0,0.0,4.0,3.0,4.0,2.0,3.0,4.0,3,3.0,,0.0,1,0.0,4.0,4.0,3.0,3.0,,,1.0,2.0,4.0,4.0,0.0,1.0,4.0,0.0,2.0,1.0,4.0,3.0,4.0,2.0,4.0,2.0,0.0,2.0,3.0,4.0,4.0,2.0,3.0,4.0,4.0,3.0,,4.0,4.0,4.0,4.0,,4.0,,2.0,3,0.0,,3,,4.0,2.0,,3.0,,4.0,3.0,,,4.0,3.0,4.0,2.0,,4.0,2.0,,3.0,0.0,0.0,4.0,4.0,,,,26,6
2.0,,,,,2.0,,2.0,,2.0,,3.0,3.0,,3.0,2,2.0,3.0,0.0,1,3.0,2.0,0.0,,3.0,,,0.0,,3.0,0.0,1.0,,,,3.0,,,3.0,2.0,3.0,0.0,,3.0,,0.0,3.0,3.0,,,0.0,,,,1.0,,,3.0,0.0,2.0,,3.0,2,3.0,0.0,1,,2.0,3.0,,3.0,,,,,1.0,2.0,2.0,3.0,2.0,,3.0,3.0,3.0,3.0,,,0.0,,,3.0,,27,6
,,3.0,,,3.0,0.0,3.0,,3.0,,,3.0,3.0,0.0,2,2.0,1.0,3.0,2,1.0,0.0,3.0,,3.0,,,,,3.0,0.0,,,,,,,,3.0,2.0,0.0,3.0,,3.0,3.0,2.0,3.0,3.0,,,3.0,,,,3.0,,,0.0,0.0,3.0,,,2,3.0,,1,0.0,0.0,3.0,,3.0,,,,,3.0,3.0,3.0,3.0,2.0,,3.0,3.0,0.0,3.0,,,2.0,,,,,28,6
,,5.0,,5.0,0.0,2.0,,3.0,,0.0,,5.0,4.0,5.0,4,3.0,,5.0,0,4.0,5.0,5.0,,,1.0,,4.0,5.0,5.0,5.0,,,,5.0,5.0,,0.0,5.0,4.0,4.0,0.0,0.0,5.0,5.0,5.0,5.0,5.0,,,5.0,,,,5.0,,,5.0,5.0,4.0,,5.0,4,0.0,,3,,5.0,4.0,,0.0,,,0.0,,5.0,5.0,5.0,4.0,4.0,2.0,5.0,5.0,,,5.0,,4.0,,,0.0,,29,6
0.0,,4.0,,,4.0,4.0,3.0,0.0,4.0,4.0,4.0,,,3.0,4,4.0,,4.0,3,,0.0,,2.0,0.0,2.0,,,,4.0,3.0,4.0,,,0.0,,,,,4.0,4.0,3.0,,,4.0,4.0,4.0,3.0,4.0,,3.0,,,,2.0,1.0,,4.0,3.0,0.0,4.0,2.0,3,4.0,,1,,0.0,4.0,4.0,0.0,,0.0,,,4.0,4.0,4.0,4.0,4.0,4.0,0.0,3.0,4.0,4.0,,,3.0,,,,,30,6
0.0,,3.0,,5.0,5.0,3.0,0.0,0.0,,5.0,,5.0,5.0,,5,4.0,,,3,4.0,5.0,5.0,,,,,5.0,5.0,,5.0,5.0,,,0.0,5.0,0.0,,5.0,4.0,5.0,5.0,5.0,4.0,5.0,0.0,5.0,3.0,5.0,2.0,0.0,0.0,,0.0,3.0,4.0,,,,,,5.0,4,5.0,,4,,5.0,5.0,,,0.0,5.0,1.0,,,4.0,4.0,5.0,5.0,,4.0,5.0,,,,,5.0,,,,,31,6
2.0,,0.0,,3.0,3.0,2.0,3.0,3.0,,2.0,,2.0,0.0,3.0,3,1.0,,3.0,2,1.0,,3.0,3.0,,,,0.0,3.0,,,3.0,,3.0,3.0,2.0,0.0,1.0,2.0,,0.0,1.0,3.0,2.0,1.0,2.0,,,0.0,3.0,,,3.0,,,2.0,,2.0,,,,,3,,,3,,,2.0,,0.0,,0.0,,,,,3.0,3.0,0.0,,,2.0,,,3.0,3.0,,,0.0,,,32,6
,,0.0,1.0,0.0,3.0,0.0,4.0,4.0,,3.0,,3.0,2.0,4.0,3,3.0,,,2,2.0,4.0,4.0,,,,4.0,0.0,4.0,4.0,4.0,4.0,,4.0,3.0,3.0,4.0,,3.0,4.0,2.0,4.0,4.0,3.0,3.0,3.0,4.0,0.0,3.0,4.0,4.0,4.0,1.0,,4.0,0.0,4.0,,,4.0,4.0,4.0,3,4.0,4.0,2,,3.0,3.0,,4.0,,,,4.0,,0.0,3.0,4.0,0.0,,4.0,3.0,0.0,,4.0,4.0,1.0,4.0,,3.0,0.0,33,6
,,2.0,,0.0,2.0,2.0,3.0,3.0,,0.0,,3.0,2.0,3.0,0,2.0,,,1,1.0,3.0,,,,3.0,,2.0,3.0,,3.0,,,3.0,2.0,2.0,,,2.0,3.0,0.0,3.0,3.0,2.0,1.0,0.0,,3.0,2.0,0.0,2.0,3.0,1.0,,,3.0,,,,3.0,,0.0,3,,,0,,1.0,3.0,,,,,,,,3.0,2.0,3.0,3.0,,,2.0,,,3.0,3.0,3.0,0.0,,,0.0,34,6
2.0,4.0,5.0,,5.0,4.0,4.0,3.0,5.0,5.0,5.0,3.0,5.0,4.0,5.0,5,3.0,5.0,,2,4.0,,0.0,,,0.0,3.0,5.0,5.0,5.0,3.0,3.0,4.0,4.0,2.0,0.0,,,5.0,5.0,5.0,5.0,,4.0,5.0,5.0,5.0,,4.0,0.0,5.0,,5.0,,0.0,3.0,,,3.0,,,4.0,5,5.0,1.0,0,,4.0,4.0,2.0,5.0,,2.0,,,0.0,0.0,5.0,5.0,5.0,,4.0,5.0,4.0,0.0,,,4.0,,,0.0,,35,6
,,0.0,0.0,6.0,6.0,6.0,6.0,,,6.0,,0.0,2.0,,5,5.0,,,5,5.0,6.0,6.0,,,4.0,,6.0,4.0,6.0,,6.0,,,4.0,0.0,6.0,,5.0,6.0,6.0,5.0,6.0,5.0,6.0,6.0,6.0,5.0,0.0,6.0,0.0,,6.0,,5.0,6.0,6.0,6.0,,0.0,,6.0,4,2.0,,3,,6.0,6.0,0.0,,,4.0,,,,,6.0,6.0,5.0,0.0,,5.0,,,6.0,6.0,6.0,,0.0,,,36,6
,,3.0,,3.0,0.0,3.0,4.0,3.0,3.0,4.0,,3.0,4.0,3.0,1,3.0,,,2,3.0,4.0,,4.0,3.0,,,4.0,4.0,3.0,4.0,4.0,,4.0,4.0,4.0,,,3.0,3.0,0.0,3.0,4.0,4.0,2.0,4.0,4.0,4.0,3.0,4.0,4.0,4.0,,,4.0,,0.0,0.0,2.0,3.0,0.0,0.0,3,3.0,,2,,3.0,4.0,,4.0,,0.0,,,,4.0,2.0,3.0,4.0,3.0,0.0,0.0,,1.0,,,3.0,0.0,,,,37,6
,,4.0,5.0,2.0,5.0,4.0,5.0,5.0,4.0,5.0,,4.0,3.0,0.0,3,0.0,,5.0,3,3.0,4.0,0.0,,0.0,,,5.0,5.0,4.0,5.0,5.0,,5.0,5.0,4.0,,,4.0,4.0,0.0,4.0,,5.0,4.0,4.0,5.0,4.0,1.0,5.0,0.0,,5.0,,4.0,5.0,5.0,3.0,0.0,4.0,5.0,4.0,3,5.0,0.0,1,0.0,3.0,5.0,,,,,,4.0,,5.0,5.0,5.0,5.0,0.0,,4.0,,2.0,,5.0,4.0,,,,,38,6
4.0,,,,4.0,2.0,4.0,4.0,4.0,4.0,4.0,,4.0,4.0,,1,4.0,,,3,4.0,4.0,0.0,,0.0,,,,0.0,0.0,3.0,4.0,0.0,,3.0,,,,4.0,0.0,3.0,2.0,0.0,,4.0,4.0,3.0,3.0,4.0,,0.0,,,,3.0,3.0,,3.0,3.0,3.0,4.0,0.0,2,3.0,,2,,1.0,0.0,,4.0,,,,,,3.0,4.0,3.0,2.0,4.0,4.0,4.0,,3.0,,,3.0,,,,,39,6
,,4.0,,4.0,3.0,3.0,3.0,4.0,4.0,4.0,4.0,4.0,4.0,4.0,2,4.0,0.0,4.0,2,3.0,3.0,,4.0,3.0,4.0,3.0,4.0,1.0,1.0,2.0,2.0,0.0,,3.0,4.0,,,0.0,2.0,3.0,2.0,4.0,4.0,3.0,3.0,3.0,2.0,4.0,4.0,2.0,,,,0.0,4.0,,3.0,3.0,3.0,4.0,0.0,1,2.0,0.0,1,4.0,0.0,4.0,,3.0,,4.0,,4.0,4.0,3.0,0.0,3.0,0.0,3.0,4.0,3.0,4.0,2.0,,4.0,3.0,0.0,,,,40,6
,,3.0,,3.0,2.0,0.0,4.0,4.0,4.0,3.0,,3.0,1.0,3.0,3,3.0,4.0,4.0,2,3.0,4.0,,,0.0,0.0,,0.0,4.0,4.0,3.0,4.0,,,2.0,3.0,4.0,,4.0,3.0,3.0,3.0,4.0,3.0,4.0,4.0,4.0,4.0,4.0,4.0,4.0,,4.0,,0.0,4.0,3.0,4.0,3.0,4.0,,3.0,2,4.0,,1,,2.0,0.0,,3.0,4.0,,,,4.0,0.0,3.0,2.0,3.0,,1.0,0.0,,0.0,4.0,4.0,3.0,,,4.0,0.0,41,6
0.0,,4.0,,4.0,4.0,3.0,2.0,4.0,,0.0,2.0,4.0,4.0,,3,2.0,,,3,3.0,4.0,0.0,,,2.0,0.0,,,4.0,,1.0,2.0,,4.0,,,,4.0,0.0,0.0,4.0,,3.0,0.0,1.0,3.0,4.0,1.0,4.0,4.0,,,,3.0,0.0,,,4.0,,,3.0,4,2.0,,4,,0.0,,2.0,3.0,,0.0,,,,4.0,4.0,,4.0,,,4.0,2.0,,,,4.0,4.0,,,,42,6
,,0.0,4.0,,2.0,4.0,3.0,1.0,0.0,4.0,0.0,3.0,4.0,4.0,0,4.0,,,3,4.0,4.0,2.0,,4.0,4.0,,4.0,,2.0,3.0,4.0,4.0,2.0,4.0,4.0,,,4.0,3.0,3.0,3.0,,4.0,4.0,0.0,4.0,3.0,3.0,4.0,4.0,,,,3.0,4.0,,3.0,3.0,3.0,4.0,3.0,0,0.0,,2,,1.0,3.0,,4.0,,4.0,0.0,,,4.0,3.0,0.0,3.0,4.0,4.0,3.0,0.0,1.0,,,3.0,,,,3.0,43,6
,,2.0,,4.0,4.0,4.0,0.0,3.0,,4.0,,4.0,2.0,4.0,4,3.0,,,3,3.0,,,4.0,0.0,4.0,,3.0,4.0,,,4.0,,0.0,4.0,4.0,,,3.0,4.0,3.0,,2.0,3.0,1.0,3.0,,4.0,2.0,4.0,4.0,2.0,3.0,0.0,3.0,3.0,3.0,,4.0,,,,0,,0.0,3,,4.0,4.0,,,,0.0,,,,,1.0,0.0,4.0,,,1.0,4.0,,0.0,4.0,,4.0,,,0.0,44,6
0.0,0.0,0.0,,4.0,,4.0,,4.0,,4.0,3.0,,3.0,,4,4.0,,,3,3.0,,,2.0,,,,4.0,4.0,0.0,,4.0,4.0,,4.0,4.0,,,0.0,4.0,3.0,4.0,4.0,2.0,1.0,4.0,,,1.0,4.0,,0.0,3.0,,4.0,,,1.0,,,,,0,,,4,,,,0.0,,0.0,2.0,,,,,,,4.0,,,2.0,4.0,,1.0,3.0,,,,,0.0,45,6
4.0,3.0,3.0,,3.0,4.0,4.0,4.0,,,0.0,0.0,1.0,0.0,4.0,4,2.0,,,4,0.0,,3.0,,,,4.0,4.0,4.0,0.0,,1.0,4.0,,4.0,4.0,3.0,0.0,4.0,4.0,3.0,,,4.0,3.0,4.0,,,2.0,4.0,,3.0,,4.0,4.0,4.0,4.0,,,,,,3,4.0,,3,,0.0,0.0,,,,4.0,,,,4.0,,,4.0,2.0,,4.0,0.0,,,,0.0,,4.0,,,46,6
,,3.0,,4.0,3.0,4.0,4.0,4.0,4.0,3.0,,4.0,3.0,0.0,2,3.0,4.0,4.0,3,3.0,4.0,,,4.0,3.0,,4.0,4.0,4.0,4.0,,0.0,4.0,4.0,4.0,,,0.0,3.0,0.0,4.0,,4.0,0.0,4.0,0.0,4.0,4.0,4.0,4.0,,,,4.0,,4.0,4.0,1.0,3.0,,4.0,2,4.0,,2,,3.0,0.0,,0.0,,,,,4.0,4.0,0.0,3.0,3.0,,0.0,3.0,,1.0,4.0,,3.0,,,4.0,,47,6
,,5.0,,,0.0,4.0,4.0,0.0,5.0,,0.0,5.0,5.0,,4,4.0,0.0,,3,5.0,,5.0,,,,,,,5.0,4.0,5.0,,,5.0,,,,4.0,4.0,5.0,0.0,,0.0,5.0,5.0,5.0,5.0,,,5.0,,,,3.0,0.0,,0.0,5.0,5.0,,5.0,4,5.0,,2,,1.0,5.0,0.0,5.0,,5.0,,,1.0,4.0,5.0,5.0,5.0,,5.0,5.0,,,,,5.0,,0.0,,,48,6
,0.0,,,,3.0,,2.0,,,,3.0,3.0,,,2,3.0,2.0,1.0,2,,3.0,0.0,,3.0,0.0,,,,3.0,,1.0,1.0,,,,,,,3.0,2.0,3.0,,,3.0,3.0,,1.0,2.0,,0.0,,,,3.0,3.0,,0.0,,3.0,,2.0,3,3.0,,0,0.0,2.0,,3.0,,,3.0,0.0,,,0.0,3.0,,,,3.0,3.0,1.0,3.0,,0.0,3.0,,,,,49,6
,,2.0,,3.0,2.0,1.0,3.0,2.0,,3.0,,2.0,2.0,3.0,1,0.0,0.0,0.0,1,2.0,0.0,,3.0,3.0,,,3.0,3.0,,3.0,3.0,,1.0,3.0,2.0,,,2.0,2.0,0.0,2.0,3.0,2.0,2.0,3.0,3.0,3.0,3.0,1.0,3.0,2.0,3.0,,3.0,2.0,,0.0,0.0,3.0,,3.0,2,3.0,,1,,3.0,3.0,,2.0,,0.0,,,0.0,3.0,3.0,3.0,3.0,,2.0,0.0,,,1.0,1.0,3.0,,,2.0,,50,6
,,0.0,3.0,0.0,2.0,3.0,4.0,3.0,4.0,3.0,,3.0,2.0,3.0,3,3.0,4.0,4.0,0,2.0,4.0,,,,,,2.0,3.0,4.0,3.0,,,4.0,2.0,2.0,4.0,,3.0,4.0,3.0,3.0,4.0,3.0,0.0,3.0,4.0,4.0,4.0,3.0,4.0,,3.0,,4.0,,4.0,4.0,,4.0,,4.0,2,4.0,0.0,0,,3.0,1.0,,0.0,0.0,,4.0,,3.0,2.0,2.0,2.0,1.0,,0.0,3.0,,4.0,4.0,0.0,2.0,,,3.0,,51,6
,,0.0,,4.0,2.0,3.0,3.0,0.0,4.0,3.0,1.0,2.0,4.0,4.0,3,3.0,,,0,3.0,4.0,4.0,,0.0,4.0,,3.0,2.0,0.0,4.0,4.0,,4.0,4.0,4.0,,,3.0,2.0,1.0,4.0,4.0,3.0,2.0,2.0,4.0,4.0,0.0,3.0,2.0,,4.0,,4.0,0.0,4.0,4.0,4.0,4.0,4.0,4.0,3,4.0,,3,0.0,4.0,4.0,,4.0,,4.0,0.0,0.0,1.0,3.0,3.0,4.0,3.0,,4.0,3.0,,4.0,4.0,,4.0,4.0,,,,52,6
,,3.0,0.0,4.0,4.0,4.0,5.0,3.0,,4.0,,4.0,4.0,5.0,4,4.0,,,0,3.0,5.0,5.0,5.0,,,,4.0,0.0,,5.0,5.0,4.0,5.0,2.0,3.0,5.0,,4.0,5.0,3.0,5.0,0.0,4.0,4.0,4.0,,5.0,5.0,1.0,5.0,5.0,4.0,0.0,,5.0,0.0,,,4.0,,5.0,0,,2.0,0,,5.0,4.0,,5.0,0.0,0.0,2.0,,,2.0,3.0,5.0,4.0,,5.0,4.0,,,4.0,5.0,5.0,,,,,53,6
0.0,,,,,2.0,4.0,1.0,4.0,,,4.0,4.0,,,3,2.0,,,3,4.0,4.0,0.0,,4.0,4.0,,,,4.0,4.0,3.0,4.0,,4.0,,,,,4.0,3.0,0.0,0.0,,4.0,4.0,4.0,3.0,4.0,,4.0,,,,4.0,3.0,,4.0,4.0,4.0,,0.0,2,4.0,,2,,3.0,3.0,,0.0,0.0,4.0,,,,3.0,4.0,4.0,3.0,0.0,4.0,4.0,0.0,0.0,,,4.0,,,4.0,,54,6
,,3.0,,3.0,0.0,0.0,,,0.0,3.0,,2.0,3.0,0.0,1,3.0,,,1,0.0,,0.0,,,,,3.0,,,3.0,,,,3.0,3.0,0.0,,3.0,3.0,2.0,3.0,,3.0,2.0,3.0,,,3.0,,3.0,,,,,,3.0,,,,,1.0,2,3.0,,2,,3.0,3.0,,1.0,,,,,3.0,3.0,2.0,0.0,0.0,,3.0,0.0,3.0,3.0,,,2.0,,,,,55,6
,,0.0,,0.0,3.0,3.0,,3.0,,3.0,2.0,3.0,2.0,3.0,2,3.0,,,2,1.0,3.0,,,,,,2.0,3.0,,,,,,2.0,0.0,3.0,,2.0,3.0,2.0,3.0,,2.0,1.0,0.0,,0.0,3.0,3.0,3.0,,3.0,,,,0.0,,,3.0,2.0,0.0,1,,,2,,,3.0,,0.0,,,3.0,,,3.0,3.0,3.0,3.0,,,0.0,,,,3.0,,,0.0,,,56,6
,,3.0,0.0,3.0,2.0,3.0,0.0,4.0,,4.0,,1.0,4.0,4.0,2,3.0,0.0,,2,0.0,3.0,,,,,,4.0,,,4.0,,,,4.0,3.0,,,3.0,3.0,3.0,0.0,,4.0,3.0,3.0,4.0,0.0,4.0,4.0,3.0,4.0,0.0,2.0,4.0,,4.0,,4.0,4.0,4.0,4.0,3,4.0,,1,3.0,4.0,4.0,,4.0,,4.0,,,0.0,3.0,0.0,4.0,3.0,,4.0,0.0,,,,,3.0,,,,,57,6
,,4.0,,4.0,2.0,4.0,4.0,0.0,5.0,5.0,1.0,4.0,4.0,5.0,4,0.0,0.0,5.0,3,0.0,5.0,5.0,,5.0,5.0,5.0,4.0,5.0,5.0,2.0,0.0,,,4.0,4.0,,,5.0,5.0,3.0,5.0,5.0,3.0,4.0,0.0,5.0,5.0,4.0,5.0,4.0,5.0,5.0,0.0,5.0,5.0,5.0,5.0,5.0,5.0,4.0,5.0,4,5.0,,3,3.0,4.0,1.0,,3.0,4.0,5.0,,,0.0,3.0,4.0,3.0,2.0,,2.0,4.0,5.0,5.0,2.0,5.0,0.0,5.0,,0.0,,58,6
,,4.0,,4.0,4.0,3.0,4.0,2.0,5.0,4.0,2.0,0.0,4.0,5.0,0,0.0,,,3,4.0,,5.0,3.0,5.0,5.0,5.0,4.0,0.0,,,5.0,5.0,,3.0,4.0,,5.0,5.0,5.0,4.0,5.0,4.0,4.0,3.0,5.0,5.0,,4.0,2.0,5.0,4.0,5.0,,5.0,0.0,,,,,0.0,1.0,5,0.0,,0,,,5.0,,,0.0,4.0,5.0,,,5.0,5.0,,5.0,,,4.0,,,1.0,5.0,5.0,5.0,0.0,,,59,6
,,3.0,0.0,0.0,1.0,3.0,,4.0,4.0,3.0,4.0,4.0,3.0,4.0,2,4.0,,3.0,0,2.0,0.0,,,4.0,,,4.0,0.0,0.0,4.0,,,,1.0,3.0,,,3.0,3.0,3.0,3.0,4.0,4.0,3.0,4.0,4.0,4.0,4.0,0.0,4.0,4.0,4.0,,3.0,4.0,,3.0,2.0,0.0,,3.0,3,0.0,,2,,3.0,4.0,0.0,4.0,,,,,,4.0,4.0,4.0,3.0,4.0,,2.0,,3.0,4.0,4.0,1.0,,,3.0,,60,6
,0.0,0.0,,6.0,6.0,5.0,,6.0,0.0,6.0,5.0,6.0,6.0,6.0,5,6.0,,,5,4.0,,,,0.0,,,5.0,0.0,0.0,,,,,1.0,6.0,,0.0,5.0,6.0,5.0,6.0,6.0,0.0,5.0,6.0,,,6.0,6.0,6.0,,6.0,,6.0,,,6.0,6.0,6.0,,4.0,5,6.0,,4,,5.0,,,3.0,,,,,,,6.0,,6.0,,,5.0,6.0,3.0,,0.0,,,0.0,,,61,6
4.0,,4.0,,4.0,1.0,3.0,2.0,4.0,3.0,,3.0,4.0,3.0,0.0,2,2.0,,,3,4.0,4.0,1.0,,4.0,3.0,4.0,,,4.0,4.0,3.0,,,,4.0,,,4.0,3.0,4.0,3.0,0.0,4.0,4.0,4.0,0.0,3.0,4.0,,0.0,,,,0.0,0.0,,4.0,3.0,4.0,0.0,4.0,3,3.0,,2,,2.0,3.0,0.0,4.0,,0.0,,,,4.0,3.0,4.0,0.0,,4.0,4.0,4.0,4.0,,,1.0,,,4.0,3.0,62,6
,,0.0,,3.0,3.0,2.0,3.0,3.0,4.0,3.0,4.0,0.0,1.0,3.0,3,2.0,,4.0,3,1.0,,4.0,3.0,,4.0,4.0,0.0,3.0,4.0,4.0,3.0,4.0,0.0,4.0,2.0,,4.0,2.0,4.0,0.0,4.0,3.0,2.0,2.0,2.0,4.0,4.0,0.0,3.0,4.0,4.0,3.0,,4.0,4.0,4.0,,,,,4.0,3,,,3,,4.0,3.0,,4.0,,1.0,0.0,,,4.0,3.0,1.0,3.0,,0.0,2.0,0.0,3.0,2.0,0.0,4.0,2.0,,4.0,1.0,63,6
,,4.0,,6.0,5.0,5.0,6.0,6.0,6.0,5.0,6.0,5.0,5.0,4.0,4,1.0,,6.0,0,4.0,,0.0,0.0,,,6.0,5.0,5.0,6.0,6.0,6.0,,5.0,5.0,5.0,6.0,1.0,3.0,6.0,5.0,6.0,0.0,5.0,3.0,5.0,6.0,6.0,5.0,0.0,6.0,6.0,5.0,0.0,,6.0,5.0,,,6.0,,6.0,4,6.0,,0,,5.0,5.0,,6.0,,6.0,6.0,,0.0,6.0,5.0,6.0,5.0,,0.0,5.0,2.0,0.0,6.0,6.0,3.0,6.0,,6.0,,64,6
,,,,4.0,3.0,4.0,4.0,,3.0,,,2.0,1.0,0.0,2,4.0,,,3,4.0,4.0,,,3.0,,,4.0,,3.0,4.0,,,,,4.0,,,4.0,0.0,4.0,0.0,,4.0,,4.0,3.0,3.0,,,3.0,4.0,1.0,0.0,2.0,,,0.0,0.0,3.0,4.0,4.0,1,3.0,,1,,2.0,4.0,,0.0,,,,0.0,4.0,4.0,4.0,3.0,3.0,0.0,4.0,4.0,0.0,3.0,2.0,,3.0,,,,,65,6
4.0,3.0,2.0,,4.0,0.0,3.0,3.0,4.0,4.0,3.0,2.0,4.0,4.0,,3,4.0,,,3,4.0,,1.0,4.0,0.0,0.0,0.0,4.0,,4.0,,3.0,4.0,,4.0,,,0.0,4.0,4.0,3.0,2.0,,4.0,4.0,4.0,0.0,4.0,1.0,0.0,4.0,,,,4.0,2.0,,4.0,4.0,,,4.0,3,2.0,,3,0.0,4.0,4.0,4.0,,,3.0,0.0,2.0,,0.0,4.0,4.0,4.0,,,2.0,2.0,4.0,,,3.0,,,,,66,6
0.0,,4.0,0.0,,4.0,4.0,,3.0,3.0,,,,3.0,0.0,3,4.0,,,4,4.0,,4.0,,0.0,,,4.0,,4.0,,,,,4.0,4.0,,0.0,4.0,3.0,4.0,3.0,,3.0,4.0,,4.0,4.0,4.0,,4.0,,,,4.0,,,0.0,3.0,3.0,4.0,1.0,2,4.0,,2,,3.0,1.0,,2.0,,0.0,,,,4.0,,0.0,0.0,,,4.0,,2.0,1.0,,4.0,,0.0,,,67,6
,,7.0,,7.0,0.0,7.0,,7.0,,6.0,,7.0,7.0,7.0,5,6.0,,0.0,4,6.0,6.0,,,7.0,,,6.0,7.0,7.0,,,,,7.0,7.0,,,7.0,,7.0,,7.0,3.0,6.0,7.0,,,7.0,,7.0,,,,,,5.0,,7.0,,,,7,,,6,0.0,,7.0,,,0.0,,0.0,,,7.0,7.0,,7.0,,7.0,0.0,,5.0,,0.0,0.0,0.0,,0.0,,68,6
,,3.0,,2.0,4.0,4.0,4.0,0.0,,0.0,5.0,4.0,0.0,5.0,4,4.0,,5.0,3,3.0,4.0,5.0,5.0,,0.0,0.0,3.0,4.0,,,0.0,,5.0,4.0,4.0,5.0,,4.0,5.0,3.0,,5.0,3.0,2.0,4.0,5.0,,3.0,4.0,,5.0,0.0,,5.0,4.0,,,0.0,,,5.0,5,,,5,,,1.0,,,,5.0,5.0,0.0,,5.0,5.0,5.0,5.0,,,0.0,5.0,,4.0,4.0,5.0,3.0,,,,69,6
,,0.0,,3.0,4.0,3.0,4.0,3.0,4.0,3.0,,4.0,2.0,4.0,4,3.0,2.0,,2,3.0,,,,,,,0.0,3.0,,,,,4.0,4.0,3.0,,,0.0,0.0,2.0,,4.0,0.0,1.0,4.0,,,4.0,4.0,,,4.0,,,0.0,,,,,,,3,,,3,0.0,,0.0,,4.0,,,,,,4.0,4.0,4.0,4.0,,0.0,3.0,1.0,,4.0,,4.0,,0.0,,,70,6
,,5.0,,5.0,3.0,4.0,4.0,5.0,5.0,,5.0,4.0,5.0,5.0,3,3.0,0.0,5.0,0,4.0,5.0,5.0,,5.0,5.0,2.0,5.0,,4.0,3.0,5.0,,,0.0,4.0,0.0,,5.0,3.0,5.0,2.0,3.0,5.0,5.0,4.0,0.0,4.0,5.0,,4.0,,,,4.0,5.0,5.0,4.0,4.0,5.0,,4.0,3,0.0,,1,0.0,3.0,3.0,3.0,4.0,5.0,0.0,,,4.0,0.0,4.0,4.0,1.0,5.0,3.0,5.0,5.0,5.0,,5.0,2.0,,,0.0,2.0,71,6
,,4.0,,,1.0,4.0,4.0,,4.0,,,3.0,4.0,0.0,1,0.0,4.0,4.0,3,4.0,4.0,0.0,0.0,4.0,,4.0,4.0,,4.0,4.0,4.0,,,4.0,2.0,,,3.0,3.0,4.0,3.0,4.0,3.0,4.0,4.0,4.0,4.0,3.0,,0.0,,4.0,,4.0,,,4.0,0.0,3.0,,4.0,2,4.0,,2,3.0,3.0,0.0,,3.0,1.0,,,,4.0,4.0,4.0,3.0,3.0,,3.0,3.0,0.0,0.0,4.0,0.0,2.0,,,4.0,,72,6
,,1.0,,0.0,3.0,3.0,,2.0,3.0,,,,3.0,0.0,2,3.0,,,1,3.0,0.0,,,3.0,0.0,,3.0,3.0,0.0,3.0,,,,3.0,3.0,,,3.0,3.0,3.0,2.0,,,3.0,2.0,3.0,0.0,,,2.0,,2.0,,3.0,,,3.0,3.0,0.0,,3.0,1,3.0,,1,0.0,2.0,0.0,,,,,,,,3.0,3.0,3.0,2.0,0.0,,3.0,,2.0,,,1.0,,,,,73,6
,,1.0,,3.0,2.0,0.0,0.0,0.0,,3.0,3.0,0.0,2.0,3.0,3,2.0,,,2,1.0,,,,,,0.0,3.0,3.0,,3.0,3.0,,3.0,,3.0,,,0.0,3.0,2.0,3.0,,2.0,1.0,3.0,,,2.0,3.0,,,3.0,,0.0,3.0,,,0.0,,,,2,,,1,,,3.0,,0.0,,3.0,,,0.0,,3.0,2.0,3.0,,3.0,2.0,,,,3.0,3.0,,,,,74,6
,,0.0,,3.0,3.0,3.0,0.0,2.0,4.0,2.0,4.0,3.0,1.0,3.0,2,3.0,,,2,2.0,,3.0,4.0,,,,1.0,0.0,4.0,,4.0,0.0,4.0,3.0,0.0,4.0,3.0,2.0,1.0,2.0,4.0,1.0,2.0,1.0,3.0,4.0,4.0,1.0,2.0,4.0,3.0,2.0,4.0,4.0,4.0,0.0,,,,,4.0,3,0.0,,3,,4.0,4.0,,4.0,,4.0,3.0,,,,3.0,4.0,3.0,,,0.0,4.0,,0.0,2.0,4.0,3.0,2.0,,0.0,75,6
,,4.0,,4.0,4.0,0.0,,5.0,,4.0,,4.0,3.0,5.0,4,4.0,,0.0,2,3.0,5.0,5.0,5.0,,,,4.0,4.0,,5.0,5.0,0.0,5.0,4.0,3.0,5.0,,0.0,5.0,3.0,,5.0,4.0,2.0,5.0,,,4.0,0.0,5.0,5.0,4.0,,,5.0,,,,,,5.0,5,,0.0,1,0.0,,4.0,,4.0,,,,,0.0,5.0,4.0,0.0,4.0,,5.0,3.0,,,5.0,0.0,5.0,5.0,,5.0,,76,6
,,4.0,,4.0,3.0,3.0,,4.0,,4.0,,0.0,3.0,4.0,4,0.0,,,2,3.0,,,,,,3.0,4.0,4.0,,0.0,2.0,,3.0,3.0,2.0,4.0,,0.0,4.0,3.0,4.0,4.0,2.0,4.0,4.0,4.0,,4.0,0.0,,,4.0,,,0.0,3.0,,,4.0,0.0,4.0,4,,,1,,0.0,4.0,,4.0,,,,,0.0,3.0,4.0,4.0,3.0,,4.0,3.0,,,0.0,4.0,1.0,,,4.0,,77,6
,3.0,3.0,,0.0,3.0,2.0,0.0,3.0,0.0,3.0,,3.0,3.0,3.0,0,3.0,,3.0,1,2.0,0.0,,,3.0,,,1.0,3.0,2.0,,,,,2.0,3.0,,,3.0,0.0,3.0,2.0,0.0,3.0,2.0,3.0,1.0,1.0,3.0,,0.0,0.0,3.0,,2.0,3.0,,3.0,2.0,2.0,,0.0,2,1.0,,1,,1.0,,,,,,,,,3.0,3.0,,2.0,3.0,,3.0,,3.0,,,3.0,,,,,78,6
3.0,,4.0,,0.0,2.0,3.0,2.0,3.0,4.0,3.0,3.0,4.0,4.0,4.0,3,3.0,4.0,4.0,1,3.0,2.0,0.0,,4.0,2.0,4.0,4.0,4.0,4.0,3.0,3.0,4.0,,4.0,3.0,,,4.0,4.0,3.0,3.0,4.0,4.0,3.0,0.0,2.0,3.0,2.0,0.0,4.0,,4.0,,4.0,0.0,,4.0,3.0,4.0,,3.0,3,4.0,,0,,4.0,3.0,3.0,4.0,0.0,0.0,,,4.0,1.0,3.0,0.0,3.0,,2.0,2.0,3.0,1.0,0.0,,4.0,4.0,4.0,4.0,,79,6
,,5.0,,4.0,4.0,3.0,4.0,5.0,,,5.0,5.0,0.0,5.0,5,3.0,5.0,,4,5.0,5.0,,,5.0,0.0,,,,5.0,0.0,5.0,0.0,,0.0,5.0,,,5.0,5.0,4.0,5.0,,5.0,3.0,5.0,5.0,5.0,5.0,,5.0,,,,4.0,0.0,,5.0,0.0,4.0,,4.0,4,5.0,,1,,3.0,4.0,,3.0,,5.0,,0.0,5.0,5.0,5.0,0.0,4.0,2.0,4.0,5.0,5.0,5.0,,,0.0,,,5.0,,80,6
,,3.0,,4.0,2.0,3.0,0.0,0.0,4.0,4.0,,4.0,3.0,0.0,3,3.0,4.0,4.0,2,4.0,0.0,,0.0,4.0,,,4.0,4.0,2.0,1.0,4.0,,,3.0,4.0,,,3.0,3.0,0.0,0.0,4.0,4.0,3.0,3.0,4.0,3.0,3.0,4.0,3.0,1.0,4.0,,1.0,4.0,3.0,4.0,3.0,4.0,,4.0,1,3.0,,2,,3.0,2.0,,3.0,0.0,4.0,,,1.0,3.0,3.0,3.0,2.0,4.0,0.0,3.0,,4.0,0.0,4.0,3.0,4.0,,3.0,,81,6
,,4.0,,,5.0,5.0,4.0,5.0,,5.0,,5.0,5.0,5.0,4,5.0,,0.0,2,4.0,1.0,,0.0,,5.0,,5.0,0.0,5.0,5.0,,,5.0,5.0,5.0,,,0.0,4.0,5.0,4.0,5.0,5.0,5.0,4.0,5.0,0.0,3.0,5.0,5.0,5.0,5.0,,4.0,0.0,4.0,5.0,1.0,4.0,,5.0,3,0.0,,3,5.0,5.0,3.0,,,,5.0,,0.0,,4.0,5.0,5.0,5.0,,,4.0,0.0,5.0,0.0,4.0,5.0,,,,,82,6
,0.0,4.0,,4.0,2.0,0.0,4.0,4.0,,3.0,1.0,0.0,3.0,4.0,2,2.0,4.0,4.0,2,3.0,4.0,,,4.0,,,4.0,4.0,4.0,3.0,4.0,,,4.0,4.0,,,4.0,3.0,1.0,3.0,,4.0,3.0,3.0,4.0,3.0,4.0,4.0,0.0,,,,4.0,,4.0,4.0,4.0,4.0,,0.0,3,3.0,,1,0.0,0.0,3.0,,3.0,4.0,,,,2.0,3.0,3.0,0.0,0.0,4.0,3.0,3.0,,4.0,,,0.0,,,1.0,,83,6
,0.0,2.0,,3.0,4.0,3.0,4.0,0.0,5.0,4.0,1.0,4.0,4.0,5.0,4,2.0,,5.0,3,3.0,0.0,5.0,4.0,,5.0,5.0,4.0,4.0,,,5.0,,5.0,4.0,4.0,5.0,0.0,0.0,5.0,0.0,,4.0,4.0,0.0,4.0,,,3.0,4.0,5.0,,5.0,,5.0,0.0,,,,,0.0,5.0,5,,,4,,,5.0,,,,4.0,5.0,,,,5.0,,5.0,,,3.0,,,5.0,0.0,,5.0,,,,84,6
,,3.0,,1.0,0.0,2.0,4.0,1.0,4.0,0.0,4.0,4.0,3.0,4.0,4,3.0,4.0,,3,3.0,,4.0,4.0,,4.0,4.0,3.0,3.0,0.0,1.0,2.0,4.0,,2.0,2.0,,2.0,4.0,4.0,2.0,4.0,4.0,1.0,3.0,4.0,,,3.0,3.0,,4.0,4.0,,4.0,0.0,,2.0,,,,4.0,4,,,3,,4.0,2.0,3.0,0.0,0.0,0.0,4.0,0.0,2.0,3.0,4.0,3.0,3.0,,0.0,3.0,,,2.0,3.0,3.0,,0.0,4.0,,85,6
0.0,,4.0,0.0,4.0,3.0,4.0,4.0,0.0,,5.0,5.0,4.0,4.0,5.0,0,4.0,3.0,5.0,0,4.0,5.0,5.0,,,0.0,,4.0,3.0,5.0,4.0,5.0,0.0,5.0,4.0,0.0,5.0,,4.0,2.0,3.0,5.0,5.0,4.0,4.0,3.0,5.0,5.0,4.0,4.0,5.0,5.0,5.0,,5.0,0.0,3.0,,,,5.0,4.0,4,5.0,,3,,5.0,4.0,5.0,4.0,5.0,5.0,5.0,,3.0,4.0,4.0,2.0,4.0,,0.0,2.0,5.0,,5.0,5.0,4.0,5.0,,5.0,,86,6
0.0,,5.0,,5.0,3.0,4.0,4.0,5.0,5.0,5.0,5.0,4.0,4.0,5.0,4,0.0,5.0,5.0,2,4.0,5.0,5.0,,5.0,5.0,,5.0,5.0,0.0,5.0,5.0,0.0,,5.0,5.0,,0.0,3.0,3.0,3.0,4.0,5.0,5.0,5.0,4.0,4.0,5.0,4.0,,4.0,,,,0.0,0.0,,5.0,0.0,5.0,,5.0,3,4.0,,3,5.0,4.0,4.0,5.0,0.0,,5.0,,,,5.0,4.0,4.0,1.0,,5.0,5.0,5.0,5.0,,5.0,4.0,,,5.0,0.0,87,6
,4.0,3.0,,3.0,3.0,3.0,3.0,3.0,4.0,3.0,2.0,0.0,1.0,3.0,3,1.0,1.0,,1,2.0,4.0,4.0,4.0,,4.0,4.0,2.0,2.0,4.0,4.0,0.0,4.0,4.0,3.0,2.0,4.0,,3.0,4.0,2.0,4.0,0.0,0.0,0.0,3.0,4.0,3.0,3.0,3.0,4.0,4.0,2.0,,4.0,4.0,4.0,0.0,,4.0,,4.0,3,4.0,0.0,2,,4.0,0.0,,4.0,,4.0,4.0,,2.0,3.0,4.0,4.0,3.0,,4.0,3.0,2.0,,0.0,4.0,3.0,4.0,,4.0,0.0,88,6
,,4.0,4.0,4.0,3.0,0.0,4.0,4.0,,,,4.0,4.0,4.0,2,4.0,0.0,2.0,2,3.0,4.0,,,,0.0,,4.0,,,4.0,4.0,,,,4.0,,0.0,4.0,0.0,3.0,3.0,3.0,4.0,,1.0,4.0,3.0,4.0,,3.0,,,,4.0,,,,4.0,4.0,4.0,4.0,0,4.0,4.0,1,0.0,4.0,3.0,0.0,2.0,,,2.0,,,0.0,4.0,3.0,4.0,,4.0,4.0,,,0.0,,3.0,,,,,89,6
,,,,,0.0,6.0,6.0,4.0,6.0,,5.0,6.0,6.0,6.0,5,6.0,6.0,6.0,5,6.0,6.0,,,5.0,0.0,,,,5.0,6.0,6.0,,,,6.0,,,6.0,5.0,4.0,2.0,,,6.0,6.0,0.0,5.0,6.0,,6.0,,0.0,,6.0,,,6.0,5.0,6.0,0.0,5.0,4,0.0,0.0,4,,5.0,5.0,,5.0,0.0,5.0,,,5.0,5.0,6.0,5.0,3.0,3.0,3.0,6.0,,0.0,,,5.0,,,0.0,,90,6
,,2.0,,4.0,4.0,3.0,0.0,3.0,4.0,3.0,4.0,4.0,3.0,4.0,3,2.0,,,1,2.0,0.0,4.0,4.0,,0.0,0.0,2.0,3.0,,,4.0,,3.0,4.0,3.0,,3.0,0.0,4.0,3.0,4.0,4.0,1.0,0.0,0.0,4.0,4.0,3.0,0.0,4.0,,3.0,,4.0,3.0,,,4.0,0.0,,4.0,1,,,3,,,4.0,,,0.0,4.0,4.0,,,4.0,4.0,3.0,4.0,,,2.0,4.0,,3.0,4.0,,4.0,,4.0,,91,6
,,3.0,,3.0,3.0,0.0,,4.0,,4.0,,2.0,2.0,,4,3.0,,,2,3.0,,,,,,,3.0,4.0,,3.0,,,,4.0,0.0,,,0.0,4.0,3.0,,4.0,1.0,4.0,4.0,,,4.0,4.0,,,3.0,0.0,4.0,,,,,,,,4,,0.0,3,,,4.0,0.0,4.0,0.0,,,,,4.0,0.0,4.0,4.0,,4.0,2.0,,,4.0,0.0,4.0,,,0.0,,92,6
2.0,0.0,3.0,,3.0,2.0,0.0,4.0,4.0,4.0,4.0,,3.0,3.0,4.0,3,3.0,4.0,4.0,2,3.0,3.0,4.0,,4.0,,0.0,0.0,4.0,3.0,0.0,4.0,,,4.0,2.0,,,4.0,3.0,4.0,0.0,4.0,3.0,4.0,2.0,4.0,4.0,4.0,,3.0,,4.0,,3.0,4.0,4.0,0.0,4.0,4.0,,4.0,2,3.0,,1,,0.0,1.0,,3.0,4.0,3.0,,,3.0,2.0,3.0,3.0,2.0,4.0,3.0,3.0,0.0,4.0,4.0,4.0,1.0,,,0.0,,93,6
,,3.0,,3.0,0.0,3.0,4.0,4.0,,4.0,,3.0,0.0,3.0,2,2.0,0.0,3.0,1,2.0,0.0,,0.0,,,,3.0,0.0,4.0,4.0,,,4.0,3.0,3.0,4.0,4.0,3.0,3.0,3.0,3.0,0.0,3.0,3.0,0.0,4.0,1.0,4.0,4.0,1.0,4.0,4.0,0.0,3.0,,4.0,4.0,4.0,4.0,,4.0,3,4.0,,2,,4.0,3.0,,4.0,0.0,,4.0,,4.0,4.0,3.0,3.0,3.0,,4.0,2.0,,,4.0,1.0,4.0,,,,,94,6
,0.0,4.0,,4.0,1.0,3.0,4.0,4.0,0.0,4.0,,3.0,3.0,2.0,0,0.0,3.0,4.0,2,3.0,4.0,,,4.0,,1.0,4.0,0.0,3.0,2.0,4.0,,1.0,4.0,4.0,,,3.0,3.0,3.0,3.0,4.0,3.0,3.0,3.0,4.0,4.0,4.0,,3.0,,4.0,,4.0,,4.0,3.0,4.0,4.0,,4.0,2,3.0,,0,,1.0,1.0,,0.0,3.0,4.0,,,3.0,2.0,2.0,0.0,2.0,4.0,0.0,3.0,,3.0,,,0.0,,,2.0,,95,6
,,3.0,,3.0,3.0,4.0,3.0,4.0,,4.0,4.0,4.0,3.0,4.0,1,0.0,0.0,,1,3.0,4.0,0.0,,4.0,,,4.0,4.0,4.0,4.0,4.0,0.0,3.0,4.0,4.0,,,3.0,3.0,0.0,4.0,,3.0,2.0,4.0,,4.0,3.0,0.0,3.0,2.0,4.0,,4.0,4.0,,,,0.0,,3.0,3,0.0,,2,,4.0,3.0,,4.0,,,,,4.0,4.0,0.0,4.0,4.0,,3.0,2.0,4.0,4.0,4.0,,2.0,0.0,,2.0,,96,6
,,2.0,,3.0,2.0,3.0,3.0,3.0,,3.0,,3.0,2.0,,2,3.0,,3.0,1,1.0,3.0,3.0,,,0.0,,3.0,3.0,3.0,1.0,,,,0.0,2.0,,,3.0,3.0,2.0,3.0,3.0,2.0,3.0,0.0,,3.0,2.0,3.0,3.0,3.0,3.0,,0.0,,3.0,0.0,3.0,,,,1,3.0,,0,,2.0,0.0,,2.0,,,,,,3.0,2.0,0.0,2.0,,3.0,2.0,,,1.0,0.0,3.0,0.0,,,,97,6
,6.0,6.0,1.0,0.0,6.0,5.0,,6.0,6.0,6.0,0.0,6.0,5.0,0.0,5,6.0,,,5,5.0,6.0,,6.0,,,4.0,5.0,6.0,,,,,,5.0,2.0,0.0,0.0,5.0,6.0,6.0,6.0,4.0,6.0,6.0,,,0.0,6.0,6.0,,,6.0,,6.0,,6.0,,,3.0,,6.0,5,,,4,,6.0,6.0,,0.0,,0.0,6.0,,,,6.0,,6.0,,,4.0,,0.0,,6.0,6.0,0.0,,,,98,6
,,4.0,,4.0,4.0,4.0,0.0,4.0,,4.0,,3.0,4.0,,4,4.0,,,3,2.0,,,,,0.0,,3.0,0.0,,4.0,,,,0.0,4.0,,,4.0,,3.0,4.0,0.0,4.0,3.0,4.0,,,4.0,4.0,,,1.0,0.0,0.0,,0.0,,,,3.0,0.0,2,,,3,,4.0,4.0,4.0,3.0,1.0,,,,,4.0,4.0,4.0,0.0,,2.0,4.0,,,,,4.0,,,,,99,6
,,3.0,,3.0,3.0,3.0,,3.0,3.0,3.0,,3.0,3.0,,1,3.0,,,1,2.0,,0.0,,1.0,,0.0,3.0,,0.0,,3.0,,,3.0,0.0,,,3.0,3.0,2.0,2.0,,0.0,0.0,3.0,,3.0,3.0,3.0,3.0,,,,3.0,,0.0,0.0,3.0,3.0,,3.0,0,,,2,,2.0,,,,,2.0,,,,0.0,2.0,3.0,3.0,,3.0,2.0,,3.0,,2.0,3.0,,,,,100,6
4.0,,3.0,,3.0,4.0,0.0,4.0,4.0,,4.0,3.0,4.0,3.0,4.0,3,3.0,,,3,3.0,0.0,4.0,4.0,,,4.0,4.0,4.0,1.0,,0.0,0.0,,4.0,4.0,,2.0,4.0,3.0,2.0,3.0,,2.0,1.0,4.0,,4.0,2.0,4.0,0.0,0.0,4.0,0.0,0.0,4.0,,,,,,2.0,4,4.0,,4,,4.0,,4.0,,,3.0,,,,,4.0,,,,,0.0,,,,,,,0.0,,,101,6
,,1.0,,3.0,3.0,3.0,3.0,,,3.0,0.0,3.0,2.0,3.0,0,3.0,,3.0,2,1.0,0.0,,1.0,3.0,2.0,,3.0,3.0,,,,,,3.0,3.0,,,2.0,3.0,3.0,0.0,3.0,3.0,2.0,3.0,,2.0,0.0,3.0,2.0,,0.0,,0.0,,,3.0,3.0,0.0,,2.0,2,3.0,0.0,1,,3.0,,,,,,,,,,3.0,,,,,2.0,,3.0,,0.0,,3.0,,3.0,,102,6
6.0,,5.0,0.0,6.0,6.0,6.0,6.0,,,6.0,,5.0,5.0,6.0,5,2.0,,,3,4.0,5.0,,,6.0,0.0,,6.0,6.0,6.0,,6.0,,6.0,0.0,0.0,3.0,,4.0,6.0,5.0,4.0,,0.0,5.0,5.0,6.0,5.0,6.0,6.0,5.0,,6.0,,6.0,,6.0,6.0,,0.0,,6.0,5,6.0,,3,0.0,6.0,6.0,5.0,,,,,,,,4.0,6.0,5.0,0.0,,5.0,0.0,6.0,,,6.0,0.0,,,,103,6
,,1.0,,3.0,2.0,3.0,,3.0,,3.0,,2.0,3.0,3.0,1,3.0,3.0,2.0,1,0.0,0.0,,0.0,,,,0.0,3.0,,,,,,3.0,3.0,0.0,,2.0,0.0,2.0,3.0,,3.0,2.0,3.0,,,3.0,,3.0,0.0,3.0,,,,3.0,,,,,,3,,,2,,,0.0,,3.0,,,,,,0.0,0.0,3.0,3.0,,,2.0,,3.0,3.0,,3.0,,,,,104,6
,,2.0,,0.0,0.0,3.0,3.0,3.0,4.0,3.0,,4.0,0.0,3.0,3,4.0,,,3,2.0,,,,,,,0.0,3.0,,1.0,,,0.0,3.0,3.0,,,3.0,4.0,3.0,,4.0,3.0,2.0,4.0,,,4.0,0.0,3.0,4.0,2.0,0.0,4.0,0.0,,,,4.0,0.0,4.0,4,,,2,,,3.0,,,,,4.0,,,4.0,4.0,4.0,4.0,,,1.0,,0.0,4.0,4.0,4.0,,,,,105,6
0.0,0.0,4.0,,,2.0,4.0,4.0,4.0,,,0.0,4.0,4.0,4.0,3,3.0,1.0,,3,4.0,4.0,4.0,,,,,,3.0,0.0,3.0,,,,4.0,4.0,2.0,,4.0,3.0,4.0,3.0,,,2.0,4.0,4.0,3.0,4.0,1.0,1.0,,,,2.0,,0.0,4.0,4.0,4.0,,4.0,0,3.0,,2,,2.0,0.0,,0.0,,3.0,,,4.0,4.0,0.0,3.0,1.0,4.0,3.0,4.0,,,,,3.0,,,4.0,0.0,106,6
5.0,0.0,5.0,0.0,0.0,5.0,5.0,4.0,,5.0,,3.0,5.0,,,4,5.0,,5.0,4,5.0,5.0,5.0,0.0,4.0,5.0,0.0,,,5.0,,4.0,0.0,,3.0,0.0,,,5.0,4.0,5.0,3.0,,,5.0,5.0,5.0,0.0,4.0,5.0,4.0,1.0,,,4.0,3.0,,5.0,5.0,0.0,,3.0,3,4.0,,1,4.0,2.0,,5.0,,,4.0,,,,0.0,5.0,,4.0,1.0,,5.0,1.0,5.0,,,5.0,,,,,107,6
,,0.0,,3.0,3.0,2.0,3.0,2.0,3.0,2.0,,0.0,0.0,3.0,2,0.0,,,2,1.0,3.0,0.0,,3.0,,,2.0,3.0,,,,,3.0,3.0,1.0,0.0,,1.0,3.0,1.0,3.0,3.0,2.0,2.0,3.0,0.0,3.0,3.0,0.0,2.0,,0.0,,,,3.0,,,0.0,,3.0,2,,,2,,3.0,3.0,,,,,,,,,3.0,3.0,3.0,,,2.0,,1.0,3.0,,,,,,,108,6
,3.0,2.0,0.0,4.0,3.0,3.0,4.0,4.0,4.0,4.0,,3.0,3.0,3.0,3,2.0,1.0,4.0,0,3.0,4.0,,0.0,4.0,,,4.0,4.0,4.0,4.0,,,2.0,3.0,3.0,4.0,,2.0,0.0,2.0,3.0,4.0,0.0,3.0,3.0,4.0,4.0,4.0,2.0,3.0,,4.0,,4.0,,0.0,4.0,3.0,0.0,,4.0,1,4.0,,2,,3.0,1.0,,0.0,,,,,4.0,4.0,3.0,4.0,0.0,3.0,3.0,3.0,0.0,4.0,4.0,4.0,2.0,,,4.0,,109,6
,,5.0,,4.0,3.0,0.0,4.0,5.0,5.0,5.0,,4.0,4.0,5.0,4,3.0,5.0,,0,5.0,5.0,0.0,,2.0,,,5.0,5.0,5.0,4.0,5.0,4.0,0.0,5.0,5.0,,,4.0,3.0,4.0,3.0,5.0,4.0,5.0,5.0,4.0,1.0,5.0,,4.0,3.0,0.0,,4.0,5.0,,4.0,0.0,4.0,5.0,3.0,3,4.0,,2,,0.0,4.0,,5.0,,5.0,,0.0,5.0,1.0,5.0,4.0,4.0,4.0,5.0,4.0,,4.0,0.0,5.0,4.0,,,0.0,,110,6
,,3.0,,3.0,3.0,3.0,3.0,4.0,4.0,3.0,4.0,3.0,3.0,4.0,0,3.0,4.0,3.0,2,0.0,1.0,4.0,4.0,4.0,4.0,1.0,4.0,4.0,4.0,3.0,4.0,4.0,4.0,4.0,3.0,,3.0,2.0,3.0,1.0,3.0,4.0,3.0,0.0,2.0,4.0,3.0,0.0,3.0,3.0,4.0,0.0,,4.0,0.0,4.0,4.0,4.0,0.0,4.0,3.0,3,4.0,,2,,0.0,4.0,,0.0,,4.0,,,4.0,4.0,1.0,3.0,3.0,4.0,1.0,2.0,0.0,4.0,4.0,4.0,2.0,4.0,,4.0,,111,6
,,3.0,,3.0,2.0,2.0,4.0,3.0,4.0,3.0,,0.0,2.0,3.0,0,0.0,,4.0,1,1.0,3.0,,,4.0,,,3.0,3.0,4.0,4.0,4.0,,4.0,3.0,2.0,4.0,2.0,0.0,3.0,2.0,3.0,4.0,1.0,2.0,3.0,4.0,0.0,4.0,0.0,4.0,4.0,3.0,,4.0,,3.0,4.0,4.0,4.0,,3.0,2,4.0,0.0,1,,3.0,3.0,,4.0,,,4.0,0.0,4.0,0.0,3.0,3.0,3.0,4.0,4.0,2.0,,4.0,4.0,4.0,0.0,,,3.0,,112,6
,,2.0,,3.0,2.0,3.0,4.0,4.0,4.0,3.0,,2.0,2.0,3.0,2,2.0,,4.0,1,1.0,2.0,4.0,,4.0,4.0,,2.0,3.0,4.0,4.0,1.0,3.0,4.0,3.0,0.0,3.0,,2.0,3.0,2.0,3.0,4.0,0.0,3.0,0.0,4.0,4.0,3.0,4.0,3.0,4.0,3.0,,4.0,4.0,0.0,4.0,0.0,4.0,,4.0,0,4.0,0.0,3,,3.0,3.0,,4.0,,,4.0,,,4.0,3.0,3.0,2.0,,4.0,0.0,4.0,4.0,3.0,4.0,0.0,4.0,,4.0,0.0,113,6
,,4.0,,5.0,3.0,3.0,0.0,0.0,,5.0,5.0,0.0,4.0,5.0,4,0.0,5.0,5.0,2,4.0,5.0,5.0,4.0,5.0,0.0,5.0,5.0,,5.0,4.0,4.0,5.0,,5.0,4.0,,,5.0,4.0,4.0,4.0,5.0,5.0,5.0,3.0,4.0,0.0,4.0,5.0,5.0,,,,5.0,0.0,,5.0,5.0,5.0,,5.0,3,5.0,3.0,1,,4.0,2.0,5.0,4.0,0.0,4.0,4.0,,5.0,3.0,4.0,0.0,4.0,,3.0,5.0,4.0,4.0,5.0,5.0,0.0,,,5.0,,114,6
,,4.0,,3.0,3.0,4.0,2.0,,3.0,4.0,4.0,4.0,4.0,4.0,1,3.0,4.0,3.0,2,4.0,3.0,0.0,1.0,3.0,4.0,0.0,4.0,,4.0,3.0,4.0,,,4.0,4.0,,,3.0,3.0,4.0,2.0,4.0,4.0,0.0,3.0,3.0,2.0,3.0,,2.0,,,,1.0,4.0,,3.0,0.0,0.0,4.0,3.0,2,3.0,,1,4.0,0.0,3.0,,0.0,4.0,4.0,,2.0,4.0,3.0,0.0,2.0,0.0,4.0,3.0,3.0,4.0,3.0,,2.0,2.0,0.0,,4.0,,115,6
0.0,,4.0,,,,4.0,0.0,,3.0,2.0,3.0,4.0,4.0,4.0,0,3.0,,0.0,3,3.0,4.0,2.0,4.0,,3.0,2.0,,,2.0,,2.0,3.0,0.0,4.0,,,0.0,4.0,4.0,4.0,,,4.0,3.0,4.0,4.0,,1.0,4.0,0.0,,,,3.0,3.0,,,4.0,,,4.0,4,,,1,,4.0,,0.0,,4.0,3.0,,,,4.0,4.0,0.0,,,,4.0,4.0,,,,,0.0,,,,116,6
,0.0,4.0,,2.0,0.0,4.0,,4.0,4.0,,,,3.0,4.0,2,4.0,,,3,4.0,4.0,,,4.0,,,4.0,4.0,4.0,4.0,,,,4.0,4.0,,,3.0,4.0,4.0,3.0,,0.0,0.0,4.0,4.0,4.0,,,4.0,0.0,4.0,,4.0,,,4.0,4.0,0.0,0.0,1.0,3,2.0,,1,,3.0,0.0,,4.0,,,0.0,,0.0,4.0,4.0,1.0,3.0,,4.0,3.0,,4.0,4.0,,3.0,1.0,3.0,4.0,,117,6
,,2.0,,2.0,3.0,1.0,3.0,3.0,2.0,2.0,,2.0,0.0,3.0,3,0.0,,,0,0.0,,,,,2.0,,3.0,3.0,,3.0,3.0,1.0,3.0,2.0,1.0,3.0,,1.0,0.0,2.0,,,2.0,2.0,3.0,,,1.0,3.0,,3.0,3.0,,,3.0,,,,,2.0,0.0,3,,0.0,0,,,3.0,,,,,,,,0.0,3.0,,,,,2.0,,,3.0,0.0,,,,,,118,6
,,3.0,,5.0,5.0,5.0,0.0,5.0,0.0,5.0,1.0,5.0,4.0,3.0,3,3.0,,4.0,4,0.0,0.0,4.0,0.0,5.0,5.0,,5.0,5.0,5.0,,5.0,5.0,0.0,5.0,5.0,,2.0,5.0,5.0,4.0,0.0,5.0,4.0,2.0,4.0,5.0,0.0,0.0,5.0,4.0,,,,4.0,,,5.0,5.0,4.0,,4.0,4,5.0,,3,5.0,4.0,0.0,,,,5.0,,,,5.0,5.0,5.0,5.0,2.0,,4.0,,5.0,,,5.0,5.0,,,4.0,119,6
5.0,,4.0,0.0,5.0,0.0,4.0,4.0,4.0,5.0,5.0,3.0,0.0,5.0,5.0,3,0.0,,,3,4.0,5.0,4.0,,5.0,5.0,5.0,5.0,5.0,2.0,5.0,0.0,5.0,5.0,3.0,4.0,5.0,,4.0,1.0,3.0,4.0,5.0,4.0,4.0,4.0,5.0,2.0,4.0,1.0,4.0,5.0,5.0,,4.0,5.0,,4.0,4.0,3.0,0.0,4.0,3,4.0,,2,,4.0,5.0,0.0,5.0,,5.0,5.0,0.0,,5.0,4.0,5.0,4.0,0.0,5.0,4.0,5.0,5.0,0.0,5.0,5.0,5.0,,,,120,6
2.0,,1.0,,3.0,3.0,3.0,4.0,4.0,,3.0,1.0,3.0,3.0,4.0,0,3.0,,0.0,1,0.0,3.0,4.0,0.0,,,,3.0,4.0,4.0,,4.0,,3.0,3.0,4.0,4.0,0.0,0.0,3.0,2.0,4.0,4.0,3.0,2.0,2.0,,4.0,0.0,3.0,0.0,4.0,4.0,,4.0,4.0,1.0,,4.0,4.0,,4.0,3,,,2,,,4.0,,4.0,,,,,,,0.0,4.0,4.0,,,2.0,,,4.0,4.0,4.0,4.0,0.0,,,121,6
,,3.0,0.0,0.0,3.0,3.0,4.0,4.0,,3.0,,0.0,3.0,4.0,3,2.0,4.0,,1,2.0,,0.0,,,2.0,,0.0,4.0,0.0,2.0,4.0,,,1.0,1.0,0.0,,4.0,4.0,3.0,4.0,4.0,3.0,3.0,3.0,4.0,,4.0,0.0,4.0,,4.0,,,4.0,4.0,,,,,4.0,4,,,0,,4.0,3.0,,4.0,1.0,,,,4.0,2.0,4.0,3.0,2.0,,0.0,3.0,,4.0,4.0,,3.0,4.0,,4.0,,122,6
,,4.0,,0.0,3.0,4.0,,,,,,3.0,4.0,,2,4.0,4.0,,3,4.0,,,,,,,2.0,,0.0,3.0,0.0,,,4.0,3.0,,,4.0,4.0,2.0,4.0,,4.0,4.0,4.0,,,4.0,,4.0,,,0.0,4.0,,,4.0,,4.0,,,0,,,2,,3.0,3.0,3.0,0.0,0.0,,,,4.0,1.0,0.0,2.0,0.0,,3.0,3.0,,4.0,,,4.0,0.0,,,,123,6
0.0,,2.0,,3.0,4.0,3.0,4.0,3.0,4.0,3.0,,3.0,2.0,3.0,3,2.0,,,1,1.0,4.0,4.0,4.0,0.0,,,0.0,2.0,,4.0,4.0,3.0,3.0,3.0,0.0,4.0,3.0,0.0,4.0,2.0,4.0,3.0,1.0,2.0,0.0,,0.0,3.0,0.0,4.0,4.0,0.0,,4.0,4.0,1.0,4.0,,4.0,,4.0,2,,,3,,4.0,3.0,,4.0,,,4.0,,,,3.0,4.0,4.0,,3.0,2.0,,4.0,3.0,4.0,4.0,0.0,,,,124,6
,,0.0,1.0,2.0,1.0,0.0,3.0,0.0,,2.0,,3.0,2.0,3.0,2,3.0,,3.0,0,2.0,,,,,3.0,,3.0,3.0,3.0,1.0,3.0,,,2.0,3.0,2.0,,3.0,0.0,1.0,3.0,,2.0,1.0,2.0,2.0,3.0,0.0,0.0,3.0,3.0,3.0,,3.0,0.0,,,,,,,3,3.0,,2,3.0,3.0,0.0,,2.0,,,,,,3.0,2.0,1.0,3.0,,3.0,2.0,,,3.0,,3.0,0.0,,,,125,6
,,2.0,,3.0,0.0,2.0,,3.0,,3.0,,2.0,3.0,3.0,1,3.0,,0.0,1,0.0,3.0,,,,0.0,3.0,2.0,,3.0,,0.0,,,3.0,3.0,,1.0,3.0,1.0,2.0,2.0,3.0,3.0,3.0,3.0,0.0,3.0,2.0,,3.0,0.0,,,,3.0,0.0,,3.0,,,,0,3.0,,2,,3.0,3.0,,1.0,,,,,,,3.0,3.0,2.0,,,0.0,,,1.0,3.0,3.0,,,,,126,6
,0.0,0.0,,3.0,3.0,0.0,,3.0,3.0,0.0,,3.0,3.0,3.0,2,2.0,,,1,1.0,0.0,,,0.0,,,3.0,3.0,,,,,1.0,3.0,3.0,,,2.0,3.0,0.0,2.0,,2.0,2.0,0.0,3.0,0.0,3.0,3.0,3.0,,3.0,,,,,1.0,3.0,3.0,,2.0,1,3.0,2.0,2,,3.0,,,,,,,,0.0,3.0,3.0,,3.0,,,2.0,,3.0,,,,,,,,127,6
,,5.0,,5.0,5.0,5.0,5.0,,4.0,5.0,,5.0,0.0,5.0,4,5.0,,3.0,4,4.0,,,,,,0.0,3.0,2.0,0.0,5.0,5.0,0.0,0.0,4.0,0.0,,,4.0,5.0,5.0,5.0,5.0,4.0,4.0,,,,5.0,5.0,5.0,,5.0,,5.0,,,5.0,,5.0,,0.0,5,5.0,3.0,1,5.0,0.0,4.0,,5.0,,,,,,0.0,,5.0,4.0,,,5.0,3.0,5.0,5.0,3.0,0.0,,,,5.0,128,6
,0.0,2.0,0.0,4.0,3.0,3.0,4.0,4.0,,3.0,,4.0,1.0,4.0,3,3.0,4.0,4.0,3,2.0,0.0,,,,,,3.0,3.0,4.0,4.0,,,4.0,3.0,3.0,,,0.0,4.0,3.0,4.0,4.0,0.0,0.0,3.0,4.0,1.0,4.0,4.0,4.0,,3.0,,3.0,,,,4.0,4.0,,4.0,3,4.0,,2,,3.0,0.0,,2.0,,,,,0.0,4.0,3.0,0.0,1.0,,3.0,2.0,,,4.0,4.0,4.0,,1.0,4.0,0.0,129,6
,4.0,2.0,0.0,3.0,3.0,0.0,4.0,3.0,,3.0,,4.0,1.0,4.0,2,3.0,4.0,4.0,2,3.0,4.0,,,4.0,,,3.0,2.0,4.0,2.0,,,0.0,3.0,1.0,,,3.0,3.0,3.0,3.0,4.0,3.0,3.0,3.0,4.0,4.0,4.0,0.0,3.0,4.0,4.0,,0.0,4.0,4.0,4.0,4.0,4.0,,4.0,3,0.0,,1,,3.0,2.0,,3.0,0.0,4.0,4.0,,4.0,0.0,0.0,0.0,2.0,,3.0,2.0,,,3.0,4.0,3.0,,,4.0,,130,6
,,0.0,,3.0,3.0,2.0,,3.0,3.0,2.0,,3.0,0.0,3.0,3,0.0,0.0,,2,2.0,,,3.0,,,,3.0,,,2.0,,,,3.0,2.0,0.0,1.0,2.0,3.0,3.0,,3.0,3.0,3.0,0.0,0.0,,3.0,,3.0,,,,3.0,,2.0,,,,,,3,,,1,,,1.0,,3.0,3.0,1.0,,,3.0,3.0,0.0,3.0,2.0,,2.0,3.0,,,,0.0,3.0,,,0.0,,131,6
,,0.0,,3.0,3.0,3.0,4.0,0.0,4.0,3.0,,3.0,2.0,3.0,0,0.0,,,1,2.0,4.0,,4.0,,,,0.0,3.0,,4.0,,,4.0,4.0,3.0,,,3.0,4.0,2.0,4.0,2.0,2.0,1.0,3.0,,,3.0,3.0,4.0,4.0,3.0,,,,4.0,0.0,,,,,4,,,3,,,3.0,,4.0,2.0,,4.0,,0.0,4.0,3.0,4.0,3.0,,4.0,2.0,,4.0,0.0,4.0,4.0,0.0,,0.0,,132,6
,,7.0,,8.0,6.0,7.0,8.0,8.0,8.0,7.0,8.0,8.0,8.0,,7,8.0,,,7,8.0,8.0,8.0,,,,2.0,,8.0,5.0,8.0,8.0,,,8.0,8.0,,,0.0,0.0,6.0,8.0,,0.0,8.0,0.0,8.0,8.0,7.0,0.0,8.0,7.0,,,7.0,0.0,,8.0,0.0,0.0,,,6,8.0,,7,,8.0,,,7.0,,0.0,,0.0,,,8.0,8.0,8.0,,,7.0,8.0,8.0,,8.0,8.0,,1.0,,,133,6
0.0,5.0,6.0,,5.0,5.0,6.0,7.0,1.0,7.0,6.0,,6.0,7.0,3.0,4,6.0,,7.0,5,0.0,,7.0,6.0,,,7.0,4.0,6.0,7.0,1.0,7.0,,7.0,6.0,6.0,7.0,7.0,6.0,7.0,6.0,7.0,5.0,6.0,5.0,6.0,,,5.0,7.0,7.0,7.0,6.0,0.0,7.0,7.0,0.0,2.0,,,,,6,7.0,,6,,7.0,6.0,,7.0,,0.0,0.0,,7.0,7.0,0.0,7.0,7.0,,0.0,6.0,,,6.0,0.0,6.0,0.0,,7.0,,134,6
,,0.0,,3.0,1.0,0.0,4.0,3.0,4.0,3.0,4.0,3.0,2.0,3.0,2,3.0,,4.0,2,3.0,4.0,4.0,4.0,4.0,,2.0,3.0,4.0,3.0,4.0,4.0,0.0,4.0,3.0,0.0,4.0,3.0,3.0,0.0,2.0,3.0,4.0,2.0,0.0,3.0,0.0,3.0,3.0,4.0,4.0,4.0,4.0,,0.0,4.0,4.0,4.0,3.0,4.0,,3.0,2,3.0,,2,,3.0,3.0,,4.0,,4.0,,,,4.0,3.0,4.0,4.0,4.0,,1.0,,0.0,4.0,4.0,4.0,4.0,0.0,,,135,6
,,,,,2.0,3.0,,3.0,3.0,,,3.0,3.0,3.0,1,0.0,3.0,,0,3.0,2.0,,,3.0,,,3.0,,1.0,2.0,3.0,,,3.0,3.0,,,3.0,2.0,3.0,0.0,2.0,,0.0,3.0,3.0,2.0,3.0,,2.0,,,,3.0,,,2.0,3.0,1.0,,0.0,2,2.0,,0,3.0,1.0,2.0,,3.0,,,,,,1.0,3.0,0.0,2.0,0.0,3.0,2.0,,2.0,1.0,0.0,0.0,,,3.0,,136,6
0.0,,5.0,,,5.0,0.0,3.0,5.0,,,4.0,5.0,5.0,,4,0.0,3.0,,4,5.0,5.0,2.0,5.0,5.0,5.0,5.0,,,5.0,5.0,4.0,0.0,4.0,5.0,5.0,,,5.0,0.0,4.0,4.0,0.0,5.0,5.0,5.0,4.0,2.0,3.0,2.0,5.0,,,,3.0,4.0,,5.0,0.0,5.0,,5.0,4,2.0,,3,,4.0,5.0,2.0,3.0,,4.0,,,,5.0,5.0,5.0,5.0,,0.0,5.0,5.0,,0.0,0.0,5.0,,,,,137,6
,,2.0,,4.0,3.0,3.0,4.0,0.0,,3.0,4.0,4.0,3.0,4.0,3,3.0,,,2,2.0,,2.0,4.0,,,,3.0,2.0,0.0,0.0,0.0,,4.0,1.0,3.0,,0.0,3.0,4.0,0.0,,0.0,0.0,3.0,3.0,,,3.0,0.0,,,4.0,,,4.0,,,,,,,4,,,4,,,4.0,,,,4.0,4.0,,,4.0,3.0,4.0,4.0,,0.0,1.0,,,3.0,4.0,4.0,4.0,,,,138,6
,3.0,3.0,,3.0,,3.0,0.0,2.0,,0.0,3.0,3.0,3.0,3.0,3,0.0,,,1,2.0,,1.0,0.0,,3.0,3.0,0.0,1.0,,,2.0,3.0,,2.0,3.0,0.0,,3.0,,3.0,,0.0,3.0,2.0,3.0,3.0,,2.0,3.0,,,,,,0.0,,,,,,,2,,,3,,0.0,3.0,3.0,,,2.0,3.0,,,0.0,,,2.0,,,3.0,1.0,,3.0,,3.0,,,,,139,6
,0.0,,,,4.0,,2.0,,0.0,,,0.0,,,3,4.0,,,3,4.0,4.0,,,3.0,,,,,3.0,4.0,,,,,,,,4.0,3.0,4.0,3.0,,4.0,4.0,0.0,4.0,3.0,1.0,,2.0,4.0,,,0.0,,,3.0,3.0,2.0,0.0,4.0,2,4.0,,1,3.0,0.0,,,0.0,,,,,,,3.0,4.0,3.0,4.0,,4.0,,4.0,0.0,,4.0,2.0,0.0,4.0,3.0,140,6
,0.0,3.0,,4.0,3.0,3.0,3.0,4.0,4.0,0.0,4.0,4.0,4.0,4.0,0,4.0,,4.0,2,3.0,1.0,,,4.0,,,4.0,4.0,2.0,1.0,4.0,1.0,,3.0,4.0,,,4.0,0.0,3.0,2.0,4.0,4.0,1.0,0.0,0.0,2.0,2.0,4.0,3.0,0.0,,,3.0,4.0,,3.0,3.0,3.0,,0.0,3,1.0,4.0,2,,2.0,4.0,,4.0,,,,,4.0,3.0,3.0,4.0,3.0,3.0,3.0,3.0,4.0,4.0,0.0,4.0,3.0,4.0,0.0,4.0,,141,6
0.0,,4.0,0.0,4.0,4.0,0.0,0.0,3.0,4.0,4.0,4.0,4.0,1.0,0.0,3,0.0,,4.0,3,2.0,4.0,0.0,3.0,4.0,4.0,4.0,4.0,0.0,4.0,,3.0,2.0,4.0,4.0,4.0,,4.0,4.0,3.0,4.0,1.0,0.0,4.0,3.0,4.0,4.0,4.0,3.0,4.0,4.0,,,,0.0,4.0,,4.0,2.0,4.0,,3.0,3,4.0,,2,,2.0,4.0,4.0,,,3.0,,,,2.0,,4.0,,,,4.0,3.0,4.0,4.0,3.0,4.0,,,,,142,6
,,2.0,,,0.0,3.0,,0.0,3.0,1.0,,3.0,,,2,,2.0,2.0,0,3.0,,,,,,,3.0,,1.0,0.0,,,,2.0,,,,3.0,2.0,3.0,0.0,3.0,,3.0,,3.0,3.0,3.0,0.0,3.0,0.0,,,1.0,,0.0,0.0,3.0,3.0,,3.0,2,3.0,,1,,2.0,3.0,,3.0,,,,,,2.0,3.0,3.0,3.0,,,3.0,,,,0.0,3.0,2.0,,,,143,6
,,5.0,,,4.0,5.0,5.0,,0.0,5.0,,,5.0,5.0,2,5.0,0.0,0.0,4,5.0,4.0,,,0.0,,,,,4.0,0.0,,,4.0,4.0,5.0,,5.0,4.0,3.0,5.0,3.0,,0.0,5.0,4.0,4.0,1.0,,,3.0,0.0,,5.0,4.0,,,3.0,3.0,0.0,4.0,3.0,3,4.0,,1,5.0,2.0,4.0,,3.0,,,0.0,,5.0,4.0,4.0,4.0,0.0,5.0,5.0,5.0,,3.0,,,4.0,,,,,144,6
0.0,,,,0.0,0.0,4.0,4.0,,1.0,,,,4.0,4.0,3,3.0,1.0,4.0,3,4.0,4.0,,,0.0,,,,,4.0,2.0,,,,4.0,4.0,,,,4.0,4.0,0.0,,4.0,0.0,4.0,4.0,4.0,,,2.0,,1.0,,3.0,1.0,,2.0,3.0,3.0,4.0,4.0,4,3.0,,2,,3.0,3.0,,3.0,0.0,,4.0,0.0,1.0,3.0,4.0,4.0,3.0,,0.0,4.0,,4.0,,,4.0,,0.0,4.0,,145,6
,,2.0,0.0,4.0,2.0,3.0,,4.0,,2.0,,4.0,3.0,4.0,3,4.0,4.0,0.0,1,0.0,4.0,,0.0,,,,3.0,4.0,4.0,3.0,4.0,,,3.0,4.0,,,3.0,4.0,3.0,3.0,4.0,4.0,4.0,0.0,4.0,4.0,3.0,4.0,4.0,,,,4.0,,,4.0,4.0,4.0,0.0,4.0,2,4.0,,2,,4.0,3.0,,0.0,4.0,,,,4.0,0.0,2.0,0.0,1.0,,3.0,0.0,4.0,,,4.0,3.0,,,4.0,,146,6
,,3.0,,3.0,2.0,0.0,2.0,3.0,,3.0,,2.0,,,0,3.0,2.0,1.0,2,2.0,3.0,0.0,,3.0,,,,,2.0,2.0,3.0,,,0.0,3.0,,,0.0,1.0,0.0,2.0,3.0,3.0,3.0,3.0,0.0,0.0,3.0,,3.0,,,,3.0,1.0,,3.0,3.0,3.0,,2.0,2,3.0,,1,,0.0,3.0,,3.0,0.0,,1.0,,,3.0,3.0,3.0,3.0,3.0,,3.0,,3.0,,,3.0,,,,,147,6
0.0,,5.0,,7.0,7.0,7.0,7.0,0.0,,0.0,,7.0,6.0,7.0,7,7.0,,,5,6.0,7.0,7.0,1.0,,,6.0,6.0,4.0,7.0,0.0,7.0,0.0,,6.0,7.0,,7.0,3.0,7.0,6.0,7.0,7.0,6.0,4.0,7.0,,0.0,2.0,6.0,6.0,,7.0,,7.0,7.0,,,,,,7.0,6,,,6,,7.0,7.0,,7.0,,,,,,7.0,6.0,6.0,7.0,2.0,,5.0,,,7.0,0.0,0.0,,0.0,7.0,0.0,148,6
,,4.0,,4.0,0.0,4.0,4.0,4.0,,4.0,,0.0,0.0,4.0,1,3.0,,4.0,2,2.0,0.0,4.0,,,2.0,,3.0,4.0,,,4.0,,,4.0,3.0,2.0,2.0,4.0,4.0,3.0,4.0,0.0,4.0,4.0,3.0,,,3.0,,0.0,3.0,4.0,,,,0.0,,,,,,4,,,3,,4.0,4.0,,,0.0,,,2.0,,,4.0,4.0,3.0,,,3.0,0.0,,0.0,4.0,4.0,,3.0,,2.0,149,6
,,4.0,,4.0,4.0,4.0,4.0,0.0,,4.0,,4.0,4.0,,4,4.0,4.0,,3,0.0,3.0,,,,,,3.0,4.0,,,,,0.0,3.0,2.0,0.0,,3.0,,4.0,4.0,4.0,4.0,3.0,4.0,,3.0,0.0,2.0,4.0,,4.0,,,,,0.0,,4.0,,2.0,4,0.0,,3,,,4.0,,,,4.0,,,,,4.0,,0.0,,2.0,3.0,0.0,,1.0,0.0,4.0,,,,,150,6
,0.0,3.0,,4.0,4.0,2.0,,,,4.0,,0.0,3.0,0.0,0,3.0,,0.0,2,1.0,4.0,,4.0,,,,4.0,4.0,4.0,,4.0,,4.0,4.0,4.0,,,0.0,3.0,3.0,,,3.0,2.0,4.0,,,0.0,,4.0,,4.0,,,,3.0,,,,,,2,4.0,,1,0.0,4.0,4.0,,,,,,,4.0,,4.0,,,,,3.0,0.0,4.0,,,3.0,,0.0,,,151,6
,,4.0,,6.0,5.0,6.0,1.0,6.0,6.0,0.0,6.0,6.0,5.0,3.0,5,5.0,6.0,6.0,3,5.0,6.0,4.0,0.0,4.0,,,0.0,6.0,6.0,3.0,6.0,,6.0,5.0,6.0,0.0,,5.0,2.0,6.0,5.0,6.0,6.0,5.0,6.0,6.0,5.0,5.0,6.0,6.0,6.0,6.0,0.0,4.0,6.0,6.0,6.0,5.0,6.0,6.0,6.0,0,0.0,,4,,5.0,5.0,0.0,6.0,,6.0,,6.0,0.0,5.0,6.0,6.0,5.0,6.0,6.0,6.0,,6.0,,6.0,4.0,,,0.0,,152,6
,,2.0,,3.0,3.0,2.0,4.0,4.0,,4.0,4.0,3.0,0.0,1.0,0,3.0,,,1,2.0,3.0,4.0,4.0,4.0,0.0,,0.0,4.0,4.0,,4.0,3.0,3.0,4.0,4.0,,0.0,3.0,3.0,3.0,0.0,4.0,3.0,3.0,0.0,4.0,3.0,3.0,,0.0,0.0,4.0,,3.0,4.0,4.0,,4.0,4.0,,4.0,2,4.0,3.0,2,,4.0,4.0,0.0,4.0,,4.0,,,,,3.0,4.0,3.0,,,3.0,,,4.0,4.0,4.0,4.0,,,,153,6
,,0.0,0.0,2.0,0.0,2.0,3.0,3.0,0.0,2.0,,2.0,0.0,3.0,2,0.0,,,1,1.0,3.0,,3.0,,,,2.0,2.0,,,0.0,,3.0,0.0,2.0,3.0,3.0,2.0,3.0,0.0,,3.0,1.0,0.0,2.0,,,3.0,3.0,3.0,,3.0,,,,,,,2.0,,3.0,3,,,2,,,3.0,,,,,,,,,3.0,,3.0,,,2.0,,,3.0,3.0,,,1.0,,2.0,154,6
,0.0,4.0,,4.0,3.0,2.0,4.0,3.0,,4.0,,0.0,0.0,3.0,4,2.0,,,3,0.0,,,,,0.0,,4.0,,,,,,,4.0,0.0,,,4.0,,4.0,,,4.0,4.0,4.0,2.0,,4.0,,,,,,,,,,,,,,4,4.0,4.0,1,,4.0,4.0,,4.0,,0.0,,0.0,0.0,,4.0,2.0,3.0,,4.0,3.0,,0.0,4.0,1.0,4.0,4.0,,,,155,6
,,2.0,,4.0,3.0,4.0,5.0,5.0,5.0,5.0,5.0,5.0,0.0,5.0,4,4.0,4.0,5.0,4,4.0,5.0,5.0,5.0,4.0,,3.0,4.0,5.0,5.0,5.0,0.0,5.0,5.0,5.0,0.0,,,3.0,0.0,4.0,4.0,5.0,4.0,3.0,5.0,5.0,4.0,4.0,5.0,3.0,5.0,4.0,,4.0,5.0,,5.0,4.0,1.0,,4.0,3,5.0,,2,,3.0,4.0,,5.0,,5.0,,0.0,,5.0,4.0,4.0,4.0,0.0,5.0,3.0,4.0,0.0,0.0,0.0,5.0,5.0,,5.0,0.0,156,6
,,3.0,,2.0,3.0,3.0,0.0,,2.0,3.0,,3.0,0.0,3.0,2,0.0,,3.0,2,2.0,3.0,,,3.0,,,2.0,3.0,3.0,0.0,,,,2.0,1.0,3.0,,2.0,3.0,3.0,3.0,3.0,0.0,1.0,3.0,,3.0,,3.0,3.0,1.0,0.0,3.0,2.0,,0.0,0.0,0.0,3.0,,0.0,3,,,1,,1.0,2.0,,,3.0,,,,,3.0,3.0,3.0,3.0,,,3.0,,3.0,3.0,3.0,3.0,,,,,157,6
0.0,,3.0,0.0,4.0,0.0,3.0,,1.0,4.0,1.0,4.0,4.0,3.0,4.0,3,2.0,,,2,3.0,4.0,4.0,,,,,3.0,3.0,,,,,4.0,4.0,0.0,,2.0,3.0,4.0,3.0,4.0,3.0,0.0,0.0,4.0,,0.0,4.0,3.0,4.0,,3.0,,,,,,,4.0,,3.0,4,,2.0,3,,0.0,4.0,,,,,4.0,0.0,,4.0,4.0,,4.0,,,2.0,,0.0,2.0,4.0,4.0,,,,,158,6
,3.0,2.0,,4.0,3.0,0.0,4.0,0.0,,4.0,,3.0,3.0,4.0,3,2.0,2.0,3.0,1,2.0,1.0,,0.0,4.0,,,4.0,4.0,4.0,4.0,,,4.0,3.0,3.0,4.0,,3.0,3.0,3.0,0.0,4.0,0.0,3.0,3.0,4.0,0.0,4.0,0.0,3.0,,4.0,,4.0,,,4.0,4.0,3.0,0.0,3.0,2,4.0,0.0,2,,4.0,3.0,,0.0,,,,4.0,,4.0,4.0,4.0,4.0,,4.0,3.0,,4.0,4.0,4.0,4.0,,,,,159,6
,,4.0,,4.0,1.0,3.0,,0.0,0.0,4.0,,0.0,4.0,4.0,2,4.0,,,3,2.0,,,,4.0,,3.0,4.0,,0.0,4.0,4.0,,,4.0,4.0,,,4.0,4.0,3.0,4.0,4.0,0.0,4.0,4.0,0.0,,4.0,,,,0.0,,,,,4.0,4.0,4.0,,,3,4.0,,2,,3.0,4.0,,4.0,,,,,0.0,,4.0,0.0,3.0,,,3.0,,0.0,,,4.0,,,,,160,6
,,4.0,,4.0,2.0,4.0,0.0,4.0,0.0,4.0,4.0,3.0,0.0,3.0,2,2.0,4.0,4.0,2,3.0,2.0,3.0,,4.0,4.0,,4.0,4.0,3.0,0.0,4.0,4.0,,4.0,4.0,,,4.0,3.0,3.0,1.0,0.0,4.0,3.0,3.0,4.0,3.0,2.0,,3.0,,,,2.0,4.0,4.0,3.0,3.0,3.0,4.0,3.0,0,3.0,,1,,2.0,0.0,,3.0,4.0,4.0,,,4.0,1.0,3.0,2.0,3.0,3.0,3.0,3.0,0.0,4.0,,4.0,2.0,0.0,,0.0,,161,6
0.0,,4.0,,4.0,3.0,3.0,4.0,4.0,,4.0,4.0,3.0,3.0,4.0,3,3.0,,4.0,1,0.0,0.0,4.0,4.0,,4.0,2.0,3.0,4.0,4.0,2.0,0.0,,4.0,3.0,2.0,1.0,1.0,4.0,4.0,0.0,0.0,4.0,3.0,4.0,3.0,2.0,4.0,3.0,4.0,4.0,,4.0,,4.0,3.0,4.0,,4.0,,,4.0,4,4.0,0.0,3,,3.0,3.0,,4.0,0.0,2.0,,,4.0,0.0,4.0,2.0,1.0,,4.0,3.0,4.0,,0.0,4.0,3.0,,,4.0,,162,6
2.0,,2.0,0.0,0.0,4.0,3.0,4.0,4.0,,3.0,,4.0,1.0,4.0,4,3.0,0.0,,2,1.0,,4.0,,,,4.0,3.0,3.0,,4.0,4.0,,4.0,0.0,2.0,4.0,,3.0,4.0,3.0,,4.0,2.0,0.0,0.0,,,3.0,3.0,,4.0,0.0,0.0,0.0,3.0,2.0,,,,,,3,,0.0,3,,,4.0,,,,,,,,4.0,4.0,4.0,4.0,,3.0,3.0,,,4.0,4.0,,,,,2.0,163,6
4.0,2.0,3.0,0.0,2.0,1.0,3.0,4.0,3.0,4.0,4.0,,3.0,3.0,4.0,1,3.0,,4.0,2,2.0,4.0,,,4.0,4.0,,3.0,4.0,0.0,4.0,4.0,0.0,4.0,3.0,3.0,4.0,,3.0,2.0,0.0,0.0,4.0,3.0,0.0,3.0,3.0,3.0,1.0,4.0,3.0,4.0,4.0,,3.0,0.0,4.0,3.0,4.0,4.0,,3.0,2,2.0,,0,,3.0,3.0,4.0,3.0,,4.0,,3.0,4.0,4.0,2.0,3.0,0.0,4.0,4.0,0.0,4.0,4.0,4.0,4.0,2.0,4.0,,4.0,,164,6
,,3.0,,0.0,1.0,0.0,4.0,4.0,0.0,3.0,,3.0,3.0,3.0,2,3.0,,4.0,2,2.0,3.0,4.0,4.0,4.0,,0.0,3.0,4.0,4.0,4.0,4.0,,4.0,4.0,4.0,,0.0,3.0,3.0,3.0,3.0,4.0,3.0,0.0,4.0,4.0,4.0,4.0,4.0,0.0,,4.0,,4.0,,1.0,4.0,4.0,0.0,,3.0,3,4.0,,1,,3.0,3.0,,4.0,0.0,,,,4.0,2.0,3.0,4.0,3.0,,4.0,1.0,2.0,4.0,,,0.0,,,4.0,,165,6
4.0,,3.0,,4.0,4.0,3.0,2.0,3.0,4.0,3.0,3.0,3.0,3.0,4.0,3,3.0,,4.0,0,2.0,4.0,2.0,2.0,,0.0,0.0,3.0,1.0,4.0,4.0,2.0,0.0,4.0,4.0,3.0,,4.0,1.0,0.0,0.0,4.0,3.0,2.0,2.0,0.0,3.0,0.0,1.0,4.0,4.0,,4.0,3.0,3.0,3.0,4.0,3.0,1.0,4.0,,4.0,2,4.0,,3,,4.0,4.0,3.0,,,0.0,0.0,,,,4.0,4.0,4.0,,,3.0,2.0,,4.0,4.0,4.0,4.0,,,,166,6
,,0.0,,3.0,3.0,3.0,3.0,3.0,3.0,2.0,0.0,3.0,3.0,3.0,2,2.0,,,1,2.0,3.0,3.0,,3.0,,1.0,3.0,0.0,,,,,,0.0,3.0,,,3.0,3.0,3.0,3.0,3.0,2.0,1.0,3.0,3.0,0.0,3.0,0.0,1.0,,,,3.0,3.0,,3.0,2.0,3.0,,0.0,0,,,2,,2.0,,,,,,3.0,,0.0,,3.0,,3.0,,,2.0,,3.0,,,3.0,0.0,,,,167,6
6.0,,6.0,,6.0,5.0,5.0,3.0,4.0,,6.0,5.0,6.0,5.0,0.0,6,4.0,2.0,,5,6.0,,5.0,6.0,,6.0,5.0,0.0,6.0,,0.0,0.0,6.0,,,6.0,6.0,,6.0,1.0,5.0,6.0,,6.0,1.0,6.0,,,6.0,6.0,,,,,4.0,6.0,,,0.0,,0.0,6.0,5,,,4,,6.0,5.0,0.0,3.0,,0.0,0.0,0.0,5.0,5.0,6.0,6.0,6.0,,6.0,5.0,6.0,,,,6.0,,,6.0,,168,6
,,0.0,,5.0,3.0,4.0,5.0,5.0,,4.0,,5.0,5.0,5.0,5,4.0,0.0,3.0,4,1.0,5.0,5.0,5.0,,0.0,0.0,5.0,5.0,4.0,1.0,5.0,,,2.0,5.0,,,5.0,5.0,4.0,5.0,,4.0,5.0,3.0,5.0,4.0,2.0,5.0,5.0,0.0,5.0,,5.0,5.0,,,5.0,0.0,,,4,5.0,,3,,5.0,3.0,,4.0,5.0,1.0,,0.0,4.0,5.0,4.0,4.0,0.0,,4.0,4.0,4.0,,,,4.0,,0.0,0.0,,169,6
0.0,,3.0,,,4.0,4.0,4.0,3.0,,1.0,3.0,4.0,4.0,3.0,1,3.0,,0.0,2,3.0,4.0,4.0,4.0,4.0,,,4.0,4.0,4.0,4.0,4.0,4.0,,4.0,4.0,,,4.0,3.0,4.0,3.0,4.0,4.0,2.0,4.0,4.0,3.0,3.0,0.0,0.0,4.0,,,3.0,4.0,0.0,4.0,4.0,4.0,,3.0,2,2.0,,0,,0.0,0.0,3.0,4.0,,4.0,,,,3.0,4.0,4.0,3.0,,4.0,3.0,0.0,4.0,1.0,,2.0,0.0,,,,170,6
,0.0,0.0,,4.0,4.0,3.0,4.0,4.0,4.0,3.0,0.0,4.0,2.0,3.0,3,3.0,,,1,0.0,4.0,,,4.0,2.0,4.0,3.0,3.0,4.0,,,,4.0,3.0,3.0,,,2.0,0.0,3.0,3.0,4.0,0.0,2.0,3.0,4.0,4.0,4.0,4.0,4.0,,4.0,,3.0,,4.0,0.0,4.0,4.0,,4.0,0,4.0,,2,0.0,2.0,4.0,,,,,,,,,4.0,4.0,4.0,,,3.0,,4.0,4.0,4.0,4.0,,0.0,,,171,6
0.0,,4.0,,4.0,3.0,3.0,3.0,1.0,,,4.0,3.0,4.0,4.0,3,0.0,0.0,,2,4.0,,4.0,,,,3.0,4.0,3.0,,4.0,4.0,,,,0.0,,,4.0,1.0,4.0,4.0,,4.0,4.0,4.0,4.0,0.0,4.0,,4.0,0.0,,,3.0,4.0,0.0,,4.0,,0.0,,2,4.0,,1,4.0,4.0,3.0,,4.0,,2.0,,0.0,2.0,4.0,4.0,,4.0,,4.0,4.0,,,,,4.0,0.0,,,,172,6
,0.0,3.0,,3.0,2.0,3.0,0.0,0.0,,4.0,,3.0,3.0,4.0,3,2.0,4.0,4.0,2,0.0,4.0,4.0,,,4.0,,3.0,4.0,4.0,3.0,2.0,4.0,4.0,4.0,0.0,,,3.0,4.0,1.0,3.0,4.0,3.0,3.0,0.0,4.0,4.0,3.0,4.0,4.0,4.0,4.0,0.0,4.0,4.0,4.0,,,,,4.0,3,1.0,,2,3.0,4.0,2.0,,3.0,0.0,4.0,0.0,,4.0,1.0,3.0,3.0,2.0,,3.0,4.0,4.0,,4.0,4.0,0.0,4.0,,4.0,,173,6
,,0.0,,3.0,3.0,0.0,3.0,3.0,2.0,0.0,,3.0,2.0,0.0,2,2.0,,0.0,1,1.0,2.0,,,3.0,2.0,,2.0,3.0,3.0,3.0,3.0,1.0,3.0,2.0,3.0,,,3.0,3.0,2.0,0.0,3.0,2.0,0.0,2.0,3.0,0.0,3.0,3.0,1.0,,3.0,,3.0,,3.0,3.0,3.0,3.0,,2.0,2,3.0,,2,,3.0,2.0,,3.0,2.0,,,,,3.0,2.0,1.0,0.0,3.0,3.0,2.0,,3.0,,,3.0,,0.0,,,174,6
,1.0,0.0,,4.0,4.0,3.0,4.0,3.0,4.0,2.0,4.0,4.0,3.0,3.0,3,4.0,1.0,,2,2.0,,4.0,4.0,,0.0,,3.0,1.0,0.0,4.0,4.0,,4.0,1.0,3.0,,4.0,3.0,1.0,3.0,4.0,0.0,3.0,3.0,4.0,2.0,4.0,1.0,0.0,4.0,4.0,2.0,,4.0,0.0,4.0,4.0,,,,4.0,3,4.0,4.0,3,,2.0,4.0,,4.0,,,4.0,,,0.0,4.0,4.0,3.0,,,3.0,,4.0,3.0,0.0,4.0,,0.0,,0.0,175,6
,,0.0,,5.0,4.0,4.0,0.0,5.0,2.0,5.0,5.0,5.0,5.0,5.0,3,4.0,,4.0,2,4.0,3.0,,0.0,4.0,,,4.0,5.0,0.0,5.0,5.0,,5.0,0.0,5.0,,,3.0,4.0,3.0,4.0,5.0,0.0,4.0,4.0,5.0,4.0,4.0,5.0,4.0,1.0,5.0,,4.0,5.0,,3.0,4.0,0.0,0.0,2.0,3,4.0,,1,,4.0,5.0,,0.0,5.0,5.0,,,4.0,5.0,0.0,5.0,4.0,5.0,5.0,4.0,,4.0,5.0,5.0,5.0,5.0,,,,176,6
,0.0,4.0,,5.0,5.0,5.0,3.0,5.0,5.0,4.0,4.0,4.0,5.0,5.0,3,4.0,,5.0,2,0.0,4.0,2.0,4.0,5.0,0.0,,0.0,5.0,5.0,,5.0,5.0,5.0,5.0,5.0,,5.0,4.0,5.0,4.0,5.0,5.0,4.0,3.0,0.0,5.0,4.0,1.0,5.0,4.0,,5.0,,5.0,,,5.0,,0.0,,0.0,5,5.0,,1,,4.0,,,5.0,,5.0,,,3.0,5.0,4.0,5.0,4.0,,,4.0,,5.0,5.0,0.0,5.0,0.0,,,0.0,177,6
,,5.0,,2.0,5.0,4.0,5.0,5.0,4.0,5.0,,0.0,5.0,5.0,3,5.0,,,3,5.0,5.0,,,3.0,,,5.0,4.0,0.0,,,,,5.0,4.0,,,0.0,4.0,4.0,4.0,,5.0,4.0,,5.0,4.0,5.0,5.0,4.0,,5.0,0.0,4.0,,,4.0,1.0,4.0,5.0,0.0,0,5.0,,2,,3.0,,,,,0.0,,,,,5.0,,5.0,0.0,5.0,4.0,,4.0,0.0,5.0,,0.0,,,,178,6
,,4.0,3.0,3.0,3.0,3.0,3.0,4.0,4.0,4.0,1.0,4.0,4.0,4.0,1,4.0,2.0,0.0,2,0.0,0.0,4.0,,4.0,4.0,4.0,4.0,,0.0,3.0,0.0,4.0,,4.0,4.0,,2.0,4.0,0.0,3.0,2.0,,4.0,3.0,4.0,3.0,3.0,3.0,,3.0,,,,2.0,4.0,,3.0,2.0,3.0,,2.0,2,3.0,,3,4.0,0.0,4.0,4.0,4.0,0.0,0.0,,,4.0,0.0,4.0,3.0,3.0,4.0,4.0,2.0,4.0,3.0,,4.0,3.0,,,,,179,6
,,,,,4.0,0.0,2.0,,0.0,,,4.0,,4.0,3,0.0,4.0,,3,,4.0,4.0,4.0,3.0,,2.0,,,3.0,0.0,4.0,,,,,,,,3.0,4.0,3.0,,4.0,4.0,4.0,4.0,3.0,3.0,,4.0,,,,2.0,4.0,,4.0,0.0,4.0,,4.0,3,0.0,4.0,1,0.0,2.0,0.0,,4.0,,1.0,,,,3.0,4.0,4.0,4.0,0.0,4.0,4.0,4.0,4.0,,1.0,2.0,0.0,,,,180,6
,,2.0,,1.0,2.0,2.0,3.0,3.0,,3.0,,2.0,0.0,3.0,0,1.0,,3.0,1,1.0,1.0,0.0,2.0,,2.0,,3.0,3.0,,3.0,3.0,,3.0,2.0,0.0,3.0,,2.0,3.0,0.0,3.0,2.0,2.0,2.0,0.0,,3.0,3.0,3.0,2.0,0.0,2.0,,,3.0,,,,3.0,,0.0,3,,0.0,0,,3.0,3.0,,,,,3.0,,3.0,3.0,2.0,1.0,3.0,,,2.0,,,3.0,3.0,,,,,,181,6
,,3.0,,3.0,1.0,3.0,1.0,3.0,,,,3.0,0.0,,1,3.0,2.0,,2,3.0,3.0,,,3.0,,,,,3.0,2.0,,,,,3.0,,,3.0,2.0,0.0,0.0,,3.0,3.0,2.0,3.0,0.0,3.0,,2.0,,,,2.0,,,3.0,3.0,3.0,,3.0,2,2.0,,1,1.0,2.0,2.0,,0.0,3.0,,,,3.0,2.0,0.0,0.0,1.0,,2.0,0.0,,3.0,0.0,,0.0,,,3.0,,182,6
,,3.0,,4.0,4.0,3.0,3.0,1.0,4.0,3.0,4.0,4.0,4.0,4.0,2,4.0,1.0,,3,0.0,4.0,1.0,,3.0,4.0,4.0,4.0,4.0,0.0,3.0,4.0,4.0,,0.0,3.0,,,4.0,0.0,3.0,0.0,3.0,4.0,3.0,4.0,3.0,3.0,2.0,2.0,3.0,3.0,0.0,,0.0,0.0,,3.0,3.0,3.0,4.0,0.0,2,3.0,3.0,2,4.0,2.0,4.0,4.0,4.0,,3.0,,,,4.0,4.0,4.0,3.0,4.0,,3.0,1.0,1.0,0.0,4.0,4.0,,,,,183,6
,3.0,4.0,3.0,,4.0,,0.0,,4.0,4.0,0.0,,4.0,,3,4.0,,0.0,1,4.0,4.0,4.0,2.0,4.0,,0.0,,,4.0,3.0,3.0,,,0.0,4.0,,,,4.0,,3.0,4.0,4.0,3.0,4.0,,4.0,1.0,0.0,0.0,,3.0,,4.0,4.0,,0.0,4.0,4.0,1.0,2.0,4,4.0,3.0,1,,3.0,4.0,,,,4.0,,,,0.0,4.0,,4.0,,3.0,4.0,,,,,4.0,,,,0.0,184,6
,4.0,4.0,,4.0,1.0,0.0,4.0,4.0,0.0,4.0,,0.0,4.0,3.0,0,3.0,2.0,3.0,2,3.0,4.0,,,4.0,0.0,,3.0,1.0,4.0,0.0,4.0,,,4.0,4.0,,,3.0,3.0,3.0,0.0,4.0,2.0,4.0,3.0,4.0,4.0,4.0,,4.0,,,,4.0,,1.0,3.0,3.0,4.0,,4.0,2,4.0,,1,,3.0,3.0,,1.0,0.0,,0.0,0.0,2.0,3.0,3.0,2.0,3.0,,2.0,3.0,,4.0,4.0,4.0,2.0,,,4.0,,185,6
,,3.0,,5.0,3.0,0.0,5.0,1.0,,4.0,5.0,4.0,4.0,5.0,5,0.0,5.0,5.0,2,3.0,4.0,,0.0,,,,4.0,1.0,,5.0,5.0,,5.0,4.0,4.0,5.0,2.0,4.0,5.0,4.0,5.0,3.0,4.0,4.0,4.0,,,3.0,0.0,5.0,,5.0,,,,,,,,0.0,4.0,5,,,3,,5.0,4.0,,0.0,,,5.0,0.0,4.0,5.0,4.0,5.0,3.0,,0.0,4.0,,,4.0,0.0,4.0,,,5.0,0.0,186,6
1.0,,2.0,2.0,0.0,3.0,4.0,5.0,5.0,1.0,5.0,5.0,0.0,0.0,5.0,4,4.0,5.0,5.0,4,4.0,5.0,5.0,3.0,,,,5.0,5.0,0.0,2.0,3.0,0.0,,4.0,5.0,,,5.0,5.0,3.0,5.0,5.0,5.0,4.0,5.0,,5.0,4.0,5.0,5.0,5.0,4.0,,4.0,5.0,0.0,5.0,5.0,,,5.0,4,5.0,,3,4.0,5.0,3.0,,4.0,0.0,5.0,,0.0,4.0,4.0,4.0,0.0,4.0,,4.0,4.0,,5.0,,5.0,4.0,,,0.0,,187,6
,,3.0,,3.0,4.0,4.0,4.0,4.0,,3.0,,3.0,3.0,4.0,1,4.0,,,0,2.0,2.0,,,,0.0,,2.0,3.0,4.0,,,,,4.0,3.0,,,0.0,3.0,3.0,3.0,0.0,3.0,2.0,3.0,0.0,4.0,0.0,4.0,4.0,2.0,3.0,4.0,4.0,,4.0,4.0,4.0,4.0,,4.0,2,4.0,,3,,0.0,4.0,,,,,4.0,,,,4.0,4.0,3.0,3.0,,0.0,,,0.0,3.0,,0.0,,,,188,6
,,3.0,,0.0,3.0,2.0,2.0,3.0,1.0,3.0,2.0,3.0,3.0,0.0,2,1.0,,,3,2.0,,0.0,,,3.0,3.0,0.0,,,,3.0,3.0,,,3.0,,1.0,,,3.0,,,3.0,2.0,,0.0,3.0,0.0,,,,,,,3.0,3.0,,,0.0,,1.0,3,3.0,,2,,3.0,2.0,,,,0.0,,,,3.0,,,3.0,,0.0,3.0,,3.0,,,0.0,,,,,189,6
,,4.0,,4.0,1.0,4.0,4.0,1.0,,,,4.0,4.0,4.0,2,4.0,,,3,4.0,3.0,,,3.0,,,0.0,4.0,,4.0,,,,,4.0,,,4.0,3.0,4.0,0.0,,4.0,3.0,4.0,4.0,1.0,4.0,,3.0,0.0,,,4.0,4.0,0.0,4.0,3.0,0.0,,4.0,3,4.0,,2,0.0,4.0,4.0,,4.0,,,,0.0,0.0,,3.0,4.0,3.0,4.0,4.0,2.0,0.0,4.0,2.0,,3.0,0.0,,3.0,,190,6
,,0.0,,3.0,2.0,3.0,0.0,3.0,3.0,3.0,,0.0,3.0,3.0,1,2.0,,1.0,1,2.0,0.0,,3.0,3.0,,,2.0,3.0,0.0,3.0,3.0,,3.0,3.0,2.0,,,2.0,2.0,2.0,2.0,3.0,0.0,2.0,1.0,3.0,0.0,2.0,3.0,1.0,,1.0,,1.0,,3.0,3.0,3.0,0.0,,3.0,2,3.0,,2,,2.0,1.0,,3.0,,,,,,3.0,0.0,3.0,3.0,3.0,3.0,2.0,,3.0,3.0,0.0,2.0,3.0,,,,191,6
,,4.0,,0.0,0.0,0.0,0.0,4.0,,4.0,0.0,4.0,2.0,4.0,4,3.0,0.0,,2,3.0,,,,,,,4.0,,,0.0,4.0,3.0,,4.0,3.0,,,4.0,3.0,3.0,4.0,,4.0,3.0,4.0,,,4.0,4.0,4.0,,0.0,,1.0,,,,,,,4.0,4,,0.0,1,4.0,4.0,3.0,,0.0,,4.0,,,4.0,2.0,2.0,3.0,4.0,,3.0,3.0,,,,3.0,3.0,1.0,,4.0,,192,6
,,,,,3.0,,4.0,,4.0,,,,,,4,4.0,4.0,,4,,4.0,,,4.0,,,,,3.0,0.0,2.0,,,4.0,,,,,4.0,4.0,3.0,,,,4.0,4.0,3.0,,,0.0,0.0,,0.0,2.0,0.0,,4.0,3.0,4.0,0.0,3.0,3,4.0,0.0,1,,0.0,3.0,,3.0,0.0,,,,2.0,2.0,0.0,2.0,2.0,1.0,1.0,,,2.0,,,3.0,3.0,,4.0,,193,6
,,3.0,,3.0,4.0,4.0,2.0,3.0,4.0,0.0,,4.0,0.0,4.0,3,3.0,,,3,2.0,3.0,4.0,,0.0,,,1.0,0.0,4.0,,3.0,0.0,4.0,4.0,3.0,,,3.0,,3.0,4.0,0.0,2.0,2.0,4.0,,,3.0,3.0,1.0,4.0,0.0,0.0,,4.0,2.0,2.0,,4.0,,4.0,4,,,4,,,4.0,,,0.0,4.0,4.0,,,,4.0,,4.0,,,2.0,,,0.0,4.0,,4.0,,,,194,6
4.0,4.0,3.0,4.0,0.0,3.0,2.0,4.0,4.0,2.0,3.0,,3.0,3.0,3.0,2,3.0,,4.0,1,2.0,2.0,,,3.0,,,4.0,0.0,4.0,4.0,0.0,,4.0,4.0,4.0,,,3.0,3.0,3.0,0.0,4.0,3.0,1.0,0.0,4.0,3.0,4.0,4.0,0.0,4.0,4.0,,4.0,,3.0,1.0,3.0,0.0,4.0,3.0,2,4.0,0.0,2,,3.0,4.0,,,0.0,,4.0,,,3.0,4.0,4.0,3.0,0.0,4.0,3.0,,4.0,,,4.0,,,,,195,6
,,3.0,,0.0,3.0,2.0,3.0,3.0,,,,3.0,0.0,3.0,3,2.0,,1.0,2,2.0,3.0,3.0,3.0,2.0,,3.0,1.0,,,,1.0,1.0,0.0,3.0,2.0,,0.0,3.0,,2.0,3.0,3.0,3.0,2.0,3.0,,3.0,3.0,,3.0,,3.0,,,1.0,2.0,0.0,,,,0.0,3,,,1,,3.0,2.0,,0.0,,2.0,,,,3.0,,,2.0,,3.0,3.0,2.0,,,0.0,0.0,,,1.0,0.0,196,6
0.0,,,,0.0,4.0,3.0,4.0,0.0,,,0.0,4.0,4.0,,3,0.0,,,2,3.0,0.0,0.0,,2.0,,2.0,4.0,4.0,4.0,,3.0,4.0,,4.0,4.0,,,,4.0,4.0,1.0,2.0,4.0,3.0,,,4.0,4.0,4.0,3.0,,4.0,,0.0,4.0,,3.0,4.0,4.0,4.0,2.0,4,,0.0,3,,4.0,,4.0,,,3.0,,,,4.0,,,,,,4.0,,,3.0,,,,0.0,,,197,6
0.0,,3.0,3.0,4.0,4.0,4.0,4.0,0.0,4.0,0.0,3.0,,3.0,1.0,4,4.0,,4.0,3,2.0,3.0,,,,0.0,,0.0,4.0,4.0,,,,,3.0,4.0,,1.0,4.0,3.0,4.0,4.0,4.0,3.0,3.0,0.0,0.0,4.0,4.0,4.0,4.0,,,,4.0,,,,2.0,,0.0,4.0,3,,,3,0.0,4.0,2.0,,,,4.0,,,,,4.0,2.0,1.0,0.0,4.0,4.0,,,,,4.0,,,,,198,6
,,4.0,,4.0,3.0,4.0,2.0,1.0,,3.0,3.0,4.0,2.0,4.0,2,4.0,,4.0,3,3.0,0.0,3.0,,,0.0,4.0,3.0,4.0,,4.0,4.0,4.0,4.0,4.0,4.0,,,4.0,4.0,4.0,4.0,4.0,4.0,0.0,3.0,0.0,4.0,0.0,2.0,4.0,,4.0,,4.0,3.0,0.0,,,,3.0,1.0,4,3.0,,3,,4.0,3.0,4.0,,,4.0,0.0,,,4.0,4.0,4.0,0.0,,4.0,3.0,0.0,,3.0,,0.0,,,2.0,,199,6
